1019,'1907',633,,53000,42,,,0,100,,53001,42,,,0,101,,53002,42,,,0,100,,53003,42,,,0,100,,53004,42,,,0,102,,53005,42,,,0,100,,53006,42,,,0,100,,53007,42,,,0,100,,53008,42,,,0,100,,53009,42,,,0,100,,53010,42,,,0,100,,53011,42,,,0,100,,53012,42,,,0,98,,53013,42,,,0,100,,53014,42,,,0,100,,53015,42,,,0,102,,53016,42,,,0,95,,53017,42,,,0
1019,'1909',603,,53053,42,,,0,35,,53049,42,,,0,71,,53025,42,,,0,33,,53020,42,,,0,70,,53038,42,,,0,30,,53022,42,,,0,71,,53027,42,,,0,32,,53052,42,,,0,70,,53024,42,,,0,30,,53018,42,,,0,70,,53037,42,,,0,30,,53023,42,,,0,70,,53028,42,,,0,30,,53048,42,,,0,70,,53026,42,,,0,30,,53019,42,,,0,70,,53050,42,,,0,31,,53021,42,,,0,70,,53029,42,,,0,30,,53047,42,,,0,70,,53040,42,,,0,30,,53032,42,,,0,70,,53030,42,,,0,28,,53033,42,,,0,68,,53035,42,,,0,30,,53034,42,,,0,70,,53031,42,,,0,25,,53051,42,,,0,70,,53045,42,,,0,28,,53046,42,,,0,70,,53044,42,,,0,30,,53043,42,,,0,70,,53042,42,,,0,30,,53041,42,,,0,70,,53039,42,,,0,30,,53036,42,,,0
1019,'1910',604,,53089,42,,,0,30,,53078,42,,,0,70,,53064,42,,,0,30,,53083,42,,,0,70,,53073,42,,,0,30,,53058,42,,,0,70,,53079,42,,,0,30,,53081,42,,,0,70,,53063,42,,,0,32,,53084,42,,,0,70,,53072,42,,,0,30,,53057,42,,,0,70,,53067,42,,,0,30,,53077,42,,,0,70,,53062,42,,,0,30,,53085,42,,,0,70,,53071,42,,,0,30,,53056,42,,,0,70,,53066,42,,,0,30,,53076,42,,,0,70,,53061,42,,,0,30,,53086,42,,,0,70,,53070,42,,,0,30,,53055,42,,,0,70,,53065,42,,,0,30,,53075,42,,,0,70,,53059,42,,,0,28,,53087,42,,,0,70,,53068,42,,,0,30,,53054,42,,,0,70,,53060,42,,,0,30,,53074,42,,,0,74,,53069,42,,,0,30,,53088,42,,,0,70,,53082,42,,,0,25,,53080,42,,,0
1019,'1911',633,,53090,42,,,0,100,,53091,42,,,0,101,,53092,42,,,0,100,,53093,42,,,0,100,,53094,42,,,0,102,,53095,42,,,0,100,,53096,42,,,0,100,,53097,42,,,0,100,,53098,42,,,0,100,,53099,42,,,0,100,,53100,42,,,0,100,,53101,42,,,0,100,,53102,42,,,0,98,,53103,42,,,0,100,,53104,42,,,0,100,,53105,42,,,0,102,,53106,42,,,0,95,,53107,42,,,0
1019,'1912',633,,53108,42,,,0,100,,53109,42,,,0,101,,53110,42,,,0,100,,53111,42,,,0,100,,53112,42,,,0,102,,53113,42,,,0,100,,53114,42,,,0,100,,53115,42,,,0,100,,53116,42,,,0,100,,53117,42,,,0,100,,53118,42,,,0,100,,53119,42,,,0,100,,53120,42,,,0,98,,53121,42,,,0,100,,53122,42,,,0,100,,53123,42,,,0,102,,53124,42,,,0,95,,53125,42,,,0
7029,'1907',722,,54274,22,,,0,99,,54275,22,,,0,101,,54276,22,,,0,100,,54277,22,,,0,100,,54278,22,,,0,100,,54279,22,,,0,100,,54280,22,,,0,101,,54281,22,,,0,100,,54282,22,,,0,99,,54283,22,,,0,100,,54284,22,,,0,100,,54285,22,,,0,100,,54286,22,,,0,100,,54287,22,,,0,100,,54273,22,,,0
7029,'1909',520,,54343,22,,,0,100,,54313,22,,,0,32,,54314,22,,,0,72,,54315,22,,,0,30,,54316,22,,,0,70,,54317,22,,,0,30,,54318,22,,,0,70,,54319,22,,,0,30,,54320,22,,,0,70,,54321,22,,,0,30,,54322,22,,,0,70,,54323,22,,,0,30,,54324,22,,,0,70,,54309,22,,,0,30,,54310,22,,,0,70,,54311,22,,,0,31,,54308,22,,,0,70,,54307,22,,,0,31,,54312,22,,,0,69,,54325,22,,,0,30,,54326,22,,,0,70,,54327,22,,,0,29,,54328,22,,,0,70,,54329,22,,,0,30,,54330,22,,,0,70,,54331,22,,,0,30,,54332,22,,,0,70,,54333,22,,,0,30,,54334,22,,,0,70,,54335,22,,,0,99,,54336,22,,,0,99,,54337,22,,,0,100,,54344,22,,,0
7029,'1910',623,,54376,11,,,0,29,,54345,22,,,0,70,,54359,22,,,0,30,,54346,22,,,0,71,,54360,22,,,0,30,,54347,22,,,0,70,,54361,22,,,0,30,,54348,22,,,0,70,,54362,22,,,0,30,,54349,22,,,0,70,,54363,22,,,0,30,,54350,22,,,0,70,,54364,22,,,0,30,,54351,22,,,0,70,,54365,22,,,0,30,,54352,22,,,0,70,,54366,22,,,0,30,,54353,22,,,0,70,,54367,22,,,0,30,,54354,22,,,0,70,,54368,22,,,0,30,,54355,22,,,0,70,,54369,22,,,0,30,,54356,22,,,0,70,,54370,22,,,0,30,,54357,22,,,0,70,,54371,22,,,0,30,,54358,22,,,0,69,,54372,22,,,0,100,,54373,22,,,0,100,,54374,22,,,0,100,,54375,22,,,0
7029,'1911',722,,54382,22,,,0,99,,54383,22,,,0,101,,54384,22,,,0,100,,54385,22,,,0,100,,54386,22,,,0,100,,54387,22,,,0,100,,54388,22,,,0,101,,54389,22,,,0,100,,54390,22,,,0,99,,54391,22,,,0,100,,54392,22,,,0,100,,54393,22,,,0,100,,54394,22,,,0,100,,54395,22,,,0,100,,54381,22,,,0
7029,'1912',722,,54416,22,,,0,99,,54417,22,,,0,101,,54418,22,,,0,100,,54419,22,,,0,100,,54420,22,,,0,100,,54421,22,,,0,100,,54422,22,,,0,101,,54423,22,,,0,100,,54424,22,,,0,99,,54425,22,,,0,100,,54426,22,,,0,100,,54427,22,,,0,100,,54428,22,,,0,100,,54429,22,,,0,100,,54415,22,,,0
