1029,'1907',605,,53126,20,,,0,98,,53127,20,,,0,100,,53128,20,,,0,101,,53129,20,,,0,101,,53130,20,,,0,100,,53131,20,,,0,100,,53132,20,,,0,100,,53133,20,,,0,100,,53134,20,,,0,100,,53135,20,,,0,99,,53136,20,,,0,100,,53137,20,,,0,100,,53138,20,,,0,100,,53139,20,,,0,100,,53140,20,,,0,100,,53141,20,,,0,99,,53142,20,,,0,99,,53143,20,,,0
1029,'1909',603,,53153,20,,,0,35,,53154,20,,,0,66,,53174,20,,,0,30,,53150,20,,,0,70,,53145,20,,,0,30,,53178,20,,,0,73,,53148,20,,,0,30,,53155,20,,,0,70,,53173,20,,,0,30,,53152,20,,,0,70,,53144,20,,,0,30,,53177,20,,,0,70,,53149,20,,,0,30,,53156,20,,,0,70,,53172,20,,,0,30,,53151,20,,,0,70,,53146,20,,,0,30,,53175,20,,,0,71,,53147,20,,,0,30,,53157,20,,,0,70,,53171,20,,,0,30,,53160,20,,,0,70,,53159,20,,,0,29,,53158,20,,,0,67,,53164,20,,,0,30,,53163,20,,,0,70,,53162,20,,,0,30,,53161,20,,,0,70,,53176,20,,,0,29,,53170,20,,,0,70,,53169,20,,,0,30,,53168,20,,,0,70,,53167,20,,,0,30,,53166,20,,,0,25,,53165,20,,,0
1029,'1910',605,,53184,20,,,0,28,,53196,20,,,0,70,,53203,20,,,0,30,,53191,20,,,0,70,,53212,20,,,0,30,,53200,20,,,0,71,,53183,20,,,0,29,,53195,20,,,0,70,,53206,20,,,0,30,,53190,20,,,0,70,,53213,20,,,0,30,,53199,20,,,0,70,,53182,20,,,0,30,,53194,20,,,0,70,,53205,20,,,0,30,,53189,20,,,0,70,,53185,20,,,0,30,,53198,20,,,0,70,,53181,20,,,0,30,,53193,20,,,0,70,,53201,20,,,0,30,,53188,20,,,0,70,,53210,20,,,0,30,,53197,20,,,0,69,,53180,20,,,0,31,,53192,20,,,0,70,,53204,20,,,0,30,,53186,20,,,0,70,,53208,20,,,0,30,,53207,20,,,0,70,,53179,20,,,0,30,,53187,20,,,0,70,,53202,20,,,0,30,,53211,20,,,0,70,,53209,20,,,0
1029,'1911',605,,53214,20,,,0,98,,53215,20,,,0,100,,53216,20,,,0,101,,53217,20,,,0,101,,53218,20,,,0,100,,53219,20,,,0,100,,53220,20,,,0,100,,53221,20,,,0,100,,53222,20,,,0,100,,53223,20,,,0,99,,53224,20,,,0,100,,53225,20,,,0,100,,53226,20,,,0,100,,53227,20,,,0,100,,53228,20,,,0,100,,53229,20,,,0,99,,53230,20,,,0,99,,53231,20,,,0
1029,'1912',605,,53232,20,,,0,98,,53233,20,,,0,100,,53234,20,,,0,101,,53235,20,,,0,101,,53236,20,,,0,100,,53237,20,,,0,100,,53238,20,,,0,100,,53239,20,,,0,100,,53240,20,,,0,100,,53241,20,,,0,99,,53242,20,,,0,100,,53243,20,,,0,100,,53244,20,,,0,100,,53245,20,,,0,100,,53246,20,,,0,100,,53247,20,,,0,99,,53248,20,,,0,99,,53249,20,,,0
22019,'1907',650,,55639,6,0,19 2 36 26,0,100,,55638,6,0,19 2 36 26,0,100,,55632,8,,,0,93,,55633,8,,,0,100,,55626,8,,,0,100,,55631,8,,,0,100,,55627,8,,,0,100,,55628,8,,,0,100,,55625,8,,,0,100,,55629,8,,,0,100,,55630,8,,,0,100,,55634,6,0,19 2 36 26,0,100,,55635,6,0,19 2 36 26,0,100,,55636,6,0,19 2 36 26,0,108,,55637,6,0,19 2 36 26,0
22019,'1909',556,,55670,6,0,19 2 36 26,0,92,,55640,6,0,19 2 36 26,0,70,,55641,6,0,19 2 36 26,0,35,,55642,8,,,0,70,,55643,8,,,0,32,,55644,8,,,0,69,,55645,8,,,0,30,,55646,8,,,0,70,,55647,8,,,0,30,,55648,8,,,0,70,,55649,8,,,0,30,,55650,8,,,0,70,,55651,8,,,0,30,,55652,8,,,0,70,,55653,8,,,0,30,,55654,8,,,0,70,,55655,8,,,0,32,,55656,8,,,0,69,,55657,8,,,0,29,,55669,8,,,0,70,,55658,8,,,0,29,,55659,8,,,0,68,,55660,8,,,0,29,,55661,8,,,0,69,,55662,8,,,0,30,,55663,8,,,0,70,,55664,8,,,0,30,,55665,8,,,0,69,,55666,8,,,0,30,,55667,8,,,0,68,,55668,6,0,19 2 36 26,0
22019,'1910',622,,55701,6,0,19 2 36 26,0,23,,55694,6,0,19 2 36 26,0,70,,55690,6,0,19 2 36 26,0,30,,55695,6,0,19 2 36 26,0,70,,55691,6,0,19 2 36 26,0,31,,55671,8,,,0,72,,55672,8,,,0,30,,55673,8,,,0,70,,55674,8,,,0,30,,55675,8,,,0,70,,55676,8,,,0,30,,55677,8,,,0,70,,55678,8,,,0,31,,55679,8,,,0,70,,55680,8,,,0,30,,55681,8,,,0,70,,55682,8,,,0,31,,55683,8,,,0,70,,55684,8,,,0,30,,55685,8,,,0,70,,55686,8,,,0,29,,55687,8,,,0,70,,55688,8,,,0,29,,55696,6,0,19 2 36 26,0,70,,55692,6,0,19 2 36 26,0,30,,55697,6,0,19 2 36 26,0,68,,55689,6,0,19 2 36 26,0,30,,55698,6,0,19 2 36 26,0,69,,55693,6,0,19 2 36 26,0,30,,55699,6,0,19 2 36 26,0,70,,55700,6,0,19 2 36 26,0
22019,'1911',650,,55716,6,0,19 2 36 26,0,100,,55715,6,0,19 2 36 26,0,100,,55709,8,,,0,93,,55710,8,,,0,100,,55703,8,,,0,100,,55708,8,,,0,100,,55704,8,,,0,100,,55705,8,,,0,100,,55702,8,,,0,100,,55706,8,,,0,100,,55707,8,,,0,100,,55711,6,0,19 2 36 26,0,100,,55712,6,0,19 2 36 26,0,100,,55713,6,0,19 2 36 26,0,108,,55714,6,0,19 2 36 26,0
22019,'1912',650,,55731,6,0,19 2 36 26,0,100,,55730,6,0,19 2 36 26,0,100,,55724,8,,,0,93,,55725,8,,,0,100,,55718,8,,,0,100,,55723,8,,,0,100,,55719,8,,,0,100,,55720,8,,,0,100,,55717,8,,,0,100,,55721,8,,,0,100,,55722,8,,,0,100,,55726,6,0,19 2 36 26,0,100,,55727,6,0,19 2 36 26,0,100,,55728,6,0,19 2 36 26,0,108,,55729,6,0,19 2 36 26,0
