4029,'1907',719,,53738,3,,,0,30,,53740,3,,,0,70,,53736,3,,,0,30,,53739,3,,,0,70,,53737,3,,,0,30,,53729,3,,,0,69,,53732,3,,,0,30,,53717,3,,,0,70,,53722,3,,,0,30,,53725,3,,,0,68,,53728,3,,,0,30,,53730,3,,,0,70,,53718,3,,,0,30,,53721,3,,,0,70,,53724,3,,,0,30,,53727,3,,,0,70,,53731,3,,,0,30,,53719,3,,,0,70,,53720,3,,,0,30,,53723,3,,,0,70,,53726,3,,,0,30,,53744,3,,,0,70,,53743,3,,,0,34,,53745,3,,,0,70,,53742,3,,,0,30,,53735,3,,,0,70,,53741,3,,,0,30,,53733,3,,,0,100,,53734,3,,,0
4029,'1909',619,,53746,3,,,0,30,,53747,3,,,0,72,,53748,3,,,0,24,,53749,3,,,0,76,,53750,3,,,0,24,,53751,3,,,0,71,,53752,3,,,0,30,,53753,3,,,0,70,,53754,3,,,0,30,,53755,3,,,0,70,,53756,3,,,0,30,,53757,3,,,0,70,,53758,3,,,0,30,,53759,3,,,0,70,,53760,3,,,0,30,,53761,3,,,0,70,,53762,3,,,0,35,,53763,3,,,0,65,,53764,3,,,0,36,,53765,3,,,0,64,,53766,3,,,0,36,,53767,3,,,0,64,,53768,3,,,0,36,,53769,3,,,0,67,,53770,3,,,0,29,,53771,3,,,0,70,,53772,3,,,0,30,,53773,3,,,0,71,,53774,3,,,0,30,,53775,3,,,0,70,,53776,3,,,0,30,,53777,3,,,0
4029,'1910',621,,53802,3,,,0,28,,53803,3,,,0,70,,53804,3,,,0,30,,53805,3,,,0,70,,53806,3,,,0,30,,53807,3,,,0,70,,53808,3,,,0,30,,53795,3,,,0,67,,53789,3,,,0,30,,53782,3,,,0,70,,53793,3,,,0,30,,53799,3,,,0,70,,53794,3,,,0,30,,53781,3,,,0,70,,53786,3,,,0,30,,53797,3,,,0,70,,53780,3,,,0,30,,53796,3,,,0,70,,53791,3,,,0,30,,53783,3,,,0,70,,53778,3,,,0,30,,53798,3,,,0,70,,53801,3,,,0,30,,53792,3,,,0,70,,53787,3,,,0,30,,53809,3,,,0,72,,53784,3,,,0,30,,53779,3,,,0,72,,53785,3,,,0,30,,53790,3,,,0,70,,53800,3,,,0,30,,53788,3,,,0
4029,'1911',719,,53831,3,,,0,30,,53833,3,,,0,70,,53829,3,,,0,30,,53832,3,,,0,70,,53830,3,,,0,30,,53822,3,,,0,69,,53825,3,,,0,30,,53810,3,,,0,70,,53815,3,,,0,30,,53818,3,,,0,68,,53821,3,,,0,30,,53823,3,,,0,70,,53811,3,,,0,30,,53814,3,,,0,70,,53817,3,,,0,30,,53820,3,,,0,70,,53824,3,,,0,30,,53812,3,,,0,70,,53813,3,,,0,30,,53816,3,,,0,70,,53819,3,,,0,30,,53837,3,,,0,70,,53836,3,,,0,34,,53838,3,,,0,70,,53835,3,,,0,30,,53828,3,,,0,70,,53834,3,,,0,30,,53826,3,,,0,100,,53827,3,,,0
4029,'1912',719,,53860,3,,,0,30,,53862,3,,,0,70,,53858,3,,,0,30,,53861,3,,,0,70,,53859,3,,,0,30,,53851,3,,,0,69,,53854,3,,,0,30,,53839,3,,,0,70,,53844,3,,,0,30,,53847,3,,,0,68,,53850,3,,,0,30,,53852,3,,,0,70,,53840,3,,,0,30,,53843,3,,,0,70,,53846,3,,,0,30,,53849,3,,,0,70,,53853,3,,,0,30,,53841,3,,,0,70,,53842,3,,,0,30,,53845,3,,,0,70,,53848,3,,,0,30,,53866,3,,,0,70,,53865,3,,,0,34,,53867,3,,,0,70,,53864,3,,,0,30,,53857,3,,,0,70,,53863,3,,,0,30,,53855,3,,,0,100,,53856,3,,,0
7029,'1907',634,,54296,3,0,13 33,0,70,,54274,3,,,0,100,,54275,3,,,0,30,,54305,3,0,13 33,0,70,,54276,3,,,0,30,,54298,3,0,13 33,0,70,,54277,3,,,0,30,,54293,3,0,13 33,0,70,,54278,3,,,0,30,,54302,3,0,13 33,0,71,,54279,3,,,0,30,,54292,3,0,13 33,0,70,,54280,3,,,0,30,,54301,3,0,13 33,0,70,,54281,3,,,0,30,,54291,3,0,13 33,0,70,,54282,3,,,0,30,,54297,3,0,13 33,0,70,,54283,3,,,0,30,,54290,3,0,13 33,0,70,,54284,3,,,0,30,,54299,3,0,13 33,0,69,,54285,3,,,0,30,,54289,3,0,13 33,0,70,,54286,3,,,0,30,,54300,3,0,13 33,0,70,,54287,3,,,0,30,,54294,3,0,13 33,0,70,,54273,3,,,0,30,,54295,3,0,13 33,0,70,,54306,3,0,13 33,0,30,,54304,3,0,13 33,0,70,,54303,3,0,13 33,0,29,,54288,3,0,13 33,0
7029,'1909',504,,54343,3,,,0,35,,54342,3,0,13 33,0,65,,54313,3,,,0,30,,54314,3,,,0,71,,54315,3,,,0,30,,54316,3,,,0,70,,54317,3,,,0,30,,54318,3,,,0,70,,54319,3,,,0,30,,54320,3,,,0,70,,54321,3,,,0,30,,54322,3,,,0,70,,54323,3,,,0,30,,54324,3,,,0,70,,54309,3,,,0,30,,54310,3,,,0,70,,54311,3,,,0,30,,54308,3,,,0,70,,54307,3,,,0,30,,54312,3,,,0,70,,54325,3,,,0,30,,54326,3,,,0,70,,54327,3,,,0,30,,54328,3,,,0,70,,54329,3,,,0,30,,54330,3,,,0,70,,54331,3,,,0,30,,54332,3,,,0,70,,54333,3,,,0,30,,54334,3,,,0,70,,54335,3,,,0,29,,54341,3,0,13 33,0,70,,54336,3,,,0,30,,54338,3,0,13 33,0,70,,54337,3,,,0,30,,54340,3,0,13 33,0,70,,54344,3,,,0,30,,54339,3,0,13 33,0
7029,'1910',635,,54345,3,,,0,70,,54359,3,,,0,30,,54346,3,,,0,69,,54360,3,,,0,30,,54347,3,,,0,70,,54361,3,,,0,30,,54348,3,,,0,71,,54362,3,,,0,30,,54349,3,,,0,70,,54363,3,,,0,30,,54350,3,,,0,70,,54364,3,,,0,30,,54351,3,,,0,70,,54365,3,,,0,30,,54352,3,,,0,70,,54366,3,,,0,30,,54353,3,,,0,70,,54367,3,,,0,30,,54354,3,,,0,70,,54368,3,,,0,30,,54355,3,,,0,70,,54369,3,,,0,30,,54356,3,,,0,70,,54370,3,,,0,30,,54357,3,,,0,69,,54371,3,,,0,30,,54358,3,,,0,70,,54372,3,,,0,30,,54380,3,0,13 33,0,70,,54373,3,,,0,30,,54379,3,0,13 33,0,70,,54374,3,,,0,30,,54378,3,0,13 33,0,70,,54375,3,,,0,30,,54377,3,0,13 33,0
7029,'1911',634,,54404,3,0,13 33,0,70,,54382,3,,,0,100,,54383,3,,,0,30,,54413,3,0,13 33,0,70,,54384,3,,,0,30,,54406,3,0,13 33,0,70,,54385,3,,,0,30,,54401,3,0,13 33,0,70,,54386,3,,,0,30,,54410,3,0,13 33,0,71,,54387,3,,,0,30,,54400,3,0,13 33,0,70,,54388,3,,,0,30,,54409,3,0,13 33,0,70,,54389,3,,,0,30,,54399,3,0,13 33,0,70,,54390,3,,,0,30,,54405,3,0,13 33,0,70,,54391,3,,,0,30,,54398,3,0,13 33,0,70,,54392,3,,,0,30,,54407,3,0,13 33,0,69,,54393,3,,,0,30,,54397,3,0,13 33,0,70,,54394,3,,,0,30,,54408,3,0,13 33,0,70,,54395,3,,,0,30,,54402,3,0,13 33,0,70,,54381,3,,,0,30,,54403,3,0,13 33,0,70,,54414,3,0,13 33,0,30,,54412,3,0,13 33,0,70,,54411,3,0,13 33,0,29,,54396,3,0,13 33,0
7029,'1912',634,,54438,3,0,13 33,0,70,,54416,3,,,0,100,,54417,3,,,0,30,,54447,3,0,13 33,0,70,,54418,3,,,0,30,,54440,3,0,13 33,0,70,,54419,3,,,0,30,,54435,3,0,13 33,0,70,,54420,3,,,0,30,,54444,3,0,13 33,0,71,,54421,3,,,0,30,,54434,3,0,13 33,0,70,,54422,3,,,0,30,,54443,3,0,13 33,0,70,,54423,3,,,0,30,,54433,3,0,13 33,0,70,,54424,3,,,0,30,,54439,3,0,13 33,0,70,,54425,3,,,0,30,,54432,3,0,13 33,0,70,,54426,3,,,0,30,,54441,3,0,13 33,0,69,,54427,3,,,0,30,,54431,3,0,13 33,0,70,,54428,3,,,0,30,,54442,3,0,13 33,0,70,,54429,3,,,0,30,,54436,3,0,13 33,0,70,,54415,3,,,0,30,,54437,3,0,13 33,0,70,,54448,3,0,13 33,0,30,,54446,3,0,13 33,0,70,,54445,3,0,13 33,0,29,,54430,3,0,13 33,0
13019,'1907',803,,54917,10,,,0,100,,54904,10,,,0,100,,54905,10,,,0,101,,54906,10,,,0,101,,54907,10,,,0,101,,54908,10,,,0,100,,54909,10,,,0,100,,54910,10,,,0,100,,54911,10,,,0,98,,54912,10,,,0,99,,54913,10,,,0,100,,54914,10,,,0,100,,54915,10,,,0,100,,54916,10,,,0,100,,54903,10,,,0
13019,'1909',615,,54918,10,,,0,30,,54919,10,,,0,69,,54920,10,,,0,30,,54921,10,,,0,96,,54922,10,,,0,101,,54923,10,,,0,100,,54924,10,,,0,100,,54925,10,,,0,100,,54926,10,,,0,100,,54927,10,,,0,70,,54928,10,,,0,32,,54929,10,,,0,70,,54930,10,,,0,30,,54941,10,,,0,70,,54931,10,,,0,30,,54938,10,,,0,70,,54932,10,,,0,28,,54939,10,,,0,100,,54940,10,,,0,100,,54937,10,,,0,99,,54936,10,,,0,98,,54935,10,,,0,100,,54934,10,,,0
13019,'1910',703,,54942,10,,,0,100,,54943,10,,,0,100,,54944,10,,,0,100,,54945,10,,,0,104,,54946,10,,,0,100,,54947,10,,,0,100,,54948,10,,,0,100,,54949,10,,,0,100,,54950,10,,,0,100,,54951,10,,,0,99,,54952,10,,,0,99,,54953,10,,,0,99,,54954,10,,,0,99,,54955,10,,,0,100,,54956,10,,,0,200,,54957,10,,,0
13019,'1911',803,,54972,10,,,0,100,,54959,10,,,0,100,,54960,10,,,0,101,,54961,10,,,0,101,,54962,10,,,0,101,,54963,10,,,0,100,,54964,10,,,0,100,,54965,10,,,0,100,,54966,10,,,0,98,,54967,10,,,0,99,,54968,10,,,0,100,,54969,10,,,0,100,,54970,10,,,0,100,,54971,10,,,0,100,,54958,10,,,0
13019,'1912',803,,54987,10,,,0,100,,54974,10,,,0,100,,54975,10,,,0,101,,54976,10,,,0,101,,54977,10,,,0,101,,54978,10,,,0,100,,54979,10,,,0,100,,54980,10,,,0,100,,54981,10,,,0,98,,54982,10,,,0,99,,54983,10,,,0,100,,54984,10,,,0,100,,54985,10,,,0,100,,54986,10,,,0,100,,54973,10,,,0
501019,'1907',607,,56185,2,,,0,30,,56199,2,,,0,67,,56184,2,,,0,30,,56198,2,,,0,70,,56187,2,,,0,30,,56200,2,,,0,70,,56188,2,,,0,30,,56197,2,,,0,70,,56176,2,,,0,30,,56189,2,,,0,71,,56175,2,,,0,30,,56190,2,,,0,70,,56178,2,,,0,30,,56191,2,,,0,70,,56174,2,,,0,30,,56196,2,,,0,70,,56173,2,,,0,30,,56195,2,,,0,70,,56172,2,,,0,30,,56192,2,,,0,70,,56171,2,,,0,30,,56194,2,,,0,70,,56177,2,,,0,30,,56193,2,,,0,70,,56186,2,,,0,30,,56201,2,,,0,70,,56183,2,,,0,30,,56204,2,,,0,69,,56182,2,,,0,30,,56170,2,,,0,70,,56181,2,,,0,30,,56202,2,,,0,70,,56180,2,,,0,30,,56203,2,,,0,70,,56179,2,,,0
501019,'1909',604,,56206,2,,,0,30,,56207,2,,,0,75,,56208,2,,,0,24,,56209,2,,,0,24,,56210,2,,,0,52,,56211,2,,,0,24,,56212,2,,,0,22,,56213,2,,,0,51,,56214,2,,,0,30,,56215,2,,,0,70,,56216,2,,,0,30,,56217,2,,,0,70,,56218,2,,,0,30,,56219,2,,,0,70,,56220,2,,,0,30,,56221,2,,,0,70,,56222,2,,,0,30,,56223,2,,,0,70,,56224,2,,,0,26,,56225,2,,,0,12,,56226,2,,,0,62,,56227,2,,,0,24,,56228,2,,,0,12,,56229,2,,,0,64,,56230,2,,,0,24,,56231,2,,,0,12,,56232,2,,,0,64,,56233,2,,,0,23,,56234,2,,,0,12,,56235,2,,,0,66,,56236,2,,,0,28,,56237,2,,,0,70,,56238,2,,,0,30,,56239,2,,,0,70,,56240,2,,,0,30,,56241,2,,,0,69,,56242,2,,,0,30,,56243,2,,,0,70,,56244,2,,,0,30,,56245,2,,,0,70,,56246,2,,,0
501019,'1910',607,,56256,2,,,0,30,,56259,2,,,0,67,,56255,2,,,0,30,,56258,2,,,0,70,,56254,2,,,0,30,,56260,2,,,0,70,,56253,2,,,0,30,,56257,2,,,0,71,,56266,2,,,0,31,,56276,2,,,0,70,,56267,2,,,0,30,,56277,2,,,0,70,,56268,2,,,0,30,,56278,2,,,0,70,,56269,2,,,0,30,,56279,2,,,0,70,,56270,2,,,0,30,,56280,2,,,0,70,,56271,2,,,0,30,,56281,2,,,0,70,,56272,2,,,0,30,,56274,2,,,0,70,,56273,2,,,0,30,,56275,2,,,0,70,,56252,2,,,0,29,,56265,2,,,0,69,,56251,2,,,0,30,,56263,2,,,0,70,,56250,2,,,0,30,,56264,2,,,0,70,,56249,2,,,0,30,,56261,2,,,0,70,,56248,2,,,0,30,,56262,2,,,0,70,,56247,2,,,0
501019,'1911',607,,56297,2,,,0,30,,56311,2,,,0,67,,56296,2,,,0,30,,56310,2,,,0,70,,56299,2,,,0,30,,56312,2,,,0,70,,56300,2,,,0,30,,56309,2,,,0,70,,56288,2,,,0,30,,56301,2,,,0,71,,56287,2,,,0,30,,56302,2,,,0,70,,56290,2,,,0,30,,56303,2,,,0,70,,56286,2,,,0,30,,56308,2,,,0,70,,56285,2,,,0,30,,56307,2,,,0,70,,56284,2,,,0,30,,56304,2,,,0,70,,56283,2,,,0,30,,56306,2,,,0,70,,56289,2,,,0,30,,56305,2,,,0,70,,56298,2,,,0,30,,56313,2,,,0,70,,56295,2,,,0,30,,56316,2,,,0,69,,56294,2,,,0,30,,56282,2,,,0,70,,56293,2,,,0,30,,56314,2,,,0,70,,56292,2,,,0,30,,56315,2,,,0,70,,56291,2,,,0
501019,'1912',607,,56332,2,,,0,30,,56346,2,,,0,67,,56331,2,,,0,30,,56345,2,,,0,70,,56334,2,,,0,30,,56347,2,,,0,70,,56335,2,,,0,30,,56344,2,,,0,70,,56323,2,,,0,30,,56336,2,,,0,71,,56322,2,,,0,30,,56337,2,,,0,70,,56325,2,,,0,30,,56338,2,,,0,70,,56321,2,,,0,30,,56343,2,,,0,70,,56320,2,,,0,30,,56342,2,,,0,70,,56319,2,,,0,30,,56339,2,,,0,70,,56318,2,,,0,30,,56341,2,,,0,70,,56324,2,,,0,30,,56340,2,,,0,70,,56333,2,,,0,30,,56348,2,,,0,70,,56330,2,,,0,30,,56351,2,,,0,69,,56329,2,,,0,30,,56317,2,,,0,70,,56328,2,,,0,30,,56349,2,,,0,70,,56327,2,,,0,30,,56350,2,,,0,70,,56326,2,,,0
14000001019,'1907',2357,,58765,5,,,0,70,,58764,5,,,0,30,,58763,5,,,0,70,,58766,5,,,0,30,,58767,5,,,0
14000001019,'1909',2357,,58771,5,,,0,70,,58768,5,,,0,30,,58769,5,,,0,70,,58770,5,,,0,30,,58772,5,,,0
14000001019,'1910',2357,,58776,5,,,0,70,,58773,5,,,0,30,,58775,5,,,0,70,,58774,5,,,0,30,,58777,5,,,0
14000001019,'1911',2357,,58780,5,,,0,70,,58779,5,,,0,30,,58778,5,,,0,70,,58781,5,,,0,30,,58782,5,,,0
14000001019,'1912',2357,,58785,5,,,0,70,,58784,5,,,0,30,,58783,5,,,0,70,,58786,5,,,0,30,,58787,5,,,0
