1029,'1907',625,,58968,47,,,0,100,,58969,47,,,0,100,,58970,47,,,0,102,,58971,47,,,0,100,,58972,47,,,0,100,,58973,47,,,0,100,,58974,47,,,0,100,,58975,47,,,0,100,,58976,47,,,0,100,,58977,47,,,0,100,,58978,47,,,0,100,,58979,47,,,0,100,,58980,47,,,0,100,,58981,47,,,0,100,,58982,47,,,0,100,,58983,47,,,0,100,,58984,47,,,0,95,,58985,47,,,0
1029,'1909',625,,58995,47,,,0,75,,58996,47,,,0,32,,59016,47,,,0,70,,58992,47,,,0,30,,58987,47,,,0,71,,59020,47,,,0,30,,58990,47,,,0,70,,58997,47,,,0,30,,59015,47,,,0,70,,58994,47,,,0,30,,58986,47,,,0,70,,59019,47,,,0,30,,58991,47,,,0,70,,58998,47,,,0,30,,59014,47,,,0,70,,58993,47,,,0,31,,58988,47,,,0,71,,59017,47,,,0,32,,58989,47,,,0,70,,58999,47,,,0,30,,59013,47,,,0,70,,59002,47,,,0,29,,59001,47,,,0,67,,59000,47,,,0,25,,59006,47,,,0,30,,59005,47,,,0,70,,59004,47,,,0,30,,59003,47,,,0,69,,59018,47,,,0,30,,59012,47,,,0,70,,59011,47,,,0,30,,59010,47,,,0,70,,59009,47,,,0,30,,59008,47,,,0,65,,59007,47,,,0
1029,'1910',625,,59026,47,,,0,30,,59038,47,,,0,70,,59045,47,,,0,30,,59033,47,,,0,70,,59054,47,,,0,30,,59042,47,,,0,72,,59025,47,,,0,30,,59037,47,,,0,70,,59048,47,,,0,30,,59032,47,,,0,70,,59055,47,,,0,30,,59041,47,,,0,70,,59024,47,,,0,30,,59036,47,,,0,70,,59047,47,,,0,30,,59031,47,,,0,70,,59027,47,,,0,30,,59040,47,,,0,70,,59023,47,,,0,30,,59035,47,,,0,70,,59043,47,,,0,30,,59030,47,,,0,70,,59052,47,,,0,30,,59039,47,,,0,69,,59022,47,,,0,31,,59034,47,,,0,70,,59046,47,,,0,30,,59028,47,,,0,70,,59050,47,,,0,30,,59049,47,,,0,70,,59021,47,,,0,30,,59029,47,,,0,70,,59044,47,,,0,30,,59053,47,,,0,69,,59051,47,,,0
1029,'1912',625,,59056,47,,,0,100,,59057,47,,,0,100,,59058,47,,,0,102,,59059,47,,,0,100,,59060,47,,,0,100,,59061,47,,,0,100,,59062,47,,,0,100,,59063,47,,,0,100,,59064,47,,,0,100,,59065,47,,,0,100,,59066,47,,,0,100,,59067,47,,,0,100,,59068,47,,,0,100,,59069,47,,,0,100,,59070,47,,,0,100,,59071,47,,,0,100,,59072,47,,,0,95,,59073,47,,,0
1029,'1924',625,,59074,47,,,0,100,,59075,47,,,0,100,,59076,47,,,0,102,,59077,47,,,0,100,,59078,47,,,0,100,,59079,47,,,0,100,,59080,47,,,0,100,,59081,47,,,0,100,,59082,47,,,0,100,,59083,47,,,0,100,,59084,47,,,0,100,,59085,47,,,0,100,,59086,47,,,0,100,,59087,47,,,0,100,,59088,47,,,0,100,,59089,47,,,0,100,,59090,47,,,0,95,,59091,47,,,0
1029,'1925',625,,59092,47,,,0,100,,59093,47,,,0,100,,59094,47,,,0,102,,59095,47,,,0,100,,59096,47,,,0,100,,59097,47,,,0,100,,59098,47,,,0,100,,59099,47,,,0,100,,59100,47,,,0,100,,59101,47,,,0,100,,59102,47,,,0,100,,59103,47,,,0,100,,59104,47,,,0,100,,59105,47,,,0,100,,59106,47,,,0,100,,59107,47,,,0,100,,59108,47,,,0,95,,59109,47,,,0
2029,'1907',640,,59290,44,,,0,71,,59298,44,,,0,31,,59309,44,,,0,70,,59304,44,,,0,30,,59291,44,,,0,70,,59299,44,,,0,30,,59310,44,,,0,70,,59305,44,,,0,30,,59292,44,,,0,70,,59300,44,,,0,30,,59311,44,,,0,70,,59306,44,,,0,30,,59293,44,,,0,70,,59301,44,,,0,30,,59312,44,,,0,70,,59307,44,,,0,30,,59294,44,,,0,70,,59302,44,,,0,30,,59313,44,,,0,70,,59308,44,,,0,30,,59295,44,,,0,70,,59303,44,,,0,30,,59314,44,,,0,100,,59296,44,,,0,99,,59315,44,,,0,100,,59297,44,,,0,101,,59316,44,,,0,100,,59289,44,,,0
2029,'1909',545,,59338,29,,,0,65,,59321,44,,,0,30,,59322,44,,,0,72,,59323,44,,,0,30,,59324,44,,,0,71,,59325,44,,,0,30,,59326,44,,,0,70,,59327,44,,,0,30,,59328,44,,,0,70,,59329,44,,,0,30,,59352,44,,,0,70,,59348,44,,,0,30,,59354,44,,,0,70,,59350,44,,,0,30,,59351,44,,,0,70,,59347,44,,,0,30,,59353,44,,,0,70,,59349,44,,,0,32,,59355,44,,,0,71,,59330,44,,,0,34,,59331,44,,,0,70,,59332,44,,,0,30,,59333,44,,,0,70,,59334,44,,,0,27,,59335,44,,,0,66,,59336,44,,,0,29,,59337,44,,,0,70,,59341,44,,,0,30,,59342,44,,,0,100,,59343,44,,,0,100,,59344,44,,,0,100,,59340,44,,,0
2029,'1910',610,,59387,44,0,5 2 15 16 17,0,30,,59370,44,,,0,69,,59377,44,,,0,31,,59356,44,,,0,70,,59362,44,,,0,30,,59371,44,,,0,72,,59378,44,,,0,30,,59357,44,,,0,70,,59363,44,,,0,30,,59372,44,,,0,70,,59379,44,,,0,30,,59358,44,,,0,70,,59364,44,,,0,30,,59373,44,,,0,70,,59380,44,,,0,30,,59359,44,,,0,70,,59365,44,,,0,30,,59374,44,,,0,70,,59381,44,,,0,30,,59360,44,,,0,70,,59366,44,,,0,30,,59375,44,,,0,70,,59382,44,,,0,30,,59361,44,,,0,70,,59367,44,,,0,30,,59376,44,,,0,70,,59383,44,,,0,30,,59368,44,,,0,100,,59384,44,,,0,100,,59369,44,,,0,100,,59385,44,,,0
2029,'1912',640,,59391,44,,,0,71,,59399,44,,,0,31,,59410,44,,,0,70,,59405,44,,,0,30,,59392,44,,,0,70,,59400,44,,,0,30,,59411,44,,,0,70,,59406,44,,,0,30,,59393,44,,,0,70,,59401,44,,,0,30,,59412,44,,,0,70,,59407,44,,,0,30,,59394,44,,,0,70,,59402,44,,,0,30,,59413,44,,,0,70,,59408,44,,,0,30,,59395,44,,,0,70,,59403,44,,,0,30,,59414,44,,,0,70,,59409,44,,,0,30,,59396,44,,,0,70,,59404,44,,,0,30,,59415,44,,,0,100,,59397,44,,,0,99,,59416,44,,,0,100,,59398,44,,,0,101,,59417,44,,,0,100,,59390,44,,,0
2029,'1924',640,,59423,44,,,0,71,,59431,44,,,0,31,,59442,44,,,0,70,,59437,44,,,0,30,,59424,44,,,0,70,,59432,44,,,0,30,,59443,44,,,0,70,,59438,44,,,0,30,,59425,44,,,0,70,,59433,44,,,0,30,,59444,44,,,0,70,,59439,44,,,0,30,,59426,44,,,0,70,,59434,44,,,0,30,,59445,44,,,0,70,,59440,44,,,0,30,,59427,44,,,0,70,,59435,44,,,0,30,,59446,44,,,0,70,,59441,44,,,0,30,,59428,44,,,0,70,,59436,44,,,0,30,,59447,44,,,0,100,,59429,44,,,0,99,,59448,44,,,0,100,,59430,44,,,0,101,,59449,44,,,0,100,,59422,44,,,0
2029,'1925',640,,59455,44,,,0,71,,59463,44,,,0,31,,59474,44,,,0,70,,59469,44,,,0,30,,59456,44,,,0,70,,59464,44,,,0,30,,59475,44,,,0,70,,59470,44,,,0,30,,59457,44,,,0,70,,59465,44,,,0,30,,59476,44,,,0,70,,59471,44,,,0,30,,59458,44,,,0,70,,59466,44,,,0,30,,59477,44,,,0,70,,59472,44,,,0,30,,59459,44,,,0,70,,59467,44,,,0,30,,59478,44,,,0,70,,59473,44,,,0,30,,59460,44,,,0,70,,59468,44,,,0,30,,59479,44,,,0,100,,59461,44,,,0,99,,59480,44,,,0,100,,59462,44,,,0,101,,59481,44,,,0,100,,59454,44,,,0
12029,'1909',650,,60148,23,,,0,72,,60145,23,,,0,30,,60138,23,,,0,69,,60146,23,,,0,31,,60139,23,,,0,71,,60125,14,,,0,30,,60126,14,,,0,70,,60127,14,,,0,30,,60128,14,,,0,70,,60129,14,,,0,30,,60130,14,,,0,70,,60131,14,,,0,30,,60132,14,,,0,70,,60133,14,,,0,30,,60134,14,,,0,70,,60135,14,,,0,31,,60141,23,,,0,71,,60144,23,,,0,30,,60136,23,,,0,70,,60143,23,,,0,30,,60137,23,,,0,70,,60147,23,,,0,28,,60140,23,,,0,70,,60142,23,,,0
14000001029,'1907',552,,61816,28,0,18 7,0,1851,,61810,28,,,0,29,,61814,28,,,0,70,,61815,28,,,0,30,,61812,28,,,0,70,,61813,28,,,0,30,,61811,28,,,0
14000001029,'1909',450,,61817,28,0,18 7,0,102,,61818,28,0,18 7,0,1851,,61820,28,,,0,29,,61821,28,,,0,70,,61824,28,,,0,30,,61819,28,,,0,70,,61822,28,,,0,30,,61823,28,,,0
14000001029,'1910',552,,61829,28,0,18 7,0,1851,,61831,28,,,0,29,,61826,28,,,0,70,,61825,28,,,0,30,,61827,28,,,0,70,,61830,28,,,0,30,,61828,28,,,0
14000001029,'1912',552,,61838,28,0,18 7,0,1851,,61832,28,,,0,29,,61836,28,,,0,70,,61837,28,,,0,30,,61834,28,,,0,70,,61835,28,,,0,30,,61833,28,,,0
14000001029,'1924',552,,61845,28,0,18 7,0,1851,,61839,28,,,0,29,,61843,28,,,0,70,,61844,28,,,0,30,,61841,28,,,0,70,,61842,28,,,0,30,,61840,28,,,0
14000001029,'1925',552,,61852,28,0,18 7,0,1851,,61846,28,,,0,29,,61850,28,,,0,70,,61851,28,,,0,30,,61848,28,,,0,70,,61849,28,,,0,30,,61847,28,,,0
