14019,'1907',640,,55001,5,,,0,100,,55002,5,,,0,100,,54990,5,,,0,100,,54991,5,,,0,100,,54992,5,,,0,100,,54993,5,,,0,100,,54994,5,,,0,100,,54995,5,,,0,100,,54996,5,,,0,100,,54997,5,,,0,100,,54998,5,,,0,100,,54999,5,,,0,100,,55000,5,,,0,100,,54989,5,,,0,105,,54988,5,,,0
14019,'1909',515,,55033,5,,,0,100,,55032,5,,,0,40,,55003,5,,,0,70,,55016,5,,,0,28,,55004,5,,,0,62,,55017,5,,,0,30,,55005,5,,,0,70,,55018,5,,,0,30,,55006,5,,,0,70,,55019,5,,,0,30,,55007,5,,,0,70,,55020,5,,,0,30,,55008,5,,,0,70,,55021,5,,,0,30,,55009,5,,,0,70,,55022,5,,,0,30,,55010,5,,,0,70,,55023,5,,,0,30,,55011,5,,,0,70,,55024,5,,,0,40,,55012,5,,,0,70,,55025,5,,,0,30,,55013,5,,,0,70,,55026,5,,,0,30,,55014,5,,,0,60,,55027,5,,,0,30,,55015,5,,,0,70,,55028,5,,,0,30,,55034,5,,,0,70,,55029,5,,,0,92,,55030,5,,,0,100,,55031,5,,,0
14019,'1910',639,,55035,5,,,0,100,,55036,5,,,0,101,,55037,5,,,0,100,,55038,5,,,0,100,,55039,5,,,0,100,,55040,5,,,0,100,,55041,5,,,0,100,,55042,5,,,0,100,,55043,5,,,0,100,,55044,5,,,0,100,,55045,5,,,0,100,,55046,5,,,0,100,,55047,5,,,0,100,,55048,5,,,0,100,,55049,5,,,0,100,,55050,5,,,0,100,,55051,5,,,0
14019,'1911',640,,55065,5,,,0,100,,55066,5,,,0,100,,55054,5,,,0,100,,55055,5,,,0,100,,55056,5,,,0,100,,55057,5,,,0,100,,55058,5,,,0,100,,55059,5,,,0,100,,55060,5,,,0,100,,55061,5,,,0,100,,55062,5,,,0,100,,55063,5,,,0,100,,55064,5,,,0,100,,55053,5,,,0,105,,55052,5,,,0
14019,'1912',640,,55080,5,,,0,100,,55081,5,,,0,100,,55069,5,,,0,100,,55070,5,,,0,100,,55071,5,,,0,100,,55072,5,,,0,100,,55073,5,,,0,100,,55074,5,,,0,100,,55075,5,,,0,100,,55076,5,,,0,100,,55077,5,,,0,100,,55078,5,,,0,100,,55079,5,,,0,100,,55068,5,,,0,105,,55067,5,,,0
14000001019,'1907',2354,,58765,3,,,0,70,,58764,3,,,0,30,,58763,3,,,0,70,,58766,3,,,0,30,,58767,3,,,0
14000001019,'1909',2354,,58771,3,,,0,70,,58768,3,,,0,30,,58769,3,,,0,70,,58770,3,,,0,30,,58772,3,,,0
14000001019,'1910',2354,,58776,3,,,0,70,,58773,3,,,0,30,,58775,3,,,0,70,,58774,3,,,0,30,,58777,3,,,0
14000001019,'1911',2354,,58780,3,,,0,70,,58779,3,,,0,30,,58778,3,,,0,70,,58781,3,,,0,30,,58782,3,,,0
14000001019,'1912',2354,,58785,3,,,0,70,,58784,3,,,0,30,,58783,3,,,0,70,,58786,3,,,0,30,,58787,3,,,0
