2019,'1907',705,,59137,30,,,0,30,,59114,30,,,0,70,,59118,30,,,0,30,,59130,30,,,0,71,,59125,30,,,0,30,,59115,30,,,0,70,,59119,30,,,0,30,,59131,30,,,0,70,,59126,30,,,0,30,,59116,30,,,0,70,,59120,30,,,0,30,,59132,30,,,0,70,,59127,30,,,0,30,,59117,30,,,0,70,,59121,30,,,0,30,,59133,30,,,0,70,,59128,30,,,0,30,,59112,30,,,0,70,,59122,30,,,0,30,,59134,30,,,0,70,,59129,30,,,0,30,,59110,30,,,0,70,,59123,30,,,0,30,,59135,30,,,0,100,,59111,30,,,0,99,,59136,30,,,0,100,,59113,30,,,0,100,,59124,30,,,0,99,,59138,30,,,0
2019,'1909',500,,59170,21,0,5 2 13 14,0,136,,59139,30,,,0,69,,59140,30,,,0,30,,59141,30,,,0,70,,59142,30,,,0,31,,59143,30,,,0,71,,59144,30,,,0,31,,59161,30,,,0,70,,59162,30,,,0,30,,59163,30,,,0,70,,59164,30,,,0,30,,59165,30,,,0,70,,59166,30,,,0,30,,59167,30,,,0,70,,59168,30,,,0,30,,59169,30,,,0,70,,59159,30,,,0,32,,59160,30,,,0,71,,59145,30,,,0,30,,59146,30,,,0,70,,59147,30,,,0,30,,59148,30,,,0,70,,59149,30,,,0,29,,59150,30,,,0,69,,59151,30,,,0,30,,59152,30,,,0,70,,59158,30,,,0,30,,59153,30,,,0,97,,59154,30,,,0,100,,59155,30,,,0,100,,59156,30,,,0,100,,59157,30,,,0
2019,'1910',635,,59171,21,,,0,70,,59178,30,,,0,30,,59187,30,,,0,70,,59194,30,,,0,30,,59172,30,,,0,70,,59179,30,,,0,30,,59188,30,,,0,70,,59195,30,,,0,31,,59173,30,,,0,70,,59180,30,,,0,30,,59189,30,,,0,70,,59196,30,,,0,30,,59174,30,,,0,70,,59181,30,,,0,30,,59190,30,,,0,70,,59197,30,,,0,30,,59175,30,,,0,70,,59182,30,,,0,30,,59191,30,,,0,70,,59198,30,,,0,30,,59176,30,,,0,70,,59183,30,,,0,30,,59192,30,,,0,70,,59199,30,,,0,30,,59177,30,,,0,70,,59184,30,,,0,30,,59193,30,,,0,99,,59185,30,,,0,100,,59200,30,,,0,100,,59186,30,,,0,100,,59201,30,,,0
2019,'1912',705,,59229,30,,,0,30,,59206,30,,,0,70,,59210,30,,,0,30,,59222,30,,,0,71,,59217,30,,,0,30,,59207,30,,,0,70,,59211,30,,,0,30,,59223,30,,,0,70,,59218,30,,,0,30,,59208,30,,,0,70,,59212,30,,,0,30,,59224,30,,,0,70,,59219,30,,,0,30,,59209,30,,,0,70,,59213,30,,,0,30,,59225,30,,,0,70,,59220,30,,,0,30,,59204,30,,,0,70,,59214,30,,,0,30,,59226,30,,,0,70,,59221,30,,,0,30,,59202,30,,,0,70,,59215,30,,,0,30,,59227,30,,,0,100,,59203,30,,,0,99,,59228,30,,,0,100,,59205,30,,,0,100,,59216,30,,,0,99,,59230,30,,,0
2019,'1924',705,,59258,30,,,0,30,,59235,30,,,0,70,,59239,30,,,0,30,,59251,30,,,0,71,,59246,30,,,0,30,,59236,30,,,0,70,,59240,30,,,0,30,,59252,30,,,0,70,,59247,30,,,0,30,,59237,30,,,0,70,,59241,30,,,0,30,,59253,30,,,0,70,,59248,30,,,0,30,,59238,30,,,0,70,,59242,30,,,0,30,,59254,30,,,0,70,,59249,30,,,0,30,,59233,30,,,0,70,,59243,30,,,0,30,,59255,30,,,0,70,,59250,30,,,0,30,,59231,30,,,0,70,,59244,30,,,0,30,,59256,30,,,0,100,,59232,30,,,0,99,,59257,30,,,0,100,,59234,30,,,0,100,,59245,30,,,0,99,,59259,30,,,0
2019,'1925',705,,59287,30,,,0,30,,59264,30,,,0,70,,59268,30,,,0,30,,59280,30,,,0,71,,59275,30,,,0,30,,59265,30,,,0,70,,59269,30,,,0,30,,59281,30,,,0,70,,59276,30,,,0,30,,59266,30,,,0,70,,59270,30,,,0,30,,59282,30,,,0,70,,59277,30,,,0,30,,59267,30,,,0,70,,59271,30,,,0,30,,59283,30,,,0,70,,59278,30,,,0,30,,59262,30,,,0,70,,59272,30,,,0,30,,59284,30,,,0,70,,59279,30,,,0,30,,59260,30,,,0,70,,59273,30,,,0,30,,59285,30,,,0,100,,59261,30,,,0,99,,59286,30,,,0,100,,59263,30,,,0,100,,59274,30,,,0,99,,59288,30,,,0
14000001019,'1907',2427,,61782,37,,,0,30,,61781,37,,,0,70,,61780,37,,,0,30,,61783,37,,,0,70,,61784,37,,,0
14000001019,'1909',2427,,61788,37,,,0,30,,61785,37,,,0,70,,61786,37,,,0,30,,61787,37,,,0,70,,61789,37,,,0
14000001019,'1910',2427,,61793,37,,,0,30,,61790,37,,,0,70,,61792,37,,,0,30,,61791,37,,,0,70,,61794,37,,,0
14000001019,'1912',2427,,61797,37,,,0,30,,61796,37,,,0,70,,61795,37,,,0,30,,61798,37,,,0,70,,61799,37,,,0
14000001019,'1924',2427,,61802,37,,,0,30,,61801,37,,,0,70,,61800,37,,,0,30,,61803,37,,,0,70,,61804,37,,,0
14000001019,'1925',2427,,61807,37,,,0,30,,61806,37,,,0,70,,61805,37,,,0,30,,61808,37,,,0,70,,61809,37,,,0
