1029,'1907',617,,58968,36,,,0,100,,58969,36,,,0,100,,58970,36,,,0,100,,58971,36,,,0,100,,58972,36,,,0,100,,58973,36,,,0,100,,58974,36,,,0,100,,58975,36,,,0,100,,58976,36,,,0,100,,58977,36,,,0,100,,58978,36,,,0,100,,58979,36,,,0,100,,58980,36,,,0,100,,58981,36,,,0,100,,58982,36,,,0,100,,58983,36,,,0,100,,58984,36,,,0,95,,58985,36,,,0
1029,'1909',617,,58995,36,,,0,35,,58996,36,,,0,70,,59016,36,,,0,30,,58992,36,,,0,70,,58987,36,,,0,30,,59020,36,,,0,70,,58990,36,,,0,30,,58997,36,,,0,70,,59015,36,,,0,30,,58994,36,,,0,70,,58986,36,,,0,30,,59019,36,,,0,70,,58991,36,,,0,30,,58998,36,,,0,70,,59014,36,,,0,30,,58993,36,,,0,70,,58988,36,,,0,31,,59017,36,,,0,72,,58989,36,,,0,30,,58999,36,,,0,70,,59013,36,,,0,30,,59002,36,,,0,70,,59001,36,,,0,27,,59000,36,,,0,65,,59006,36,,,0,30,,59005,36,,,0,70,,59004,36,,,0,30,,59003,36,,,0,70,,59018,36,,,0,30,,59012,36,,,0,70,,59011,36,,,0,30,,59010,36,,,0,70,,59009,36,,,0,30,,59008,36,,,0,65,,59007,36,,,0
1029,'1910',617,,59026,36,,,0,30,,59038,36,,,0,70,,59045,36,,,0,30,,59033,36,,,0,70,,59054,36,,,0,30,,59042,36,,,0,70,,59025,36,,,0,30,,59037,36,,,0,70,,59048,36,,,0,30,,59032,36,,,0,70,,59055,36,,,0,30,,59041,36,,,0,70,,59024,36,,,0,30,,59036,36,,,0,70,,59047,36,,,0,30,,59031,36,,,0,70,,59027,36,,,0,30,,59040,36,,,0,70,,59023,36,,,0,30,,59035,36,,,0,70,,59043,36,,,0,30,,59030,36,,,0,70,,59052,36,,,0,30,,59039,36,,,0,69,,59022,36,,,0,31,,59034,36,,,0,70,,59046,36,,,0,30,,59028,36,,,0,70,,59050,36,,,0,30,,59049,36,,,0,70,,59021,36,,,0,30,,59029,36,,,0,70,,59044,36,,,0,30,,59053,36,,,0,69,,59051,36,,,0
1029,'1912',617,,59056,36,,,0,100,,59057,36,,,0,100,,59058,36,,,0,100,,59059,36,,,0,100,,59060,36,,,0,100,,59061,36,,,0,100,,59062,36,,,0,100,,59063,36,,,0,100,,59064,36,,,0,100,,59065,36,,,0,100,,59066,36,,,0,100,,59067,36,,,0,100,,59068,36,,,0,100,,59069,36,,,0,100,,59070,36,,,0,100,,59071,36,,,0,100,,59072,36,,,0,95,,59073,36,,,0
1029,'1924',617,,59074,36,,,0,100,,59075,36,,,0,100,,59076,36,,,0,100,,59077,36,,,0,100,,59078,36,,,0,100,,59079,36,,,0,100,,59080,36,,,0,100,,59081,36,,,0,100,,59082,36,,,0,100,,59083,36,,,0,100,,59084,36,,,0,100,,59085,36,,,0,100,,59086,36,,,0,100,,59087,36,,,0,100,,59088,36,,,0,100,,59089,36,,,0,100,,59090,36,,,0,95,,59091,36,,,0
1029,'1925',617,,59092,36,,,0,100,,59093,36,,,0,100,,59094,36,,,0,100,,59095,36,,,0,100,,59096,36,,,0,100,,59097,36,,,0,100,,59098,36,,,0,100,,59099,36,,,0,100,,59100,36,,,0,100,,59101,36,,,0,100,,59102,36,,,0,100,,59103,36,,,0,100,,59104,36,,,0,100,,59105,36,,,0,100,,59106,36,,,0,100,,59107,36,,,0,100,,59108,36,,,0,95,,59109,36,,,0
2029,'1907',632,,59290,33,,,0,69,,59298,33,,,0,31,,59309,33,,,0,70,,59304,33,,,0,30,,59291,33,,,0,70,,59299,33,,,0,30,,59310,33,,,0,70,,59305,33,,,0,30,,59292,33,,,0,70,,59300,33,,,0,30,,59311,33,,,0,70,,59306,33,,,0,30,,59293,33,,,0,70,,59301,33,,,0,30,,59312,33,,,0,70,,59307,33,,,0,30,,59294,33,,,0,70,,59302,33,,,0,30,,59313,33,,,0,70,,59308,33,,,0,30,,59295,33,,,0,70,,59303,33,,,0,30,,59314,33,,,0,100,,59296,33,,,0,99,,59315,33,,,0,100,,59297,33,,,0,101,,59316,33,,,0,100,,59289,33,,,0
2029,'1909',537,,59338,18,,,0,65,,59321,33,,,0,30,,59322,33,,,0,70,,59323,33,,,0,29,,59324,33,,,0,71,,59325,33,,,0,30,,59326,33,,,0,70,,59327,33,,,0,30,,59328,33,,,0,70,,59329,33,,,0,30,,59352,33,,,0,70,,59348,33,,,0,30,,59354,33,,,0,70,,59350,33,,,0,30,,59351,33,,,0,70,,59347,33,,,0,30,,59353,33,,,0,70,,59349,33,,,0,31,,59355,33,,,0,71,,59330,33,,,0,34,,59331,33,,,0,70,,59332,33,,,0,30,,59333,33,,,0,70,,59334,33,,,0,29,,59335,33,,,0,66,,59336,33,,,0,29,,59337,33,,,0,70,,59341,33,,,0,30,,59342,33,,,0,100,,59343,33,,,0,100,,59344,33,,,0,100,,59340,33,,,0
2029,'1910',602,,59387,33,0,5 2 15 16 17,0,30,,59370,33,,,0,69,,59377,33,,,0,31,,59356,33,,,0,70,,59362,33,,,0,30,,59371,33,,,0,70,,59378,33,,,0,30,,59357,33,,,0,70,,59363,33,,,0,30,,59372,33,,,0,70,,59379,33,,,0,30,,59358,33,,,0,70,,59364,33,,,0,30,,59373,33,,,0,70,,59380,33,,,0,30,,59359,33,,,0,70,,59365,33,,,0,30,,59374,33,,,0,70,,59381,33,,,0,30,,59360,33,,,0,70,,59366,33,,,0,30,,59375,33,,,0,70,,59382,33,,,0,30,,59361,33,,,0,70,,59367,33,,,0,30,,59376,33,,,0,70,,59383,33,,,0,30,,59368,33,,,0,100,,59384,33,,,0,100,,59369,33,,,0,100,,59385,33,,,0
2029,'1912',632,,59391,33,,,0,69,,59399,33,,,0,31,,59410,33,,,0,70,,59405,33,,,0,30,,59392,33,,,0,70,,59400,33,,,0,30,,59411,33,,,0,70,,59406,33,,,0,30,,59393,33,,,0,70,,59401,33,,,0,30,,59412,33,,,0,70,,59407,33,,,0,30,,59394,33,,,0,70,,59402,33,,,0,30,,59413,33,,,0,70,,59408,33,,,0,30,,59395,33,,,0,70,,59403,33,,,0,30,,59414,33,,,0,70,,59409,33,,,0,30,,59396,33,,,0,70,,59404,33,,,0,30,,59415,33,,,0,100,,59397,33,,,0,99,,59416,33,,,0,100,,59398,33,,,0,101,,59417,33,,,0,100,,59390,33,,,0
2029,'1924',632,,59423,33,,,0,69,,59431,33,,,0,31,,59442,33,,,0,70,,59437,33,,,0,30,,59424,33,,,0,70,,59432,33,,,0,30,,59443,33,,,0,70,,59438,33,,,0,30,,59425,33,,,0,70,,59433,33,,,0,30,,59444,33,,,0,70,,59439,33,,,0,30,,59426,33,,,0,70,,59434,33,,,0,30,,59445,33,,,0,70,,59440,33,,,0,30,,59427,33,,,0,70,,59435,33,,,0,30,,59446,33,,,0,70,,59441,33,,,0,30,,59428,33,,,0,70,,59436,33,,,0,30,,59447,33,,,0,100,,59429,33,,,0,99,,59448,33,,,0,100,,59430,33,,,0,101,,59449,33,,,0,100,,59422,33,,,0
2029,'1925',632,,59455,33,,,0,69,,59463,33,,,0,31,,59474,33,,,0,70,,59469,33,,,0,30,,59456,33,,,0,70,,59464,33,,,0,30,,59475,33,,,0,70,,59470,33,,,0,30,,59457,33,,,0,70,,59465,33,,,0,30,,59476,33,,,0,70,,59471,33,,,0,30,,59458,33,,,0,70,,59466,33,,,0,30,,59477,33,,,0,70,,59472,33,,,0,30,,59459,33,,,0,70,,59467,33,,,0,30,,59478,33,,,0,70,,59473,33,,,0,30,,59460,33,,,0,70,,59468,33,,,0,30,,59479,33,,,0,100,,59461,33,,,0,99,,59480,33,,,0,100,,59462,33,,,0,101,,59481,33,,,0,100,,59454,33,,,0
12029,'1909',642,,60148,12,,,0,70,,60145,12,,,0,30,,60138,12,,,0,69,,60146,12,,,0,31,,60139,12,,,0,70,,60125,3,,,0,30,,60126,3,,,0,70,,60127,3,,,0,30,,60128,3,,,0,70,,60129,3,,,0,30,,60130,3,,,0,70,,60131,3,,,0,30,,60132,3,,,0,70,,60133,3,,,0,30,,60134,3,,,0,70,,60135,3,,,0,30,,60141,12,,,0,71,,60144,12,,,0,30,,60136,12,,,0,70,,60143,12,,,0,30,,60137,12,,,0,70,,60147,12,,,0,29,,60140,12,,,0,70,,60142,12,,,0
14000001029,'1907',543,,61816,17,0,18 7,0,1811,,61810,17,,,0,69,,61814,17,,,0,30,,61815,17,,,0,70,,61812,17,,,0,30,,61813,17,,,0,70,,61811,17,,,0
14000001029,'1909',441,,61817,17,0,18 7,0,102,,61818,17,0,18 7,0,1811,,61820,17,,,0,69,,61821,17,,,0,30,,61824,17,,,0,70,,61819,17,,,0,30,,61822,17,,,0,70,,61823,17,,,0
14000001029,'1910',543,,61829,17,0,18 7,0,1811,,61831,17,,,0,69,,61826,17,,,0,30,,61825,17,,,0,70,,61827,17,,,0,30,,61830,17,,,0,70,,61828,17,,,0
14000001029,'1912',543,,61838,17,0,18 7,0,1811,,61832,17,,,0,69,,61836,17,,,0,30,,61837,17,,,0,70,,61834,17,,,0,30,,61835,17,,,0,70,,61833,17,,,0
14000001029,'1924',543,,61845,17,0,18 7,0,1811,,61839,17,,,0,69,,61843,17,,,0,30,,61844,17,,,0,70,,61841,17,,,0,30,,61842,17,,,0,70,,61840,17,,,0
14000001029,'1925',543,,61852,17,0,18 7,0,1811,,61846,17,,,0,69,,61850,17,,,0,30,,61851,17,,,0,70,,61848,17,,,0,30,,61849,17,,,0,70,,61847,17,,,0
