1019,'1907',617,,58824,19,,,0,100,,58825,19,,,0,101,,58826,19,,,0,100,,58827,19,,,0,100,,58828,19,,,0,100,,58829,19,,,0,100,,58830,19,,,0,100,,58831,19,,,0,100,,58832,19,,,0,100,,58833,19,,,0,100,,58834,19,,,0,100,,58835,19,,,0,100,,58836,19,,,0,100,,58837,19,,,0,100,,58838,19,,,0,100,,58839,19,,,0,104,,58840,19,,,0,95,,58841,19,,,0
1019,'1909',547,,58877,19,,,0,75,,58873,19,,,0,30,,58849,19,,,0,73,,58844,19,,,0,30,,58862,19,,,0,70,,58846,19,,,0,30,,58851,19,,,0,72,,58876,19,,,0,30,,58848,19,,,0,70,,58842,19,,,0,30,,58861,19,,,0,70,,58847,19,,,0,30,,58852,19,,,0,70,,58872,19,,,0,30,,58850,19,,,0,70,,58843,19,,,0,30,,58874,19,,,0,70,,58845,19,,,0,30,,58853,19,,,0,70,,58871,19,,,0,30,,58864,19,,,0,70,,58856,19,,,0,30,,58854,19,,,0,70,,58857,19,,,0,28,,58859,19,,,0,70,,58858,19,,,0,30,,58855,19,,,0,65,,58875,19,,,0,30,,58869,19,,,0,68,,58870,19,,,0,30,,58868,19,,,0,70,,58867,19,,,0,30,,58866,19,,,0,70,,58865,19,,,0,30,,58863,19,,,0,70,,58860,19,,,0
1019,'1910',548,,58913,19,,,0,70,,58902,19,,,0,30,,58888,19,,,0,70,,58907,19,,,0,30,,58897,19,,,0,70,,58882,19,,,0,30,,58903,19,,,0,70,,58905,19,,,0,30,,58887,19,,,0,70,,58908,19,,,0,30,,58896,19,,,0,70,,58881,19,,,0,30,,58891,19,,,0,70,,58901,19,,,0,30,,58886,19,,,0,70,,58909,19,,,0,30,,58895,19,,,0,70,,58880,19,,,0,30,,58890,19,,,0,70,,58900,19,,,0,30,,58885,19,,,0,70,,58910,19,,,0,30,,58894,19,,,0,70,,58879,19,,,0,30,,58889,19,,,0,70,,58899,19,,,0,30,,58883,19,,,0,70,,58911,19,,,0,30,,58892,19,,,0,70,,58878,19,,,0,30,,58884,19,,,0,70,,58898,19,,,0,34,,58893,19,,,0,70,,58912,19,,,0,30,,58906,19,,,0,65,,58904,19,,,0
1019,'1912',617,,58914,19,,,0,100,,58915,19,,,0,101,,58916,19,,,0,100,,58917,19,,,0,100,,58918,19,,,0,100,,58919,19,,,0,100,,58920,19,,,0,100,,58921,19,,,0,100,,58922,19,,,0,100,,58923,19,,,0,100,,58924,19,,,0,100,,58925,19,,,0,100,,58926,19,,,0,100,,58927,19,,,0,100,,58928,19,,,0,100,,58929,19,,,0,104,,58930,19,,,0,95,,58931,19,,,0
1019,'1924',617,,58932,19,,,0,100,,58933,19,,,0,101,,58934,19,,,0,100,,58935,19,,,0,100,,58936,19,,,0,100,,58937,19,,,0,100,,58938,19,,,0,100,,58939,19,,,0,100,,58940,19,,,0,100,,58941,19,,,0,100,,58942,19,,,0,100,,58943,19,,,0,100,,58944,19,,,0,100,,58945,19,,,0,100,,58946,19,,,0,100,,58947,19,,,0,104,,58948,19,,,0,95,,58949,19,,,0
1019,'1925',617,,58950,19,,,0,100,,58951,19,,,0,101,,58952,19,,,0,100,,58953,19,,,0,100,,58954,19,,,0,100,,58955,19,,,0,100,,58956,19,,,0,100,,58957,19,,,0,100,,58958,19,,,0,100,,58959,19,,,0,100,,58960,19,,,0,100,,58961,19,,,0,100,,58962,19,,,0,100,,58963,19,,,0,100,,58964,19,,,0,100,,58965,19,,,0,104,,58966,19,,,0,95,,58967,19,,,0
32019,'1907',634,,60692,19,,,0,95,,60693,19,,,0,100,,60694,19,,,0,100,,60695,19,,,0,100,,60696,19,,,0,101,,60697,19,,,0,102,,60698,19,,,0,100,,60699,19,,,0,100,,60700,19,,,0,100,,60701,19,,,0,100,,60702,19,,,0,100,,60703,19,,,0,97,,60704,19,,,0,100,,60705,19,,,0,100,,60706,19,,,0,100,,60707,19,,,0,100,,60708,19,,,0,95,,60710,19,0,5 2 8 7,0
32019,'1909',634,,60719,19,,,0,66,,60735,19,,,0,31,,60714,19,,,0,71,,60730,19,,,0,30,,60740,19,,,0,70,,60724,19,,,0,29,,60722,19,,,0,70,,60734,19,,,0,30,,60712,19,,,0,70,,60728,19,,,0,30,,60739,19,,,0,70,,60726,19,,,0,30,,60721,19,,,0,70,,60733,19,,,0,30,,60715,19,,,0,70,,60727,19,,,0,28,,60738,19,,,0,29,,60725,19,,,0,70,,60718,19,,,0,30,,60732,19,,,0,70,,60711,19,,,0,30,,60729,19,,,0,72,,60737,19,,,0,72,,60723,19,,,0,29,,60720,19,,,0,70,,60731,19,,,0,30,,60716,19,,,0,99,,60736,19,,,0,100,,60717,19,,,0,100,,60713,19,,,0,95,,60745,19,0,5 2 8 7,0
32019,'1910',633,,60760,19,,,0,25,,60777,19,,,0,70,,60754,19,,,0,30,,60771,19,,,0,70,,60778,19,,,0,31,,60766,19,,,0,70,,60759,19,,,0,30,,60776,19,,,0,70,,60753,19,,,0,30,,60770,19,,,0,70,,60781,19,,,0,71,,60765,19,,,0,30,,60758,19,,,0,71,,60775,19,,,0,30,,60752,19,,,0,70,,60769,19,,,0,30,,60780,19,,,0,70,,60764,19,,,0,30,,60757,19,,,0,70,,60774,19,,,0,30,,60751,19,,,0,70,,60768,19,,,0,30,,60782,19,,,0,70,,60763,19,,,0,30,,60756,19,,,0,28,,60772,19,,,0,70,,60750,19,,,0,100,,60779,19,,,0,99,,60755,19,,,0,100,,60749,19,,,0,100,,60783,19,0,5 2 8 7,0
32019,'1912',634,,60786,19,,,0,95,,60787,19,,,0,100,,60788,19,,,0,100,,60789,19,,,0,100,,60790,19,,,0,101,,60791,19,,,0,102,,60792,19,,,0,100,,60793,19,,,0,100,,60794,19,,,0,100,,60795,19,,,0,100,,60796,19,,,0,100,,60797,19,,,0,97,,60798,19,,,0,100,,60799,19,,,0,100,,60800,19,,,0,100,,60801,19,,,0,100,,60802,19,,,0,95,,60804,19,0,5 2 8 7,0
32019,'1924',634,,60805,19,,,0,95,,60806,19,,,0,100,,60807,19,,,0,100,,60808,19,,,0,100,,60809,19,,,0,101,,60810,19,,,0,102,,60811,19,,,0,100,,60812,19,,,0,100,,60813,19,,,0,100,,60814,19,,,0,100,,60815,19,,,0,100,,60816,19,,,0,97,,60817,19,,,0,100,,60818,19,,,0,100,,60819,19,,,0,100,,60820,19,,,0,100,,60821,19,,,0,95,,60823,19,0,5 2 8 7,0
32019,'1925',634,,60824,19,,,0,95,,60825,19,,,0,100,,60826,19,,,0,100,,60827,19,,,0,100,,60828,19,,,0,101,,60829,19,,,0,102,,60830,19,,,0,100,,60831,19,,,0,100,,60832,19,,,0,100,,60833,19,,,0,100,,60834,19,,,0,100,,60835,19,,,0,97,,60836,19,,,0,100,,60837,19,,,0,100,,60838,19,,,0,100,,60839,19,,,0,100,,60840,19,,,0,95,,60842,19,0,5 2 8 7,0
