14019,'1907',638,,55001,3,,,0,100,,55002,3,,,0,100,,54990,3,,,0,100,,54991,3,,,0,100,,54992,3,,,0,100,,54993,3,,,0,100,,54994,3,,,0,100,,54995,3,,,0,100,,54996,3,,,0,100,,54997,3,,,0,100,,54998,3,,,0,100,,54999,3,,,0,100,,55000,3,,,0,100,,54989,3,,,0,105,,54988,3,,,0
14019,'1909',513,,55033,3,,,0,100,,55032,3,,,0,40,,55003,3,,,0,70,,55016,3,,,0,28,,55004,3,,,0,62,,55017,3,,,0,30,,55005,3,,,0,70,,55018,3,,,0,30,,55006,3,,,0,70,,55019,3,,,0,30,,55007,3,,,0,70,,55020,3,,,0,30,,55008,3,,,0,70,,55021,3,,,0,30,,55009,3,,,0,70,,55022,3,,,0,30,,55010,3,,,0,70,,55023,3,,,0,30,,55011,3,,,0,70,,55024,3,,,0,40,,55012,3,,,0,70,,55025,3,,,0,30,,55013,3,,,0,70,,55026,3,,,0,30,,55014,3,,,0,60,,55027,3,,,0,30,,55015,3,,,0,70,,55028,3,,,0,30,,55034,3,,,0,70,,55029,3,,,0,92,,55030,3,,,0,100,,55031,3,,,0
14019,'1910',638,,55035,3,,,0,100,,55036,3,,,0,100,,55037,3,,,0,100,,55038,3,,,0,100,,55039,3,,,0,100,,55040,3,,,0,100,,55041,3,,,0,100,,55042,3,,,0,100,,55043,3,,,0,100,,55044,3,,,0,100,,55045,3,,,0,100,,55046,3,,,0,100,,55047,3,,,0,100,,55048,3,,,0,100,,55049,3,,,0,100,,55050,3,,,0,100,,55051,3,,,0
14019,'1911',638,,55065,3,,,0,100,,55066,3,,,0,100,,55054,3,,,0,100,,55055,3,,,0,100,,55056,3,,,0,100,,55057,3,,,0,100,,55058,3,,,0,100,,55059,3,,,0,100,,55060,3,,,0,100,,55061,3,,,0,100,,55062,3,,,0,100,,55063,3,,,0,100,,55064,3,,,0,100,,55053,3,,,0,105,,55052,3,,,0
14019,'1912',638,,55080,3,,,0,100,,55081,3,,,0,100,,55069,3,,,0,100,,55070,3,,,0,100,,55071,3,,,0,100,,55072,3,,,0,100,,55073,3,,,0,100,,55074,3,,,0,100,,55075,3,,,0,100,,55076,3,,,0,100,,55077,3,,,0,100,,55078,3,,,0,100,,55079,3,,,0,100,,55068,3,,,0,105,,55067,3,,,0
15019,'1907',708,,55093,3,,,0,100,,55091,3,,,0,100,,55094,3,,,0,100,,55092,3,,,0,100,,55089,3,,,0,100,,55087,3,,,0,100,,55090,3,,,0,100,,55088,3,,,0,100,,55085,3,,,0,100,,55086,3,,,0,100,,55083,3,,,0,100,,55084,3,,,0,100,,55082,3,,,0,100,,55095,3,,,0
15019,'1909',633,,55096,3,,,0,70,,55097,3,,,0,30,,55098,3,,,0,70,,55099,3,,,0,30,,55100,3,,,0,70,,55101,3,,,0,30,,55102,3,,,0,70,,55103,3,,,0,30,,55104,3,,,0,70,,55105,3,,,0,30,,55106,3,,,0,70,,55107,3,,,0,30,,55108,3,,,0,70,,55109,3,,,0,30,,55110,3,,,0,70,,55111,3,,,0,30,,55112,3,,,0,70,,55113,3,,,0,30,,55114,3,,,0,70,,55115,3,,,0,30,,55116,3,,,0,70,,55117,3,,,0,30,,55118,3,,,0,70,,55119,3,,,0,30,,55120,3,,,0,70,,55126,3,,,0,30,,55121,3,,,0,100,,55122,3,,,0,100,,55125,3,,,0,100,,55123,3,0,5 2 6 7,0
15019,'1910',708,,55127,3,,,0,100,,55128,3,,,0,100,,55129,3,,,0,100,,55130,3,,,0,100,,55131,3,,,0,100,,55132,3,,,0,100,,55133,3,,,0,100,,55134,3,,,0,100,,55135,3,,,0,100,,55136,3,,,0,100,,55137,3,,,0,100,,55138,3,,,0,100,,55139,3,,,0,100,,55140,3,,,0
15019,'1911',708,,55153,3,,,0,100,,55151,3,,,0,100,,55154,3,,,0,100,,55152,3,,,0,100,,55149,3,,,0,100,,55147,3,,,0,100,,55150,3,,,0,100,,55148,3,,,0,100,,55145,3,,,0,100,,55146,3,,,0,100,,55143,3,,,0,100,,55144,3,,,0,100,,55142,3,,,0,100,,55155,3,,,0
15019,'1912',708,,55167,3,,,0,100,,55165,3,,,0,100,,55168,3,,,0,100,,55166,3,,,0,100,,55163,3,,,0,100,,55161,3,,,0,100,,55164,3,,,0,100,,55162,3,,,0,100,,55159,3,,,0,100,,55160,3,,,0,100,,55157,3,,,0,100,,55158,3,,,0,100,,55156,3,,,0,100,,55169,3,,,0
19019,'1907',610,,55495,3,0,32,0,112,,55487,3,0,32,0,100,,55486,3,0,32,0,30,,55491,3,0,32,0,70,,55490,3,0,32,0,30,,55483,3,0,32,0,71,,55482,3,0,32,0,30,,55480,3,0,32,0,70,,55500,3,0,32,0,30,,55498,3,0,32,0,70,,55496,3,0,32,0,30,,55492,3,0,32,0,70,,55508,3,0,32,0,30,,55489,3,0,32,0,70,,55488,3,0,32,0,30,,55485,3,0,32,0,70,,55484,3,0,32,0,30,,55481,3,0,32,0,70,,55501,3,0,32,0,30,,55499,3,0,32,0,70,,55497,3,0,32,0,30,,55494,3,0,32,0,70,,55493,3,0,32,0,30,,55503,3,0,32,0,70,,55502,3,0,32,0,30,,55504,3,0,32,0,85,,55507,3,0,32,0,100,,55505,3,0,32,0,100,,55506,3,0,32,0,85,,55509,3,0,32,0
19019,'1909',823,,55529,3,0,32,0,30,,55514,3,0,32,0,70,,55515,3,0,32,0,30,,55512,3,0,32,0,70,,55530,3,0,32,0,30,,55513,3,0,32,0,70,,55520,3,0,32,0,30,,55510,3,0,32,0,70,,55528,3,0,32,0,30,,55516,3,0,32,0,70,,55517,3,0,32,0,30,,55519,3,0,32,0,70,,55518,3,0,32,0,31,,55511,3,0,32,0,70,,55531,3,0,32,0,299,,55527,3,0,32,0,30,,55521,3,0,32,0,70,,55522,3,0,32,0,100,,55526,3,0,32,0,100,,55525,3,0,32,0,100,,55523,3,0,32,0,100,,55524,3,0,32,0
19019,'1910',623,,55535,3,0,32,0,30,,55548,3,0,32,0,70,,55539,3,0,32,0,30,,55554,3,0,32,0,70,,55558,3,0,32,0,30,,55542,3,0,32,0,70,,55532,3,0,32,0,30,,55557,3,0,32,0,70,,55537,3,0,32,0,30,,55552,3,0,32,0,70,,55541,3,0,32,0,30,,55555,3,0,32,0,70,,55534,3,0,32,0,30,,55550,3,0,32,0,70,,55536,3,0,32,0,30,,55553,3,0,32,0,70,,55538,3,0,32,0,30,,55560,3,0,32,0,70,,55547,3,0,32,0,30,,55549,3,0,32,0,70,,55533,3,0,32,0,30,,55551,3,0,32,0,70,,55559,3,0,32,0,30,,55546,3,0,32,0,70,,55540,3,0,32,0,30,,55556,3,0,32,0,70,,55544,3,0,32,0,30,,55563,3,0,32,0,80,,55561,3,0,32,0,75,,55545,3,0,32,0,100,,55562,3,0,32,0,95,,55543,3,0,32,0,20,,55564,3,0,32,0
19019,'1911',610,,55580,3,0,32,0,112,,55572,3,0,32,0,100,,55571,3,0,32,0,30,,55576,3,0,32,0,70,,55575,3,0,32,0,30,,55568,3,0,32,0,71,,55567,3,0,32,0,30,,55565,3,0,32,0,70,,55585,3,0,32,0,30,,55583,3,0,32,0,70,,55581,3,0,32,0,30,,55577,3,0,32,0,70,,55593,3,0,32,0,30,,55574,3,0,32,0,70,,55573,3,0,32,0,30,,55570,3,0,32,0,70,,55569,3,0,32,0,30,,55566,3,0,32,0,70,,55586,3,0,32,0,30,,55584,3,0,32,0,70,,55582,3,0,32,0,30,,55579,3,0,32,0,70,,55578,3,0,32,0,30,,55588,3,0,32,0,70,,55587,3,0,32,0,30,,55589,3,0,32,0,85,,55592,3,0,32,0,100,,55590,3,0,32,0,100,,55591,3,0,32,0,85,,55594,3,0,32,0
19019,'1912',610,,55610,3,0,32,0,112,,55602,3,0,32,0,100,,55601,3,0,32,0,30,,55606,3,0,32,0,70,,55605,3,0,32,0,30,,55598,3,0,32,0,71,,55597,3,0,32,0,30,,55595,3,0,32,0,70,,55615,3,0,32,0,30,,55613,3,0,32,0,70,,55611,3,0,32,0,30,,55607,3,0,32,0,70,,55623,3,0,32,0,30,,55604,3,0,32,0,70,,55603,3,0,32,0,30,,55600,3,0,32,0,70,,55599,3,0,32,0,30,,55596,3,0,32,0,70,,55616,3,0,32,0,30,,55614,3,0,32,0,70,,55612,3,0,32,0,30,,55609,3,0,32,0,70,,55608,3,0,32,0,30,,55618,3,0,32,0,70,,55617,3,0,32,0,30,,55619,3,0,32,0,85,,55622,3,0,32,0,100,,55620,3,0,32,0,100,,55621,3,0,32,0,85,,55624,3,0,32,0
10019029,'1909',613,,58720,4,,,0,30,,58723,4,,,0,70,,58722,4,,,0,30,,58724,4,,,0,801,,58729,4,,,0,70,,58727,4,,,0,30,,58725,4,,,0,70,,58730,4,,,0,29,,58726,4,,,0,210,,58728,4,,,0
14000001019,'1907',2353,,58765,1,,,0,70,,58764,1,,,0,30,,58763,1,,,0,70,,58766,1,,,0,30,,58767,1,,,0
14000001019,'1909',2353,,58771,1,,,0,70,,58768,1,,,0,30,,58769,1,,,0,70,,58770,1,,,0,30,,58772,1,,,0
14000001019,'1910',2353,,58776,1,,,0,70,,58773,1,,,0,30,,58775,1,,,0,70,,58774,1,,,0,30,,58777,1,,,0
14000001019,'1911',2353,,58780,1,,,0,70,,58779,1,,,0,30,,58778,1,,,0,70,,58781,1,,,0,30,,58782,1,,,0
14000001019,'1912',2353,,58785,1,,,0,70,,58784,1,,,0,30,,58783,1,,,0,70,,58786,1,,,0,30,,58787,1,,,0
14000001029,'1907',2423,,58788,50,4,,0,29,,58792,50,4,,0,70,,58793,50,4,,0,30,,58790,50,4,,0,70,,58791,50,4,,0,30,,58789,50,4,,0
14000001029,'1909',2423,,58798,50,4,,0,29,,58799,50,4,,0,70,,58802,50,4,,0,30,,58797,50,4,,0,70,,58800,50,4,,0,30,,58801,50,4,,0
14000001029,'1910',2423,,58809,50,4,,0,29,,58804,50,4,,0,70,,58803,50,4,,0,30,,58805,50,4,,0,70,,58808,50,4,,0,30,,58806,50,4,,0
14000001029,'1911',2423,,58810,50,4,,0,29,,58814,50,4,,0,70,,58815,50,4,,0,30,,58812,50,4,,0,70,,58813,50,4,,0,30,,58811,50,4,,0
14000001029,'1912',2423,,58817,50,4,,0,29,,58821,50,4,,0,70,,58822,50,4,,0,30,,58819,50,4,,0,70,,58820,50,4,,0,30,,58818,50,4,,0
