609,'1907',852,,53886,10,0,18 7,0,100,,53870,10,0,18 7,0,100,,53882,10,0,18 7,0,100,,53872,10,0,18 7,0,101,,53885,10,0,18 7,0,100,,53868,10,0,18 7,0,100,,53884,10,0,18 7,0,100,,53874,10,0,18 7,0,100,,53883,10,0,18 7,0,100,,53871,10,0,18 7,0,99,,53881,10,0,18 7,0,100,,53869,10,0,18 7,0
609,'1909',652,,53929,22,0,18 7,0,71,,53914,22,0,18 7,0,30,,53920,22,0,18 7,0,70,,53935,22,0,18 7,0,30,,53904,22,0,18 7,0,70,,53938,22,0,18 7,0,30,,53906,22,0,18 7,0,70,,53909,22,0,18 7,0,30,,53930,22,0,18 7,0,70,,53931,22,0,18 7,0,30,,53928,22,0,18 7,0,70,,53922,22,0,18 7,0,30,,53926,22,0,18 7,0,70,,53917,22,0,18 7,0,30,,53923,22,0,18 7,0,70,,53916,22,0,18 7,0,32,,53911,22,0,18 7,0,70,,53905,22,0,18 7,0,30,,53918,22,0,18 7,0,70,,53910,22,0,18 7,0,30,,53959,22,0,18 7,0,70,,53919,22,0,18 7,0,27,,53907,22,0,18 7,0,70,,53936,22,0,18 7,0,30,,53908,22,0,18 7,0,71,,53957,22,0,18 7,0,98,,53921,22,0,18 7,0,100,,53958,22,0,18 7,0,100,,53913,22,0,18 7,0,100,,53962,22,0,18 7,0
609,'1910',650,,53993,22,0,18 7,0,70,,53975,22,0,18 7,0,30,,54007,22,0,18 7,0,70,,53974,22,0,18 7,0,30,,53992,22,0,18 7,0,71,,53973,22,0,18 7,0,30,,54006,22,0,18 7,0,70,,53972,22,0,18 7,0,30,,53991,22,0,18 7,0,70,,53971,22,0,18 7,0,32,,54005,22,0,18 7,0,70,,53970,22,0,18 7,0,30,,53990,22,0,18 7,0,70,,53968,22,0,18 7,0,30,,53989,22,0,18 7,0,70,,53964,22,0,18 7,0,30,,54018,22,0,18 7,0,70,,53988,22,0,18 7,0,30,,53966,22,0,18 7,0,70,,54001,22,0,18 7,0,30,,53965,22,0,18 7,0,68,,54002,22,0,18 7,0,30,,53967,22,0,18 7,0,70,,54003,22,0,18 7,0,30,,53969,22,0,18 7,0,69,,54004,22,0,18 7,0,102,,54015,10,0,18 7,0,100,,54019,10,0,18 7,0
609,'1911',852,,54041,10,0,18 7,0,100,,54025,10,0,18 7,0,100,,54037,10,0,18 7,0,100,,54027,10,0,18 7,0,101,,54040,10,0,18 7,0,100,,54023,10,0,18 7,0,100,,54039,10,0,18 7,0,100,,54029,10,0,18 7,0,100,,54038,10,0,18 7,0,100,,54026,10,0,18 7,0,99,,54036,10,0,18 7,0,100,,54024,10,0,18 7,0
609,'1912',852,,54077,10,0,18 7,0,100,,54061,10,0,18 7,0,100,,54073,10,0,18 7,0,100,,54063,10,0,18 7,0,101,,54076,10,0,18 7,0,100,,54059,10,0,18 7,0,100,,54075,10,0,18 7,0,100,,54065,10,0,18 7,0,100,,54074,10,0,18 7,0,100,,54062,10,0,18 7,0,99,,54072,10,0,18 7,0,100,,54060,10,0,18 7,0
15029,'1907',747,,55175,63,,,0,95,,55181,63,,,0,100,,55174,63,,,0,100,,55173,63,,,0,102,,55180,63,,,0,100,,55178,63,,,0,100,,55177,63,,,0,102,,55172,63,,,0,100,,55170,63,,,0,99,,55171,63,,,0,99,,55176,63,,,0,99,,55182,63,,,0,100,,55179,63,,,0,100,,55183,63,,,0
15029,'1909',618,,55184,23,,,0,20,,55185,23,,,0,72,,55186,63,,,0,37,,55187,63,,,0,70,,55188,63,,,0,31,,55189,63,,,0,71,,55190,63,,,0,28,,55191,63,,,0,68,,55192,63,,,0,30,,55193,63,,,0,70,,55194,63,,,0,30,,55195,63,,,0,70,,55196,63,,,0,30,,55197,63,,,0,70,,55198,63,,,0,30,,55199,63,,,0,70,,55200,63,,,0,31,,55201,63,,,0,74,,55202,63,,,0,33,,55203,63,,,0,73,,55204,63,,,0,30,,55205,63,,,0,67,,55206,63,,,0,26,,55207,63,,,0,68,,55208,63,,,0,27,,55209,63,,,0,69,,55210,63,,,0,30,,55211,63,,,0,70,,55212,63,,,0,30,,55216,63,,,0,69,,55213,63,,,0,97,,55214,63,,,0,100,,55215,63,,,0
15029,'1910',613,,55231,23,,,0,138,,55219,63,,,0,93,,55220,63,,,0,100,,55221,63,,,0,101,,55222,63,,,0,101,,55223,63,,,0,100,,55224,63,,,0,100,,55225,63,,,0,104,,55226,63,,,0,100,,55227,63,,,0,99,,55228,63,,,0,100,,55229,63,,,0,100,,55230,63,,,0,96,,55217,63,,,0,100,,55218,63,,,0
15029,'1911',747,,55237,63,,,0,95,,55243,63,,,0,100,,55236,63,,,0,100,,55235,63,,,0,102,,55242,63,,,0,100,,55240,63,,,0,100,,55239,63,,,0,102,,55234,63,,,0,100,,55232,63,,,0,99,,55233,63,,,0,99,,55238,63,,,0,99,,55244,63,,,0,100,,55241,63,,,0,100,,55245,63,,,0
15029,'1912',747,,55251,63,,,0,95,,55257,63,,,0,100,,55250,63,,,0,100,,55249,63,,,0,102,,55256,63,,,0,100,,55254,63,,,0,100,,55253,63,,,0,102,,55248,63,,,0,100,,55246,63,,,0,99,,55247,63,,,0,99,,55252,63,,,0,99,,55258,63,,,0,100,,55255,63,,,0,100,,55259,63,,,0
501029,'1907',559,,56352,2,,,0,70,,56381,2,,,0,20,,56369,14,,,0,70,,56380,14,,,0,30,,56368,14,,,0,70,,56379,14,,,0,30,,56367,14,,,0,70,,56382,14,,,0,31,,56370,14,,,0,75,,56378,14,,,0,15,,56398,14,,,0,15,,56359,14,,,0,56,,56402,14,,,0,16,,56371,14,,,0,15,,56404,14,,,0,15,,56360,14,,,0,55,,56391,14,,,0,15,,56372,14,,,0,15,,56394,14,,,0,15,,56354,14,,,0,55,,56397,14,,,0,15,,56377,14,,,0,15,,56400,14,,,0,15,,56355,14,,,0,55,,56405,14,,,0,15,,56376,14,,,0,15,,56390,14,,,0,15,,56357,14,,,0,55,,56393,14,,,0,15,,56374,14,,,0,15,,56396,14,,,0,15,,56353,14,,,0,55,,56401,14,,,0,15,,56373,14,,,0,15,,56403,14,,,0,15,,56358,14,,,0,55,,56389,14,,,0,14,,56375,14,,,0,15,,56392,14,,,0,15,,56356,14,,,0,55,,56395,14,,,0,15,,56385,14,,,0,30,,56366,14,,,0,71,,56388,14,,,0,15,,56399,14,,,0,10,,56365,14,,,0,68,,56384,14,,,0,29,,56364,14,,,0,70,,56386,14,,,0,30,,56363,14,,,0,70,,56387,14,,,0,30,,56362,14,,,0,70,,56383,14,,,0,26,,56361,14,,,0
501029,'1909',555,,56408,14,,,0,71,,56477,2,,,0,27,,56409,14,,,0,50,,56475,14,,,0,10,,56410,14,,,0,10,,56411,14,,,0,20,,56412,14,,,0,15,,56413,14,,,0,57,,56414,14,,,0,12,,56415,14,,,0,13,,56416,14,,,0,5,,56474,14,,,0,5,,56417,14,,,0,51,,56418,14,,,0,15,,56419,14,,,0,12,,56420,14,,,0,15,,56421,14,,,0,15,,56422,14,,,0,55,,56423,14,,,0,15,,56424,14,,,0,15,,56425,14,,,0,15,,56426,14,,,0,55,,56427,14,,,0,16,,56428,14,,,0,15,,56429,14,,,0,15,,56430,14,,,0,55,,56431,14,,,0,15,,56432,14,,,0,15,,56433,14,,,0,15,,56434,14,,,0,55,,56435,14,,,0,15,,56436,14,,,0,15,,56437,14,,,0,15,,56438,14,,,0,55,,56439,14,,,0,16,,56440,14,,,0,16,,56441,14,,,0,9,,56478,2,,,0,48,,56406,14,,,0,15,,56407,14,,,0,12,,56442,14,,,0,6,,56473,14,,,0,6,,56443,14,,,0,12,,56444,14,,,0,52,,56445,14,,,0,12,,56446,14,,,0,12,,56447,14,,,0,6,,56476,14,,,0,6,,56448,14,,,0,12,,56449,14,,,0,52,,56450,14,,,0,9,,56451,14,,,0,12,,56452,14,,,0,11,,56453,14,,,0,10,,56454,14,,,0,52,,56455,14,,,0,12,,56456,14,,,0,12,,56457,14,,,0,12,,56458,14,,,0,12,,56459,14,,,0,52,,56460,14,,,0,12,,56461,14,,,0,15,,56462,14,,,0,15,,56463,14,,,0,15,,56464,14,,,0,70,,56465,14,,,0,30,,56466,14,,,0,68,,56467,14,,,0,25,,56468,14,,,0,70,,56469,14,,,0,30,,56470,14,,,0,70,,56471,14,,,0,26,,56472,14,,,0
501029,'1910',559,,56490,2,,,0,70,,56496,2,,,0,21,,56489,14,,,0,75,,56494,14,,,0,15,,56529,14,,,0,15,,56488,14,,,0,70,,56495,14,,,0,30,,56487,14,,,0,70,,56493,14,,,0,30,,56486,14,,,0,55,,56479,14,,,0,15,,56492,14,,,0,16,,56491,14,,,0,16,,56504,14,,,0,55,,56513,14,,,0,15,,56530,14,,,0,15,,56522,14,,,0,15,,56505,14,,,0,55,,56514,14,,,0,16,,56531,14,,,0,15,,56523,14,,,0,15,,56506,14,,,0,55,,56515,14,,,0,15,,56532,14,,,0,15,,56524,14,,,0,15,,56507,14,,,0,55,,56516,14,,,0,15,,56533,14,,,0,15,,56525,14,,,0,15,,56508,14,,,0,55,,56517,14,,,0,15,,56534,14,,,0,15,,56526,14,,,0,15,,56509,14,,,0,55,,56518,14,,,0,15,,56535,14,,,0,15,,56527,14,,,0,15,,56510,14,,,0,55,,56519,14,,,0,15,,56512,14,,,0,15,,56528,14,,,0,15,,56511,14,,,0,55,,56520,14,,,0,15,,56501,14,,,0,15,,56503,14,,,0,15,,56485,14,,,0,55,,56521,14,,,0,14,,56502,14,,,0,15,,56537,14,,,0,15,,56484,14,,,0,68,,56499,14,,,0,25,,56483,14,,,0,70,,56500,14,,,0,30,,56482,14,,,0,70,,56498,14,,,0,28,,56481,14,,,0,70,,56497,14,,,0,27,,56480,14,,,0
501029,'1911',559,,56538,2,,,0,70,,56567,2,,,0,20,,56555,14,,,0,70,,56566,14,,,0,30,,56554,14,,,0,70,,56565,14,,,0,30,,56553,14,,,0,70,,56568,14,,,0,31,,56556,14,,,0,75,,56564,14,,,0,15,,56584,14,,,0,15,,56545,14,,,0,56,,56588,14,,,0,16,,56557,14,,,0,15,,56590,14,,,0,15,,56546,14,,,0,55,,56577,14,,,0,15,,56558,14,,,0,15,,56580,14,,,0,15,,56540,14,,,0,55,,56583,14,,,0,15,,56563,14,,,0,15,,56586,14,,,0,15,,56541,14,,,0,55,,56591,14,,,0,15,,56562,14,,,0,15,,56576,14,,,0,15,,56543,14,,,0,55,,56579,14,,,0,15,,56560,14,,,0,15,,56582,14,,,0,15,,56539,14,,,0,55,,56587,14,,,0,15,,56559,14,,,0,15,,56589,14,,,0,15,,56544,14,,,0,55,,56575,14,,,0,14,,56561,14,,,0,15,,56578,14,,,0,15,,56542,14,,,0,55,,56581,14,,,0,15,,56571,14,,,0,30,,56552,14,,,0,71,,56574,14,,,0,15,,56585,14,,,0,10,,56551,14,,,0,68,,56570,14,,,0,29,,56550,14,,,0,70,,56572,14,,,0,30,,56549,14,,,0,70,,56573,14,,,0,30,,56548,14,,,0,70,,56569,14,,,0,26,,56547,14,,,0
501029,'1912',559,,56592,2,,,0,70,,56621,2,,,0,20,,56609,14,,,0,70,,56620,14,,,0,30,,56608,14,,,0,70,,56619,14,,,0,30,,56607,14,,,0,70,,56622,14,,,0,31,,56610,14,,,0,75,,56618,14,,,0,15,,56638,14,,,0,15,,56599,14,,,0,56,,56642,14,,,0,16,,56611,14,,,0,15,,56644,14,,,0,15,,56600,14,,,0,55,,56631,14,,,0,15,,56612,14,,,0,15,,56634,14,,,0,15,,56594,14,,,0,55,,56637,14,,,0,15,,56617,14,,,0,15,,56640,14,,,0,15,,56595,14,,,0,55,,56645,14,,,0,15,,56616,14,,,0,15,,56630,14,,,0,15,,56597,14,,,0,55,,56633,14,,,0,15,,56614,14,,,0,15,,56636,14,,,0,15,,56593,14,,,0,55,,56641,14,,,0,15,,56613,14,,,0,15,,56643,14,,,0,15,,56598,14,,,0,55,,56629,14,,,0,14,,56615,14,,,0,15,,56632,14,,,0,15,,56596,14,,,0,55,,56635,14,,,0,15,,56625,14,,,0,30,,56606,14,,,0,71,,56628,14,,,0,15,,56639,14,,,0,10,,56605,14,,,0,68,,56624,14,,,0,29,,56604,14,,,0,70,,56626,14,,,0,30,,56603,14,,,0,70,,56627,14,,,0,30,,56602,14,,,0,70,,56623,14,,,0,26,,56601,14,,,0
