22019,'1907',700,,55639,13,0,19 2 36 26,0,59,,55638,13,0,19 2 36 26,0,100,,55632,15,,,0,94,,55633,15,,,0,100,,55626,15,,,0,100,,55631,15,,,0,100,,55627,15,,,0,100,,55628,15,,,0,100,,55625,15,,,0,100,,55629,15,,,0,99,,55630,15,,,0,101,,55634,13,0,19 2 36 26,0,99,,55635,13,0,19 2 36 26,0,100,,55636,13,0,19 2 36 26,0,107,,55637,13,0,19 2 36 26,0
22019,'1909',606,,55670,13,0,19 2 36 26,0,52,,55640,13,0,19 2 36 26,0,70,,55641,13,0,19 2 36 26,0,75,,55642,15,,,0,30,,55643,15,,,0,72,,55644,15,,,0,29,,55645,15,,,0,70,,55646,15,,,0,30,,55647,15,,,0,70,,55648,15,,,0,30,,55649,15,,,0,70,,55650,15,,,0,30,,55651,15,,,0,70,,55652,15,,,0,30,,55653,15,,,0,70,,55654,15,,,0,30,,55655,15,,,0,73,,55656,15,,,0,29,,55657,15,,,0,69,,55669,15,,,0,30,,55658,15,,,0,68,,55659,15,,,0,28,,55660,15,,,0,69,,55661,15,,,0,29,,55662,15,,,0,30,,55663,15,,,0,70,,55664,15,,,0,29,,55665,15,,,0,69,,55666,15,,,0,30,,55667,15,,,0,68,,55668,13,0,19 2 36 26,0
22019,'1910',632,,55701,13,0,19 2 36 26,0,23,,55694,13,0,19 2 36 26,0,70,,55690,13,0,19 2 36 26,0,30,,55695,13,0,19 2 36 26,0,70,,55691,13,0,19 2 36 26,0,31,,55671,15,,,0,72,,55672,15,,,0,30,,55673,15,,,0,70,,55674,15,,,0,30,,55675,15,,,0,70,,55676,15,,,0,30,,55677,15,,,0,70,,55678,15,,,0,31,,55679,15,,,0,70,,55680,15,,,0,30,,55681,15,,,0,70,,55682,15,,,0,71,,55683,15,,,0,30,,55684,15,,,0,70,,55685,15,,,0,30,,55686,15,,,0,29,,55687,15,,,0,70,,55688,15,,,0,29,,55696,13,0,19 2 36 26,0,70,,55692,13,0,19 2 36 26,0,30,,55697,13,0,19 2 36 26,0,67,,55689,13,0,19 2 36 26,0,30,,55698,13,0,19 2 36 26,0,69,,55693,13,0,19 2 36 26,0,30,,55699,13,0,19 2 36 26,0,70,,55700,13,0,19 2 36 26,0
22019,'1911',700,,55716,13,0,19 2 36 26,0,59,,55715,13,0,19 2 36 26,0,100,,55709,15,,,0,94,,55710,15,,,0,100,,55703,15,,,0,100,,55708,15,,,0,100,,55704,15,,,0,100,,55705,15,,,0,100,,55702,15,,,0,100,,55706,15,,,0,99,,55707,15,,,0,101,,55711,13,0,19 2 36 26,0,99,,55712,13,0,19 2 36 26,0,100,,55713,13,0,19 2 36 26,0,107,,55714,13,0,19 2 36 26,0
22019,'1912',700,,55731,13,0,19 2 36 26,0,59,,55730,13,0,19 2 36 26,0,100,,55724,15,,,0,94,,55725,15,,,0,100,,55718,15,,,0,100,,55723,15,,,0,100,,55719,15,,,0,100,,55720,15,,,0,100,,55717,15,,,0,100,,55721,15,,,0,99,,55722,15,,,0,101,,55726,13,0,19 2 36 26,0,99,,55727,13,0,19 2 36 26,0,100,,55728,13,0,19 2 36 26,0,107,,55729,13,0,19 2 36 26,0
601019,'1907',609,,57122,3,,,0
601019,'1909',641,,57178,3,,,0,65,,57190,3,,,0,715,,57152,3,,,0,30,,57189,3,,,0
601019,'1910',609,,57209,3,,,0
601019,'1911',609,,57244,3,,,0
602019,'1907',637,,57299,17,,,0,67,,57295,18,,,0,30,,57294,18,,,0,70,,57293,18,,,0,30,,57289,18,,,0,70,,57288,18,,,0,30,,57286,18,,,0,70,,57285,18,,,0,30,,57291,18,,,0,70,,57292,18,,,0,32,,57290,18,,,0,71,,57287,18,,,0,30,,57284,18,,,0,70,,57281,18,,,0,30,,57280,18,,,0,70,,57279,18,,,0,30,,57278,18,,,0,70,,57269,18,,,0,30,,57271,18,,,0,70,,57277,18,,,0,30,,57276,18,,,0,70,,57273,18,,,0,30,,57272,18,,,0,70,,57267,18,,,0,30,,57266,18,,,0,70,,57274,18,,,0,29,,57275,18,,,0,70,,57268,18,,,0,30,,57270,18,,,0,70,,57265,18,,,0,30,,57296,18,,,0,70,,57298,18,,,0,30,,57282,18,,,0,70,,57283,18,,,0,30,,57297,18,,,0
602019,'1909',625,,57324,17,,,0,29,,57304,17,0,19 2 11 2 36 26,0,60,,57348,17,0,19 2 11 2 36 26,0,15,,57316,17,0,19 2 11 2 36 26,0,15,,57303,17,0,19 2 11 2 36 26,0,15,,57306,17,0,19 2 11 2 36 26,0,55,,57317,17,0,19 2 11 2 36 26,0,15,,57311,17,0,19 2 11 2 36 26,0,15,,57326,17,0,19 2 11 2 36 26,0,15,,57307,17,0,19 2 11 2 36 26,0,56,,57342,18,,,0,22,,57338,17,,,0,70,,57339,17,,,0,30,,57337,17,,,0,70,,57336,17,,,0,30,,57335,17,,,0,70,,57334,17,,,0,30,,57340,17,,,0,70,,57333,17,,,0,30,,57300,17,,,0,70,,57301,17,,,0,28,,57302,17,,,0,67,,57314,17,0,19 2 11 2 36 26,0,13,,57321,17,0,19 2 11 2 36 26,0,15,,57315,17,0,19 2 11 2 36 26,0,15,,57320,17,0,19 2 11 2 36 26,0,55,,57308,17,0,19 2 11 2 36 26,0,15,,57319,17,0,19 2 11 2 36 26,0,15,,57313,17,0,19 2 11 2 36 26,0,15,,57323,17,0,19 2 11 2 36 26,0,14,,57312,17,0,19 2 11 2 36 26,0,54,,57318,17,0,19 2 11 2 36 26,0,14,,57309,17,0,19 2 11 2 36 26,0,15,,57322,17,0,19 2 11 2 36 26,0,15,,57305,17,0,19 2 11 2 36 26,0,55,,57325,17,0,19 2 11 2 36 26,0,15,,57310,17,0,19 2 11 2 36 26,0,18,,57341,18,,,0,57,,57332,18,,,0,30,,57327,18,,,0,12,,57345,18,,,0,58,,57331,18,,,0,30,,57330,18,,,0,70,,57328,18,,,0,29,,57329,18,,,0,70,,57343,18,,,0,30,,57347,18,,,0,70,,57344,18,,,0,36,,57346,18,,,0
602019,'1910',639,,57383,17,,,0,67,,57381,18,,,0,30,,57382,18,,,0,70,,57372,18,,,0,30,,57373,18,,,0,72,,57371,18,,,0,31,,57370,18,,,0,70,,57369,18,,,0,30,,57368,18,,,0,70,,57379,18,,,0,30,,57378,18,,,0,70,,57377,18,,,0,30,,57376,18,,,0,70,,57375,18,,,0,30,,57374,18,,,0,70,,57366,18,,,0,30,,57367,18,,,0,70,,57380,18,,,0,30,,57365,18,,,0,70,,57364,18,,,0,30,,57363,18,,,0,70,,57362,18,,,0,30,,57361,18,,,0,70,,57359,18,,,0,30,,57360,18,,,0,70,,57358,18,,,0,30,,57351,18,,,0,69,,57352,18,,,0,29,,57350,18,,,0,70,,57353,18,,,0,30,,57356,18,,,0,70,,57357,18,,,0,30,,57355,18,,,0,70,,57354,18,,,0,28,,57349,18,,,0
602019,'1911',637,,57418,17,,,0,67,,57414,18,,,0,30,,57413,18,,,0,70,,57412,18,,,0,30,,57408,18,,,0,70,,57407,18,,,0,30,,57405,18,,,0,70,,57404,18,,,0,30,,57410,18,,,0,70,,57411,18,,,0,32,,57409,18,,,0,71,,57406,18,,,0,30,,57403,18,,,0,70,,57400,18,,,0,30,,57399,18,,,0,70,,57398,18,,,0,30,,57397,18,,,0,70,,57388,18,,,0,30,,57390,18,,,0,70,,57396,18,,,0,30,,57395,18,,,0,70,,57392,18,,,0,30,,57391,18,,,0,70,,57386,18,,,0,30,,57385,18,,,0,70,,57393,18,,,0,29,,57394,18,,,0,70,,57387,18,,,0,30,,57389,18,,,0,70,,57384,18,,,0,30,,57415,18,,,0,70,,57417,18,,,0,30,,57401,18,,,0,70,,57402,18,,,0,30,,57416,18,,,0
602019,'1912',2236,,57419,18,,,0,70,,57420,18,,,0,30,,57421,18,,,0
