10029,'1907',823,,54596,31,,,0,30,,54597,31,,,0,70,,54598,31,,,0,30,,54599,31,,,0,70,,54600,31,,,0,30,,54601,31,,,0,70,,54602,31,,,0,30,,54603,31,,,0,71,,54604,31,,,0,32,,54605,31,,,0,70,,54587,31,,,0,30,,54590,31,,,0,70,,54582,31,,,0,30,,54589,31,,,0,70,,54588,31,,,0,30,,54591,31,,,0,70,,54584,31,,,0,30,,54592,31,,,0,70,,54585,31,,,0,30,,54593,31,,,0,69,,54586,31,,,0,28,,54594,31,,,0,70,,54583,31,,,0,30,,54595,31,,,0
10029,'1909',622,,54606,31,,,0,30,,54607,31,,,0,80,,54608,31,,,0,70,,54609,31,,,0,30,,54610,31,,,0,70,,54611,31,,,0,27,,54612,31,,,0,30,,54613,31,,,0,70,,54614,31,,,0,30,,54615,31,,,0,70,,54616,31,,,0,30,,54617,31,,,0,70,,54618,31,,,0,30,,54619,31,,,0,70,,54620,31,,,0,30,,54621,31,,,0,70,,54622,31,,,0,71,,54623,31,,,0,35,,54624,31,,,0,70,,54625,31,,,0,30,,54626,31,,,0,70,,54627,31,,,0,29,,54628,31,,,0,67,,54629,31,,,0,25,,54630,31,,,0,30,,54631,31,,,0,70,,54632,31,,,0,30,,54633,31,,,0,70,,54634,31,,,0,25,,54635,31,,,0,70,,54636,31,,,0,30,,54637,31,,,0,100,,54638,31,,,0
10029,'1910',723,,54640,31,,,0,30,,54641,31,,,0,70,,54642,31,,,0,30,,54643,31,,,0,70,,54644,31,,,0,30,,54645,31,,,0,71,,54646,31,,,0,32,,54647,31,,,0,70,,54648,31,,,0,30,,54649,31,,,0,70,,54650,31,,,0,30,,54651,31,,,0,70,,54652,31,,,0,30,,54653,31,,,0,70,,54654,31,,,0,30,,54655,31,,,0,70,,54656,31,,,0,30,,54657,31,,,0,70,,54658,31,,,0,30,,54659,31,,,0,70,,54660,31,,,0,30,,54661,31,,,0,70,,54662,31,,,0,30,,54663,31,,,0,69,,54664,31,,,0,28,,54639,31,,,0,100,,54665,31,,,0,100,,54666,31,,,0
10029,'1911',823,,54681,31,,,0,30,,54682,31,,,0,70,,54683,31,,,0,30,,54684,31,,,0,70,,54685,31,,,0,30,,54686,31,,,0,70,,54687,31,,,0,30,,54688,31,,,0,71,,54689,31,,,0,32,,54690,31,,,0,70,,54672,31,,,0,30,,54675,31,,,0,70,,54667,31,,,0,30,,54674,31,,,0,70,,54673,31,,,0,30,,54676,31,,,0,70,,54669,31,,,0,30,,54677,31,,,0,70,,54670,31,,,0,30,,54678,31,,,0,69,,54671,31,,,0,28,,54679,31,,,0,70,,54668,31,,,0,30,,54680,31,,,0
10029,'1912',823,,54705,31,,,0,30,,54706,31,,,0,70,,54707,31,,,0,30,,54708,31,,,0,70,,54709,31,,,0,30,,54710,31,,,0,70,,54711,31,,,0,30,,54712,31,,,0,71,,54713,31,,,0,32,,54714,31,,,0,70,,54696,31,,,0,30,,54699,31,,,0,70,,54691,31,,,0,30,,54698,31,,,0,70,,54697,31,,,0,30,,54700,31,,,0,70,,54693,31,,,0,30,,54701,31,,,0,70,,54694,31,,,0,30,,54702,31,,,0,69,,54695,31,,,0,28,,54703,31,,,0,70,,54692,31,,,0,30,,54704,31,,,0
15029,'1907',745,,55175,60,,,0,95,,55181,60,,,0,100,,55174,60,,,0,100,,55173,60,,,0,102,,55180,60,,,0,100,,55178,60,,,0,100,,55177,60,,,0,102,,55172,60,,,0,100,,55170,60,,,0,99,,55171,60,,,0,99,,55176,60,,,0,99,,55182,60,,,0,100,,55179,60,,,0,100,,55183,60,,,0
15029,'1909',616,,55184,20,,,0,20,,55185,20,,,0,72,,55186,60,,,0,37,,55187,60,,,0,70,,55188,60,,,0,31,,55189,60,,,0,71,,55190,60,,,0,28,,55191,60,,,0,68,,55192,60,,,0,30,,55193,60,,,0,70,,55194,60,,,0,30,,55195,60,,,0,70,,55196,60,,,0,30,,55197,60,,,0,70,,55198,60,,,0,30,,55199,60,,,0,70,,55200,60,,,0,31,,55201,60,,,0,74,,55202,60,,,0,33,,55203,60,,,0,73,,55204,60,,,0,30,,55205,60,,,0,67,,55206,60,,,0,26,,55207,60,,,0,68,,55208,60,,,0,27,,55209,60,,,0,69,,55210,60,,,0,30,,55211,60,,,0,70,,55212,60,,,0,30,,55216,60,,,0,69,,55213,60,,,0,97,,55214,60,,,0,100,,55215,60,,,0
15029,'1910',611,,55231,20,,,0,138,,55219,60,,,0,93,,55220,60,,,0,100,,55221,60,,,0,101,,55222,60,,,0,101,,55223,60,,,0,100,,55224,60,,,0,100,,55225,60,,,0,104,,55226,60,,,0,100,,55227,60,,,0,99,,55228,60,,,0,100,,55229,60,,,0,100,,55230,60,,,0,96,,55217,60,,,0,100,,55218,60,,,0
15029,'1911',745,,55237,60,,,0,95,,55243,60,,,0,100,,55236,60,,,0,100,,55235,60,,,0,102,,55242,60,,,0,100,,55240,60,,,0,100,,55239,60,,,0,102,,55234,60,,,0,100,,55232,60,,,0,99,,55233,60,,,0,99,,55238,60,,,0,99,,55244,60,,,0,100,,55241,60,,,0,100,,55245,60,,,0
15029,'1912',745,,55251,60,,,0,95,,55257,60,,,0,100,,55250,60,,,0,100,,55249,60,,,0,102,,55256,60,,,0,100,,55254,60,,,0,100,,55253,60,,,0,102,,55248,60,,,0,100,,55246,60,,,0,99,,55247,60,,,0,99,,55252,60,,,0,99,,55258,60,,,0,100,,55255,60,,,0,100,,55259,60,,,0
