1029,'1907',607,,53126,23,,,0,98,,53127,23,,,0,100,,53128,23,,,0,101,,53129,23,,,0,101,,53130,23,,,0,100,,53131,23,,,0,100,,53132,23,,,0,100,,53133,23,,,0,100,,53134,23,,,0,100,,53135,23,,,0,99,,53136,23,,,0,100,,53137,23,,,0,100,,53138,23,,,0,100,,53139,23,,,0,100,,53140,23,,,0,100,,53141,23,,,0,99,,53142,23,,,0,99,,53143,23,,,0
1029,'1909',605,,53153,23,,,0,35,,53154,23,,,0,66,,53174,23,,,0,30,,53150,23,,,0,70,,53145,23,,,0,30,,53178,23,,,0,73,,53148,23,,,0,30,,53155,23,,,0,70,,53173,23,,,0,30,,53152,23,,,0,70,,53144,23,,,0,30,,53177,23,,,0,70,,53149,23,,,0,30,,53156,23,,,0,70,,53172,23,,,0,30,,53151,23,,,0,70,,53146,23,,,0,30,,53175,23,,,0,71,,53147,23,,,0,30,,53157,23,,,0,70,,53171,23,,,0,30,,53160,23,,,0,70,,53159,23,,,0,29,,53158,23,,,0,67,,53164,23,,,0,30,,53163,23,,,0,70,,53162,23,,,0,30,,53161,23,,,0,70,,53176,23,,,0,29,,53170,23,,,0,70,,53169,23,,,0,30,,53168,23,,,0,70,,53167,23,,,0,30,,53166,23,,,0,65,,53165,23,,,0
1029,'1910',606,,53184,23,,,0,28,,53196,23,,,0,70,,53203,23,,,0,30,,53191,23,,,0,70,,53212,23,,,0,30,,53200,23,,,0,72,,53183,23,,,0,29,,53195,23,,,0,70,,53206,23,,,0,30,,53190,23,,,0,70,,53213,23,,,0,30,,53199,23,,,0,70,,53182,23,,,0,30,,53194,23,,,0,70,,53205,23,,,0,30,,53189,23,,,0,70,,53185,23,,,0,30,,53198,23,,,0,70,,53181,23,,,0,30,,53193,23,,,0,70,,53201,23,,,0,30,,53188,23,,,0,70,,53210,23,,,0,30,,53197,23,,,0,69,,53180,23,,,0,31,,53192,23,,,0,70,,53204,23,,,0,30,,53186,23,,,0,70,,53208,23,,,0,30,,53207,23,,,0,70,,53179,23,,,0,30,,53187,23,,,0,70,,53202,23,,,0,30,,53211,23,,,0,69,,53209,23,,,0
1029,'1911',607,,53214,23,,,0,98,,53215,23,,,0,100,,53216,23,,,0,101,,53217,23,,,0,101,,53218,23,,,0,100,,53219,23,,,0,100,,53220,23,,,0,100,,53221,23,,,0,100,,53222,23,,,0,100,,53223,23,,,0,99,,53224,23,,,0,100,,53225,23,,,0,100,,53226,23,,,0,100,,53227,23,,,0,100,,53228,23,,,0,100,,53229,23,,,0,99,,53230,23,,,0,99,,53231,23,,,0
1029,'1912',607,,53232,23,,,0,98,,53233,23,,,0,100,,53234,23,,,0,101,,53235,23,,,0,101,,53236,23,,,0,100,,53237,23,,,0,100,,53238,23,,,0,100,,53239,23,,,0,100,,53240,23,,,0,100,,53241,23,,,0,99,,53242,23,,,0,100,,53243,23,,,0,100,,53244,23,,,0,100,,53245,23,,,0,100,,53246,23,,,0,100,,53247,23,,,0,99,,53248,23,,,0,99,,53249,23,,,0
801019,'1907',751,,58439,6,0,12,0,70,,58435,6,0,12,0,30,,58443,6,0,12,0,70,,58432,6,0,12,0,30,,58427,6,0,12,0,70,,58437,6,0,12,0,30,,58450,6,0,12,0,70,,58441,6,0,12,0,30,,58438,6,0,12,0,70,,58447,6,0,12,0,30,,58433,6,0,12,0,70,,58444,6,0,12,0,30,,58446,6,0,12,0,70,,58442,6,0,12,0,30,,58429,6,0,12,0,70,,58448,6,0,12,0,30,,58434,6,0,12,0,70,,58430,6,0,12,0,30,,58445,6,0,12,0,70,,58428,6,0,12,0,30,,58431,6,0,12,0,70,,58449,6,0,12,0,30,,58426,6,0,12,0,71,,58436,6,0,12,0,30,,58451,6,0,12,0,70,,58440,6,0,12,0
801019,'1909',557,,58485,6,0,12,0,70,,58480,6,0,12,0,20,,58477,6,0,12,0,65,,58474,6,0,12,0,16,,58476,6,0,12,0,18,,58473,6,0,12,0,60,,58475,6,0,12,0,20,,58481,6,0,12,0,25,,58452,6,0,12,0,70,,58453,6,0,12,0,30,,58454,6,0,12,0,70,,58455,6,0,12,0,30,,58456,6,0,12,0,70,,58457,6,0,12,0,30,,58458,6,0,12,0,69,,58459,6,0,12,0,31,,58460,6,0,12,0,70,,58461,6,0,12,0,30,,58462,6,0,12,0,70,,58463,6,0,12,0,31,,58478,6,0,12,0,70,,58482,6,0,12,0,25,,58464,6,0,12,0,60,,58465,6,0,12,0,20,,58483,6,0,12,0,20,,58466,6,0,12,0,60,,58467,6,0,12,0,22,,58484,6,0,12,0,18,,58468,6,0,12,0,60,,58486,6,0,12,0,15,,58479,6,0,12,0,30,,58469,6,0,12,0,70,,58470,6,0,12,0,30,,58471,6,0,12,0,70,,58472,6,0,12,0
801019,'1910',752,,58489,6,0,12,0,70,,58490,6,0,12,0,30,,58491,6,0,12,0,70,,58488,6,0,12,0,30,,58487,6,0,12,0,70,,58506,6,0,12,0,30,,58507,6,0,12,0,70,,58510,6,0,12,0,30,,58496,6,0,12,0,70,,58505,6,0,12,0,30,,58503,6,0,12,0,70,,58509,6,0,12,0,30,,58498,6,0,12,0,70,,58511,6,0,12,0,30,,58501,6,0,12,0,70,,58502,6,0,12,0,30,,58497,6,0,12,0,70,,58512,6,0,12,0,30,,58495,6,0,12,0,70,,58504,6,0,12,0,30,,58500,6,0,12,0,70,,58508,6,0,12,0,30,,58499,6,0,12,0,70,,58492,6,0,12,0,30,,58493,6,0,12,0,70,,58494,6,0,12,0
801019,'1911',751,,58526,6,0,12,0,70,,58522,6,0,12,0,30,,58530,6,0,12,0,70,,58519,6,0,12,0,30,,58514,6,0,12,0,70,,58524,6,0,12,0,30,,58537,6,0,12,0,70,,58528,6,0,12,0,30,,58525,6,0,12,0,70,,58534,6,0,12,0,30,,58520,6,0,12,0,70,,58531,6,0,12,0,30,,58533,6,0,12,0,70,,58529,6,0,12,0,30,,58516,6,0,12,0,70,,58535,6,0,12,0,30,,58521,6,0,12,0,70,,58517,6,0,12,0,30,,58532,6,0,12,0,70,,58515,6,0,12,0,30,,58518,6,0,12,0,70,,58536,6,0,12,0,30,,58513,6,0,12,0,71,,58523,6,0,12,0,30,,58538,6,0,12,0,70,,58527,6,0,12,0
801019,'1912',751,,58552,6,0,12,0,70,,58548,6,0,12,0,30,,58556,6,0,12,0,70,,58545,6,0,12,0,30,,58540,6,0,12,0,70,,58550,6,0,12,0,30,,58563,6,0,12,0,70,,58554,6,0,12,0,30,,58551,6,0,12,0,70,,58560,6,0,12,0,30,,58546,6,0,12,0,70,,58557,6,0,12,0,30,,58559,6,0,12,0,70,,58555,6,0,12,0,30,,58542,6,0,12,0,70,,58561,6,0,12,0,30,,58547,6,0,12,0,70,,58543,6,0,12,0,30,,58558,6,0,12,0,70,,58541,6,0,12,0,30,,58544,6,0,12,0,70,,58562,6,0,12,0,30,,58539,6,0,12,0,71,,58549,6,0,12,0,30,,58564,6,0,12,0,70,,58553,6,0,12,0
