1029,'1907',618,,53126,38,,,0,100,,53127,38,,,0,100,,53128,38,,,0,100,,53129,38,,,0,101,,53130,38,,,0,100,,53131,38,,,0,100,,53132,38,,,0,100,,53133,38,,,0,100,,53134,38,,,0,100,,53135,38,,,0,100,,53136,38,,,0,100,,53137,38,,,0,100,,53138,38,,,0,100,,53139,38,,,0,100,,53140,38,,,0,100,,53141,38,,,0,100,,53142,38,,,0,95,,53143,38,,,0
1029,'1909',618,,53153,38,,,0,35,,53154,38,,,0,71,,53174,38,,,0,30,,53150,38,,,0,70,,53145,38,,,0,30,,53178,38,,,0,70,,53148,38,,,0,30,,53155,38,,,0,70,,53173,38,,,0,30,,53152,38,,,0,70,,53144,38,,,0,30,,53177,38,,,0,70,,53149,38,,,0,30,,53156,38,,,0,70,,53172,38,,,0,30,,53151,38,,,0,70,,53146,38,,,0,31,,53175,38,,,0,72,,53147,38,,,0,30,,53157,38,,,0,70,,53171,38,,,0,30,,53160,38,,,0,70,,53159,38,,,0,27,,53158,38,,,0,65,,53164,38,,,0,30,,53163,38,,,0,70,,53162,38,,,0,30,,53161,38,,,0,70,,53176,38,,,0,30,,53170,38,,,0,70,,53169,38,,,0,30,,53168,38,,,0,70,,53167,38,,,0,30,,53166,38,,,0,65,,53165,38,,,0
1029,'1910',618,,53184,38,,,0,30,,53196,38,,,0,70,,53203,38,,,0,30,,53191,38,,,0,70,,53212,38,,,0,30,,53200,38,,,0,71,,53183,38,,,0,30,,53195,38,,,0,70,,53206,38,,,0,30,,53190,38,,,0,70,,53213,38,,,0,30,,53199,38,,,0,70,,53182,38,,,0,30,,53194,38,,,0,70,,53205,38,,,0,30,,53189,38,,,0,70,,53185,38,,,0,30,,53198,38,,,0,70,,53181,38,,,0,30,,53193,38,,,0,70,,53201,38,,,0,30,,53188,38,,,0,70,,53210,38,,,0,30,,53197,38,,,0,69,,53180,38,,,0,31,,53192,38,,,0,70,,53204,38,,,0,30,,53186,38,,,0,70,,53208,38,,,0,30,,53207,38,,,0,70,,53179,38,,,0,30,,53187,38,,,0,70,,53202,38,,,0,30,,53211,38,,,0,68,,53209,38,,,0
1029,'1911',618,,53214,38,,,0,100,,53215,38,,,0,100,,53216,38,,,0,100,,53217,38,,,0,101,,53218,38,,,0,100,,53219,38,,,0,100,,53220,38,,,0,100,,53221,38,,,0,100,,53222,38,,,0,100,,53223,38,,,0,100,,53224,38,,,0,100,,53225,38,,,0,100,,53226,38,,,0,100,,53227,38,,,0,100,,53228,38,,,0,100,,53229,38,,,0,100,,53230,38,,,0,95,,53231,38,,,0
1029,'1912',618,,53232,38,,,0,100,,53233,38,,,0,100,,53234,38,,,0,100,,53235,38,,,0,101,,53236,38,,,0,100,,53237,38,,,0,100,,53238,38,,,0,100,,53239,38,,,0,100,,53240,38,,,0,100,,53241,38,,,0,100,,53242,38,,,0,100,,53243,38,,,0,100,,53244,38,,,0,100,,53245,38,,,0,100,,53246,38,,,0,100,,53247,38,,,0,100,,53248,38,,,0,95,,53249,38,,,0
2029,'1907',633,,53401,35,,,0,70,,53409,35,,,0,31,,53420,35,,,0,70,,53415,35,,,0,30,,53402,35,,,0,70,,53410,35,,,0,30,,53421,35,,,0,70,,53416,35,,,0,30,,53403,35,,,0,70,,53411,35,,,0,30,,53422,35,,,0,70,,53417,35,,,0,30,,53404,35,,,0,70,,53412,35,,,0,30,,53423,35,,,0,70,,53418,35,,,0,30,,53405,35,,,0,70,,53413,35,,,0,30,,53424,35,,,0,70,,53419,35,,,0,30,,53406,35,,,0,70,,53414,35,,,0,30,,53425,35,,,0,100,,53407,35,,,0,99,,53426,35,,,0,100,,53408,35,,,0,101,,53427,35,,,0,100,,53400,35,,,0
2029,'1909',538,,53450,20,,,0,65,,53433,35,,,0,30,,53434,35,,,0,71,,53435,35,,,0,29,,53436,35,,,0,71,,53437,35,,,0,30,,53438,35,,,0,70,,53439,35,,,0,30,,53440,35,,,0,70,,53441,35,,,0,30,,53464,35,,,0,70,,53460,35,,,0,30,,53466,35,,,0,70,,53462,35,,,0,30,,53463,35,,,0,70,,53459,35,,,0,30,,53465,35,,,0,70,,53461,35,,,0,31,,53467,35,,,0,71,,53442,35,,,0,34,,53443,35,,,0,70,,53444,35,,,0,30,,53445,35,,,0,70,,53446,35,,,0,29,,53447,35,,,0,66,,53448,35,,,0,29,,53449,35,,,0,70,,53453,35,,,0,30,,53454,35,,,0,100,,53455,35,,,0,100,,53456,35,,,0,100,,53452,35,,,0
2029,'1910',603,,53499,35,0,5 2 15 16 17,0,30,,53482,35,,,0,69,,53489,35,,,0,31,,53468,35,,,0,70,,53474,35,,,0,30,,53483,35,,,0,71,,53490,35,,,0,30,,53469,35,,,0,70,,53475,35,,,0,30,,53484,35,,,0,70,,53491,35,,,0,30,,53470,35,,,0,70,,53476,35,,,0,30,,53485,35,,,0,70,,53492,35,,,0,30,,53471,35,,,0,70,,53477,35,,,0,30,,53486,35,,,0,70,,53493,35,,,0,30,,53472,35,,,0,70,,53478,35,,,0,30,,53487,35,,,0,70,,53494,35,,,0,30,,53473,35,,,0,70,,53479,35,,,0,30,,53488,35,,,0,70,,53495,35,,,0,30,,53480,35,,,0,100,,53496,35,,,0,100,,53481,35,,,0,100,,53497,35,,,0
2029,'1911',633,,53503,35,,,0,70,,53511,35,,,0,31,,53522,35,,,0,70,,53517,35,,,0,30,,53504,35,,,0,70,,53512,35,,,0,30,,53523,35,,,0,70,,53518,35,,,0,30,,53505,35,,,0,70,,53513,35,,,0,30,,53524,35,,,0,70,,53519,35,,,0,30,,53506,35,,,0,70,,53514,35,,,0,30,,53525,35,,,0,70,,53520,35,,,0,30,,53507,35,,,0,70,,53515,35,,,0,30,,53526,35,,,0,70,,53521,35,,,0,30,,53508,35,,,0,70,,53516,35,,,0,30,,53527,35,,,0,100,,53509,35,,,0,99,,53528,35,,,0,100,,53510,35,,,0,101,,53529,35,,,0,100,,53502,35,,,0
2029,'1912',633,,53536,35,,,0,70,,53544,35,,,0,31,,53555,35,,,0,70,,53550,35,,,0,30,,53537,35,,,0,70,,53545,35,,,0,30,,53556,35,,,0,70,,53551,35,,,0,30,,53538,35,,,0,70,,53546,35,,,0,30,,53557,35,,,0,70,,53552,35,,,0,30,,53539,35,,,0,70,,53547,35,,,0,30,,53558,35,,,0,70,,53553,35,,,0,30,,53540,35,,,0,70,,53548,35,,,0,30,,53559,35,,,0,70,,53554,35,,,0,30,,53541,35,,,0,70,,53549,35,,,0,30,,53560,35,,,0,100,,53542,35,,,0,99,,53561,35,,,0,100,,53543,35,,,0,101,,53562,35,,,0,100,,53535,35,,,0
12029,'1909',643,,54902,14,,,0,71,,54899,14,,,0,30,,54892,14,,,0,69,,54900,14,,,0,31,,54893,14,,,0,70,,54879,5,,,0,30,,54880,5,,,0,70,,54881,5,,,0,30,,54882,5,,,0,70,,54883,5,,,0,30,,54884,5,,,0,70,,54885,5,,,0,30,,54886,5,,,0,70,,54887,5,,,0,30,,54888,5,,,0,70,,54889,5,,,0,30,,54895,14,,,0,71,,54898,14,,,0,30,,54890,14,,,0,70,,54897,14,,,0,30,,54891,14,,,0,70,,54901,14,,,0,29,,54894,14,,,0,70,,54896,14,,,0
14000001029,'1907',544,,58794,19,0,18 7,0,1811,,58788,19,,,0,69,,58792,19,,,0,30,,58793,19,,,0,70,,58790,19,,,0,30,,58791,19,,,0,70,,58789,19,,,0
14000001029,'1909',442,,58795,19,0,18 7,0,102,,58796,19,0,18 7,0,1811,,58798,19,,,0,69,,58799,19,,,0,30,,58802,19,,,0,70,,58797,19,,,0,30,,58800,19,,,0,70,,58801,19,,,0
14000001029,'1910',544,,58807,19,0,18 7,0,1811,,58809,19,,,0,69,,58804,19,,,0,30,,58803,19,,,0,70,,58805,19,,,0,30,,58808,19,,,0,70,,58806,19,,,0
14000001029,'1911',544,,58816,19,0,18 7,0,1811,,58810,19,,,0,69,,58814,19,,,0,30,,58815,19,,,0,70,,58812,19,,,0,30,,58813,19,,,0,70,,58811,19,,,0
14000001029,'1912',544,,58823,19,0,18 7,0,1811,,58817,19,,,0,69,,58821,19,,,0,30,,58822,19,,,0,70,,58819,19,,,0,30,,58820,19,,,0,70,,58818,19,,,0
