1019,'1907',628,,53000,35,,,0,100,,53001,35,,,0,101,,53002,35,,,0,100,,53003,35,,,0,100,,53004,35,,,0,102,,53005,35,,,0,100,,53006,35,,,0,100,,53007,35,,,0,100,,53008,35,,,0,100,,53009,35,,,0,100,,53010,35,,,0,100,,53011,35,,,0,100,,53012,35,,,0,98,,53013,35,,,0,100,,53014,35,,,0,100,,53015,35,,,0,102,,53016,35,,,0,95,,53017,35,,,0
1019,'1909',558,,53053,35,,,0,75,,53049,35,,,0,71,,53025,35,,,0,33,,53020,35,,,0,70,,53038,35,,,0,30,,53022,35,,,0,71,,53027,35,,,0,32,,53052,35,,,0,70,,53024,35,,,0,30,,53018,35,,,0,70,,53037,35,,,0,30,,53023,35,,,0,70,,53028,35,,,0,30,,53048,35,,,0,70,,53026,35,,,0,30,,53019,35,,,0,70,,53050,35,,,0,30,,53021,35,,,0,70,,53029,35,,,0,30,,53047,35,,,0,70,,53040,35,,,0,30,,53032,35,,,0,70,,53030,35,,,0,29,,53033,35,,,0,68,,53035,35,,,0,30,,53034,35,,,0,70,,53031,35,,,0,25,,53051,35,,,0,70,,53045,35,,,0,28,,53046,35,,,0,70,,53044,35,,,0,30,,53043,35,,,0,70,,53042,35,,,0,30,,53041,35,,,0,70,,53039,35,,,0,30,,53036,35,,,0
1019,'1910',559,,53089,35,,,0,70,,53078,35,,,0,30,,53064,35,,,0,70,,53083,35,,,0,30,,53073,35,,,0,70,,53058,35,,,0,30,,53079,35,,,0,70,,53081,35,,,0,30,,53063,35,,,0,72,,53084,35,,,0,70,,53072,35,,,0,30,,53057,35,,,0,70,,53067,35,,,0,30,,53077,35,,,0,70,,53062,35,,,0,30,,53085,35,,,0,70,,53071,35,,,0,30,,53056,35,,,0,70,,53066,35,,,0,30,,53076,35,,,0,70,,53061,35,,,0,30,,53086,35,,,0,70,,53070,35,,,0,30,,53055,35,,,0,70,,53065,35,,,0,30,,53075,35,,,0,70,,53059,35,,,0,28,,53087,35,,,0,30,,53068,35,,,0,70,,53054,35,,,0,30,,53060,35,,,0,70,,53074,35,,,0,74,,53069,35,,,0,30,,53088,35,,,0,70,,53082,35,,,0,25,,53080,35,,,0
1019,'1911',628,,53090,35,,,0,100,,53091,35,,,0,101,,53092,35,,,0,100,,53093,35,,,0,100,,53094,35,,,0,102,,53095,35,,,0,100,,53096,35,,,0,100,,53097,35,,,0,100,,53098,35,,,0,100,,53099,35,,,0,100,,53100,35,,,0,100,,53101,35,,,0,100,,53102,35,,,0,98,,53103,35,,,0,100,,53104,35,,,0,100,,53105,35,,,0,102,,53106,35,,,0,95,,53107,35,,,0
1019,'1912',628,,53108,35,,,0,100,,53109,35,,,0,101,,53110,35,,,0,100,,53111,35,,,0,100,,53112,35,,,0,102,,53113,35,,,0,100,,53114,35,,,0,100,,53115,35,,,0,100,,53116,35,,,0,100,,53117,35,,,0,100,,53118,35,,,0,100,,53119,35,,,0,100,,53120,35,,,0,98,,53121,35,,,0,100,,53122,35,,,0,100,,53123,35,,,0,102,,53124,35,,,0,95,,53125,35,,,0
1029,'1907',559,,53126,13,,,0,98,,53127,13,,,0,100,,53128,13,,,0,100,,53129,13,,,0,101,,53130,13,,,0,100,,53131,13,,,0,100,,53132,13,,,0,100,,53133,13,,,0,100,,53134,13,,,0,100,,53135,13,,,0,100,,53136,13,,,0,100,,53137,13,,,0,100,,53138,13,,,0,100,,53139,13,,,0,100,,53140,13,,,0,100,,53141,13,,,0,100,,53142,13,,,0,99,,53143,13,,,0
1029,'1909',557,,53153,13,,,0,75,,53154,13,,,0,25,,53174,13,,,0,70,,53150,13,,,0,30,,53145,13,,,0,70,,53178,13,,,0,73,,53148,13,,,0,30,,53155,13,,,0,70,,53173,13,,,0,30,,53152,13,,,0,70,,53144,13,,,0,30,,53177,13,,,0,70,,53149,13,,,0,30,,53156,13,,,0,70,,53172,13,,,0,30,,53151,13,,,0,70,,53146,13,,,0,30,,53175,13,,,0,71,,53147,13,,,0,30,,53157,13,,,0,70,,53171,13,,,0,30,,53160,13,,,0,70,,53159,13,,,0,30,,53158,13,,,0,27,,53164,13,,,0,70,,53163,13,,,0,30,,53162,13,,,0,70,,53161,13,,,0,30,,53176,13,,,0,69,,53170,13,,,0,30,,53169,13,,,0,70,,53168,13,,,0,30,,53167,13,,,0,70,,53166,13,,,0,25,,53165,13,,,0
1029,'1910',559,,53184,13,,,0,68,,53196,13,,,0,30,,53203,13,,,0,70,,53191,13,,,0,30,,53212,13,,,0,70,,53200,13,,,0,30,,53183,13,,,0,69,,53195,13,,,0,30,,53206,13,,,0,70,,53190,13,,,0,30,,53213,13,,,0,70,,53199,13,,,0,30,,53182,13,,,0,70,,53194,13,,,0,30,,53205,13,,,0,70,,53189,13,,,0,30,,53185,13,,,0,70,,53198,13,,,0,30,,53181,13,,,0,70,,53193,13,,,0,30,,53201,13,,,0,70,,53188,13,,,0,30,,53210,13,,,0,70,,53197,13,,,0,30,,53180,13,,,0,71,,53192,13,,,0,30,,53204,13,,,0,70,,53186,13,,,0,30,,53208,13,,,0,70,,53207,13,,,0,30,,53179,13,,,0,70,,53187,13,,,0,30,,53202,13,,,0,70,,53211,13,,,0,30,,53209,13,,,0
1029,'1911',559,,53214,13,,,0,98,,53215,13,,,0,100,,53216,13,,,0,100,,53217,13,,,0,101,,53218,13,,,0,100,,53219,13,,,0,100,,53220,13,,,0,100,,53221,13,,,0,100,,53222,13,,,0,100,,53223,13,,,0,100,,53224,13,,,0,100,,53225,13,,,0,100,,53226,13,,,0,100,,53227,13,,,0,100,,53228,13,,,0,100,,53229,13,,,0,100,,53230,13,,,0,99,,53231,13,,,0
1029,'1912',559,,53232,13,,,0,98,,53233,13,,,0,100,,53234,13,,,0,100,,53235,13,,,0,101,,53236,13,,,0,100,,53237,13,,,0,100,,53238,13,,,0,100,,53239,13,,,0,100,,53240,13,,,0,100,,53241,13,,,0,100,,53242,13,,,0,100,,53243,13,,,0,100,,53244,13,,,0,100,,53245,13,,,0,100,,53246,13,,,0,100,,53247,13,,,0,100,,53248,13,,,0,99,,53249,13,,,0
7019,'1907',738,,54100,15,,,0,101,,54101,15,,,0,100,,54109,15,,,0,101,,54102,15,,,0,100,,54103,15,,,0,100,,54104,15,,,0,100,,54105,15,,,0,101,,54106,15,,,0,100,,54107,15,,,0,99,,54108,15,,,0,100,,54096,15,,,0,99,,54097,15,,,0,99,,54095,15,,,0,100,,54099,15,,,0,100,,54098,15,,,0
7019,'1909',537,,54158,15,,,0,103,,54157,15,,,0,70,,54159,15,,,0,32,,54156,15,,,0,71,,54155,15,,,0,29,,54154,15,,,0,70,,54150,15,,,0,30,,54152,15,,,0,70,,54153,15,,,0,30,,54151,15,,,0,70,,54149,15,,,0,30,,54163,15,,,0,70,,54162,15,,,0,30,,54161,15,,,0,70,,54160,15,,,0,30,,54141,15,,,0,71,,54148,15,,,0,32,,54140,15,,,0,73,,54139,15,,,0,27,,54147,15,,,0,70,,54146,15,,,0,30,,54145,15,,,0,68,,54138,15,,,0,30,,54137,15,,,0,70,,54136,15,,,0,30,,54144,15,,,0,69,,54143,15,,,0,28,,54135,15,,,0,70,,54142,15,,,0,30,,54134,15,,,0,99,,54132,15,,,0,99,,54133,15,,,0,100,,54168,15,,,0
7019,'1910',639,,54181,15,,,0,69,,54174,15,,,0,30,,54182,15,,,0,70,,54175,15,,,0,32,,54183,15,,,0,70,,54176,15,,,0,30,,54184,15,,,0,71,,54177,15,,,0,30,,54185,15,,,0,70,,54178,15,,,0,30,,54186,15,,,0,70,,54179,15,,,0,30,,54187,15,,,0,70,,54180,15,,,0,30,,54188,15,,,0,70,,54193,15,,,0,30,,54189,15,,,0,70,,54195,15,,,0,30,,54190,15,,,0,70,,54194,15,,,0,30,,54191,15,,,0,70,,54196,15,,,0,30,,54192,15,,,0,70,,54199,15,,,0,29,,54169,15,,,0,69,,54197,15,,,0,30,,54170,15,,,0,70,,54198,15,,,0,30,,54171,15,,,0,99,,54172,15,,,0,100,,54173,15,,,0
7019,'1911',738,,54208,15,,,0,101,,54209,15,,,0,100,,54217,15,,,0,101,,54210,15,,,0,100,,54211,15,,,0,100,,54212,15,,,0,100,,54213,15,,,0,101,,54214,15,,,0,100,,54215,15,,,0,99,,54216,15,,,0,100,,54204,15,,,0,99,,54205,15,,,0,99,,54203,15,,,0,100,,54207,15,,,0,100,,54206,15,,,0
7019,'1912',738,,54243,15,,,0,101,,54244,15,,,0,100,,54252,15,,,0,101,,54245,15,,,0,100,,54246,15,,,0,100,,54247,15,,,0,100,,54248,15,,,0,101,,54249,15,,,0,100,,54250,15,,,0,99,,54251,15,,,0,100,,54239,15,,,0,99,,54240,15,,,0,99,,54238,15,,,0,100,,54242,15,,,0,100,,54241,15,,,0
22029,'1907',715,,55746,14,0,19 2 34 21,0,99,,55732,16,,,0,100,,55733,16,,,0,100,,55734,16,,,0,100,,55735,16,,,0,100,,55736,16,,,0,101,,55737,16,,,0,100,,55738,16,,,0,100,,55739,16,,,0,100,,55740,16,,,0,99,,55741,16,,,0,100,,55745,14,0,19 2 34 21,0,100,,55742,14,0,19 2 34 21,0,99,,55743,14,0,19 2 34 21,0,100,,55744,14,0,19 2 34 21,0
22029,'1909',649,,55748,14,0,19 2 34 21,0,73,,55749,14,0,19 2 34 21,0,30,,55750,14,0,19 2 34 21,0,73,,55751,14,0,19 2 34 21,0,30,,55752,14,0,19 2 34 21,0,71,,55753,16,,,0,27,,55754,16,,,0,70,,55759,16,,,0,30,,55755,16,,,0,70,,55760,16,,,0,30,,55756,16,,,0,70,,55747,16,,,0,30,,55757,16,,,0,70,,55758,16,,,0,31,,55761,16,,,0,70,,55762,16,,,0,30,,55763,16,,,0,70,,55764,16,,,0,32,,55765,16,,,0,70,,55766,16,,,0,30,,55767,16,,,0,67,,55768,16,,,0,30,,55769,16,,,0,70,,55770,16,,,0,28,,55771,16,,,0,70,,55772,16,,,0,30,,55773,16,,,0,64,,55774,16,,,0,30,,55775,16,,,0,70,,55776,16,,,0,27,,55777,14,0,19 2 34 21,0,172,,55779,14,0,19 2 34 21,0,36,,55778,14,0,19 2 34 21,0
22029,'1910',616,,55811,14,0,19 2 34 21,0,30,,55810,14,0,19 2 34 21,0,65,,55803,14,0,19 2 34 21,0,30,,55798,14,0,19 2 34 21,0,70,,55804,14,0,19 2 34 21,0,31,,55780,16,,,0,70,,55781,16,,,0,30,,55782,16,,,0,72,,55783,16,,,0,30,,55784,16,,,0,70,,55785,16,,,0,30,,55786,16,,,0,70,,55787,16,,,0,31,,55788,16,,,0,70,,55789,16,,,0,31,,55790,16,,,0,69,,55791,16,,,0,31,,55792,16,,,0,70,,55793,16,,,0,30,,55794,16,,,0,70,,55795,16,,,0,29,,55796,16,,,0,69,,55797,16,,,0,29,,55799,14,0,19 2 34 21,0,69,,55805,14,0,19 2 34 21,0,30,,55800,14,0,19 2 34 21,0,70,,55806,14,0,19 2 34 21,0,30,,55801,14,0,19 2 34 21,0,70,,55807,14,0,19 2 34 21,0,30,,55802,14,0,19 2 34 21,0,67,,55808,14,0,19 2 34 21,0,33,,55809,14,0,19 2 34 21,0
22029,'1911',715,,55826,14,0,19 2 34 21,0,99,,55812,16,,,0,100,,55813,16,,,0,100,,55814,16,,,0,100,,55815,16,,,0,100,,55816,16,,,0,101,,55817,16,,,0,100,,55818,16,,,0,100,,55819,16,,,0,100,,55820,16,,,0,99,,55821,16,,,0,100,,55825,14,0,19 2 34 21,0,100,,55822,14,0,19 2 34 21,0,99,,55823,14,0,19 2 34 21,0,100,,55824,14,0,19 2 34 21,0
22029,'1912',715,,55841,14,0,19 2 34 21,0,99,,55827,16,,,0,100,,55828,16,,,0,100,,55829,16,,,0,100,,55830,16,,,0,100,,55831,16,,,0,101,,55832,16,,,0,100,,55833,16,,,0,100,,55834,16,,,0,100,,55835,16,,,0,99,,55836,16,,,0,100,,55840,14,0,19 2 34 21,0,100,,55837,14,0,19 2 34 21,0,99,,55838,14,0,19 2 34 21,0,100,,55839,14,0,19 2 34 21,0
