1029,'1907',555,,53126,4,,,0,98,,53127,4,,,0,100,,53128,4,,,0,100,,53129,4,,,0,100,,53130,4,,,0,100,,53131,4,,,0,100,,53132,4,,,0,100,,53133,4,,,0,100,,53134,4,,,0,100,,53135,4,,,0,100,,53136,4,,,0,100,,53137,4,,,0,100,,53138,4,,,0,100,,53139,4,,,0,100,,53140,4,,,0,100,,53141,4,,,0,100,,53142,4,,,0,100,,53143,4,,,0
1029,'1909',552,,53153,4,,,0,75,,53154,4,,,0,25,,53174,4,,,0,69,,53150,4,,,0,30,,53145,4,,,0,70,,53178,4,,,0,33,,53148,4,,,0,70,,53155,4,,,0,30,,53173,4,,,0,70,,53152,4,,,0,30,,53144,4,,,0,70,,53177,4,,,0,30,,53149,4,,,0,70,,53156,4,,,0,30,,53172,4,,,0,70,,53151,4,,,0,30,,53146,4,,,0,70,,53175,4,,,0,31,,53147,4,,,0,70,,53157,4,,,0,30,,53171,4,,,0,70,,53160,4,,,0,30,,53159,4,,,0,70,,53158,4,,,0,28,,53164,4,,,0,70,,53163,4,,,0,30,,53162,4,,,0,70,,53161,4,,,0,30,,53176,4,,,0,70,,53170,4,,,0,30,,53169,4,,,0,70,,53168,4,,,0,30,,53167,4,,,0,70,,53166,4,,,0,25,,53165,4,,,0
1029,'1910',555,,53184,4,,,0,68,,53196,4,,,0,30,,53203,4,,,0,70,,53191,4,,,0,30,,53212,4,,,0,70,,53200,4,,,0,30,,53183,4,,,0,67,,53195,4,,,0,30,,53206,4,,,0,70,,53190,4,,,0,30,,53213,4,,,0,70,,53199,4,,,0,30,,53182,4,,,0,70,,53194,4,,,0,30,,53205,4,,,0,70,,53189,4,,,0,30,,53185,4,,,0,70,,53198,4,,,0,30,,53181,4,,,0,70,,53193,4,,,0,30,,53201,4,,,0,70,,53188,4,,,0,30,,53210,4,,,0,70,,53197,4,,,0,30,,53180,4,,,0,73,,53192,4,,,0,30,,53204,4,,,0,70,,53186,4,,,0,30,,53208,4,,,0,70,,53207,4,,,0,30,,53179,4,,,0,70,,53187,4,,,0,30,,53202,4,,,0,70,,53211,4,,,0,30,,53209,4,,,0
1029,'1911',555,,53214,4,,,0,98,,53215,4,,,0,100,,53216,4,,,0,100,,53217,4,,,0,100,,53218,4,,,0,100,,53219,4,,,0,100,,53220,4,,,0,100,,53221,4,,,0,100,,53222,4,,,0,100,,53223,4,,,0,100,,53224,4,,,0,100,,53225,4,,,0,100,,53226,4,,,0,100,,53227,4,,,0,100,,53228,4,,,0,100,,53229,4,,,0,100,,53230,4,,,0,100,,53231,4,,,0
1029,'1912',555,,53232,4,,,0,98,,53233,4,,,0,100,,53234,4,,,0,100,,53235,4,,,0,100,,53236,4,,,0,100,,53237,4,,,0,100,,53238,4,,,0,100,,53239,4,,,0,100,,53240,4,,,0,100,,53241,4,,,0,100,,53242,4,,,0,100,,53243,4,,,0,100,,53244,4,,,0,100,,53245,4,,,0,100,,53246,4,,,0,100,,53247,4,,,0,100,,53248,4,,,0,100,,53249,4,,,0
2029,'1907',606,,53401,3,,,0,30,,53409,3,,,0,67,,53420,3,,,0,28,,53415,3,,,0,70,,53402,3,,,0,30,,53410,3,,,0,70,,53421,3,,,0,30,,53416,3,,,0,70,,53403,3,,,0,30,,53411,3,,,0,70,,53422,3,,,0,30,,53417,3,,,0,70,,53404,3,,,0,30,,53412,3,,,0,70,,53423,3,,,0,30,,53418,3,,,0,70,,53405,3,,,0,30,,53413,3,,,0,70,,53424,3,,,0,30,,53419,3,,,0,70,,53406,3,,,0,30,,53414,3,,,0,70,,53425,3,,,0,29,,53429,3,0,5 2 13 14,0,71,,53407,3,,,0,29,,53428,3,0,5 2 13 14,0,70,,53426,3,,,0,100,,53408,3,,,0,101,,53427,3,,,0,100,,53400,3,,,0,54,,53430,3,0,5 2 13 14,0,100,,53431,3,0,5 2 13 14,0
2029,'1909',533,,53433,3,,,0,70,,53434,3,,,0,26,,53435,3,,,0,29,,53436,3,,,0,69,,53437,3,,,0,30,,53438,3,,,0,70,,53439,3,,,0,73,,53440,3,,,0,31,,53441,3,,,0,71,,53464,3,,,0,30,,53460,3,,,0,70,,53466,3,,,0,30,,53462,3,,,0,70,,53463,3,,,0,30,,53459,3,,,0,70,,53465,3,,,0,30,,53461,3,,,0,70,,53467,3,,,0,30,,53442,3,,,0,74,,53443,3,,,0,30,,53444,3,,,0,70,,53445,3,,,0,30,,53446,3,,,0,70,,53447,3,,,0,28,,53448,3,,,0,67,,53449,3,,,0,30,,53453,3,,,0,70,,53454,3,,,0,30,,53457,3,0,5 2 13 14,0,70,,53455,3,,,0,57,,53456,3,,,0,100,,53452,3,,,0,100,,53451,3,0,5 2 13 14,0,97,,53458,3,0,5 2 13 14,0
2029,'1910',536,,53499,3,0,5 2 15 16 17,0,70,,53482,3,,,0,30,,53489,3,,,0,65,,53468,3,,,0,30,,53474,3,,,0,70,,53483,3,,,0,30,,53490,3,,,0,70,,53469,3,,,0,30,,53475,3,,,0,70,,53484,3,,,0,30,,53491,3,,,0,70,,53470,3,,,0,30,,53476,3,,,0,70,,53485,3,,,0,30,,53492,3,,,0,70,,53471,3,,,0,30,,53477,3,,,0,70,,53486,3,,,0,30,,53493,3,,,0,70,,53472,3,,,0,30,,53478,3,,,0,70,,53487,3,,,0,30,,53494,3,,,0,70,,53473,3,,,0,30,,53479,3,,,0,70,,53488,3,,,0,30,,53495,3,,,0,69,,53480,3,,,0,30,,53501,3,0,5 2 13 14,0,70,,53496,3,,,0,100,,53481,3,,,0,100,,53497,3,,,0,56,,53498,3,0,5 2 13 14,0,98,,53500,3,0,5 2 13 14,0
2029,'1911',606,,53503,3,,,0,30,,53511,3,,,0,67,,53522,3,,,0,28,,53517,3,,,0,70,,53504,3,,,0,30,,53512,3,,,0,70,,53523,3,,,0,30,,53518,3,,,0,70,,53505,3,,,0,30,,53513,3,,,0,70,,53524,3,,,0,30,,53519,3,,,0,70,,53506,3,,,0,30,,53514,3,,,0,70,,53525,3,,,0,30,,53520,3,,,0,70,,53507,3,,,0,30,,53515,3,,,0,70,,53526,3,,,0,30,,53521,3,,,0,70,,53508,3,,,0,30,,53516,3,,,0,70,,53527,3,,,0,29,,53531,3,0,5 2 13 14,0,71,,53509,3,,,0,29,,53530,3,0,5 2 13 14,0,70,,53528,3,,,0,100,,53510,3,,,0,101,,53529,3,,,0,100,,53502,3,,,0,54,,53532,3,0,5 2 13 14,0,100,,53533,3,0,5 2 13 14,0
2029,'1912',606,,53536,3,,,0,30,,53544,3,,,0,67,,53555,3,,,0,28,,53550,3,,,0,70,,53537,3,,,0,30,,53545,3,,,0,70,,53556,3,,,0,30,,53551,3,,,0,70,,53538,3,,,0,30,,53546,3,,,0,70,,53557,3,,,0,30,,53552,3,,,0,70,,53539,3,,,0,30,,53547,3,,,0,70,,53558,3,,,0,30,,53553,3,,,0,70,,53540,3,,,0,30,,53548,3,,,0,70,,53559,3,,,0,30,,53554,3,,,0,70,,53541,3,,,0,30,,53549,3,,,0,70,,53560,3,,,0,29,,53564,3,0,5 2 13 14,0,71,,53542,3,,,0,29,,53563,3,0,5 2 13 14,0,70,,53561,3,,,0,100,,53543,3,,,0,101,,53562,3,,,0,100,,53535,3,,,0,54,,53565,3,0,5 2 13 14,0,100,,53566,3,0,5 2 13 14,0
