2019,'1907',711,,59137,39,,,0,30,,59114,39,,,0,70,,59118,39,,,0,30,,59130,39,,,0,72,,59125,39,,,0,30,,59115,39,,,0,70,,59119,39,,,0,30,,59131,39,,,0,70,,59126,39,,,0,30,,59116,39,,,0,70,,59120,39,,,0,30,,59132,39,,,0,70,,59127,39,,,0,30,,59117,39,,,0,70,,59121,39,,,0,30,,59133,39,,,0,70,,59128,39,,,0,30,,59112,39,,,0,70,,59122,39,,,0,30,,59134,39,,,0,70,,59129,39,,,0,30,,59110,39,,,0,70,,59123,39,,,0,30,,59135,39,,,0,100,,59111,39,,,0,99,,59136,39,,,0,100,,59113,39,,,0,100,,59124,39,,,0,99,,59138,39,,,0
2019,'1909',506,,59170,30,0,5 2 13 14,0,136,,59139,39,,,0,71,,59140,39,,,0,30,,59141,39,,,0,70,,59142,39,,,0,31,,59143,39,,,0,71,,59144,39,,,0,31,,59161,39,,,0,70,,59162,39,,,0,30,,59163,39,,,0,70,,59164,39,,,0,30,,59165,39,,,0,70,,59166,39,,,0,30,,59167,39,,,0,70,,59168,39,,,0,30,,59169,39,,,0,70,,59159,39,,,0,32,,59160,39,,,0,71,,59145,39,,,0,30,,59146,39,,,0,70,,59147,39,,,0,30,,59148,39,,,0,70,,59149,39,,,0,28,,59150,39,,,0,69,,59151,39,,,0,30,,59152,39,,,0,70,,59158,39,,,0,30,,59153,39,,,0,97,,59154,39,,,0,100,,59155,39,,,0,100,,59156,39,,,0,100,,59157,39,,,0
2019,'1910',641,,59171,30,,,0,70,,59178,39,,,0,30,,59187,39,,,0,70,,59194,39,,,0,30,,59172,39,,,0,70,,59179,39,,,0,30,,59188,39,,,0,72,,59195,39,,,0,31,,59173,39,,,0,70,,59180,39,,,0,30,,59189,39,,,0,70,,59196,39,,,0,30,,59174,39,,,0,70,,59181,39,,,0,30,,59190,39,,,0,70,,59197,39,,,0,30,,59175,39,,,0,70,,59182,39,,,0,30,,59191,39,,,0,70,,59198,39,,,0,30,,59176,39,,,0,70,,59183,39,,,0,30,,59192,39,,,0,70,,59199,39,,,0,30,,59177,39,,,0,70,,59184,39,,,0,30,,59193,39,,,0,98,,59185,39,,,0,100,,59200,39,,,0,100,,59186,39,,,0,100,,59201,39,,,0
2019,'1912',711,,59229,39,,,0,30,,59206,39,,,0,70,,59210,39,,,0,30,,59222,39,,,0,72,,59217,39,,,0,30,,59207,39,,,0,70,,59211,39,,,0,30,,59223,39,,,0,70,,59218,39,,,0,30,,59208,39,,,0,70,,59212,39,,,0,30,,59224,39,,,0,70,,59219,39,,,0,30,,59209,39,,,0,70,,59213,39,,,0,30,,59225,39,,,0,70,,59220,39,,,0,30,,59204,39,,,0,70,,59214,39,,,0,30,,59226,39,,,0,70,,59221,39,,,0,30,,59202,39,,,0,70,,59215,39,,,0,30,,59227,39,,,0,100,,59203,39,,,0,99,,59228,39,,,0,100,,59205,39,,,0,100,,59216,39,,,0,99,,59230,39,,,0
2019,'1924',711,,59258,39,,,0,30,,59235,39,,,0,70,,59239,39,,,0,30,,59251,39,,,0,72,,59246,39,,,0,30,,59236,39,,,0,70,,59240,39,,,0,30,,59252,39,,,0,70,,59247,39,,,0,30,,59237,39,,,0,70,,59241,39,,,0,30,,59253,39,,,0,70,,59248,39,,,0,30,,59238,39,,,0,70,,59242,39,,,0,30,,59254,39,,,0,70,,59249,39,,,0,30,,59233,39,,,0,70,,59243,39,,,0,30,,59255,39,,,0,70,,59250,39,,,0,30,,59231,39,,,0,70,,59244,39,,,0,30,,59256,39,,,0,100,,59232,39,,,0,99,,59257,39,,,0,100,,59234,39,,,0,100,,59245,39,,,0,99,,59259,39,,,0
2019,'1925',711,,59287,39,,,0,30,,59264,39,,,0,70,,59268,39,,,0,30,,59280,39,,,0,72,,59275,39,,,0,30,,59265,39,,,0,70,,59269,39,,,0,30,,59281,39,,,0,70,,59276,39,,,0,30,,59266,39,,,0,70,,59270,39,,,0,30,,59282,39,,,0,70,,59277,39,,,0,30,,59267,39,,,0,70,,59271,39,,,0,30,,59283,39,,,0,70,,59278,39,,,0,30,,59262,39,,,0,70,,59272,39,,,0,30,,59284,39,,,0,70,,59279,39,,,0,30,,59260,39,,,0,70,,59273,39,,,0,30,,59285,39,,,0,100,,59261,39,,,0,99,,59286,39,,,0,100,,59263,39,,,0,100,,59274,39,,,0,99,,59288,39,,,0
7019,'1907',744,,59729,19,,,0,71,,54125,4,,,0,30,,59730,19,,,0,73,,54117,4,,,0,27,,59738,19,,,0,73,,54124,4,,,0,28,,59731,19,,,0,72,,54116,4,,,0,28,,59732,19,,,0,72,,54123,4,,,0,28,,59733,19,,,0,73,,54115,4,,,0,27,,59734,19,,,0,73,,54122,4,,,0,28,,59735,19,,,0,73,,54114,4,,,0,27,,59736,19,,,0,73,,54121,4,,,0,26,,59737,19,,,0,73,,54113,4,,,0,27,,59725,19,,,0,72,,54120,4,,,0,27,,59726,19,,,0,72,,54118,4,,,0,27,,59724,19,,,0,72,,54119,4,,,0,28,,59728,19,,,0,72,,54126,4,,,0,28,,59727,19,,,0
7019,'1909',543,,54158,19,,,0,103,,54157,19,,,0,71,,59751,19,,,0,32,,54156,19,,,0,72,,59750,19,,,0,27,,54154,19,,,0,70,,59749,19,,,0,30,,54152,19,,,0,70,,54153,19,,,0,30,,54151,19,,,0,70,,54149,19,,,0,30,,54163,19,,,0,70,,59754,19,,,0,30,,59753,19,,,0,70,,59752,19,,,0,30,,54141,19,,,0,71,,59748,19,,,0,32,,59743,19,,,0,49,,59756,4,,,0,24,,54139,19,,,0,27,,54147,19,,,0,70,,59747,19,,,0,30,,59746,19,,,0,68,,54138,19,,,0,30,,54137,19,,,0,70,,54136,19,,,0,30,,59745,19,,,0,69,,59744,19,,,0,28,,54135,19,,,0,70,,54142,19,,,0,30,,59742,19,,,0,98,,54132,19,,,0,71,,59757,4,,,0,28,,59741,19,,,0,100,,54168,19,,,0
7019,'1910',644,,59761,19,,,0,69,,59760,19,,,0,30,,54182,19,,,0,70,,54175,19,,,0,32,,54183,19,,,0,70,,54176,19,,,0,30,,59762,19,,,0,72,,54177,19,,,0,30,,54185,19,,,0,70,,54178,19,,,0,30,,54186,19,,,0,70,,54179,19,,,0,30,,59763,19,,,0,70,,54180,19,,,0,30,,59764,19,,,0,70,,54193,19,,,0,30,,54189,19,,,0,70,,54195,19,,,0,30,,54190,19,,,0,70,,54194,19,,,0,30,,54191,19,,,0,70,,54196,19,,,0,30,,54192,19,,,0,70,,54199,19,,,0,29,,54169,19,,,0,69,,54197,19,,,0,30,,59758,19,,,0,69,,54198,19,,,0,30,,54171,19,,,0,99,,54172,19,,,0,71,,54202,4,,,0,29,,59759,19,,,0
7019,'1912',744,,59770,19,,,0,71,,54268,4,,,0,30,,59771,19,,,0,73,,54260,4,,,0,27,,59779,19,,,0,73,,54267,4,,,0,28,,59772,19,,,0,72,,54259,4,,,0,28,,59773,19,,,0,72,,54266,4,,,0,28,,59774,19,,,0,73,,54258,4,,,0,27,,59775,19,,,0,73,,54265,4,,,0,28,,59776,19,,,0,73,,54257,4,,,0,27,,59777,19,,,0,73,,54264,4,,,0,26,,59778,19,,,0,73,,54256,4,,,0,27,,59766,19,,,0,72,,54263,4,,,0,27,,59767,19,,,0,72,,54261,4,,,0,27,,59765,19,,,0,72,,54262,4,,,0,28,,59769,19,,,0,72,,54269,4,,,0,28,,59768,19,,,0
7019,'1924',744,,59787,19,,,0,71,,54233,4,,,0,30,,59788,19,,,0,73,,54225,4,,,0,27,,59796,19,,,0,73,,54232,4,,,0,28,,59789,19,,,0,72,,54224,4,,,0,28,,59790,19,,,0,72,,54231,4,,,0,28,,59791,19,,,0,73,,54223,4,,,0,27,,59792,19,,,0,73,,54230,4,,,0,28,,59793,19,,,0,73,,54222,4,,,0,27,,59794,19,,,0,73,,54229,4,,,0,26,,59795,19,,,0,73,,54221,4,,,0,27,,59783,19,,,0,72,,54228,4,,,0,27,,59784,19,,,0,72,,54226,4,,,0,27,,59782,19,,,0,72,,54227,4,,,0,28,,59786,19,,,0,72,,54234,4,,,0,28,,59785,19,,,0
7019,'1925',744,,59804,19,,,0,71,,59829,4,,,0,30,,59805,19,,,0,73,,59821,4,,,0,27,,59813,19,,,0,73,,59828,4,,,0,28,,59806,19,,,0,72,,59820,4,,,0,28,,59807,19,,,0,72,,59827,4,,,0,28,,59808,19,,,0,73,,59819,4,,,0,27,,59809,19,,,0,73,,59826,4,,,0,28,,59810,19,,,0,73,,59818,4,,,0,27,,59811,19,,,0,73,,59825,4,,,0,26,,59812,19,,,0,73,,59817,4,,,0,27,,59800,19,,,0,72,,59824,4,,,0,27,,59801,19,,,0,72,,59822,4,,,0,27,,59799,19,,,0,72,,59823,4,,,0,28,,59803,19,,,0,72,,59830,4,,,0,28,,59802,19,,,0
