1019,'1907',632,,53000,41,,,0,100,,53001,41,,,0,101,,53002,41,,,0,100,,53003,41,,,0,100,,53004,41,,,0,102,,53005,41,,,0,100,,53006,41,,,0,100,,53007,41,,,0,100,,53008,41,,,0,100,,53009,41,,,0,100,,53010,41,,,0,100,,53011,41,,,0,100,,53012,41,,,0,98,,53013,41,,,0,100,,53014,41,,,0,100,,53015,41,,,0,102,,53016,41,,,0,95,,53017,41,,,0
1019,'1909',602,,53053,41,,,0,35,,53049,41,,,0,71,,53025,41,,,0,33,,53020,41,,,0,70,,53038,41,,,0,30,,53022,41,,,0,71,,53027,41,,,0,32,,53052,41,,,0,70,,53024,41,,,0,30,,53018,41,,,0,70,,53037,41,,,0,30,,53023,41,,,0,70,,53028,41,,,0,30,,53048,41,,,0,70,,53026,41,,,0,30,,53019,41,,,0,70,,53050,41,,,0,32,,53021,41,,,0,70,,53029,41,,,0,30,,53047,41,,,0,70,,53040,41,,,0,30,,53032,41,,,0,70,,53030,41,,,0,27,,53033,41,,,0,68,,53035,41,,,0,30,,53034,41,,,0,70,,53031,41,,,0,25,,53051,41,,,0,70,,53045,41,,,0,28,,53046,41,,,0,70,,53044,41,,,0,30,,53043,41,,,0,70,,53042,41,,,0,30,,53041,41,,,0,70,,53039,41,,,0,30,,53036,41,,,0
1019,'1910',603,,53089,41,,,0,30,,53078,41,,,0,70,,53064,41,,,0,30,,53083,41,,,0,70,,53073,41,,,0,30,,53058,41,,,0,70,,53079,41,,,0,30,,53081,41,,,0,70,,53063,41,,,0,32,,53084,41,,,0,70,,53072,41,,,0,30,,53057,41,,,0,70,,53067,41,,,0,30,,53077,41,,,0,70,,53062,41,,,0,30,,53085,41,,,0,70,,53071,41,,,0,30,,53056,41,,,0,70,,53066,41,,,0,30,,53076,41,,,0,70,,53061,41,,,0,30,,53086,41,,,0,70,,53070,41,,,0,30,,53055,41,,,0,70,,53065,41,,,0,30,,53075,41,,,0,70,,53059,41,,,0,28,,53087,41,,,0,70,,53068,41,,,0,30,,53054,41,,,0,70,,53060,41,,,0,30,,53074,41,,,0,74,,53069,41,,,0,30,,53088,41,,,0,70,,53082,41,,,0,25,,53080,41,,,0
1019,'1911',632,,53090,41,,,0,100,,53091,41,,,0,101,,53092,41,,,0,100,,53093,41,,,0,100,,53094,41,,,0,102,,53095,41,,,0,100,,53096,41,,,0,100,,53097,41,,,0,100,,53098,41,,,0,100,,53099,41,,,0,100,,53100,41,,,0,100,,53101,41,,,0,100,,53102,41,,,0,98,,53103,41,,,0,100,,53104,41,,,0,100,,53105,41,,,0,102,,53106,41,,,0,95,,53107,41,,,0
1019,'1912',632,,53108,41,,,0,100,,53109,41,,,0,101,,53110,41,,,0,100,,53111,41,,,0,100,,53112,41,,,0,102,,53113,41,,,0,100,,53114,41,,,0,100,,53115,41,,,0,100,,53116,41,,,0,100,,53117,41,,,0,100,,53118,41,,,0,100,,53119,41,,,0,100,,53120,41,,,0,98,,53121,41,,,0,100,,53122,41,,,0,100,,53123,41,,,0,102,,53124,41,,,0,95,,53125,41,,,0
7029,'1907',721,,54274,21,,,0,100,,54275,21,,,0,100,,54276,21,,,0,100,,54277,21,,,0,100,,54278,21,,,0,100,,54279,21,,,0,100,,54280,21,,,0,101,,54281,21,,,0,100,,54282,21,,,0,99,,54283,21,,,0,100,,54284,21,,,0,100,,54285,21,,,0,100,,54286,21,,,0,101,,54287,21,,,0,100,,54273,21,,,0
7029,'1909',519,,54343,21,,,0,101,,54313,21,,,0,31,,54314,21,,,0,72,,54315,21,,,0,30,,54316,21,,,0,70,,54317,21,,,0,30,,54318,21,,,0,70,,54319,21,,,0,30,,54320,21,,,0,70,,54321,21,,,0,30,,54322,21,,,0,70,,54323,21,,,0,30,,54324,21,,,0,70,,54309,21,,,0,30,,54310,21,,,0,70,,54311,21,,,0,31,,54308,21,,,0,70,,54307,21,,,0,32,,54312,21,,,0,69,,54325,21,,,0,30,,54326,21,,,0,70,,54327,21,,,0,28,,54328,21,,,0,70,,54329,21,,,0,30,,54330,21,,,0,70,,54331,21,,,0,30,,54332,21,,,0,70,,54333,21,,,0,30,,54334,21,,,0,70,,54335,21,,,0,100,,54336,21,,,0,99,,54337,21,,,0,100,,54344,21,,,0
7029,'1910',623,,54376,10,,,0,29,,54345,21,,,0,70,,54359,21,,,0,30,,54346,21,,,0,70,,54360,21,,,0,30,,54347,21,,,0,70,,54361,21,,,0,30,,54348,21,,,0,70,,54362,21,,,0,30,,54349,21,,,0,70,,54363,21,,,0,30,,54350,21,,,0,70,,54364,21,,,0,30,,54351,21,,,0,70,,54365,21,,,0,30,,54352,21,,,0,70,,54366,21,,,0,30,,54353,21,,,0,70,,54367,21,,,0,30,,54354,21,,,0,70,,54368,21,,,0,30,,54355,21,,,0,70,,54369,21,,,0,30,,54356,21,,,0,70,,54370,21,,,0,30,,54357,21,,,0,70,,54371,21,,,0,30,,54358,21,,,0,70,,54372,21,,,0,100,,54373,21,,,0,100,,54374,21,,,0,100,,54375,21,,,0
7029,'1911',721,,54382,21,,,0,100,,54383,21,,,0,100,,54384,21,,,0,100,,54385,21,,,0,100,,54386,21,,,0,100,,54387,21,,,0,100,,54388,21,,,0,101,,54389,21,,,0,100,,54390,21,,,0,99,,54391,21,,,0,100,,54392,21,,,0,100,,54393,21,,,0,100,,54394,21,,,0,101,,54395,21,,,0,100,,54381,21,,,0
7029,'1912',721,,54416,21,,,0,100,,54417,21,,,0,100,,54418,21,,,0,100,,54419,21,,,0,100,,54420,21,,,0,100,,54421,21,,,0,100,,54422,21,,,0,101,,54423,21,,,0,100,,54424,21,,,0,99,,54425,21,,,0,100,,54426,21,,,0,100,,54427,21,,,0,100,,54428,21,,,0,101,,54429,21,,,0,100,,54415,21,,,0
