1019,'1907',632,,53000,40,,,0,100,,53001,40,,,0,101,,53002,40,,,0,100,,53003,40,,,0,100,,53004,40,,,0,102,,53005,40,,,0,100,,53006,40,,,0,100,,53007,40,,,0,100,,53008,40,,,0,100,,53009,40,,,0,100,,53010,40,,,0,100,,53011,40,,,0,100,,53012,40,,,0,98,,53013,40,,,0,100,,53014,40,,,0,100,,53015,40,,,0,102,,53016,40,,,0,95,,53017,40,,,0
1019,'1909',602,,53053,40,,,0,35,,53049,40,,,0,71,,53025,40,,,0,33,,53020,40,,,0,70,,53038,40,,,0,30,,53022,40,,,0,71,,53027,40,,,0,32,,53052,40,,,0,70,,53024,40,,,0,30,,53018,40,,,0,70,,53037,40,,,0,30,,53023,40,,,0,70,,53028,40,,,0,30,,53048,40,,,0,70,,53026,40,,,0,30,,53019,40,,,0,70,,53050,40,,,0,31,,53021,40,,,0,70,,53029,40,,,0,30,,53047,40,,,0,70,,53040,40,,,0,30,,53032,40,,,0,70,,53030,40,,,0,28,,53033,40,,,0,68,,53035,40,,,0,30,,53034,40,,,0,70,,53031,40,,,0,25,,53051,40,,,0,70,,53045,40,,,0,28,,53046,40,,,0,70,,53044,40,,,0,30,,53043,40,,,0,70,,53042,40,,,0,30,,53041,40,,,0,70,,53039,40,,,0,30,,53036,40,,,0
1019,'1910',603,,53089,40,,,0,30,,53078,40,,,0,70,,53064,40,,,0,30,,53083,40,,,0,70,,53073,40,,,0,30,,53058,40,,,0,70,,53079,40,,,0,30,,53081,40,,,0,70,,53063,40,,,0,32,,53084,40,,,0,70,,53072,40,,,0,30,,53057,40,,,0,70,,53067,40,,,0,30,,53077,40,,,0,70,,53062,40,,,0,30,,53085,40,,,0,70,,53071,40,,,0,30,,53056,40,,,0,70,,53066,40,,,0,30,,53076,40,,,0,70,,53061,40,,,0,30,,53086,40,,,0,70,,53070,40,,,0,30,,53055,40,,,0,70,,53065,40,,,0,30,,53075,40,,,0,70,,53059,40,,,0,28,,53087,40,,,0,70,,53068,40,,,0,30,,53054,40,,,0,70,,53060,40,,,0,30,,53074,40,,,0,74,,53069,40,,,0,30,,53088,40,,,0,70,,53082,40,,,0,25,,53080,40,,,0
1019,'1911',632,,53090,40,,,0,100,,53091,40,,,0,101,,53092,40,,,0,100,,53093,40,,,0,100,,53094,40,,,0,102,,53095,40,,,0,100,,53096,40,,,0,100,,53097,40,,,0,100,,53098,40,,,0,100,,53099,40,,,0,100,,53100,40,,,0,100,,53101,40,,,0,100,,53102,40,,,0,98,,53103,40,,,0,100,,53104,40,,,0,100,,53105,40,,,0,102,,53106,40,,,0,95,,53107,40,,,0
1019,'1912',632,,53108,40,,,0,100,,53109,40,,,0,101,,53110,40,,,0,100,,53111,40,,,0,100,,53112,40,,,0,102,,53113,40,,,0,100,,53114,40,,,0,100,,53115,40,,,0,100,,53116,40,,,0,100,,53117,40,,,0,100,,53118,40,,,0,100,,53119,40,,,0,100,,53120,40,,,0,98,,53121,40,,,0,100,,53122,40,,,0,100,,53123,40,,,0,102,,53124,40,,,0,95,,53125,40,,,0
7029,'1907',721,,54274,20,,,0,100,,54275,20,,,0,100,,54276,20,,,0,100,,54277,20,,,0,100,,54278,20,,,0,100,,54279,20,,,0,100,,54280,20,,,0,101,,54281,20,,,0,100,,54282,20,,,0,99,,54283,20,,,0,100,,54284,20,,,0,100,,54285,20,,,0,100,,54286,20,,,0,101,,54287,20,,,0,100,,54273,20,,,0
7029,'1909',519,,54343,20,,,0,100,,54313,20,,,0,32,,54314,20,,,0,72,,54315,20,,,0,30,,54316,20,,,0,70,,54317,20,,,0,30,,54318,20,,,0,70,,54319,20,,,0,30,,54320,20,,,0,70,,54321,20,,,0,30,,54322,20,,,0,70,,54323,20,,,0,30,,54324,20,,,0,70,,54309,20,,,0,30,,54310,20,,,0,70,,54311,20,,,0,31,,54308,20,,,0,70,,54307,20,,,0,31,,54312,20,,,0,69,,54325,20,,,0,30,,54326,20,,,0,70,,54327,20,,,0,29,,54328,20,,,0,70,,54329,20,,,0,30,,54330,20,,,0,70,,54331,20,,,0,30,,54332,20,,,0,70,,54333,20,,,0,30,,54334,20,,,0,70,,54335,20,,,0,100,,54336,20,,,0,99,,54337,20,,,0,100,,54344,20,,,0
7029,'1910',623,,54376,9,,,0,29,,54345,20,,,0,70,,54359,20,,,0,30,,54346,20,,,0,70,,54360,20,,,0,30,,54347,20,,,0,70,,54361,20,,,0,30,,54348,20,,,0,70,,54362,20,,,0,30,,54349,20,,,0,70,,54363,20,,,0,30,,54350,20,,,0,70,,54364,20,,,0,30,,54351,20,,,0,70,,54365,20,,,0,30,,54352,20,,,0,70,,54366,20,,,0,30,,54353,20,,,0,70,,54367,20,,,0,30,,54354,20,,,0,70,,54368,20,,,0,30,,54355,20,,,0,70,,54369,20,,,0,30,,54356,20,,,0,70,,54370,20,,,0,30,,54357,20,,,0,70,,54371,20,,,0,30,,54358,20,,,0,70,,54372,20,,,0,100,,54373,20,,,0,100,,54374,20,,,0,100,,54375,20,,,0
7029,'1911',721,,54382,20,,,0,100,,54383,20,,,0,100,,54384,20,,,0,100,,54385,20,,,0,100,,54386,20,,,0,100,,54387,20,,,0,100,,54388,20,,,0,101,,54389,20,,,0,100,,54390,20,,,0,99,,54391,20,,,0,100,,54392,20,,,0,100,,54393,20,,,0,100,,54394,20,,,0,101,,54395,20,,,0,100,,54381,20,,,0
7029,'1912',721,,54416,20,,,0,100,,54417,20,,,0,100,,54418,20,,,0,100,,54419,20,,,0,100,,54420,20,,,0,100,,54421,20,,,0,100,,54422,20,,,0,101,,54423,20,,,0,100,,54424,20,,,0,99,,54425,20,,,0,100,,54426,20,,,0,100,,54427,20,,,0,100,,54428,20,,,0,101,,54429,20,,,0,100,,54415,20,,,0
