1019,'1907',636,,58824,48,,,0,100,,58825,48,,,0,101,,58826,48,,,0,100,,58827,48,,,0,100,,58828,48,,,0,102,,58829,48,,,0,100,,58830,48,,,0,100,,58831,48,,,0,100,,58832,48,,,0,100,,58833,48,,,0,100,,58834,48,,,0,100,,58835,48,,,0,100,,58836,48,,,0,98,,58837,48,,,0,100,,58838,48,,,0,100,,58839,48,,,0,102,,58840,48,,,0,95,,58841,48,,,0
1019,'1909',606,,58877,48,,,0,35,,58873,48,,,0,71,,58849,48,,,0,33,,58844,48,,,0,70,,58862,48,,,0,30,,58846,48,,,0,71,,58851,48,,,0,32,,58876,48,,,0,70,,58848,48,,,0,30,,58842,48,,,0,70,,58861,48,,,0,30,,58847,48,,,0,70,,58852,48,,,0,30,,58872,48,,,0,70,,58850,48,,,0,30,,58843,48,,,0,70,,58874,48,,,0,32,,58845,48,,,0,70,,58853,48,,,0,30,,58871,48,,,0,70,,58864,48,,,0,30,,58856,48,,,0,70,,58854,48,,,0,27,,58857,48,,,0,68,,58859,48,,,0,30,,58858,48,,,0,70,,58855,48,,,0,25,,58875,48,,,0,70,,58869,48,,,0,28,,58870,48,,,0,70,,58868,48,,,0,30,,58867,48,,,0,70,,58866,48,,,0,30,,58865,48,,,0,70,,58863,48,,,0,30,,58860,48,,,0
1019,'1910',607,,58913,48,,,0,30,,58902,48,,,0,70,,58888,48,,,0,30,,58907,48,,,0,70,,58897,48,,,0,30,,58882,48,,,0,70,,58903,48,,,0,30,,58905,48,,,0,70,,58887,48,,,0,32,,58908,48,,,0,70,,58896,48,,,0,30,,58881,48,,,0,70,,58891,48,,,0,30,,58901,48,,,0,70,,58886,48,,,0,30,,58909,48,,,0,70,,58895,48,,,0,30,,58880,48,,,0,70,,58890,48,,,0,30,,58900,48,,,0,70,,58885,48,,,0,30,,58910,48,,,0,70,,58894,48,,,0,30,,58879,48,,,0,70,,58889,48,,,0,30,,58899,48,,,0,70,,58883,48,,,0,28,,58911,48,,,0,70,,58892,48,,,0,30,,58878,48,,,0,70,,58884,48,,,0,30,,58898,48,,,0,74,,58893,48,,,0,30,,58912,48,,,0,70,,58906,48,,,0,25,,58904,48,,,0
1019,'1912',636,,58914,48,,,0,100,,58915,48,,,0,101,,58916,48,,,0,100,,58917,48,,,0,100,,58918,48,,,0,102,,58919,48,,,0,100,,58920,48,,,0,100,,58921,48,,,0,100,,58922,48,,,0,100,,58923,48,,,0,100,,58924,48,,,0,100,,58925,48,,,0,100,,58926,48,,,0,98,,58927,48,,,0,100,,58928,48,,,0,100,,58929,48,,,0,102,,58930,48,,,0,95,,58931,48,,,0
1019,'1924',636,,58932,48,,,0,100,,58933,48,,,0,101,,58934,48,,,0,100,,58935,48,,,0,100,,58936,48,,,0,102,,58937,48,,,0,100,,58938,48,,,0,100,,58939,48,,,0,100,,58940,48,,,0,100,,58941,48,,,0,100,,58942,48,,,0,100,,58943,48,,,0,100,,58944,48,,,0,98,,58945,48,,,0,100,,58946,48,,,0,100,,58947,48,,,0,102,,58948,48,,,0,95,,58949,48,,,0
1019,'1925',636,,58950,48,,,0,100,,58951,48,,,0,101,,58952,48,,,0,100,,58953,48,,,0,100,,58954,48,,,0,102,,58955,48,,,0,100,,58956,48,,,0,100,,58957,48,,,0,100,,58958,48,,,0,100,,58959,48,,,0,100,,58960,48,,,0,100,,58961,48,,,0,100,,58962,48,,,0,98,,58963,48,,,0,100,,58964,48,,,0,100,,58965,48,,,0,102,,58966,48,,,0,95,,58967,48,,,0
802019,'1907',840,,58586,9,,,0,70,,58584,9,,,0,30,,58585,9,,,0,70,,58589,9,,,0,30,,58575,9,,,0,70,,58581,9,,,0,30,,58580,9,,,0,71,,58565,9,,,0,30,,58579,9,,,0,70,,58573,9,,,0,30,,58574,9,,,0,70,,58591,9,,,0,30,,58587,9,,,0,70,,58577,9,,,0,30,,58572,9,,,0,70,,58588,9,,,0,30,,58578,9,,,0,70,,58566,9,,,0,30,,58567,9,,,0,70,,58582,9,,,0,30,,58576,9,,,0,69,,58571,9,,,0,30,,58569,9,,,0,70,,58583,9,,,0,30,,58570,9,,,0,70,,58568,9,,,0,30,,58590,9,,,0
802019,'1909',614,,61742,9,,,0,45,,58623,9,,,0,70,,58621,9,,,0,20,,58625,9,,,0,60,,58592,9,,,0,30,,58620,9,,,0,71,,58593,9,,,0,28,,61727,9,,,0,70,,58595,9,,,0,30,,58596,9,,,0,70,,61728,9,,,0,30,,61729,9,,,0,70,,58599,9,,,0,30,,58600,9,,,0,70,,61730,9,,,0,30,,58602,9,,,0,70,,58603,9,,,0,34,,61731,9,,,0,70,,61732,9,,,0,20,,58606,9,,,0,20,,61733,9,,,0,60,,58622,9,,,0,20,,58608,9,,,0,20,,58609,9,,,0,60,,61734,9,,,0,19,,61735,9,,,0,19,,61741,9,,,0,60,,61736,9,,,0,20,,61743,9,,,0,20,,58613,9,,,0,60,,61737,9,,,0,30,,61738,9,,,0,69,,58616,9,,,0,25,,61739,9,,,0,70,,61740,9,,,0,30,,58619,9,,,0
802019,'1910',840,,58651,9,,,0,70,,58649,9,,,0,30,,58653,9,,,0,71,,58654,9,,,0,30,,58638,9,,,0,70,,58642,9,,,0,30,,58629,9,,,0,70,,58640,9,,,0,30,,58643,9,,,0,70,,58641,9,,,0,30,,61744,9,,,0,70,,58645,9,,,0,30,,58639,9,,,0,70,,58637,9,,,0,30,,58633,9,,,0,70,,58635,9,,,0,30,,58630,9,,,0,70,,58636,9,,,0,30,,58634,9,,,0,70,,58631,9,,,0,30,,58632,9,,,0,69,,58644,9,,,0,30,,58648,9,,,0,70,,61746,9,,,0,30,,58650,9,,,0,70,,58646,9,,,0,30,,61745,9,,,0
802019,'1912',840,,58703,9,,,0,70,,58701,9,,,0,30,,58702,9,,,0,70,,58706,9,,,0,30,,58692,9,,,0,70,,58698,9,,,0,30,,58697,9,,,0,71,,58682,9,,,0,30,,58696,9,,,0,70,,58690,9,,,0,30,,58691,9,,,0,70,,58708,9,,,0,30,,58704,9,,,0,70,,58694,9,,,0,30,,58689,9,,,0,70,,58705,9,,,0,30,,58695,9,,,0,70,,58683,9,,,0,30,,58684,9,,,0,70,,58699,9,,,0,30,,58693,9,,,0,69,,58688,9,,,0,30,,58686,9,,,0,70,,58700,9,,,0,30,,58687,9,,,0,70,,58685,9,,,0,30,,58707,9,,,0
802019,'1924',840,,58676,9,,,0,70,,58674,9,,,0,30,,58675,9,,,0,70,,58679,9,,,0,30,,58665,9,,,0,70,,58671,9,,,0,30,,58670,9,,,0,71,,58655,9,,,0,30,,58669,9,,,0,70,,58663,9,,,0,30,,58664,9,,,0,70,,58681,9,,,0,30,,58677,9,,,0,70,,58667,9,,,0,30,,58662,9,,,0,70,,58678,9,,,0,30,,58668,9,,,0,70,,58656,9,,,0,30,,58657,9,,,0,70,,58672,9,,,0,30,,58666,9,,,0,69,,58661,9,,,0,30,,58659,9,,,0,70,,58673,9,,,0,30,,58660,9,,,0,70,,58658,9,,,0,30,,58680,9,,,0
802019,'1925',840,,61768,9,,,0,70,,61766,9,,,0,30,,61767,9,,,0,70,,61771,9,,,0,30,,61757,9,,,0,70,,61763,9,,,0,30,,61762,9,,,0,71,,61747,9,,,0,30,,61761,9,,,0,70,,61755,9,,,0,30,,61756,9,,,0,70,,61773,9,,,0,30,,61769,9,,,0,70,,61759,9,,,0,30,,61754,9,,,0,70,,61770,9,,,0,30,,61760,9,,,0,70,,61748,9,,,0,30,,61749,9,,,0,70,,61764,9,,,0,30,,61758,9,,,0,69,,61753,9,,,0,30,,61751,9,,,0,70,,61765,9,,,0,30,,61752,9,,,0,70,,61750,9,,,0,30,,61772,9,,,0
