2019,'1907',703,,53277,28,,,0,30,,53254,28,,,0,70,,53258,28,,,0,30,,53270,28,,,0,71,,53265,28,,,0,30,,53255,28,,,0,70,,53259,28,,,0,30,,53271,28,,,0,70,,53266,28,,,0,30,,53256,28,,,0,70,,53260,28,,,0,30,,53272,28,,,0,70,,53267,28,,,0,30,,53257,28,,,0,70,,53261,28,,,0,30,,53273,28,,,0,70,,53268,28,,,0,30,,53252,28,,,0,70,,53262,28,,,0,30,,53274,28,,,0,70,,53269,28,,,0,30,,53250,28,,,0,70,,53263,28,,,0,30,,53275,28,,,0,100,,53251,28,,,0,100,,53276,28,,,0,100,,53253,28,,,0,100,,53264,28,,,0,99,,53278,28,,,0
2019,'1909',458,,53310,19,0,5 2 13 14,0,176,,53279,28,,,0,70,,53280,28,,,0,30,,53281,28,,,0,70,,53282,28,,,0,31,,53283,28,,,0,70,,53284,28,,,0,31,,53301,28,,,0,70,,53302,28,,,0,30,,53303,28,,,0,70,,53304,28,,,0,30,,53305,28,,,0,70,,53306,28,,,0,30,,53307,28,,,0,70,,53308,28,,,0,30,,53309,28,,,0,70,,53299,28,,,0,32,,53300,28,,,0,71,,53285,28,,,0,30,,53286,28,,,0,70,,53287,28,,,0,30,,53288,28,,,0,70,,53289,28,,,0,29,,53290,28,,,0,69,,53291,28,,,0,30,,53292,28,,,0,70,,53298,28,,,0,30,,53293,28,,,0,98,,53294,28,,,0,100,,53295,28,,,0,100,,53296,28,,,0,100,,53297,28,,,0
2019,'1910',633,,53311,19,,,0,70,,53318,28,,,0,30,,53327,28,,,0,70,,53334,28,,,0,30,,53312,28,,,0,70,,53319,28,,,0,30,,53328,28,,,0,70,,53335,28,,,0,31,,53313,28,,,0,70,,53320,28,,,0,30,,53329,28,,,0,70,,53336,28,,,0,30,,53314,28,,,0,70,,53321,28,,,0,30,,53330,28,,,0,70,,53337,28,,,0,30,,53315,28,,,0,70,,53322,28,,,0,30,,53331,28,,,0,70,,53338,28,,,0,30,,53316,28,,,0,70,,53323,28,,,0,30,,53332,28,,,0,70,,53339,28,,,0,30,,53317,28,,,0,70,,53324,28,,,0,30,,53333,28,,,0,100,,53325,28,,,0,100,,53340,28,,,0,100,,53326,28,,,0,100,,53341,28,,,0
2019,'1911',703,,53369,28,,,0,30,,53346,28,,,0,70,,53350,28,,,0,30,,53362,28,,,0,71,,53357,28,,,0,30,,53347,28,,,0,70,,53351,28,,,0,30,,53363,28,,,0,70,,53358,28,,,0,30,,53348,28,,,0,70,,53352,28,,,0,30,,53364,28,,,0,70,,53359,28,,,0,30,,53349,28,,,0,70,,53353,28,,,0,30,,53365,28,,,0,70,,53360,28,,,0,30,,53344,28,,,0,70,,53354,28,,,0,30,,53366,28,,,0,70,,53361,28,,,0,30,,53342,28,,,0,70,,53355,28,,,0,30,,53367,28,,,0,100,,53343,28,,,0,100,,53368,28,,,0,100,,53345,28,,,0,100,,53356,28,,,0,99,,53370,28,,,0
2019,'1912',703,,53398,28,,,0,30,,53375,28,,,0,70,,53379,28,,,0,30,,53391,28,,,0,71,,53386,28,,,0,30,,53376,28,,,0,70,,53380,28,,,0,30,,53392,28,,,0,70,,53387,28,,,0,30,,53377,28,,,0,70,,53381,28,,,0,30,,53393,28,,,0,70,,53388,28,,,0,30,,53378,28,,,0,70,,53382,28,,,0,30,,53394,28,,,0,70,,53389,28,,,0,30,,53373,28,,,0,70,,53383,28,,,0,30,,53395,28,,,0,70,,53390,28,,,0,30,,53371,28,,,0,70,,53384,28,,,0,30,,53396,28,,,0,100,,53372,28,,,0,100,,53397,28,,,0,100,,53374,28,,,0,100,,53385,28,,,0,99,,53399,28,,,0
14000001019,'1907',2425,,58765,35,,,0,30,,58764,35,,,0,70,,58763,35,,,0,30,,58766,35,,,0,70,,58767,35,,,0
14000001019,'1909',2425,,58771,35,,,0,30,,58768,35,,,0,70,,58769,35,,,0,30,,58770,35,,,0,70,,58772,35,,,0
14000001019,'1910',2425,,58776,35,,,0,30,,58773,35,,,0,70,,58775,35,,,0,30,,58774,35,,,0,70,,58777,35,,,0
14000001019,'1911',2425,,58780,35,,,0,30,,58779,35,,,0,70,,58778,35,,,0,30,,58781,35,,,0,70,,58782,35,,,0
14000001019,'1912',2425,,58785,35,,,0,30,,58784,35,,,0,70,,58783,35,,,0,30,,58786,35,,,0,70,,58787,35,,,0
