22029,'1907',705,,55746,5,0,19 2 34 21,0,99,,55732,5,,,0,100,,55733,5,,,0,100,,55734,5,,,0,100,,55735,5,,,0,100,,55736,5,,,0,100,,55737,5,,,0,100,,55738,5,,,0,100,,55739,5,,,0,100,,55740,5,,,0,100,,55741,5,,,0,100,,55745,5,0,19 2 34 21,0,100,,55742,5,0,19 2 34 21,0,100,,55743,5,0,19 2 34 21,0,100,,55744,5,0,19 2 34 21,0
22029,'1909',638,,55748,5,0,19 2 34 21,0,72,,55749,5,0,19 2 34 21,0,30,,55750,5,0,19 2 34 21,0,73,,55751,5,0,19 2 34 21,0,30,,55752,5,0,19 2 34 21,0,70,,55753,5,,,0,28,,55754,5,,,0,70,,55759,5,,,0,30,,55755,5,,,0,70,,55760,5,,,0,30,,55756,5,,,0,70,,55747,5,,,0,30,,55757,5,,,0,70,,55758,5,,,0,31,,55761,5,,,0,70,,55762,5,,,0,30,,55763,5,,,0,68,,55764,5,,,0,32,,55765,5,,,0,70,,55766,5,,,0,30,,55767,5,,,0,69,,55768,5,,,0,30,,55769,5,,,0,70,,55770,5,,,0,28,,55771,5,,,0,70,,55772,5,,,0,30,,55773,5,,,0,65,,55774,5,,,0,30,,55775,5,,,0,70,,55776,5,,,0,30,,55777,5,0,19 2 34 21,0,172,,55779,5,0,19 2 34 21,0,36,,55778,5,0,19 2 34 21,0
22029,'1910',608,,55811,5,0,19 2 34 21,0,30,,55810,5,0,19 2 34 21,0,65,,55803,5,0,19 2 34 21,0,30,,55798,5,0,19 2 34 21,0,70,,55804,5,0,19 2 34 21,0,30,,55780,5,,,0,70,,55781,5,,,0,30,,55782,5,,,0,71,,55783,5,,,0,30,,55784,5,,,0,70,,55785,5,,,0,30,,55786,5,,,0,70,,55787,5,,,0,30,,55788,5,,,0,70,,55789,5,,,0,31,,55790,5,,,0,69,,55791,5,,,0,31,,55792,5,,,0,70,,55793,5,,,0,30,,55794,5,,,0,70,,55795,5,,,0,30,,55796,5,,,0,69,,55797,5,,,0,31,,55799,5,0,19 2 34 21,0,69,,55805,5,0,19 2 34 21,0,30,,55800,5,0,19 2 34 21,0,70,,55806,5,0,19 2 34 21,0,30,,55801,5,0,19 2 34 21,0,70,,55807,5,0,19 2 34 21,0,30,,55802,5,0,19 2 34 21,0,67,,55808,5,0,19 2 34 21,0,33,,55809,5,0,19 2 34 21,0
22029,'1911',705,,55826,5,0,19 2 34 21,0,99,,55812,5,,,0,100,,55813,5,,,0,100,,55814,5,,,0,100,,55815,5,,,0,100,,55816,5,,,0,100,,55817,5,,,0,100,,55818,5,,,0,100,,55819,5,,,0,100,,55820,5,,,0,100,,55821,5,,,0,100,,55825,5,0,19 2 34 21,0,100,,55822,5,0,19 2 34 21,0,100,,55823,5,0,19 2 34 21,0,100,,55824,5,0,19 2 34 21,0
22029,'1912',705,,55841,5,0,19 2 34 21,0,99,,55827,5,,,0,100,,55828,5,,,0,100,,55829,5,,,0,100,,55830,5,,,0,100,,55831,5,,,0,100,,55832,5,,,0,100,,55833,5,,,0,100,,55834,5,,,0,100,,55835,5,,,0,100,,55836,5,,,0,100,,55840,5,0,19 2 34 21,0,100,,55837,5,0,19 2 34 21,0,100,,55838,5,0,19 2 34 21,0,100,,55839,5,0,19 2 34 21,0
601019,'1907',614,,57121,5,,,0,30,,57139,5,,,0,70,,57120,5,,,0,30,,57138,5,,,0,70,,57119,5,,,0,30,,57137,5,,,0,70,,57118,5,,,0,30,,57136,5,,,0,70,,57116,5,,,0,30,,57135,5,,,0,70,,57117,5,,,0,30,,57134,5,,,0,70,,57115,5,,,0,30,,57133,5,,,0,70,,57111,5,,,0,30,,57132,5,,,0,70,,57114,5,,,0,30,,57131,5,,,0,70,,57112,5,,,0,30,,57130,5,,,0,70,,57110,5,,,0,30,,57129,5,,,0,70,,57113,5,,,0,30,,57128,5,,,0,70,,57107,5,,,0,30,,57127,5,,,0,70,,57108,5,,,0,30,,57126,5,,,0,70,,57109,5,,,0,30,,57125,5,,,0,70,,57106,5,,,0,30,,57124,5,,,0,70,,57105,5,,,0,30,,57123,5,,,0
601019,'1909',611,,57191,5,,,0,19,,57171,5,,,0,16,,57173,5,0,19 2 11 2 35,0,13,,57166,5,0,19 2 11 2 35,0,52,,57170,5,0,19 2 11 2 35,0,15,,57180,5,0,19 2 11 2 35,0,16,,57174,5,0,19 2 11 2 35,0,15,,57165,5,0,19 2 11 2 35,0,55,,57167,5,0,19 2 11 2 35,0,15,,57179,5,0,19 2 11 2 35,0,24,,57153,5,0,5 2 11 2 12,0,70,,57154,5,0,5 2 11 2 12,0,30,,57155,5,0,5 2 11 2 12,0,70,,57156,5,0,5 2 11 2 12,0,30,,57157,5,0,5 2 11 2 12,0,70,,57158,5,0,5 2 11 2 12,0,30,,57159,5,0,5 2 11 2 12,0,70,,57160,5,0,5 2 11 2 12,0,30,,57161,5,0,5 2 11 2 12,0,70,,57162,5,0,5 2 11 2 12,0,30,,57163,5,0,5 2 11 2 12,0,62,,57148,5,,,0,13,,57187,5,0,19 2 11 2 35,0,15,,57176,5,0,19 2 11 2 35,0,15,,57183,5,0,19 2 11 2 35,0,55,,57172,5,0,19 2 11 2 35,0,15,,57184,5,0,19 2 11 2 35,0,15,,57175,5,0,19 2 11 2 35,0,15,,57181,5,0,19 2 11 2 35,0,55,,57177,5,0,19 2 11 2 35,0,15,,57182,5,0,19 2 11 2 35,0,15,,57169,5,0,19 2 11 2 35,0,15,,57185,5,0,19 2 11 2 35,0,55,,57164,5,0,19 2 11 2 35,0,15,,57188,5,0,19 2 11 2 35,0,15,,57168,5,0,19 2 11 2 35,0,15,,57186,5,0,19 2 11 2 35,0,55,,57142,5,,,0,30,,57143,5,,,0,15,,57151,5,,,0,55,,57149,5,,,0,30,,57146,5,,,0,70,,57147,5,,,0,30,,57141,5,,,0,70,,57144,5,,,0,30,,57140,5,,,0,70,,57145,5,,,0,33,,57150,5,,,0
601019,'1910',614,,57208,5,,,0,30,,57226,5,,,0,70,,57207,5,,,0,30,,57225,5,,,0,70,,57206,5,,,0,30,,57224,5,,,0,70,,57205,5,,,0,30,,57223,5,,,0,70,,57203,5,,,0,30,,57221,5,,,0,70,,57204,5,,,0,30,,57222,5,,,0,70,,57202,5,,,0,30,,57220,5,,,0,70,,57193,5,,,0,30,,57219,5,,,0,70,,57201,5,,,0,30,,57218,5,,,0,70,,57199,5,,,0,30,,57217,5,,,0,70,,57194,5,,,0,30,,57215,5,,,0,70,,57196,5,,,0,30,,57216,5,,,0,70,,57200,5,,,0,30,,57214,5,,,0,70,,57195,5,,,0,30,,57213,5,,,0,70,,57198,5,,,0,30,,57212,5,,,0,70,,57197,5,,,0,30,,57211,5,,,0,70,,57192,5,,,0,30,,57210,5,,,0
601019,'1911',614,,57243,5,,,0,30,,57261,5,,,0,70,,57242,5,,,0,30,,57260,5,,,0,70,,57241,5,,,0,30,,57259,5,,,0,70,,57240,5,,,0,30,,57258,5,,,0,70,,57238,5,,,0,30,,57257,5,,,0,70,,57239,5,,,0,30,,57256,5,,,0,70,,57237,5,,,0,30,,57255,5,,,0,70,,57233,5,,,0,30,,57254,5,,,0,70,,57236,5,,,0,30,,57253,5,,,0,70,,57234,5,,,0,30,,57252,5,,,0,70,,57232,5,,,0,30,,57251,5,,,0,70,,57235,5,,,0,30,,57250,5,,,0,70,,57229,5,,,0,30,,57249,5,,,0,70,,57230,5,,,0,30,,57248,5,,,0,70,,57231,5,,,0,30,,57247,5,,,0,70,,57228,5,,,0,30,,57246,5,,,0,70,,57227,5,,,0,30,,57245,5,,,0
601019,'1912',2244,,57262,5,,,0
