1029,'1907',611,,53126,30,,,0,98,,53127,30,,,0,100,,53128,30,,,0,101,,53129,30,,,0,101,,53130,30,,,0,100,,53131,30,,,0,100,,53132,30,,,0,100,,53133,30,,,0,100,,53134,30,,,0,100,,53135,30,,,0,99,,53136,30,,,0,100,,53137,30,,,0,100,,53138,30,,,0,100,,53139,30,,,0,100,,53140,30,,,0,100,,53141,30,,,0,98,,53142,30,,,0,99,,53143,30,,,0
1029,'1909',609,,53153,30,,,0,35,,53154,30,,,0,67,,53174,30,,,0,30,,53150,30,,,0,70,,53145,30,,,0,30,,53178,30,,,0,73,,53148,30,,,0,30,,53155,30,,,0,70,,53173,30,,,0,30,,53152,30,,,0,70,,53144,30,,,0,30,,53177,30,,,0,70,,53149,30,,,0,30,,53156,30,,,0,70,,53172,30,,,0,30,,53151,30,,,0,70,,53146,30,,,0,30,,53175,30,,,0,71,,53147,30,,,0,30,,53157,30,,,0,70,,53171,30,,,0,30,,53160,30,,,0,70,,53159,30,,,0,28,,53158,30,,,0,67,,53164,30,,,0,30,,53163,30,,,0,70,,53162,30,,,0,30,,53161,30,,,0,70,,53176,30,,,0,29,,53170,30,,,0,70,,53169,30,,,0,30,,53168,30,,,0,70,,53167,30,,,0,30,,53166,30,,,0,65,,53165,30,,,0
1029,'1910',610,,53184,30,,,0,28,,53196,30,,,0,70,,53203,30,,,0,30,,53191,30,,,0,70,,53212,30,,,0,30,,53200,30,,,0,72,,53183,30,,,0,29,,53195,30,,,0,70,,53206,30,,,0,30,,53190,30,,,0,70,,53213,30,,,0,30,,53199,30,,,0,70,,53182,30,,,0,30,,53194,30,,,0,70,,53205,30,,,0,30,,53189,30,,,0,70,,53185,30,,,0,30,,53198,30,,,0,70,,53181,30,,,0,30,,53193,30,,,0,70,,53201,30,,,0,30,,53188,30,,,0,70,,53210,30,,,0,30,,53197,30,,,0,69,,53180,30,,,0,31,,53192,30,,,0,70,,53204,30,,,0,30,,53186,30,,,0,70,,53208,30,,,0,30,,53207,30,,,0,70,,53179,30,,,0,30,,53187,30,,,0,70,,53202,30,,,0,30,,53211,30,,,0,69,,53209,30,,,0
1029,'1911',611,,53214,30,,,0,98,,53215,30,,,0,100,,53216,30,,,0,101,,53217,30,,,0,101,,53218,30,,,0,100,,53219,30,,,0,100,,53220,30,,,0,100,,53221,30,,,0,100,,53222,30,,,0,100,,53223,30,,,0,99,,53224,30,,,0,100,,53225,30,,,0,100,,53226,30,,,0,100,,53227,30,,,0,100,,53228,30,,,0,100,,53229,30,,,0,98,,53230,30,,,0,99,,53231,30,,,0
1029,'1912',611,,53232,30,,,0,98,,53233,30,,,0,100,,53234,30,,,0,101,,53235,30,,,0,101,,53236,30,,,0,100,,53237,30,,,0,100,,53238,30,,,0,100,,53239,30,,,0,100,,53240,30,,,0,100,,53241,30,,,0,99,,53242,30,,,0,100,,53243,30,,,0,100,,53244,30,,,0,100,,53245,30,,,0,100,,53246,30,,,0,100,,53247,30,,,0,98,,53248,30,,,0,99,,53249,30,,,0
31019,'1907',603,,55859,10,,,0,50,,55842,22,,,0,100,,55843,22,,,0,101,,55844,22,,,0,100,,55845,22,,,0,100,,55846,22,,,0,100,,55847,22,,,0,100,,55848,22,,,0,100,,55849,22,,,0,100,,55850,22,,,0,100,,55851,22,,,0,100,,55852,22,,,0,100,,55853,22,,,0,100,,55854,22,,,0,100,,55855,22,,,0,100,,55856,22,,,0,100,,55857,22,,,0,99,,55858,22,,,0
31019,'1909',603,,55896,10,,,0,26,,55891,10,,,0,25,,55861,22,,,0,72,,55876,22,,,0,30,,55889,22,,,0,70,,55872,22,,,0,30,,55869,22,,,0,69,,55883,22,,,0,30,,55864,22,,,0,70,,55877,22,,,0,30,,55888,22,,,0,70,,55875,22,,,0,30,,55870,22,,,0,70,,55882,22,,,0,30,,55863,22,,,0,70,,55878,22,,,0,30,,55887,22,,,0,70,,55873,22,,,0,30,,55867,22,,,0,73,,55881,22,,,0,30,,55865,22,,,0,70,,55879,22,,,0,30,,55886,22,,,0,67,,55874,22,,,0,29,,55868,22,,,0,70,,55880,22,,,0,30,,55862,22,,,0,70,,55897,22,,,0,30,,55885,22,,,0,100,,55871,22,,,0,100,,55866,22,,,0,100,,55884,22,,,0
31019,'1910',603,,55933,10,,,0,26,,55926,10,,,0,24,,55903,22,,,0,70,,55919,22,,,0,30,,55932,22,,,0,70,,55915,22,,,0,30,,55909,22,,,0,71,,55925,22,,,0,30,,55902,22,,,0,70,,55918,22,,,0,30,,55927,22,,,0,70,,55914,22,,,0,30,,55908,22,,,0,71,,55924,22,,,0,30,,55901,22,,,0,70,,55917,22,,,0,30,,55930,22,,,0,70,,55913,22,,,0,30,,55907,22,,,0,70,,55923,22,,,0,30,,55900,22,,,0,70,,55916,22,,,0,30,,55929,22,,,0,70,,55912,22,,,0,29,,55906,22,,,0,70,,55922,22,,,0,30,,55899,22,,,0,70,,55934,22,,,0,30,,55928,22,,,0,100,,55905,22,,,0,100,,55898,22,,,0,100,,55931,22,,,0
31019,'1911',603,,55952,10,,,0,50,,55935,22,,,0,100,,55936,22,,,0,101,,55937,22,,,0,100,,55938,22,,,0,100,,55939,22,,,0,100,,55940,22,,,0,100,,55941,22,,,0,100,,55942,22,,,0,100,,55943,22,,,0,100,,55944,22,,,0,100,,55945,22,,,0,100,,55946,22,,,0,100,,55947,22,,,0,100,,55948,22,,,0,100,,55949,22,,,0,100,,55950,22,,,0,99,,55951,22,,,0
31019,'1912',603,,55971,10,,,0,50,,55954,22,,,0,100,,55955,22,,,0,101,,55956,22,,,0,100,,55957,22,,,0,100,,55958,22,,,0,100,,55959,22,,,0,100,,55960,22,,,0,100,,55961,22,,,0,100,,55962,22,,,0,100,,55963,22,,,0,100,,55964,22,,,0,100,,55965,22,,,0,100,,55966,22,,,0,100,,55967,22,,,0,100,,55968,22,,,0,100,,55969,22,,,0,99,,55970,22,,,0
