4019,'1907',807,,53591,12,,,0,30,,53592,12,,,0,70,,53589,12,,,0,30,,53593,12,,,0,70,,53590,12,,,0,30,,53574,12,,,0,70,,53578,12,,,0,30,,53582,12,,,0,70,,53585,12,,,0,31,,53570,12,,,0,69,,53573,12,,,0,30,,53577,12,,,0,69,,53581,12,,,0,30,,53583,12,,,0,70,,59487,12,,,0,30,,53572,12,,,0,70,,53576,12,,,0,30,,53580,12,,,0,70,,53584,12,,,0,31,,53568,12,,,0,70,,53571,12,,,0,30,,53575,12,,,0,70,,53579,12,,,0,30,,53588,12,,,0,70,,53594,12,,,0,30,,53586,12,,,0,70,,53595,12,,,0,30,,53587,12,,,0
4019,'1909',637,,59491,12,,,0,70,,53628,12,,,0,30,,53603,12,,,0,67,,53604,12,,,0,36,,53605,12,,,0,64,,53606,12,,,0,36,,53607,12,,,0,67,,53608,12,,,0,29,,53609,12,,,0,70,,53610,12,,,0,31,,53611,12,,,0,72,,53612,12,,,0,30,,53613,12,,,0,70,,59492,12,,,0,30,,53615,12,,,0,71,,53616,12,,,0,30,,53617,12,,,0,75,,53618,12,,,0,30,,53619,12,,,0,71,,53620,12,,,0,24,,53621,12,,,0,74,,53622,12,,,0,22,,53623,12,,,0,76,,53624,12,,,0,20,,53625,12,,,0,75,,53626,12,,,0,30,,59493,12,,,0,70,,59488,12,,,0,30,,59489,12,,,0,70,,53598,12,,,0,30,,59490,12,,,0,70,,53600,12,,,0,30,,53601,12,,,0
4019,'1910',707,,59504,12,,,0,30,,59495,12,,,0,70,,53630,12,,,0,30,,59497,12,,,0,70,,59502,12,,,0,30,,53646,12,,,0,71,,53634,12,,,0,30,,53656,12,,,0,71,,53633,12,,,0,30,,53653,12,,,0,70,,53648,12,,,0,30,,53641,12,,,0,70,,53654,12,,,0,30,,53657,12,,,0,70,,53632,12,,,0,30,,53643,12,,,0,70,,53631,12,,,0,30,,53637,12,,,0,70,,53655,12,,,0,30,,53652,12,,,0,69,,53649,12,,,0,30,,53638,12,,,0,70,,53658,12,,,0,30,,59503,12,,,0,69,,53629,12,,,0,30,,53644,12,,,0,70,,59498,12,,,0,30,,59501,12,,,0,70,,59494,12,,,0,30,,59499,12,,,0,70,,59496,12,,,0,30,,59500,12,,,0
4019,'1912',807,,53712,12,,,0,30,,53713,12,,,0,70,,53710,12,,,0,30,,53714,12,,,0,70,,53711,12,,,0,30,,53695,12,,,0,70,,53699,12,,,0,30,,53703,12,,,0,70,,53706,12,,,0,31,,53691,12,,,0,69,,53694,12,,,0,30,,53698,12,,,0,69,,53702,12,,,0,30,,53704,12,,,0,70,,59505,12,,,0,30,,53693,12,,,0,70,,53697,12,,,0,30,,53701,12,,,0,70,,53705,12,,,0,31,,53689,12,,,0,70,,53692,12,,,0,30,,53696,12,,,0,70,,53700,12,,,0,30,,53709,12,,,0,70,,53715,12,,,0,30,,53707,12,,,0,70,,53716,12,,,0,30,,53708,12,,,0
4019,'1924',807,,53684,12,,,0,30,,53685,12,,,0,70,,53682,12,,,0,30,,53686,12,,,0,70,,53683,12,,,0,30,,53667,12,,,0,70,,53671,12,,,0,30,,53675,12,,,0,70,,53678,12,,,0,31,,53663,12,,,0,69,,53666,12,,,0,30,,53670,12,,,0,69,,53674,12,,,0,30,,53676,12,,,0,70,,59506,12,,,0,30,,53665,12,,,0,70,,53669,12,,,0,30,,53673,12,,,0,70,,53677,12,,,0,31,,53661,12,,,0,70,,53664,12,,,0,30,,53668,12,,,0,70,,53672,12,,,0,30,,53681,12,,,0,70,,53687,12,,,0,30,,53679,12,,,0,70,,53688,12,,,0,30,,53680,12,,,0
4019,'1925',807,,59530,12,,,0,30,,59531,12,,,0,70,,59528,12,,,0,30,,59532,12,,,0,70,,59529,12,,,0,30,,59513,12,,,0,70,,59517,12,,,0,30,,59521,12,,,0,70,,59524,12,,,0,31,,59509,12,,,0,69,,59512,12,,,0,30,,59516,12,,,0,69,,59520,12,,,0,30,,59522,12,,,0,70,,59508,12,,,0,30,,59511,12,,,0,70,,59515,12,,,0,30,,59519,12,,,0,70,,59523,12,,,0,31,,59507,12,,,0,70,,59510,12,,,0,30,,59514,12,,,0,70,,59518,12,,,0,30,,59527,12,,,0,70,,59533,12,,,0,30,,59525,12,,,0,70,,59534,12,,,0,30,,59526,12,,,0
7019,'1907',552,,54127,7,,,0,70,,59739,7,,,0,30,,59740,7,,,0,68,,54112,7,,,0,30,,59729,26,,,0,71,,54125,11,,,0,30,,59730,26,,,0,73,,54117,11,,,0,27,,59738,26,,,0,74,,54124,11,,,0,28,,59731,26,,,0,72,,54116,11,,,0,28,,59732,26,,,0,72,,54123,11,,,0,28,,59733,26,,,0,73,,54115,11,,,0,27,,59734,26,,,0,73,,54122,11,,,0,28,,59735,26,,,0,73,,54114,11,,,0,27,,59736,26,,,0,73,,54121,11,,,0,26,,59737,26,,,0,73,,54113,11,,,0,27,,59725,26,,,0,72,,54120,11,,,0,27,,59726,26,,,0,71,,54118,11,,,0,27,,59724,26,,,0,72,,54119,11,,,0,28,,59728,26,,,0,72,,54126,11,,,0,28,,59727,26,,,0,70,,54129,7,,,0,30,,54128,7,,,0
7019,'1909',514,,59755,7,,,0,36,,54158,26,,,0,73,,54130,7,,,0,30,,54157,26,,,0,72,,59751,26,,,0,32,,54156,26,,,0,72,,59750,26,,,0,27,,54154,26,,,0,70,,59749,26,,,0,30,,54152,26,,,0,70,,54153,26,,,0,30,,54151,26,,,0,70,,54149,26,,,0,30,,54163,26,,,0,70,,59754,26,,,0,30,,59753,26,,,0,70,,59752,26,,,0,30,,54141,26,,,0,71,,59748,26,,,0,74,,59743,26,,,0,11,,59756,11,,,0,22,,54139,26,,,0,13,,54165,7,,,0,53,,54147,26,,,0,30,,59747,26,,,0,70,,59746,26,,,0,28,,54138,26,,,0,28,,54137,26,,,0,70,,54136,26,,,0,30,,59745,26,,,0,69,,59744,26,,,0,27,,54135,26,,,0,70,,54142,26,,,0,30,,59742,26,,,0,69,,54131,7,,,0,29,,54132,26,,,0,70,,59757,11,,,0,29,,59741,26,,,0,100,,54168,26,,,0
7019,'1910',622,,54200,7,,,0,28,,59761,26,,,0,70,,59760,26,,,0,30,,54182,26,,,0,70,,54175,26,,,0,32,,54183,26,,,0,70,,54176,26,,,0,30,,59762,26,,,0,71,,54177,26,,,0,30,,54185,26,,,0,70,,54178,26,,,0,30,,54186,26,,,0,70,,54179,26,,,0,30,,59763,26,,,0,70,,54180,26,,,0,30,,59764,26,,,0,70,,54193,26,,,0,30,,54189,26,,,0,70,,54195,26,,,0,30,,54190,26,,,0,70,,54194,26,,,0,30,,54191,26,,,0,70,,54196,26,,,0,30,,54192,26,,,0,70,,54199,26,,,0,29,,54169,26,,,0,69,,54197,26,,,0,30,,59758,26,,,0,68,,54198,26,,,0,30,,54171,26,,,0,70,,54201,7,,,0,30,,54172,26,,,0,70,,54202,11,,,0,30,,59759,26,,,0
7019,'1912',552,,54270,7,,,0,70,,59780,7,,,0,30,,59781,7,,,0,68,,54255,7,,,0,30,,59770,26,,,0,71,,54268,11,,,0,30,,59771,26,,,0,73,,54260,11,,,0,27,,59779,26,,,0,74,,54267,11,,,0,28,,59772,26,,,0,72,,54259,11,,,0,28,,59773,26,,,0,72,,54266,11,,,0,28,,59774,26,,,0,73,,54258,11,,,0,27,,59775,26,,,0,73,,54265,11,,,0,28,,59776,26,,,0,73,,54257,11,,,0,27,,59777,26,,,0,73,,54264,11,,,0,26,,59778,26,,,0,73,,54256,11,,,0,27,,59766,26,,,0,72,,54263,11,,,0,27,,59767,26,,,0,71,,54261,11,,,0,27,,59765,26,,,0,72,,54262,11,,,0,28,,59769,26,,,0,72,,54269,11,,,0,28,,59768,26,,,0,70,,54272,7,,,0,30,,54271,7,,,0
7019,'1924',552,,54235,7,,,0,70,,59797,7,,,0,30,,59798,7,,,0,68,,54220,7,,,0,30,,59787,26,,,0,71,,54233,11,,,0,30,,59788,26,,,0,73,,54225,11,,,0,27,,59796,26,,,0,74,,54232,11,,,0,28,,59789,26,,,0,72,,54224,11,,,0,28,,59790,26,,,0,72,,54231,11,,,0,28,,59791,26,,,0,73,,54223,11,,,0,27,,59792,26,,,0,73,,54230,11,,,0,28,,59793,26,,,0,73,,54222,11,,,0,27,,59794,26,,,0,73,,54229,11,,,0,26,,59795,26,,,0,73,,54221,11,,,0,27,,59783,26,,,0,72,,54228,11,,,0,27,,59784,26,,,0,71,,54226,11,,,0,27,,59782,26,,,0,72,,54227,11,,,0,28,,59786,26,,,0,72,,54234,11,,,0,28,,59785,26,,,0,70,,54237,7,,,0,30,,54236,7,,,0
7019,'1925',552,,59831,7,,,0,70,,59814,7,,,0,30,,59815,7,,,0,68,,59816,7,,,0,30,,59804,26,,,0,71,,59829,11,,,0,30,,59805,26,,,0,73,,59821,11,,,0,27,,59813,26,,,0,74,,59828,11,,,0,28,,59806,26,,,0,72,,59820,11,,,0,28,,59807,26,,,0,72,,59827,11,,,0,28,,59808,26,,,0,73,,59819,11,,,0,27,,59809,26,,,0,73,,59826,11,,,0,28,,59810,26,,,0,73,,59818,11,,,0,27,,59811,26,,,0,73,,59825,11,,,0,26,,59812,26,,,0,73,,59817,11,,,0,27,,59800,26,,,0,72,,59824,11,,,0,27,,59801,26,,,0,71,,59822,11,,,0,27,,59799,26,,,0,72,,59823,11,,,0,28,,59803,26,,,0,72,,59830,11,,,0,28,,59802,26,,,0,70,,59833,7,,,0,30,,59832,7,,,0
14000001029,'1907',607,,61816,44,0,18 7,0,1811,,61810,44,,,0,29,,61814,44,,,0,70,,61815,44,,,0,30,,61812,44,,,0,70,,61813,44,,,0,30,,61811,44,,,0
14000001029,'1909',505,,61817,44,0,18 7,0,102,,61818,44,0,18 7,0,1811,,61820,44,,,0,29,,61821,44,,,0,70,,61824,44,,,0,30,,61819,44,,,0,70,,61822,44,,,0,30,,61823,44,,,0
14000001029,'1910',607,,61829,44,0,18 7,0,1811,,61831,44,,,0,29,,61826,44,,,0,70,,61825,44,,,0,30,,61827,44,,,0,70,,61830,44,,,0,30,,61828,44,,,0
14000001029,'1912',607,,61838,44,0,18 7,0,1811,,61832,44,,,0,29,,61836,44,,,0,70,,61837,44,,,0,30,,61834,44,,,0,70,,61835,44,,,0,30,,61833,44,,,0
14000001029,'1924',607,,61845,44,0,18 7,0,1811,,61839,44,,,0,29,,61843,44,,,0,70,,61844,44,,,0,30,,61841,44,,,0,70,,61842,44,,,0,30,,61840,44,,,0
14000001029,'1925',607,,61852,44,0,18 7,0,1811,,61846,44,,,0,29,,61850,44,,,0,70,,61851,44,,,0,30,,61848,44,,,0,70,,61849,44,,,0,30,,61847,44,,,0
