2029,'1907',625,,53401,27,,,0,30,,53409,27,,,0,68,,53420,27,,,0,30,,53415,27,,,0,70,,53402,27,,,0,30,,53410,27,,,0,71,,53421,27,,,0,30,,53416,27,,,0,55,,53432,12,0,12,0,15,,53403,27,,,0,30,,53411,27,,,0,70,,53422,27,,,0,30,,53417,27,,,0,70,,53404,27,,,0,30,,53412,27,,,0,70,,53423,27,,,0,30,,53418,27,,,0,70,,53405,27,,,0,30,,53413,27,,,0,70,,53424,27,,,0,30,,53419,27,,,0,70,,53406,27,,,0,30,,53414,27,,,0,70,,53425,27,,,0,100,,53407,27,,,0,97,,53426,27,,,0,100,,53408,27,,,0,101,,53427,27,,,0,100,,53400,27,,,0
2029,'1909',529,,53450,12,,,0,25,,53433,27,,,0,70,,53434,27,,,0,27,,53435,27,,,0,72,,53436,27,,,0,29,,53437,27,,,0,70,,53438,27,,,0,30,,53439,27,,,0,71,,53440,27,,,0,30,,53441,27,,,0,70,,53464,27,,,0,30,,53460,27,,,0,70,,53466,27,,,0,30,,53462,27,,,0,70,,53463,27,,,0,30,,53459,27,,,0,70,,53465,27,,,0,30,,53461,27,,,0,70,,53467,27,,,0,32,,53442,27,,,0,74,,53443,27,,,0,30,,53444,27,,,0,70,,53445,27,,,0,30,,53446,27,,,0,70,,53447,27,,,0,27,,53448,27,,,0,67,,53449,27,,,0,30,,53453,27,,,0,70,,53454,27,,,0,100,,53455,27,,,0,100,,53456,27,,,0,100,,53452,27,,,0
2029,'1910',555,,53499,27,0,5 2 15 16 17,0,70,,53482,27,,,0,30,,53489,27,,,0,68,,53468,27,,,0,30,,53474,27,,,0,70,,53483,27,,,0,30,,53490,27,,,0,71,,53469,27,,,0,30,,53475,27,,,0,70,,53484,27,,,0,30,,53491,27,,,0,70,,53470,27,,,0,30,,53476,27,,,0,70,,53485,27,,,0,30,,53492,27,,,0,70,,53471,27,,,0,30,,53477,27,,,0,70,,53486,27,,,0,30,,53493,27,,,0,70,,53472,27,,,0,30,,53478,27,,,0,70,,53487,27,,,0,30,,53494,27,,,0,70,,53473,27,,,0,30,,53479,27,,,0,70,,53488,27,,,0,30,,53495,27,,,0,69,,53480,27,,,0,100,,53496,27,,,0,100,,53481,27,,,0,100,,53497,27,,,0
2029,'1911',625,,53503,27,,,0,30,,53511,27,,,0,68,,53522,27,,,0,30,,53517,27,,,0,70,,53504,27,,,0,30,,53512,27,,,0,71,,53523,27,,,0,30,,53518,27,,,0,55,,53534,12,0,12,0,15,,53505,27,,,0,30,,53513,27,,,0,70,,53524,27,,,0,30,,53519,27,,,0,70,,53506,27,,,0,30,,53514,27,,,0,70,,53525,27,,,0,30,,53520,27,,,0,70,,53507,27,,,0,30,,53515,27,,,0,70,,53526,27,,,0,30,,53521,27,,,0,70,,53508,27,,,0,30,,53516,27,,,0,70,,53527,27,,,0,100,,53509,27,,,0,97,,53528,27,,,0,100,,53510,27,,,0,101,,53529,27,,,0,100,,53502,27,,,0
2029,'1912',625,,53536,27,,,0,30,,53544,27,,,0,68,,53555,27,,,0,30,,53550,27,,,0,70,,53537,27,,,0,30,,53545,27,,,0,71,,53556,27,,,0,30,,53551,27,,,0,55,,53567,12,0,12,0,15,,53538,27,,,0,30,,53546,27,,,0,70,,53557,27,,,0,30,,53552,27,,,0,70,,53539,27,,,0,30,,53547,27,,,0,70,,53558,27,,,0,30,,53553,27,,,0,70,,53540,27,,,0,30,,53548,27,,,0,70,,53559,27,,,0,30,,53554,27,,,0,70,,53541,27,,,0,30,,53549,27,,,0,70,,53560,27,,,0,100,,53542,27,,,0,97,,53561,27,,,0,100,,53543,27,,,0,101,,53562,27,,,0,100,,53535,27,,,0
4029,'1907',736,,53738,15,,,0,70,,53740,15,,,0,30,,53736,15,,,0,70,,53739,15,,,0,32,,53737,15,,,0,70,,53729,15,,,0,29,,53732,15,,,0,70,,53717,15,,,0,30,,53722,15,,,0,70,,53725,15,,,0,30,,53728,15,,,0,70,,53730,15,,,0,30,,53718,15,,,0,70,,53721,15,,,0,30,,53724,15,,,0,70,,53727,15,,,0,30,,53731,15,,,0,70,,53719,15,,,0,30,,53720,15,,,0,70,,53723,15,,,0,30,,53726,15,,,0,70,,53744,15,,,0,30,,53743,15,,,0,71,,53745,15,,,0,30,,53742,15,,,0,70,,53735,15,,,0,30,,53741,15,,,0,70,,53733,15,,,0,100,,53734,15,,,0
4029,'1909',637,,53746,15,,,0,70,,53747,15,,,0,34,,53748,15,,,0,66,,53749,15,,,0,36,,53750,15,,,0,64,,53751,15,,,0,31,,53752,15,,,0,70,,53753,15,,,0,30,,53754,15,,,0,70,,53755,15,,,0,30,,53756,15,,,0,71,,53757,15,,,0,30,,53758,15,,,0,70,,53759,15,,,0,30,,53760,15,,,0,70,,53761,15,,,0,30,,53762,15,,,0,75,,53763,15,,,0,25,,53764,15,,,0,76,,53765,15,,,0,24,,53766,15,,,0,76,,53767,15,,,0,24,,53768,15,,,0,75,,53769,15,,,0,27,,53770,15,,,0,69,,53771,15,,,0,29,,53772,15,,,0,71,,53773,15,,,0,29,,53774,15,,,0,70,,53775,15,,,0,30,,53776,15,,,0,70,,53777,15,,,0
4029,'1910',638,,53802,15,,,0,68,,53803,15,,,0,30,,53804,15,,,0,70,,53805,15,,,0,30,,53806,15,,,0,72,,53807,15,,,0,30,,53808,15,,,0,71,,53795,15,,,0,29,,53789,15,,,0,70,,53782,15,,,0,30,,53793,15,,,0,70,,53799,15,,,0,30,,53794,15,,,0,70,,53781,15,,,0,30,,53786,15,,,0,70,,53797,15,,,0,30,,53780,15,,,0,70,,53796,15,,,0,30,,53791,15,,,0,70,,53783,15,,,0,30,,53778,15,,,0,70,,53798,15,,,0,30,,53801,15,,,0,70,,53792,15,,,0,30,,53787,15,,,0,70,,53809,15,,,0,31,,53784,15,,,0,70,,53779,15,,,0,29,,53785,15,,,0,70,,53790,15,,,0,30,,53800,15,,,0,70,,53788,15,,,0
4029,'1911',736,,53831,15,,,0,70,,53833,15,,,0,30,,53829,15,,,0,70,,53832,15,,,0,32,,53830,15,,,0,70,,53822,15,,,0,29,,53825,15,,,0,70,,53810,15,,,0,30,,53815,15,,,0,70,,53818,15,,,0,30,,53821,15,,,0,70,,53823,15,,,0,30,,53811,15,,,0,70,,53814,15,,,0,30,,53817,15,,,0,70,,53820,15,,,0,30,,53824,15,,,0,70,,53812,15,,,0,30,,53813,15,,,0,70,,53816,15,,,0,30,,53819,15,,,0,70,,53837,15,,,0,30,,53836,15,,,0,71,,53838,15,,,0,30,,53835,15,,,0,70,,53828,15,,,0,30,,53834,15,,,0,70,,53826,15,,,0,100,,53827,15,,,0
4029,'1912',736,,53860,15,,,0,70,,53862,15,,,0,30,,53858,15,,,0,70,,53861,15,,,0,32,,53859,15,,,0,70,,53851,15,,,0,29,,53854,15,,,0,70,,53839,15,,,0,30,,53844,15,,,0,70,,53847,15,,,0,30,,53850,15,,,0,70,,53852,15,,,0,30,,53840,15,,,0,70,,53843,15,,,0,30,,53846,15,,,0,70,,53849,15,,,0,30,,53853,15,,,0,70,,53841,15,,,0,30,,53842,15,,,0,70,,53845,15,,,0,30,,53848,15,,,0,70,,53866,15,,,0,30,,53865,15,,,0,71,,53867,15,,,0,30,,53864,15,,,0,70,,53857,15,,,0,30,,53863,15,,,0,70,,53855,15,,,0,100,,53856,15,,,0
501019,'1907',620,,56185,10,,,0,30,,56199,10,,,0,67,,56184,10,,,0,30,,56198,10,,,0,70,,56187,10,,,0,31,,56200,10,,,0,71,,56188,10,,,0,30,,56197,10,,,0,70,,56176,10,,,0,30,,56189,10,,,0,73,,56175,10,,,0,30,,56190,10,,,0,70,,56178,10,,,0,30,,56191,10,,,0,70,,56174,10,,,0,30,,56196,10,,,0,70,,56173,10,,,0,30,,56195,10,,,0,70,,56172,10,,,0,30,,56192,10,,,0,70,,56171,10,,,0,30,,56194,10,,,0,70,,56177,10,,,0,30,,56193,10,,,0,68,,56186,10,,,0,30,,56201,10,,,0,70,,56183,10,,,0,30,,56204,10,,,0,69,,56182,10,,,0,30,,56170,10,,,0,70,,56181,10,,,0,30,,56202,10,,,0,69,,56180,10,,,0,30,,56203,10,,,0,70,,56179,10,,,0
501019,'1909',525,,56205,4,,,0,93,,56206,10,,,0,30,,56207,10,,,0,77,,56208,10,,,0,24,,56209,10,,,0,64,,56210,10,,,0,12,,56211,10,,,0,24,,56212,10,,,0,63,,56213,10,,,0,11,,56214,10,,,0,30,,56215,10,,,0,70,,56216,10,,,0,30,,56217,10,,,0,70,,56218,10,,,0,30,,56219,10,,,0,70,,56220,10,,,0,30,,56221,10,,,0,70,,56222,10,,,0,30,,56223,10,,,0,70,,56224,10,,,0,27,,56225,10,,,0,52,,56226,10,,,0,22,,56227,10,,,0,24,,56228,10,,,0,52,,56229,10,,,0,24,,56230,10,,,0,24,,56231,10,,,0,52,,56232,10,,,0,23,,56233,10,,,0,23,,56234,10,,,0,12,,56235,10,,,0,66,,56236,10,,,0,28,,56237,10,,,0,70,,56238,10,,,0,28,,56239,10,,,0,70,,56240,10,,,0,30,,56241,10,,,0,69,,56242,10,,,0,30,,56243,10,,,0,70,,56244,10,,,0,30,,56245,10,,,0,70,,56246,10,,,0
501019,'1910',622,,56256,10,,,0,30,,56259,10,,,0,67,,56255,10,,,0,30,,56258,10,,,0,70,,56254,10,,,0,30,,56260,10,,,0,70,,56253,10,,,0,30,,56257,10,,,0,72,,56266,10,,,0,33,,56276,10,,,0,70,,56267,10,,,0,30,,56277,10,,,0,70,,56268,10,,,0,30,,56278,10,,,0,70,,56269,10,,,0,30,,56279,10,,,0,70,,56270,10,,,0,30,,56280,10,,,0,70,,56271,10,,,0,30,,56281,10,,,0,70,,56272,10,,,0,30,,56274,10,,,0,70,,56273,10,,,0,30,,56275,10,,,0,70,,56252,10,,,0,27,,56265,10,,,0,68,,56251,10,,,0,30,,56263,10,,,0,70,,56250,10,,,0,30,,56264,10,,,0,70,,56249,10,,,0,30,,56261,10,,,0,70,,56248,10,,,0,30,,56262,10,,,0,69,,56247,10,,,0
501019,'1911',620,,56297,10,,,0,30,,56311,10,,,0,67,,56296,10,,,0,30,,56310,10,,,0,70,,56299,10,,,0,31,,56312,10,,,0,71,,56300,10,,,0,30,,56309,10,,,0,70,,56288,10,,,0,30,,56301,10,,,0,73,,56287,10,,,0,30,,56302,10,,,0,70,,56290,10,,,0,30,,56303,10,,,0,70,,56286,10,,,0,30,,56308,10,,,0,70,,56285,10,,,0,30,,56307,10,,,0,70,,56284,10,,,0,30,,56304,10,,,0,70,,56283,10,,,0,30,,56306,10,,,0,70,,56289,10,,,0,30,,56305,10,,,0,68,,56298,10,,,0,30,,56313,10,,,0,70,,56295,10,,,0,30,,56316,10,,,0,69,,56294,10,,,0,30,,56282,10,,,0,70,,56293,10,,,0,30,,56314,10,,,0,69,,56292,10,,,0,30,,56315,10,,,0,70,,56291,10,,,0
501019,'1912',620,,56332,10,,,0,30,,56346,10,,,0,67,,56331,10,,,0,30,,56345,10,,,0,70,,56334,10,,,0,31,,56347,10,,,0,71,,56335,10,,,0,30,,56344,10,,,0,70,,56323,10,,,0,30,,56336,10,,,0,73,,56322,10,,,0,30,,56337,10,,,0,70,,56325,10,,,0,30,,56338,10,,,0,70,,56321,10,,,0,30,,56343,10,,,0,70,,56320,10,,,0,30,,56342,10,,,0,70,,56319,10,,,0,30,,56339,10,,,0,70,,56318,10,,,0,30,,56341,10,,,0,70,,56324,10,,,0,30,,56340,10,,,0,68,,56333,10,,,0,30,,56348,10,,,0,70,,56330,10,,,0,30,,56351,10,,,0,69,,56329,10,,,0,30,,56317,10,,,0,70,,56328,10,,,0,30,,56349,10,,,0,69,,56327,10,,,0,30,,56350,10,,,0,70,,56326,10,,,0
701019,'1907',612,,57471,7,,,0,28,,57504,7,,,0,69,,57493,7,,,0,30,,57468,7,,,0,70,,57495,7,,,0,30,,57472,7,,,0,70,,57467,7,,,0,30,,57497,7,,,0,70,,57476,7,,,0,30,,57464,7,,,0,70,,57499,7,,,0,30,,57474,7,,,0,70,,57463,7,,,0,30,,57494,7,,,0,70,,57478,7,,,0,30,,57461,7,,,0,70,,57498,7,,,0,30,,57477,7,,,0,70,,57459,7,,,0,30,,57496,7,,,0,70,,57473,7,,,0,30,,57457,7,,,0,70,,57500,7,,,0,30,,57483,7,,,0,70,,57454,7,,,0,30,,57513,7,,,0,70,,57486,7,,,0,30,,57452,7,,,0,70,,57508,7,,,0,30,,57489,7,,,0,70,,57449,7,,,0,30,,57503,7,,,0,69,,57487,7,,,0,30,,57451,7,,,0,70,,57507,7,,,0,25,,57519,7,,,0
701019,'1909',553,,57611,7,,,0,70,,57612,7,,,0,18,,57622,7,,,0,14,,57613,7,,,0,70,,57621,7,,,0,15,,57614,7,,,0,65,,57615,7,,,0,13,,57616,7,,,0,20,,57617,7,,,0,69,,57584,7,,,0,30,,57629,7,,,0,70,,57585,7,,,0,30,,57586,7,,,0,70,,57587,7,,,0,30,,57588,7,,,0,70,,57589,7,,,0,30,,57590,7,,,0,70,,57591,7,,,0,30,,57592,7,,,0,70,,57593,7,,,0,31,,57594,7,,,0,14,,57626,7,0,5 2 11 2 12,0,56,,57630,7,,,0,11,,57595,7,,,0,20,,57619,7,,,0,19,,57625,7,0,5 2 11 2 12,0,61,,57596,7,,,0,20,,57597,7,,,0,61,,57627,7,0,5 2 11 2 12,0,20,,57618,7,,,0,19,,57610,7,,,0,65,,57609,7,,,0,20,,57608,7,,,0,15,,57598,7,,,0,70,,57599,7,,,0,30,,57600,7,,,0,69,,57601,7,,,0,30,,57602,7,,,0,70,,57603,7,,,0,30,,57604,7,,,0,70,,57605,7,,,0,30,,57606,7,,,0,70,,57607,7,,,0,25,,57624,7,,,0
701019,'1910',612,,57660,7,,,0,28,,57640,7,,,0,68,,57657,7,,,0,30,,57653,7,,,0,71,,57655,7,,,0,30,,57656,7,,,0,70,,57658,7,,,0,30,,57654,7,,,0,70,,57690,7,,,0,30,,57699,7,,,0,70,,57686,7,,,0,30,,57695,7,,,0,70,,57691,7,,,0,30,,57684,7,,,0,70,,57729,7,,,0,30,,57683,7,,,0,70,,57685,7,,,0,30,,57713,7,,,0,70,,57709,7,,,0,30,,57702,7,,,0,70,,57721,7,,,0,30,,57710,7,,,0,70,,57727,7,,,0,30,,57675,7,,,0,70,,57704,7,,,0,30,,57682,7,,,0,70,,57711,7,,,0,30,,57635,7,,,0,70,,57641,7,,,0,30,,57648,7,,,0,70,,57631,7,,,0,30,,57636,7,,,0,70,,57642,7,,,0,30,,57649,7,,,0,70,,57632,7,,,0,25,,57673,7,,,0
701019,'1911',612,,57779,7,,,0,28,,57812,7,,,0,69,,57801,7,,,0,30,,57776,7,,,0,70,,57803,7,,,0,30,,57780,7,,,0,70,,57775,7,,,0,30,,57805,7,,,0,70,,57784,7,,,0,30,,57772,7,,,0,70,,57807,7,,,0,30,,57782,7,,,0,70,,57771,7,,,0,30,,57802,7,,,0,70,,57786,7,,,0,30,,57769,7,,,0,70,,57806,7,,,0,30,,57785,7,,,0,70,,57767,7,,,0,30,,57804,7,,,0,70,,57781,7,,,0,30,,57765,7,,,0,70,,57808,7,,,0,30,,57791,7,,,0,70,,57762,7,,,0,30,,57821,7,,,0,70,,57794,7,,,0,30,,57760,7,,,0,70,,57816,7,,,0,30,,57797,7,,,0,70,,57757,7,,,0,30,,57811,7,,,0,69,,57795,7,,,0,30,,57759,7,,,0,70,,57815,7,,,0,25,,57827,7,,,0
701019,'1912',612,,57878,7,,,0,28,,57911,7,,,0,69,,57900,7,,,0,30,,57875,7,,,0,70,,57902,7,,,0,30,,57879,7,,,0,70,,57874,7,,,0,30,,57904,7,,,0,70,,57883,7,,,0,30,,57871,7,,,0,70,,57906,7,,,0,30,,57881,7,,,0,70,,57870,7,,,0,30,,57901,7,,,0,70,,57885,7,,,0,30,,57868,7,,,0,70,,57905,7,,,0,30,,57884,7,,,0,70,,57866,7,,,0,30,,57903,7,,,0,70,,57880,7,,,0,30,,57864,7,,,0,70,,57907,7,,,0,30,,57890,7,,,0,70,,57861,7,,,0,30,,57920,7,,,0,70,,57893,7,,,0,30,,57859,7,,,0,70,,57915,7,,,0,30,,57896,7,,,0,70,,57856,7,,,0,30,,57910,7,,,0,69,,57894,7,,,0,30,,57858,7,,,0,70,,57914,7,,,0,25,,57926,7,,,0
14000001029,'1907',537,,58794,12,0,18 7,0,1811,,58788,12,,,0,69,,58792,12,,,0,30,,58793,12,,,0,70,,58790,12,,,0,30,,58791,12,,,0,70,,58789,12,,,0
14000001029,'1909',435,,58795,12,0,18 7,0,102,,58796,12,0,18 7,0,1811,,58798,12,,,0,69,,58799,12,,,0,30,,58802,12,,,0,70,,58797,12,,,0,30,,58800,12,,,0,70,,58801,12,,,0
14000001029,'1910',537,,58807,12,0,18 7,0,1811,,58809,12,,,0,69,,58804,12,,,0,30,,58803,12,,,0,70,,58805,12,,,0,30,,58808,12,,,0,70,,58806,12,,,0
14000001029,'1911',537,,58816,12,0,18 7,0,1811,,58810,12,,,0,69,,58814,12,,,0,30,,58815,12,,,0,70,,58812,12,,,0,30,,58813,12,,,0,70,,58811,12,,,0
14000001029,'1912',537,,58823,12,0,18 7,0,1811,,58817,12,,,0,69,,58821,12,,,0,30,,58822,12,,,0,70,,58819,12,,,0,30,,58820,12,,,0,70,,58818,12,,,0
