1019,'1907',630,,53000,37,,,0,100,,53001,37,,,0,101,,53002,37,,,0,100,,53003,37,,,0,100,,53004,37,,,0,102,,53005,37,,,0,100,,53006,37,,,0,100,,53007,37,,,0,100,,53008,37,,,0,100,,53009,37,,,0,100,,53010,37,,,0,100,,53011,37,,,0,100,,53012,37,,,0,98,,53013,37,,,0,100,,53014,37,,,0,100,,53015,37,,,0,102,,53016,37,,,0,95,,53017,37,,,0
1019,'1909',600,,53053,37,,,0,35,,53049,37,,,0,71,,53025,37,,,0,33,,53020,37,,,0,70,,53038,37,,,0,30,,53022,37,,,0,71,,53027,37,,,0,32,,53052,37,,,0,70,,53024,37,,,0,30,,53018,37,,,0,70,,53037,37,,,0,30,,53023,37,,,0,70,,53028,37,,,0,30,,53048,37,,,0,70,,53026,37,,,0,30,,53019,37,,,0,70,,53050,37,,,0,31,,53021,37,,,0,70,,53029,37,,,0,30,,53047,37,,,0,70,,53040,37,,,0,30,,53032,37,,,0,70,,53030,37,,,0,28,,53033,37,,,0,68,,53035,37,,,0,30,,53034,37,,,0,70,,53031,37,,,0,25,,53051,37,,,0,70,,53045,37,,,0,28,,53046,37,,,0,70,,53044,37,,,0,30,,53043,37,,,0,70,,53042,37,,,0,30,,53041,37,,,0,70,,53039,37,,,0,30,,53036,37,,,0
1019,'1910',601,,53089,37,,,0,30,,53078,37,,,0,70,,53064,37,,,0,30,,53083,37,,,0,70,,53073,37,,,0,30,,53058,37,,,0,70,,53079,37,,,0,30,,53081,37,,,0,70,,53063,37,,,0,32,,53084,37,,,0,70,,53072,37,,,0,30,,53057,37,,,0,70,,53067,37,,,0,30,,53077,37,,,0,70,,53062,37,,,0,30,,53085,37,,,0,70,,53071,37,,,0,30,,53056,37,,,0,70,,53066,37,,,0,30,,53076,37,,,0,70,,53061,37,,,0,30,,53086,37,,,0,70,,53070,37,,,0,30,,53055,37,,,0,70,,53065,37,,,0,30,,53075,37,,,0,70,,53059,37,,,0,28,,53087,37,,,0,70,,53068,37,,,0,30,,53054,37,,,0,70,,53060,37,,,0,30,,53074,37,,,0,74,,53069,37,,,0,30,,53088,37,,,0,70,,53082,37,,,0,25,,53080,37,,,0
1019,'1911',630,,53090,37,,,0,100,,53091,37,,,0,101,,53092,37,,,0,100,,53093,37,,,0,100,,53094,37,,,0,102,,53095,37,,,0,100,,53096,37,,,0,100,,53097,37,,,0,100,,53098,37,,,0,100,,53099,37,,,0,100,,53100,37,,,0,100,,53101,37,,,0,100,,53102,37,,,0,98,,53103,37,,,0,100,,53104,37,,,0,100,,53105,37,,,0,102,,53106,37,,,0,95,,53107,37,,,0
1019,'1912',630,,53108,37,,,0,100,,53109,37,,,0,101,,53110,37,,,0,100,,53111,37,,,0,100,,53112,37,,,0,102,,53113,37,,,0,100,,53114,37,,,0,100,,53115,37,,,0,100,,53116,37,,,0,100,,53117,37,,,0,100,,53118,37,,,0,100,,53119,37,,,0,100,,53120,37,,,0,98,,53121,37,,,0,100,,53122,37,,,0,100,,53123,37,,,0,102,,53124,37,,,0,95,,53125,37,,,0
1029,'1907',601,,53126,15,,,0,58,,53127,15,,,0,100,,53128,15,,,0,100,,53129,15,,,0,141,,53130,15,,,0,100,,53131,15,,,0,100,,53132,15,,,0,100,,53133,15,,,0,100,,53134,15,,,0,100,,53135,15,,,0,100,,53136,15,,,0,100,,53137,15,,,0,100,,53138,15,,,0,100,,53139,15,,,0,100,,53140,15,,,0,100,,53141,15,,,0,100,,53142,15,,,0,59,,53143,15,,,0
1029,'1909',559,,53153,15,,,0,75,,53154,15,,,0,25,,53174,15,,,0,70,,53150,15,,,0,30,,53145,15,,,0,70,,53178,15,,,0,73,,53148,15,,,0,30,,53155,15,,,0,70,,53173,15,,,0,30,,53152,15,,,0,70,,53144,15,,,0,30,,53177,15,,,0,70,,53149,15,,,0,30,,53156,15,,,0,70,,53172,15,,,0,30,,53151,15,,,0,70,,53146,15,,,0,30,,53175,15,,,0,71,,53147,15,,,0,30,,53157,15,,,0,70,,53171,15,,,0,30,,53160,15,,,0,70,,53159,15,,,0,30,,53158,15,,,0,67,,53164,15,,,0,30,,53163,15,,,0,70,,53162,15,,,0,30,,53161,15,,,0,70,,53176,15,,,0,29,,53170,15,,,0,30,,53169,15,,,0,70,,53168,15,,,0,30,,53167,15,,,0,70,,53166,15,,,0,25,,53165,15,,,0
1029,'1910',601,,53184,15,,,0,28,,53196,15,,,0,30,,53203,15,,,0,70,,53191,15,,,0,30,,53212,15,,,0,70,,53200,15,,,0,30,,53183,15,,,0,69,,53195,15,,,0,30,,53206,15,,,0,70,,53190,15,,,0,30,,53213,15,,,0,70,,53199,15,,,0,30,,53182,15,,,0,70,,53194,15,,,0,30,,53205,15,,,0,70,,53189,15,,,0,30,,53185,15,,,0,70,,53198,15,,,0,30,,53181,15,,,0,70,,53193,15,,,0,30,,53201,15,,,0,70,,53188,15,,,0,30,,53210,15,,,0,70,,53197,15,,,0,30,,53180,15,,,0,71,,53192,15,,,0,30,,53204,15,,,0,70,,53186,15,,,0,30,,53208,15,,,0,70,,53207,15,,,0,30,,53179,15,,,0,70,,53187,15,,,0,30,,53202,15,,,0,70,,53211,15,,,0,30,,53209,15,,,0
1029,'1911',601,,53214,15,,,0,58,,53215,15,,,0,100,,53216,15,,,0,100,,53217,15,,,0,141,,53218,15,,,0,100,,53219,15,,,0,100,,53220,15,,,0,100,,53221,15,,,0,100,,53222,15,,,0,100,,53223,15,,,0,100,,53224,15,,,0,100,,53225,15,,,0,100,,53226,15,,,0,100,,53227,15,,,0,100,,53228,15,,,0,100,,53229,15,,,0,100,,53230,15,,,0,59,,53231,15,,,0
1029,'1912',601,,53232,15,,,0,58,,53233,15,,,0,100,,53234,15,,,0,100,,53235,15,,,0,141,,53236,15,,,0,100,,53237,15,,,0,100,,53238,15,,,0,100,,53239,15,,,0,100,,53240,15,,,0,100,,53241,15,,,0,100,,53242,15,,,0,100,,53243,15,,,0,100,,53244,15,,,0,100,,53245,15,,,0,100,,53246,15,,,0,100,,53247,15,,,0,100,,53248,15,,,0,59,,53249,15,,,0
7029,'1907',719,,54274,17,,,0,100,,54275,17,,,0,100,,54276,17,,,0,100,,54277,17,,,0,100,,54278,17,,,0,100,,54279,17,,,0,100,,54280,17,,,0,101,,54281,17,,,0,100,,54282,17,,,0,99,,54283,17,,,0,100,,54284,17,,,0,100,,54285,17,,,0,100,,54286,17,,,0,101,,54287,17,,,0,26,,54294,17,4,,0,74,,54273,17,,,0
7029,'1909',517,,54343,17,,,0,35,,54342,17,4,,0,65,,54313,17,,,0,32,,54314,17,,,0,72,,54315,17,,,0,30,,54316,17,,,0,70,,54317,17,,,0,30,,54318,17,,,0,70,,54319,17,,,0,30,,54320,17,,,0,70,,54321,17,,,0,30,,54322,17,,,0,70,,54323,17,,,0,30,,54324,17,,,0,70,,54309,17,,,0,30,,54310,17,,,0,70,,54311,17,,,0,31,,54308,17,,,0,70,,54307,17,,,0,31,,54312,17,,,0,69,,54325,17,,,0,30,,54326,17,,,0,70,,54327,17,,,0,29,,54328,17,,,0,70,,54329,17,,,0,30,,54330,17,,,0,70,,54331,17,,,0,30,,54332,17,,,0,70,,54333,17,,,0,30,,54334,17,,,0,70,,54335,17,,,0,100,,54336,17,,,0,99,,54337,17,,,0,100,,54344,17,,,0
7029,'1910',621,,54376,6,,,0,29,,54345,17,,,0,70,,54359,17,,,0,30,,54346,17,,,0,70,,54360,17,,,0,30,,54347,17,,,0,70,,54361,17,,,0,30,,54348,17,,,0,70,,54362,17,,,0,30,,54349,17,,,0,70,,54363,17,,,0,30,,54350,17,,,0,70,,54364,17,,,0,30,,54351,17,,,0,70,,54365,17,,,0,30,,54352,17,,,0,70,,54366,17,,,0,30,,54353,17,,,0,70,,54367,17,,,0,30,,54354,17,,,0,70,,54368,17,,,0,30,,54355,17,,,0,70,,54369,17,,,0,30,,54356,17,,,0,70,,54370,17,,,0,30,,54357,17,,,0,70,,54371,17,,,0,30,,54358,17,,,0,70,,54372,17,,,0,100,,54373,17,,,0,100,,54374,17,,,0,100,,54375,17,,,0
7029,'1911',719,,54382,17,,,0,100,,54383,17,,,0,100,,54384,17,,,0,100,,54385,17,,,0,100,,54386,17,,,0,100,,54387,17,,,0,100,,54388,17,,,0,101,,54389,17,,,0,100,,54390,17,,,0,99,,54391,17,,,0,100,,54392,17,,,0,100,,54393,17,,,0,100,,54394,17,,,0,101,,54395,17,,,0,26,,54402,17,4,,0,74,,54381,17,,,0
7029,'1912',719,,54416,17,,,0,100,,54417,17,,,0,100,,54418,17,,,0,100,,54419,17,,,0,100,,54420,17,,,0,100,,54421,17,,,0,100,,54422,17,,,0,101,,54423,17,,,0,100,,54424,17,,,0,99,,54425,17,,,0,100,,54426,17,,,0,100,,54427,17,,,0,100,,54428,17,,,0,101,,54429,17,,,0,26,,54436,17,4,,0,74,,54415,17,,,0
16019,'1909',644,,55278,24,4,,0,70,,55279,24,4,,0,32,,55280,24,4,,0,70,,55281,24,4,,0,32,,55282,24,4,,0,70,,55283,24,4,,0,30,,55284,24,4,,0,70,,55285,24,4,,0,30,,55286,24,4,,0,70,,55287,24,4,,0,30,,55288,24,4,,0,70,,55289,24,4,,0,30,,55290,24,4,,0,70,,55291,24,4,,0,30,,55292,24,4,,0,70,,55293,24,4,,0,31,,55294,24,4,,0,69,,55295,24,4,,0,29,,55296,24,4,,0,70,,55297,24,4,,0,30,,55298,24,4,,0,68,,55299,24,4,,0,30,,55300,24,4,,0,69,,55301,24,4,,0,30,,55302,24,4,,0,70,,55303,24,4,,0,30,,55304,24,4,,0,69,,55305,24,4,,0,30,,55306,24,4,,0,70,,55307,24,4,,0
16019,'1910',641,,55331,24,4,,0,70,,55327,24,4,,0,30,,55335,24,4,,0,70,,55319,24,4,,0,30,,55333,24,4,,0,72,,55314,24,4,,0,30,,55312,24,4,,0,70,,55309,24,4,,0,30,,55320,24,4,,0,70,,55330,24,4,,0,30,,55324,24,4,,0,70,,55332,24,4,,0,31,,55316,24,4,,0,70,,55334,24,4,,0,30,,55311,24,4,,0,70,,55322,24,4,,0,31,,55321,24,4,,0,70,,55325,24,4,,0,30,,55326,24,4,,0,70,,55310,24,4,,0,29,,55318,24,4,,0,70,,55328,24,4,,0,29,,55313,24,4,,0,70,,55317,24,4,,0,30,,55323,24,4,,0,69,,55337,24,4,,0,30,,55329,24,4,,0,69,,55336,24,4,,0,30,,55315,24,4,,0,70,,55339,24,4,,0
22019,'1907',646,,55639,1,0,19 2 36 26,0,100,,55638,1,0,19 2 36 26,0,100,,55632,1,,,0,92,,55633,1,,,0,100,,55626,1,,,0,100,,55631,1,,,0,100,,55627,1,,,0,100,,55628,1,,,0,100,,55625,1,,,0,100,,55629,1,,,0,100,,55630,1,,,0,100,,55634,1,0,19 2 36 26,0,100,,55635,1,0,19 2 36 26,0,100,,55636,1,0,19 2 36 26,0,108,,55637,1,0,19 2 36 26,0
22019,'1909',552,,55670,1,0,19 2 36 26,0,92,,55640,1,0,19 2 36 26,0,70,,55641,1,0,19 2 36 26,0,32,,55642,1,,,0,70,,55643,1,,,0,32,,55644,1,,,0,70,,55645,1,,,0,30,,55646,1,,,0,70,,55647,1,,,0,30,,55648,1,,,0,70,,55649,1,,,0,30,,55650,1,,,0,70,,55651,1,,,0,30,,55652,1,,,0,70,,55653,1,,,0,30,,55654,1,,,0,70,,55655,1,,,0,31,,55656,1,,,0,69,,55657,1,,,0,29,,55669,1,,,0,70,,55658,1,,,0,30,,55659,1,,,0,68,,55660,1,,,0,30,,55661,1,,,0,69,,55662,1,,,0,30,,55663,1,,,0,70,,55664,1,,,0,30,,55665,1,,,0,69,,55666,1,,,0,30,,55667,1,,,0,70,,55668,1,0,19 2 36 26,0
22019,'1910',618,,55701,1,0,19 2 36 26,0,23,,55694,1,0,19 2 36 26,0,70,,55690,1,0,19 2 36 26,0,30,,55695,1,0,19 2 36 26,0,70,,55691,1,0,19 2 36 26,0,30,,55671,1,,,0,72,,55672,1,,,0,30,,55673,1,,,0,70,,55674,1,,,0,30,,55675,1,,,0,70,,55676,1,,,0,30,,55677,1,,,0,70,,55678,1,,,0,31,,55679,1,,,0,70,,55680,1,,,0,30,,55681,1,,,0,70,,55682,1,,,0,31,,55683,1,,,0,70,,55684,1,,,0,30,,55685,1,,,0,70,,55686,1,,,0,29,,55687,1,,,0,70,,55688,1,,,0,29,,55696,1,0,19 2 36 26,0,70,,55692,1,0,19 2 36 26,0,30,,55697,1,0,19 2 36 26,0,69,,55689,1,0,19 2 36 26,0,30,,55698,1,0,19 2 36 26,0,69,,55693,1,0,19 2 36 26,0,30,,55699,1,0,19 2 36 26,0,70,,55700,1,0,19 2 36 26,0
22019,'1911',646,,55716,1,0,19 2 36 26,0,100,,55715,1,0,19 2 36 26,0,100,,55709,1,,,0,92,,55710,1,,,0,100,,55703,1,,,0,100,,55708,1,,,0,100,,55704,1,,,0,100,,55705,1,,,0,100,,55702,1,,,0,100,,55706,1,,,0,100,,55707,1,,,0,100,,55711,1,0,19 2 36 26,0,100,,55712,1,0,19 2 36 26,0,100,,55713,1,0,19 2 36 26,0,108,,55714,1,0,19 2 36 26,0
22019,'1912',646,,55731,1,0,19 2 36 26,0,100,,55730,1,0,19 2 36 26,0,100,,55724,1,,,0,92,,55725,1,,,0,100,,55718,1,,,0,100,,55723,1,,,0,100,,55719,1,,,0,100,,55720,1,,,0,100,,55717,1,,,0,100,,55721,1,,,0,100,,55722,1,,,0,100,,55726,1,0,19 2 36 26,0,100,,55727,1,0,19 2 36 26,0,100,,55728,1,0,19 2 36 26,0,108,,55729,1,0,19 2 36 26,0
