11029,'1907',814,,54785,9,,,0,100,,54786,9,,,0,104,,54787,9,,,0,100,,54788,9,,,0,100,,54789,9,,,0,100,,54790,9,,,0,100,,54791,9,,,0,100,,54792,9,,,0,100,,54793,9,,,0,98,,54794,9,,,0,100,,60074,9,,,0,99,,54796,9,,,0,100,,54797,9,,,0
11029,'1909',616,,54813,2,,,0,99,,60075,9,,,0,101,,54800,9,,,0,100,,60076,9,,,0,101,,60077,9,,,0,100,,60078,9,,,0,100,,60079,9,,,0,100,,60080,9,,,0,101,,60081,9,,,0,100,,54807,9,,,0,100,,60082,9,,,0,100,,60083,9,,,0,98,,54810,9,,,0,100,,60084,9,,,0,100,,54812,9,,,0,99,,54798,9,,,0
11029,'1910',616,,54828,2,,,0,99,,54827,9,,,0,100,,60085,9,,,0,100,,54815,9,,,0,104,,54816,9,,,0,100,,54817,9,,,0,100,,54818,9,,,0,100,,54819,9,,,0,100,,54820,9,,,0,100,,60086,9,,,0,100,,54822,9,,,0,97,,54823,9,,,0,100,,54824,9,,,0,99,,54825,9,,,0,100,,54826,9,,,0
11029,'1912',814,,54842,9,,,0,100,,54843,9,,,0,104,,54844,9,,,0,100,,54845,9,,,0,100,,54846,9,,,0,100,,54847,9,,,0,100,,54848,9,,,0,100,,54849,9,,,0,100,,54850,9,,,0,98,,54851,9,,,0,100,,60087,9,,,0,99,,54853,9,,,0,100,,54854,9,,,0
11029,'1924',814,,54829,9,,,0,100,,54830,9,,,0,104,,54831,9,,,0,100,,54832,9,,,0,100,,54833,9,,,0,100,,54834,9,,,0,100,,54835,9,,,0,100,,54836,9,,,0,100,,54837,9,,,0,98,,54838,9,,,0,100,,60088,9,,,0,99,,54840,9,,,0,100,,54841,9,,,0
11029,'1925',814,,60089,9,,,0,100,,60090,9,,,0,104,,60091,9,,,0,100,,60092,9,,,0,100,,60093,9,,,0,100,,60094,9,,,0,100,,60095,9,,,0,100,,60096,9,,,0,100,,60097,9,,,0,98,,60098,9,,,0,100,,60099,9,,,0,99,,60100,9,,,0,100,,60101,9,,,0
702029,'1907',628,,61589,6,0,9 10,0,23,,58119,6,0,9 10,0,70,,58133,6,0,9 10,0,30,,61588,6,0,9 10,0,55,,58150,6,0,5 2 11 2 12,0,16,,58118,6,0,9 10,0,15,,58162,6,0,5 2 11 2 12,0,15,,58132,6,0,9 10,0,55,,58143,6,0,5 2 11 2 12,0,15,,61587,6,0,9 10,0,15,,58148,6,0,5 2 11 2 12,0,15,,58117,6,0,9 10,0,55,,58157,6,0,5 2 11 2 12,0,16,,58138,6,0,9 10,0,15,,58158,6,0,5 2 11 2 12,0,15,,58123,6,0,9 10,0,55,,58149,6,0,5 2 11 2 12,0,15,,58116,6,0,9 10,0,15,,58168,6,0,5 2 11 2 12,0,15,,58141,6,0,9 10,0,56,,58146,6,0,5 2 11 2 12,0,15,,58127,6,0,9 10,0,15,,58160,6,0,5 2 11 2 12,0,15,,58115,6,0,9 10,0,55,,58169,6,0,5 2 11 2 12,0,15,,58134,6,0,9 10,0,15,,58152,6,0,5 2 11 2 12,0,15,,58126,6,0,9 10,0,55,,58155,6,0,5 2 11 2 12,0,15,,58114,6,0,9 10,0,15,,58167,6,0,5 2 11 2 12,0,15,,58135,6,0,9 10,0,55,,58147,6,0,5 2 11 2 12,0,15,,58122,6,0,9 10,0,15,,58156,6,0,5 2 11 2 12,0,15,,58113,6,0,9 10,0,55,,58165,6,0,5 2 11 2 12,0,15,,58142,6,0,9 10,0,15,,58145,6,0,5 2 11 2 12,0,15,,58121,6,0,9 10,0,55,,58161,6,0,5 2 11 2 12,0,15,,58112,6,0,9 10,0,15,,58163,6,0,5 2 11 2 12,0,15,,58137,6,0,9 10,0,55,,58153,6,0,5 2 11 2 12,0,13,,58130,6,0,9 10,0,15,,58159,6,0,5 2 11 2 12,0,15,,58111,6,0,9 10,0,55,,58164,6,0,5 2 11 2 12,0,15,,58139,6,0,9 10,0,15,,58151,6,0,5 2 11 2 12,0,15,,58125,6,0,9 10,0,55,,58154,6,0,5 2 11 2 12,0,15,,58110,6,0,9 10,0,15,,58166,6,0,5 2 11 2 12,0,15,,58136,6,0,9 10,0,54,,58144,6,0,5 2 11 2 12,0,15,,58128,6,0,9 10,0,30,,58109,6,0,9 10,0,70,,58140,6,0,9 10,0,30,,58124,6,0,9 10,0,65,,58170,6,0,9 10,0,30,,58171,6,0,5 2 11 2 12,0
702029,'1909',611,,58172,6,0,9 10,0,20,,58173,6,0,9 10,0,71,,58229,6,0,9 10,0,17,,58174,6,0,9 10,0,15,,61590,6,0,9 10,0,21,,58176,6,0,9 10,0,55,,58177,6,0,9 10,0,15,,58227,6,0,9 10,0,15,,58205,6,0,5 2 11 2 12,0,15,,58228,6,0,9 10,0,60,,61591,6,0,9 10,0,15,,58207,6,0,5 2 11 2 12,0,15,,58179,6,0,9 10,0,55,,58208,6,0,5 2 11 2 12,0,15,,58236,6,0,9 10,0,15,,61599,6,0,5 2 11 2 12,0,15,,61592,6,0,9 10,0,55,,61600,6,0,5 2 11 2 12,0,15,,58181,6,0,9 10,0,15,,58211,6,0,5 2 11 2 12,0,15,,58182,6,0,9 10,0,55,,58212,6,0,5 2 11 2 12,0,15,,61593,6,0,9 10,0,15,,61601,6,0,5 2 11 2 12,0,15,,61594,6,0,9 10,0,55,,58214,6,0,5 2 11 2 12,0,15,,58185,6,0,9 10,0,15,,58215,6,0,5 2 11 2 12,0,15,,58186,6,0,9 10,0,55,,61602,6,0,5 2 11 2 12,0,15,,61595,6,0,9 10,0,15,,61598,6,0,5 2 11 2 12,0,10,,61608,6,0,9 10,0,15,,58217,6,0,5 2 11 2 12,0,55,,58188,6,0,9 10,0,15,,58232,6,0,9 10,0,15,,58189,6,0,9 10,0,15,,58218,6,0,5 2 11 2 12,0,55,,58191,6,0,9 10,0,15,,58190,6,0,9 10,0,15,,58233,6,0,9 10,0,15,,61609,6,0,5 2 11 2 12,0,55,,58192,6,0,9 10,0,15,,61596,6,0,9 10,0,13,,61603,6,0,5 2 11 2 12,0,15,,58194,6,0,9 10,0,55,,58220,6,0,5 2 11 2 12,0,15,,58235,6,0,9 10,0,15,,61604,6,0,5 2 11 2 12,0,15,,58195,6,0,9 10,0,55,,61605,6,0,5 2 11 2 12,0,15,,58196,6,0,9 10,0,15,,58223,6,0,5 2 11 2 12,0,15,,58197,6,0,9 10,0,53,,61606,6,0,5 2 11 2 12,0,15,,58198,6,0,9 10,0,15,,61607,6,0,5 2 11 2 12,0,15,,58199,6,0,9 10,0,55,,58226,6,0,5 2 11 2 12,0,15,,58200,6,0,9 10,0,30,,58201,6,0,9 10,0,70,,58202,6,0,9 10,0,30,,61597,6,0,9 10,0,65,,58230,6,0,9 10,0,30,,58204,6,0,5 2 11 2 12,0
702029,'1910',627,,58251,6,0,9 10,0,23,,58237,6,0,9 10,0,70,,58241,6,0,9 10,0,30,,58245,6,0,9 10,0,56,,58259,6,0,5 2 11 2 12,0,15,,58248,6,0,9 10,0,15,,58253,6,0,5 2 11 2 12,0,15,,58238,6,0,9 10,0,55,,58254,6,0,5 2 11 2 12,0,15,,58242,6,0,9 10,0,15,,58255,6,0,5 2 11 2 12,0,15,,58284,6,0,9 10,0,59,,58291,6,0,5 2 11 2 12,0,15,,58277,6,0,9 10,0,15,,58287,6,0,5 2 11 2 12,0,15,,58265,6,0,9 10,0,55,,58274,6,0,5 2 11 2 12,0,15,,58280,6,0,9 10,0,15,,58267,6,0,5 2 11 2 12,0,15,,58275,6,0,9 10,0,55,,58297,6,0,5 2 11 2 12,0,15,,58272,6,0,9 10,0,15,,58293,6,0,5 2 11 2 12,0,15,,58269,6,0,9 10,0,55,,61613,6,0,5 2 11 2 12,0,15,,58296,6,0,9 10,0,15,,58290,6,0,5 2 11 2 12,0,15,,58283,6,0,9 10,0,55,,58268,6,0,5 2 11 2 12,0,15,,58271,6,0,9 10,0,15,,58295,6,0,5 2 11 2 12,0,15,,58278,6,0,9 10,0,55,,58262,6,0,5 2 11 2 12,0,15,,61614,6,0,9 10,0,15,,58285,6,0,5 2 11 2 12,0,15,,58266,6,0,9 10,0,55,,58264,6,0,5 2 11 2 12,0,15,,58298,6,0,9 10,0,15,,58289,6,0,5 2 11 2 12,0,15,,58276,6,0,9 10,0,55,,58286,6,0,5 2 11 2 12,0,15,,61612,6,0,9 10,0,15,,58288,6,0,5 2 11 2 12,0,15,,58270,6,0,9 10,0,55,,58292,6,0,5 2 11 2 12,0,15,,58299,6,0,9 10,0,15,,58263,6,0,5 2 11 2 12,0,15,,58282,6,0,9 10,0,55,,58294,6,0,5 2 11 2 12,0,13,,58243,6,0,9 10,0,15,,61610,6,0,5 2 11 2 12,0,15,,58246,6,0,9 10,0,55,,58256,6,0,5 2 11 2 12,0,15,,58249,6,0,9 10,0,15,,58257,6,0,5 2 11 2 12,0,15,,58239,6,0,9 10,0,55,,61611,6,0,5 2 11 2 12,0,13,,58244,6,0,9 10,0,30,,58247,6,0,9 10,0,70,,58250,6,0,9 10,0,30,,58240,6,0,9 10,0,65,,58261,6,0,9 10,0,30,,58260,6,0,5 2 11 2 12,0
702029,'1912',628,,61617,6,0,9 10,0,23,,58373,6,0,9 10,0,70,,58387,6,0,9 10,0,30,,61616,6,0,9 10,0,55,,58404,6,0,5 2 11 2 12,0,16,,58372,6,0,9 10,0,15,,58416,6,0,5 2 11 2 12,0,15,,58386,6,0,9 10,0,55,,58397,6,0,5 2 11 2 12,0,15,,61615,6,0,9 10,0,15,,58402,6,0,5 2 11 2 12,0,15,,58371,6,0,9 10,0,55,,58411,6,0,5 2 11 2 12,0,16,,58392,6,0,9 10,0,15,,58412,6,0,5 2 11 2 12,0,15,,58377,6,0,9 10,0,55,,58403,6,0,5 2 11 2 12,0,15,,58370,6,0,9 10,0,15,,58422,6,0,5 2 11 2 12,0,15,,58395,6,0,9 10,0,56,,58400,6,0,5 2 11 2 12,0,15,,58381,6,0,9 10,0,15,,58414,6,0,5 2 11 2 12,0,15,,58369,6,0,9 10,0,55,,58423,6,0,5 2 11 2 12,0,15,,58388,6,0,9 10,0,15,,58406,6,0,5 2 11 2 12,0,15,,58380,6,0,9 10,0,55,,58409,6,0,5 2 11 2 12,0,15,,58368,6,0,9 10,0,15,,58421,6,0,5 2 11 2 12,0,15,,58389,6,0,9 10,0,55,,58401,6,0,5 2 11 2 12,0,15,,58376,6,0,9 10,0,15,,58410,6,0,5 2 11 2 12,0,15,,58367,6,0,9 10,0,55,,58419,6,0,5 2 11 2 12,0,15,,58396,6,0,9 10,0,15,,58399,6,0,5 2 11 2 12,0,15,,58375,6,0,9 10,0,55,,58415,6,0,5 2 11 2 12,0,15,,58366,6,0,9 10,0,15,,58417,6,0,5 2 11 2 12,0,15,,58391,6,0,9 10,0,55,,58407,6,0,5 2 11 2 12,0,13,,58384,6,0,9 10,0,15,,58413,6,0,5 2 11 2 12,0,15,,58365,6,0,9 10,0,55,,58418,6,0,5 2 11 2 12,0,15,,58393,6,0,9 10,0,15,,58405,6,0,5 2 11 2 12,0,15,,58379,6,0,9 10,0,55,,58408,6,0,5 2 11 2 12,0,15,,58364,6,0,9 10,0,15,,58420,6,0,5 2 11 2 12,0,15,,58390,6,0,9 10,0,54,,58398,6,0,5 2 11 2 12,0,15,,58382,6,0,9 10,0,30,,58363,6,0,9 10,0,70,,58394,6,0,9 10,0,30,,58378,6,0,9 10,0,65,,58424,6,0,9 10,0,30,,58425,6,0,5 2 11 2 12,0
702029,'1924',628,,61620,6,0,9 10,0,23,,58310,6,0,9 10,0,70,,58324,6,0,9 10,0,30,,61619,6,0,9 10,0,55,,58341,6,0,5 2 11 2 12,0,16,,58309,6,0,9 10,0,15,,58353,6,0,5 2 11 2 12,0,15,,58323,6,0,9 10,0,55,,58334,6,0,5 2 11 2 12,0,15,,61618,6,0,9 10,0,15,,58339,6,0,5 2 11 2 12,0,15,,58308,6,0,9 10,0,55,,58348,6,0,5 2 11 2 12,0,16,,58329,6,0,9 10,0,15,,58349,6,0,5 2 11 2 12,0,15,,58314,6,0,9 10,0,55,,58340,6,0,5 2 11 2 12,0,15,,58307,6,0,9 10,0,15,,58359,6,0,5 2 11 2 12,0,15,,58332,6,0,9 10,0,56,,58337,6,0,5 2 11 2 12,0,15,,58318,6,0,9 10,0,15,,58351,6,0,5 2 11 2 12,0,15,,58306,6,0,9 10,0,55,,58360,6,0,5 2 11 2 12,0,15,,58325,6,0,9 10,0,15,,58343,6,0,5 2 11 2 12,0,15,,58317,6,0,9 10,0,55,,58346,6,0,5 2 11 2 12,0,15,,58305,6,0,9 10,0,15,,58358,6,0,5 2 11 2 12,0,15,,58326,6,0,9 10,0,55,,58338,6,0,5 2 11 2 12,0,15,,58313,6,0,9 10,0,15,,58347,6,0,5 2 11 2 12,0,15,,58304,6,0,9 10,0,55,,58356,6,0,5 2 11 2 12,0,15,,58333,6,0,9 10,0,15,,58336,6,0,5 2 11 2 12,0,15,,58312,6,0,9 10,0,55,,58352,6,0,5 2 11 2 12,0,15,,58303,6,0,9 10,0,15,,58354,6,0,5 2 11 2 12,0,15,,58328,6,0,9 10,0,55,,58344,6,0,5 2 11 2 12,0,13,,58321,6,0,9 10,0,15,,58350,6,0,5 2 11 2 12,0,15,,58302,6,0,9 10,0,55,,58355,6,0,5 2 11 2 12,0,15,,58330,6,0,9 10,0,15,,58342,6,0,5 2 11 2 12,0,15,,58316,6,0,9 10,0,55,,58345,6,0,5 2 11 2 12,0,15,,58301,6,0,9 10,0,15,,58357,6,0,5 2 11 2 12,0,15,,58327,6,0,9 10,0,54,,58335,6,0,5 2 11 2 12,0,15,,58319,6,0,9 10,0,30,,58300,6,0,9 10,0,70,,58331,6,0,9 10,0,30,,58315,6,0,9 10,0,65,,58361,6,0,9 10,0,30,,58362,6,0,5 2 11 2 12,0
702029,'1925',628,,61643,6,0,9 10,0,23,,61631,6,0,9 10,0,70,,61645,6,0,9 10,0,30,,61641,6,0,9 10,0,55,,61662,6,0,5 2 11 2 12,0,16,,61630,6,0,9 10,0,15,,61674,6,0,5 2 11 2 12,0,15,,61644,6,0,9 10,0,55,,61655,6,0,5 2 11 2 12,0,15,,61632,6,0,9 10,0,15,,61660,6,0,5 2 11 2 12,0,15,,61629,6,0,9 10,0,55,,61669,6,0,5 2 11 2 12,0,16,,61650,6,0,9 10,0,15,,61670,6,0,5 2 11 2 12,0,15,,61635,6,0,9 10,0,55,,61661,6,0,5 2 11 2 12,0,15,,61628,6,0,9 10,0,15,,61680,6,0,5 2 11 2 12,0,15,,61653,6,0,9 10,0,56,,61658,6,0,5 2 11 2 12,0,15,,61639,6,0,9 10,0,15,,61672,6,0,5 2 11 2 12,0,15,,61627,6,0,9 10,0,55,,61681,6,0,5 2 11 2 12,0,15,,61646,6,0,9 10,0,15,,61664,6,0,5 2 11 2 12,0,15,,61638,6,0,9 10,0,55,,61667,6,0,5 2 11 2 12,0,15,,61626,6,0,9 10,0,15,,61679,6,0,5 2 11 2 12,0,15,,61647,6,0,9 10,0,55,,61659,6,0,5 2 11 2 12,0,15,,61634,6,0,9 10,0,15,,61668,6,0,5 2 11 2 12,0,15,,61625,6,0,9 10,0,55,,61677,6,0,5 2 11 2 12,0,15,,61654,6,0,9 10,0,15,,61657,6,0,5 2 11 2 12,0,15,,61633,6,0,9 10,0,55,,61673,6,0,5 2 11 2 12,0,15,,61624,6,0,9 10,0,15,,61675,6,0,5 2 11 2 12,0,15,,61649,6,0,9 10,0,55,,61665,6,0,5 2 11 2 12,0,13,,61642,6,0,9 10,0,15,,61671,6,0,5 2 11 2 12,0,15,,61623,6,0,9 10,0,55,,61676,6,0,5 2 11 2 12,0,15,,61651,6,0,9 10,0,15,,61663,6,0,5 2 11 2 12,0,15,,61637,6,0,9 10,0,55,,61666,6,0,5 2 11 2 12,0,15,,61622,6,0,9 10,0,15,,61678,6,0,5 2 11 2 12,0,15,,61648,6,0,9 10,0,54,,61656,6,0,5 2 11 2 12,0,15,,61640,6,0,9 10,0,30,,61621,6,0,9 10,0,70,,61652,6,0,9 10,0,30,,61636,6,0,9 10,0,65,,61682,6,0,9 10,0,30,,61683,6,0,5 2 11 2 12,0
