2019,'1907',633,,59137,1,,,0,70,,59114,1,,,0,30,,59118,1,,,0,70,,59130,1,,,0,30,,59125,1,,,0,70,,59115,1,,,0,30,,59119,1,,,0,70,,59131,1,,,0,30,,59126,1,,,0,70,,59116,1,,,0,30,,59120,1,,,0,70,,59132,1,,,0,30,,59127,1,,,0,70,,59117,1,,,0,30,,59121,1,,,0,70,,59133,1,,,0,30,,59128,1,,,0,70,,59112,1,,,0,30,,59122,1,,,0,70,,59134,1,,,0,30,,59129,1,,,0,70,,59110,1,,,0,30,,59123,1,,,0,70,,59135,1,,,0,100,,59111,1,,,0,100,,59136,1,,,0,100,,59113,1,,,0,100,,59124,1,,,0,99,,59138,1,,,0
2019,'1909',602,,59139,1,,,0,28,,59140,1,,,0,28,,59141,1,,,0,70,,59142,1,,,0,30,,59143,1,,,0,70,,59144,1,,,0,72,,59161,1,,,0,30,,59162,1,,,0,70,,59163,1,,,0,30,,59164,1,,,0,70,,59165,1,,,0,30,,59166,1,,,0,70,,59167,1,,,0,30,,59168,1,,,0,70,,59169,1,,,0,30,,59159,1,,,0,70,,59160,1,,,0,30,,59145,1,,,0,70,,59146,1,,,0,30,,59147,1,,,0,70,,59148,1,,,0,30,,59149,1,,,0,70,,59150,1,,,0,30,,59151,1,,,0,70,,59152,1,,,0,30,,59158,1,,,0,70,,59153,1,,,0,100,,59154,1,,,0,100,,59155,1,,,0,100,,59156,1,,,0,100,,59157,1,,,0
2019,'1910',632,,59178,1,,,0,70,,59187,1,,,0,30,,59194,1,,,0,70,,59172,1,,,0,30,,59179,1,,,0,70,,59188,1,,,0,30,,59195,1,,,0,70,,59173,1,,,0,30,,59180,1,,,0,70,,59189,1,,,0,30,,59196,1,,,0,70,,59174,1,,,0,30,,59181,1,,,0,70,,59190,1,,,0,30,,59197,1,,,0,70,,59175,1,,,0,30,,59182,1,,,0,70,,59191,1,,,0,30,,59198,1,,,0,70,,59176,1,,,0,30,,59183,1,,,0,70,,59192,1,,,0,30,,59199,1,,,0,70,,59177,1,,,0,30,,59184,1,,,0,70,,59193,1,,,0,100,,59185,1,,,0,100,,59200,1,,,0,100,,59186,1,,,0,100,,59201,1,,,0
2019,'1912',633,,59229,1,,,0,70,,59206,1,,,0,30,,59210,1,,,0,70,,59222,1,,,0,30,,59217,1,,,0,70,,59207,1,,,0,30,,59211,1,,,0,70,,59223,1,,,0,30,,59218,1,,,0,70,,59208,1,,,0,30,,59212,1,,,0,70,,59224,1,,,0,30,,59219,1,,,0,70,,59209,1,,,0,30,,59213,1,,,0,70,,59225,1,,,0,30,,59220,1,,,0,70,,59204,1,,,0,30,,59214,1,,,0,70,,59226,1,,,0,30,,59221,1,,,0,70,,59202,1,,,0,30,,59215,1,,,0,70,,59227,1,,,0,100,,59203,1,,,0,100,,59228,1,,,0,100,,59205,1,,,0,100,,59216,1,,,0,99,,59230,1,,,0
2019,'1924',633,,59258,1,,,0,70,,59235,1,,,0,30,,59239,1,,,0,70,,59251,1,,,0,30,,59246,1,,,0,70,,59236,1,,,0,30,,59240,1,,,0,70,,59252,1,,,0,30,,59247,1,,,0,70,,59237,1,,,0,30,,59241,1,,,0,70,,59253,1,,,0,30,,59248,1,,,0,70,,59238,1,,,0,30,,59242,1,,,0,70,,59254,1,,,0,30,,59249,1,,,0,70,,59233,1,,,0,30,,59243,1,,,0,70,,59255,1,,,0,30,,59250,1,,,0,70,,59231,1,,,0,30,,59244,1,,,0,70,,59256,1,,,0,100,,59232,1,,,0,100,,59257,1,,,0,100,,59234,1,,,0,100,,59245,1,,,0,99,,59259,1,,,0
2019,'1925',633,,59287,1,,,0,70,,59264,1,,,0,30,,59268,1,,,0,70,,59280,1,,,0,30,,59275,1,,,0,70,,59265,1,,,0,30,,59269,1,,,0,70,,59281,1,,,0,30,,59276,1,,,0,70,,59266,1,,,0,30,,59270,1,,,0,70,,59282,1,,,0,30,,59277,1,,,0,70,,59267,1,,,0,30,,59271,1,,,0,70,,59283,1,,,0,30,,59278,1,,,0,70,,59262,1,,,0,30,,59272,1,,,0,70,,59284,1,,,0,30,,59279,1,,,0,70,,59260,1,,,0,30,,59273,1,,,0,70,,59285,1,,,0,100,,59261,1,,,0,100,,59286,1,,,0,100,,59263,1,,,0,100,,59274,1,,,0,99,,59288,1,,,0
2029,'1907',657,,59290,63,4,,0,69,,59298,63,4,,0,31,,59309,63,4,,0,70,,59304,63,4,,0,30,,59291,63,4,,0,71,,59299,63,4,,0,30,,59310,63,4,,0,70,,59305,63,4,,0,30,,59292,63,4,,0,70,,59300,63,4,,0,30,,59311,63,4,,0,70,,59306,63,4,,0,30,,59293,63,4,,0,70,,59301,63,4,,0,30,,59312,63,4,,0,70,,59307,63,4,,0,30,,59294,63,4,,0,70,,59302,63,4,,0,30,,59313,63,4,,0,70,,59308,63,4,,0,30,,59295,63,4,,0,70,,59303,63,4,,0,30,,59314,63,4,,0,100,,59296,63,4,,0,98,,59315,63,4,,0,100,,59297,63,4,,0,101,,59316,63,4,,0,100,,59289,63,4,,0
2029,'1909',600,,59338,48,4,,0,27,,59321,63,4,,0,30,,59322,63,4,,0,73,,59323,63,4,,0,70,,59324,63,4,,0,30,,59325,63,4,,0,70,,59326,63,4,,0,30,,59327,63,4,,0,70,,59328,63,4,,0,30,,59329,63,4,,0,70,,59352,63,4,,0,30,,59348,63,4,,0,70,,59354,63,4,,0,30,,59350,63,4,,0,70,,59351,63,4,,0,30,,59347,63,4,,0,70,,59353,63,4,,0,30,,59349,63,4,,0,74,,59355,63,4,,0,31,,59330,63,4,,0,74,,59331,63,4,,0,30,,59332,63,4,,0,70,,59333,63,4,,0,29,,59334,63,4,,0,66,,59335,63,4,,0,26,,59336,63,4,,0,29,,59337,63,4,,0,70,,59341,63,4,,0,30,,59342,63,4,,0,99,,59343,63,4,,0,100,,59344,63,4,,0,100,,59340,63,4,,0
2029,'1910',658,,59370,63,4,,0,69,,59377,63,4,,0,31,,59356,63,4,,0,70,,59362,63,4,,0,30,,59371,63,4,,0,71,,59378,63,4,,0,30,,59357,63,4,,0,70,,59363,63,4,,0,30,,59372,63,4,,0,70,,59379,63,4,,0,30,,59358,63,4,,0,70,,59364,63,4,,0,30,,59373,63,4,,0,70,,59380,63,4,,0,30,,59359,63,4,,0,70,,59365,63,4,,0,30,,59374,63,4,,0,70,,59381,63,4,,0,30,,59360,63,4,,0,70,,59366,63,4,,0,30,,59375,63,4,,0,70,,59382,63,4,,0,30,,59361,63,4,,0,70,,59367,63,4,,0,30,,59376,63,4,,0,69,,59383,63,4,,0,30,,59368,63,4,,0,100,,59384,63,4,,0,100,,59369,63,4,,0,99,,59385,63,4,,0
2029,'1912',657,,59391,63,4,,0,69,,59399,63,4,,0,31,,59410,63,4,,0,70,,59405,63,4,,0,30,,59392,63,4,,0,71,,59400,63,4,,0,30,,59411,63,4,,0,70,,59406,63,4,,0,30,,59393,63,4,,0,70,,59401,63,4,,0,30,,59412,63,4,,0,70,,59407,63,4,,0,30,,59394,63,4,,0,70,,59402,63,4,,0,30,,59413,63,4,,0,70,,59408,63,4,,0,30,,59395,63,4,,0,70,,59403,63,4,,0,30,,59414,63,4,,0,70,,59409,63,4,,0,30,,59396,63,4,,0,70,,59404,63,4,,0,30,,59415,63,4,,0,100,,59397,63,4,,0,98,,59416,63,4,,0,100,,59398,63,4,,0,101,,59417,63,4,,0,100,,59390,63,4,,0
2029,'1924',657,,59423,63,4,,0,69,,59431,63,4,,0,31,,59442,63,4,,0,70,,59437,63,4,,0,30,,59424,63,4,,0,71,,59432,63,4,,0,30,,59443,63,4,,0,70,,59438,63,4,,0,30,,59425,63,4,,0,70,,59433,63,4,,0,30,,59444,63,4,,0,70,,59439,63,4,,0,30,,59426,63,4,,0,70,,59434,63,4,,0,30,,59445,63,4,,0,70,,59440,63,4,,0,30,,59427,63,4,,0,70,,59435,63,4,,0,30,,59446,63,4,,0,70,,59441,63,4,,0,30,,59428,63,4,,0,70,,59436,63,4,,0,30,,59447,63,4,,0,100,,59429,63,4,,0,98,,59448,63,4,,0,100,,59430,63,4,,0,101,,59449,63,4,,0,100,,59422,63,4,,0
2029,'1925',657,,59455,63,4,,0,69,,59463,63,4,,0,31,,59474,63,4,,0,70,,59469,63,4,,0,30,,59456,63,4,,0,71,,59464,63,4,,0,30,,59475,63,4,,0,70,,59470,63,4,,0,30,,59457,63,4,,0,70,,59465,63,4,,0,30,,59476,63,4,,0,70,,59471,63,4,,0,30,,59458,63,4,,0,70,,59466,63,4,,0,30,,59477,63,4,,0,70,,59472,63,4,,0,30,,59459,63,4,,0,70,,59467,63,4,,0,30,,59478,63,4,,0,70,,59473,63,4,,0,30,,59460,63,4,,0,70,,59468,63,4,,0,30,,59479,63,4,,0,100,,59461,63,4,,0,98,,59480,63,4,,0,100,,59462,63,4,,0,101,,59481,63,4,,0,100,,59454,63,4,,0
11019,'1907',845,,54715,1,,,0,100,,54716,1,,,0,102,,54717,1,,,0,100,,54718,1,,,0,100,,54719,1,,,0,100,,54720,1,,,0,100,,54721,1,,,0,100,,54722,1,,,0,100,,54723,1,,,0,98,,54724,1,,,0,100,,60045,1,,,0,100,,54727,1,,,0,100,,54726,1,0,5 2 8 7,0
11019,'1909',645,,54728,1,,,0,100,,60046,1,,,0,102,,60047,1,,,0,100,,60048,1,,,0,100,,60049,1,,,0,100,,60050,1,,,0,100,,60051,1,,,0,100,,60052,1,,,0,100,,60053,1,,,0,100,,54737,1,,,0,100,,60054,1,,,0,100,,60055,1,,,0,98,,54740,1,,,0,100,,60056,1,,,0,100,,54742,1,,,0,95,,54743,1,0,5 2 8 7,0
11019,'1910',645,,54746,1,,,0,100,,54747,1,,,0,100,,60057,1,,,0,100,,54749,1,,,0,102,,54750,1,,,0,100,,54751,1,,,0,100,,54752,1,,,0,100,,54753,1,,,0,100,,54754,1,,,0,100,,60058,1,,,0,100,,54756,1,,,0,98,,54757,1,,,0,100,,54744,1,,,0,100,,54745,1,,,0,100,,54758,1,0,5 2 8 7,0
11019,'1912',845,,54772,1,,,0,100,,54773,1,,,0,102,,54774,1,,,0,100,,54775,1,,,0,100,,54776,1,,,0,100,,54777,1,,,0,100,,54778,1,,,0,100,,54779,1,,,0,100,,54780,1,,,0,98,,54781,1,,,0,100,,60059,1,,,0,100,,54784,1,,,0,100,,54783,1,0,5 2 8 7,0
11019,'1924',845,,54759,1,,,0,100,,54760,1,,,0,102,,54761,1,,,0,100,,54762,1,,,0,100,,54763,1,,,0,100,,54764,1,,,0,100,,54765,1,,,0,100,,54766,1,,,0,100,,54767,1,,,0,98,,54768,1,,,0,100,,60060,1,,,0,100,,54771,1,,,0,100,,54770,1,0,5 2 8 7,0
11019,'1925',845,,60061,1,,,0,100,,60062,1,,,0,102,,60063,1,,,0,100,,60064,1,,,0,100,,60065,1,,,0,100,,60066,1,,,0,100,,60067,1,,,0,100,,60068,1,,,0,100,,60069,1,,,0,98,,60070,1,,,0,100,,60071,1,,,0,100,,60073,1,,,0,100,,60072,1,0,5 2 8 7,0
11029,'1907',844,,54785,33,4,,0,100,,54786,33,4,,0,101,,54787,33,4,,0,100,,54788,33,4,,0,100,,54789,33,4,,0,100,,54790,33,4,,0,100,,54791,33,4,,0,100,,54792,33,4,,0,100,,54793,33,4,,0,97,,54794,33,4,,0,100,,60074,33,4,,0,99,,54796,33,4,,0,98,,54797,33,4,,0
11029,'1909',645,,54813,26,4,,0,100,,60075,33,4,,0,100,,54800,33,4,,0,100,,60076,33,4,,0,100,,60077,33,4,,0,100,,60078,33,4,,0,100,,60079,33,4,,0,100,,60080,33,4,,0,101,,60081,33,4,,0,100,,54807,33,4,,0,100,,60082,33,4,,0,100,,60083,33,4,,0,99,,54810,33,4,,0,100,,60084,33,4,,0,100,,54812,33,4,,0,94,,54798,33,4,,0
11029,'1910',644,,54828,26,4,,0,100,,54827,33,4,,0,100,,60085,33,4,,0,100,,54815,33,4,,0,102,,54816,33,4,,0,100,,54817,33,4,,0,100,,54818,33,4,,0,100,,54819,33,4,,0,100,,54820,33,4,,0,100,,60086,33,4,,0,100,,54822,33,4,,0,99,,54823,33,4,,0,100,,54824,33,4,,0,100,,54825,33,4,,0,100,,54826,33,4,,0
11029,'1912',844,,54842,33,4,,0,100,,54843,33,4,,0,101,,54844,33,4,,0,100,,54845,33,4,,0,100,,54846,33,4,,0,100,,54847,33,4,,0,100,,54848,33,4,,0,100,,54849,33,4,,0,100,,54850,33,4,,0,97,,54851,33,4,,0,100,,60087,33,4,,0,99,,54853,33,4,,0,98,,54854,33,4,,0
11029,'1924',844,,54829,33,4,,0,100,,54830,33,4,,0,101,,54831,33,4,,0,100,,54832,33,4,,0,100,,54833,33,4,,0,100,,54834,33,4,,0,100,,54835,33,4,,0,100,,54836,33,4,,0,100,,54837,33,4,,0,97,,54838,33,4,,0,100,,60088,33,4,,0,99,,54840,33,4,,0,98,,54841,33,4,,0
11029,'1925',844,,60089,33,4,,0,100,,60090,33,4,,0,101,,60091,33,4,,0,100,,60092,33,4,,0,100,,60093,33,4,,0,100,,60094,33,4,,0,100,,60095,33,4,,0,100,,60096,33,4,,0,100,,60097,33,4,,0,97,,60098,33,4,,0,100,,60099,33,4,,0,99,,60100,33,4,,0,98,,60101,33,4,,0
