1029,'1907',606,,58968,21,,,0,98,,58969,21,,,0,100,,58970,21,,,0,101,,58971,21,,,0,101,,58972,21,,,0,100,,58973,21,,,0,100,,58974,21,,,0,100,,58975,21,,,0,100,,58976,21,,,0,100,,58977,21,,,0,99,,58978,21,,,0,100,,58979,21,,,0,100,,58980,21,,,0,100,,58981,21,,,0,100,,58982,21,,,0,100,,58983,21,,,0,99,,58984,21,,,0,99,,58985,21,,,0
1029,'1909',604,,58995,21,,,0,35,,58996,21,,,0,66,,59016,21,,,0,30,,58992,21,,,0,70,,58987,21,,,0,30,,59020,21,,,0,73,,58990,21,,,0,30,,58997,21,,,0,70,,59015,21,,,0,30,,58994,21,,,0,70,,58986,21,,,0,30,,59019,21,,,0,70,,58991,21,,,0,30,,58998,21,,,0,70,,59014,21,,,0,30,,58993,21,,,0,70,,58988,21,,,0,30,,59017,21,,,0,71,,58989,21,,,0,30,,58999,21,,,0,70,,59013,21,,,0,30,,59002,21,,,0,70,,59001,21,,,0,29,,59000,21,,,0,67,,59006,21,,,0,30,,59005,21,,,0,70,,59004,21,,,0,30,,59003,21,,,0,70,,59018,21,,,0,29,,59012,21,,,0,70,,59011,21,,,0,30,,59010,21,,,0,70,,59009,21,,,0,30,,59008,21,,,0,25,,59007,21,,,0
1029,'1910',606,,59026,21,,,0,28,,59038,21,,,0,70,,59045,21,,,0,30,,59033,21,,,0,70,,59054,21,,,0,30,,59042,21,,,0,71,,59025,21,,,0,29,,59037,21,,,0,70,,59048,21,,,0,30,,59032,21,,,0,70,,59055,21,,,0,30,,59041,21,,,0,70,,59024,21,,,0,30,,59036,21,,,0,70,,59047,21,,,0,30,,59031,21,,,0,70,,59027,21,,,0,30,,59040,21,,,0,70,,59023,21,,,0,30,,59035,21,,,0,70,,59043,21,,,0,30,,59030,21,,,0,70,,59052,21,,,0,30,,59039,21,,,0,69,,59022,21,,,0,31,,59034,21,,,0,70,,59046,21,,,0,30,,59028,21,,,0,70,,59050,21,,,0,30,,59049,21,,,0,70,,59021,21,,,0,30,,59029,21,,,0,70,,59044,21,,,0,30,,59053,21,,,0,70,,59051,21,,,0
1029,'1912',606,,59056,21,,,0,98,,59057,21,,,0,100,,59058,21,,,0,101,,59059,21,,,0,101,,59060,21,,,0,100,,59061,21,,,0,100,,59062,21,,,0,100,,59063,21,,,0,100,,59064,21,,,0,100,,59065,21,,,0,99,,59066,21,,,0,100,,59067,21,,,0,100,,59068,21,,,0,100,,59069,21,,,0,100,,59070,21,,,0,100,,59071,21,,,0,99,,59072,21,,,0,99,,59073,21,,,0
1029,'1924',606,,59074,21,,,0,98,,59075,21,,,0,100,,59076,21,,,0,101,,59077,21,,,0,101,,59078,21,,,0,100,,59079,21,,,0,100,,59080,21,,,0,100,,59081,21,,,0,100,,59082,21,,,0,100,,59083,21,,,0,99,,59084,21,,,0,100,,59085,21,,,0,100,,59086,21,,,0,100,,59087,21,,,0,100,,59088,21,,,0,100,,59089,21,,,0,99,,59090,21,,,0,99,,59091,21,,,0
1029,'1925',606,,59092,21,,,0,98,,59093,21,,,0,100,,59094,21,,,0,101,,59095,21,,,0,101,,59096,21,,,0,100,,59097,21,,,0,100,,59098,21,,,0,100,,59099,21,,,0,100,,59100,21,,,0,100,,59101,21,,,0,99,,59102,21,,,0,100,,59103,21,,,0,100,,59104,21,,,0,100,,59105,21,,,0,100,,59106,21,,,0,100,,59107,21,,,0,99,,59108,21,,,0,99,,59109,21,,,0
801019,'1907',750,,58439,5,0,12,0,70,,58435,5,0,12,0,30,,58443,5,0,12,0,70,,58432,5,0,12,0,30,,58427,5,0,12,0,70,,58437,5,0,12,0,30,,58450,5,0,12,0,70,,58441,5,0,12,0,30,,58438,5,0,12,0,70,,58447,5,0,12,0,30,,58433,5,0,12,0,70,,58444,5,0,12,0,30,,58446,5,0,12,0,70,,58442,5,0,12,0,30,,58429,5,0,12,0,70,,58448,5,0,12,0,30,,58434,5,0,12,0,70,,58430,5,0,12,0,30,,58445,5,0,12,0,70,,58428,5,0,12,0,30,,58431,5,0,12,0,70,,58449,5,0,12,0,30,,58426,5,0,12,0,71,,58436,5,0,12,0,30,,58451,5,0,12,0,70,,58440,5,0,12,0
801019,'1909',556,,61696,5,0,12,0,70,,61693,5,0,12,0,20,,58477,5,0,12,0,65,,58474,5,0,12,0,16,,58476,5,0,12,0,18,,58473,5,0,12,0,60,,58475,5,0,12,0,20,,58481,5,0,12,0,25,,58452,5,0,12,0,70,,58453,5,0,12,0,30,,61684,5,0,12,0,70,,58455,5,0,12,0,30,,58456,5,0,12,0,70,,61685,5,0,12,0,30,,61686,5,0,12,0,69,,58459,5,0,12,0,31,,58460,5,0,12,0,70,,61687,5,0,12,0,30,,58462,5,0,12,0,70,,58463,5,0,12,0,31,,58478,5,0,12,0,70,,61694,5,0,12,0,25,,58464,5,0,12,0,60,,61688,5,0,12,0,20,,58483,5,0,12,0,20,,58466,5,0,12,0,60,,58467,5,0,12,0,22,,61695,5,0,12,0,18,,61689,5,0,12,0,60,,61697,5,0,12,0,15,,61692,5,0,12,0,30,,58469,5,0,12,0,70,,61690,5,0,12,0,30,,61691,5,0,12,0,70,,58472,5,0,12,0
801019,'1910',751,,61698,5,0,12,0,70,,58490,5,0,12,0,30,,58491,5,0,12,0,70,,58488,5,0,12,0,30,,58487,5,0,12,0,70,,58506,5,0,12,0,30,,58507,5,0,12,0,70,,58510,5,0,12,0,30,,58496,5,0,12,0,70,,58505,5,0,12,0,30,,58503,5,0,12,0,70,,58509,5,0,12,0,30,,61700,5,0,12,0,70,,58511,5,0,12,0,30,,58501,5,0,12,0,70,,58502,5,0,12,0,30,,58497,5,0,12,0,70,,58512,5,0,12,0,30,,58495,5,0,12,0,70,,58504,5,0,12,0,30,,58500,5,0,12,0,70,,58508,5,0,12,0,30,,58499,5,0,12,0,70,,58492,5,0,12,0,30,,58493,5,0,12,0,70,,61699,5,0,12,0
801019,'1912',750,,58552,5,0,12,0,70,,58548,5,0,12,0,30,,58556,5,0,12,0,70,,58545,5,0,12,0,30,,58540,5,0,12,0,70,,58550,5,0,12,0,30,,58563,5,0,12,0,70,,58554,5,0,12,0,30,,58551,5,0,12,0,70,,58560,5,0,12,0,30,,58546,5,0,12,0,70,,58557,5,0,12,0,30,,58559,5,0,12,0,70,,58555,5,0,12,0,30,,58542,5,0,12,0,70,,58561,5,0,12,0,30,,58547,5,0,12,0,70,,58543,5,0,12,0,30,,58558,5,0,12,0,70,,58541,5,0,12,0,30,,58544,5,0,12,0,70,,58562,5,0,12,0,30,,58539,5,0,12,0,71,,58549,5,0,12,0,30,,58564,5,0,12,0,70,,58553,5,0,12,0
801019,'1924',750,,58526,5,0,12,0,70,,58522,5,0,12,0,30,,58530,5,0,12,0,70,,58519,5,0,12,0,30,,58514,5,0,12,0,70,,58524,5,0,12,0,30,,58537,5,0,12,0,70,,58528,5,0,12,0,30,,58525,5,0,12,0,70,,58534,5,0,12,0,30,,58520,5,0,12,0,70,,58531,5,0,12,0,30,,58533,5,0,12,0,70,,58529,5,0,12,0,30,,58516,5,0,12,0,70,,58535,5,0,12,0,30,,58521,5,0,12,0,70,,58517,5,0,12,0,30,,58532,5,0,12,0,70,,58515,5,0,12,0,30,,58518,5,0,12,0,70,,58536,5,0,12,0,30,,58513,5,0,12,0,71,,58523,5,0,12,0,30,,58538,5,0,12,0,70,,58527,5,0,12,0
801019,'1925',750,,61714,5,0,12,0,70,,61710,5,0,12,0,30,,61718,5,0,12,0,70,,61707,5,0,12,0,30,,61702,5,0,12,0,70,,61712,5,0,12,0,30,,61725,5,0,12,0,70,,61716,5,0,12,0,30,,61713,5,0,12,0,70,,61722,5,0,12,0,30,,61708,5,0,12,0,70,,61719,5,0,12,0,30,,61721,5,0,12,0,70,,61717,5,0,12,0,30,,61704,5,0,12,0,70,,61723,5,0,12,0,30,,61709,5,0,12,0,70,,61705,5,0,12,0,30,,61720,5,0,12,0,70,,61703,5,0,12,0,30,,61706,5,0,12,0,70,,61724,5,0,12,0,30,,61701,5,0,12,0,71,,61711,5,0,12,0,30,,61726,5,0,12,0,70,,61715,5,0,12,0
