4019,'1907',749,,53591,4,,,0,70,,53592,4,,,0,30,,53589,4,,,0,70,,53593,4,,,0,30,,53590,4,,,0,71,,53574,4,,,0,30,,53578,4,,,0,70,,53582,4,,,0,30,,53585,4,,,0,70,,53570,4,,,0,30,,53573,4,,,0,70,,53577,4,,,0,30,,53581,4,,,0,70,,53583,4,,,0,30,,59487,4,,,0,70,,53572,4,,,0,30,,53576,4,,,0,70,,53580,4,,,0,30,,53584,4,,,0,70,,53568,4,,,0,30,,53571,4,,,0,70,,53575,4,,,0,30,,53579,4,,,0,70,,53588,4,,,0,30,,53594,4,,,0,70,,53586,4,,,0,30,,53595,4,,,0,70,,53587,4,,,0
4019,'1909',619,,59491,4,,,0,30,,53628,4,,,0,71,,53603,4,,,0,27,,53604,4,,,0,76,,53605,4,,,0,24,,53606,4,,,0,76,,53607,4,,,0,27,,53608,4,,,0,70,,53609,4,,,0,30,,53610,4,,,0,70,,53611,4,,,0,31,,53612,4,,,0,70,,53613,4,,,0,30,,59492,4,,,0,70,,53615,4,,,0,30,,53616,4,,,0,70,,53617,4,,,0,33,,53618,4,,,0,70,,53619,4,,,0,31,,53620,4,,,0,64,,53621,4,,,0,36,,53622,4,,,0,63,,53623,4,,,0,36,,53624,4,,,0,61,,53625,4,,,0,35,,53626,4,,,0,70,,59493,4,,,0,30,,59488,4,,,0,70,,59489,4,,,0,30,,53598,4,,,0,70,,59490,4,,,0,30,,53600,4,,,0,70,,53601,4,,,0
4019,'1910',649,,59504,4,,,0,70,,59495,4,,,0,30,,53630,4,,,0,71,,59497,4,,,0,30,,59502,4,,,0,70,,53646,4,,,0,30,,53634,4,,,0,70,,53656,4,,,0,30,,53633,4,,,0,70,,53653,4,,,0,30,,53648,4,,,0,70,,53641,4,,,0,30,,53654,4,,,0,70,,53657,4,,,0,30,,53632,4,,,0,70,,53643,4,,,0,30,,53631,4,,,0,70,,53637,4,,,0,30,,53655,4,,,0,70,,53652,4,,,0,30,,53649,4,,,0,70,,53638,4,,,0,30,,53658,4,,,0,70,,59503,4,,,0,30,,53629,4,,,0,70,,53644,4,,,0,30,,59498,4,,,0,70,,59501,4,,,0,30,,59494,4,,,0,70,,59499,4,,,0,30,,59496,4,,,0,70,,59500,4,,,0
4019,'1912',749,,53712,4,,,0,70,,53713,4,,,0,30,,53710,4,,,0,70,,53714,4,,,0,30,,53711,4,,,0,71,,53695,4,,,0,30,,53699,4,,,0,70,,53703,4,,,0,30,,53706,4,,,0,70,,53691,4,,,0,30,,53694,4,,,0,70,,53698,4,,,0,30,,53702,4,,,0,70,,53704,4,,,0,30,,59505,4,,,0,70,,53693,4,,,0,30,,53697,4,,,0,70,,53701,4,,,0,30,,53705,4,,,0,70,,53689,4,,,0,30,,53692,4,,,0,70,,53696,4,,,0,30,,53700,4,,,0,70,,53709,4,,,0,30,,53715,4,,,0,70,,53707,4,,,0,30,,53716,4,,,0,70,,53708,4,,,0
4019,'1924',749,,53684,4,,,0,70,,53685,4,,,0,30,,53682,4,,,0,70,,53686,4,,,0,30,,53683,4,,,0,71,,53667,4,,,0,30,,53671,4,,,0,70,,53675,4,,,0,30,,53678,4,,,0,70,,53663,4,,,0,30,,53666,4,,,0,70,,53670,4,,,0,30,,53674,4,,,0,70,,53676,4,,,0,30,,59506,4,,,0,70,,53665,4,,,0,30,,53669,4,,,0,70,,53673,4,,,0,30,,53677,4,,,0,70,,53661,4,,,0,30,,53664,4,,,0,70,,53668,4,,,0,30,,53672,4,,,0,70,,53681,4,,,0,30,,53687,4,,,0,70,,53679,4,,,0,30,,53688,4,,,0,70,,53680,4,,,0
4019,'1925',749,,59530,4,,,0,70,,59531,4,,,0,30,,59528,4,,,0,70,,59532,4,,,0,30,,59529,4,,,0,71,,59513,4,,,0,30,,59517,4,,,0,70,,59521,4,,,0,30,,59524,4,,,0,70,,59509,4,,,0,30,,59512,4,,,0,70,,59516,4,,,0,30,,59520,4,,,0,70,,59522,4,,,0,30,,59508,4,,,0,70,,59511,4,,,0,30,,59515,4,,,0,70,,59519,4,,,0,30,,59523,4,,,0,70,,59507,4,,,0,30,,59510,4,,,0,70,,59514,4,,,0,30,,59518,4,,,0,70,,59527,4,,,0,30,,59533,4,,,0,70,,59525,4,,,0,30,,59534,4,,,0,70,,59526,4,,,0
502029,'1907',634,,56936,4,,,0,70,,56922,4,,,0,30,,56939,4,,,0,70,,56953,4,,,0,30,,56933,4,,,0,70,,56952,4,,,0,30,,56935,4,,,0,70,,56951,4,,,0,30,,56930,4,,,0,70,,56950,4,,,0,30,,56925,4,,,0,70,,56949,4,,,0,30,,61227,4,,,0,70,,56947,4,,,0,30,,56926,4,,,0,70,,56948,4,,,0,30,,56929,4,,,0,70,,56946,4,,,0,30,,56923,4,,,0,70,,56945,4,,,0,30,,56927,4,,,0,70,,56944,4,,,0,30,,56924,4,,,0,70,,56943,4,,,0,30,,56937,4,,,0,70,,56942,4,,,0,30,,56938,4,,,0,70,,56941,4,,,0,30,,56931,4,,,0,70,,56954,4,,,0,30,,56940,4,,,0,70,,56955,4,,,0,30,,56934,4,,,0,70,,56956,4,,,0,30,,56932,4,,,0
502029,'1909',604,,61228,4,,,0,30,,56958,4,,,0,25,,56998,4,,,0,50,,61229,4,,,0,25,,56960,4,,,0,24,,56961,4,,,0,52,,61230,4,,,0,24,,56963,4,,,0,24,,56964,4,,,0,52,,56965,4,,,0,24,,56966,4,,,0,71,,56967,4,,,0,30,,56968,4,,,0,70,,61231,4,,,0,30,,56970,4,,,0,70,,61232,4,,,0,30,,56972,4,,,0,70,,56973,4,,,0,30,,56974,4,,,0,70,,61233,4,,,0,32,,56976,4,,,0,70,,56977,4,,,0,30,,56978,4,,,0,68,,56979,4,,,0,24,,56980,4,,,0,12,,56981,4,,,0,63,,56982,4,,,0,6,,56999,4,,,0,18,,56983,4,,,0,12,,56984,4,,,0,64,,56985,4,,,0,22,,56986,4,,,0,12,,56987,4,,,0,66,,56988,4,,,0,30,,56989,4,,,0,70,,56990,4,,,0,30,,56991,4,,,0,70,,56992,4,,,0,30,,56993,4,,,0,70,,56994,4,,,0,30,,56995,4,,,0,70,,56996,4,,,0,30,,56997,4,,,0
502029,'1910',634,,57007,4,,,0,70,,57014,4,,,0,30,,61240,4,,,0,70,,57015,4,,,0,30,,61239,4,,,0,70,,61243,4,,,0,30,,61238,4,,,0,71,,61244,4,,,0,30,,61252,4,,,0,70,,61245,4,,,0,30,,61253,4,,,0,70,,61246,4,,,0,30,,61254,4,,,0,70,,61247,4,,,0,30,,61255,4,,,0,70,,61248,4,,,0,30,,61256,4,,,0,70,,61249,4,,,0,30,,61257,4,,,0,70,,61250,4,,,0,30,,61258,4,,,0,70,,61251,4,,,0,30,,61259,4,,,0,70,,61241,4,,,0,30,,61260,4,,,0,69,,57010,4,,,0,30,,61261,4,,,0,70,,57009,4,,,0,30,,61237,4,,,0,70,,57011,4,,,0,30,,61236,4,,,0,70,,57012,4,,,0,30,,61235,4,,,0,70,,61242,4,,,0,30,,61234,4,,,0
502029,'1912',634,,57084,4,,,0,70,,57070,4,,,0,30,,57087,4,,,0,70,,57101,4,,,0,30,,57081,4,,,0,70,,57100,4,,,0,30,,57083,4,,,0,70,,57099,4,,,0,30,,57078,4,,,0,70,,57098,4,,,0,30,,57073,4,,,0,70,,57097,4,,,0,30,,61262,4,,,0,70,,57095,4,,,0,30,,57074,4,,,0,70,,57096,4,,,0,30,,57077,4,,,0,70,,57094,4,,,0,30,,57071,4,,,0,70,,57093,4,,,0,30,,57075,4,,,0,70,,57092,4,,,0,30,,57072,4,,,0,70,,57091,4,,,0,30,,57085,4,,,0,70,,57090,4,,,0,30,,57086,4,,,0,70,,57089,4,,,0,30,,57079,4,,,0,70,,57102,4,,,0,30,,57088,4,,,0,70,,57103,4,,,0,30,,57082,4,,,0,70,,57104,4,,,0,30,,57080,4,,,0
502029,'1924',634,,57049,4,,,0,70,,57035,4,,,0,30,,57052,4,,,0,70,,57066,4,,,0,30,,57046,4,,,0,70,,57065,4,,,0,30,,57048,4,,,0,70,,57064,4,,,0,30,,57043,4,,,0,70,,57063,4,,,0,30,,57038,4,,,0,70,,57062,4,,,0,30,,61263,4,,,0,70,,57060,4,,,0,30,,57039,4,,,0,70,,57061,4,,,0,30,,57042,4,,,0,70,,57059,4,,,0,30,,57036,4,,,0,70,,57058,4,,,0,30,,57040,4,,,0,70,,57057,4,,,0,30,,57037,4,,,0,70,,57056,4,,,0,30,,57050,4,,,0,70,,57055,4,,,0,30,,57051,4,,,0,70,,57054,4,,,0,30,,57044,4,,,0,70,,57067,4,,,0,30,,57053,4,,,0,70,,57068,4,,,0,30,,57047,4,,,0,70,,57069,4,,,0,30,,57045,4,,,0
502029,'1925',634,,61278,4,,,0,70,,61264,4,,,0,30,,61281,4,,,0,70,,61295,4,,,0,30,,61275,4,,,0,70,,61294,4,,,0,30,,61277,4,,,0,70,,61293,4,,,0,30,,61272,4,,,0,70,,61292,4,,,0,30,,61267,4,,,0,70,,61291,4,,,0,30,,61270,4,,,0,70,,61289,4,,,0,30,,61268,4,,,0,70,,61290,4,,,0,30,,61271,4,,,0,70,,61288,4,,,0,30,,61265,4,,,0,70,,61287,4,,,0,30,,61269,4,,,0,70,,61286,4,,,0,30,,61266,4,,,0,70,,61285,4,,,0,30,,61279,4,,,0,70,,61284,4,,,0,30,,61280,4,,,0,70,,61283,4,,,0,30,,61273,4,,,0,70,,61296,4,,,0,30,,61282,4,,,0,70,,61297,4,,,0,30,,61276,4,,,0,70,,61298,4,,,0,30,,61274,4,,,0
701019,'1907',620,,57470,4,,,0,28,,57511,4,,,0,70,,61384,4,,,0,30,,57469,4,,,0,55,,57446,4,,,0,15,,57514,4,,,0,15,,57428,4,,,0,15,,61382,4,,,0,56,,57430,4,,,0,15,,57466,4,,,0,15,,57447,4,,,0,15,,57509,4,,,0,55,,57422,4,,,0,15,,61383,4,,,0,15,,57431,4,,,0,15,,57465,4,,,0,55,,57426,4,,,0,15,,57505,4,,,0,15,,57434,4,,,0,15,,57488,4,,,0,55,,57429,4,,,0,15,,57462,4,,,0,15,,57441,4,,,0,15,,57506,4,,,0,55,,57432,4,,,0,15,,57484,4,,,0,15,,57437,4,,,0,15,,57460,4,,,0,55,,57440,4,,,0,15,,57515,4,,,0,15,,57427,4,,,0,15,,57485,4,,,0,55,,57439,4,,,0,15,,57458,4,,,0,15,,57443,4,,,0,15,,57510,4,,,0,55,,57424,4,,,0,15,,57491,4,,,0,15,,57425,4,,,0,15,,57456,4,,,0,55,,57442,4,,,0,15,,57502,4,,,0,15,,57423,4,,,0,15,,57481,4,,,0,55,,57438,4,,,0,15,,57455,4,,,0,15,,57444,4,,,0,15,,57501,4,,,0,55,,57435,4,,,0,15,,57482,4,,,0,15,,57436,4,,,0,15,,57453,4,,,0,55,,57445,4,,,0,15,,57516,4,,,0,15,,57433,4,,,0,15,,57480,4,,,0,70,,57450,4,,,0,30,,57512,4,,,0,70,,57475,4,,,0,30,,57448,4,,,0,70,,57517,4,,,0,25,,57518,4,,,0,65,,57520,4,,,0
701019,'1909',600,,57521,4,,,0,30,,57522,4,,,0,18,,57523,4,,,0,56,,57524,4,,,0,15,,57525,4,,,0,15,,57526,4,,,0,15,,57527,4,,,0,55,,57528,4,,,0,15,,57529,4,,,0,15,,61386,4,,,0,15,,57531,4,,,0,55,,57532,4,,,0,15,,57533,4,,,0,15,,57534,4,,,0,15,,61411,4,,,0,55,,61387,4,,,0,15,,61388,4,,,0,15,,57537,4,,,0,15,,57538,4,,,0,55,,57539,4,,,0,15,,57540,4,,,0,15,,61389,4,,,0,15,,61390,4,,,0,55,,61391,4,,,0,15,,57544,4,,,0,15,,57545,4,,,0,15,,57546,4,,,0,55,,57547,4,,,0,15,,61392,4,,,0,15,,61393,4,,,0,15,,61394,4,,,0,55,,57551,4,,,0,15,,57552,4,,,0,16,,57553,4,,,0,15,,57554,4,,,0,55,,57620,4,,,0,15,,61395,4,,,0,15,,57556,4,,,0,15,,61396,4,,,0,55,,57558,4,,,0,15,,61409,4,,,0,15,,57559,4,,,0,15,,57560,4,,,0,55,,57561,4,,,0,15,,57562,4,,,0,14,,57563,4,,,0,15,,57564,4,,,0,55,,61397,4,,,0,15,,57566,4,,,0,15,,61398,4,,,0,15,,57568,4,,,0,55,,57569,4,,,0,15,,57570,4,,,0,15,,61399,4,,,0,15,,57572,4,,,0,55,,61400,4,,,0,15,,57574,4,,,0,15,,57575,4,,,0,15,,57576,4,,,0,70,,57577,4,,,0,30,,57578,4,,,0,70,,57579,4,,,0,30,,57580,4,,,0,70,,57581,4,,,0,25,,61401,4,,,0,65,,57583,4,,,0
701019,'1910',620,,57662,4,,,0,28,,57647,4,,,0,70,,57637,4,,,0,30,,57643,4,,,0,55,,61414,4,,,0,15,,57650,4,,,0,15,,57666,4,,,0,15,,57633,4,,,0,55,,57667,4,,,0,15,,57638,4,,,0,15,,57672,4,,,0,15,,57644,4,,,0,58,,57688,4,,,0,15,,57708,4,,,0,15,,57724,4,,,0,15,,57712,4,,,0,55,,57679,4,,,0,15,,57719,4,,,0,15,,57701,4,,,0,15,,57726,4,,,0,55,,57717,4,,,0,15,,57674,4,,,0,15,,57722,4,,,0,15,,57707,4,,,0,55,,57678,4,,,0,15,,57716,4,,,0,15,,57700,4,,,0,15,,57681,4,,,0,55,,61418,4,,,0,15,,57706,4,,,0,15,,57723,4,,,0,15,,57715,4,,,0,55,,57677,4,,,0,15,,57720,4,,,0,15,,57705,4,,,0,15,,57697,4,,,0,55,,57718,4,,,0,15,,61420,4,,,0,15,,57728,4,,,0,15,,57676,4,,,0,55,,57696,4,,,0,15,,57703,4,,,0,15,,57694,4,,,0,15,,57689,4,,,0,55,,57692,4,,,0,15,,61416,4,,,0,15,,57687,4,,,0,15,,57680,4,,,0,53,,57663,4,,,0,15,,57693,4,,,0,15,,57668,4,,,0,15,,57645,4,,,0,55,,57669,4,,,0,15,,57651,4,,,0,15,,61415,4,,,0,15,,57634,4,,,0,70,,57639,4,,,0,30,,57646,4,,,0,70,,57652,4,,,0,30,,57659,4,,,0,70,,57661,4,,,0,25,,57671,4,,,0,65,,57664,4,,,0
701019,'1912',620,,57877,4,,,0,28,,57918,4,,,0,70,,61425,4,,,0,30,,57876,4,,,0,55,,57853,4,,,0,15,,57921,4,,,0,15,,57835,4,,,0,15,,61423,4,,,0,56,,57837,4,,,0,15,,57873,4,,,0,15,,57854,4,,,0,15,,57916,4,,,0,55,,57829,4,,,0,15,,61424,4,,,0,15,,57838,4,,,0,15,,57872,4,,,0,55,,57833,4,,,0,15,,57912,4,,,0,15,,57841,4,,,0,15,,57895,4,,,0,55,,57836,4,,,0,15,,57869,4,,,0,15,,57848,4,,,0,15,,57913,4,,,0,55,,57839,4,,,0,15,,57891,4,,,0,15,,57844,4,,,0,15,,57867,4,,,0,55,,57847,4,,,0,15,,57922,4,,,0,15,,57834,4,,,0,15,,57892,4,,,0,55,,57846,4,,,0,15,,57865,4,,,0,15,,57850,4,,,0,15,,57917,4,,,0,55,,57831,4,,,0,15,,57898,4,,,0,15,,57832,4,,,0,15,,57863,4,,,0,55,,57849,4,,,0,15,,57909,4,,,0,15,,57830,4,,,0,15,,57888,4,,,0,55,,57845,4,,,0,15,,57862,4,,,0,15,,57851,4,,,0,15,,57908,4,,,0,55,,57842,4,,,0,15,,57889,4,,,0,15,,57843,4,,,0,15,,57860,4,,,0,55,,57852,4,,,0,15,,57923,4,,,0,15,,57840,4,,,0,15,,57887,4,,,0,70,,57857,4,,,0,30,,57919,4,,,0,70,,57882,4,,,0,30,,57855,4,,,0,70,,57924,4,,,0,25,,57925,4,,,0,65,,57927,4,,,0
701019,'1924',620,,57778,4,,,0,28,,57819,4,,,0,70,,61431,4,,,0,30,,57777,4,,,0,55,,57754,4,,,0,15,,57822,4,,,0,15,,57736,4,,,0,15,,61429,4,,,0,56,,57738,4,,,0,15,,57774,4,,,0,15,,57755,4,,,0,15,,57817,4,,,0,55,,57730,4,,,0,15,,61430,4,,,0,15,,57739,4,,,0,15,,57773,4,,,0,55,,57734,4,,,0,15,,57813,4,,,0,15,,57742,4,,,0,15,,57796,4,,,0,55,,57737,4,,,0,15,,57770,4,,,0,15,,57749,4,,,0,15,,57814,4,,,0,55,,57740,4,,,0,15,,57792,4,,,0,15,,57745,4,,,0,15,,57768,4,,,0,55,,57748,4,,,0,15,,57823,4,,,0,15,,57735,4,,,0,15,,57793,4,,,0,55,,57747,4,,,0,15,,57766,4,,,0,15,,57751,4,,,0,15,,57818,4,,,0,55,,57732,4,,,0,15,,57799,4,,,0,15,,57733,4,,,0,15,,57764,4,,,0,55,,57750,4,,,0,15,,57810,4,,,0,15,,57731,4,,,0,15,,57789,4,,,0,55,,57746,4,,,0,15,,57763,4,,,0,15,,57752,4,,,0,15,,57809,4,,,0,55,,57743,4,,,0,15,,57790,4,,,0,15,,57744,4,,,0,15,,57761,4,,,0,55,,57753,4,,,0,15,,57824,4,,,0,15,,57741,4,,,0,15,,57788,4,,,0,70,,57758,4,,,0,30,,57820,4,,,0,70,,57783,4,,,0,30,,57756,4,,,0,70,,57825,4,,,0,25,,57826,4,,,0,65,,57828,4,,,0
701019,'1925',620,,61481,4,,,0,28,,61522,4,,,0,70,,61503,4,,,0,30,,61480,4,,,0,55,,61457,4,,,0,15,,61525,4,,,0,15,,61439,4,,,0,15,,61490,4,,,0,56,,61441,4,,,0,15,,61477,4,,,0,15,,61458,4,,,0,15,,61520,4,,,0,55,,61433,4,,,0,15,,61501,4,,,0,15,,61442,4,,,0,15,,61476,4,,,0,55,,61437,4,,,0,15,,61516,4,,,0,15,,61445,4,,,0,15,,61499,4,,,0,55,,61440,4,,,0,15,,61473,4,,,0,15,,61452,4,,,0,15,,61517,4,,,0,55,,61443,4,,,0,15,,61495,4,,,0,15,,61448,4,,,0,15,,61471,4,,,0,55,,61451,4,,,0,15,,61526,4,,,0,15,,61438,4,,,0,15,,61496,4,,,0,55,,61450,4,,,0,15,,61469,4,,,0,15,,61454,4,,,0,15,,61521,4,,,0,55,,61435,4,,,0,15,,61502,4,,,0,15,,61436,4,,,0,15,,61467,4,,,0,55,,61453,4,,,0,15,,61513,4,,,0,15,,61434,4,,,0,15,,61492,4,,,0,55,,61449,4,,,0,15,,61466,4,,,0,15,,61455,4,,,0,15,,61512,4,,,0,55,,61446,4,,,0,15,,61493,4,,,0,15,,61447,4,,,0,15,,61464,4,,,0,55,,61456,4,,,0,15,,61527,4,,,0,15,,61444,4,,,0,15,,61491,4,,,0,70,,61461,4,,,0,30,,61523,4,,,0,70,,61486,4,,,0,30,,61459,4,,,0,70,,61528,4,,,0,25,,61529,4,,,0,65,,61531,4,,,0
