1029,'1907',615,,53126,34,,,0,100,3,53127,34,,,0,100,3,53128,34,,,0,100,2,53129,34,,,0,100,,53130,34,,,0,100,,53131,34,,,0,100,,53132,34,,,0,100,,53133,34,,,0,100,,53134,34,,,0,100,,53135,34,,,0,100,2,53136,34,,,0,100,2,53137,34,,,0,100,2,53138,34,,,0,100,2,53139,34,,,0,100,2,53140,34,,,0,100,2,53141,34,,,0,100,5,53142,34,,,0,95,,53143,34,,,0
1029,'1909',615,2,53153,34,,,0,35,2,53154,34,,,0,70,4,53174,34,,,0,30,4,53150,34,,,0,70,4,53145,34,,,0,30,4,53178,34,,,0,70,2,53148,34,,,0,30,2,53155,34,,,0,70,2,53173,34,,,0,30,2,53152,34,,,0,70,2,53144,34,,,0,30,2,53177,34,,,0,70,2,53149,34,,,0,30,2,53156,34,,,0,70,2,53172,34,,,0,30,2,53151,34,,,0,70,2,53146,34,,,0,30,,53175,34,,,0,72,2,53147,34,,,0,30,2,53157,34,,,0,70,2,53171,34,,,0,30,2,53160,34,,,0,70,2,53159,34,,,0,28,3,53158,34,,,0,65,,53164,34,,,0,30,,53163,34,,,0,70,,53162,34,,,0,30,,53161,34,,,0,70,,53176,34,,,0,30,2,53170,34,,,0,70,2,53169,34,,,0,30,2,53168,34,,,0,70,2,53167,34,,,0,30,2,53166,34,,,0,65,2,53165,34,,,0
1029,'1910',615,2,53184,34,,,0,30,4,53196,34,,,0,70,4,53203,34,,,0,30,4,53191,34,,,0,70,4,53212,34,,,0,30,4,53200,34,,,0,70,2,53183,34,,,0,30,2,53195,34,,,0,70,2,53206,34,,,0,30,2,53190,34,,,0,70,2,53213,34,,,0,30,2,53199,34,,,0,70,2,53182,34,,,0,30,2,53194,34,,,0,70,2,53205,34,,,0,30,2,53189,34,,,0,70,2,53185,34,,,0,30,2,53198,34,,,0,70,2,53181,34,,,0,30,2,53193,34,,,0,70,2,53201,34,,,0,30,2,53188,34,,,0,70,2,53210,34,,,0,30,2,53197,34,,,0,69,2,53180,34,,,0,31,2,53192,34,,,0,70,2,53204,34,,,0,30,2,53186,34,,,0,70,2,53208,34,,,0,30,2,53207,34,,,0,70,2,53179,34,,,0,30,2,53187,34,,,0,70,2,53202,34,,,0,30,2,53211,34,,,0,70,3,53209,34,,,0
1029,'1911',615,,53214,34,,,0,100,3,53215,34,,,0,100,3,53216,34,,,0,100,2,53217,34,,,0,100,,53218,34,,,0,100,,53219,34,,,0,100,,53220,34,,,0,100,,53221,34,,,0,100,,53222,34,,,0,100,,53223,34,,,0,100,2,53224,34,,,0,100,2,53225,34,,,0,100,2,53226,34,,,0,100,2,53227,34,,,0,100,2,53228,34,,,0,100,2,53229,34,,,0,100,5,53230,34,,,0,95,,53231,34,,,0
1029,'1912',615,,53232,34,,,0,100,3,53233,34,,,0,100,3,53234,34,,,0,100,2,53235,34,,,0,100,,53236,34,,,0,100,,53237,34,,,0,100,,53238,34,,,0,100,,53239,34,,,0,100,,53240,34,,,0,100,,53241,34,,,0,100,2,53242,34,,,0,100,2,53243,34,,,0,100,2,53244,34,,,0,100,2,53245,34,,,0,100,2,53246,34,,,0,100,2,53247,34,,,0,100,5,53248,34,,,0,95,,53249,34,,,0
2029,'1907',630,,53401,31,,,0,29,,53409,31,,,0,71,3,53420,31,,,0,70,43,53415,31,,,0,30,3,53402,31,,,0,70,43,53410,31,,,0,30,,53421,31,,,0,70,41,53416,31,,,0,14,,53432,16,4,,0,16,,53403,31,,,0,70,41,53411,31,,,0,30,,53422,31,,,0,70,41,53417,31,,,0,30,,53404,31,,,0,70,41,53412,31,,,0,30,,53423,31,,,0,70,41,53418,31,,,0,30,,53405,31,,,0,70,41,53413,31,,,0,30,,53424,31,,,0,70,41,53419,31,,,0,30,,53406,31,,,0,70,41,53414,31,,,0,30,,53425,31,,,0,100,,53407,31,,,0,99,4,53426,31,,,0,100,4,53408,31,,,0,101,4,53427,31,,,0,100,4,53400,31,,,0
2029,'1909',535,2,53450,16,,,0,65,42,53433,31,,,0,30,2,53434,31,,,0,70,42,53435,31,,,0,28,,53436,31,,,0,72,42,53437,31,,,0,30,2,53438,31,,,0,70,42,53439,31,,,0,30,2,53440,31,,,0,70,42,53441,31,,,0,30,2,53464,31,,,0,70,42,53460,31,,,0,30,2,53466,31,,,0,70,42,53462,31,,,0,30,2,53463,31,,,0,70,42,53459,31,,,0,30,2,53465,31,,,0,70,42,53461,31,,,0,30,2,53467,31,,,0,71,,53442,31,,,0,34,,53443,31,,,0,70,,53444,31,,,0,30,,53445,31,,,0,70,,53446,31,,,0,30,,53447,31,,,0,66,,53448,31,,,0,29,2,53449,31,,,0,70,42,53453,31,,,0,30,2,53454,31,,,0,100,3,53455,31,,,0,100,3,53456,31,,,0,100,3,53452,31,,,0
2029,'1910',600,41,53499,31,0,5 2 15 16 17,0,30,,53482,31,,,0,29,,53489,31,,,0,71,3,53468,31,,,0,70,43,53474,31,,,0,30,3,53483,31,,,0,70,43,53490,31,,,0,30,,53469,31,,,0,70,41,53475,31,,,0,30,,53484,31,,,0,70,41,53491,31,,,0,30,,53470,31,,,0,70,41,53476,31,,,0,30,,53485,31,,,0,70,41,53492,31,,,0,30,,53471,31,,,0,70,41,53477,31,,,0,30,,53486,31,,,0,70,41,53493,31,,,0,30,,53472,31,,,0,70,41,53478,31,,,0,30,,53487,31,,,0,70,41,53494,31,,,0,30,,53473,31,,,0,70,41,53479,31,,,0,30,,53488,31,,,0,70,41,53495,31,,,0,30,3,53480,31,,,0,100,3,53496,31,,,0,100,3,53481,31,,,0,100,3,53497,31,,,0
2029,'1911',630,,53503,31,,,0,29,,53511,31,,,0,71,3,53522,31,,,0,70,43,53517,31,,,0,30,3,53504,31,,,0,70,43,53512,31,,,0,30,,53523,31,,,0,70,41,53518,31,,,0,14,,53534,16,4,,0,16,,53505,31,,,0,70,41,53513,31,,,0,30,,53524,31,,,0,70,41,53519,31,,,0,30,,53506,31,,,0,70,41,53514,31,,,0,30,,53525,31,,,0,70,41,53520,31,,,0,30,,53507,31,,,0,70,41,53515,31,,,0,30,,53526,31,,,0,70,41,53521,31,,,0,30,,53508,31,,,0,70,41,53516,31,,,0,30,,53527,31,,,0,100,,53509,31,,,0,99,4,53528,31,,,0,100,4,53510,31,,,0,101,4,53529,31,,,0,100,4,53502,31,,,0
2029,'1912',630,,53536,31,,,0,29,,53544,31,,,0,71,3,53555,31,,,0,70,43,53550,31,,,0,30,3,53537,31,,,0,70,43,53545,31,,,0,30,,53556,31,,,0,70,41,53551,31,,,0,14,,53567,16,4,,0,16,,53538,31,,,0,70,41,53546,31,,,0,30,,53557,31,,,0,70,41,53552,31,,,0,30,,53539,31,,,0,70,41,53547,31,,,0,30,,53558,31,,,0,70,41,53553,31,,,0,30,,53540,31,,,0,70,41,53548,31,,,0,30,,53559,31,,,0,70,41,53554,31,,,0,30,,53541,31,,,0,70,41,53549,31,,,0,30,,53560,31,,,0,100,,53542,31,,,0,99,4,53561,31,,,0,100,4,53543,31,,,0,101,4,53562,31,,,0,100,4,53535,31,,,0
4029,'1907',1012,,53729,18,4,,0,30,,53732,18,4,,0,70,,53717,18,4,,0,30,,53722,18,4,,0,70,,53725,18,4,,0,30,,53728,18,4,,0,70,,53730,18,4,,0,30,,53718,18,4,,0,70,,53721,18,4,,0,30,,53724,18,4,,0,70,,53727,18,4,,0,30,,53731,18,4,,0,70,,53719,18,4,,0,30,,53720,18,4,,0,70,,53723,18,4,,0,30,,53726,18,4,,0
4029,'1909',641,,53746,18,4,,0,70,,53747,18,4,,0,35,,53748,18,4,,0,66,,53749,18,4,,0,36,,53750,18,4,,0,64,,53751,18,4,,0,31,,53752,18,4,,0,70,,53753,18,4,,0,30,,53754,18,4,,0,70,,53755,18,4,,0,30,,53756,18,4,,0,71,,53757,18,4,,0,30,,53758,18,4,,0,70,,53759,18,4,,0,30,,53760,18,4,,0,70,,53761,18,4,,0,30,,53762,18,4,,0,75,,53763,18,4,,0,25,,53764,18,4,,0,76,,53765,18,4,,0,24,,53766,18,4,,0,76,,53767,18,4,,0,24,,53768,18,4,,0,74,,53769,18,4,,0,27,,53770,18,4,,0,69,,53771,18,4,,0
4029,'1910',642,,53802,18,4,,0,68,,53803,18,4,,0,30,,53804,18,4,,0,70,,53805,18,4,,0,30,,53806,18,4,,0,73,,53807,18,4,,0,30,,53808,18,4,,0,72,,53795,18,4,,0,29,,53789,18,4,,0,70,,53782,18,4,,0,30,,53793,18,4,,0,70,,53799,18,4,,0,30,,53794,18,4,,0,70,,53781,18,4,,0,30,,53786,18,4,,0,70,,53797,18,4,,0,30,,53780,18,4,,0,70,,53796,18,4,,0,30,,53791,18,4,,0,70,,53783,18,4,,0,30,,53778,18,4,,0,70,,53798,18,4,,0,30,,53801,18,4,,0,70,,53792,18,4,,0,30,,53787,18,4,,0,69,,53809,18,4,,0
4029,'1911',1012,,53822,18,4,,0,30,,53825,18,4,,0,70,,53810,18,4,,0,30,,53815,18,4,,0,70,,53818,18,4,,0,30,,53821,18,4,,0,70,,53823,18,4,,0,30,,53811,18,4,,0,70,,53814,18,4,,0,30,,53817,18,4,,0,70,,53820,18,4,,0,30,,53824,18,4,,0,70,,53812,18,4,,0,30,,53813,18,4,,0,70,,53816,18,4,,0,30,,53819,18,4,,0
4029,'1912',1012,,53851,18,4,,0,30,,53854,18,4,,0,70,,53839,18,4,,0,30,,53844,18,4,,0,70,,53847,18,4,,0,30,,53850,18,4,,0,70,,53852,18,4,,0,30,,53840,18,4,,0,70,,53843,18,4,,0,30,,53846,18,4,,0,70,,53849,18,4,,0,30,,53853,18,4,,0,70,,53841,18,4,,0,30,,53842,18,4,,0,70,,53845,18,4,,0,30,,53848,18,4,,0
12029,'1909',640,,54902,10,,,0,70,,54899,10,,,0,30,,54892,10,,,0,69,,54900,10,,,0,31,,54893,10,,,0,70,,54879,1,,,0,30,,54880,1,,,0,70,,54881,1,,,0,30,,54882,1,,,0,70,,54883,1,,,0,30,,54884,1,,,0,70,,54885,1,,,0,30,,54886,1,,,0,70,,54887,1,,,0,30,,54888,1,,,0,70,,54889,1,,,0,29,,54895,10,,,0,71,,54898,10,,,0,30,,54890,10,,,0,70,,54897,10,,,0,30,,54891,10,,,0,70,,54901,10,,,0,30,,54894,10,,,0,70,,54896,10,,,0
501019,'1907',623,,56185,12,4,,0,30,,56199,12,4,,0,67,,56184,12,4,,0,30,,56198,12,4,,0,70,,56187,12,4,,0,31,,56200,12,4,,0,71,,56188,12,4,,0,30,,56197,12,4,,0,70,,56176,12,4,,0,30,,56189,12,4,,0,74,,56175,12,4,,0,30,,56190,12,4,,0,70,,56178,12,4,,0,30,,56191,12,4,,0,70,,56174,12,4,,0,30,,56196,12,4,,0,70,,56173,12,4,,0,30,,56195,12,4,,0,70,,56172,12,4,,0,30,,56192,12,4,,0,70,,56171,12,4,,0,30,,56194,12,4,,0,70,,56177,12,4,,0,30,,56193,12,4,,0,68,,56186,12,4,,0,30,,56201,12,4,,0,70,,56183,12,4,,0,30,,56204,12,4,,0,68,,56182,12,4,,0,30,,56170,12,4,,0,70,,56181,12,4,,0,30,,56202,12,4,,0,69,,56180,12,4,,0,30,,56203,12,4,,0,70,,56179,12,4,,0
501019,'1909',528,,56205,6,4,,0,93,,56206,12,4,,0,30,,56207,12,4,,0,77,,56208,12,4,,0,25,,56209,12,4,,0,64,,56210,12,4,,0,12,,56211,12,4,,0,24,,56212,12,4,,0,63,,56213,12,4,,0,11,,56214,12,4,,0,30,,56215,12,4,,0,70,,56216,12,4,,0,30,,56217,12,4,,0,70,,56218,12,4,,0,30,,56219,12,4,,0,70,,56220,12,4,,0,30,,56221,12,4,,0,70,,56222,12,4,,0,30,,56223,12,4,,0,70,,56224,12,4,,0,27,,56225,12,4,,0,52,,56226,12,4,,0,22,,56227,12,4,,0,24,,56228,12,4,,0,52,,56229,12,4,,0,24,,56230,12,4,,0,24,,56231,12,4,,0,52,,56232,12,4,,0,23,,56233,12,4,,0,23,,56234,12,4,,0,52,,56235,12,4,,0,26,,56236,12,4,,0,28,,56237,12,4,,0,70,,56238,12,4,,0,28,,56239,12,4,,0,70,,56240,12,4,,0,30,,56241,12,4,,0,68,,56242,12,4,,0,30,,56243,12,4,,0,70,,56244,12,4,,0,30,,56245,12,4,,0,70,,56246,12,4,,0
501019,'1910',625,,56256,12,4,,0,30,,56259,12,4,,0,67,,56255,12,4,,0,30,,56258,12,4,,0,70,,56254,12,4,,0,30,,56260,12,4,,0,70,,56253,12,4,,0,30,,56257,12,4,,0,73,,56266,12,4,,0,33,,56276,12,4,,0,70,,56267,12,4,,0,30,,56277,12,4,,0,70,,56268,12,4,,0,30,,56278,12,4,,0,70,,56269,12,4,,0,30,,56279,12,4,,0,70,,56270,12,4,,0,30,,56280,12,4,,0,70,,56271,12,4,,0,30,,56281,12,4,,0,70,,56272,12,4,,0,30,,56274,12,4,,0,70,,56273,12,4,,0,30,,56275,12,4,,0,70,,56252,12,4,,0,27,,56265,12,4,,0,67,,56251,12,4,,0,30,,56263,12,4,,0,70,,56250,12,4,,0,30,,56264,12,4,,0,70,,56249,12,4,,0,30,,56261,12,4,,0,70,,56248,12,4,,0,30,,56262,12,4,,0,69,,56247,12,4,,0
501019,'1911',623,,56297,12,4,,0,30,,56311,12,4,,0,67,,56296,12,4,,0,30,,56310,12,4,,0,70,,56299,12,4,,0,31,,56312,12,4,,0,71,,56300,12,4,,0,30,,56309,12,4,,0,70,,56288,12,4,,0,30,,56301,12,4,,0,74,,56287,12,4,,0,30,,56302,12,4,,0,70,,56290,12,4,,0,30,,56303,12,4,,0,70,,56286,12,4,,0,30,,56308,12,4,,0,70,,56285,12,4,,0,30,,56307,12,4,,0,70,,56284,12,4,,0,30,,56304,12,4,,0,70,,56283,12,4,,0,30,,56306,12,4,,0,70,,56289,12,4,,0,30,,56305,12,4,,0,68,,56298,12,4,,0,30,,56313,12,4,,0,70,,56295,12,4,,0,30,,56316,12,4,,0,68,,56294,12,4,,0,30,,56282,12,4,,0,70,,56293,12,4,,0,30,,56314,12,4,,0,69,,56292,12,4,,0,30,,56315,12,4,,0,70,,56291,12,4,,0
501019,'1912',623,,56332,12,4,,0,30,,56346,12,4,,0,67,,56331,12,4,,0,30,,56345,12,4,,0,70,,56334,12,4,,0,31,,56347,12,4,,0,71,,56335,12,4,,0,30,,56344,12,4,,0,70,,56323,12,4,,0,30,,56336,12,4,,0,74,,56322,12,4,,0,30,,56337,12,4,,0,70,,56325,12,4,,0,30,,56338,12,4,,0,70,,56321,12,4,,0,30,,56343,12,4,,0,70,,56320,12,4,,0,30,,56342,12,4,,0,70,,56319,12,4,,0,30,,56339,12,4,,0,70,,56318,12,4,,0,30,,56341,12,4,,0,70,,56324,12,4,,0,30,,56340,12,4,,0,68,,56333,12,4,,0,30,,56348,12,4,,0,70,,56330,12,4,,0,30,,56351,12,4,,0,68,,56329,12,4,,0,30,,56317,12,4,,0,70,,56328,12,4,,0,30,,56349,12,4,,0,69,,56327,12,4,,0,30,,56350,12,4,,0,70,,56326,12,4,,0
501029,'1907',625,,56369,1,,,0,30,,56380,1,,,0,70,,56368,1,,,0,30,,56379,1,,,0,70,,56367,1,,,0,30,,56382,1,,,0,70,,56370,1,,,0,75,,56378,1,,,0,15,,56398,1,,,0,15,,56359,1,,,0,15,,56402,1,,,0,55,,56371,1,,,0,15,,56404,1,,,0,15,,56360,1,,,0,15,,56391,1,,,0,55,,56372,1,,,0,15,,56394,1,,,0,15,,56354,1,,,0,15,,56397,1,,,0,55,,56377,1,,,0,15,,56400,1,,,0,15,,56355,1,,,0,15,,56405,1,,,0,55,,56376,1,,,0,15,,56390,1,,,0,15,,56357,1,,,0,15,,56393,1,,,0,55,,56374,1,,,0,15,,56396,1,,,0,15,,56353,1,,,0,15,,56401,1,,,0,55,,56373,1,,,0,15,,56403,1,,,0,15,,56358,1,,,0,15,,56389,1,,,0,55,,56375,1,,,0,15,,56392,1,,,0,15,,56356,1,,,0,15,,56395,1,,,0,55,,56385,1,,,0,30,,56366,1,,,0,70,,56388,1,,,0,15,,56399,1,,,0,10,,56365,1,,,0,30,,56384,1,,,0,70,,56364,1,,,0,30,,56386,1,,,0,70,,56363,1,,,0,30,,56387,1,,,0,70,,56362,1,,,0,30,,56383,1,,,0,66,,56361,1,,,0
501029,'1909',530,,56408,1,,,0,95,,56409,1,,,0,10,,56475,1,,,0,10,,56410,1,,,0,10,,56411,1,,,0,60,,56412,1,,,0,15,,56413,1,,,0,17,,56414,1,,,0,12,,56415,1,,,0,53,,56416,1,,,0,5,,56474,1,,,0,5,,56417,1,,,0,11,,56418,1,,,0,15,,56419,1,,,0,52,,56420,1,,,0,15,,56421,1,,,0,15,,56422,1,,,0,15,,56423,1,,,0,55,,56424,1,,,0,15,,56425,1,,,0,15,,56426,1,,,0,15,,56427,1,,,0,55,,56428,1,,,0,15,,56429,1,,,0,15,,56430,1,,,0,15,,56431,1,,,0,55,,56432,1,,,0,15,,56433,1,,,0,15,,56434,1,,,0,15,,56435,1,,,0,55,,56436,1,,,0,15,,56437,1,,,0,15,,56438,1,,,0,15,,56439,1,,,0,55,,56440,1,,,0,15,,56441,1,,,0,15,,56406,1,,,0,15,,56407,1,,,0,12,,56442,1,,,0,46,,56473,1,,,0,6,,56443,1,,,0,12,,56444,1,,,0,12,,56445,1,,,0,12,,56446,1,,,0,12,,56447,1,,,0,46,,56476,1,,,0,6,,56448,1,,,0,12,,56449,1,,,0,12,,56450,1,,,0,12,,56451,1,,,0,12,,56452,1,,,0,52,,56453,1,,,0,12,,56454,1,,,0,12,,56455,1,,,0,12,,56456,1,,,0,12,,56457,1,,,0,52,,56458,1,,,0,12,,56459,1,,,0,12,,56460,1,,,0,12,,56461,1,,,0,55,,56462,1,,,0,15,,56463,1,,,0,15,,56464,1,,,0,70,,56465,1,,,0,30,,56466,1,,,0,70,,56467,1,,,0,25,,56468,1,,,0,30,,56469,1,,,0,70,,56470,1,,,0,30,,56471,1,,,0,67,,56472,1,,,0
501029,'1910',625,,56489,1,,,0,18,,56536,1,0,11,0,57,,56494,1,,,0,15,,56529,1,,,0,15,,56488,1,,,0,70,,56495,1,,,0,30,,56487,1,,,0,70,,56493,1,,,0,30,,56486,1,,,0,15,,56479,1,,,0,55,,56492,1,,,0,15,,56491,1,,,0,15,,56504,1,,,0,15,,56513,1,,,0,55,,56530,1,,,0,15,,56522,1,,,0,15,,56505,1,,,0,15,,56514,1,,,0,55,,56531,1,,,0,15,,56523,1,,,0,15,,56506,1,,,0,15,,56515,1,,,0,55,,56532,1,,,0,15,,56524,1,,,0,15,,56507,1,,,0,15,,56516,1,,,0,55,,56533,1,,,0,15,,56525,1,,,0,15,,56508,1,,,0,15,,56517,1,,,0,55,,56534,1,,,0,15,,56526,1,,,0,15,,56509,1,,,0,15,,56518,1,,,0,55,,56535,1,,,0,15,,56527,1,,,0,15,,56510,1,,,0,15,,56519,1,,,0,55,,56512,1,,,0,15,,56528,1,,,0,15,,56511,1,,,0,15,,56520,1,,,0,55,,56501,1,,,0,15,,56503,1,,,0,15,,56485,1,,,0,15,,56521,1,,,0,55,,56502,1,,,0,15,,56537,1,,,0,15,,56484,1,,,0,70,,56499,1,,,0,25,,56483,1,,,0,30,,56500,1,,,0,70,,56482,1,,,0,30,,56498,1,,,0,70,,56481,1,,,0,30,,56497,1,,,0,67,,56480,1,,,0
501029,'1911',625,,56555,1,,,0,30,,56566,1,,,0,70,,56554,1,,,0,30,,56565,1,,,0,70,,56553,1,,,0,30,,56568,1,,,0,70,,56556,1,,,0,75,,56564,1,,,0,15,,56584,1,,,0,15,,56545,1,,,0,15,,56588,1,,,0,55,,56557,1,,,0,15,,56590,1,,,0,15,,56546,1,,,0,15,,56577,1,,,0,55,,56558,1,,,0,15,,56580,1,,,0,15,,56540,1,,,0,15,,56583,1,,,0,55,,56563,1,,,0,15,,56586,1,,,0,15,,56541,1,,,0,15,,56591,1,,,0,55,,56562,1,,,0,15,,56576,1,,,0,15,,56543,1,,,0,15,,56579,1,,,0,55,,56560,1,,,0,15,,56582,1,,,0,15,,56539,1,,,0,15,,56587,1,,,0,55,,56559,1,,,0,15,,56589,1,,,0,15,,56544,1,,,0,15,,56575,1,,,0,55,,56561,1,,,0,15,,56578,1,,,0,15,,56542,1,,,0,15,,56581,1,,,0,55,,56571,1,,,0,30,,56552,1,,,0,70,,56574,1,,,0,15,,56585,1,,,0,10,,56551,1,,,0,30,,56570,1,,,0,70,,56550,1,,,0,30,,56572,1,,,0,70,,56549,1,,,0,30,,56573,1,,,0,70,,56548,1,,,0,30,,56569,1,,,0,66,,56547,1,,,0
501029,'1912',625,,56609,1,,,0,30,,56620,1,,,0,70,,56608,1,,,0,30,,56619,1,,,0,70,,56607,1,,,0,30,,56622,1,,,0,70,,56610,1,,,0,75,,56618,1,,,0,15,,56638,1,,,0,15,,56599,1,,,0,15,,56642,1,,,0,55,,56611,1,,,0,15,,56644,1,,,0,15,,56600,1,,,0,15,,56631,1,,,0,55,,56612,1,,,0,15,,56634,1,,,0,15,,56594,1,,,0,15,,56637,1,,,0,55,,56617,1,,,0,15,,56640,1,,,0,15,,56595,1,,,0,15,,56645,1,,,0,55,,56616,1,,,0,15,,56630,1,,,0,15,,56597,1,,,0,15,,56633,1,,,0,55,,56614,1,,,0,15,,56636,1,,,0,15,,56593,1,,,0,15,,56641,1,,,0,55,,56613,1,,,0,15,,56643,1,,,0,15,,56598,1,,,0,15,,56629,1,,,0,55,,56615,1,,,0,15,,56632,1,,,0,15,,56596,1,,,0,15,,56635,1,,,0,55,,56625,1,,,0,30,,56606,1,,,0,70,,56628,1,,,0,15,,56639,1,,,0,10,,56605,1,,,0,30,,56624,1,,,0,70,,56604,1,,,0,30,,56626,1,,,0,70,,56603,1,,,0,30,,56627,1,,,0,70,,56602,1,,,0,30,,56623,1,,,0,66,,56601,1,,,0
601019,'1907',636,8,57121,14,,,0,70,48,57139,14,,,0,30,8,57120,14,,,0,70,48,57138,14,,,0,30,8,57119,14,,,0,70,48,57137,14,,,0,30,8,57118,14,,,0,70,48,57136,14,,,0,30,8,57116,14,,,0,70,48,57135,14,,,0,30,8,57117,14,,,0,70,48,57134,14,,,0,30,7,57115,14,,,0,70,47,57133,14,,,0,30,7,57111,14,,,0,70,47,57132,14,,,0,30,7,57114,14,,,0,70,47,57131,14,,,0,30,7,57112,14,,,0,70,47,57130,14,,,0,30,7,57110,14,,,0,70,47,57129,14,,,0,30,7,57113,14,,,0,70,47,57128,14,,,0,30,7,57107,14,,,0,70,47,57127,14,,,0,30,8,57108,14,,,0,70,48,57126,14,,,0,30,8,57109,14,,,0,70,48,57125,14,,,0,30,8,57106,14,,,0,70,48,57124,14,,,0,30,8,57105,14,,,0,70,48,57123,14,,,0
601019,'1909',627,,57191,14,,,0,18,,57171,14,,,0,55,,57173,13,0,19 2 11 2 35,0,15,2,57166,13,0,19 2 11 2 35,0,15,5,57170,13,0,19 2 11 2 35,0,15,4,57180,13,0,19 2 11 2 35,0,55,41,57174,13,0,19 2 11 2 35,0,15,,57165,13,0,19 2 11 2 35,0,15,,57167,13,0,19 2 11 2 35,0,15,2,57179,13,0,19 2 11 2 35,0,63,,57153,14,4,,0,30,,57154,14,4,,0,70,,57155,14,4,,0,30,,57156,14,4,,0,70,,57157,14,4,,0,30,,57158,14,4,,0,70,,57159,14,4,,0,30,,57160,14,4,,0,70,,57161,14,4,,0,30,,57162,14,4,,0,70,,57163,14,4,,0,22,,57148,14,,,0,13,2,57187,13,0,19 2 11 2 35,0,15,2,57176,13,0,19 2 11 2 35,0,55,2,57183,13,0,19 2 11 2 35,0,15,2,57172,13,0,19 2 11 2 35,0,15,2,57184,13,0,19 2 11 2 35,0,15,2,57175,13,0,19 2 11 2 35,0,55,2,57181,13,0,19 2 11 2 35,0,15,2,57177,13,0,19 2 11 2 35,0,15,2,57182,13,0,19 2 11 2 35,0,15,2,57169,13,0,19 2 11 2 35,0,55,2,57185,13,0,19 2 11 2 35,0,15,2,57164,13,0,19 2 11 2 35,0,15,3,57188,13,0,19 2 11 2 35,0,15,4,57168,13,0,19 2 11 2 35,0,55,4,57186,13,0,19 2 11 2 35,0,17,4,57142,14,,,0,70,44,57143,14,,,0,12,,57151,14,,,0,18,4,57149,14,,,0,70,45,57146,14,,,0,30,5,57147,14,,,0,70,45,57141,14,,,0,30,5,57144,14,,,0,70,45,57140,14,,,0,30,5,57145,14,,,0,76,48,57150,14,,,0
601019,'1910',636,8,57208,14,,,0,70,48,57226,14,,,0,30,8,57207,14,,,0,70,48,57225,14,,,0,30,8,57206,14,,,0,70,48,57224,14,,,0,30,8,57205,14,,,0,70,48,57223,14,,,0,30,6,57203,14,,,0,70,6,57221,14,,,0,30,6,57204,14,,,0,70,6,57222,14,,,0,30,6,57202,14,,,0,70,6,57220,14,,,0,30,6,57193,14,,,0,70,6,57219,14,,,0,30,6,57201,14,,,0,70,6,57218,14,,,0,30,6,57199,14,,,0,70,6,57217,14,,,0,30,6,57194,14,,,0,70,6,57215,14,,,0,30,6,57196,14,,,0,70,6,57216,14,,,0,30,6,57200,14,,,0,70,6,57214,14,,,0,30,8,57195,14,,,0,70,48,57213,14,,,0,30,8,57198,14,,,0,70,48,57212,14,,,0,30,8,57197,14,,,0,70,48,57211,14,,,0,30,8,57192,14,,,0,70,48,57210,14,,,0
601019,'1911',636,8,57243,14,,,0,70,48,57261,14,,,0,30,8,57242,14,,,0,70,48,57260,14,,,0,30,8,57241,14,,,0,70,48,57259,14,,,0,30,8,57240,14,,,0,70,48,57258,14,,,0,30,8,57238,14,,,0,70,48,57257,14,,,0,30,8,57239,14,,,0,70,48,57256,14,,,0,30,7,57237,14,,,0,70,47,57255,14,,,0,30,7,57233,14,,,0,70,47,57254,14,,,0,30,7,57236,14,,,0,70,47,57253,14,,,0,30,7,57234,14,,,0,70,47,57252,14,,,0,30,7,57232,14,,,0,70,47,57251,14,,,0,30,7,57235,14,,,0,70,47,57250,14,,,0,30,7,57229,14,,,0,70,47,57249,14,,,0,30,8,57230,14,,,0,70,48,57248,14,,,0,30,8,57231,14,,,0,70,48,57247,14,,,0,30,8,57228,14,,,0,70,48,57246,14,,,0,30,8,57227,14,,,0,70,48,57245,14,,,0
601019,'1912',2206,48,57264,7,,,0,30,8,57263,7,,,0,70,48,57262,14,,,0
701019,'1909',1457,,57626,9,4,,0,146,,57625,9,4,,0
801019,'1907',757,,58439,10,,,0,70,,58435,10,,,0,30,,58443,10,,,0,70,,58432,10,,,0,30,,58427,10,,,0,70,,58437,10,,,0,30,,58450,10,,,0,70,,58441,10,,,0,30,,58438,10,,,0,70,,58447,10,,,0,30,,58433,10,,,0,70,,58444,10,,,0,30,,58446,10,,,0,70,,58442,10,,,0,30,,58429,10,,,0,70,,58448,10,,,0,30,,58434,10,,,0,70,,58430,10,,,0,30,,58445,10,,,0,70,,58428,10,,,0,30,,58431,10,,,0,70,,58449,10,,,0,30,,58426,10,,,0,71,,58436,10,,,0,30,,58451,10,,,0,70,,58440,10,,,0
801019,'1909',602,,58485,10,4,,0,30,,58480,10,4,,0,20,,58477,10,4,,0,65,,58474,10,4,,0,18,,58476,10,4,,0,18,,58473,10,,,0,60,,58475,10,4,,0,20,,58481,10,4,,0,25,,58452,10,,,0,69,,58453,10,,,0,30,,58454,10,,,0,70,,58455,10,,,0,30,,58456,10,,,0,70,,58457,10,,,0,30,,58458,10,,,0,69,,58459,10,,,0,31,,58460,10,,,0,70,,58461,10,,,0,30,,58462,10,,,0,70,,58463,10,,,0,31,,58478,10,,,0,70,,58482,10,4,,0,25,,58464,10,,,0,60,,58465,10,,,0,20,,58483,10,4,,0,20,,58466,10,,,0,60,,58467,10,,,0,22,,58484,10,4,,0,17,,58468,10,,,0,60,,58486,10,4,,0,15,,58479,10,4,,0,30,,58469,10,,,0,70,,58470,10,,,0,30,,58471,10,,,0,70,,58472,10,,,0
801019,'1910',758,,58489,10,,,0,70,,58490,10,,,0,30,,58491,10,,,0,70,,58488,10,,,0,30,,58487,10,,,0,70,,58506,10,,,0,30,,58507,10,,,0,70,,58510,10,,,0,30,,58496,10,,,0,70,,58505,10,,,0,30,,58503,10,,,0,70,,58509,10,,,0,30,,58498,10,,,0,70,,58511,10,,,0,30,,58501,10,,,0,70,,58502,10,,,0,30,,58497,10,,,0,70,,58512,10,,,0,30,,58495,10,,,0,70,,58504,10,,,0,30,,58500,10,,,0,70,,58508,10,,,0,30,,58499,10,,,0,70,,58492,10,,,0,30,,58493,10,,,0,70,,58494,10,,,0
801019,'1911',757,,58526,10,,,0,70,,58522,10,,,0,30,,58530,10,,,0,70,,58519,10,,,0,30,,58514,10,,,0,70,,58524,10,,,0,30,,58537,10,,,0,70,,58528,10,,,0,30,,58525,10,,,0,70,,58534,10,,,0,30,,58520,10,,,0,70,,58531,10,,,0,30,,58533,10,,,0,70,,58529,10,,,0,30,,58516,10,,,0,70,,58535,10,,,0,30,,58521,10,,,0,70,,58517,10,,,0,30,,58532,10,,,0,70,,58515,10,,,0,30,,58518,10,,,0,70,,58536,10,,,0,30,,58513,10,,,0,71,,58523,10,,,0,30,,58538,10,,,0,70,,58527,10,,,0
801019,'1912',757,,58552,10,,,0,70,,58548,10,,,0,30,,58556,10,,,0,70,,58545,10,,,0,30,,58540,10,,,0,70,,58550,10,,,0,30,,58563,10,,,0,70,,58554,10,,,0,30,,58551,10,,,0,70,,58560,10,,,0,30,,58546,10,,,0,70,,58557,10,,,0,30,,58559,10,,,0,70,,58555,10,,,0,30,,58542,10,,,0,70,,58561,10,,,0,30,,58547,10,,,0,70,,58543,10,,,0,30,,58558,10,,,0,70,,58541,10,,,0,30,,58544,10,,,0,70,,58562,10,,,0,30,,58539,10,,,0,71,,58549,10,,,0,30,,58564,10,,,0,70,,58553,10,,,0
14000001029,'1907',541,,58794,15,0,18 7,0,1811,,58788,15,,,0,69,,58792,15,,,0,30,,58793,15,,,0,70,,58790,15,,,0,30,,58791,15,,,0,70,,58789,15,,,0
14000001029,'1909',439,,58795,15,0,18 7,0,102,,58796,15,0,18 7,0,1811,,58798,15,,,0,69,,58799,15,,,0,30,,58802,15,,,0,70,,58797,15,,,0,30,,58800,15,,,0,70,,58801,15,,,0
14000001029,'1910',541,,58807,15,0,18 7,0,1811,,58809,15,,,0,69,,58804,15,,,0,30,,58803,15,,,0,70,,58805,15,,,0,30,,58808,15,,,0,70,,58806,15,,,0
14000001029,'1911',541,,58816,15,0,18 7,0,1811,,58810,15,,,0,69,,58814,15,,,0,30,,58815,15,,,0,70,,58812,15,,,0,30,,58813,15,,,0,70,,58811,15,,,0
14000001029,'1912',541,,58823,15,0,18 7,0,1811,,58817,15,,,0,69,,58821,15,,,0,30,,58822,15,,,0,70,,58819,15,,,0,30,,58820,15,,,0,70,,58818,15,,,0
