2029,'1907',628,,59290,30,,,0,30,,59298,30,,,0,68,,59309,30,,,0,30,,59304,30,,,0,70,,59291,30,,,0,30,,59299,30,,,0,72,,59310,30,,,0,30,,59305,30,,,0,55,,53432,15,0,12,0,15,,59292,30,,,0,30,,59300,30,,,0,70,,59311,30,,,0,30,,59306,30,,,0,70,,59293,30,,,0,30,,59301,30,,,0,70,,59312,30,,,0,30,,59307,30,,,0,70,,59294,30,,,0,30,,59302,30,,,0,70,,59313,30,,,0,30,,59308,30,,,0,70,,59295,30,,,0,30,,59303,30,,,0,70,,59314,30,,,0,100,,59296,30,,,0,96,,59315,30,,,0,100,,59297,30,,,0,101,,59316,30,,,0,100,,59289,30,,,0
2029,'1909',532,,59338,15,,,0,25,,59321,30,,,0,70,,59322,30,,,0,29,,59323,30,,,0,71,,59324,30,,,0,29,,59325,30,,,0,70,,59326,30,,,0,30,,59327,30,,,0,70,,59328,30,,,0,30,,59329,30,,,0,70,,59352,30,,,0,30,,59348,30,,,0,70,,59354,30,,,0,30,,59350,30,,,0,70,,59351,30,,,0,30,,59347,30,,,0,70,,59353,30,,,0,30,,59349,30,,,0,70,,59355,30,,,0,33,,59330,30,,,0,74,,59331,30,,,0,70,,59332,30,,,0,30,,59333,30,,,0,70,,59334,30,,,0,29,,59335,30,,,0,68,,59336,30,,,0,27,,59337,30,,,0,30,,59341,30,,,0,70,,59342,30,,,0,99,,59343,30,,,0,100,,59344,30,,,0,100,,59340,30,,,0
2029,'1910',558,,59387,30,0,5 2 15 16 17,0,70,,59370,30,,,0,30,,59377,30,,,0,68,,59356,30,,,0,30,,59362,30,,,0,70,,59371,30,,,0,30,,59378,30,,,0,72,,59357,30,,,0,30,,59363,30,,,0,70,,59372,30,,,0,30,,59379,30,,,0,70,,59358,30,,,0,30,,59364,30,,,0,70,,59373,30,,,0,30,,59380,30,,,0,70,,59359,30,,,0,30,,59365,30,,,0,70,,59374,30,,,0,30,,59381,30,,,0,70,,59360,30,,,0,30,,59366,30,,,0,70,,59375,30,,,0,30,,59382,30,,,0,70,,59361,30,,,0,30,,59367,30,,,0,70,,59376,30,,,0,30,,59383,30,,,0,68,,59368,30,,,0,100,,59384,30,,,0,100,,59369,30,,,0,100,,59385,30,,,0
2029,'1912',628,,59391,30,,,0,30,,59399,30,,,0,68,,59410,30,,,0,30,,59405,30,,,0,70,,59392,30,,,0,30,,59400,30,,,0,72,,59411,30,,,0,30,,59406,30,,,0,55,,53567,15,0,12,0,15,,59393,30,,,0,30,,59401,30,,,0,70,,59412,30,,,0,30,,59407,30,,,0,70,,59394,30,,,0,30,,59402,30,,,0,70,,59413,30,,,0,30,,59408,30,,,0,70,,59395,30,,,0,30,,59403,30,,,0,70,,59414,30,,,0,30,,59409,30,,,0,70,,59396,30,,,0,30,,59404,30,,,0,70,,59415,30,,,0,100,,59397,30,,,0,96,,59416,30,,,0,100,,59398,30,,,0,101,,59417,30,,,0,100,,59390,30,,,0
2029,'1924',628,,59423,30,,,0,30,,59431,30,,,0,68,,59442,30,,,0,30,,59437,30,,,0,70,,59424,30,,,0,30,,59432,30,,,0,72,,59443,30,,,0,30,,59438,30,,,0,55,,53534,15,0,12,0,15,,59425,30,,,0,30,,59433,30,,,0,70,,59444,30,,,0,30,,59439,30,,,0,70,,59426,30,,,0,30,,59434,30,,,0,70,,59445,30,,,0,30,,59440,30,,,0,70,,59427,30,,,0,30,,59435,30,,,0,70,,59446,30,,,0,30,,59441,30,,,0,70,,59428,30,,,0,30,,59436,30,,,0,70,,59447,30,,,0,100,,59429,30,,,0,96,,59448,30,,,0,100,,59430,30,,,0,101,,59449,30,,,0,100,,59422,30,,,0
2029,'1925',628,,59455,30,,,0,30,,59463,30,,,0,68,,59474,30,,,0,30,,59469,30,,,0,70,,59456,30,,,0,30,,59464,30,,,0,72,,59475,30,,,0,30,,59470,30,,,0,55,,59486,15,0,12,0,15,,59457,30,,,0,30,,59465,30,,,0,70,,59476,30,,,0,30,,59471,30,,,0,70,,59458,30,,,0,30,,59466,30,,,0,70,,59477,30,,,0,30,,59472,30,,,0,70,,59459,30,,,0,30,,59467,30,,,0,70,,59478,30,,,0,30,,59473,30,,,0,70,,59460,30,,,0,30,,59468,30,,,0,70,,59479,30,,,0,100,,59461,30,,,0,96,,59480,30,,,0,100,,59462,30,,,0,101,,59481,30,,,0,100,,59454,30,,,0
4029,'1907',739,,53738,17,,,0,70,,53740,17,,,0,30,,53736,17,,,0,70,,53739,17,,,0,32,,53737,17,,,0,70,,53729,17,,,0,29,,53732,17,,,0,70,,59535,17,,,0,30,,53722,17,,,0,70,,53725,17,,,0,30,,53728,17,,,0,70,,53730,17,,,0,30,,53718,17,,,0,70,,53721,17,,,0,30,,53724,17,,,0,70,,53727,17,,,0,30,,53731,17,,,0,70,,53719,17,,,0,30,,53720,17,,,0,70,,53723,17,,,0,30,,53726,17,,,0,70,,53744,17,,,0,30,,53743,17,,,0,71,,53745,17,,,0,30,,53742,17,,,0,70,,53735,17,,,0,30,,53741,17,,,0,70,,53733,17,,,0,100,,53734,17,,,0
4029,'1909',640,,59536,17,,,0,70,,59537,17,,,0,35,,53748,17,,,0,66,,59538,17,,,0,36,,53750,17,,,0,64,,53751,17,,,0,31,,59539,17,,,0,70,,59540,17,,,0,30,,59541,17,,,0,70,,53755,17,,,0,30,,53756,17,,,0,71,,53757,17,,,0,30,,53758,17,,,0,70,,53759,17,,,0,30,,53760,17,,,0,70,,59542,17,,,0,30,,53762,17,,,0,75,,59543,17,,,0,25,,53764,17,,,0,76,,53765,17,,,0,24,,53766,17,,,0,76,,53767,17,,,0,24,,53768,17,,,0,74,,53769,17,,,0,27,,53770,17,,,0,69,,59544,17,,,0,30,,59545,17,,,0,70,,59546,17,,,0,29,,53774,17,,,0,70,,59547,17,,,0,30,,53776,17,,,0,70,,53777,17,,,0
4029,'1910',641,,53802,17,,,0,68,,53803,17,,,0,30,,53804,17,,,0,70,,59572,17,,,0,30,,59573,17,,,0,72,,53807,17,,,0,30,,59574,17,,,0,72,,59565,17,,,0,29,,59559,17,,,0,70,,59552,17,,,0,30,,59563,17,,,0,70,,59569,17,,,0,30,,59564,17,,,0,70,,59551,17,,,0,30,,59556,17,,,0,70,,59567,17,,,0,30,,59550,17,,,0,70,,59566,17,,,0,30,,59561,17,,,0,70,,59553,17,,,0,30,,59548,17,,,0,70,,59568,17,,,0,30,,59571,17,,,0,70,,59562,17,,,0,30,,59557,17,,,0,69,,59575,17,,,0,31,,59554,17,,,0,70,,59549,17,,,0,29,,59555,17,,,0,70,,59560,17,,,0,30,,59570,17,,,0,70,,59558,17,,,0
4029,'1912',739,,53860,17,,,0,70,,53862,17,,,0,30,,53858,17,,,0,70,,53861,17,,,0,32,,53859,17,,,0,70,,53851,17,,,0,29,,53854,17,,,0,70,,59576,17,,,0,30,,53844,17,,,0,70,,53847,17,,,0,30,,53850,17,,,0,70,,53852,17,,,0,30,,53840,17,,,0,70,,53843,17,,,0,30,,53846,17,,,0,70,,53849,17,,,0,30,,53853,17,,,0,70,,53841,17,,,0,30,,53842,17,,,0,70,,53845,17,,,0,30,,53848,17,,,0,70,,53866,17,,,0,30,,53865,17,,,0,71,,53867,17,,,0,30,,53864,17,,,0,70,,53857,17,,,0,30,,53863,17,,,0,70,,53855,17,,,0,100,,53856,17,,,0
4029,'1924',739,,53831,17,,,0,70,,53833,17,,,0,30,,53829,17,,,0,70,,53832,17,,,0,32,,53830,17,,,0,70,,53822,17,,,0,29,,53825,17,,,0,70,,59577,17,,,0,30,,53815,17,,,0,70,,53818,17,,,0,30,,53821,17,,,0,70,,53823,17,,,0,30,,53811,17,,,0,70,,53814,17,,,0,30,,53817,17,,,0,70,,53820,17,,,0,30,,53824,17,,,0,70,,53812,17,,,0,30,,53813,17,,,0,70,,53816,17,,,0,30,,53819,17,,,0,70,,53837,17,,,0,30,,53836,17,,,0,71,,53838,17,,,0,30,,53835,17,,,0,70,,53828,17,,,0,30,,53834,17,,,0,70,,53826,17,,,0,100,,53827,17,,,0
4029,'1925',739,,59599,17,,,0,70,,59601,17,,,0,30,,59597,17,,,0,70,,59600,17,,,0,32,,59598,17,,,0,70,,59590,17,,,0,29,,59593,17,,,0,70,,59578,17,,,0,30,,59583,17,,,0,70,,59586,17,,,0,30,,59589,17,,,0,70,,59591,17,,,0,30,,59579,17,,,0,70,,59582,17,,,0,30,,59585,17,,,0,70,,59588,17,,,0,30,,59592,17,,,0,70,,59580,17,,,0,30,,59581,17,,,0,70,,59584,17,,,0,30,,59587,17,,,0,70,,59605,17,,,0,30,,59604,17,,,0,71,,59606,17,,,0,30,,59603,17,,,0,70,,59596,17,,,0,30,,59602,17,,,0,70,,59594,17,,,0,100,,59595,17,,,0
