4019,'1907',810,,53591,15,,,0,30,,53592,15,,,0,70,,53589,15,,,0,30,,53593,15,,,0,71,,53590,15,,,0,30,,53574,15,,,0,70,,53578,15,,,0,30,,53582,15,,,0,70,,53585,15,,,0,31,,53570,15,,,0,69,,53573,15,,,0,30,,53577,15,,,0,69,,53581,15,,,0,30,,53583,15,,,0,70,,59487,15,,,0,30,,53572,15,,,0,70,,53576,15,,,0,30,,53580,15,,,0,70,,53584,15,,,0,31,,53568,15,,,0,70,,53571,15,,,0,29,,53575,15,,,0,70,,53579,15,,,0,30,,53588,15,,,0,70,,53594,15,,,0,30,,53586,15,,,0,70,,53595,15,,,0,30,,53587,15,,,0
4019,'1909',640,,59491,15,,,0,71,,53628,15,,,0,30,,53603,15,,,0,67,,53604,15,,,0,36,,53605,15,,,0,64,,53606,15,,,0,36,,53607,15,,,0,67,,53608,15,,,0,29,,53609,15,,,0,70,,53610,15,,,0,31,,53611,15,,,0,72,,53612,15,,,0,30,,53613,15,,,0,70,,59492,15,,,0,30,,53615,15,,,0,71,,53616,15,,,0,30,,53617,15,,,0,76,,53618,15,,,0,30,,53619,15,,,0,71,,53620,15,,,0,24,,53621,15,,,0,73,,53622,15,,,0,22,,53623,15,,,0,76,,53624,15,,,0,20,,53625,15,,,0,75,,53626,15,,,0,29,,59493,15,,,0,70,,59488,15,,,0,30,,59489,15,,,0,69,,53598,15,,,0,30,,59490,15,,,0,70,,53600,15,,,0,30,,53601,15,,,0
4019,'1910',710,,59504,15,,,0,30,,59495,15,,,0,71,,53630,15,,,0,30,,59497,15,,,0,70,,59502,15,,,0,30,,53646,15,,,0,71,,53634,15,,,0,30,,53656,15,,,0,71,,53633,15,,,0,30,,53653,15,,,0,70,,53648,15,,,0,30,,53641,15,,,0,70,,53654,15,,,0,30,,53657,15,,,0,70,,53632,15,,,0,30,,53643,15,,,0,70,,53631,15,,,0,30,,53637,15,,,0,70,,53655,15,,,0,30,,53652,15,,,0,69,,53649,15,,,0,30,,53638,15,,,0,70,,53658,15,,,0,30,,59503,15,,,0,68,,53629,15,,,0,30,,53644,15,,,0,70,,59498,15,,,0,30,,59501,15,,,0,70,,59494,15,,,0,30,,59499,15,,,0,70,,59496,15,,,0,30,,59500,15,,,0
4019,'1912',810,,53712,15,,,0,30,,53713,15,,,0,70,,53710,15,,,0,30,,53714,15,,,0,71,,53711,15,,,0,30,,53695,15,,,0,70,,53699,15,,,0,30,,53703,15,,,0,70,,53706,15,,,0,31,,53691,15,,,0,69,,53694,15,,,0,30,,53698,15,,,0,69,,53702,15,,,0,30,,53704,15,,,0,70,,59505,15,,,0,30,,53693,15,,,0,70,,53697,15,,,0,30,,53701,15,,,0,70,,53705,15,,,0,31,,53689,15,,,0,70,,53692,15,,,0,29,,53696,15,,,0,70,,53700,15,,,0,30,,53709,15,,,0,70,,53715,15,,,0,30,,53707,15,,,0,70,,53716,15,,,0,30,,53708,15,,,0
4019,'1924',810,,53684,15,,,0,30,,53685,15,,,0,70,,53682,15,,,0,30,,53686,15,,,0,71,,53683,15,,,0,30,,53667,15,,,0,70,,53671,15,,,0,30,,53675,15,,,0,70,,53678,15,,,0,31,,53663,15,,,0,69,,53666,15,,,0,30,,53670,15,,,0,69,,53674,15,,,0,30,,53676,15,,,0,70,,59506,15,,,0,30,,53665,15,,,0,70,,53669,15,,,0,30,,53673,15,,,0,70,,53677,15,,,0,31,,53661,15,,,0,70,,53664,15,,,0,29,,53668,15,,,0,70,,53672,15,,,0,30,,53681,15,,,0,70,,53687,15,,,0,30,,53679,15,,,0,70,,53688,15,,,0,30,,53680,15,,,0
4019,'1925',810,,59530,15,,,0,30,,59531,15,,,0,70,,59528,15,,,0,30,,59532,15,,,0,71,,59529,15,,,0,30,,59513,15,,,0,70,,59517,15,,,0,30,,59521,15,,,0,70,,59524,15,,,0,31,,59509,15,,,0,69,,59512,15,,,0,30,,59516,15,,,0,69,,59520,15,,,0,30,,59522,15,,,0,70,,59508,15,,,0,30,,59511,15,,,0,70,,59515,15,,,0,30,,59519,15,,,0,70,,59523,15,,,0,31,,59507,15,,,0,70,,59510,15,,,0,29,,59514,15,,,0,70,,59518,15,,,0,30,,59527,15,,,0,70,,59533,15,,,0,30,,59525,15,,,0,70,,59534,15,,,0,30,,59526,15,,,0
7019,'1907',556,,54127,10,,,0,70,,59739,10,,,0,30,,59740,10,,,0,68,,54112,10,,,0,30,,59729,29,,,0,71,,54125,14,,,0,30,,59730,29,,,0,73,,54117,14,,,0,27,,59738,29,,,0,74,,54124,14,,,0,28,,59731,29,,,0,72,,54116,14,,,0,28,,59732,29,,,0,72,,54123,14,,,0,28,,59733,29,,,0,73,,54115,14,,,0,27,,59734,29,,,0,73,,54122,14,,,0,28,,59735,29,,,0,73,,54114,14,,,0,27,,59736,29,,,0,73,,54121,14,,,0,26,,59737,29,,,0,73,,54113,14,,,0,27,,59725,29,,,0,72,,54120,14,,,0,27,,59726,29,,,0,71,,54118,14,,,0,27,,59724,29,,,0,71,,54119,14,,,0,28,,59728,29,,,0,72,,54126,14,,,0,28,,59727,29,,,0,70,,54129,10,,,0,30,,54128,10,,,0
7019,'1909',518,,59755,10,,,0,36,,54158,29,,,0,72,,54130,10,,,0,31,,54157,29,,,0,72,,59751,29,,,0,72,,54156,29,,,0,32,,59750,29,,,0,67,,54154,29,,,0,31,,59749,29,,,0,70,,54152,29,,,0,30,,54153,29,,,0,70,,54151,29,,,0,30,,54149,29,,,0,70,,54163,29,,,0,30,,59754,29,,,0,70,,59753,29,,,0,30,,59752,29,,,0,70,,54141,29,,,0,32,,59748,29,,,0,74,,59743,29,,,0,11,,59756,14,,,0,22,,54139,29,,,0,13,,54165,10,,,0,53,,54147,29,,,0,30,,59747,29,,,0,70,,59746,29,,,0,26,,54138,29,,,0,68,,54137,29,,,0,30,,54136,29,,,0,70,,59745,29,,,0,29,,59744,29,,,0,27,,54135,29,,,0,70,,54142,29,,,0,30,,59742,29,,,0,68,,54131,10,,,0,29,,54132,29,,,0,70,,59757,14,,,0,29,,59741,29,,,0,100,,54168,29,,,0
7019,'1910',626,,54200,10,,,0,28,,59761,29,,,0,70,,59760,29,,,0,30,,54182,29,,,0,70,,54175,29,,,0,32,,54183,29,,,0,70,,54176,29,,,0,30,,59762,29,,,0,73,,54177,29,,,0,30,,54185,29,,,0,70,,54178,29,,,0,30,,54186,29,,,0,70,,54179,29,,,0,30,,59763,29,,,0,70,,54180,29,,,0,30,,59764,29,,,0,70,,54193,29,,,0,30,,54189,29,,,0,70,,54195,29,,,0,30,,54190,29,,,0,70,,54194,29,,,0,28,,54191,29,,,0,70,,54196,29,,,0,30,,54192,29,,,0,70,,54199,29,,,0,29,,54169,29,,,0,69,,54197,29,,,0,30,,59758,29,,,0,68,,54198,29,,,0,30,,54171,29,,,0,70,,54201,10,,,0,30,,54172,29,,,0,70,,54202,14,,,0,30,,59759,29,,,0
7019,'1912',556,,54270,10,,,0,70,,59780,10,,,0,30,,59781,10,,,0,68,,54255,10,,,0,30,,59770,29,,,0,71,,54268,14,,,0,30,,59771,29,,,0,73,,54260,14,,,0,27,,59779,29,,,0,74,,54267,14,,,0,28,,59772,29,,,0,72,,54259,14,,,0,28,,59773,29,,,0,72,,54266,14,,,0,28,,59774,29,,,0,73,,54258,14,,,0,27,,59775,29,,,0,73,,54265,14,,,0,28,,59776,29,,,0,73,,54257,14,,,0,27,,59777,29,,,0,73,,54264,14,,,0,26,,59778,29,,,0,73,,54256,14,,,0,27,,59766,29,,,0,72,,54263,14,,,0,27,,59767,29,,,0,71,,54261,14,,,0,27,,59765,29,,,0,71,,54262,14,,,0,28,,59769,29,,,0,72,,54269,14,,,0,28,,59768,29,,,0,70,,54272,10,,,0,30,,54271,10,,,0
7019,'1924',556,,54235,10,,,0,70,,59797,10,,,0,30,,59798,10,,,0,68,,54220,10,,,0,30,,59787,29,,,0,71,,54233,14,,,0,30,,59788,29,,,0,73,,54225,14,,,0,27,,59796,29,,,0,74,,54232,14,,,0,28,,59789,29,,,0,72,,54224,14,,,0,28,,59790,29,,,0,72,,54231,14,,,0,28,,59791,29,,,0,73,,54223,14,,,0,27,,59792,29,,,0,73,,54230,14,,,0,28,,59793,29,,,0,73,,54222,14,,,0,27,,59794,29,,,0,73,,54229,14,,,0,26,,59795,29,,,0,73,,54221,14,,,0,27,,59783,29,,,0,72,,54228,14,,,0,27,,59784,29,,,0,71,,54226,14,,,0,27,,59782,29,,,0,71,,54227,14,,,0,28,,59786,29,,,0,72,,54234,14,,,0,28,,59785,29,,,0,70,,54237,10,,,0,30,,54236,10,,,0
7019,'1925',556,,59831,10,,,0,70,,59814,10,,,0,30,,59815,10,,,0,68,,59816,10,,,0,30,,59804,29,,,0,71,,59829,14,,,0,30,,59805,29,,,0,73,,59821,14,,,0,27,,59813,29,,,0,74,,59828,14,,,0,28,,59806,29,,,0,72,,59820,14,,,0,28,,59807,29,,,0,72,,59827,14,,,0,28,,59808,29,,,0,73,,59819,14,,,0,27,,59809,29,,,0,73,,59826,14,,,0,28,,59810,29,,,0,73,,59818,14,,,0,27,,59811,29,,,0,73,,59825,14,,,0,26,,59812,29,,,0,73,,59817,14,,,0,27,,59800,29,,,0,72,,59824,14,,,0,27,,59801,29,,,0,71,,59822,14,,,0,27,,59799,29,,,0,71,,59823,14,,,0,28,,59803,29,,,0,72,,59830,14,,,0,28,,59802,29,,,0,70,,59833,10,,,0,30,,59832,10,,,0
502029,'1907',646,,56936,11,,,0,70,,56922,11,,,0,30,,56939,11,,,0,70,,56953,11,,,0,31,,56933,11,,,0,70,,56952,11,,,0,30,,56935,11,,,0,71,,56951,11,,,0,30,,56930,11,,,0,70,,56950,11,,,0,30,,56925,11,,,0,72,,56949,11,,,0,30,,61227,11,,,0,70,,56947,11,,,0,30,,56926,11,,,0,70,,56948,11,,,0,30,,56929,11,,,0,70,,56946,11,,,0,30,,56923,11,,,0,70,,56945,11,,,0,30,,56927,11,,,0,69,,56944,11,,,0,30,,56924,11,,,0,69,,56943,11,,,0,30,,56937,11,,,0,70,,56942,11,,,0,30,,56938,11,,,0,69,,56941,11,,,0,30,,56931,11,,,0,70,,56954,11,,,0,30,,56940,11,,,0,70,,56955,11,,,0,30,,56934,11,,,0,69,,56956,11,,,0,30,,56932,11,,,0
502029,'1909',616,,61228,11,,,0,30,,56958,11,,,0,65,,56998,11,,,0,11,,61229,11,,,0,27,,56960,11,,,0,64,,56961,11,,,0,12,,61230,11,,,0,24,,56963,11,,,0,64,,56964,11,,,0,12,,56965,11,,,0,24,,56966,11,,,0,72,,56967,11,,,0,30,,56968,11,,,0,70,,61231,11,,,0,30,,56970,11,,,0,70,,61232,11,,,0,30,,56972,11,,,0,70,,56973,11,,,0,30,,56974,11,,,0,70,,61233,11,,,0,37,,56976,11,,,0,70,,56977,11,,,0,30,,56978,11,,,0,68,,56979,11,,,0,24,,56980,11,,,0,52,,56981,11,,,0,22,,56982,11,,,0,4,,56999,11,,,0,16,,56983,11,,,0,12,,56984,11,,,0,64,,56985,11,,,0,22,,56986,11,,,0,12,,56987,11,,,0,65,,56988,11,,,0,30,,56989,11,,,0,69,,56990,11,,,0,30,,56991,11,,,0,70,,56992,11,,,0,30,,56993,11,,,0,70,,56994,11,,,0,30,,56995,11,,,0,69,,56996,11,,,0,30,,56997,11,,,0
502029,'1910',648,,57007,11,,,0,70,,57014,11,,,0,30,,61240,11,,,0,70,,57015,11,,,0,30,,61239,11,,,0,70,,61243,11,,,0,30,,61238,11,,,0,73,,61244,11,,,0,30,,61252,11,,,0,70,,61245,11,,,0,30,,61253,11,,,0,70,,61246,11,,,0,30,,61254,11,,,0,70,,61247,11,,,0,30,,61255,11,,,0,70,,61248,11,,,0,30,,61256,11,,,0,70,,61249,11,,,0,30,,61257,11,,,0,70,,61250,11,,,0,30,,61258,11,,,0,70,,61251,11,,,0,30,,61259,11,,,0,70,,61241,11,,,0,30,,61260,11,,,0,67,,57010,11,,,0,30,,61261,11,,,0,70,,57009,11,,,0,30,,61237,11,,,0,69,,57011,11,,,0,30,,61236,11,,,0,70,,57012,11,,,0,30,,61235,11,,,0,70,,61242,11,,,0,30,,61234,11,,,0
502029,'1912',646,,57084,11,,,0,70,,57070,11,,,0,30,,57087,11,,,0,70,,57101,11,,,0,31,,57081,11,,,0,70,,57100,11,,,0,30,,57083,11,,,0,71,,57099,11,,,0,30,,57078,11,,,0,70,,57098,11,,,0,30,,57073,11,,,0,72,,57097,11,,,0,30,,61262,11,,,0,70,,57095,11,,,0,30,,57074,11,,,0,70,,57096,11,,,0,30,,57077,11,,,0,70,,57094,11,,,0,30,,57071,11,,,0,70,,57093,11,,,0,30,,57075,11,,,0,69,,57092,11,,,0,30,,57072,11,,,0,69,,57091,11,,,0,30,,57085,11,,,0,70,,57090,11,,,0,30,,57086,11,,,0,69,,57089,11,,,0,30,,57079,11,,,0,70,,57102,11,,,0,30,,57088,11,,,0,70,,57103,11,,,0,30,,57082,11,,,0,69,,57104,11,,,0,30,,57080,11,,,0
502029,'1924',646,,57049,11,,,0,70,,57035,11,,,0,30,,57052,11,,,0,70,,57066,11,,,0,31,,57046,11,,,0,70,,57065,11,,,0,30,,57048,11,,,0,71,,57064,11,,,0,30,,57043,11,,,0,70,,57063,11,,,0,30,,57038,11,,,0,72,,57062,11,,,0,30,,61263,11,,,0,70,,57060,11,,,0,30,,57039,11,,,0,70,,57061,11,,,0,30,,57042,11,,,0,70,,57059,11,,,0,30,,57036,11,,,0,70,,57058,11,,,0,30,,57040,11,,,0,69,,57057,11,,,0,30,,57037,11,,,0,69,,57056,11,,,0,30,,57050,11,,,0,70,,57055,11,,,0,30,,57051,11,,,0,69,,57054,11,,,0,30,,57044,11,,,0,70,,57067,11,,,0,30,,57053,11,,,0,70,,57068,11,,,0,30,,57047,11,,,0,69,,57069,11,,,0,30,,57045,11,,,0
502029,'1925',646,,61278,11,,,0,70,,61264,11,,,0,30,,61281,11,,,0,70,,61295,11,,,0,31,,61275,11,,,0,70,,61294,11,,,0,30,,61277,11,,,0,71,,61293,11,,,0,30,,61272,11,,,0,70,,61292,11,,,0,30,,61267,11,,,0,72,,61291,11,,,0,30,,61270,11,,,0,70,,61289,11,,,0,30,,61268,11,,,0,70,,61290,11,,,0,30,,61271,11,,,0,70,,61288,11,,,0,30,,61265,11,,,0,70,,61287,11,,,0,30,,61269,11,,,0,69,,61286,11,,,0,30,,61266,11,,,0,69,,61285,11,,,0,30,,61279,11,,,0,70,,61284,11,,,0,30,,61280,11,,,0,69,,61283,11,,,0,30,,61273,11,,,0,70,,61296,11,,,0,30,,61282,11,,,0,70,,61297,11,,,0,30,,61276,11,,,0,69,,61298,11,,,0,30,,61274,11,,,0
14000001029,'1907',609,,61816,47,0,18 7,0,1811,,61810,47,,,0,29,,61814,47,,,0,70,,61815,47,,,0,30,,61812,47,,,0,70,,61813,47,,,0,30,,61811,47,,,0
14000001029,'1909',507,,61817,47,0,18 7,0,102,,61818,47,0,18 7,0,1811,,61820,47,,,0,29,,61821,47,,,0,70,,61824,47,,,0,30,,61819,47,,,0,70,,61822,47,,,0,30,,61823,47,,,0
14000001029,'1910',609,,61829,47,0,18 7,0,1811,,61831,47,,,0,29,,61826,47,,,0,70,,61825,47,,,0,30,,61827,47,,,0,70,,61830,47,,,0,30,,61828,47,,,0
14000001029,'1912',609,,61838,47,0,18 7,0,1811,,61832,47,,,0,29,,61836,47,,,0,70,,61837,47,,,0,30,,61834,47,,,0,70,,61835,47,,,0,30,,61833,47,,,0
14000001029,'1924',609,,61845,47,0,18 7,0,1811,,61839,47,,,0,29,,61843,47,,,0,70,,61844,47,,,0,30,,61841,47,,,0,70,,61842,47,,,0,30,,61840,47,,,0
14000001029,'1925',609,,61852,47,0,18 7,0,1811,,61846,47,,,0,29,,61850,47,,,0,70,,61851,47,,,0,30,,61848,47,,,0,70,,61849,47,,,0,30,,61847,47,,,0
