2029,'1907',624,,53401,25,,,0,30,,53409,25,,,0,68,,53420,25,,,0,30,,53415,25,,,0,70,,53402,25,,,0,30,,53410,25,,,0,71,,53421,25,,,0,30,,53416,25,,,0,55,,53432,10,0,12,0,15,,53403,25,,,0,30,,53411,25,,,0,70,,53422,25,,,0,30,,53417,25,,,0,70,,53404,25,,,0,30,,53412,25,,,0,70,,53423,25,,,0,30,,53418,25,,,0,70,,53405,25,,,0,30,,53413,25,,,0,70,,53424,25,,,0,30,,53419,25,,,0,70,,53406,25,,,0,30,,53414,25,,,0,70,,53425,25,,,0,100,,53407,25,,,0,97,,53426,25,,,0,100,,53408,25,,,0,101,,53427,25,,,0,100,,53400,25,,,0
2029,'1909',528,,53450,10,,,0,25,,53433,25,,,0,70,,53434,25,,,0,27,,53435,25,,,0,72,,53436,25,,,0,28,,53437,25,,,0,70,,53438,25,,,0,30,,53439,25,,,0,71,,53440,25,,,0,30,,53441,25,,,0,70,,53464,25,,,0,30,,53460,25,,,0,70,,53466,25,,,0,30,,53462,25,,,0,70,,53463,25,,,0,30,,53459,25,,,0,70,,53465,25,,,0,30,,53461,25,,,0,70,,53467,25,,,0,32,,53442,25,,,0,74,,53443,25,,,0,30,,53444,25,,,0,70,,53445,25,,,0,30,,53446,25,,,0,70,,53447,25,,,0,28,,53448,25,,,0,67,,53449,25,,,0,30,,53453,25,,,0,70,,53454,25,,,0,100,,53455,25,,,0,100,,53456,25,,,0,100,,53452,25,,,0
2029,'1910',554,,53499,25,0,5 2 15 16 17,0,70,,53482,25,,,0,30,,53489,25,,,0,68,,53468,25,,,0,30,,53474,25,,,0,70,,53483,25,,,0,30,,53490,25,,,0,71,,53469,25,,,0,30,,53475,25,,,0,70,,53484,25,,,0,30,,53491,25,,,0,70,,53470,25,,,0,30,,53476,25,,,0,70,,53485,25,,,0,30,,53492,25,,,0,70,,53471,25,,,0,30,,53477,25,,,0,70,,53486,25,,,0,30,,53493,25,,,0,70,,53472,25,,,0,30,,53478,25,,,0,70,,53487,25,,,0,30,,53494,25,,,0,70,,53473,25,,,0,30,,53479,25,,,0,70,,53488,25,,,0,30,,53495,25,,,0,69,,53480,25,,,0,100,,53496,25,,,0,100,,53481,25,,,0,100,,53497,25,,,0
2029,'1911',624,,53503,25,,,0,30,,53511,25,,,0,68,,53522,25,,,0,30,,53517,25,,,0,70,,53504,25,,,0,30,,53512,25,,,0,71,,53523,25,,,0,30,,53518,25,,,0,55,,53534,10,0,12,0,15,,53505,25,,,0,30,,53513,25,,,0,70,,53524,25,,,0,30,,53519,25,,,0,70,,53506,25,,,0,30,,53514,25,,,0,70,,53525,25,,,0,30,,53520,25,,,0,70,,53507,25,,,0,30,,53515,25,,,0,70,,53526,25,,,0,30,,53521,25,,,0,70,,53508,25,,,0,30,,53516,25,,,0,70,,53527,25,,,0,100,,53509,25,,,0,97,,53528,25,,,0,100,,53510,25,,,0,101,,53529,25,,,0,100,,53502,25,,,0
2029,'1912',624,,53536,25,,,0,30,,53544,25,,,0,68,,53555,25,,,0,30,,53550,25,,,0,70,,53537,25,,,0,30,,53545,25,,,0,71,,53556,25,,,0,30,,53551,25,,,0,55,,53567,10,0,12,0,15,,53538,25,,,0,30,,53546,25,,,0,70,,53557,25,,,0,30,,53552,25,,,0,70,,53539,25,,,0,30,,53547,25,,,0,70,,53558,25,,,0,30,,53553,25,,,0,70,,53540,25,,,0,30,,53548,25,,,0,70,,53559,25,,,0,30,,53554,25,,,0,70,,53541,25,,,0,30,,53549,25,,,0,70,,53560,25,,,0,100,,53542,25,,,0,97,,53561,25,,,0,100,,53543,25,,,0,101,,53562,25,,,0,100,,53535,25,,,0
14000001029,'1907',536,,58794,10,0,18 7,0,1811,,58788,10,,,0,69,,58792,10,,,0,30,,58793,10,,,0,70,,58790,10,,,0,30,,58791,10,,,0,70,,58789,10,,,0
14000001029,'1909',434,,58795,10,0,18 7,0,102,,58796,10,0,18 7,0,1811,,58798,10,,,0,69,,58799,10,,,0,30,,58802,10,,,0,70,,58797,10,,,0,30,,58800,10,,,0,70,,58801,10,,,0
14000001029,'1910',536,,58807,10,0,18 7,0,1811,,58809,10,,,0,69,,58804,10,,,0,30,,58803,10,,,0,70,,58805,10,,,0,30,,58808,10,,,0,70,,58806,10,,,0
14000001029,'1911',536,,58816,10,0,18 7,0,1811,,58810,10,,,0,69,,58814,10,,,0,30,,58815,10,,,0,70,,58812,10,,,0,30,,58813,10,,,0,70,,58811,10,,,0
14000001029,'1912',536,,58823,10,0,18 7,0,1811,,58817,10,,,0,69,,58821,10,,,0,30,,58822,10,,,0,70,,58819,10,,,0,30,,58820,10,,,0,70,,58818,10,,,0
