2029,'1907',647,,53401,52,,,0,69,,53409,52,,,0,31,,53420,52,,,0,70,,53415,52,,,0,30,,53402,52,,,0,70,,53410,52,,,0,30,,53421,52,,,0,70,,53416,52,,,0,30,,53403,52,,,0,70,,53411,52,,,0,30,,53422,52,,,0,70,,53417,52,,,0,30,,53404,52,,,0,70,,53412,52,,,0,30,,53423,52,,,0,70,,53418,52,,,0,30,,53405,52,,,0,70,,53413,52,,,0,30,,53424,52,,,0,70,,53419,52,,,0,30,,53406,52,,,0,70,,53414,52,,,0,30,,53425,52,,,0,100,,53407,52,,,0,99,,53426,52,,,0,100,,53408,52,,,0,101,,53427,52,,,0,100,,53400,52,,,0
2029,'1909',549,,53450,37,,,0,67,,53433,52,,,0,30,,53434,52,,,0,72,,53435,52,,,0,30,,53436,52,,,0,70,,53437,52,,,0,30,,53438,52,,,0,71,,53439,52,,,0,30,,53440,52,,,0,70,,53441,52,,,0,30,,53464,52,,,0,70,,53460,52,,,0,30,,53466,52,,,0,70,,53462,52,,,0,30,,53463,52,,,0,70,,53459,52,,,0,30,,53465,52,,,0,70,,53461,52,,,0,32,,53467,52,,,0,71,,53442,52,,,0,34,,53443,52,,,0,70,,53444,52,,,0,30,,53445,52,,,0,70,,53446,52,,,0,27,,53447,52,,,0,66,,53448,52,,,0,29,,53449,52,,,0,70,,53453,52,,,0,30,,53454,52,,,0,99,,53455,52,,,0,100,,53456,52,,,0,100,,53452,52,,,0
2029,'1910',647,,53482,52,,,0,69,,53489,52,,,0,31,,53468,52,,,0,70,,53474,52,,,0,30,,53483,52,,,0,70,,53490,52,,,0,30,,53469,52,,,0,70,,53475,52,,,0,30,,53484,52,,,0,70,,53491,52,,,0,30,,53470,52,,,0,70,,53476,52,,,0,30,,53485,52,,,0,70,,53492,52,,,0,30,,53471,52,,,0,70,,53477,52,,,0,30,,53486,52,,,0,70,,53493,52,,,0,30,,53472,52,,,0,70,,53478,52,,,0,30,,53487,52,,,0,70,,53494,52,,,0,30,,53473,52,,,0,70,,53479,52,,,0,30,,53488,52,,,0,70,,53495,52,,,0,30,,53480,52,,,0,100,,53496,52,,,0,100,,53481,52,,,0,99,,53497,52,,,0
2029,'1911',647,,53503,52,,,0,69,,53511,52,,,0,31,,53522,52,,,0,70,,53517,52,,,0,30,,53504,52,,,0,70,,53512,52,,,0,30,,53523,52,,,0,70,,53518,52,,,0,30,,53505,52,,,0,70,,53513,52,,,0,30,,53524,52,,,0,70,,53519,52,,,0,30,,53506,52,,,0,70,,53514,52,,,0,30,,53525,52,,,0,70,,53520,52,,,0,30,,53507,52,,,0,70,,53515,52,,,0,30,,53526,52,,,0,70,,53521,52,,,0,30,,53508,52,,,0,70,,53516,52,,,0,30,,53527,52,,,0,100,,53509,52,,,0,99,,53528,52,,,0,100,,53510,52,,,0,101,,53529,52,,,0,100,,53502,52,,,0
2029,'1912',647,,53536,52,,,0,69,,53544,52,,,0,31,,53555,52,,,0,70,,53550,52,,,0,30,,53537,52,,,0,70,,53545,52,,,0,30,,53556,52,,,0,70,,53551,52,,,0,30,,53538,52,,,0,70,,53546,52,,,0,30,,53557,52,,,0,70,,53552,52,,,0,30,,53539,52,,,0,70,,53547,52,,,0,30,,53558,52,,,0,70,,53553,52,,,0,30,,53540,52,,,0,70,,53548,52,,,0,30,,53559,52,,,0,70,,53554,52,,,0,30,,53541,52,,,0,70,,53549,52,,,0,30,,53560,52,,,0,100,,53542,52,,,0,99,,53561,52,,,0,100,,53543,52,,,0,101,,53562,52,,,0,100,,53535,52,,,0
31019,'1907',631,,55842,3,,,0,100,,55843,3,,,0,100,,55844,3,,,0,100,,55845,3,,,0,100,,55846,3,,,0,100,,55847,3,,,0,100,,55848,3,,,0,100,,55849,3,,,0,100,,55850,3,,,0,100,,55851,3,,,0,100,,55852,3,,,0,100,,55853,3,,,0,100,,55854,3,,,0,100,,55855,3,,,0,100,,55856,3,,,0,100,,55857,3,,,0,100,,55858,3,,,0,95,,55860,3,0,5 2 8 7,0
31019,'1909',631,,55861,3,,,0,70,,55876,3,,,0,31,,55889,3,,,0,70,,55872,3,,,0,30,,55869,3,,,0,69,,55883,3,,,0,30,,55864,3,,,0,70,,55877,3,,,0,30,,55888,3,,,0,70,,55875,3,,,0,30,,55870,3,,,0,70,,55882,3,,,0,30,,55863,3,,,0,70,,55878,3,,,0,30,,55887,3,,,0,70,,55873,3,,,0,30,,55867,3,,,0,71,,55881,3,,,0,30,,55865,3,,,0,70,,55879,3,,,0,30,,55886,3,,,0,69,,55874,3,,,0,30,,55868,3,,,0,70,,55880,3,,,0,30,,55862,3,,,0,70,,55897,3,,,0,30,,55885,3,,,0,70,,55892,3,0,5 2 8 7,0,30,,55871,3,,,0,70,,55893,3,0,5 2 8 7,0,30,,55866,3,,,0,70,,55895,3,0,5 2 8 7,0,30,,55884,3,,,0,70,,55894,3,0,5 2 8 7,0,25,,55890,3,0,5 2 8 7,0
31019,'1910',631,,55903,3,,,0,70,,55919,3,,,0,30,,55932,3,,,0,70,,55915,3,,,0,30,,55909,3,,,0,70,,55925,3,,,0,30,,55902,3,,,0,70,,55918,3,,,0,30,,55927,3,,,0,70,,55914,3,,,0,30,,55908,3,,,0,70,,55924,3,,,0,30,,55901,3,,,0,70,,55917,3,,,0,30,,55930,3,,,0,70,,55913,3,,,0,30,,55907,3,,,0,70,,55923,3,,,0,30,,55900,3,,,0,70,,55916,3,,,0,30,,55929,3,,,0,70,,55912,3,,,0,30,,55906,3,,,0,70,,55922,3,,,0,30,,55899,3,,,0,70,,55934,3,,,0,30,,55928,3,,,0,70,,55911,3,0,5 2 8 7,0,30,,55905,3,,,0,70,,55921,3,0,5 2 8 7,0,30,,55898,3,,,0,70,,55910,3,0,5 2 8 7,0,30,,55931,3,,,0,70,,55920,3,0,5 2 8 7,0,30,,55904,3,0,5 2 8 7,0
31019,'1911',631,,55935,3,,,0,100,,55936,3,,,0,100,,55937,3,,,0,100,,55938,3,,,0,100,,55939,3,,,0,100,,55940,3,,,0,100,,55941,3,,,0,100,,55942,3,,,0,100,,55943,3,,,0,100,,55944,3,,,0,100,,55945,3,,,0,100,,55946,3,,,0,100,,55947,3,,,0,100,,55948,3,,,0,100,,55949,3,,,0,100,,55950,3,,,0,100,,55951,3,,,0,95,,55953,3,0,5 2 8 7,0
31019,'1912',631,,55954,3,,,0,100,,55955,3,,,0,100,,55956,3,,,0,100,,55957,3,,,0,100,,55958,3,,,0,100,,55959,3,,,0,100,,55960,3,,,0,100,,55961,3,,,0,100,,55962,3,,,0,100,,55963,3,,,0,100,,55964,3,,,0,100,,55965,3,,,0,100,,55966,3,,,0,100,,55967,3,,,0,100,,55968,3,,,0,100,,55969,3,,,0,100,,55970,3,,,0,95,,55972,3,0,5 2 8 7,0
14000001029,'1907',556,,58794,36,0,18 7,0,1851,,58788,36,,,0,29,,58792,36,,,0,70,,58793,36,,,0,30,,58790,36,,,0,70,,58791,36,,,0,30,,58789,36,,,0
14000001029,'1909',454,,58795,36,0,18 7,0,102,,58796,36,0,18 7,0,1851,,58798,36,,,0,29,,58799,36,,,0,70,,58802,36,,,0,30,,58797,36,,,0,70,,58800,36,,,0,30,,58801,36,,,0
14000001029,'1910',556,,58807,36,0,18 7,0,1851,,58809,36,,,0,29,,58804,36,,,0,70,,58803,36,,,0,30,,58805,36,,,0,70,,58808,36,,,0,30,,58806,36,,,0
14000001029,'1911',556,,58816,36,0,18 7,0,1851,,58810,36,,,0,29,,58814,36,,,0,70,,58815,36,,,0,30,,58812,36,,,0,70,,58813,36,,,0,30,,58811,36,,,0
14000001029,'1912',556,,58823,36,0,18 7,0,1851,,58817,36,,,0,29,,58821,36,,,0,70,,58822,36,,,0,30,,58819,36,,,0,70,,58820,36,,,0,30,,58818,36,,,0
