701019,'1907',637,,57470,19,4,,0,68,,57511,19,4,,0,30,,61384,19,4,,0,70,,57469,19,4,,0,15,,57446,19,4,,0,15,,57514,19,4,,0,15,,57428,19,4,,0,56,,61382,19,4,,0,17,,57430,19,4,,0,15,,57466,19,4,,0,15,,57447,19,4,,0,55,,57509,19,4,,0,15,,57422,19,4,,0,15,,61383,19,4,,0,15,,57431,19,4,,0,55,,57465,19,4,,0,16,,57426,19,4,,0,17,,57505,19,4,,0,15,,57434,19,4,,0,55,,57488,19,4,,0,15,,57429,19,4,,0,15,,57462,19,4,,0,15,,57441,19,4,,0,55,,57506,19,4,,0,15,,57432,19,4,,0,15,,57484,19,4,,0,15,,57437,19,4,,0,55,,57460,19,4,,0,15,,57440,19,4,,0,15,,57515,19,4,,0,15,,57427,19,4,,0,55,,57485,19,4,,0,15,,57439,19,4,,0,15,,57458,19,4,,0,15,,57443,19,4,,0,55,,57510,19,4,,0,15,,57424,19,4,,0,15,,57491,19,4,,0,15,,57425,19,4,,0,55,,57456,19,4,,0,15,,57442,19,4,,0,15,,57502,19,4,,0,15,,57423,19,4,,0,55,,57481,19,4,,0,14,,57438,19,4,,0,14,,57455,19,4,,0,15,,57444,19,4,,0,55,,57501,19,4,,0,15,,57435,19,4,,0,15,,57482,19,4,,0,15,,57436,19,4,,0,54,,57453,19,4,,0,14,,57445,19,4,,0,15,,57516,19,4,,0,15,,57433,19,4,,0,55,,57480,19,4,,0,30,,57450,19,4,,0,70,,57512,19,4,,0,30,,57475,19,4,,0,69,,57448,19,4,,0,30,,57517,19,4,,0,65,,57518,19,4,,0,25,,57520,19,4,,0
701019,'1909',618,,57521,19,4,,0,30,,57522,19,4,,0,59,,57523,19,4,,0,18,,57524,19,4,,0,15,,57525,19,4,,0,15,,57526,19,4,,0,55,,57527,19,4,,0,15,,57528,19,4,,0,15,,57529,19,4,,0,15,,61386,19,4,,0,56,,57531,19,4,,0,17,,57532,19,4,,0,15,,57533,19,4,,0,15,,57534,19,4,,0,55,,61411,19,4,,0,15,,61387,19,4,,0,15,,61388,19,4,,0,15,,57537,19,4,,0,55,,57538,19,4,,0,15,,57539,19,4,,0,15,,57540,19,4,,0,15,,61389,19,4,,0,55,,61390,19,4,,0,15,,61391,19,4,,0,15,,57544,19,4,,0,15,,57545,19,4,,0,55,,57546,19,4,,0,15,,57547,19,4,,0,15,,61392,19,4,,0,15,,61393,19,4,,0,55,,61394,19,4,,0,15,,57551,19,4,,0,18,,57552,19,4,,0,58,,57553,19,4,,0,15,,57554,19,4,,0,15,,57620,19,4,,0,15,,61395,19,4,,0,55,,57556,19,4,,0,15,,61396,19,4,,0,15,,57558,19,4,,0,15,,61409,19,4,,0,55,,57559,19,4,,0,15,,57560,19,4,,0,14,,57561,19,4,,0,11,,57562,19,4,,0,12,,57563,19,4,,0,55,,57564,19,4,,0,15,,61397,19,4,,0,15,,57566,19,4,,0,15,,61398,19,4,,0,55,,57568,19,4,,0,15,,57569,19,4,,0,15,,57570,19,4,,0,15,,61399,19,4,,0,53,,57572,19,4,,0,13,,61400,19,4,,0,15,,57574,19,4,,0,15,,57575,19,4,,0,55,,57576,19,4,,0,30,,57577,19,4,,0,70,,57578,19,4,,0,30,,57579,19,4,,0,70,,57580,19,4,,0,30,,57581,19,4,,0,65,,61401,19,4,,0,25,,57583,19,4,,0
701019,'1910',637,,57662,19,4,,0,68,,57647,19,4,,0,30,,57637,19,4,,0,70,,57643,19,4,,0,15,,61414,19,4,,0,16,,57650,19,4,,0,17,,57666,19,4,,0,55,,57633,19,4,,0,15,,57667,19,4,,0,15,,57638,19,4,,0,15,,57672,19,4,,0,56,,57644,19,4,,0,19,,57688,19,4,,0,15,,57708,19,4,,0,15,,57724,19,4,,0,57,,57712,19,4,,0,15,,57679,19,4,,0,15,,57719,19,4,,0,55,,57701,19,4,,0,15,,57726,19,4,,0,15,,57717,19,4,,0,15,,57674,19,4,,0,55,,57722,19,4,,0,15,,57707,19,4,,0,15,,57678,19,4,,0,15,,57716,19,4,,0,55,,57700,19,4,,0,15,,57681,19,4,,0,15,,61418,19,4,,0,15,,57706,19,4,,0,55,,57723,19,4,,0,15,,57715,19,4,,0,15,,57677,19,4,,0,15,,57720,19,4,,0,55,,57705,19,4,,0,15,,57697,19,4,,0,15,,57718,19,4,,0,15,,61420,19,4,,0,55,,57728,19,4,,0,13,,57676,19,4,,0,15,,57696,19,4,,0,15,,57703,19,4,,0,15,,57694,19,4,,0,55,,57689,19,4,,0,15,,57692,19,4,,0,15,,61416,19,4,,0,15,,57687,19,4,,0,53,,57680,19,4,,0,12,,57663,19,4,,0,15,,57693,19,4,,0,15,,57668,19,4,,0,55,,57645,19,4,,0,15,,57669,19,4,,0,15,,57651,19,4,,0,15,,61415,19,4,,0,55,,57634,19,4,,0,28,,57639,19,4,,0,70,,57646,19,4,,0,30,,57652,19,4,,0,70,,57659,19,4,,0,30,,57661,19,4,,0,65,,57671,19,4,,0,25,,57664,19,4,,0
701019,'1912',637,,57877,19,4,,0,68,,57918,19,4,,0,30,,61425,19,4,,0,70,,57876,19,4,,0,15,,57853,19,4,,0,15,,57921,19,4,,0,15,,57835,19,4,,0,56,,61423,19,4,,0,17,,57837,19,4,,0,15,,57873,19,4,,0,15,,57854,19,4,,0,55,,57916,19,4,,0,15,,57829,19,4,,0,15,,61424,19,4,,0,15,,57838,19,4,,0,55,,57872,19,4,,0,16,,57833,19,4,,0,17,,57912,19,4,,0,15,,57841,19,4,,0,55,,57895,19,4,,0,15,,57836,19,4,,0,15,,57869,19,4,,0,15,,57848,19,4,,0,55,,57913,19,4,,0,15,,57839,19,4,,0,15,,57891,19,4,,0,15,,57844,19,4,,0,55,,57867,19,4,,0,15,,57847,19,4,,0,15,,57922,19,4,,0,15,,57834,19,4,,0,55,,57892,19,4,,0,15,,57846,19,4,,0,15,,57865,19,4,,0,15,,57850,19,4,,0,55,,57917,19,4,,0,15,,57831,19,4,,0,15,,57898,19,4,,0,15,,57832,19,4,,0,55,,57863,19,4,,0,15,,57849,19,4,,0,15,,57909,19,4,,0,15,,57830,19,4,,0,55,,57888,19,4,,0,14,,57845,19,4,,0,14,,57862,19,4,,0,15,,57851,19,4,,0,55,,57908,19,4,,0,15,,57842,19,4,,0,15,,57889,19,4,,0,15,,57843,19,4,,0,54,,57860,19,4,,0,14,,57852,19,4,,0,15,,57923,19,4,,0,15,,57840,19,4,,0,55,,57887,19,4,,0,30,,57857,19,4,,0,70,,57919,19,4,,0,30,,57882,19,4,,0,69,,57855,19,4,,0,30,,57924,19,4,,0,65,,57925,19,4,,0,25,,57927,19,4,,0
701019,'1924',637,,57778,19,4,,0,68,,57819,19,4,,0,30,,61431,19,4,,0,70,,57777,19,4,,0,15,,57754,19,4,,0,15,,57822,19,4,,0,15,,57736,19,4,,0,56,,61429,19,4,,0,17,,57738,19,4,,0,15,,57774,19,4,,0,15,,57755,19,4,,0,55,,57817,19,4,,0,15,,57730,19,4,,0,15,,61430,19,4,,0,15,,57739,19,4,,0,55,,57773,19,4,,0,16,,57734,19,4,,0,17,,57813,19,4,,0,15,,57742,19,4,,0,55,,57796,19,4,,0,15,,57737,19,4,,0,15,,57770,19,4,,0,15,,57749,19,4,,0,55,,57814,19,4,,0,15,,57740,19,4,,0,15,,57792,19,4,,0,15,,57745,19,4,,0,55,,57768,19,4,,0,15,,57748,19,4,,0,15,,57823,19,4,,0,15,,57735,19,4,,0,55,,57793,19,4,,0,15,,57747,19,4,,0,15,,57766,19,4,,0,15,,57751,19,4,,0,55,,57818,19,4,,0,15,,57732,19,4,,0,15,,57799,19,4,,0,15,,57733,19,4,,0,55,,57764,19,4,,0,15,,57750,19,4,,0,15,,57810,19,4,,0,15,,57731,19,4,,0,55,,57789,19,4,,0,14,,57746,19,4,,0,14,,57763,19,4,,0,15,,57752,19,4,,0,55,,57809,19,4,,0,15,,57743,19,4,,0,15,,57790,19,4,,0,15,,57744,19,4,,0,54,,57761,19,4,,0,14,,57753,19,4,,0,15,,57824,19,4,,0,15,,57741,19,4,,0,55,,57788,19,4,,0,30,,57758,19,4,,0,70,,57820,19,4,,0,30,,57783,19,4,,0,69,,57756,19,4,,0,30,,57825,19,4,,0,65,,57826,19,4,,0,25,,57828,19,4,,0
701019,'1925',637,,61481,19,4,,0,68,,61522,19,4,,0,30,,61503,19,4,,0,70,,61480,19,4,,0,15,,61457,19,4,,0,15,,61525,19,4,,0,15,,61439,19,4,,0,56,,61490,19,4,,0,17,,61441,19,4,,0,15,,61477,19,4,,0,15,,61458,19,4,,0,55,,61520,19,4,,0,15,,61433,19,4,,0,15,,61501,19,4,,0,15,,61442,19,4,,0,55,,61476,19,4,,0,16,,61437,19,4,,0,17,,61516,19,4,,0,15,,61445,19,4,,0,55,,61499,19,4,,0,15,,61440,19,4,,0,15,,61473,19,4,,0,15,,61452,19,4,,0,55,,61517,19,4,,0,15,,61443,19,4,,0,15,,61495,19,4,,0,15,,61448,19,4,,0,55,,61471,19,4,,0,15,,61451,19,4,,0,15,,61526,19,4,,0,15,,61438,19,4,,0,55,,61496,19,4,,0,15,,61450,19,4,,0,15,,61469,19,4,,0,15,,61454,19,4,,0,55,,61521,19,4,,0,15,,61435,19,4,,0,15,,61502,19,4,,0,15,,61436,19,4,,0,55,,61467,19,4,,0,15,,61453,19,4,,0,15,,61513,19,4,,0,15,,61434,19,4,,0,55,,61492,19,4,,0,14,,61449,19,4,,0,14,,61466,19,4,,0,15,,61455,19,4,,0,55,,61512,19,4,,0,15,,61446,19,4,,0,15,,61493,19,4,,0,15,,61447,19,4,,0,54,,61464,19,4,,0,14,,61456,19,4,,0,15,,61527,19,4,,0,15,,61444,19,4,,0,55,,61491,19,4,,0,30,,61461,19,4,,0,70,,61523,19,4,,0,30,,61486,19,4,,0,69,,61459,19,4,,0,30,,61528,19,4,,0,65,,61529,19,4,,0,25,,61531,19,4,,0
702029,'1907',622,,61589,1,0,9 10,0,23,,58119,1,0,9 10,0,70,,58133,1,0,9 10,0,30,,61588,1,0,9 10,0,55,,58150,1,0,5 2 11 2 12,0,15,,58118,1,0,9 10,0,15,,58162,1,0,5 2 11 2 12,0,15,,58132,1,0,9 10,0,55,,58143,1,0,5 2 11 2 12,0,15,,61587,1,0,9 10,0,15,,58148,1,0,5 2 11 2 12,0,15,,58117,1,0,9 10,0,55,,58157,1,0,5 2 11 2 12,0,15,,58138,1,0,9 10,0,15,,58158,1,0,5 2 11 2 12,0,15,,58123,1,0,9 10,0,55,,58149,1,0,5 2 11 2 12,0,15,,58116,1,0,9 10,0,15,,58168,1,0,5 2 11 2 12,0,15,,58141,1,0,9 10,0,55,,58146,1,0,5 2 11 2 12,0,15,,58127,1,0,9 10,0,15,,58160,1,0,5 2 11 2 12,0,15,,58115,1,0,9 10,0,55,,58169,1,0,5 2 11 2 12,0,15,,58134,1,0,9 10,0,15,,58152,1,0,5 2 11 2 12,0,15,,58126,1,0,9 10,0,55,,58155,1,0,5 2 11 2 12,0,15,,58114,1,0,9 10,0,15,,58167,1,0,5 2 11 2 12,0,15,,58135,1,0,9 10,0,55,,58147,1,0,5 2 11 2 12,0,15,,58122,1,0,9 10,0,15,,58156,1,0,5 2 11 2 12,0,15,,58113,1,0,9 10,0,55,,58165,1,0,5 2 11 2 12,0,15,,58142,1,0,9 10,0,15,,58145,1,0,5 2 11 2 12,0,15,,58121,1,0,9 10,0,55,,58161,1,0,5 2 11 2 12,0,15,,58112,1,0,9 10,0,15,,58163,1,0,5 2 11 2 12,0,15,,58137,1,0,9 10,0,55,,58153,1,0,5 2 11 2 12,0,15,,58130,1,0,9 10,0,15,,58159,1,0,5 2 11 2 12,0,15,,58111,1,0,9 10,0,55,,58164,1,0,5 2 11 2 12,0,15,,58139,1,0,9 10,0,15,,58151,1,0,5 2 11 2 12,0,15,,58125,1,0,9 10,0,55,,58154,1,0,5 2 11 2 12,0,15,,58110,1,0,9 10,0,15,,58166,1,0,5 2 11 2 12,0,15,,58136,1,0,9 10,0,55,,58144,1,0,5 2 11 2 12,0,15,,58128,1,0,9 10,0,30,,58109,1,0,9 10,0,70,,58140,1,0,9 10,0,30,,58124,1,0,9 10,0,65,,58170,1,0,9 10,0,30,,58171,1,0,5 2 11 2 12,0
702029,'1909',605,,58172,1,0,9 10,0,20,,58173,1,0,9 10,0,30,,58229,1,0,9 10,0,55,,58174,1,0,9 10,0,15,,61590,1,0,9 10,0,20,,58176,1,0,9 10,0,55,,58177,1,0,9 10,0,15,,58227,1,0,9 10,0,15,,58205,1,0,5 2 11 2 12,0,15,,58228,1,0,9 10,0,60,,61591,1,0,9 10,0,15,,58207,1,0,5 2 11 2 12,0,15,,58179,1,0,9 10,0,15,,58208,1,0,5 2 11 2 12,0,55,,58236,1,0,9 10,0,15,,61599,1,0,5 2 11 2 12,0,15,,61592,1,0,9 10,0,15,,61600,1,0,5 2 11 2 12,0,55,,58181,1,0,9 10,0,15,,58211,1,0,5 2 11 2 12,0,15,,58182,1,0,9 10,0,15,,58212,1,0,5 2 11 2 12,0,55,,61593,1,0,9 10,0,15,,61601,1,0,5 2 11 2 12,0,15,,61594,1,0,9 10,0,15,,58214,1,0,5 2 11 2 12,0,55,,58185,1,0,9 10,0,15,,58215,1,0,5 2 11 2 12,0,15,,58186,1,0,9 10,0,15,,61602,1,0,5 2 11 2 12,0,55,,61595,1,0,9 10,0,15,,61598,1,0,5 2 11 2 12,0,10,,61608,1,0,9 10,0,15,,58217,1,0,5 2 11 2 12,0,55,,58188,1,0,9 10,0,15,,58232,1,0,9 10,0,15,,58189,1,0,9 10,0,15,,58218,1,0,5 2 11 2 12,0,55,,58191,1,0,9 10,0,15,,58190,1,0,9 10,0,15,,58233,1,0,9 10,0,15,,61609,1,0,5 2 11 2 12,0,55,,58192,1,0,9 10,0,15,,61596,1,0,9 10,0,15,,61603,1,0,5 2 11 2 12,0,15,,58194,1,0,9 10,0,55,,58220,1,0,5 2 11 2 12,0,15,,58235,1,0,9 10,0,15,,61604,1,0,5 2 11 2 12,0,15,,58195,1,0,9 10,0,55,,61605,1,0,5 2 11 2 12,0,15,,58196,1,0,9 10,0,15,,58223,1,0,5 2 11 2 12,0,15,,58197,1,0,9 10,0,55,,61606,1,0,5 2 11 2 12,0,15,,58198,1,0,9 10,0,15,,61607,1,0,5 2 11 2 12,0,15,,58199,1,0,9 10,0,55,,58226,1,0,5 2 11 2 12,0,15,,58200,1,0,9 10,0,30,,58201,1,0,9 10,0,70,,58202,1,0,9 10,0,30,,61597,1,0,9 10,0,65,,58230,1,0,9 10,0,30,,58204,1,0,5 2 11 2 12,0
702029,'1910',622,,58251,1,0,9 10,0,23,,58237,1,0,9 10,0,70,,58241,1,0,9 10,0,30,,58245,1,0,9 10,0,55,,58259,1,0,5 2 11 2 12,0,15,,58248,1,0,9 10,0,15,,58253,1,0,5 2 11 2 12,0,15,,58238,1,0,9 10,0,55,,58254,1,0,5 2 11 2 12,0,15,,58242,1,0,9 10,0,15,,58255,1,0,5 2 11 2 12,0,15,,58284,1,0,9 10,0,55,,58291,1,0,5 2 11 2 12,0,15,,58277,1,0,9 10,0,15,,58287,1,0,5 2 11 2 12,0,15,,58265,1,0,9 10,0,55,,58274,1,0,5 2 11 2 12,0,15,,58280,1,0,9 10,0,15,,58267,1,0,5 2 11 2 12,0,15,,58275,1,0,9 10,0,55,,58297,1,0,5 2 11 2 12,0,15,,58272,1,0,9 10,0,15,,58293,1,0,5 2 11 2 12,0,15,,58269,1,0,9 10,0,55,,61613,1,0,5 2 11 2 12,0,15,,58296,1,0,9 10,0,15,,58290,1,0,5 2 11 2 12,0,15,,58283,1,0,9 10,0,55,,58268,1,0,5 2 11 2 12,0,15,,58271,1,0,9 10,0,15,,58295,1,0,5 2 11 2 12,0,15,,58278,1,0,9 10,0,55,,58262,1,0,5 2 11 2 12,0,15,,61614,1,0,9 10,0,15,,58285,1,0,5 2 11 2 12,0,15,,58266,1,0,9 10,0,55,,58264,1,0,5 2 11 2 12,0,15,,58298,1,0,9 10,0,15,,58289,1,0,5 2 11 2 12,0,15,,58276,1,0,9 10,0,55,,58286,1,0,5 2 11 2 12,0,15,,61612,1,0,9 10,0,15,,58288,1,0,5 2 11 2 12,0,15,,58270,1,0,9 10,0,55,,58292,1,0,5 2 11 2 12,0,15,,58299,1,0,9 10,0,15,,58263,1,0,5 2 11 2 12,0,15,,58282,1,0,9 10,0,55,,58294,1,0,5 2 11 2 12,0,15,,58243,1,0,9 10,0,15,,61610,1,0,5 2 11 2 12,0,15,,58246,1,0,9 10,0,55,,58256,1,0,5 2 11 2 12,0,15,,58249,1,0,9 10,0,15,,58257,1,0,5 2 11 2 12,0,15,,58239,1,0,9 10,0,55,,61611,1,0,5 2 11 2 12,0,15,,58244,1,0,9 10,0,30,,58247,1,0,9 10,0,70,,58250,1,0,9 10,0,30,,58240,1,0,9 10,0,65,,58261,1,0,9 10,0,30,,58260,1,0,5 2 11 2 12,0
702029,'1912',622,,61617,1,0,9 10,0,23,,58373,1,0,9 10,0,70,,58387,1,0,9 10,0,30,,61616,1,0,9 10,0,55,,58404,1,0,5 2 11 2 12,0,15,,58372,1,0,9 10,0,15,,58416,1,0,5 2 11 2 12,0,15,,58386,1,0,9 10,0,55,,58397,1,0,5 2 11 2 12,0,15,,61615,1,0,9 10,0,15,,58402,1,0,5 2 11 2 12,0,15,,58371,1,0,9 10,0,55,,58411,1,0,5 2 11 2 12,0,15,,58392,1,0,9 10,0,15,,58412,1,0,5 2 11 2 12,0,15,,58377,1,0,9 10,0,55,,58403,1,0,5 2 11 2 12,0,15,,58370,1,0,9 10,0,15,,58422,1,0,5 2 11 2 12,0,15,,58395,1,0,9 10,0,55,,58400,1,0,5 2 11 2 12,0,15,,58381,1,0,9 10,0,15,,58414,1,0,5 2 11 2 12,0,15,,58369,1,0,9 10,0,55,,58423,1,0,5 2 11 2 12,0,15,,58388,1,0,9 10,0,15,,58406,1,0,5 2 11 2 12,0,15,,58380,1,0,9 10,0,55,,58409,1,0,5 2 11 2 12,0,15,,58368,1,0,9 10,0,15,,58421,1,0,5 2 11 2 12,0,15,,58389,1,0,9 10,0,55,,58401,1,0,5 2 11 2 12,0,15,,58376,1,0,9 10,0,15,,58410,1,0,5 2 11 2 12,0,15,,58367,1,0,9 10,0,55,,58419,1,0,5 2 11 2 12,0,15,,58396,1,0,9 10,0,15,,58399,1,0,5 2 11 2 12,0,15,,58375,1,0,9 10,0,55,,58415,1,0,5 2 11 2 12,0,15,,58366,1,0,9 10,0,15,,58417,1,0,5 2 11 2 12,0,15,,58391,1,0,9 10,0,55,,58407,1,0,5 2 11 2 12,0,15,,58384,1,0,9 10,0,15,,58413,1,0,5 2 11 2 12,0,15,,58365,1,0,9 10,0,55,,58418,1,0,5 2 11 2 12,0,15,,58393,1,0,9 10,0,15,,58405,1,0,5 2 11 2 12,0,15,,58379,1,0,9 10,0,55,,58408,1,0,5 2 11 2 12,0,15,,58364,1,0,9 10,0,15,,58420,1,0,5 2 11 2 12,0,15,,58390,1,0,9 10,0,55,,58398,1,0,5 2 11 2 12,0,15,,58382,1,0,9 10,0,30,,58363,1,0,9 10,0,70,,58394,1,0,9 10,0,30,,58378,1,0,9 10,0,65,,58424,1,0,9 10,0,30,,58425,1,0,5 2 11 2 12,0
702029,'1924',622,,61620,1,0,9 10,0,23,,58310,1,0,9 10,0,70,,58324,1,0,9 10,0,30,,61619,1,0,9 10,0,55,,58341,1,0,5 2 11 2 12,0,15,,58309,1,0,9 10,0,15,,58353,1,0,5 2 11 2 12,0,15,,58323,1,0,9 10,0,55,,58334,1,0,5 2 11 2 12,0,15,,61618,1,0,9 10,0,15,,58339,1,0,5 2 11 2 12,0,15,,58308,1,0,9 10,0,55,,58348,1,0,5 2 11 2 12,0,15,,58329,1,0,9 10,0,15,,58349,1,0,5 2 11 2 12,0,15,,58314,1,0,9 10,0,55,,58340,1,0,5 2 11 2 12,0,15,,58307,1,0,9 10,0,15,,58359,1,0,5 2 11 2 12,0,15,,58332,1,0,9 10,0,55,,58337,1,0,5 2 11 2 12,0,15,,58318,1,0,9 10,0,15,,58351,1,0,5 2 11 2 12,0,15,,58306,1,0,9 10,0,55,,58360,1,0,5 2 11 2 12,0,15,,58325,1,0,9 10,0,15,,58343,1,0,5 2 11 2 12,0,15,,58317,1,0,9 10,0,55,,58346,1,0,5 2 11 2 12,0,15,,58305,1,0,9 10,0,15,,58358,1,0,5 2 11 2 12,0,15,,58326,1,0,9 10,0,55,,58338,1,0,5 2 11 2 12,0,15,,58313,1,0,9 10,0,15,,58347,1,0,5 2 11 2 12,0,15,,58304,1,0,9 10,0,55,,58356,1,0,5 2 11 2 12,0,15,,58333,1,0,9 10,0,15,,58336,1,0,5 2 11 2 12,0,15,,58312,1,0,9 10,0,55,,58352,1,0,5 2 11 2 12,0,15,,58303,1,0,9 10,0,15,,58354,1,0,5 2 11 2 12,0,15,,58328,1,0,9 10,0,55,,58344,1,0,5 2 11 2 12,0,15,,58321,1,0,9 10,0,15,,58350,1,0,5 2 11 2 12,0,15,,58302,1,0,9 10,0,55,,58355,1,0,5 2 11 2 12,0,15,,58330,1,0,9 10,0,15,,58342,1,0,5 2 11 2 12,0,15,,58316,1,0,9 10,0,55,,58345,1,0,5 2 11 2 12,0,15,,58301,1,0,9 10,0,15,,58357,1,0,5 2 11 2 12,0,15,,58327,1,0,9 10,0,55,,58335,1,0,5 2 11 2 12,0,15,,58319,1,0,9 10,0,30,,58300,1,0,9 10,0,70,,58331,1,0,9 10,0,30,,58315,1,0,9 10,0,65,,58361,1,0,9 10,0,30,,58362,1,0,5 2 11 2 12,0
702029,'1925',622,,61643,1,0,9 10,0,23,,61631,1,0,9 10,0,70,,61645,1,0,9 10,0,30,,61641,1,0,9 10,0,55,,61662,1,0,5 2 11 2 12,0,15,,61630,1,0,9 10,0,15,,61674,1,0,5 2 11 2 12,0,15,,61644,1,0,9 10,0,55,,61655,1,0,5 2 11 2 12,0,15,,61632,1,0,9 10,0,15,,61660,1,0,5 2 11 2 12,0,15,,61629,1,0,9 10,0,55,,61669,1,0,5 2 11 2 12,0,15,,61650,1,0,9 10,0,15,,61670,1,0,5 2 11 2 12,0,15,,61635,1,0,9 10,0,55,,61661,1,0,5 2 11 2 12,0,15,,61628,1,0,9 10,0,15,,61680,1,0,5 2 11 2 12,0,15,,61653,1,0,9 10,0,55,,61658,1,0,5 2 11 2 12,0,15,,61639,1,0,9 10,0,15,,61672,1,0,5 2 11 2 12,0,15,,61627,1,0,9 10,0,55,,61681,1,0,5 2 11 2 12,0,15,,61646,1,0,9 10,0,15,,61664,1,0,5 2 11 2 12,0,15,,61638,1,0,9 10,0,55,,61667,1,0,5 2 11 2 12,0,15,,61626,1,0,9 10,0,15,,61679,1,0,5 2 11 2 12,0,15,,61647,1,0,9 10,0,55,,61659,1,0,5 2 11 2 12,0,15,,61634,1,0,9 10,0,15,,61668,1,0,5 2 11 2 12,0,15,,61625,1,0,9 10,0,55,,61677,1,0,5 2 11 2 12,0,15,,61654,1,0,9 10,0,15,,61657,1,0,5 2 11 2 12,0,15,,61633,1,0,9 10,0,55,,61673,1,0,5 2 11 2 12,0,15,,61624,1,0,9 10,0,15,,61675,1,0,5 2 11 2 12,0,15,,61649,1,0,9 10,0,55,,61665,1,0,5 2 11 2 12,0,15,,61642,1,0,9 10,0,15,,61671,1,0,5 2 11 2 12,0,15,,61623,1,0,9 10,0,55,,61676,1,0,5 2 11 2 12,0,15,,61651,1,0,9 10,0,15,,61663,1,0,5 2 11 2 12,0,15,,61637,1,0,9 10,0,55,,61666,1,0,5 2 11 2 12,0,15,,61622,1,0,9 10,0,15,,61678,1,0,5 2 11 2 12,0,15,,61648,1,0,9 10,0,55,,61656,1,0,5 2 11 2 12,0,15,,61640,1,0,9 10,0,30,,61621,1,0,9 10,0,70,,61652,1,0,9 10,0,30,,61636,1,0,9 10,0,65,,61682,1,0,9 10,0,30,,61683,1,0,5 2 11 2 12,0
