4019,'1907',810,,53591,14,,,0,30,,53592,14,,,0,70,,53589,14,,,0,30,,53593,14,,,0,70,,53590,14,,,0,30,,53574,14,,,0,70,,53578,14,,,0,30,,53582,14,,,0,70,,53585,14,,,0,31,,53570,14,,,0,69,,53573,14,,,0,30,,53577,14,,,0,69,,53581,14,,,0,30,,53583,14,,,0,70,,59487,14,,,0,30,,53572,14,,,0,70,,53576,14,,,0,30,,53580,14,,,0,70,,53584,14,,,0,31,,53568,14,,,0,70,,53571,14,,,0,30,,53575,14,,,0,70,,53579,14,,,0,30,,53588,14,,,0,70,,53594,14,,,0,30,,53586,14,,,0,70,,53595,14,,,0,30,,53587,14,,,0
4019,'1909',639,,59491,14,,,0,71,,53628,14,,,0,30,,53603,14,,,0,67,,53604,14,,,0,36,,53605,14,,,0,64,,53606,14,,,0,36,,53607,14,,,0,67,,53608,14,,,0,29,,53609,14,,,0,70,,53610,14,,,0,31,,53611,14,,,0,72,,53612,14,,,0,30,,53613,14,,,0,70,,59492,14,,,0,30,,53615,14,,,0,71,,53616,14,,,0,30,,53617,14,,,0,76,,53618,14,,,0,30,,53619,14,,,0,71,,53620,14,,,0,24,,53621,14,,,0,73,,53622,14,,,0,22,,53623,14,,,0,76,,53624,14,,,0,20,,53625,14,,,0,75,,53626,14,,,0,29,,59493,14,,,0,70,,59488,14,,,0,30,,59489,14,,,0,70,,53598,14,,,0,30,,59490,14,,,0,70,,53600,14,,,0,30,,53601,14,,,0
4019,'1910',709,,59504,14,,,0,30,,59495,14,,,0,71,,53630,14,,,0,30,,59497,14,,,0,70,,59502,14,,,0,30,,53646,14,,,0,71,,53634,14,,,0,30,,53656,14,,,0,71,,53633,14,,,0,30,,53653,14,,,0,70,,53648,14,,,0,30,,53641,14,,,0,70,,53654,14,,,0,30,,53657,14,,,0,70,,53632,14,,,0,30,,53643,14,,,0,70,,53631,14,,,0,30,,53637,14,,,0,70,,53655,14,,,0,30,,53652,14,,,0,69,,53649,14,,,0,30,,53638,14,,,0,70,,53658,14,,,0,30,,59503,14,,,0,68,,53629,14,,,0,30,,53644,14,,,0,70,,59498,14,,,0,30,,59501,14,,,0,70,,59494,14,,,0,30,,59499,14,,,0,70,,59496,14,,,0,30,,59500,14,,,0
4019,'1912',810,,53712,14,,,0,30,,53713,14,,,0,70,,53710,14,,,0,30,,53714,14,,,0,70,,53711,14,,,0,30,,53695,14,,,0,70,,53699,14,,,0,30,,53703,14,,,0,70,,53706,14,,,0,31,,53691,14,,,0,69,,53694,14,,,0,30,,53698,14,,,0,69,,53702,14,,,0,30,,53704,14,,,0,70,,59505,14,,,0,30,,53693,14,,,0,70,,53697,14,,,0,30,,53701,14,,,0,70,,53705,14,,,0,31,,53689,14,,,0,70,,53692,14,,,0,30,,53696,14,,,0,70,,53700,14,,,0,30,,53709,14,,,0,70,,53715,14,,,0,30,,53707,14,,,0,70,,53716,14,,,0,30,,53708,14,,,0
4019,'1924',810,,53684,14,,,0,30,,53685,14,,,0,70,,53682,14,,,0,30,,53686,14,,,0,70,,53683,14,,,0,30,,53667,14,,,0,70,,53671,14,,,0,30,,53675,14,,,0,70,,53678,14,,,0,31,,53663,14,,,0,69,,53666,14,,,0,30,,53670,14,,,0,69,,53674,14,,,0,30,,53676,14,,,0,70,,59506,14,,,0,30,,53665,14,,,0,70,,53669,14,,,0,30,,53673,14,,,0,70,,53677,14,,,0,31,,53661,14,,,0,70,,53664,14,,,0,30,,53668,14,,,0,70,,53672,14,,,0,30,,53681,14,,,0,70,,53687,14,,,0,30,,53679,14,,,0,70,,53688,14,,,0,30,,53680,14,,,0
4019,'1925',810,,59530,14,,,0,30,,59531,14,,,0,70,,59528,14,,,0,30,,59532,14,,,0,70,,59529,14,,,0,30,,59513,14,,,0,70,,59517,14,,,0,30,,59521,14,,,0,70,,59524,14,,,0,31,,59509,14,,,0,69,,59512,14,,,0,30,,59516,14,,,0,69,,59520,14,,,0,30,,59522,14,,,0,70,,59508,14,,,0,30,,59511,14,,,0,70,,59515,14,,,0,30,,59519,14,,,0,70,,59523,14,,,0,31,,59507,14,,,0,70,,59510,14,,,0,30,,59514,14,,,0,70,,59518,14,,,0,30,,59527,14,,,0,70,,59533,14,,,0,30,,59525,14,,,0,70,,59534,14,,,0,30,,59526,14,,,0
7019,'1907',555,,54127,9,,,0,70,,59739,9,,,0,30,,59740,9,,,0,68,,54112,9,,,0,30,,59729,28,,,0,71,,54125,13,,,0,30,,59730,28,,,0,73,,54117,13,,,0,27,,59738,28,,,0,74,,54124,13,,,0,28,,59731,28,,,0,72,,54116,13,,,0,28,,59732,28,,,0,72,,54123,13,,,0,28,,59733,28,,,0,73,,54115,13,,,0,27,,59734,28,,,0,73,,54122,13,,,0,28,,59735,28,,,0,73,,54114,13,,,0,27,,59736,28,,,0,73,,54121,13,,,0,26,,59737,28,,,0,73,,54113,13,,,0,27,,59725,28,,,0,72,,54120,13,,,0,27,,59726,28,,,0,71,,54118,13,,,0,27,,59724,28,,,0,71,,54119,13,,,0,28,,59728,28,,,0,72,,54126,13,,,0,28,,59727,28,,,0,70,,54129,9,,,0,30,,54128,9,,,0
7019,'1909',517,,59755,9,,,0,36,,54158,28,,,0,73,,54130,9,,,0,30,,54157,28,,,0,72,,59751,28,,,0,72,,54156,28,,,0,32,,59750,28,,,0,27,,54154,28,,,0,71,,59749,28,,,0,70,,54152,28,,,0,30,,54153,28,,,0,70,,54151,28,,,0,30,,54149,28,,,0,70,,54163,28,,,0,30,,59754,28,,,0,70,,59753,28,,,0,30,,59752,28,,,0,70,,54141,28,,,0,31,,59748,28,,,0,74,,59743,28,,,0,11,,59756,13,,,0,22,,54139,28,,,0,13,,54165,9,,,0,53,,54147,28,,,0,30,,59747,28,,,0,70,,59746,28,,,0,27,,54138,28,,,0,28,,54137,28,,,0,70,,54136,28,,,0,30,,59745,28,,,0,69,,59744,28,,,0,27,,54135,28,,,0,70,,54142,28,,,0,30,,59742,28,,,0,68,,54131,9,,,0,29,,54132,28,,,0,70,,59757,13,,,0,29,,59741,28,,,0,100,,54168,28,,,0
7019,'1910',625,,54200,9,,,0,28,,59761,28,,,0,70,,59760,28,,,0,30,,54182,28,,,0,70,,54175,28,,,0,32,,54183,28,,,0,70,,54176,28,,,0,30,,59762,28,,,0,72,,54177,28,,,0,30,,54185,28,,,0,70,,54178,28,,,0,30,,54186,28,,,0,70,,54179,28,,,0,30,,59763,28,,,0,70,,54180,28,,,0,30,,59764,28,,,0,70,,54193,28,,,0,30,,54189,28,,,0,70,,54195,28,,,0,30,,54190,28,,,0,70,,54194,28,,,0,29,,54191,28,,,0,70,,54196,28,,,0,30,,54192,28,,,0,70,,54199,28,,,0,29,,54169,28,,,0,69,,54197,28,,,0,30,,59758,28,,,0,68,,54198,28,,,0,30,,54171,28,,,0,70,,54201,9,,,0,30,,54172,28,,,0,70,,54202,13,,,0,30,,59759,28,,,0
7019,'1912',555,,54270,9,,,0,70,,59780,9,,,0,30,,59781,9,,,0,68,,54255,9,,,0,30,,59770,28,,,0,71,,54268,13,,,0,30,,59771,28,,,0,73,,54260,13,,,0,27,,59779,28,,,0,74,,54267,13,,,0,28,,59772,28,,,0,72,,54259,13,,,0,28,,59773,28,,,0,72,,54266,13,,,0,28,,59774,28,,,0,73,,54258,13,,,0,27,,59775,28,,,0,73,,54265,13,,,0,28,,59776,28,,,0,73,,54257,13,,,0,27,,59777,28,,,0,73,,54264,13,,,0,26,,59778,28,,,0,73,,54256,13,,,0,27,,59766,28,,,0,72,,54263,13,,,0,27,,59767,28,,,0,71,,54261,13,,,0,27,,59765,28,,,0,71,,54262,13,,,0,28,,59769,28,,,0,72,,54269,13,,,0,28,,59768,28,,,0,70,,54272,9,,,0,30,,54271,9,,,0
7019,'1924',555,,54235,9,,,0,70,,59797,9,,,0,30,,59798,9,,,0,68,,54220,9,,,0,30,,59787,28,,,0,71,,54233,13,,,0,30,,59788,28,,,0,73,,54225,13,,,0,27,,59796,28,,,0,74,,54232,13,,,0,28,,59789,28,,,0,72,,54224,13,,,0,28,,59790,28,,,0,72,,54231,13,,,0,28,,59791,28,,,0,73,,54223,13,,,0,27,,59792,28,,,0,73,,54230,13,,,0,28,,59793,28,,,0,73,,54222,13,,,0,27,,59794,28,,,0,73,,54229,13,,,0,26,,59795,28,,,0,73,,54221,13,,,0,27,,59783,28,,,0,72,,54228,13,,,0,27,,59784,28,,,0,71,,54226,13,,,0,27,,59782,28,,,0,71,,54227,13,,,0,28,,59786,28,,,0,72,,54234,13,,,0,28,,59785,28,,,0,70,,54237,9,,,0,30,,54236,9,,,0
7019,'1925',555,,59831,9,,,0,70,,59814,9,,,0,30,,59815,9,,,0,68,,59816,9,,,0,30,,59804,28,,,0,71,,59829,13,,,0,30,,59805,28,,,0,73,,59821,13,,,0,27,,59813,28,,,0,74,,59828,13,,,0,28,,59806,28,,,0,72,,59820,13,,,0,28,,59807,28,,,0,72,,59827,13,,,0,28,,59808,28,,,0,73,,59819,13,,,0,27,,59809,28,,,0,73,,59826,13,,,0,28,,59810,28,,,0,73,,59818,13,,,0,27,,59811,28,,,0,73,,59825,13,,,0,26,,59812,28,,,0,73,,59817,13,,,0,27,,59800,28,,,0,72,,59824,13,,,0,27,,59801,28,,,0,71,,59822,13,,,0,27,,59799,28,,,0,71,,59823,13,,,0,28,,59803,28,,,0,72,,59830,13,,,0,28,,59802,28,,,0,70,,59833,9,,,0,30,,59832,9,,,0
14019,'1907',651,,60185,18,,,0,100,,55002,18,,,0,100,,54990,18,,,0,100,,54991,18,,,0,100,,54992,18,,,0,102,,54993,18,,,0,100,,54994,18,,,0,100,,54995,18,,,0,100,,54996,18,,,0,100,,54997,18,,,0,100,,54998,18,,,0,100,,60184,18,,,0,100,,55000,18,,,0,100,,54989,18,,,0,105,,54988,18,,,0
14019,'1909',527,,60193,18,,,0,100,,55032,18,,,0,81,,55003,18,,,0,30,,55016,18,,,0,68,,55004,18,,,0,22,,55017,18,,,0,30,,60186,18,,,0,69,,55018,18,,,0,30,,55006,18,,,0,70,,55019,18,,,0,30,,55007,18,,,0,70,,55020,18,,,0,30,,55008,18,,,0,70,,55021,18,,,0,30,,60187,18,,,0,70,,60189,18,,,0,30,,60188,18,,,0,70,,55023,18,,,0,32,,55011,18,,,0,70,,55024,18,,,0,80,,55012,18,,,0,30,,55025,18,,,0,69,,55013,18,,,0,30,,55026,18,,,0,70,,55014,18,,,0,19,,55027,18,,,0,30,,55015,18,,,0,70,,60190,18,,,0,30,,55034,18,,,0,70,,60191,18,,,0,92,,60192,18,,,0,100,,55031,18,,,0
14019,'1910',650,,55035,18,,,0,100,,60194,18,,,0,102,,60195,18,,,0,100,,55038,18,,,0,100,,55039,18,,,0,102,,55040,18,,,0,100,,55041,18,,,0,100,,55042,18,,,0,100,,60196,18,,,0,100,,55044,18,,,0,99,,55045,18,,,0,100,,55046,18,,,0,100,,55047,18,,,0,98,,55048,18,,,0,100,,55049,18,,,0,100,,60197,18,,,0,100,,55051,18,,,0
14019,'1912',651,,60199,18,,,0,100,,55081,18,,,0,100,,55069,18,,,0,100,,55070,18,,,0,100,,55071,18,,,0,102,,55072,18,,,0,100,,55073,18,,,0,100,,55074,18,,,0,100,,55075,18,,,0,100,,55076,18,,,0,100,,55077,18,,,0,100,,60198,18,,,0,100,,55079,18,,,0,100,,55068,18,,,0,105,,55067,18,,,0
14019,'1924',651,,60201,18,,,0,100,,55066,18,,,0,100,,55054,18,,,0,100,,55055,18,,,0,100,,55056,18,,,0,102,,55057,18,,,0,100,,55058,18,,,0,100,,55059,18,,,0,100,,55060,18,,,0,100,,55061,18,,,0,100,,55062,18,,,0,100,,60200,18,,,0,100,,55064,18,,,0,100,,55053,18,,,0,105,,55052,18,,,0
14019,'1925',651,,60215,18,,,0,100,,60216,18,,,0,100,,60204,18,,,0,100,,60205,18,,,0,100,,60206,18,,,0,102,,60207,18,,,0,100,,60208,18,,,0,100,,60209,18,,,0,100,,60210,18,,,0,100,,60211,18,,,0,100,,60212,18,,,0,100,,60213,18,,,0,100,,60214,18,,,0,100,,60203,18,,,0,105,,60202,18,,,0
502029,'1907',646,,56936,10,,,0,70,,56922,10,,,0,30,,56939,10,,,0,70,,56953,10,,,0,30,,56933,10,,,0,70,,56952,10,,,0,30,,56935,10,,,0,71,,56951,10,,,0,30,,56930,10,,,0,70,,56950,10,,,0,30,,56925,10,,,0,72,,56949,10,,,0,30,,61227,10,,,0,70,,56947,10,,,0,30,,56926,10,,,0,70,,56948,10,,,0,30,,56929,10,,,0,70,,56946,10,,,0,30,,56923,10,,,0,70,,56945,10,,,0,30,,56927,10,,,0,69,,56944,10,,,0,30,,56924,10,,,0,69,,56943,10,,,0,30,,56937,10,,,0,70,,56942,10,,,0,30,,56938,10,,,0,69,,56941,10,,,0,30,,56931,10,,,0,70,,56954,10,,,0,30,,56940,10,,,0,70,,56955,10,,,0,30,,56934,10,,,0,70,,56956,10,,,0,30,,56932,10,,,0
502029,'1909',616,,61228,10,,,0,30,,56958,10,,,0,65,,56998,10,,,0,10,,61229,10,,,0,27,,56960,10,,,0,64,,56961,10,,,0,12,,61230,10,,,0,24,,56963,10,,,0,64,,56964,10,,,0,12,,56965,10,,,0,24,,56966,10,,,0,72,,56967,10,,,0,30,,56968,10,,,0,70,,61231,10,,,0,30,,56970,10,,,0,70,,61232,10,,,0,30,,56972,10,,,0,70,,56973,10,,,0,30,,56974,10,,,0,70,,61233,10,,,0,37,,56976,10,,,0,70,,56977,10,,,0,30,,56978,10,,,0,68,,56979,10,,,0,24,,56980,10,,,0,52,,56981,10,,,0,22,,56982,10,,,0,4,,56999,10,,,0,16,,56983,10,,,0,12,,56984,10,,,0,64,,56985,10,,,0,22,,56986,10,,,0,12,,56987,10,,,0,65,,56988,10,,,0,30,,56989,10,,,0,69,,56990,10,,,0,30,,56991,10,,,0,70,,56992,10,,,0,30,,56993,10,,,0,70,,56994,10,,,0,30,,56995,10,,,0,69,,56996,10,,,0,30,,56997,10,,,0
502029,'1910',647,,57007,10,,,0,70,,57014,10,,,0,30,,61240,10,,,0,70,,57015,10,,,0,30,,61239,10,,,0,70,,61243,10,,,0,30,,61238,10,,,0,73,,61244,10,,,0,30,,61252,10,,,0,70,,61245,10,,,0,30,,61253,10,,,0,70,,61246,10,,,0,30,,61254,10,,,0,70,,61247,10,,,0,30,,61255,10,,,0,70,,61248,10,,,0,30,,61256,10,,,0,70,,61249,10,,,0,30,,61257,10,,,0,70,,61250,10,,,0,30,,61258,10,,,0,70,,61251,10,,,0,30,,61259,10,,,0,70,,61241,10,,,0,30,,61260,10,,,0,67,,57010,10,,,0,30,,61261,10,,,0,70,,57009,10,,,0,30,,61237,10,,,0,69,,57011,10,,,0,30,,61236,10,,,0,70,,57012,10,,,0,30,,61235,10,,,0,70,,61242,10,,,0,30,,61234,10,,,0
502029,'1912',646,,57084,10,,,0,70,,57070,10,,,0,30,,57087,10,,,0,70,,57101,10,,,0,30,,57081,10,,,0,70,,57100,10,,,0,30,,57083,10,,,0,71,,57099,10,,,0,30,,57078,10,,,0,70,,57098,10,,,0,30,,57073,10,,,0,72,,57097,10,,,0,30,,61262,10,,,0,70,,57095,10,,,0,30,,57074,10,,,0,70,,57096,10,,,0,30,,57077,10,,,0,70,,57094,10,,,0,30,,57071,10,,,0,70,,57093,10,,,0,30,,57075,10,,,0,69,,57092,10,,,0,30,,57072,10,,,0,69,,57091,10,,,0,30,,57085,10,,,0,70,,57090,10,,,0,30,,57086,10,,,0,69,,57089,10,,,0,30,,57079,10,,,0,70,,57102,10,,,0,30,,57088,10,,,0,70,,57103,10,,,0,30,,57082,10,,,0,70,,57104,10,,,0,30,,57080,10,,,0
502029,'1924',646,,57049,10,,,0,70,,57035,10,,,0,30,,57052,10,,,0,70,,57066,10,,,0,30,,57046,10,,,0,70,,57065,10,,,0,30,,57048,10,,,0,71,,57064,10,,,0,30,,57043,10,,,0,70,,57063,10,,,0,30,,57038,10,,,0,72,,57062,10,,,0,30,,61263,10,,,0,70,,57060,10,,,0,30,,57039,10,,,0,70,,57061,10,,,0,30,,57042,10,,,0,70,,57059,10,,,0,30,,57036,10,,,0,70,,57058,10,,,0,30,,57040,10,,,0,69,,57057,10,,,0,30,,57037,10,,,0,69,,57056,10,,,0,30,,57050,10,,,0,70,,57055,10,,,0,30,,57051,10,,,0,69,,57054,10,,,0,30,,57044,10,,,0,70,,57067,10,,,0,30,,57053,10,,,0,70,,57068,10,,,0,30,,57047,10,,,0,70,,57069,10,,,0,30,,57045,10,,,0
502029,'1925',646,,61278,10,,,0,70,,61264,10,,,0,30,,61281,10,,,0,70,,61295,10,,,0,30,,61275,10,,,0,70,,61294,10,,,0,30,,61277,10,,,0,71,,61293,10,,,0,30,,61272,10,,,0,70,,61292,10,,,0,30,,61267,10,,,0,72,,61291,10,,,0,30,,61270,10,,,0,70,,61289,10,,,0,30,,61268,10,,,0,70,,61290,10,,,0,30,,61271,10,,,0,70,,61288,10,,,0,30,,61265,10,,,0,70,,61287,10,,,0,30,,61269,10,,,0,69,,61286,10,,,0,30,,61266,10,,,0,69,,61285,10,,,0,30,,61279,10,,,0,70,,61284,10,,,0,30,,61280,10,,,0,69,,61283,10,,,0,30,,61273,10,,,0,70,,61296,10,,,0,30,,61282,10,,,0,70,,61297,10,,,0,30,,61276,10,,,0,70,,61298,10,,,0,30,,61274,10,,,0
14000001029,'1907',608,,61816,46,0,18 7,0,1811,,61810,46,,,0,29,,61814,46,,,0,70,,61815,46,,,0,30,,61812,46,,,0,70,,61813,46,,,0,30,,61811,46,,,0
14000001029,'1909',506,,61817,46,0,18 7,0,102,,61818,46,0,18 7,0,1811,,61820,46,,,0,29,,61821,46,,,0,70,,61824,46,,,0,30,,61819,46,,,0,70,,61822,46,,,0,30,,61823,46,,,0
14000001029,'1910',608,,61829,46,0,18 7,0,1811,,61831,46,,,0,29,,61826,46,,,0,70,,61825,46,,,0,30,,61827,46,,,0,70,,61830,46,,,0,30,,61828,46,,,0
14000001029,'1912',608,,61838,46,0,18 7,0,1811,,61832,46,,,0,29,,61836,46,,,0,70,,61837,46,,,0,30,,61834,46,,,0,70,,61835,46,,,0,30,,61833,46,,,0
14000001029,'1924',608,,61845,46,0,18 7,0,1811,,61839,46,,,0,29,,61843,46,,,0,70,,61844,46,,,0,30,,61841,46,,,0,70,,61842,46,,,0,30,,61840,46,,,0
14000001029,'1925',608,,61852,46,0,18 7,0,1811,,61846,46,,,0,29,,61850,46,,,0,70,,61851,46,,,0,30,,61848,46,,,0,70,,61849,46,,,0,30,,61847,46,,,0
