1019,'1907',608,,58824,11,,,0,100,,58825,11,,,0,100,,58826,11,,,0,100,,58827,11,,,0,100,,58828,11,,,0,100,,58829,11,,,0,100,,58830,11,,,0,100,,58831,11,,,0,100,,58832,11,,,0,100,,58833,11,,,0,100,,58834,11,,,0,100,,58835,11,,,0,100,,58836,11,,,0,100,,58837,11,,,0,100,,58838,11,,,0,100,,58839,11,,,0,100,,58840,11,,,0,100,,58841,11,,,0
1019,'1909',537,,58877,11,,,0,75,,58873,11,,,0,30,,58849,11,,,0,72,,58844,11,,,0,30,,58862,11,,,0,70,,58846,11,,,0,30,,58851,11,,,0,70,,58876,11,,,0,30,,58848,11,,,0,70,,58842,11,,,0,30,,58861,11,,,0,70,,58847,11,,,0,30,,58852,11,,,0,70,,58872,11,,,0,30,,58850,11,,,0,70,,58843,11,,,0,30,,58874,11,,,0,70,,58845,11,,,0,30,,58853,11,,,0,70,,58871,11,,,0,30,,58864,11,,,0,70,,58856,11,,,0,30,,58854,11,,,0,70,,58857,11,,,0,30,,58859,11,,,0,70,,58858,11,,,0,30,,58855,11,,,0,65,,58875,11,,,0,30,,58869,11,,,0,68,,58870,11,,,0,30,,58868,11,,,0,70,,58867,11,,,0,30,,58866,11,,,0,70,,58865,11,,,0,30,,58863,11,,,0,70,,58860,11,,,0
1019,'1910',537,,58913,11,,,0,70,,58902,11,,,0,30,,58888,11,,,0,70,,58907,11,,,0,30,,58897,11,,,0,70,,58882,11,,,0,30,,58903,11,,,0,70,,58905,11,,,0,30,,58887,11,,,0,72,,58908,11,,,0,30,,58896,11,,,0,70,,58881,11,,,0,30,,58891,11,,,0,70,,58901,11,,,0,30,,58886,11,,,0,70,,58909,11,,,0,30,,58895,11,,,0,70,,58880,11,,,0,30,,58890,11,,,0,70,,58900,11,,,0,30,,58885,11,,,0,70,,58910,11,,,0,30,,58894,11,,,0,70,,58879,11,,,0,30,,58889,11,,,0,70,,58899,11,,,0,30,,58883,11,,,0,69,,58911,11,,,0,30,,58892,11,,,0,70,,58878,11,,,0,30,,58884,11,,,0,70,,58898,11,,,0,30,,58893,11,,,0,70,,58912,11,,,0,30,,58906,11,,,0,70,,58904,11,,,0
1019,'1912',608,,58914,11,,,0,100,,58915,11,,,0,100,,58916,11,,,0,100,,58917,11,,,0,100,,58918,11,,,0,100,,58919,11,,,0,100,,58920,11,,,0,100,,58921,11,,,0,100,,58922,11,,,0,100,,58923,11,,,0,100,,58924,11,,,0,100,,58925,11,,,0,100,,58926,11,,,0,100,,58927,11,,,0,100,,58928,11,,,0,100,,58929,11,,,0,100,,58930,11,,,0,100,,58931,11,,,0
1019,'1924',608,,58932,11,,,0,100,,58933,11,,,0,100,,58934,11,,,0,100,,58935,11,,,0,100,,58936,11,,,0,100,,58937,11,,,0,100,,58938,11,,,0,100,,58939,11,,,0,100,,58940,11,,,0,100,,58941,11,,,0,100,,58942,11,,,0,100,,58943,11,,,0,100,,58944,11,,,0,100,,58945,11,,,0,100,,58946,11,,,0,100,,58947,11,,,0,100,,58948,11,,,0,100,,58949,11,,,0
1019,'1925',608,,58950,11,,,0,100,,58951,11,,,0,100,,58952,11,,,0,100,,58953,11,,,0,100,,58954,11,,,0,100,,58955,11,,,0,100,,58956,11,,,0,100,,58957,11,,,0,100,,58958,11,,,0,100,,58959,11,,,0,100,,58960,11,,,0,100,,58961,11,,,0,100,,58962,11,,,0,100,,58963,11,,,0,100,,58964,11,,,0,100,,58965,11,,,0,100,,58966,11,,,0,100,,58967,11,,,0
2019,'1907',653,,59137,20,,,0,70,,59114,20,,,0,30,,59118,20,,,0,70,,59130,20,,,0,30,,59125,20,,,0,70,,59115,20,,,0,30,,59119,20,,,0,70,,59131,20,,,0,30,,59126,20,,,0,70,,59116,20,,,0,30,,59120,20,,,0,70,,59132,20,,,0,30,,59127,20,,,0,70,,59117,20,,,0,30,,59121,20,,,0,70,,59133,20,,,0,30,,59128,20,,,0,70,,59112,20,,,0,30,,59122,20,,,0,70,,59134,20,,,0,30,,59129,20,,,0,70,,59110,20,,,0,30,,59123,20,,,0,70,,59135,20,,,0,100,,59111,20,,,0,100,,59136,20,,,0,100,,59113,20,,,0,100,,59124,20,,,0,99,,59138,20,,,0
2019,'1909',449,,59170,11,0,5 2 13 14,0,173,,59139,20,,,0,30,,59140,20,,,0,72,,59141,20,,,0,30,,59142,20,,,0,70,,59143,20,,,0,30,,59144,20,,,0,70,,59161,20,,,0,30,,59162,20,,,0,70,,59163,20,,,0,30,,59164,20,,,0,70,,59165,20,,,0,30,,59166,20,,,0,70,,59167,20,,,0,30,,59168,20,,,0,70,,59169,20,,,0,30,,59159,20,,,0,70,,59160,20,,,0,30,,59145,20,,,0,70,,59146,20,,,0,30,,59147,20,,,0,70,,59148,20,,,0,30,,59149,20,,,0,70,,59150,20,,,0,30,,59151,20,,,0,70,,59152,20,,,0,30,,59158,20,,,0,70,,59153,20,,,0,98,,59154,20,,,0,100,,59155,20,,,0,100,,59156,20,,,0,100,,59157,20,,,0
2019,'1910',622,,59171,11,,,0,30,,59178,20,,,0,70,,59187,20,,,0,30,,59194,20,,,0,70,,59172,20,,,0,30,,59179,20,,,0,70,,59188,20,,,0,30,,59195,20,,,0,72,,59173,20,,,0,30,,59180,20,,,0,70,,59189,20,,,0,30,,59196,20,,,0,70,,59174,20,,,0,30,,59181,20,,,0,70,,59190,20,,,0,30,,59197,20,,,0,70,,59175,20,,,0,30,,59182,20,,,0,70,,59191,20,,,0,30,,59198,20,,,0,70,,59176,20,,,0,30,,59183,20,,,0,70,,59192,20,,,0,30,,59199,20,,,0,70,,59177,20,,,0,30,,59184,20,,,0,70,,59193,20,,,0,99,,59185,20,,,0,100,,59200,20,,,0,100,,59186,20,,,0,100,,59201,20,,,0
2019,'1912',653,,59229,20,,,0,70,,59206,20,,,0,30,,59210,20,,,0,70,,59222,20,,,0,30,,59217,20,,,0,70,,59207,20,,,0,30,,59211,20,,,0,70,,59223,20,,,0,30,,59218,20,,,0,70,,59208,20,,,0,30,,59212,20,,,0,70,,59224,20,,,0,30,,59219,20,,,0,70,,59209,20,,,0,30,,59213,20,,,0,70,,59225,20,,,0,30,,59220,20,,,0,70,,59204,20,,,0,30,,59214,20,,,0,70,,59226,20,,,0,30,,59221,20,,,0,70,,59202,20,,,0,30,,59215,20,,,0,70,,59227,20,,,0,100,,59203,20,,,0,100,,59228,20,,,0,100,,59205,20,,,0,100,,59216,20,,,0,99,,59230,20,,,0
2019,'1924',653,,59258,20,,,0,70,,59235,20,,,0,30,,59239,20,,,0,70,,59251,20,,,0,30,,59246,20,,,0,70,,59236,20,,,0,30,,59240,20,,,0,70,,59252,20,,,0,30,,59247,20,,,0,70,,59237,20,,,0,30,,59241,20,,,0,70,,59253,20,,,0,30,,59248,20,,,0,70,,59238,20,,,0,30,,59242,20,,,0,70,,59254,20,,,0,30,,59249,20,,,0,70,,59233,20,,,0,30,,59243,20,,,0,70,,59255,20,,,0,30,,59250,20,,,0,70,,59231,20,,,0,30,,59244,20,,,0,70,,59256,20,,,0,100,,59232,20,,,0,100,,59257,20,,,0,100,,59234,20,,,0,100,,59245,20,,,0,99,,59259,20,,,0
2019,'1925',653,,59287,20,,,0,70,,59264,20,,,0,30,,59268,20,,,0,70,,59280,20,,,0,30,,59275,20,,,0,70,,59265,20,,,0,30,,59269,20,,,0,70,,59281,20,,,0,30,,59276,20,,,0,70,,59266,20,,,0,30,,59270,20,,,0,70,,59282,20,,,0,30,,59277,20,,,0,70,,59267,20,,,0,30,,59271,20,,,0,70,,59283,20,,,0,30,,59278,20,,,0,70,,59262,20,,,0,30,,59272,20,,,0,70,,59284,20,,,0,30,,59279,20,,,0,70,,59260,20,,,0,30,,59273,20,,,0,70,,59285,20,,,0,100,,59261,20,,,0,100,,59286,20,,,0,100,,59263,20,,,0,100,,59274,20,,,0,99,,59288,20,,,0
12019,'1909',632,,60120,11,,,0,71,,60122,11,,,0,31,,60116,11,,,0,70,,60123,11,,,0,30,,60124,11,,,0,70,,60121,11,0,5 2 12,0,30,,60111,11,0,5 2 12,0,70,,60112,11,0,5 2 12,0,30,,60102,11,0,5 2 12,0,70,,60103,11,0,5 2 12,0,30,,60104,11,0,5 2 12,0,70,,60105,11,0,5 2 12,0,30,,60106,11,0,5 2 12,0,70,,60107,11,0,5 2 12,0,30,,60108,11,0,5 2 12,0,70,,60109,11,0,5 2 12,0,30,,60110,11,,,0,69,,60119,11,,,0,30,,60115,11,,,0,70,,60117,11,,,0,30,,60114,11,,,0,70,,60118,11,,,0,30,,60113,11,,,0,70,,54874,11,,,0
14000001019,'1907',2416,,61782,27,,,0,30,,61781,27,,,0,70,,61780,27,,,0,30,,61783,27,,,0,70,,61784,27,,,0
14000001019,'1909',2416,,61788,27,,,0,30,,61785,27,,,0,70,,61786,27,,,0,30,,61787,27,,,0,70,,61789,27,,,0
14000001019,'1910',2416,,61793,27,,,0,30,,61790,27,,,0,70,,61792,27,,,0,30,,61791,27,,,0,70,,61794,27,,,0
14000001019,'1912',2416,,61797,27,,,0,30,,61796,27,,,0,70,,61795,27,,,0,30,,61798,27,,,0,70,,61799,27,,,0
14000001019,'1924',2416,,61802,27,,,0,30,,61801,27,,,0,70,,61800,27,,,0,30,,61803,27,,,0,70,,61804,27,,,0
14000001019,'1925',2416,,61807,27,,,0,30,,61806,27,,,0,70,,61805,27,,,0,30,,61808,27,,,0,70,,61809,27,,,0
