1029,'1907',557,,58968,9,,,0,98,,58969,9,,,0,100,,58970,9,,,0,100,,58971,9,,,0,101,,58972,9,,,0,100,,58973,9,,,0,100,,58974,9,,,0,100,,58975,9,,,0,100,,58976,9,,,0,100,,58977,9,,,0,100,,58978,9,,,0,100,,58979,9,,,0,100,,58980,9,,,0,100,,58981,9,,,0,100,,58982,9,,,0,100,,58983,9,,,0,100,,58984,9,,,0,99,,58985,9,,,0
1029,'1909',555,,58995,9,,,0,75,,58996,9,,,0,25,,59016,9,,,0,69,,58992,9,,,0,30,,58987,9,,,0,70,,59020,9,,,0,33,,58990,9,,,0,70,,58997,9,,,0,30,,59015,9,,,0,70,,58994,9,,,0,30,,58986,9,,,0,70,,59019,9,,,0,30,,58991,9,,,0,70,,58998,9,,,0,30,,59014,9,,,0,70,,58993,9,,,0,30,,58988,9,,,0,70,,59017,9,,,0,31,,58989,9,,,0,70,,58999,9,,,0,30,,59013,9,,,0,70,,59002,9,,,0,30,,59001,9,,,0,70,,59000,9,,,0,28,,59006,9,,,0,70,,59005,9,,,0,30,,59004,9,,,0,70,,59003,9,,,0,30,,59018,9,,,0,69,,59012,9,,,0,30,,59011,9,,,0,70,,59010,9,,,0,30,,59009,9,,,0,70,,59008,9,,,0,25,,59007,9,,,0
1029,'1910',557,,59026,9,,,0,68,,59038,9,,,0,30,,59045,9,,,0,70,,59033,9,,,0,30,,59054,9,,,0,70,,59042,9,,,0,30,,59025,9,,,0,68,,59037,9,,,0,30,,59048,9,,,0,70,,59032,9,,,0,30,,59055,9,,,0,70,,59041,9,,,0,30,,59024,9,,,0,70,,59036,9,,,0,30,,59047,9,,,0,70,,59031,9,,,0,30,,59027,9,,,0,70,,59040,9,,,0,30,,59023,9,,,0,70,,59035,9,,,0,30,,59043,9,,,0,70,,59030,9,,,0,30,,59052,9,,,0,70,,59039,9,,,0,30,,59022,9,,,0,72,,59034,9,,,0,30,,59046,9,,,0,70,,59028,9,,,0,30,,59050,9,,,0,70,,59049,9,,,0,30,,59021,9,,,0,70,,59029,9,,,0,30,,59044,9,,,0,70,,59053,9,,,0,30,,59051,9,,,0
1029,'1912',557,,59056,9,,,0,98,,59057,9,,,0,100,,59058,9,,,0,100,,59059,9,,,0,101,,59060,9,,,0,100,,59061,9,,,0,100,,59062,9,,,0,100,,59063,9,,,0,100,,59064,9,,,0,100,,59065,9,,,0,100,,59066,9,,,0,100,,59067,9,,,0,100,,59068,9,,,0,100,,59069,9,,,0,100,,59070,9,,,0,100,,59071,9,,,0,100,,59072,9,,,0,99,,59073,9,,,0
1029,'1924',557,,59074,9,,,0,98,,59075,9,,,0,100,,59076,9,,,0,100,,59077,9,,,0,101,,59078,9,,,0,100,,59079,9,,,0,100,,59080,9,,,0,100,,59081,9,,,0,100,,59082,9,,,0,100,,59083,9,,,0,100,,59084,9,,,0,100,,59085,9,,,0,100,,59086,9,,,0,100,,59087,9,,,0,100,,59088,9,,,0,100,,59089,9,,,0,100,,59090,9,,,0,99,,59091,9,,,0
1029,'1925',557,,59092,9,,,0,98,,59093,9,,,0,100,,59094,9,,,0,100,,59095,9,,,0,101,,59096,9,,,0,100,,59097,9,,,0,100,,59098,9,,,0,100,,59099,9,,,0,100,,59100,9,,,0,100,,59101,9,,,0,100,,59102,9,,,0,100,,59103,9,,,0,100,,59104,9,,,0,100,,59105,9,,,0,100,,59106,9,,,0,100,,59107,9,,,0,100,,59108,9,,,0,99,,59109,9,,,0
2019,'1907',725,,59137,46,,,0,30,,59114,46,,,0,70,,59118,46,,,0,30,,59130,46,,,0,70,,59125,46,,,0,30,,59115,46,,,0,70,,59119,46,,,0,30,,59131,46,,,0,70,,59126,46,,,0,30,,59116,46,,,0,70,,59120,46,,,0,30,,59132,46,,,0,70,,59127,46,,,0,30,,59117,46,,,0,70,,59121,46,,,0,30,,59133,46,,,0,70,,59128,46,,,0,30,,59112,46,,,0,70,,59122,46,,,0,30,,59134,46,,,0,70,,59129,46,,,0,30,,59110,46,,,0,70,,59123,46,,,0,30,,59135,46,,,0,100,,59111,46,,,0,101,,59136,46,,,0,100,,59113,46,,,0,94,,59124,46,,,0,100,,59138,46,,,0
2019,'1909',652,,59139,46,,,0,69,,59140,46,,,0,30,,59141,46,,,0,70,,59142,46,,,0,33,,59143,46,,,0,71,,59144,46,,,0,31,,59161,46,,,0,70,,59162,46,,,0,30,,59163,46,,,0,70,,59164,46,,,0,30,,59165,46,,,0,70,,59166,46,,,0,30,,59167,46,,,0,70,,59168,46,,,0,30,,59169,46,,,0,70,,59159,46,,,0,33,,59160,46,,,0,70,,59145,46,,,0,30,,59146,46,,,0,70,,59147,46,,,0,30,,59148,46,,,0,70,,59149,46,,,0,27,,59150,46,,,0,70,,59151,46,,,0,30,,59152,46,,,0,70,,59158,46,,,0,30,,59153,46,,,0,97,,59154,46,,,0,100,,59155,46,,,0,100,,59156,46,,,0,97,,59157,46,,,0
2019,'1910',655,,59171,37,,,0,70,,59178,46,,,0,30,,59187,46,,,0,70,,59194,46,,,0,30,,59172,46,,,0,70,,59179,46,,,0,30,,59188,46,,,0,68,,59195,46,,,0,31,,59173,46,,,0,70,,59180,46,,,0,30,,59189,46,,,0,70,,59196,46,,,0,30,,59174,46,,,0,70,,59181,46,,,0,30,,59190,46,,,0,70,,59197,46,,,0,30,,59175,46,,,0,70,,59182,46,,,0,30,,59191,46,,,0,70,,59198,46,,,0,30,,59176,46,,,0,70,,59183,46,,,0,30,,59192,46,,,0,70,,59199,46,,,0,30,,59177,46,,,0,70,,59184,46,,,0,30,,59193,46,,,0,101,,59185,46,,,0,100,,59200,46,,,0,96,,59186,46,,,0,98,,59201,46,,,0
2019,'1912',725,,59229,46,,,0,30,,59206,46,,,0,70,,59210,46,,,0,30,,59222,46,,,0,70,,59217,46,,,0,30,,59207,46,,,0,70,,59211,46,,,0,30,,59223,46,,,0,70,,59218,46,,,0,30,,59208,46,,,0,70,,59212,46,,,0,30,,59224,46,,,0,70,,59219,46,,,0,30,,59209,46,,,0,70,,59213,46,,,0,30,,59225,46,,,0,70,,59220,46,,,0,30,,59204,46,,,0,70,,59214,46,,,0,30,,59226,46,,,0,70,,59221,46,,,0,30,,59202,46,,,0,70,,59215,46,,,0,30,,59227,46,,,0,100,,59203,46,,,0,101,,59228,46,,,0,100,,59205,46,,,0,94,,59216,46,,,0,100,,59230,46,,,0
2019,'1924',725,,59258,46,,,0,30,,59235,46,,,0,70,,59239,46,,,0,30,,59251,46,,,0,70,,59246,46,,,0,30,,59236,46,,,0,70,,59240,46,,,0,30,,59252,46,,,0,70,,59247,46,,,0,30,,59237,46,,,0,70,,59241,46,,,0,30,,59253,46,,,0,70,,59248,46,,,0,30,,59238,46,,,0,70,,59242,46,,,0,30,,59254,46,,,0,70,,59249,46,,,0,30,,59233,46,,,0,70,,59243,46,,,0,30,,59255,46,,,0,70,,59250,46,,,0,30,,59231,46,,,0,70,,59244,46,,,0,30,,59256,46,,,0,100,,59232,46,,,0,101,,59257,46,,,0,100,,59234,46,,,0,94,,59245,46,,,0,100,,59259,46,,,0
2019,'1925',725,,59287,46,,,0,30,,59264,46,,,0,70,,59268,46,,,0,30,,59280,46,,,0,70,,59275,46,,,0,30,,59265,46,,,0,70,,59269,46,,,0,30,,59281,46,,,0,70,,59276,46,,,0,30,,59266,46,,,0,70,,59270,46,,,0,30,,59282,46,,,0,70,,59277,46,,,0,30,,59267,46,,,0,70,,59271,46,,,0,30,,59283,46,,,0,70,,59278,46,,,0,30,,59262,46,,,0,70,,59272,46,,,0,30,,59284,46,,,0,70,,59279,46,,,0,30,,59260,46,,,0,70,,59273,46,,,0,30,,59285,46,,,0,100,,59261,46,,,0,101,,59286,46,,,0,100,,59263,46,,,0,94,,59274,46,,,0,100,,59288,46,,,0
7019,'1907',736,,59729,11,,,0,101,,59730,11,,,0,100,,59738,11,,,0,101,,59731,11,,,0,100,,59732,11,,,0,100,,59733,11,,,0,100,,59734,11,,,0,101,,59735,11,,,0,100,,59736,11,,,0,99,,59737,11,,,0,100,,59725,11,,,0,99,,59726,11,,,0,99,,59724,11,,,0,100,,59728,11,,,0,100,,59727,11,,,0
7019,'1909',535,,54158,11,,,0,103,,54157,11,,,0,70,,59751,11,,,0,32,,54156,11,,,0,71,,59750,11,,,0,29,,54154,11,,,0,70,,59749,11,,,0,30,,54152,11,,,0,70,,54153,11,,,0,30,,54151,11,,,0,70,,54149,11,,,0,30,,54163,11,,,0,70,,59754,11,,,0,30,,59753,11,,,0,70,,59752,11,,,0,30,,54141,11,,,0,71,,59748,11,,,0,31,,59743,11,,,0,73,,54139,11,,,0,28,,54147,11,,,0,70,,59747,11,,,0,30,,59746,11,,,0,68,,54138,11,,,0,30,,54137,11,,,0,70,,54136,11,,,0,30,,59745,11,,,0,69,,59744,11,,,0,28,,54135,11,,,0,70,,54142,11,,,0,30,,59742,11,,,0,99,,54132,11,,,0,99,,59741,11,,,0,100,,54168,11,,,0
7019,'1910',637,,59761,11,,,0,69,,59760,11,,,0,30,,54182,11,,,0,70,,54175,11,,,0,32,,54183,11,,,0,70,,54176,11,,,0,30,,59762,11,,,0,71,,54177,11,,,0,30,,54185,11,,,0,70,,54178,11,,,0,30,,54186,11,,,0,70,,54179,11,,,0,30,,59763,11,,,0,70,,54180,11,,,0,30,,59764,11,,,0,70,,54193,11,,,0,30,,54189,11,,,0,70,,54195,11,,,0,30,,54190,11,,,0,70,,54194,11,,,0,30,,54191,11,,,0,70,,54196,11,,,0,30,,54192,11,,,0,70,,54199,11,,,0,29,,54169,11,,,0,69,,54197,11,,,0,30,,59758,11,,,0,70,,54198,11,,,0,30,,54171,11,,,0,99,,54172,11,,,0,100,,59759,11,,,0
7019,'1912',736,,59770,11,,,0,101,,59771,11,,,0,100,,59779,11,,,0,101,,59772,11,,,0,100,,59773,11,,,0,100,,59774,11,,,0,100,,59775,11,,,0,101,,59776,11,,,0,100,,59777,11,,,0,99,,59778,11,,,0,100,,59766,11,,,0,99,,59767,11,,,0,99,,59765,11,,,0,100,,59769,11,,,0,100,,59768,11,,,0
7019,'1924',736,,59787,11,,,0,101,,59788,11,,,0,100,,59796,11,,,0,101,,59789,11,,,0,100,,59790,11,,,0,100,,59791,11,,,0,100,,59792,11,,,0,101,,59793,11,,,0,100,,59794,11,,,0,99,,59795,11,,,0,100,,59783,11,,,0,99,,59784,11,,,0,99,,59782,11,,,0,100,,59786,11,,,0,100,,59785,11,,,0
7019,'1925',736,,59804,11,,,0,101,,59805,11,,,0,100,,59813,11,,,0,101,,59806,11,,,0,100,,59807,11,,,0,100,,59808,11,,,0,100,,59809,11,,,0,101,,59810,11,,,0,100,,59811,11,,,0,99,,59812,11,,,0,100,,59800,11,,,0,99,,59801,11,,,0,99,,59799,11,,,0,100,,59803,11,,,0,100,,59802,11,,,0
