10019,'1907',730,,54449,1,,,0,70,,54450,1,,,0,30,,54451,1,,,0,70,,54452,1,,,0,30,,54453,1,,,0,70,,54454,1,,,0,30,,54455,1,,,0,70,,54456,1,,,0,30,,54457,1,,,0,70,,54458,1,,,0,30,,54459,1,,,0,70,,59947,1,,,0,30,,54461,1,,,0,70,,54462,1,,,0,30,,54463,1,,,0,70,,54464,1,,,0,30,,54465,1,,,0,70,,54466,1,,,0,30,,59948,1,,,0,70,,54468,1,,,0,30,,54469,1,,,0,70,,54470,1,,,0,30,,54471,1,,,0,70,,54472,1,,,0
10019,'1909',530,,59949,1,,,0,70,,54474,1,,,0,30,,59950,1,,,0,70,,54476,1,,,0,30,,59951,1,,,0,70,,54478,1,,,0,30,,54479,1,,,0,70,,54480,1,,,0,30,,54481,1,,,0,70,,54482,1,,,0,30,,54483,1,,,0,70,,59952,1,,,0,30,,54485,1,,,0,70,,54486,1,,,0,30,,54487,1,,,0,70,,54488,1,,,0,30,,54489,1,,,0,70,,59953,1,,,0,30,,59954,1,,,0,70,,59955,1,,,0,30,,59956,1,,,0,70,,59957,1,,,0,30,,59958,1,,,0,70,,59959,1,,,0,30,,59960,1,,,0,70,,59961,1,,,0,30,,54499,1,,,0,70,,59962,1,,,0,30,,54501,1,,,0,70,,54502,1,,,0,30,,54503,1,,,0,70,,54504,1,,,0,100,,54505,1,,,0
10019,'1910',630,,54506,1,,,0,70,,54507,1,,,0,30,,59963,1,,,0,70,,59964,1,,,0,30,,54510,1,,,0,70,,54511,1,,,0,30,,59965,1,,,0,70,,54513,1,,,0,30,,54514,1,,,0,70,,54515,1,,,0,30,,54516,1,,,0,70,,54517,1,,,0,30,,54518,1,,,0,70,,54519,1,,,0,30,,54520,1,,,0,70,,54521,1,,,0,30,,54522,1,,,0,70,,54523,1,,,0,30,,54524,1,,,0,70,,54525,1,,,0,30,,59966,1,,,0,70,,54527,1,,,0,30,,54528,1,,,0,70,,59967,1,,,0,30,,54530,1,,,0,70,,54531,1,,,0,100,,54532,1,,,0,100,,54533,1,,,0
10019,'1912',730,,54558,1,,,0,70,,54559,1,,,0,30,,54560,1,,,0,70,,54561,1,,,0,30,,54562,1,,,0,70,,54563,1,,,0,30,,54564,1,,,0,70,,54565,1,,,0,30,,54566,1,,,0,70,,54567,1,,,0,30,,54568,1,,,0,70,,59968,1,,,0,30,,54570,1,,,0,70,,54571,1,,,0,30,,54572,1,,,0,70,,54573,1,,,0,30,,54574,1,,,0,70,,54575,1,,,0,30,,59969,1,,,0,70,,54577,1,,,0,30,,54578,1,,,0,70,,54579,1,,,0,30,,54580,1,,,0,70,,54581,1,,,0
10019,'1924',730,,54534,1,,,0,70,,54535,1,,,0,30,,54536,1,,,0,70,,54537,1,,,0,30,,54538,1,,,0,70,,54539,1,,,0,30,,54540,1,,,0,70,,54541,1,,,0,30,,54542,1,,,0,70,,54543,1,,,0,30,,54544,1,,,0,70,,59970,1,,,0,30,,54546,1,,,0,70,,54547,1,,,0,30,,54548,1,,,0,70,,54549,1,,,0,30,,54550,1,,,0,70,,54551,1,,,0,30,,59971,1,,,0,70,,54553,1,,,0,30,,54554,1,,,0,70,,54555,1,,,0,30,,54556,1,,,0,70,,54557,1,,,0
10019,'1925',730,,59972,1,,,0,70,,59973,1,,,0,30,,59974,1,,,0,70,,59975,1,,,0,30,,59976,1,,,0,70,,59977,1,,,0,30,,59978,1,,,0,70,,59979,1,,,0,30,,59980,1,,,0,70,,59981,1,,,0,30,,59982,1,,,0,70,,59983,1,,,0,30,,59984,1,,,0,70,,59985,1,,,0,30,,59986,1,,,0,70,,59987,1,,,0,30,,59988,1,,,0,70,,59989,1,,,0,30,,59990,1,,,0,70,,59991,1,,,0,30,,59992,1,,,0,70,,59993,1,,,0,30,,59994,1,,,0,70,,59995,1,,,0
10029,'1907',829,,54596,37,4,,0,30,,54597,37,4,,0,70,,54598,37,4,,0,30,,54599,37,4,,0,70,,54600,37,4,,0,30,,54601,37,4,,0,70,,54602,37,4,,0,30,,54603,37,4,,0,72,,54604,37,4,,0,72,,54605,37,4,,0,30,,54587,37,4,,0,70,,59997,37,4,,0,30,,54582,37,4,,0,70,,54589,37,4,,0,30,,54588,37,4,,0,70,,54591,37,4,,0,30,,54584,37,4,,0,70,,54592,37,4,,0,30,,59996,37,4,,0,70,,54593,37,4,,0,28,,54586,37,4,,0,28,,54594,37,4,,0,70,,54583,37,4,,0,30,,54595,37,4,,0
10029,'1909',628,,59998,37,4,,0,30,,54607,37,4,,0,81,,59999,37,4,,0,70,,54609,37,4,,0,30,,60000,37,4,,0,70,,54611,37,4,,0,27,,54612,37,4,,0,70,,54613,37,4,,0,30,,54614,37,4,,0,70,,54615,37,4,,0,30,,54616,37,4,,0,70,,60001,37,4,,0,30,,54618,37,4,,0,70,,54619,37,4,,0,30,,54620,37,4,,0,70,,54621,37,4,,0,30,,54622,37,4,,0,71,,60002,37,4,,0,35,,60003,37,4,,0,70,,60004,37,4,,0,30,,60005,37,4,,0,70,,60006,37,4,,0,29,,60007,37,4,,0,67,,60008,37,4,,0,25,,60009,37,4,,0,70,,60010,37,4,,0,30,,54632,37,4,,0,69,,60011,37,4,,0,30,,54634,37,4,,0,25,,54635,37,4,,0,70,,54636,37,4,,0,30,,54637,37,4,,0,100,,54638,37,4,,0
10029,'1910',729,,54640,37,4,,0,30,,54641,37,4,,0,70,,60012,37,4,,0,30,,60013,37,4,,0,70,,54644,37,4,,0,30,,54645,37,4,,0,72,,60014,37,4,,0,72,,54647,37,4,,0,30,,54648,37,4,,0,70,,54649,37,4,,0,30,,54650,37,4,,0,70,,54651,37,4,,0,30,,54652,37,4,,0,70,,54653,37,4,,0,30,,54654,37,4,,0,70,,54655,37,4,,0,30,,54656,37,4,,0,70,,54657,37,4,,0,30,,54658,37,4,,0,70,,54659,37,4,,0,30,,60015,37,4,,0,70,,54661,37,4,,0,30,,54662,37,4,,0,70,,60016,37,4,,0,28,,54664,37,4,,0,28,,54639,37,4,,0,100,,54665,37,4,,0,100,,54666,37,4,,0
10029,'1912',829,,54705,37,4,,0,30,,54706,37,4,,0,70,,54707,37,4,,0,30,,54708,37,4,,0,70,,54709,37,4,,0,30,,54710,37,4,,0,70,,54711,37,4,,0,30,,54712,37,4,,0,72,,54713,37,4,,0,72,,54714,37,4,,0,30,,54696,37,4,,0,70,,60018,37,4,,0,30,,54691,37,4,,0,70,,54698,37,4,,0,30,,54697,37,4,,0,70,,54700,37,4,,0,30,,54693,37,4,,0,70,,54701,37,4,,0,30,,60017,37,4,,0,70,,54702,37,4,,0,28,,54695,37,4,,0,28,,54703,37,4,,0,70,,54692,37,4,,0,30,,54704,37,4,,0
10029,'1924',829,,54681,37,4,,0,30,,54682,37,4,,0,70,,54683,37,4,,0,30,,54684,37,4,,0,70,,54685,37,4,,0,30,,54686,37,4,,0,70,,54687,37,4,,0,30,,54688,37,4,,0,72,,54689,37,4,,0,72,,54690,37,4,,0,30,,54672,37,4,,0,70,,60020,37,4,,0,30,,54667,37,4,,0,70,,54674,37,4,,0,30,,54673,37,4,,0,70,,54676,37,4,,0,30,,54669,37,4,,0,70,,54677,37,4,,0,30,,60019,37,4,,0,70,,54678,37,4,,0,28,,54671,37,4,,0,28,,54679,37,4,,0,70,,54668,37,4,,0,30,,54680,37,4,,0
10029,'1925',829,,60035,37,4,,0,30,,60036,37,4,,0,70,,60037,37,4,,0,30,,60038,37,4,,0,70,,60039,37,4,,0,30,,60040,37,4,,0,70,,60041,37,4,,0,30,,60042,37,4,,0,72,,60043,37,4,,0,72,,60044,37,4,,0,30,,60026,37,4,,0,70,,60029,37,4,,0,30,,60021,37,4,,0,70,,60028,37,4,,0,30,,60027,37,4,,0,70,,60030,37,4,,0,30,,60023,37,4,,0,70,,60031,37,4,,0,30,,60024,37,4,,0,70,,60032,37,4,,0,28,,60025,37,4,,0,28,,60033,37,4,,0,70,,60022,37,4,,0,30,,60034,37,4,,0
11029,'1907',805,,54785,1,,,0,100,,54786,1,,,0,100,,54787,1,,,0,100,,54788,1,,,0,100,,54789,1,,,0,100,,54790,1,,,0,100,,54791,1,,,0,100,,54792,1,,,0,100,,54793,1,,,0,100,,54794,1,,,0,100,,60074,1,,,0,100,,54796,1,,,0,100,,54797,1,,,0
11029,'1909',705,,60075,1,,,0,100,,54800,1,,,0,100,,60076,1,,,0,100,,60077,1,,,0,100,,60078,1,,,0,100,,60079,1,,,0,100,,60080,1,,,0,100,,60081,1,,,0,100,,54807,1,,,0,100,,60082,1,,,0,100,,60083,1,,,0,100,,54810,1,,,0,100,,60084,1,,,0,100,,54812,1,,,0,100,,54798,1,,,0
11029,'1910',705,,54827,1,,,0,100,,60085,1,,,0,100,,54815,1,,,0,100,,54816,1,,,0,100,,54817,1,,,0,100,,54818,1,,,0,100,,54819,1,,,0,100,,54820,1,,,0,100,,60086,1,,,0,100,,54822,1,,,0,100,,54823,1,,,0,100,,54824,1,,,0,100,,54825,1,,,0,100,,54826,1,,,0
11029,'1912',805,,54842,1,,,0,100,,54843,1,,,0,100,,54844,1,,,0,100,,54845,1,,,0,100,,54846,1,,,0,100,,54847,1,,,0,100,,54848,1,,,0,100,,54849,1,,,0,100,,54850,1,,,0,100,,54851,1,,,0,100,,60087,1,,,0,100,,54853,1,,,0,100,,54854,1,,,0
11029,'1924',805,,54829,1,,,0,100,,54830,1,,,0,100,,54831,1,,,0,100,,54832,1,,,0,100,,54833,1,,,0,100,,54834,1,,,0,100,,54835,1,,,0,100,,54836,1,,,0,100,,54837,1,,,0,100,,54838,1,,,0,100,,60088,1,,,0,100,,54840,1,,,0,100,,54841,1,,,0
11029,'1925',805,,60089,1,,,0,100,,60090,1,,,0,100,,60091,1,,,0,100,,60092,1,,,0,100,,60093,1,,,0,100,,60094,1,,,0,100,,60095,1,,,0,100,,60096,1,,,0,100,,60097,1,,,0,100,,60098,1,,,0,100,,60099,1,,,0,100,,60100,1,,,0,100,,60101,1,,,0
