2019,'1907',722,,59137,43,,,0,30,,59114,43,,,0,70,,59118,43,,,0,30,,59130,43,,,0,70,,59125,43,,,0,30,,59115,43,,,0,70,,59119,43,,,0,30,,59131,43,,,0,70,,59126,43,,,0,30,,59116,43,,,0,70,,59120,43,,,0,30,,59132,43,,,0,70,,59127,43,,,0,30,,59117,43,,,0,70,,59121,43,,,0,30,,59133,43,,,0,70,,59128,43,,,0,30,,59112,43,,,0,70,,59122,43,,,0,30,,59134,43,,,0,70,,59129,43,,,0,30,,59110,43,,,0,70,,59123,43,,,0,30,,59135,43,,,0,100,,59111,43,,,0,102,,59136,43,,,0,100,,59113,43,,,0,95,,59124,43,,,0,100,,59138,43,,,0
2019,'1909',649,,59139,43,,,0,69,,59140,43,,,0,30,,59141,43,,,0,70,,59142,43,,,0,33,,59143,43,,,0,71,,59144,43,,,0,31,,59161,43,,,0,70,,59162,43,,,0,30,,59163,43,,,0,70,,59164,43,,,0,30,,59165,43,,,0,70,,59166,43,,,0,30,,59167,43,,,0,70,,59168,43,,,0,30,,59169,43,,,0,70,,59159,43,,,0,34,,59160,43,,,0,70,,59145,43,,,0,30,,59146,43,,,0,70,,59147,43,,,0,30,,59148,43,,,0,69,,59149,43,,,0,27,,59150,43,,,0,70,,59151,43,,,0,30,,59152,43,,,0,70,,59158,43,,,0,30,,59153,43,,,0,98,,59154,43,,,0,100,,59155,43,,,0,100,,59156,43,,,0,97,,59157,43,,,0
2019,'1910',652,,59171,34,,,0,70,,59178,43,,,0,30,,59187,43,,,0,70,,59194,43,,,0,30,,59172,43,,,0,70,,59179,43,,,0,30,,59188,43,,,0,69,,59195,43,,,0,31,,59173,43,,,0,70,,59180,43,,,0,30,,59189,43,,,0,70,,59196,43,,,0,30,,59174,43,,,0,70,,59181,43,,,0,30,,59190,43,,,0,70,,59197,43,,,0,30,,59175,43,,,0,70,,59182,43,,,0,30,,59191,43,,,0,70,,59198,43,,,0,30,,59176,43,,,0,70,,59183,43,,,0,30,,59192,43,,,0,70,,59199,43,,,0,30,,59177,43,,,0,70,,59184,43,,,0,30,,59193,43,,,0,100,,59185,43,,,0,100,,59200,43,,,0,97,,59186,43,,,0,98,,59201,43,,,0
2019,'1912',722,,59229,43,,,0,30,,59206,43,,,0,70,,59210,43,,,0,30,,59222,43,,,0,70,,59217,43,,,0,30,,59207,43,,,0,70,,59211,43,,,0,30,,59223,43,,,0,70,,59218,43,,,0,30,,59208,43,,,0,70,,59212,43,,,0,30,,59224,43,,,0,70,,59219,43,,,0,30,,59209,43,,,0,70,,59213,43,,,0,30,,59225,43,,,0,70,,59220,43,,,0,30,,59204,43,,,0,70,,59214,43,,,0,30,,59226,43,,,0,70,,59221,43,,,0,30,,59202,43,,,0,70,,59215,43,,,0,30,,59227,43,,,0,100,,59203,43,,,0,102,,59228,43,,,0,100,,59205,43,,,0,95,,59216,43,,,0,100,,59230,43,,,0
2019,'1924',722,,59258,43,,,0,30,,59235,43,,,0,70,,59239,43,,,0,30,,59251,43,,,0,70,,59246,43,,,0,30,,59236,43,,,0,70,,59240,43,,,0,30,,59252,43,,,0,70,,59247,43,,,0,30,,59237,43,,,0,70,,59241,43,,,0,30,,59253,43,,,0,70,,59248,43,,,0,30,,59238,43,,,0,70,,59242,43,,,0,30,,59254,43,,,0,70,,59249,43,,,0,30,,59233,43,,,0,70,,59243,43,,,0,30,,59255,43,,,0,70,,59250,43,,,0,30,,59231,43,,,0,70,,59244,43,,,0,30,,59256,43,,,0,100,,59232,43,,,0,102,,59257,43,,,0,100,,59234,43,,,0,95,,59245,43,,,0,100,,59259,43,,,0
2019,'1925',722,,59287,43,,,0,30,,59264,43,,,0,70,,59268,43,,,0,30,,59280,43,,,0,70,,59275,43,,,0,30,,59265,43,,,0,70,,59269,43,,,0,30,,59281,43,,,0,70,,59276,43,,,0,30,,59266,43,,,0,70,,59270,43,,,0,30,,59282,43,,,0,70,,59277,43,,,0,30,,59267,43,,,0,70,,59271,43,,,0,30,,59283,43,,,0,70,,59278,43,,,0,30,,59262,43,,,0,70,,59272,43,,,0,30,,59284,43,,,0,70,,59279,43,,,0,30,,59260,43,,,0,70,,59273,43,,,0,30,,59285,43,,,0,100,,59261,43,,,0,102,,59286,43,,,0,100,,59263,43,,,0,95,,59274,43,,,0,100,,59288,43,,,0
7019,'1907',735,,59729,8,,,0,101,,59730,8,,,0,100,,59738,8,,,0,100,,59731,8,,,0,100,,59732,8,,,0,100,,59733,8,,,0,100,,59734,8,,,0,101,,59735,8,,,0,100,,59736,8,,,0,99,,59737,8,,,0,100,,59725,8,,,0,99,,59726,8,,,0,100,,59724,8,,,0,100,,59728,8,,,0,100,,59727,8,,,0
7019,'1909',533,,54158,8,,,0,103,,54157,8,,,0,70,,59751,8,,,0,32,,54156,8,,,0,71,,59750,8,,,0,29,,54154,8,,,0,70,,59749,8,,,0,30,,54152,8,,,0,70,,54153,8,,,0,30,,54151,8,,,0,70,,54149,8,,,0,30,,54163,8,,,0,70,,59754,8,,,0,30,,59753,8,,,0,70,,59752,8,,,0,30,,54141,8,,,0,71,,59748,8,,,0,31,,59743,8,,,0,73,,54139,8,,,0,28,,54147,8,,,0,70,,59747,8,,,0,30,,59746,8,,,0,68,,54138,8,,,0,30,,54137,8,,,0,70,,54136,8,,,0,30,,59745,8,,,0,69,,59744,8,,,0,29,,54135,8,,,0,70,,54142,8,,,0,30,,59742,8,,,0,99,,54132,8,,,0,99,,59741,8,,,0,100,,54168,8,,,0
7019,'1910',636,,59761,8,,,0,69,,59760,8,,,0,30,,54182,8,,,0,70,,54175,8,,,0,32,,54183,8,,,0,70,,54176,8,,,0,30,,59762,8,,,0,70,,54177,8,,,0,30,,54185,8,,,0,70,,54178,8,,,0,30,,54186,8,,,0,70,,54179,8,,,0,30,,59763,8,,,0,70,,54180,8,,,0,30,,59764,8,,,0,70,,54193,8,,,0,30,,54189,8,,,0,70,,54195,8,,,0,30,,54190,8,,,0,70,,54194,8,,,0,30,,54191,8,,,0,70,,54196,8,,,0,30,,54192,8,,,0,70,,54199,8,,,0,29,,54169,8,,,0,70,,54197,8,,,0,30,,59758,8,,,0,70,,54198,8,,,0,30,,54171,8,,,0,99,,54172,8,,,0,100,,59759,8,,,0
7019,'1912',735,,59770,8,,,0,101,,59771,8,,,0,100,,59779,8,,,0,100,,59772,8,,,0,100,,59773,8,,,0,100,,59774,8,,,0,100,,59775,8,,,0,101,,59776,8,,,0,100,,59777,8,,,0,99,,59778,8,,,0,100,,59766,8,,,0,99,,59767,8,,,0,100,,59765,8,,,0,100,,59769,8,,,0,100,,59768,8,,,0
7019,'1924',735,,59787,8,,,0,101,,59788,8,,,0,100,,59796,8,,,0,100,,59789,8,,,0,100,,59790,8,,,0,100,,59791,8,,,0,100,,59792,8,,,0,101,,59793,8,,,0,100,,59794,8,,,0,99,,59795,8,,,0,100,,59783,8,,,0,99,,59784,8,,,0,100,,59782,8,,,0,100,,59786,8,,,0,100,,59785,8,,,0
7019,'1925',735,,59804,8,,,0,101,,59805,8,,,0,100,,59813,8,,,0,100,,59806,8,,,0,100,,59807,8,,,0,100,,59808,8,,,0,100,,59809,8,,,0,101,,59810,8,,,0,100,,59811,8,,,0,99,,59812,8,,,0,100,,59800,8,,,0,99,,59801,8,,,0,100,,59799,8,,,0,100,,59803,8,,,0,100,,59802,8,,,0
