1029,'1907',554,,58968,2,,,0,98,,58969,2,,,0,100,,58970,2,,,0,100,,58971,2,,,0,100,,58972,2,,,0,100,,58973,2,,,0,100,,58974,2,,,0,100,,58975,2,,,0,100,,58976,2,,,0,100,,58977,2,,,0,100,,58978,2,,,0,100,,58979,2,,,0,100,,58980,2,,,0,100,,58981,2,,,0,100,,58982,2,,,0,100,,58983,2,,,0,100,,58984,2,,,0,100,,58985,2,,,0
1029,'1909',551,,58995,2,,,0,75,,58996,2,,,0,25,,59016,2,,,0,69,,58992,2,,,0,30,,58987,2,,,0,70,,59020,2,,,0,33,,58990,2,,,0,70,,58997,2,,,0,30,,59015,2,,,0,70,,58994,2,,,0,30,,58986,2,,,0,70,,59019,2,,,0,30,,58991,2,,,0,70,,58998,2,,,0,30,,59014,2,,,0,70,,58993,2,,,0,30,,58988,2,,,0,70,,59017,2,,,0,31,,58989,2,,,0,70,,58999,2,,,0,30,,59013,2,,,0,70,,59002,2,,,0,30,,59001,2,,,0,70,,59000,2,,,0,28,,59006,2,,,0,70,,59005,2,,,0,30,,59004,2,,,0,70,,59003,2,,,0,30,,59018,2,,,0,70,,59012,2,,,0,30,,59011,2,,,0,70,,59010,2,,,0,30,,59009,2,,,0,70,,59008,2,,,0,25,,59007,2,,,0
1029,'1910',554,,59026,2,,,0,68,,59038,2,,,0,30,,59045,2,,,0,70,,59033,2,,,0,30,,59054,2,,,0,70,,59042,2,,,0,30,,59025,2,,,0,67,,59037,2,,,0,30,,59048,2,,,0,70,,59032,2,,,0,30,,59055,2,,,0,70,,59041,2,,,0,30,,59024,2,,,0,70,,59036,2,,,0,30,,59047,2,,,0,70,,59031,2,,,0,30,,59027,2,,,0,70,,59040,2,,,0,30,,59023,2,,,0,70,,59035,2,,,0,30,,59043,2,,,0,70,,59030,2,,,0,30,,59052,2,,,0,70,,59039,2,,,0,30,,59022,2,,,0,73,,59034,2,,,0,30,,59046,2,,,0,70,,59028,2,,,0,30,,59050,2,,,0,70,,59049,2,,,0,30,,59021,2,,,0,70,,59029,2,,,0,30,,59044,2,,,0,70,,59053,2,,,0,30,,59051,2,,,0
1029,'1912',554,,59056,2,,,0,98,,59057,2,,,0,100,,59058,2,,,0,100,,59059,2,,,0,100,,59060,2,,,0,100,,59061,2,,,0,100,,59062,2,,,0,100,,59063,2,,,0,100,,59064,2,,,0,100,,59065,2,,,0,100,,59066,2,,,0,100,,59067,2,,,0,100,,59068,2,,,0,100,,59069,2,,,0,100,,59070,2,,,0,100,,59071,2,,,0,100,,59072,2,,,0,100,,59073,2,,,0
1029,'1924',554,,59074,2,,,0,98,,59075,2,,,0,100,,59076,2,,,0,100,,59077,2,,,0,100,,59078,2,,,0,100,,59079,2,,,0,100,,59080,2,,,0,100,,59081,2,,,0,100,,59082,2,,,0,100,,59083,2,,,0,100,,59084,2,,,0,100,,59085,2,,,0,100,,59086,2,,,0,100,,59087,2,,,0,100,,59088,2,,,0,100,,59089,2,,,0,100,,59090,2,,,0,100,,59091,2,,,0
1029,'1925',554,,59092,2,,,0,98,,59093,2,,,0,100,,59094,2,,,0,100,,59095,2,,,0,100,,59096,2,,,0,100,,59097,2,,,0,100,,59098,2,,,0,100,,59099,2,,,0,100,,59100,2,,,0,100,,59101,2,,,0,100,,59102,2,,,0,100,,59103,2,,,0,100,,59104,2,,,0,100,,59105,2,,,0,100,,59106,2,,,0,100,,59107,2,,,0,100,,59108,2,,,0,100,,59109,2,,,0
801019,'1907',746,,58439,2,0,12,0,70,,58435,2,0,12,0,30,,58443,2,0,12,0,70,,58432,2,0,12,0,30,,58427,2,0,12,0,70,,58437,2,0,12,0,30,,58450,2,0,12,0,70,,58441,2,0,12,0,30,,58438,2,0,12,0,70,,58447,2,0,12,0,30,,58433,2,0,12,0,70,,58444,2,0,12,0,30,,58446,2,0,12,0,70,,58442,2,0,12,0,30,,58429,2,0,12,0,70,,58448,2,0,12,0,30,,58434,2,0,12,0,70,,58430,2,0,12,0,30,,58445,2,0,12,0,70,,58428,2,0,12,0,30,,58431,2,0,12,0,70,,58449,2,0,12,0,30,,58426,2,0,12,0,71,,58436,2,0,12,0,30,,58451,2,0,12,0,70,,58440,2,0,12,0
801019,'1909',552,,61696,2,0,12,0,70,,61693,2,0,12,0,20,,58477,2,0,12,0,65,,58474,2,0,12,0,15,,58476,2,0,12,0,18,,58473,2,0,12,0,60,,58475,2,0,12,0,20,,58481,2,0,12,0,25,,58452,2,0,12,0,71,,58453,2,0,12,0,30,,61684,2,0,12,0,70,,58455,2,0,12,0,30,,58456,2,0,12,0,70,,61685,2,0,12,0,30,,61686,2,0,12,0,69,,58459,2,0,12,0,31,,58460,2,0,12,0,70,,61687,2,0,12,0,30,,58462,2,0,12,0,70,,58463,2,0,12,0,31,,58478,2,0,12,0,70,,61694,2,0,12,0,25,,58464,2,0,12,0,60,,61688,2,0,12,0,20,,58483,2,0,12,0,20,,58466,2,0,12,0,60,,58467,2,0,12,0,22,,61695,2,0,12,0,18,,61689,2,0,12,0,60,,61697,2,0,12,0,15,,61692,2,0,12,0,30,,58469,2,0,12,0,70,,61690,2,0,12,0,30,,61691,2,0,12,0,70,,58472,2,0,12,0
801019,'1910',747,,61698,2,0,12,0,70,,58490,2,0,12,0,30,,58491,2,0,12,0,70,,58488,2,0,12,0,30,,58487,2,0,12,0,70,,58506,2,0,12,0,30,,58507,2,0,12,0,70,,58510,2,0,12,0,30,,58496,2,0,12,0,70,,58505,2,0,12,0,30,,58503,2,0,12,0,70,,58509,2,0,12,0,30,,61700,2,0,12,0,70,,58511,2,0,12,0,30,,58501,2,0,12,0,70,,58502,2,0,12,0,30,,58497,2,0,12,0,70,,58512,2,0,12,0,30,,58495,2,0,12,0,70,,58504,2,0,12,0,30,,58500,2,0,12,0,70,,58508,2,0,12,0,30,,58499,2,0,12,0,70,,58492,2,0,12,0,30,,58493,2,0,12,0,70,,61699,2,0,12,0
801019,'1912',746,,58552,2,0,12,0,70,,58548,2,0,12,0,30,,58556,2,0,12,0,70,,58545,2,0,12,0,30,,58540,2,0,12,0,70,,58550,2,0,12,0,30,,58563,2,0,12,0,70,,58554,2,0,12,0,30,,58551,2,0,12,0,70,,58560,2,0,12,0,30,,58546,2,0,12,0,70,,58557,2,0,12,0,30,,58559,2,0,12,0,70,,58555,2,0,12,0,30,,58542,2,0,12,0,70,,58561,2,0,12,0,30,,58547,2,0,12,0,70,,58543,2,0,12,0,30,,58558,2,0,12,0,70,,58541,2,0,12,0,30,,58544,2,0,12,0,70,,58562,2,0,12,0,30,,58539,2,0,12,0,71,,58549,2,0,12,0,30,,58564,2,0,12,0,70,,58553,2,0,12,0
801019,'1924',746,,58526,2,0,12,0,70,,58522,2,0,12,0,30,,58530,2,0,12,0,70,,58519,2,0,12,0,30,,58514,2,0,12,0,70,,58524,2,0,12,0,30,,58537,2,0,12,0,70,,58528,2,0,12,0,30,,58525,2,0,12,0,70,,58534,2,0,12,0,30,,58520,2,0,12,0,70,,58531,2,0,12,0,30,,58533,2,0,12,0,70,,58529,2,0,12,0,30,,58516,2,0,12,0,70,,58535,2,0,12,0,30,,58521,2,0,12,0,70,,58517,2,0,12,0,30,,58532,2,0,12,0,70,,58515,2,0,12,0,30,,58518,2,0,12,0,70,,58536,2,0,12,0,30,,58513,2,0,12,0,71,,58523,2,0,12,0,30,,58538,2,0,12,0,70,,58527,2,0,12,0
801019,'1925',746,,61714,2,0,12,0,70,,61710,2,0,12,0,30,,61718,2,0,12,0,70,,61707,2,0,12,0,30,,61702,2,0,12,0,70,,61712,2,0,12,0,30,,61725,2,0,12,0,70,,61716,2,0,12,0,30,,61713,2,0,12,0,70,,61722,2,0,12,0,30,,61708,2,0,12,0,70,,61719,2,0,12,0,30,,61721,2,0,12,0,70,,61717,2,0,12,0,30,,61704,2,0,12,0,70,,61723,2,0,12,0,30,,61709,2,0,12,0,70,,61705,2,0,12,0,30,,61720,2,0,12,0,70,,61703,2,0,12,0,30,,61706,2,0,12,0,70,,61724,2,0,12,0,30,,61701,2,0,12,0,71,,61711,2,0,12,0,30,,61726,2,0,12,0,70,,61715,2,0,12,0
