609,'1907',845,,53873,3,4,,0,100,,53878,3,4,,0,100,,53889,3,4,,0,100,,53879,3,4,,0,100,,53890,3,4,,0,100,,53877,3,4,,0,100,,53888,3,4,,0,100,,53876,3,4,,0,100,,53887,3,4,,0,100,,53875,3,4,,0,100,,53891,3,4,,0,100,,53880,3,4,,0
609,'1909',645,,59618,13,0,18 7,0,70,,59612,13,0,18 7,0,30,,53920,13,0,18 7,0,70,,53935,13,0,18 7,0,30,,53904,13,0,18 7,0,70,,59620,13,0,18 7,0,30,,59607,13,0,18 7,0,70,,59610,13,0,18 7,0,30,,53930,13,0,18 7,0,70,,53931,13,0,18 7,0,30,,59617,13,0,18 7,0,70,,53922,13,0,18 7,0,30,,53926,13,0,18 7,0,70,,53917,13,0,18 7,0,30,,53923,13,0,18 7,0,70,,53916,13,0,18 7,0,31,,53911,13,0,18 7,0,70,,53905,13,0,18 7,0,30,,59614,13,0,18 7,0,70,,53910,13,0,18 7,0,30,,59633,13,0,18 7,0,70,,59615,13,0,18 7,0,29,,59608,13,0,18 7,0,70,,59619,13,0,18 7,0,30,,59609,13,0,18 7,0,71,,59631,13,0,18 7,0,98,,53921,13,0,18 7,0,100,,59632,13,0,18 7,0,100,,53913,13,0,18 7,0,100,,59636,13,0,18 7,0
609,'1910',643,,59663,13,0,18 7,0,70,,59647,13,0,18 7,0,30,,59676,13,0,18 7,0,70,,53974,13,0,18 7,0,30,,53992,13,0,18 7,0,71,,53973,13,0,18 7,0,30,,59675,13,0,18 7,0,70,,59646,13,0,18 7,0,30,,59662,13,0,18 7,0,70,,59645,13,0,18 7,0,31,,59674,13,0,18 7,0,70,,59644,13,0,18 7,0,30,,59661,13,0,18 7,0,70,,59642,13,0,18 7,0,30,,59660,13,0,18 7,0,70,,59638,13,0,18 7,0,30,,59686,13,0,18 7,0,70,,59659,13,0,18 7,0,30,,59640,13,0,18 7,0,70,,59670,13,0,18 7,0,30,,59639,13,0,18 7,0,69,,59671,13,0,18 7,0,30,,59641,13,0,18 7,0,70,,59672,13,0,18 7,0,30,,59643,13,0,18 7,0,69,,59673,13,0,18 7,0,102,,59648,3,4,,0,100,,54022,3,4,,0
609,'1912',845,,54064,3,4,,0,100,,54069,3,4,,0,100,,54080,3,4,,0,100,,54070,3,4,,0,100,,54081,3,4,,0,100,,54068,3,4,,0,100,,54079,3,4,,0,100,,54067,3,4,,0,100,,54078,3,4,,0,100,,54066,3,4,,0,100,,54082,3,4,,0,100,,54071,3,4,,0
609,'1924',845,,54028,3,4,,0,100,,54033,3,4,,0,100,,54044,3,4,,0,100,,54034,3,4,,0,100,,54045,3,4,,0,100,,54032,3,4,,0,100,,54043,3,4,,0,100,,54031,3,4,,0,100,,54042,3,4,,0,100,,54030,3,4,,0,100,,54046,3,4,,0,100,,54035,3,4,,0
609,'1925',845,,59693,3,4,,0,100,,59698,3,4,,0,100,,59709,3,4,,0,100,,59699,3,4,,0,100,,59710,3,4,,0,100,,59697,3,4,,0,100,,59708,3,4,,0,100,,59696,3,4,,0,100,,59707,3,4,,0,100,,59695,3,4,,0,100,,59711,3,4,,0,100,,59700,3,4,,0
11019,'1907',918,,54715,26,,,0,100,,54716,26,,,0,100,,54717,26,,,0,101,,54718,26,,,0,100,,54719,26,,,0,100,,54720,26,,,0,100,,54721,26,,,0,99,,54722,26,,,0,100,,54723,26,,,0,100,,54724,26,,,0,99,,60045,26,,,0,100,,54727,26,,,0
11019,'1909',719,,54728,26,,,0,101,,60046,26,,,0,101,,60047,26,,,0,100,,60048,26,,,0,100,,60049,26,,,0,100,,60050,26,,,0,100,,60051,26,,,0,100,,60052,26,,,0,100,,60053,26,,,0,100,,54737,26,,,0,100,,60054,26,,,0,99,,60055,26,,,0,99,,54740,26,,,0,100,,60056,26,,,0,100,,54742,26,,,0
11019,'1910',718,,54746,26,,,0,100,,54747,26,,,0,101,,60057,26,,,0,100,,54749,26,,,0,100,,54750,26,,,0,100,,54751,26,,,0,100,,54752,26,,,0,100,,54753,26,,,0,100,,54754,26,,,0,100,,60058,26,,,0,100,,54756,26,,,0,100,,54757,26,,,0,99,,54744,26,,,0,100,,54745,26,,,0
11019,'1912',918,,54772,26,,,0,100,,54773,26,,,0,100,,54774,26,,,0,101,,54775,26,,,0,100,,54776,26,,,0,100,,54777,26,,,0,100,,54778,26,,,0,99,,54779,26,,,0,100,,54780,26,,,0,100,,54781,26,,,0,99,,60059,26,,,0,100,,54784,26,,,0
11019,'1924',918,,54759,26,,,0,100,,54760,26,,,0,100,,54761,26,,,0,101,,54762,26,,,0,100,,54763,26,,,0,100,,54764,26,,,0,100,,54765,26,,,0,99,,54766,26,,,0,100,,54767,26,,,0,100,,54768,26,,,0,99,,60060,26,,,0,100,,54771,26,,,0
11019,'1925',918,,60061,26,,,0,100,,60062,26,,,0,100,,60063,26,,,0,101,,60064,26,,,0,100,,60065,26,,,0,100,,60066,26,,,0,100,,60067,26,,,0,99,,60068,26,,,0,100,,60069,26,,,0,100,,60070,26,,,0,99,,60071,26,,,0,100,,60073,26,,,0
15029,'1907',721,,60289,26,,,0,95,,60295,26,,,0,100,,60288,26,,,0,100,,60287,26,,,0,101,,60294,26,,,0,100,,60292,26,,,0,100,,60291,26,,,0,102,,60286,26,,,0,100,,60284,26,,,0,100,,60285,26,,,0,99,,60290,26,,,0,99,,60296,26,,,0,100,,60293,26,,,0,100,,60297,26,,,0
15029,'1909',645,,60299,26,,,0,75,,55187,26,,,0,30,,55188,26,,,0,71,,60300,26,,,0,31,,55190,26,,,0,68,,55191,26,,,0,28,,55192,26,,,0,70,,55193,26,,,0,30,,60301,26,,,0,70,,60302,26,,,0,30,,60303,26,,,0,70,,55197,26,,,0,30,,60304,26,,,0,70,,60305,26,,,0,30,,55200,26,,,0,70,,55201,26,,,0,34,,55202,26,,,0,73,,55203,26,,,0,33,,55204,26,,,0,70,,55205,26,,,0,29,,55206,26,,,0,66,,60306,26,,,0,28,,55208,26,,,0,67,,55209,26,,,0,29,,55210,26,,,0,70,,60307,26,,,0,30,,55212,26,,,0,70,,55216,26,,,0,29,,55213,26,,,0,97,,60308,26,,,0,100,,55215,26,,,0
15029,'1910',726,,55219,26,,,0,93,,60309,26,,,0,100,,55221,26,,,0,101,,55222,26,,,0,101,,60310,26,,,0,100,,55224,26,,,0,100,,55225,26,,,0,103,,60311,26,,,0,100,,60312,26,,,0,100,,55228,26,,,0,100,,55229,26,,,0,100,,55230,26,,,0,96,,55217,26,,,0,100,,55218,26,,,0
15029,'1912',721,,60318,26,,,0,95,,60324,26,,,0,100,,60317,26,,,0,100,,60316,26,,,0,101,,60323,26,,,0,100,,60321,26,,,0,100,,60320,26,,,0,102,,60315,26,,,0,100,,60313,26,,,0,100,,60314,26,,,0,99,,60319,26,,,0,99,,60325,26,,,0,100,,60322,26,,,0,100,,60326,26,,,0
15029,'1924',721,,60332,26,,,0,95,,60338,26,,,0,100,,60331,26,,,0,100,,60330,26,,,0,101,,60337,26,,,0,100,,60335,26,,,0,100,,60334,26,,,0,102,,60329,26,,,0,100,,60327,26,,,0,100,,60328,26,,,0,99,,60333,26,,,0,99,,60339,26,,,0,100,,60336,26,,,0,100,,60340,26,,,0
15029,'1925',721,,60346,26,,,0,95,,60352,26,,,0,100,,60345,26,,,0,100,,60344,26,,,0,101,,60351,26,,,0,100,,60349,26,,,0,100,,60348,26,,,0,102,,60343,26,,,0,100,,60341,26,,,0,100,,60342,26,,,0,99,,60347,26,,,0,99,,60353,26,,,0,100,,60350,26,,,0,100,,60354,26,,,0
701019,'1907',633,,57470,16,,,0,68,,57511,16,,,0,30,,61384,16,,,0,70,,57469,16,,,0,15,,57446,16,,,0,15,,57514,16,,,0,15,,57428,16,,,0,55,,61382,16,,,0,17,,57430,16,,,0,15,,57466,16,,,0,15,,57447,16,,,0,55,,57509,16,,,0,15,,57422,16,,,0,15,,61383,16,,,0,15,,57431,16,,,0,55,,57465,16,,,0,15,,57426,16,,,0,17,,57505,16,,,0,15,,57434,16,,,0,55,,57488,16,,,0,15,,57429,16,,,0,15,,57462,16,,,0,15,,57441,16,,,0,55,,57506,16,,,0,15,,57432,16,,,0,15,,57484,16,,,0,15,,57437,16,,,0,55,,57460,16,,,0,15,,57440,16,,,0,15,,57515,16,,,0,15,,57427,16,,,0,55,,57485,16,,,0,15,,57439,16,,,0,15,,57458,16,,,0,15,,57443,16,,,0,55,,57510,16,,,0,15,,57424,16,,,0,15,,57491,16,,,0,15,,57425,16,,,0,55,,57456,16,,,0,15,,57442,16,,,0,15,,57502,16,,,0,15,,57423,16,,,0,55,,57481,16,,,0,15,,57438,16,,,0,14,,57455,16,,,0,15,,57444,16,,,0,55,,57501,16,,,0,15,,57435,16,,,0,15,,57482,16,,,0,15,,57436,16,,,0,55,,57453,16,,,0,14,,57445,16,,,0,15,,57516,16,,,0,15,,57433,16,,,0,55,,57480,16,,,0,30,,57450,16,,,0,70,,57512,16,,,0,30,,57475,16,,,0,69,,57448,16,,,0,30,,57517,16,,,0,25,,57518,16,,,0,65,,57520,16,,,0
701019,'1909',613,,57521,16,,,0,30,,57522,16,,,0,58,,57523,16,,,0,18,,57524,16,,,0,15,,57525,16,,,0,15,,57526,16,,,0,55,,57527,16,,,0,15,,57528,16,,,0,15,,57529,16,,,0,15,,61386,16,,,0,55,,57531,16,,,0,17,,57532,16,,,0,15,,57533,16,,,0,15,,57534,16,,,0,55,,61411,16,,,0,15,,61387,16,,,0,15,,61388,16,,,0,15,,57537,16,,,0,55,,57538,16,,,0,15,,57539,16,,,0,15,,57540,16,,,0,15,,61389,16,,,0,55,,61390,16,,,0,15,,61391,16,,,0,15,,57544,16,,,0,15,,57545,16,,,0,55,,57546,16,,,0,15,,57547,16,,,0,15,,61392,16,,,0,15,,61393,16,,,0,55,,61394,16,,,0,15,,57551,16,,,0,17,,57552,16,,,0,18,,57553,16,,,0,55,,57554,16,,,0,15,,57620,16,,,0,15,,61395,16,,,0,15,,57556,16,,,0,55,,61396,16,,,0,15,,57558,16,,,0,15,,61409,16,,,0,15,,57559,16,,,0,55,,57560,16,,,0,15,,57561,16,,,0,12,,57562,16,,,0,12,,57563,16,,,0,55,,57564,16,,,0,15,,61397,16,,,0,15,,57566,16,,,0,15,,61398,16,,,0,55,,57568,16,,,0,15,,57569,16,,,0,15,,57570,16,,,0,15,,61399,16,,,0,54,,57572,16,,,0,13,,61400,16,,,0,15,,57574,16,,,0,15,,57575,16,,,0,55,,57576,16,,,0,30,,57577,16,,,0,70,,57578,16,,,0,30,,57579,16,,,0,70,,57580,16,,,0,30,,57581,16,,,0,25,,61401,16,,,0,65,,57583,16,,,0
701019,'1910',633,,57662,16,,,0,68,,57647,16,,,0,30,,57637,16,,,0,70,,57643,16,,,0,15,,61414,16,,,0,15,,57650,16,,,0,17,,57666,16,,,0,55,,57633,16,,,0,15,,57667,16,,,0,15,,57638,16,,,0,15,,57672,16,,,0,55,,57644,16,,,0,19,,57688,16,,,0,15,,57708,16,,,0,15,,57724,16,,,0,56,,57712,16,,,0,15,,57679,16,,,0,15,,57719,16,,,0,15,,57701,16,,,0,55,,57726,16,,,0,15,,57717,16,,,0,15,,57674,16,,,0,15,,57722,16,,,0,55,,57707,16,,,0,15,,57678,16,,,0,15,,57716,16,,,0,15,,57700,16,,,0,55,,57681,16,,,0,15,,61418,16,,,0,15,,57706,16,,,0,15,,57723,16,,,0,55,,57715,16,,,0,15,,57677,16,,,0,15,,57720,16,,,0,15,,57705,16,,,0,55,,57697,16,,,0,15,,57718,16,,,0,15,,61420,16,,,0,15,,57728,16,,,0,54,,57676,16,,,0,15,,57696,16,,,0,15,,57703,16,,,0,15,,57694,16,,,0,55,,57689,16,,,0,15,,57692,16,,,0,15,,61416,16,,,0,15,,57687,16,,,0,54,,57680,16,,,0,12,,57663,16,,,0,15,,57693,16,,,0,15,,57668,16,,,0,55,,57645,16,,,0,15,,57669,16,,,0,15,,57651,16,,,0,15,,61415,16,,,0,55,,57634,16,,,0,29,,57639,16,,,0,70,,57646,16,,,0,30,,57652,16,,,0,70,,57659,16,,,0,30,,57661,16,,,0,25,,57671,16,,,0,65,,57664,16,,,0
701019,'1912',633,,57877,16,,,0,68,,57918,16,,,0,30,,61425,16,,,0,70,,57876,16,,,0,15,,57853,16,,,0,15,,57921,16,,,0,15,,57835,16,,,0,55,,61423,16,,,0,17,,57837,16,,,0,15,,57873,16,,,0,15,,57854,16,,,0,55,,57916,16,,,0,15,,57829,16,,,0,15,,61424,16,,,0,15,,57838,16,,,0,55,,57872,16,,,0,15,,57833,16,,,0,17,,57912,16,,,0,15,,57841,16,,,0,55,,57895,16,,,0,15,,57836,16,,,0,15,,57869,16,,,0,15,,57848,16,,,0,55,,57913,16,,,0,15,,57839,16,,,0,15,,57891,16,,,0,15,,57844,16,,,0,55,,57867,16,,,0,15,,57847,16,,,0,15,,57922,16,,,0,15,,57834,16,,,0,55,,57892,16,,,0,15,,57846,16,,,0,15,,57865,16,,,0,15,,57850,16,,,0,55,,57917,16,,,0,15,,57831,16,,,0,15,,57898,16,,,0,15,,57832,16,,,0,55,,57863,16,,,0,15,,57849,16,,,0,15,,57909,16,,,0,15,,57830,16,,,0,55,,57888,16,,,0,15,,57845,16,,,0,14,,57862,16,,,0,15,,57851,16,,,0,55,,57908,16,,,0,15,,57842,16,,,0,15,,57889,16,,,0,15,,57843,16,,,0,55,,57860,16,,,0,14,,57852,16,,,0,15,,57923,16,,,0,15,,57840,16,,,0,55,,57887,16,,,0,30,,57857,16,,,0,70,,57919,16,,,0,30,,57882,16,,,0,69,,57855,16,,,0,30,,57924,16,,,0,25,,57925,16,,,0,65,,57927,16,,,0
701019,'1924',633,,57778,16,,,0,68,,57819,16,,,0,30,,61431,16,,,0,70,,57777,16,,,0,15,,57754,16,,,0,15,,57822,16,,,0,15,,57736,16,,,0,55,,61429,16,,,0,17,,57738,16,,,0,15,,57774,16,,,0,15,,57755,16,,,0,55,,57817,16,,,0,15,,57730,16,,,0,15,,61430,16,,,0,15,,57739,16,,,0,55,,57773,16,,,0,15,,57734,16,,,0,17,,57813,16,,,0,15,,57742,16,,,0,55,,57796,16,,,0,15,,57737,16,,,0,15,,57770,16,,,0,15,,57749,16,,,0,55,,57814,16,,,0,15,,57740,16,,,0,15,,57792,16,,,0,15,,57745,16,,,0,55,,57768,16,,,0,15,,57748,16,,,0,15,,57823,16,,,0,15,,57735,16,,,0,55,,57793,16,,,0,15,,57747,16,,,0,15,,57766,16,,,0,15,,57751,16,,,0,55,,57818,16,,,0,15,,57732,16,,,0,15,,57799,16,,,0,15,,57733,16,,,0,55,,57764,16,,,0,15,,57750,16,,,0,15,,57810,16,,,0,15,,57731,16,,,0,55,,57789,16,,,0,15,,57746,16,,,0,14,,57763,16,,,0,15,,57752,16,,,0,55,,57809,16,,,0,15,,57743,16,,,0,15,,57790,16,,,0,15,,57744,16,,,0,55,,57761,16,,,0,14,,57753,16,,,0,15,,57824,16,,,0,15,,57741,16,,,0,55,,57788,16,,,0,30,,57758,16,,,0,70,,57820,16,,,0,30,,57783,16,,,0,69,,57756,16,,,0,30,,57825,16,,,0,25,,57826,16,,,0,65,,57828,16,,,0
701019,'1925',633,,61481,16,,,0,68,,61522,16,,,0,30,,61503,16,,,0,70,,61480,16,,,0,15,,61457,16,,,0,15,,61525,16,,,0,15,,61439,16,,,0,55,,61490,16,,,0,17,,61441,16,,,0,15,,61477,16,,,0,15,,61458,16,,,0,55,,61520,16,,,0,15,,61433,16,,,0,15,,61501,16,,,0,15,,61442,16,,,0,55,,61476,16,,,0,15,,61437,16,,,0,17,,61516,16,,,0,15,,61445,16,,,0,55,,61499,16,,,0,15,,61440,16,,,0,15,,61473,16,,,0,15,,61452,16,,,0,55,,61517,16,,,0,15,,61443,16,,,0,15,,61495,16,,,0,15,,61448,16,,,0,55,,61471,16,,,0,15,,61451,16,,,0,15,,61526,16,,,0,15,,61438,16,,,0,55,,61496,16,,,0,15,,61450,16,,,0,15,,61469,16,,,0,15,,61454,16,,,0,55,,61521,16,,,0,15,,61435,16,,,0,15,,61502,16,,,0,15,,61436,16,,,0,55,,61467,16,,,0,15,,61453,16,,,0,15,,61513,16,,,0,15,,61434,16,,,0,55,,61492,16,,,0,15,,61449,16,,,0,14,,61466,16,,,0,15,,61455,16,,,0,55,,61512,16,,,0,15,,61446,16,,,0,15,,61493,16,,,0,15,,61447,16,,,0,55,,61464,16,,,0,14,,61456,16,,,0,15,,61527,16,,,0,15,,61444,16,,,0,55,,61491,16,,,0,30,,61461,16,,,0,70,,61523,16,,,0,30,,61486,16,,,0,69,,61459,16,,,0,30,,61528,16,,,0,25,,61529,16,,,0,65,,61531,16,,,0
