2029,'1907',614,,53401,14,,,0,30,,53409,14,,,0,67,,53420,14,,,0,28,,53415,14,,,0,70,,53402,14,,,0,30,,53410,14,,,0,70,,53421,14,,,0,30,,53416,14,,,0,70,,53403,14,,,0,30,,53411,14,,,0,70,,53422,14,,,0,30,,53417,14,,,0,70,,53404,14,,,0,30,,53412,14,,,0,70,,53423,14,,,0,30,,53418,14,,,0,70,,53405,14,,,0,30,,53413,14,,,0,70,,53424,14,,,0,30,,53419,14,,,0,70,,53406,14,,,0,30,,53414,14,,,0,70,,53425,14,,,0,29,,53429,14,0,5 2 13 14,0,71,,53407,14,,,0,29,,53428,14,0,5 2 13 14,0,70,,53426,14,,,0,100,,53408,14,,,0,101,,53427,14,,,0,100,,53400,14,,,0,94,,53430,14,0,5 2 13 14,0,100,,53431,14,0,5 2 13 14,0
2029,'1909',541,,53433,14,,,0,70,,53434,14,,,0,26,,53435,14,,,0,69,,53436,14,,,0,30,,53437,14,,,0,70,,53438,14,,,0,30,,53439,14,,,0,72,,53440,14,,,0,31,,53441,14,,,0,71,,53464,14,,,0,30,,53460,14,,,0,70,,53466,14,,,0,30,,53462,14,,,0,70,,53463,14,,,0,30,,53459,14,,,0,70,,53465,14,,,0,30,,53461,14,,,0,70,,53467,14,,,0,31,,53442,14,,,0,74,,53443,14,,,0,30,,53444,14,,,0,70,,53445,14,,,0,30,,53446,14,,,0,70,,53447,14,,,0,27,,53448,14,,,0,67,,53449,14,,,0,30,,53453,14,,,0,70,,53454,14,,,0,30,,53457,14,0,5 2 13 14,0,70,,53455,14,,,0,97,,53456,14,,,0,100,,53452,14,,,0,100,,53451,14,0,5 2 13 14,0,97,,53458,14,0,5 2 13 14,0
2029,'1910',544,,53499,14,0,5 2 15 16 17,0,70,,53482,14,,,0,30,,53489,14,,,0,65,,53468,14,,,0,30,,53474,14,,,0,70,,53483,14,,,0,30,,53490,14,,,0,70,,53469,14,,,0,30,,53475,14,,,0,70,,53484,14,,,0,30,,53491,14,,,0,70,,53470,14,,,0,30,,53476,14,,,0,70,,53485,14,,,0,30,,53492,14,,,0,70,,53471,14,,,0,30,,53477,14,,,0,70,,53486,14,,,0,30,,53493,14,,,0,70,,53472,14,,,0,30,,53478,14,,,0,70,,53487,14,,,0,30,,53494,14,,,0,70,,53473,14,,,0,30,,53479,14,,,0,70,,53488,14,,,0,30,,53495,14,,,0,69,,53480,14,,,0,30,,53501,14,0,5 2 13 14,0,70,,53496,14,,,0,100,,53481,14,,,0,100,,53497,14,,,0,96,,53498,14,0,5 2 13 14,0,98,,53500,14,0,5 2 13 14,0
2029,'1911',614,,53503,14,,,0,30,,53511,14,,,0,67,,53522,14,,,0,28,,53517,14,,,0,70,,53504,14,,,0,30,,53512,14,,,0,70,,53523,14,,,0,30,,53518,14,,,0,70,,53505,14,,,0,30,,53513,14,,,0,70,,53524,14,,,0,30,,53519,14,,,0,70,,53506,14,,,0,30,,53514,14,,,0,70,,53525,14,,,0,30,,53520,14,,,0,70,,53507,14,,,0,30,,53515,14,,,0,70,,53526,14,,,0,30,,53521,14,,,0,70,,53508,14,,,0,30,,53516,14,,,0,70,,53527,14,,,0,29,,53531,14,0,5 2 13 14,0,71,,53509,14,,,0,29,,53530,14,0,5 2 13 14,0,70,,53528,14,,,0,100,,53510,14,,,0,101,,53529,14,,,0,100,,53502,14,,,0,94,,53532,14,0,5 2 13 14,0,100,,53533,14,0,5 2 13 14,0
2029,'1912',614,,53536,14,,,0,30,,53544,14,,,0,67,,53555,14,,,0,28,,53550,14,,,0,70,,53537,14,,,0,30,,53545,14,,,0,70,,53556,14,,,0,30,,53551,14,,,0,70,,53538,14,,,0,30,,53546,14,,,0,70,,53557,14,,,0,30,,53552,14,,,0,70,,53539,14,,,0,30,,53547,14,,,0,70,,53558,14,,,0,30,,53553,14,,,0,70,,53540,14,,,0,30,,53548,14,,,0,70,,53559,14,,,0,30,,53554,14,,,0,70,,53541,14,,,0,30,,53549,14,,,0,70,,53560,14,,,0,29,,53564,14,0,5 2 13 14,0,71,,53542,14,,,0,29,,53563,14,0,5 2 13 14,0,70,,53561,14,,,0,100,,53543,14,,,0,101,,53562,14,,,0,100,,53535,14,,,0,94,,53565,14,0,5 2 13 14,0,100,,53566,14,0,5 2 13 14,0
60019,'1912',606,,56127,2,,,0,30,,56113,2,,,0,70,,56124,2,,,0,30,,56112,2,,,0,71,,56123,2,,,0,29,,56119,2,,,0,70,,56128,2,,,0,30,,56111,2,,,0,70,,56126,2,,,0,30,,56110,2,,,0,70,,56121,2,,,0,30,,56115,2,,,0,70,,56106,2,,,0,30,,56114,2,,,0,70,,56130,2,,,0,30,,56120,2,,,0,70,,56122,2,,,0,30,,56135,2,,,0,70,,56108,2,,,0,30,,56131,2,,,0,70,,56118,2,,,0,30,,56134,2,,,0,70,,56129,2,,,0,30,,56133,2,,,0,70,,56116,2,,,0,30,,56136,2,,,0,70,,56107,2,,,0,30,,56132,2,,,0,70,,56109,2,,,0,30,,56117,2,,,0,70,,56125,2,,,0,30,,56137,2,,,0,70,,56105,2,,,0
701019,'1907',605,,57471,2,,,0,28,,57504,2,,,0,68,,57493,2,,,0,30,,57468,2,,,0,70,,57495,2,,,0,30,,57472,2,,,0,70,,57467,2,,,0,30,,57497,2,,,0,70,,57476,2,,,0,30,,57464,2,,,0,70,,57499,2,,,0,30,,57474,2,,,0,70,,57463,2,,,0,30,,57494,2,,,0,70,,57478,2,,,0,30,,57461,2,,,0,70,,57498,2,,,0,30,,57477,2,,,0,70,,57459,2,,,0,30,,57496,2,,,0,70,,57473,2,,,0,30,,57457,2,,,0,70,,57500,2,,,0,30,,57483,2,,,0,70,,57454,2,,,0,30,,57513,2,,,0,70,,57486,2,,,0,30,,57452,2,,,0,70,,57508,2,,,0,30,,57489,2,,,0,70,,57449,2,,,0,30,,57503,2,,,0,70,,57487,2,,,0,30,,57451,2,,,0,70,,57507,2,,,0,25,,57519,2,,,0
701019,'1909',546,,57611,2,,,0,70,,57612,2,,,0,18,,57622,2,,,0,14,,57613,2,,,0,69,,57621,2,,,0,15,,57614,2,,,0,25,,57615,2,,,0,53,,57616,2,,,0,20,,57617,2,,,0,29,,57584,2,,,0,70,,57629,2,,,0,30,,57585,2,,,0,70,,57586,2,,,0,30,,57587,2,,,0,70,,57588,2,,,0,30,,57589,2,,,0,70,,57590,2,,,0,30,,57591,2,,,0,70,,57592,2,,,0,30,,57593,2,,,0,71,,57594,2,,,0,14,,57626,2,0,5 2 11 2 12,0,56,,57630,2,,,0,11,,57595,2,,,0,20,,57619,2,,,0,19,,57625,2,0,5 2 11 2 12,0,61,,57596,2,,,0,20,,57597,2,,,0,21,,57627,2,0,5 2 11 2 12,0,60,,57618,2,,,0,19,,57610,2,,,0,25,,57609,2,,,0,60,,57608,2,,,0,15,,57598,2,,,0,70,,57599,2,,,0,30,,57600,2,,,0,70,,57601,2,,,0,30,,57602,2,,,0,70,,57603,2,,,0,30,,57604,2,,,0,70,,57605,2,,,0,30,,57606,2,,,0,70,,57607,2,,,0,25,,57624,2,,,0
701019,'1910',605,,57660,2,,,0,28,,57640,2,,,0,68,,57657,2,,,0,30,,57653,2,,,0,70,,57655,2,,,0,30,,57656,2,,,0,70,,57658,2,,,0,30,,57654,2,,,0,70,,57690,2,,,0,30,,57699,2,,,0,70,,57686,2,,,0,30,,57695,2,,,0,70,,57691,2,,,0,30,,57684,2,,,0,70,,57729,2,,,0,30,,57683,2,,,0,70,,57685,2,,,0,30,,57713,2,,,0,70,,57709,2,,,0,30,,57702,2,,,0,70,,57721,2,,,0,30,,57710,2,,,0,70,,57727,2,,,0,30,,57675,2,,,0,70,,57704,2,,,0,30,,57682,2,,,0,70,,57711,2,,,0,30,,57635,2,,,0,70,,57641,2,,,0,30,,57648,2,,,0,70,,57631,2,,,0,30,,57636,2,,,0,70,,57642,2,,,0,30,,57649,2,,,0,70,,57632,2,,,0,25,,57673,2,,,0
701019,'1911',605,,57779,2,,,0,28,,57812,2,,,0,68,,57801,2,,,0,30,,57776,2,,,0,70,,57803,2,,,0,30,,57780,2,,,0,70,,57775,2,,,0,30,,57805,2,,,0,70,,57784,2,,,0,30,,57772,2,,,0,70,,57807,2,,,0,30,,57782,2,,,0,70,,57771,2,,,0,30,,57802,2,,,0,70,,57786,2,,,0,30,,57769,2,,,0,70,,57806,2,,,0,30,,57785,2,,,0,70,,57767,2,,,0,30,,57804,2,,,0,70,,57781,2,,,0,30,,57765,2,,,0,70,,57808,2,,,0,30,,57791,2,,,0,70,,57762,2,,,0,30,,57821,2,,,0,70,,57794,2,,,0,30,,57760,2,,,0,70,,57816,2,,,0,30,,57797,2,,,0,70,,57757,2,,,0,30,,57811,2,,,0,70,,57795,2,,,0,30,,57759,2,,,0,70,,57815,2,,,0,25,,57827,2,,,0
701019,'1912',605,,57878,2,,,0,28,,57911,2,,,0,68,,57900,2,,,0,30,,57875,2,,,0,70,,57902,2,,,0,30,,57879,2,,,0,70,,57874,2,,,0,30,,57904,2,,,0,70,,57883,2,,,0,30,,57871,2,,,0,70,,57906,2,,,0,30,,57881,2,,,0,70,,57870,2,,,0,30,,57901,2,,,0,70,,57885,2,,,0,30,,57868,2,,,0,70,,57905,2,,,0,30,,57884,2,,,0,70,,57866,2,,,0,30,,57903,2,,,0,70,,57880,2,,,0,30,,57864,2,,,0,70,,57907,2,,,0,30,,57890,2,,,0,70,,57861,2,,,0,30,,57920,2,,,0,70,,57893,2,,,0,30,,57859,2,,,0,70,,57915,2,,,0,30,,57896,2,,,0,70,,57856,2,,,0,30,,57910,2,,,0,70,,57894,2,,,0,30,,57858,2,,,0,70,,57914,2,,,0,25,,57926,2,,,0
