609,'1907',851,,53886,9,0,18 7,0,100,,53870,9,0,18 7,0,100,,53882,9,0,18 7,0,100,,53872,9,0,18 7,0,101,,53885,9,0,18 7,0,100,,53868,9,0,18 7,0,100,,53884,9,0,18 7,0,100,,53874,9,0,18 7,0,100,,53883,9,0,18 7,0,100,,53871,9,0,18 7,0,99,,53881,9,0,18 7,0,100,,53869,9,0,18 7,0
609,'1909',651,,53929,21,0,18 7,0,71,,53914,21,0,18 7,0,30,,53920,21,0,18 7,0,70,,53935,21,0,18 7,0,30,,53904,21,0,18 7,0,70,,53938,21,0,18 7,0,30,,53906,21,0,18 7,0,70,,53909,21,0,18 7,0,30,,53930,21,0,18 7,0,70,,53931,21,0,18 7,0,30,,53928,21,0,18 7,0,70,,53922,21,0,18 7,0,30,,53926,21,0,18 7,0,70,,53917,21,0,18 7,0,30,,53923,21,0,18 7,0,70,,53916,21,0,18 7,0,32,,53911,21,0,18 7,0,70,,53905,21,0,18 7,0,30,,53918,21,0,18 7,0,70,,53910,21,0,18 7,0,30,,53959,21,0,18 7,0,70,,53919,21,0,18 7,0,27,,53907,21,0,18 7,0,70,,53936,21,0,18 7,0,30,,53908,21,0,18 7,0,71,,53957,21,0,18 7,0,98,,53921,21,0,18 7,0,100,,53958,21,0,18 7,0,100,,53913,21,0,18 7,0,100,,53962,21,0,18 7,0
609,'1910',649,,53993,21,0,18 7,0,70,,53975,21,0,18 7,0,30,,54007,21,0,18 7,0,70,,53974,21,0,18 7,0,30,,53992,21,0,18 7,0,71,,53973,21,0,18 7,0,30,,54006,21,0,18 7,0,70,,53972,21,0,18 7,0,30,,53991,21,0,18 7,0,70,,53971,21,0,18 7,0,32,,54005,21,0,18 7,0,70,,53970,21,0,18 7,0,30,,53990,21,0,18 7,0,70,,53968,21,0,18 7,0,30,,53989,21,0,18 7,0,70,,53964,21,0,18 7,0,30,,54018,21,0,18 7,0,70,,53988,21,0,18 7,0,30,,53966,21,0,18 7,0,70,,54001,21,0,18 7,0,30,,53965,21,0,18 7,0,68,,54002,21,0,18 7,0,30,,53967,21,0,18 7,0,70,,54003,21,0,18 7,0,30,,53969,21,0,18 7,0,69,,54004,21,0,18 7,0,102,,54015,9,0,18 7,0,100,,54019,9,0,18 7,0
609,'1911',851,,54041,9,0,18 7,0,100,,54025,9,0,18 7,0,100,,54037,9,0,18 7,0,100,,54027,9,0,18 7,0,101,,54040,9,0,18 7,0,100,,54023,9,0,18 7,0,100,,54039,9,0,18 7,0,100,,54029,9,0,18 7,0,100,,54038,9,0,18 7,0,100,,54026,9,0,18 7,0,99,,54036,9,0,18 7,0,100,,54024,9,0,18 7,0
609,'1912',851,,54077,9,0,18 7,0,100,,54061,9,0,18 7,0,100,,54073,9,0,18 7,0,100,,54063,9,0,18 7,0,101,,54076,9,0,18 7,0,100,,54059,9,0,18 7,0,100,,54075,9,0,18 7,0,100,,54065,9,0,18 7,0,100,,54074,9,0,18 7,0,100,,54062,9,0,18 7,0,99,,54072,9,0,18 7,0,100,,54060,9,0,18 7,0
15029,'1907',746,,55175,62,,,0,95,,55181,62,,,0,100,,55174,62,,,0,100,,55173,62,,,0,102,,55180,62,,,0,100,,55178,62,,,0,100,,55177,62,,,0,102,,55172,62,,,0,100,,55170,62,,,0,99,,55171,62,,,0,99,,55176,62,,,0,99,,55182,62,,,0,100,,55179,62,,,0,100,,55183,62,,,0
15029,'1909',617,,55184,22,,,0,20,,55185,22,,,0,72,,55186,62,,,0,37,,55187,62,,,0,70,,55188,62,,,0,31,,55189,62,,,0,71,,55190,62,,,0,28,,55191,62,,,0,68,,55192,62,,,0,30,,55193,62,,,0,70,,55194,62,,,0,30,,55195,62,,,0,70,,55196,62,,,0,30,,55197,62,,,0,70,,55198,62,,,0,30,,55199,62,,,0,70,,55200,62,,,0,32,,55201,62,,,0,74,,55202,62,,,0,33,,55203,62,,,0,73,,55204,62,,,0,29,,55205,62,,,0,67,,55206,62,,,0,26,,55207,62,,,0,68,,55208,62,,,0,27,,55209,62,,,0,69,,55210,62,,,0,30,,55211,62,,,0,70,,55212,62,,,0,30,,55216,62,,,0,69,,55213,62,,,0,97,,55214,62,,,0,100,,55215,62,,,0
15029,'1910',612,,55231,22,,,0,138,,55219,62,,,0,93,,55220,62,,,0,100,,55221,62,,,0,101,,55222,62,,,0,101,,55223,62,,,0,100,,55224,62,,,0,100,,55225,62,,,0,104,,55226,62,,,0,100,,55227,62,,,0,99,,55228,62,,,0,100,,55229,62,,,0,100,,55230,62,,,0,96,,55217,62,,,0,100,,55218,62,,,0
15029,'1911',746,,55237,62,,,0,95,,55243,62,,,0,100,,55236,62,,,0,100,,55235,62,,,0,102,,55242,62,,,0,100,,55240,62,,,0,100,,55239,62,,,0,102,,55234,62,,,0,100,,55232,62,,,0,99,,55233,62,,,0,99,,55238,62,,,0,99,,55244,62,,,0,100,,55241,62,,,0,100,,55245,62,,,0
15029,'1912',746,,55251,62,,,0,95,,55257,62,,,0,100,,55250,62,,,0,100,,55249,62,,,0,102,,55256,62,,,0,100,,55254,62,,,0,100,,55253,62,,,0,102,,55248,62,,,0,100,,55246,62,,,0,99,,55247,62,,,0,99,,55252,62,,,0,99,,55258,62,,,0,100,,55255,62,,,0,100,,55259,62,,,0
