22029,'1907',705,,55746,6,0,19 2 34 21,0,99,,55732,6,,,0,100,,55733,6,,,0,100,,55734,6,,,0,100,,55735,6,,,0,100,,55736,6,,,0,100,,55737,6,,,0,100,,55738,6,,,0,100,,55739,6,,,0,100,,55740,6,,,0,100,,55741,6,,,0,100,,55745,6,0,19 2 34 21,0,100,,55742,6,0,19 2 34 21,0,100,,55743,6,0,19 2 34 21,0,100,,55744,6,0,19 2 34 21,0
22029,'1909',639,,55748,6,0,19 2 34 21,0,72,,55749,6,0,19 2 34 21,0,30,,55750,6,0,19 2 34 21,0,73,,60512,6,0,19 2 34 21,0,30,,60513,6,0,19 2 34 21,0,70,,60514,6,,,0,27,,55754,6,,,0,70,,55759,6,,,0,30,,60515,6,,,0,70,,55760,6,,,0,30,,55756,6,,,0,70,,55747,6,,,0,30,,55757,6,,,0,70,,55758,6,,,0,31,,55761,6,,,0,70,,55762,6,,,0,30,,60516,6,,,0,69,,55764,6,,,0,32,,60517,6,,,0,70,,60518,6,,,0,30,,60519,6,,,0,68,,60520,6,,,0,30,,60521,6,,,0,70,,60522,6,,,0,28,,60523,6,,,0,70,,60524,6,,,0,30,,60525,6,,,0,65,,55774,6,,,0,30,,60526,6,,,0,70,,60527,6,,,0,30,,55777,6,0,19 2 34 21,0,172,,60529,6,0,19 2 34 21,0,36,,60528,6,0,19 2 34 21,0
22029,'1910',609,,55811,6,0,19 2 34 21,0,30,,55810,6,0,19 2 34 21,0,65,,55803,6,0,19 2 34 21,0,30,,55798,6,0,19 2 34 21,0,70,,55804,6,0,19 2 34 21,0,30,,55780,6,,,0,70,,55781,6,,,0,30,,55782,6,,,0,70,,55783,6,,,0,30,,55784,6,,,0,70,,55785,6,,,0,30,,55786,6,,,0,70,,55787,6,,,0,31,,55788,6,,,0,70,,55789,6,,,0,31,,55790,6,,,0,69,,55791,6,,,0,31,,55792,6,,,0,70,,55793,6,,,0,30,,55794,6,,,0,70,,55795,6,,,0,29,,55796,6,,,0,69,,55797,6,,,0,31,,55799,6,0,19 2 34 21,0,69,,55805,6,0,19 2 34 21,0,30,,55800,6,0,19 2 34 21,0,70,,55806,6,0,19 2 34 21,0,30,,55801,6,0,19 2 34 21,0,70,,55807,6,0,19 2 34 21,0,30,,55802,6,0,19 2 34 21,0,67,,55808,6,0,19 2 34 21,0,33,,55809,6,0,19 2 34 21,0
22029,'1912',705,,55841,6,0,19 2 34 21,0,99,,55827,6,,,0,100,,55828,6,,,0,100,,55829,6,,,0,100,,55830,6,,,0,100,,55831,6,,,0,100,,55832,6,,,0,100,,55833,6,,,0,100,,55834,6,,,0,100,,55835,6,,,0,100,,55836,6,,,0,100,,55840,6,0,19 2 34 21,0,100,,55837,6,0,19 2 34 21,0,100,,55838,6,0,19 2 34 21,0,100,,55839,6,0,19 2 34 21,0
22029,'1924',705,,55826,6,0,19 2 34 21,0,99,,55812,6,,,0,100,,55813,6,,,0,100,,55814,6,,,0,100,,55815,6,,,0,100,,55816,6,,,0,100,,55817,6,,,0,100,,55818,6,,,0,100,,55819,6,,,0,100,,55820,6,,,0,100,,55821,6,,,0,100,,55825,6,0,19 2 34 21,0,100,,55822,6,0,19 2 34 21,0,100,,55823,6,0,19 2 34 21,0,100,,55824,6,0,19 2 34 21,0
22029,'1925',705,,60544,6,0,19 2 34 21,0,99,,60530,6,,,0,100,,60531,6,,,0,100,,60532,6,,,0,100,,60533,6,,,0,100,,60534,6,,,0,100,,60535,6,,,0,100,,60536,6,,,0,100,,60537,6,,,0,100,,60538,6,,,0,100,,60539,6,,,0,100,,60543,6,0,19 2 34 21,0,100,,60540,6,0,19 2 34 21,0,100,,60541,6,0,19 2 34 21,0,100,,60542,6,0,19 2 34 21,0
601019,'1907',614,,57121,6,,,0,30,,57139,6,,,0,70,,57120,6,,,0,30,,57138,6,,,0,70,,57119,6,,,0,30,,57137,6,,,0,70,,57118,6,,,0,30,,57136,6,,,0,70,,57116,6,,,0,30,,57135,6,,,0,70,,57117,6,,,0,30,,57134,6,,,0,70,,57115,6,,,0,30,,57133,6,,,0,70,,57111,6,,,0,30,,57132,6,,,0,70,,57114,6,,,0,30,,57131,6,,,0,70,,57112,6,,,0,30,,57130,6,,,0,70,,57110,6,,,0,30,,57129,6,,,0,70,,57113,6,,,0,30,,57128,6,,,0,70,,57107,6,,,0,30,,57127,6,,,0,70,,57108,6,,,0,30,,57126,6,,,0,70,,57109,6,,,0,30,,57125,6,,,0,70,,57106,6,,,0,30,,57124,6,,,0,70,,57105,6,,,0,30,,57123,6,,,0
601019,'1909',612,,61333,6,,,0,19,,61326,6,,,0,16,,57173,6,0,19 2 11 2 35,0,53,,61323,6,0,19 2 11 2 35,0,12,,57170,6,0,19 2 11 2 35,0,15,,61332,6,0,19 2 11 2 35,0,17,,57174,6,0,19 2 11 2 35,0,15,,61322,6,0,19 2 11 2 35,0,55,,57167,6,0,19 2 11 2 35,0,15,,61331,6,0,19 2 11 2 35,0,23,,61310,6,0,5 2 11 2 12,0,70,,61311,6,0,5 2 11 2 12,0,30,,61312,6,0,5 2 11 2 12,0,70,,61313,6,0,5 2 11 2 12,0,30,,61314,6,0,5 2 11 2 12,0,70,,61315,6,0,5 2 11 2 12,0,30,,61316,6,0,5 2 11 2 12,0,70,,61317,6,0,5 2 11 2 12,0,30,,61318,6,0,5 2 11 2 12,0,70,,61319,6,0,5 2 11 2 12,0,30,,61320,6,0,5 2 11 2 12,0,62,,61307,6,,,0,13,,57187,6,0,19 2 11 2 35,0,15,,61329,6,0,19 2 11 2 35,0,15,,57183,6,0,19 2 11 2 35,0,55,,61327,6,0,19 2 11 2 35,0,15,,57184,6,0,19 2 11 2 35,0,15,,61328,6,0,19 2 11 2 35,0,15,,57181,6,0,19 2 11 2 35,0,55,,61330,6,0,19 2 11 2 35,0,15,,57182,6,0,19 2 11 2 35,0,15,,61325,6,0,19 2 11 2 35,0,15,,57185,6,0,19 2 11 2 35,0,55,,61321,6,0,19 2 11 2 35,0,15,,57188,6,0,19 2 11 2 35,0,14,,61324,6,0,19 2 11 2 35,0,15,,57186,6,0,19 2 11 2 35,0,55,,61301,6,,,0,30,,61302,6,,,0,15,,57151,6,,,0,55,,61308,6,,,0,30,,61305,6,,,0,70,,61306,6,,,0,30,,61300,6,,,0,70,,61303,6,,,0,30,,61299,6,,,0,70,,61304,6,,,0,33,,61309,6,,,0
601019,'1910',614,,57208,6,,,0,30,,57226,6,,,0,70,,57207,6,,,0,30,,57225,6,,,0,70,,57206,6,,,0,30,,57224,6,,,0,70,,57205,6,,,0,30,,57223,6,,,0,70,,57203,6,,,0,30,,57221,6,,,0,70,,57204,6,,,0,30,,57222,6,,,0,70,,57202,6,,,0,30,,57220,6,,,0,70,,57193,6,,,0,30,,57219,6,,,0,70,,57201,6,,,0,30,,57218,6,,,0,70,,57199,6,,,0,30,,57217,6,,,0,70,,57194,6,,,0,30,,57215,6,,,0,70,,57196,6,,,0,30,,57216,6,,,0,70,,57200,6,,,0,30,,57214,6,,,0,70,,57195,6,,,0,30,,57213,6,,,0,70,,57198,6,,,0,30,,57212,6,,,0,70,,57197,6,,,0,30,,57211,6,,,0,70,,57192,6,,,0,30,,57210,6,,,0
601019,'1912',2244,,57262,6,,,0
601019,'1924',614,,57243,6,,,0,30,,57261,6,,,0,70,,57242,6,,,0,30,,57260,6,,,0,70,,57241,6,,,0,30,,57259,6,,,0,70,,57240,6,,,0,30,,57258,6,,,0,70,,57238,6,,,0,30,,57257,6,,,0,70,,57239,6,,,0,30,,57256,6,,,0,70,,57237,6,,,0,30,,57255,6,,,0,70,,57233,6,,,0,30,,57254,6,,,0,70,,57236,6,,,0,30,,57253,6,,,0,70,,57234,6,,,0,30,,57252,6,,,0,70,,57232,6,,,0,30,,57251,6,,,0,70,,57235,6,,,0,30,,57250,6,,,0,70,,57229,6,,,0,30,,57249,6,,,0,70,,57230,6,,,0,30,,57248,6,,,0,70,,57231,6,,,0,30,,57247,6,,,0,70,,57228,6,,,0,30,,57246,6,,,0,70,,57227,6,,,0,30,,57245,6,,,0
601019,'1925',2144,,61336,6,,,0,70,,61334,6,,,0,30,,61335,6,,,0
