2019,'1907',710,,59137,37,,,0,30,,59114,37,,,0,70,,59118,37,,,0,30,,59130,37,,,0,72,,59125,37,,,0,30,,59115,37,,,0,70,,59119,37,,,0,30,,59131,37,,,0,70,,59126,37,,,0,30,,59116,37,,,0,70,,59120,37,,,0,30,,59132,37,,,0,70,,59127,37,,,0,30,,59117,37,,,0,70,,59121,37,,,0,30,,59133,37,,,0,70,,59128,37,,,0,30,,59112,37,,,0,70,,59122,37,,,0,30,,59134,37,,,0,70,,59129,37,,,0,30,,59110,37,,,0,70,,59123,37,,,0,30,,59135,37,,,0,100,,59111,37,,,0,99,,59136,37,,,0,100,,59113,37,,,0,100,,59124,37,,,0,99,,59138,37,,,0
2019,'1909',505,,59170,28,0,5 2 13 14,0,136,,59139,37,,,0,70,,59140,37,,,0,30,,59141,37,,,0,70,,59142,37,,,0,31,,59143,37,,,0,71,,59144,37,,,0,31,,59161,37,,,0,70,,59162,37,,,0,30,,59163,37,,,0,70,,59164,37,,,0,30,,59165,37,,,0,70,,59166,37,,,0,30,,59167,37,,,0,70,,59168,37,,,0,30,,59169,37,,,0,70,,59159,37,,,0,33,,59160,37,,,0,71,,59145,37,,,0,30,,59146,37,,,0,70,,59147,37,,,0,30,,59148,37,,,0,70,,59149,37,,,0,28,,59150,37,,,0,69,,59151,37,,,0,30,,59152,37,,,0,70,,59158,37,,,0,30,,59153,37,,,0,97,,59154,37,,,0,100,,59155,37,,,0,100,,59156,37,,,0,100,,59157,37,,,0
2019,'1910',640,,59171,28,,,0,70,,59178,37,,,0,30,,59187,37,,,0,70,,59194,37,,,0,30,,59172,37,,,0,70,,59179,37,,,0,30,,59188,37,,,0,71,,59195,37,,,0,31,,59173,37,,,0,70,,59180,37,,,0,30,,59189,37,,,0,70,,59196,37,,,0,30,,59174,37,,,0,70,,59181,37,,,0,30,,59190,37,,,0,70,,59197,37,,,0,30,,59175,37,,,0,70,,59182,37,,,0,30,,59191,37,,,0,70,,59198,37,,,0,30,,59176,37,,,0,70,,59183,37,,,0,30,,59192,37,,,0,70,,59199,37,,,0,30,,59177,37,,,0,70,,59184,37,,,0,30,,59193,37,,,0,99,,59185,37,,,0,100,,59200,37,,,0,100,,59186,37,,,0,100,,59201,37,,,0
2019,'1912',710,,59229,37,,,0,30,,59206,37,,,0,70,,59210,37,,,0,30,,59222,37,,,0,72,,59217,37,,,0,30,,59207,37,,,0,70,,59211,37,,,0,30,,59223,37,,,0,70,,59218,37,,,0,30,,59208,37,,,0,70,,59212,37,,,0,30,,59224,37,,,0,70,,59219,37,,,0,30,,59209,37,,,0,70,,59213,37,,,0,30,,59225,37,,,0,70,,59220,37,,,0,30,,59204,37,,,0,70,,59214,37,,,0,30,,59226,37,,,0,70,,59221,37,,,0,30,,59202,37,,,0,70,,59215,37,,,0,30,,59227,37,,,0,100,,59203,37,,,0,99,,59228,37,,,0,100,,59205,37,,,0,100,,59216,37,,,0,99,,59230,37,,,0
2019,'1924',710,,59258,37,,,0,30,,59235,37,,,0,70,,59239,37,,,0,30,,59251,37,,,0,72,,59246,37,,,0,30,,59236,37,,,0,70,,59240,37,,,0,30,,59252,37,,,0,70,,59247,37,,,0,30,,59237,37,,,0,70,,59241,37,,,0,30,,59253,37,,,0,70,,59248,37,,,0,30,,59238,37,,,0,70,,59242,37,,,0,30,,59254,37,,,0,70,,59249,37,,,0,30,,59233,37,,,0,70,,59243,37,,,0,30,,59255,37,,,0,70,,59250,37,,,0,30,,59231,37,,,0,70,,59244,37,,,0,30,,59256,37,,,0,100,,59232,37,,,0,99,,59257,37,,,0,100,,59234,37,,,0,100,,59245,37,,,0,99,,59259,37,,,0
2019,'1925',710,,59287,37,,,0,30,,59264,37,,,0,70,,59268,37,,,0,30,,59280,37,,,0,72,,59275,37,,,0,30,,59265,37,,,0,70,,59269,37,,,0,30,,59281,37,,,0,70,,59276,37,,,0,30,,59266,37,,,0,70,,59270,37,,,0,30,,59282,37,,,0,70,,59277,37,,,0,30,,59267,37,,,0,70,,59271,37,,,0,30,,59283,37,,,0,70,,59278,37,,,0,30,,59262,37,,,0,70,,59272,37,,,0,30,,59284,37,,,0,70,,59279,37,,,0,30,,59260,37,,,0,70,,59273,37,,,0,30,,59285,37,,,0,100,,59261,37,,,0,99,,59286,37,,,0,100,,59263,37,,,0,100,,59274,37,,,0,99,,59288,37,,,0
7019,'1907',742,,59729,17,,,0,71,,54125,2,,,0,30,,59730,17,,,0,73,,54117,2,,,0,27,,59738,17,,,0,73,,54124,2,,,0,28,,59731,17,,,0,72,,54116,2,,,0,28,,59732,17,,,0,72,,54123,2,,,0,28,,59733,17,,,0,73,,54115,2,,,0,27,,59734,17,,,0,73,,54122,2,,,0,28,,59735,17,,,0,73,,54114,2,,,0,27,,59736,17,,,0,73,,54121,2,,,0,26,,59737,17,,,0,73,,54113,2,,,0,27,,59725,17,,,0,72,,54120,2,,,0,27,,59726,17,,,0,72,,54118,2,,,0,27,,59724,17,,,0,72,,54119,2,,,0,28,,59728,17,,,0,72,,54126,2,,,0,28,,59727,17,,,0
7019,'1909',542,,54158,17,,,0,103,,54157,17,,,0,70,,59751,17,,,0,32,,54156,17,,,0,72,,59750,17,,,0,28,,54154,17,,,0,70,,59749,17,,,0,30,,54152,17,,,0,70,,54153,17,,,0,30,,54151,17,,,0,70,,54149,17,,,0,30,,54163,17,,,0,70,,59754,17,,,0,30,,59753,17,,,0,70,,59752,17,,,0,30,,54141,17,,,0,71,,59748,17,,,0,32,,59743,17,,,0,9,,59756,2,,,0,64,,54139,17,,,0,27,,54147,17,,,0,70,,59747,17,,,0,30,,59746,17,,,0,68,,54138,17,,,0,29,,54137,17,,,0,70,,54136,17,,,0,30,,59745,17,,,0,69,,59744,17,,,0,28,,54135,17,,,0,70,,54142,17,,,0,30,,59742,17,,,0,99,,54132,17,,,0,71,,59757,2,,,0,28,,59741,17,,,0,100,,54168,17,,,0
7019,'1910',643,,59761,17,,,0,69,,59760,17,,,0,30,,54182,17,,,0,70,,54175,17,,,0,32,,54183,17,,,0,70,,54176,17,,,0,30,,59762,17,,,0,71,,54177,17,,,0,30,,54185,17,,,0,70,,54178,17,,,0,30,,54186,17,,,0,70,,54179,17,,,0,30,,59763,17,,,0,70,,54180,17,,,0,30,,59764,17,,,0,70,,54193,17,,,0,30,,54189,17,,,0,70,,54195,17,,,0,30,,54190,17,,,0,70,,54194,17,,,0,30,,54191,17,,,0,70,,54196,17,,,0,30,,54192,17,,,0,70,,54199,17,,,0,29,,54169,17,,,0,69,,54197,17,,,0,30,,59758,17,,,0,70,,54198,17,,,0,30,,54171,17,,,0,99,,54172,17,,,0,71,,54202,2,,,0,29,,59759,17,,,0
7019,'1912',742,,59770,17,,,0,71,,54268,2,,,0,30,,59771,17,,,0,73,,54260,2,,,0,27,,59779,17,,,0,73,,54267,2,,,0,28,,59772,17,,,0,72,,54259,2,,,0,28,,59773,17,,,0,72,,54266,2,,,0,28,,59774,17,,,0,73,,54258,2,,,0,27,,59775,17,,,0,73,,54265,2,,,0,28,,59776,17,,,0,73,,54257,2,,,0,27,,59777,17,,,0,73,,54264,2,,,0,26,,59778,17,,,0,73,,54256,2,,,0,27,,59766,17,,,0,72,,54263,2,,,0,27,,59767,17,,,0,72,,54261,2,,,0,27,,59765,17,,,0,72,,54262,2,,,0,28,,59769,17,,,0,72,,54269,2,,,0,28,,59768,17,,,0
7019,'1924',742,,59787,17,,,0,71,,54233,2,,,0,30,,59788,17,,,0,73,,54225,2,,,0,27,,59796,17,,,0,73,,54232,2,,,0,28,,59789,17,,,0,72,,54224,2,,,0,28,,59790,17,,,0,72,,54231,2,,,0,28,,59791,17,,,0,73,,54223,2,,,0,27,,59792,17,,,0,73,,54230,2,,,0,28,,59793,17,,,0,73,,54222,2,,,0,27,,59794,17,,,0,73,,54229,2,,,0,26,,59795,17,,,0,73,,54221,2,,,0,27,,59783,17,,,0,72,,54228,2,,,0,27,,59784,17,,,0,72,,54226,2,,,0,27,,59782,17,,,0,72,,54227,2,,,0,28,,59786,17,,,0,72,,54234,2,,,0,28,,59785,17,,,0
7019,'1925',742,,59804,17,,,0,71,,59829,2,,,0,30,,59805,17,,,0,73,,59821,2,,,0,27,,59813,17,,,0,73,,59828,2,,,0,28,,59806,17,,,0,72,,59820,2,,,0,28,,59807,17,,,0,72,,59827,2,,,0,28,,59808,17,,,0,73,,59819,2,,,0,27,,59809,17,,,0,73,,59826,2,,,0,28,,59810,17,,,0,73,,59818,2,,,0,27,,59811,17,,,0,73,,59825,2,,,0,26,,59812,17,,,0,73,,59817,2,,,0,27,,59800,17,,,0,72,,59824,2,,,0,27,,59801,17,,,0,72,,59822,2,,,0,27,,59799,17,,,0,72,,59823,2,,,0,28,,59803,17,,,0,72,,59830,2,,,0,28,,59802,17,,,0
