1029,'1907',622,,53126,42,,,0,100,,53127,42,,,0,100,,53128,42,,,0,100,,53129,42,,,0,101,,53130,42,,,0,100,,53131,42,,,0,100,,53132,42,,,0,100,,53133,42,,,0,100,,53134,42,,,0,100,,53135,42,,,0,100,,53136,42,,,0,100,,53137,42,,,0,100,,53138,42,,,0,100,,53139,42,,,0,100,,53140,42,,,0,100,,53141,42,,,0,101,,53142,42,,,0,94,,53143,42,,,0
1029,'1909',622,,53153,42,,,0,35,,53154,42,,,0,72,,53174,42,,,0,30,,53150,42,,,0,70,,53145,42,,,0,30,,53178,42,,,0,70,,53148,42,,,0,30,,53155,42,,,0,70,,53173,42,,,0,30,,53152,42,,,0,70,,53144,42,,,0,30,,53177,42,,,0,70,,53149,42,,,0,30,,53156,42,,,0,70,,53172,42,,,0,30,,53151,42,,,0,70,,53146,42,,,0,71,,53175,42,,,0,32,,53147,42,,,0,70,,53157,42,,,0,30,,53171,42,,,0,70,,53160,42,,,0,30,,53159,42,,,0,27,,53158,42,,,0,65,,53164,42,,,0,30,,53163,42,,,0,70,,53162,42,,,0,30,,53161,42,,,0,69,,53176,42,,,0,30,,53170,42,,,0,70,,53169,42,,,0,30,,53168,42,,,0,70,,53167,42,,,0,30,,53166,42,,,0,65,,53165,42,,,0
1029,'1910',622,,53184,42,,,0,30,,53196,42,,,0,70,,53203,42,,,0,30,,53191,42,,,0,70,,53212,42,,,0,30,,53200,42,,,0,72,,53183,42,,,0,29,,53195,42,,,0,70,,53206,42,,,0,30,,53190,42,,,0,70,,53213,42,,,0,30,,53199,42,,,0,70,,53182,42,,,0,30,,53194,42,,,0,70,,53205,42,,,0,30,,53189,42,,,0,70,,53185,42,,,0,30,,53198,42,,,0,70,,53181,42,,,0,30,,53193,42,,,0,70,,53201,42,,,0,30,,53188,42,,,0,70,,53210,42,,,0,30,,53197,42,,,0,69,,53180,42,,,0,31,,53192,42,,,0,70,,53204,42,,,0,30,,53186,42,,,0,70,,53208,42,,,0,30,,53207,42,,,0,70,,53179,42,,,0,30,,53187,42,,,0,70,,53202,42,,,0,30,,53211,42,,,0,67,,53209,42,,,0
1029,'1911',622,,53214,42,,,0,100,,53215,42,,,0,100,,53216,42,,,0,100,,53217,42,,,0,101,,53218,42,,,0,100,,53219,42,,,0,100,,53220,42,,,0,100,,53221,42,,,0,100,,53222,42,,,0,100,,53223,42,,,0,100,,53224,42,,,0,100,,53225,42,,,0,100,,53226,42,,,0,100,,53227,42,,,0,100,,53228,42,,,0,100,,53229,42,,,0,101,,53230,42,,,0,94,,53231,42,,,0
1029,'1912',622,,53232,42,,,0,100,,53233,42,,,0,100,,53234,42,,,0,100,,53235,42,,,0,101,,53236,42,,,0,100,,53237,42,,,0,100,,53238,42,,,0,100,,53239,42,,,0,100,,53240,42,,,0,100,,53241,42,,,0,100,,53242,42,,,0,100,,53243,42,,,0,100,,53244,42,,,0,100,,53245,42,,,0,100,,53246,42,,,0,100,,53247,42,,,0,101,,53248,42,,,0,94,,53249,42,,,0
2029,'1907',637,,53401,39,,,0,70,,53409,39,,,0,31,,53420,39,,,0,70,,53415,39,,,0,30,,53402,39,,,0,70,,53410,39,,,0,30,,53421,39,,,0,70,,53416,39,,,0,30,,53403,39,,,0,70,,53411,39,,,0,30,,53422,39,,,0,70,,53417,39,,,0,30,,53404,39,,,0,70,,53412,39,,,0,30,,53423,39,,,0,70,,53418,39,,,0,30,,53405,39,,,0,70,,53413,39,,,0,30,,53424,39,,,0,70,,53419,39,,,0,30,,53406,39,,,0,70,,53414,39,,,0,30,,53425,39,,,0,100,,53407,39,,,0,99,,53426,39,,,0,100,,53408,39,,,0,101,,53427,39,,,0,100,,53400,39,,,0
2029,'1909',542,,53450,24,,,0,65,,53433,39,,,0,30,,53434,39,,,0,72,,53435,39,,,0,30,,53436,39,,,0,70,,53437,39,,,0,30,,53438,39,,,0,70,,53439,39,,,0,30,,53440,39,,,0,70,,53441,39,,,0,30,,53464,39,,,0,70,,53460,39,,,0,30,,53466,39,,,0,70,,53462,39,,,0,30,,53463,39,,,0,70,,53459,39,,,0,30,,53465,39,,,0,70,,53461,39,,,0,31,,53467,39,,,0,71,,53442,39,,,0,34,,53443,39,,,0,70,,53444,39,,,0,30,,53445,39,,,0,70,,53446,39,,,0,29,,53447,39,,,0,65,,53448,39,,,0,29,,53449,39,,,0,70,,53453,39,,,0,30,,53454,39,,,0,100,,53455,39,,,0,100,,53456,39,,,0,100,,53452,39,,,0
2029,'1910',607,,53499,39,0,5 2 15 16 17,0,30,,53482,39,,,0,69,,53489,39,,,0,31,,53468,39,,,0,70,,53474,39,,,0,30,,53483,39,,,0,71,,53490,39,,,0,30,,53469,39,,,0,70,,53475,39,,,0,30,,53484,39,,,0,70,,53491,39,,,0,30,,53470,39,,,0,70,,53476,39,,,0,30,,53485,39,,,0,70,,53492,39,,,0,30,,53471,39,,,0,70,,53477,39,,,0,30,,53486,39,,,0,70,,53493,39,,,0,30,,53472,39,,,0,70,,53478,39,,,0,30,,53487,39,,,0,70,,53494,39,,,0,30,,53473,39,,,0,70,,53479,39,,,0,30,,53488,39,,,0,70,,53495,39,,,0,30,,53480,39,,,0,100,,53496,39,,,0,100,,53481,39,,,0,100,,53497,39,,,0
2029,'1911',637,,53503,39,,,0,70,,53511,39,,,0,31,,53522,39,,,0,70,,53517,39,,,0,30,,53504,39,,,0,70,,53512,39,,,0,30,,53523,39,,,0,70,,53518,39,,,0,30,,53505,39,,,0,70,,53513,39,,,0,30,,53524,39,,,0,70,,53519,39,,,0,30,,53506,39,,,0,70,,53514,39,,,0,30,,53525,39,,,0,70,,53520,39,,,0,30,,53507,39,,,0,70,,53515,39,,,0,30,,53526,39,,,0,70,,53521,39,,,0,30,,53508,39,,,0,70,,53516,39,,,0,30,,53527,39,,,0,100,,53509,39,,,0,99,,53528,39,,,0,100,,53510,39,,,0,101,,53529,39,,,0,100,,53502,39,,,0
2029,'1912',637,,53536,39,,,0,70,,53544,39,,,0,31,,53555,39,,,0,70,,53550,39,,,0,30,,53537,39,,,0,70,,53545,39,,,0,30,,53556,39,,,0,70,,53551,39,,,0,30,,53538,39,,,0,70,,53546,39,,,0,30,,53557,39,,,0,70,,53552,39,,,0,30,,53539,39,,,0,70,,53547,39,,,0,30,,53558,39,,,0,70,,53553,39,,,0,30,,53540,39,,,0,70,,53548,39,,,0,30,,53559,39,,,0,70,,53554,39,,,0,30,,53541,39,,,0,70,,53549,39,,,0,30,,53560,39,,,0,100,,53542,39,,,0,99,,53561,39,,,0,100,,53543,39,,,0,101,,53562,39,,,0,100,,53535,39,,,0
12029,'1909',647,,54902,18,,,0,71,,54899,18,,,0,30,,54892,18,,,0,69,,54900,18,,,0,31,,54893,18,,,0,71,,54879,9,,,0,30,,54880,9,,,0,70,,54881,9,,,0,30,,54882,9,,,0,70,,54883,9,,,0,30,,54884,9,,,0,70,,54885,9,,,0,30,,54886,9,,,0,70,,54887,9,,,0,30,,54888,9,,,0,70,,54889,9,,,0,30,,54895,18,,,0,71,,54898,18,,,0,30,,54890,18,,,0,70,,54897,18,,,0,30,,54891,18,,,0,70,,54901,18,,,0,29,,54894,18,,,0,70,,54896,18,,,0
14000001029,'1907',548,,58794,23,0,18 7,0,1811,,58788,23,,,0,69,,58792,23,,,0,30,,58793,23,,,0,70,,58790,23,,,0,30,,58791,23,,,0,70,,58789,23,,,0
14000001029,'1909',446,,58795,23,0,18 7,0,102,,58796,23,0,18 7,0,1811,,58798,23,,,0,69,,58799,23,,,0,30,,58802,23,,,0,70,,58797,23,,,0,30,,58800,23,,,0,70,,58801,23,,,0
14000001029,'1910',548,,58807,23,0,18 7,0,1811,,58809,23,,,0,69,,58804,23,,,0,30,,58803,23,,,0,70,,58805,23,,,0,30,,58808,23,,,0,70,,58806,23,,,0
14000001029,'1911',548,,58816,23,0,18 7,0,1811,,58810,23,,,0,69,,58814,23,,,0,30,,58815,23,,,0,70,,58812,23,,,0,30,,58813,23,,,0,70,,58811,23,,,0
14000001029,'1912',548,,58823,23,0,18 7,0,1811,,58817,23,,,0,69,,58821,23,,,0,30,,58822,23,,,0,70,,58819,23,,,0,30,,58820,23,,,0,70,,58818,23,,,0
