2029,'1907',625,,53401,26,,,0,30,,53409,26,,,0,68,,53420,26,,,0,30,,53415,26,,,0,70,,53402,26,,,0,30,,53410,26,,,0,71,,53421,26,,,0,30,,53416,26,,,0,55,,53432,11,0,12,0,15,,53403,26,,,0,30,,53411,26,,,0,70,,53422,26,,,0,30,,53417,26,,,0,70,,53404,26,,,0,30,,53412,26,,,0,70,,53423,26,,,0,30,,53418,26,,,0,70,,53405,26,,,0,30,,53413,26,,,0,70,,53424,26,,,0,30,,53419,26,,,0,70,,53406,26,,,0,30,,53414,26,,,0,70,,53425,26,,,0,100,,53407,26,,,0,97,,53426,26,,,0,100,,53408,26,,,0,101,,53427,26,,,0,100,,53400,26,,,0
2029,'1909',529,,53450,11,,,0,25,,53433,26,,,0,70,,53434,26,,,0,27,,53435,26,,,0,72,,53436,26,,,0,28,,53437,26,,,0,70,,53438,26,,,0,30,,53439,26,,,0,71,,53440,26,,,0,30,,53441,26,,,0,70,,53464,26,,,0,30,,53460,26,,,0,70,,53466,26,,,0,30,,53462,26,,,0,70,,53463,26,,,0,30,,53459,26,,,0,70,,53465,26,,,0,30,,53461,26,,,0,70,,53467,26,,,0,32,,53442,26,,,0,74,,53443,26,,,0,30,,53444,26,,,0,70,,53445,26,,,0,30,,53446,26,,,0,70,,53447,26,,,0,28,,53448,26,,,0,67,,53449,26,,,0,30,,53453,26,,,0,70,,53454,26,,,0,100,,53455,26,,,0,100,,53456,26,,,0,100,,53452,26,,,0
2029,'1910',555,,53499,26,0,5 2 15 16 17,0,70,,53482,26,,,0,30,,53489,26,,,0,68,,53468,26,,,0,30,,53474,26,,,0,70,,53483,26,,,0,30,,53490,26,,,0,71,,53469,26,,,0,30,,53475,26,,,0,70,,53484,26,,,0,30,,53491,26,,,0,70,,53470,26,,,0,30,,53476,26,,,0,70,,53485,26,,,0,30,,53492,26,,,0,70,,53471,26,,,0,30,,53477,26,,,0,70,,53486,26,,,0,30,,53493,26,,,0,70,,53472,26,,,0,30,,53478,26,,,0,70,,53487,26,,,0,30,,53494,26,,,0,70,,53473,26,,,0,30,,53479,26,,,0,70,,53488,26,,,0,30,,53495,26,,,0,69,,53480,26,,,0,100,,53496,26,,,0,100,,53481,26,,,0,100,,53497,26,,,0
2029,'1911',625,,53503,26,,,0,30,,53511,26,,,0,68,,53522,26,,,0,30,,53517,26,,,0,70,,53504,26,,,0,30,,53512,26,,,0,71,,53523,26,,,0,30,,53518,26,,,0,55,,53534,11,0,12,0,15,,53505,26,,,0,30,,53513,26,,,0,70,,53524,26,,,0,30,,53519,26,,,0,70,,53506,26,,,0,30,,53514,26,,,0,70,,53525,26,,,0,30,,53520,26,,,0,70,,53507,26,,,0,30,,53515,26,,,0,70,,53526,26,,,0,30,,53521,26,,,0,70,,53508,26,,,0,30,,53516,26,,,0,70,,53527,26,,,0,100,,53509,26,,,0,97,,53528,26,,,0,100,,53510,26,,,0,101,,53529,26,,,0,100,,53502,26,,,0
2029,'1912',625,,53536,26,,,0,30,,53544,26,,,0,68,,53555,26,,,0,30,,53550,26,,,0,70,,53537,26,,,0,30,,53545,26,,,0,71,,53556,26,,,0,30,,53551,26,,,0,55,,53567,11,0,12,0,15,,53538,26,,,0,30,,53546,26,,,0,70,,53557,26,,,0,30,,53552,26,,,0,70,,53539,26,,,0,30,,53547,26,,,0,70,,53558,26,,,0,30,,53553,26,,,0,70,,53540,26,,,0,30,,53548,26,,,0,70,,53559,26,,,0,30,,53554,26,,,0,70,,53541,26,,,0,30,,53549,26,,,0,70,,53560,26,,,0,100,,53542,26,,,0,97,,53561,26,,,0,100,,53543,26,,,0,101,,53562,26,,,0,100,,53535,26,,,0
14000001029,'1907',537,,58794,11,0,18 7,0,1811,,58788,11,,,0,69,,58792,11,,,0,30,,58793,11,,,0,70,,58790,11,,,0,30,,58791,11,,,0,70,,58789,11,,,0
14000001029,'1909',435,,58795,11,0,18 7,0,102,,58796,11,0,18 7,0,1811,,58798,11,,,0,69,,58799,11,,,0,30,,58802,11,,,0,70,,58797,11,,,0,30,,58800,11,,,0,70,,58801,11,,,0
14000001029,'1910',537,,58807,11,0,18 7,0,1811,,58809,11,,,0,69,,58804,11,,,0,30,,58803,11,,,0,70,,58805,11,,,0,30,,58808,11,,,0,70,,58806,11,,,0
14000001029,'1911',537,,58816,11,0,18 7,0,1811,,58810,11,,,0,69,,58814,11,,,0,30,,58815,11,,,0,70,,58812,11,,,0,30,,58813,11,,,0,70,,58811,11,,,0
14000001029,'1912',537,,58823,11,0,18 7,0,1811,,58817,11,,,0,69,,58821,11,,,0,30,,58822,11,,,0,70,,58819,11,,,0,30,,58820,11,,,0,70,,58818,11,,,0
