1019,'1907',602,,53000,4,,,0,100,,53001,4,,,0,100,,53002,4,,,0,100,,53003,4,,,0,100,,53004,4,,,0,100,,53005,4,,,0,100,,53006,4,,,0,100,,53007,4,,,0,100,,53008,4,,,0,100,,53009,4,,,0,100,,53010,4,,,0,100,,53011,4,,,0,100,,53012,4,,,0,100,,53013,4,,,0,100,,53014,4,,,0,100,,53015,4,,,0,100,,53016,4,,,0,100,,53017,4,,,0
1019,'1909',532,,53053,4,,,0,75,,53049,4,,,0,30,,53025,4,,,0,70,,53020,4,,,0,30,,53038,4,,,0,70,,53022,4,,,0,30,,53027,4,,,0,70,,53052,4,,,0,30,,53024,4,,,0,70,,53018,4,,,0,30,,53037,4,,,0,70,,53023,4,,,0,30,,53028,4,,,0,70,,53048,4,,,0,30,,53026,4,,,0,70,,53019,4,,,0,30,,53050,4,,,0,70,,53021,4,,,0,30,,53029,4,,,0,70,,53047,4,,,0,30,,53040,4,,,0,70,,53032,4,,,0,30,,53030,4,,,0,70,,53033,4,,,0,30,,53035,4,,,0,70,,53034,4,,,0,30,,53031,4,,,0,65,,53051,4,,,0,30,,53045,4,,,0,70,,53046,4,,,0,30,,53044,4,,,0,70,,53043,4,,,0,30,,53042,4,,,0,70,,53041,4,,,0,30,,53039,4,,,0,70,,53036,4,,,0
1019,'1910',532,,53089,4,,,0,70,,53078,4,,,0,30,,53064,4,,,0,70,,53083,4,,,0,30,,53073,4,,,0,70,,53058,4,,,0,30,,53079,4,,,0,70,,53081,4,,,0,30,,53063,4,,,0,70,,53084,4,,,0,30,,53072,4,,,0,70,,53057,4,,,0,30,,53067,4,,,0,70,,53077,4,,,0,30,,53062,4,,,0,70,,53085,4,,,0,30,,53071,4,,,0,70,,53056,4,,,0,30,,53066,4,,,0,70,,53076,4,,,0,30,,53061,4,,,0,70,,53086,4,,,0,30,,53070,4,,,0,70,,53055,4,,,0,30,,53065,4,,,0,70,,53075,4,,,0,30,,53059,4,,,0,70,,53087,4,,,0,30,,53068,4,,,0,70,,53054,4,,,0,30,,53060,4,,,0,70,,53074,4,,,0,30,,53069,4,,,0,70,,53088,4,,,0,30,,53082,4,,,0,70,,53080,4,,,0
1019,'1911',602,,53090,4,,,0,100,,53091,4,,,0,100,,53092,4,,,0,100,,53093,4,,,0,100,,53094,4,,,0,100,,53095,4,,,0,100,,53096,4,,,0,100,,53097,4,,,0,100,,53098,4,,,0,100,,53099,4,,,0,100,,53100,4,,,0,100,,53101,4,,,0,100,,53102,4,,,0,100,,53103,4,,,0,100,,53104,4,,,0,100,,53105,4,,,0,100,,53106,4,,,0,100,,53107,4,,,0
1019,'1912',602,,53108,4,,,0,100,,53109,4,,,0,100,,53110,4,,,0,100,,53111,4,,,0,100,,53112,4,,,0,100,,53113,4,,,0,100,,53114,4,,,0,100,,53115,4,,,0,100,,53116,4,,,0,100,,53117,4,,,0,100,,53118,4,,,0,100,,53119,4,,,0,100,,53120,4,,,0,100,,53121,4,,,0,100,,53122,4,,,0,100,,53123,4,,,0,100,,53124,4,,,0,100,,53125,4,,,0
2019,'1907',647,,53277,13,,,0,70,,53254,13,,,0,30,,53258,13,,,0,70,,53270,13,,,0,30,,53265,13,,,0,70,,53255,13,,,0,30,,53259,13,,,0,70,,53271,13,,,0,30,,53266,13,,,0,70,,53256,13,,,0,30,,53260,13,,,0,70,,53272,13,,,0,30,,53267,13,,,0,70,,53257,13,,,0,30,,53261,13,,,0,70,,53273,13,,,0,30,,53268,13,,,0,70,,53252,13,,,0,30,,53262,13,,,0,70,,53274,13,,,0,30,,53269,13,,,0,70,,53250,13,,,0,30,,53263,13,,,0,70,,53275,13,,,0,100,,53251,13,,,0,100,,53276,13,,,0,100,,53253,13,,,0,100,,53264,13,,,0,99,,53278,13,,,0
2019,'1909',444,,53310,4,0,5 2 13 14,0,173,,53279,13,,,0,30,,53280,13,,,0,70,,53281,13,,,0,30,,53282,13,,,0,70,,53283,13,,,0,30,,53284,13,,,0,70,,53301,13,,,0,30,,53302,13,,,0,70,,53303,13,,,0,30,,53304,13,,,0,70,,53305,13,,,0,30,,53306,13,,,0,70,,53307,13,,,0,30,,53308,13,,,0,70,,53309,13,,,0,30,,53299,13,,,0,70,,53300,13,,,0,30,,53285,13,,,0,70,,53286,13,,,0,30,,53287,13,,,0,70,,53288,13,,,0,30,,53289,13,,,0,70,,53290,13,,,0,30,,53291,13,,,0,70,,53292,13,,,0,30,,53298,13,,,0,70,,53293,13,,,0,100,,53294,13,,,0,100,,53295,13,,,0,100,,53296,13,,,0,100,,53297,13,,,0
2019,'1910',617,,53311,4,,,0,30,,53318,13,,,0,70,,53327,13,,,0,30,,53334,13,,,0,70,,53312,13,,,0,30,,53319,13,,,0,70,,53328,13,,,0,30,,53335,13,,,0,70,,53313,13,,,0,30,,53320,13,,,0,70,,53329,13,,,0,30,,53336,13,,,0,70,,53314,13,,,0,30,,53321,13,,,0,70,,53330,13,,,0,30,,53337,13,,,0,70,,53315,13,,,0,30,,53322,13,,,0,70,,53331,13,,,0,30,,53338,13,,,0,70,,53316,13,,,0,30,,53323,13,,,0,70,,53332,13,,,0,30,,53339,13,,,0,70,,53317,13,,,0,30,,53324,13,,,0,70,,53333,13,,,0,100,,53325,13,,,0,100,,53340,13,,,0,100,,53326,13,,,0,100,,53341,13,,,0
2019,'1911',647,,53369,13,,,0,70,,53346,13,,,0,30,,53350,13,,,0,70,,53362,13,,,0,30,,53357,13,,,0,70,,53347,13,,,0,30,,53351,13,,,0,70,,53363,13,,,0,30,,53358,13,,,0,70,,53348,13,,,0,30,,53352,13,,,0,70,,53364,13,,,0,30,,53359,13,,,0,70,,53349,13,,,0,30,,53353,13,,,0,70,,53365,13,,,0,30,,53360,13,,,0,70,,53344,13,,,0,30,,53354,13,,,0,70,,53366,13,,,0,30,,53361,13,,,0,70,,53342,13,,,0,30,,53355,13,,,0,70,,53367,13,,,0,100,,53343,13,,,0,100,,53368,13,,,0,100,,53345,13,,,0,100,,53356,13,,,0,99,,53370,13,,,0
2019,'1912',647,,53398,13,,,0,70,,53375,13,,,0,30,,53379,13,,,0,70,,53391,13,,,0,30,,53386,13,,,0,70,,53376,13,,,0,30,,53380,13,,,0,70,,53392,13,,,0,30,,53387,13,,,0,70,,53377,13,,,0,30,,53381,13,,,0,70,,53393,13,,,0,30,,53388,13,,,0,70,,53378,13,,,0,30,,53382,13,,,0,70,,53394,13,,,0,30,,53389,13,,,0,70,,53373,13,,,0,30,,53383,13,,,0,70,,53395,13,,,0,30,,53390,13,,,0,70,,53371,13,,,0,30,,53384,13,,,0,70,,53396,13,,,0,100,,53372,13,,,0,100,,53397,13,,,0,100,,53374,13,,,0,100,,53385,13,,,0,99,,53399,13,,,0
12019,'1909',627,,54873,4,,,0,30,,54876,4,,,0,70,,54869,4,,,0,30,,54877,4,,,0,70,,54878,4,,,0,30,,54875,4,0,5 2 12,0,70,,54864,4,0,5 2 12,0,30,,54865,4,0,5 2 12,0,70,,54855,4,0,5 2 12,0,30,,54856,4,0,5 2 12,0,70,,54857,4,0,5 2 12,0,30,,54858,4,0,5 2 12,0,70,,54859,4,0,5 2 12,0,30,,54860,4,0,5 2 12,0,70,,54861,4,0,5 2 12,0,30,,54862,4,0,5 2 12,0,70,,54863,4,,,0,30,,54872,4,,,0,70,,54868,4,,,0,30,,54870,4,,,0,70,,54867,4,,,0,30,,54871,4,,,0,70,,54866,4,,,0,30,,54874,4,,,0
32019,'1907',622,,55973,3,,,0,95,,55974,3,,,0,100,,55975,3,,,0,100,,55976,3,,,0,100,,55977,3,,,0,101,,55978,3,,,0,100,,55979,3,,,0,100,,55980,3,,,0,100,,55981,3,,,0,100,,55982,3,,,0,100,,55983,3,,,0,100,,55984,3,,,0,99,,55985,3,,,0,100,,55986,3,,,0,100,,55987,3,,,0,100,,55988,3,,,0,100,,55989,3,,,0,95,,55991,3,0,5 2 8 7,0
32019,'1909',622,,56000,3,,,0,26,,56016,3,,,0,70,,55995,3,,,0,30,,56011,3,,,0,70,,56021,3,,,0,30,,56005,3,,,0,70,,56003,3,,,0,30,,56015,3,,,0,70,,55993,3,,,0,30,,56009,3,,,0,70,,56020,3,,,0,30,,56007,3,,,0,70,,56002,3,,,0,30,,56014,3,,,0,70,,55996,3,,,0,30,,56008,3,,,0,67,,56019,3,,,0,27,,56006,3,,,0,70,,55999,3,,,0,30,,56013,3,,,0,70,,55992,3,,,0,30,,56010,3,,,0,73,,56018,3,,,0,33,,56004,3,,,0,70,,56001,3,,,0,30,,56012,3,,,0,70,,55997,3,,,0,99,,56017,3,,,0,100,,55998,3,,,0,100,,55994,3,,,0,95,,56026,3,0,5 2 8 7,0
32019,'1910',622,,56041,3,,,0,25,,56058,3,,,0,70,,56035,3,,,0,30,,56052,3,,,0,70,,56059,3,,,0,30,,56047,3,,,0,70,,56040,3,,,0,30,,56057,3,,,0,70,,56034,3,,,0,30,,56051,3,,,0,70,,56062,3,,,0,30,,56046,3,,,0,70,,56039,3,,,0,31,,56056,3,,,0,70,,56033,3,,,0,30,,56050,3,,,0,70,,56061,3,,,0,30,,56045,3,,,0,70,,56038,3,,,0,30,,56055,3,,,0,70,,56032,3,,,0,30,,56049,3,,,0,70,,56063,3,,,0,30,,56044,3,,,0,70,,56037,3,,,0,29,,56053,3,,,0,70,,56031,3,,,0,100,,56060,3,,,0,100,,56036,3,,,0,100,,56030,3,,,0,100,,56064,3,0,5 2 8 7,0
32019,'1911',622,,56067,3,,,0,95,,56068,3,,,0,100,,56069,3,,,0,100,,56070,3,,,0,100,,56071,3,,,0,101,,56072,3,,,0,100,,56073,3,,,0,100,,56074,3,,,0,100,,56075,3,,,0,100,,56076,3,,,0,100,,56077,3,,,0,100,,56078,3,,,0,99,,56079,3,,,0,100,,56080,3,,,0,100,,56081,3,,,0,100,,56082,3,,,0,100,,56083,3,,,0,95,,56085,3,0,5 2 8 7,0
32019,'1912',622,,56086,3,,,0,95,,56087,3,,,0,100,,56088,3,,,0,100,,56089,3,,,0,100,,56090,3,,,0,101,,56091,3,,,0,100,,56092,3,,,0,100,,56093,3,,,0,100,,56094,3,,,0,100,,56095,3,,,0,100,,56096,3,,,0,100,,56097,3,,,0,99,,56098,3,,,0,100,,56099,3,,,0,100,,56100,3,,,0,100,,56101,3,,,0,100,,56102,3,,,0,95,,56104,3,0,5 2 8 7,0
14000001019,'1907',2412,,58765,20,,,0,30,,58764,20,,,0,70,,58763,20,,,0,30,,58766,20,,,0,70,,58767,20,,,0
14000001019,'1909',2412,,58771,20,,,0,30,,58768,20,,,0,70,,58769,20,,,0,30,,58770,20,,,0,70,,58772,20,,,0
14000001019,'1910',2412,,58776,20,,,0,30,,58773,20,,,0,70,,58775,20,,,0,30,,58774,20,,,0,70,,58777,20,,,0
14000001019,'1911',2412,,58780,20,,,0,30,,58779,20,,,0,70,,58778,20,,,0,30,,58781,20,,,0,70,,58782,20,,,0
14000001019,'1912',2412,,58785,20,,,0,30,,58784,20,,,0,70,,58783,20,,,0,30,,58786,20,,,0,70,,58787,20,,,0
