16029,'1907',724,,55384,9,,,0,102,,55373,9,,,0,97,,55371,9,,,0,103,,55379,9,,,0,98,,55382,9,,,0,100,,55378,9,,,0,101,,55380,9,,,0,100,,55370,9,,,0,100,,55372,9,,,0,99,,55375,9,,,0,99,,55374,9,,,0,100,,55381,9,,,0,100,,55376,9,,,0,102,,55377,9,,,0,97,,55383,9,,,0
16029,'1909',555,,55417,9,,,0,70,,55385,9,,,0,33,,55386,9,,,0,75,,55387,9,,,0,71,,55388,9,,,0,32,,55389,9,,,0,70,,55390,9,,,0,30,,55391,9,,,0,67,,55392,9,,,0,30,,55393,9,,,0,70,,55394,9,,,0,30,,55395,9,,,0,70,,55396,9,,,0,30,,55397,9,,,0,70,,55398,9,,,0,30,,55399,9,,,0,71,,55400,9,,,0,31,,55401,9,,,0,71,,55402,9,,,0,29,,55403,9,,,0,72,,55404,9,,,0,30,,55405,9,,,0,69,,55406,9,,,0,28,,55407,9,,,0,70,,55408,9,,,0,30,,55416,9,,,0,67,,55409,9,,,0,30,,55410,9,,,0,70,,55411,9,,,0,24,,55412,9,,,0,29,,55413,9,,,0,70,,55414,9,,,0,27,,55415,9,,,0
16029,'1910',558,,55449,9,,,0,67,,55448,9,,,0,30,,55432,9,,,0,67,,55418,9,,,0,30,,55425,9,,,0,71,,55439,9,,,0,30,,55433,9,,,0,70,,55419,9,,,0,31,,55426,9,,,0,70,,55440,9,,,0,30,,55434,9,,,0,70,,55420,9,,,0,30,,55427,9,,,0,70,,55441,9,,,0,32,,55435,9,,,0,70,,55421,9,,,0,30,,55428,9,,,0,70,,55442,9,,,0,30,,55436,9,,,0,70,,55422,9,,,0,30,,55429,9,,,0,70,,55443,9,,,0,29,,55437,9,,,0,70,,55423,9,,,0,30,,55430,9,,,0,69,,55444,9,,,0,29,,55438,9,,,0,70,,55424,9,,,0,29,,55431,9,,,0,70,,55445,9,,,0,100,,55446,9,,,0,30,,55447,9,,,0
16029,'1911',724,,55464,9,,,0,102,,55453,9,,,0,97,,55451,9,,,0,103,,55459,9,,,0,98,,55462,9,,,0,100,,55458,9,,,0,101,,55460,9,,,0,100,,55450,9,,,0,100,,55452,9,,,0,99,,55455,9,,,0,99,,55454,9,,,0,100,,55461,9,,,0,100,,55456,9,,,0,102,,55457,9,,,0,97,,55463,9,,,0
16029,'1912',724,,55479,9,,,0,102,,55468,9,,,0,97,,55466,9,,,0,103,,55474,9,,,0,98,,55477,9,,,0,100,,55473,9,,,0,101,,55475,9,,,0,100,,55465,9,,,0,100,,55467,9,,,0,99,,55470,9,,,0,99,,55469,9,,,0,100,,55476,9,,,0,100,,55471,9,,,0,102,,55472,9,,,0,97,,55478,9,,,0
32019,'1907',640,,55973,28,,,0,95,,55974,28,,,0,100,,55975,28,,,0,100,,55976,28,,,0,100,,55977,28,,,0,101,,55978,28,,,0,103,,55979,28,,,0,100,,55980,28,,,0,100,,55981,28,,,0,100,,55982,28,,,0,100,,55983,28,,,0,100,,55984,28,,,0,98,,55985,28,,,0,100,,55986,28,,,0,100,,55987,28,,,0,99,,55988,28,,,0,100,,55989,28,,,0,95,,55991,28,0,5 2 8 7,0
32019,'1909',641,,56000,28,,,0,66,,56016,28,,,0,33,,55995,28,,,0,71,,56011,28,,,0,30,,56021,28,,,0,69,,56005,28,,,0,29,,56003,28,,,0,70,,56015,28,,,0,30,,55993,28,,,0,70,,56009,28,,,0,30,,56020,28,,,0,70,,56007,28,,,0,30,,56002,28,,,0,70,,56014,28,,,0,30,,55996,28,,,0,70,,56008,28,,,0,29,,56019,28,,,0,70,,56006,28,,,0,30,,55999,28,,,0,70,,56013,28,,,0,30,,55992,28,,,0,70,,56010,28,,,0,31,,56018,28,,,0,71,,56004,28,,,0,29,,56001,28,,,0,70,,56012,28,,,0,30,,55997,28,,,0,98,,56017,28,,,0,100,,55998,28,,,0,100,,55994,28,,,0,95,,56026,28,0,5 2 8 7,0
32019,'1910',639,,56041,28,,,0,65,,56058,28,,,0,30,,56035,28,,,0,70,,56052,28,,,0,30,,56059,28,,,0,72,,56047,28,,,0,30,,56040,28,,,0,71,,56057,28,,,0,30,,56034,28,,,0,70,,56051,28,,,0,30,,56062,28,,,0,71,,56046,28,,,0,30,,56039,28,,,0,71,,56056,28,,,0,30,,56033,28,,,0,70,,56050,28,,,0,30,,56061,28,,,0,70,,56045,28,,,0,30,,56038,28,,,0,70,,56055,28,,,0,30,,56032,28,,,0,70,,56049,28,,,0,30,,56063,28,,,0,70,,56044,28,,,0,30,,56037,28,,,0,68,,56053,28,,,0,30,,56031,28,,,0,100,,56060,28,,,0,98,,56036,28,,,0,100,,56030,28,,,0,99,,56064,28,0,5 2 8 7,0
32019,'1911',640,,56067,28,,,0,95,,56068,28,,,0,100,,56069,28,,,0,100,,56070,28,,,0,100,,56071,28,,,0,101,,56072,28,,,0,103,,56073,28,,,0,100,,56074,28,,,0,100,,56075,28,,,0,100,,56076,28,,,0,100,,56077,28,,,0,100,,56078,28,,,0,98,,56079,28,,,0,100,,56080,28,,,0,100,,56081,28,,,0,99,,56082,28,,,0,100,,56083,28,,,0,95,,56085,28,0,5 2 8 7,0
32019,'1912',640,,56086,28,,,0,95,,56087,28,,,0,100,,56088,28,,,0,100,,56089,28,,,0,100,,56090,28,,,0,101,,56091,28,,,0,103,,56092,28,,,0,100,,56093,28,,,0,100,,56094,28,,,0,100,,56095,28,,,0,100,,56096,28,,,0,100,,56097,28,,,0,98,,56098,28,,,0,100,,56099,28,,,0,100,,56100,28,,,0,99,,56101,28,,,0,100,,56102,28,,,0,95,,56104,28,0,5 2 8 7,0
