32019,'1907',624,,55973,5,,,0,95,,55974,5,,,0,100,,55975,5,,,0,100,,55976,5,,,0,100,,55977,5,,,0,100,,55978,5,,,0,101,,55979,5,,,0,100,,55980,5,,,0,100,,55981,5,,,0,100,,55982,5,,,0,100,,55983,5,,,0,100,,55984,5,,,0,99,,55985,5,,,0,100,,55986,5,,,0,100,,55987,5,,,0,100,,55988,5,,,0,100,,55989,5,,,0,95,,55991,5,0,5 2 8 7,0
32019,'1909',624,,56000,5,,,0,26,,56016,5,,,0,69,,55995,5,,,0,31,,56011,5,,,0,70,,56021,5,,,0,30,,56005,5,,,0,69,,56003,5,,,0,30,,56015,5,,,0,70,,55993,5,,,0,30,,56009,5,,,0,70,,56020,5,,,0,30,,56007,5,,,0,70,,56002,5,,,0,30,,56014,5,,,0,70,,55996,5,,,0,30,,56008,5,,,0,67,,56019,5,,,0,27,,56006,5,,,0,70,,55999,5,,,0,30,,56013,5,,,0,70,,55992,5,,,0,30,,56010,5,,,0,73,,56018,5,,,0,33,,56004,5,,,0,70,,56001,5,,,0,30,,56012,5,,,0,70,,55997,5,,,0,100,,56017,5,,,0,100,,55998,5,,,0,100,,55994,5,,,0,95,,56026,5,0,5 2 8 7,0
32019,'1910',623,,56041,5,,,0,25,,56058,5,,,0,70,,56035,5,,,0,30,,56052,5,,,0,70,,56059,5,,,0,31,,56047,5,,,0,70,,56040,5,,,0,30,,56057,5,,,0,70,,56034,5,,,0,30,,56051,5,,,0,70,,56062,5,,,0,30,,56046,5,,,0,70,,56039,5,,,0,30,,56056,5,,,0,70,,56033,5,,,0,30,,56050,5,,,0,70,,56061,5,,,0,30,,56045,5,,,0,70,,56038,5,,,0,30,,56055,5,,,0,70,,56032,5,,,0,30,,56049,5,,,0,70,,56063,5,,,0,30,,56044,5,,,0,70,,56037,5,,,0,30,,56053,5,,,0,70,,56031,5,,,0,100,,56060,5,,,0,99,,56036,5,,,0,100,,56030,5,,,0,100,,56064,5,0,5 2 8 7,0
32019,'1911',624,,56067,5,,,0,95,,56068,5,,,0,100,,56069,5,,,0,100,,56070,5,,,0,100,,56071,5,,,0,100,,56072,5,,,0,101,,56073,5,,,0,100,,56074,5,,,0,100,,56075,5,,,0,100,,56076,5,,,0,100,,56077,5,,,0,100,,56078,5,,,0,99,,56079,5,,,0,100,,56080,5,,,0,100,,56081,5,,,0,100,,56082,5,,,0,100,,56083,5,,,0,95,,56085,5,0,5 2 8 7,0
32019,'1912',624,,56086,5,,,0,95,,56087,5,,,0,100,,56088,5,,,0,100,,56089,5,,,0,100,,56090,5,,,0,100,,56091,5,,,0,101,,56092,5,,,0,100,,56093,5,,,0,100,,56094,5,,,0,100,,56095,5,,,0,100,,56096,5,,,0,100,,56097,5,,,0,99,,56098,5,,,0,100,,56099,5,,,0,100,,56100,5,,,0,100,,56101,5,,,0,100,,56102,5,,,0,95,,56104,5,0,5 2 8 7,0
502019,'1907',623,,56664,13,,,0,28,,56646,13,,,0,65,,56655,13,,,0,30,,56680,13,,,0,71,,56660,13,,,0,30,,56679,13,,,0,71,,56658,13,,,0,30,,56678,13,,,0,70,,56647,13,,,0,30,,56677,13,,,0,55,,56689,13,,,0,15,,56648,13,,,0,15,,56691,13,,,0,15,,56676,13,,,0,55,,56694,13,,,0,17,,56649,13,,,0,15,,56683,13,,,0,15,,56675,13,,,0,55,,56686,13,,,0,15,,56650,13,,,0,15,,56688,13,,,0,15,,56674,13,,,0,55,,56692,13,,,0,15,,56651,13,,,0,15,,56693,13,,,0,15,,56673,13,,,0,55,,56682,13,,,0,15,,56652,13,,,0,15,,56685,13,,,0,15,,56672,13,,,0,55,,56687,13,,,0,15,,56653,13,,,0,14,,56690,13,,,0,15,,56671,13,,,0,55,,56695,13,,,0,15,,56654,13,,,0,15,,56681,13,,,0,15,,56670,13,,,0,55,,56684,13,,,0,15,,56663,13,,,0,29,,56669,13,,,0,70,,56661,13,,,0,30,,56668,13,,,0,70,,56656,13,,,0,30,,56667,13,,,0,70,,56657,13,,,0,30,,56665,13,,,0,68,,56662,13,,,0,30,,56666,13,,,0,70,,56659,13,,,0
502019,'1909',550,,56696,13,,,0,55,,56697,13,,,0,15,,56698,13,,,0,16,,56699,13,,,0,7,,56700,13,,,0,8,,56701,13,,,0,56,,56702,13,,,0,13,,56703,13,,,0,13,,56704,13,,,0,12,,56705,13,,,0,6,,56706,13,,,0,6,,56707,13,,,0,52,,56708,13,,,0,6,,56709,13,,,0,6,,56710,13,,,0,12,,56711,13,,,0,12,,56712,13,,,0,12,,56713,13,,,0,50,,56714,13,,,0,14,,56715,13,,,0,14,,56716,13,,,0,15,,56717,13,,,0,55,,56718,13,,,0,15,,56719,13,,,0,15,,56720,13,,,0,15,,56721,13,,,0,55,,56722,13,,,0,16,,56723,13,,,0,15,,56724,13,,,0,15,,56725,13,,,0,55,,56726,13,,,0,15,,56727,13,,,0,15,,56728,13,,,0,15,,56729,13,,,0,55,,56730,13,,,0,15,,56731,13,,,0,15,,56732,13,,,0,15,,56733,13,,,0,55,,56734,13,,,0,15,,56735,13,,,0,15,,56736,13,,,0,15,,56737,13,,,0,57,,56738,13,,,0,15,,56739,13,,,0,15,,56740,13,,,0,12,,56741,13,,,0,52,,56742,13,,,0,12,,56743,13,,,0,11,,56744,13,,,0,12,,56745,13,,,0,12,,56746,13,,,0,52,,56747,13,,,0,12,,56748,13,,,0,12,,56749,13,,,0,11,,56750,13,,,0,11,,56751,13,,,0,12,,56752,13,,,0,51,,56753,13,,,0,12,,56754,13,,,0,12,,56755,13,,,0,15,,56756,13,,,0,55,,56766,13,,,0,15,,56757,13,,,0,30,,56758,13,,,0,70,,56759,13,,,0,30,,56760,13,,,0,70,,56761,13,,,0,30,,56762,13,,,0,70,,56763,13,,,0,30,,56764,13,,,0,70,,56765,13,,,0
502019,'1910',621,,56774,13,,,0,15,,56820,13,,,0,15,,56781,13,,,0,70,,56773,13,,,0,30,,56782,13,,,0,65,,56772,13,,,0,30,,56783,13,,,0,71,,56771,13,,,0,30,,56784,13,,,0,56,,56785,13,,,0,17,,56811,13,,,0,15,,56794,13,,,0,15,,56803,13,,,0,55,,56786,13,,,0,15,,56812,13,,,0,15,,56795,13,,,0,15,,56804,13,,,0,55,,56787,13,,,0,15,,56813,13,,,0,15,,56796,13,,,0,15,,56805,13,,,0,55,,56788,13,,,0,15,,56814,13,,,0,15,,56797,13,,,0,15,,56806,13,,,0,55,,56789,13,,,0,15,,56815,13,,,0,15,,56798,13,,,0,15,,56807,13,,,0,55,,56790,13,,,0,15,,56816,13,,,0,15,,56799,13,,,0,15,,56808,13,,,0,55,,56791,13,,,0,15,,56817,13,,,0,15,,56800,13,,,0,15,,56809,13,,,0,55,,56792,13,,,0,15,,56818,13,,,0,15,,56801,13,,,0,15,,56776,13,,,0,55,,56793,13,,,0,15,,56810,13,,,0,15,,56802,13,,,0,15,,56777,13,,,0,55,,56819,13,,,0,14,,56821,13,,,0,30,,56778,13,,,0,69,,56770,13,,,0,30,,56779,13,,,0,70,,56769,13,,,0,30,,56775,13,,,0,68,,56768,13,,,0,30,,56780,13,,,0,70,,56767,13,,,0
502019,'1911',623,,56840,13,,,0,28,,56822,13,,,0,65,,56831,13,,,0,30,,56856,13,,,0,71,,56836,13,,,0,30,,56855,13,,,0,71,,56834,13,,,0,30,,56854,13,,,0,70,,56823,13,,,0,30,,56853,13,,,0,55,,56865,13,,,0,15,,56824,13,,,0,15,,56867,13,,,0,15,,56852,13,,,0,55,,56870,13,,,0,17,,56825,13,,,0,15,,56859,13,,,0,15,,56851,13,,,0,55,,56862,13,,,0,15,,56826,13,,,0,15,,56864,13,,,0,15,,56850,13,,,0,55,,56868,13,,,0,15,,56827,13,,,0,15,,56869,13,,,0,15,,56849,13,,,0,55,,56858,13,,,0,15,,56828,13,,,0,15,,56861,13,,,0,15,,56848,13,,,0,55,,56863,13,,,0,15,,56829,13,,,0,14,,56866,13,,,0,15,,56847,13,,,0,55,,56871,13,,,0,15,,56830,13,,,0,15,,56857,13,,,0,15,,56846,13,,,0,55,,56860,13,,,0,15,,56839,13,,,0,29,,56845,13,,,0,70,,56837,13,,,0,30,,56844,13,,,0,70,,56832,13,,,0,30,,56843,13,,,0,70,,56833,13,,,0,30,,56841,13,,,0,68,,56838,13,,,0,30,,56842,13,,,0,70,,56835,13,,,0
502019,'1912',623,,56890,13,,,0,28,,56872,13,,,0,65,,56881,13,,,0,30,,56906,13,,,0,71,,56886,13,,,0,30,,56905,13,,,0,71,,56884,13,,,0,30,,56904,13,,,0,70,,56873,13,,,0,30,,56903,13,,,0,55,,56915,13,,,0,15,,56874,13,,,0,15,,56917,13,,,0,15,,56902,13,,,0,55,,56920,13,,,0,17,,56875,13,,,0,15,,56909,13,,,0,15,,56901,13,,,0,55,,56912,13,,,0,15,,56876,13,,,0,15,,56914,13,,,0,15,,56900,13,,,0,55,,56918,13,,,0,15,,56877,13,,,0,15,,56919,13,,,0,15,,56899,13,,,0,55,,56908,13,,,0,15,,56878,13,,,0,15,,56911,13,,,0,15,,56898,13,,,0,55,,56913,13,,,0,15,,56879,13,,,0,14,,56916,13,,,0,15,,56897,13,,,0,55,,56921,13,,,0,15,,56880,13,,,0,15,,56907,13,,,0,15,,56896,13,,,0,55,,56910,13,,,0,15,,56889,13,,,0,29,,56895,13,,,0,70,,56887,13,,,0,30,,56894,13,,,0,70,,56882,13,,,0,30,,56893,13,,,0,70,,56883,13,,,0,30,,56891,13,,,0,68,,56888,13,,,0,30,,56892,13,,,0,70,,56885,13,,,0
