4019,'1907',801,,53591,8,,,0,30,,53592,8,,,0,70,,53589,8,,,0,30,,53593,8,,,0,70,,53590,8,,,0,30,,53574,8,,,0,70,,53578,8,,,0,30,,53582,8,,,0,69,,53585,8,,,0,31,,53570,8,,,0,69,,53573,8,,,0,30,,53577,8,,,0,70,,53581,8,,,0,30,,53583,8,,,0,70,,59487,8,,,0,30,,53572,8,,,0,70,,53576,8,,,0,30,,53580,8,,,0,70,,53584,8,,,0,31,,53568,8,,,0,70,,53571,8,,,0,30,,53575,8,,,0,70,,53579,8,,,0,30,,53588,8,,,0,70,,53594,8,,,0,30,,53586,8,,,0,70,,53595,8,,,0,30,,53587,8,,,0
4019,'1909',631,,59491,8,,,0,70,,53628,8,,,0,30,,53603,8,,,0,27,,53604,8,,,0,76,,53605,8,,,0,24,,53606,8,,,0,76,,53607,8,,,0,67,,53608,8,,,0,29,,53609,8,,,0,70,,53610,8,,,0,30,,53611,8,,,0,72,,53612,8,,,0,30,,53613,8,,,0,70,,59492,8,,,0,30,,53615,8,,,0,70,,53616,8,,,0,30,,53617,8,,,0,74,,53618,8,,,0,30,,53619,8,,,0,71,,53620,8,,,0,24,,53621,8,,,0,75,,53622,8,,,0,23,,53623,8,,,0,76,,53624,8,,,0,21,,53625,8,,,0,75,,53626,8,,,0,30,,59493,8,,,0,70,,59488,8,,,0,30,,59489,8,,,0,70,,53598,8,,,0,30,,59490,8,,,0,70,,53600,8,,,0,30,,53601,8,,,0
4019,'1910',701,,59504,8,,,0,30,,59495,8,,,0,70,,53630,8,,,0,30,,59497,8,,,0,70,,59502,8,,,0,30,,53646,8,,,0,70,,53634,8,,,0,30,,53656,8,,,0,70,,53633,8,,,0,30,,53653,8,,,0,70,,53648,8,,,0,30,,53641,8,,,0,70,,53654,8,,,0,30,,53657,8,,,0,70,,53632,8,,,0,30,,53643,8,,,0,70,,53631,8,,,0,30,,53637,8,,,0,70,,53655,8,,,0,30,,53652,8,,,0,70,,53649,8,,,0,30,,53638,8,,,0,70,,53658,8,,,0,30,,59503,8,,,0,70,,53629,8,,,0,30,,53644,8,,,0,70,,59498,8,,,0,30,,59501,8,,,0,70,,59494,8,,,0,30,,59499,8,,,0,70,,59496,8,,,0,30,,59500,8,,,0
4019,'1912',801,,53712,8,,,0,30,,53713,8,,,0,70,,53710,8,,,0,30,,53714,8,,,0,70,,53711,8,,,0,30,,53695,8,,,0,70,,53699,8,,,0,30,,53703,8,,,0,69,,53706,8,,,0,31,,53691,8,,,0,69,,53694,8,,,0,30,,53698,8,,,0,70,,53702,8,,,0,30,,53704,8,,,0,70,,59505,8,,,0,30,,53693,8,,,0,70,,53697,8,,,0,30,,53701,8,,,0,70,,53705,8,,,0,31,,53689,8,,,0,70,,53692,8,,,0,30,,53696,8,,,0,70,,53700,8,,,0,30,,53709,8,,,0,70,,53715,8,,,0,30,,53707,8,,,0,70,,53716,8,,,0,30,,53708,8,,,0
4019,'1924',801,,53684,8,,,0,30,,53685,8,,,0,70,,53682,8,,,0,30,,53686,8,,,0,70,,53683,8,,,0,30,,53667,8,,,0,70,,53671,8,,,0,30,,53675,8,,,0,69,,53678,8,,,0,31,,53663,8,,,0,69,,53666,8,,,0,30,,53670,8,,,0,70,,53674,8,,,0,30,,53676,8,,,0,70,,59506,8,,,0,30,,53665,8,,,0,70,,53669,8,,,0,30,,53673,8,,,0,70,,53677,8,,,0,31,,53661,8,,,0,70,,53664,8,,,0,30,,53668,8,,,0,70,,53672,8,,,0,30,,53681,8,,,0,70,,53687,8,,,0,30,,53679,8,,,0,70,,53688,8,,,0,30,,53680,8,,,0
4019,'1925',801,,59530,8,,,0,30,,59531,8,,,0,70,,59528,8,,,0,30,,59532,8,,,0,70,,59529,8,,,0,30,,59513,8,,,0,70,,59517,8,,,0,30,,59521,8,,,0,69,,59524,8,,,0,31,,59509,8,,,0,69,,59512,8,,,0,30,,59516,8,,,0,70,,59520,8,,,0,30,,59522,8,,,0,70,,59508,8,,,0,30,,59511,8,,,0,70,,59515,8,,,0,30,,59519,8,,,0,70,,59523,8,,,0,31,,59507,8,,,0,70,,59510,8,,,0,30,,59514,8,,,0,70,,59518,8,,,0,30,,59527,8,,,0,70,,59533,8,,,0,30,,59525,8,,,0,70,,59534,8,,,0,30,,59526,8,,,0
11029,'1907',836,,54785,26,,,0,100,,54786,26,,,0,100,,54787,26,,,0,100,,54788,26,,,0,100,,54789,26,,,0,100,,54790,26,,,0,100,,54791,26,,,0,100,,54792,26,,,0,100,,54793,26,,,0,97,,54794,26,,,0,100,,60074,26,,,0,100,,54796,26,,,0,98,,54797,26,,,0
11029,'1909',636,,54813,19,,,0,100,,60075,26,,,0,100,,54800,26,,,0,100,,60076,26,,,0,100,,60077,26,,,0,100,,60078,26,,,0,100,,60079,26,,,0,100,,60080,26,,,0,100,,60081,26,,,0,100,,54807,26,,,0,100,,60082,26,,,0,100,,60083,26,,,0,100,,54810,26,,,0,100,,60084,26,,,0,100,,54812,26,,,0,94,,54798,26,,,0
11029,'1910',636,,54828,19,,,0,100,,54827,26,,,0,100,,60085,26,,,0,100,,54815,26,,,0,100,,54816,26,,,0,100,,54817,26,,,0,100,,54818,26,,,0,100,,54819,26,,,0,100,,54820,26,,,0,100,,60086,26,,,0,100,,54822,26,,,0,100,,54823,26,,,0,100,,54824,26,,,0,100,,54825,26,,,0,100,,54826,26,,,0
11029,'1912',836,,54842,26,,,0,100,,54843,26,,,0,100,,54844,26,,,0,100,,54845,26,,,0,100,,54846,26,,,0,100,,54847,26,,,0,100,,54848,26,,,0,100,,54849,26,,,0,100,,54850,26,,,0,97,,54851,26,,,0,100,,60087,26,,,0,100,,54853,26,,,0,98,,54854,26,,,0
11029,'1924',836,,54829,26,,,0,100,,54830,26,,,0,100,,54831,26,,,0,100,,54832,26,,,0,100,,54833,26,,,0,100,,54834,26,,,0,100,,54835,26,,,0,100,,54836,26,,,0,100,,54837,26,,,0,97,,54838,26,,,0,100,,60088,26,,,0,100,,54840,26,,,0,98,,54841,26,,,0
11029,'1925',836,,60089,26,,,0,100,,60090,26,,,0,100,,60091,26,,,0,100,,60092,26,,,0,100,,60093,26,,,0,100,,60094,26,,,0,100,,60095,26,,,0,100,,60096,26,,,0,100,,60097,26,,,0,97,,60098,26,,,0,100,,60099,26,,,0,100,,60100,26,,,0,98,,60101,26,,,0
