4019,'1907',752,,53591,5,,,0,70,,53592,5,,,0,30,,53589,5,,,0,70,,53593,5,,,0,30,,53590,5,,,0,72,,53574,5,,,0,30,,53578,5,,,0,70,,53582,5,,,0,30,,53585,5,,,0,70,,53570,5,,,0,30,,53573,5,,,0,70,,53577,5,,,0,30,,53581,5,,,0,70,,53583,5,,,0,30,,53569,5,,,0,70,,53572,5,,,0,30,,53576,5,,,0,70,,53580,5,,,0,30,,53584,5,,,0,70,,53568,5,,,0,30,,53571,5,,,0,70,,53575,5,,,0,29,,53579,5,,,0,70,,53588,5,,,0,30,,53594,5,,,0,70,,53586,5,,,0,30,,53595,5,,,0,70,,53587,5,,,0
4019,'1909',622,,53602,5,,,0,30,,53628,5,,,0,72,,53603,5,,,0,27,,53604,5,,,0,76,,53605,5,,,0,24,,53606,5,,,0,76,,53607,5,,,0,27,,53608,5,,,0,70,,53609,5,,,0,30,,53610,5,,,0,70,,53611,5,,,0,32,,53612,5,,,0,70,,53613,5,,,0,30,,53614,5,,,0,70,,53615,5,,,0,30,,53616,5,,,0,70,,53617,5,,,0,32,,53618,5,,,0,70,,53619,5,,,0,31,,53620,5,,,0,64,,53621,5,,,0,36,,53622,5,,,0,63,,53623,5,,,0,36,,53624,5,,,0,61,,53625,5,,,0,35,,53626,5,,,0,70,,53627,5,,,0,30,,53596,5,,,0,70,,53597,5,,,0,30,,53598,5,,,0,69,,53599,5,,,0,30,,53600,5,,,0,70,,53601,5,,,0
4019,'1910',652,,53660,5,,,0,70,,53636,5,,,0,30,,53630,5,,,0,71,,53640,5,,,0,30,,53651,5,,,0,70,,53646,5,,,0,30,,53634,5,,,0,71,,53656,5,,,0,30,,53633,5,,,0,70,,53653,5,,,0,30,,53648,5,,,0,70,,53641,5,,,0,30,,53654,5,,,0,70,,53657,5,,,0,30,,53632,5,,,0,70,,53643,5,,,0,30,,53631,5,,,0,70,,53637,5,,,0,30,,53655,5,,,0,70,,53652,5,,,0,30,,53649,5,,,0,70,,53638,5,,,0,30,,53658,5,,,0,70,,53659,5,,,0,30,,53629,5,,,0,70,,53644,5,,,0,30,,53642,5,,,0,70,,53650,5,,,0,30,,53635,5,,,0,70,,53645,5,,,0,30,,53639,5,,,0,70,,53647,5,,,0
4019,'1911',752,,53684,5,,,0,70,,53685,5,,,0,30,,53682,5,,,0,70,,53686,5,,,0,30,,53683,5,,,0,72,,53667,5,,,0,30,,53671,5,,,0,70,,53675,5,,,0,30,,53678,5,,,0,70,,53663,5,,,0,30,,53666,5,,,0,70,,53670,5,,,0,30,,53674,5,,,0,70,,53676,5,,,0,30,,53662,5,,,0,70,,53665,5,,,0,30,,53669,5,,,0,70,,53673,5,,,0,30,,53677,5,,,0,70,,53661,5,,,0,30,,53664,5,,,0,70,,53668,5,,,0,29,,53672,5,,,0,70,,53681,5,,,0,30,,53687,5,,,0,70,,53679,5,,,0,30,,53688,5,,,0,70,,53680,5,,,0
4019,'1912',752,,53712,5,,,0,70,,53713,5,,,0,30,,53710,5,,,0,70,,53714,5,,,0,30,,53711,5,,,0,72,,53695,5,,,0,30,,53699,5,,,0,70,,53703,5,,,0,30,,53706,5,,,0,70,,53691,5,,,0,30,,53694,5,,,0,70,,53698,5,,,0,30,,53702,5,,,0,70,,53704,5,,,0,30,,53690,5,,,0,70,,53693,5,,,0,30,,53697,5,,,0,70,,53701,5,,,0,30,,53705,5,,,0,70,,53689,5,,,0,30,,53692,5,,,0,70,,53696,5,,,0,29,,53700,5,,,0,70,,53709,5,,,0,30,,53715,5,,,0,70,,53707,5,,,0,30,,53716,5,,,0,70,,53708,5,,,0
502029,'1907',637,,56936,5,,,0,70,,56922,5,,,0,30,,56939,5,,,0,70,,56953,5,,,0,30,,56933,5,,,0,70,,56952,5,,,0,30,,56935,5,,,0,70,,56951,5,,,0,30,,56930,5,,,0,70,,56950,5,,,0,30,,56925,5,,,0,70,,56949,5,,,0,30,,56928,5,,,0,70,,56947,5,,,0,30,,56926,5,,,0,70,,56948,5,,,0,30,,56929,5,,,0,70,,56946,5,,,0,30,,56923,5,,,0,70,,56945,5,,,0,30,,56927,5,,,0,70,,56944,5,,,0,30,,56924,5,,,0,70,,56943,5,,,0,30,,56937,5,,,0,70,,56942,5,,,0,30,,56938,5,,,0,70,,56941,5,,,0,30,,56931,5,,,0,70,,56954,5,,,0,30,,56940,5,,,0,70,,56955,5,,,0,30,,56934,5,,,0,70,,56956,5,,,0,30,,56932,5,,,0
502029,'1909',607,,56957,5,,,0,30,,56958,5,,,0,65,,56998,5,,,0,10,,56959,5,,,0,25,,56960,5,,,0,64,,56961,5,,,0,12,,56962,5,,,0,24,,56963,5,,,0,64,,56964,5,,,0,12,,56965,5,,,0,24,,56966,5,,,0,71,,56967,5,,,0,30,,56968,5,,,0,70,,56969,5,,,0,30,,56970,5,,,0,70,,56971,5,,,0,30,,56972,5,,,0,70,,56973,5,,,0,30,,56974,5,,,0,70,,56975,5,,,0,33,,56976,5,,,0,70,,56977,5,,,0,30,,56978,5,,,0,68,,56979,5,,,0,24,,56980,5,,,0,12,,56981,5,,,0,62,,56982,5,,,0,6,,56999,5,,,0,18,,56983,5,,,0,12,,56984,5,,,0,64,,56985,5,,,0,22,,56986,5,,,0,12,,56987,5,,,0,66,,56988,5,,,0,30,,56989,5,,,0,70,,56990,5,,,0,30,,56991,5,,,0,70,,56992,5,,,0,30,,56993,5,,,0,70,,56994,5,,,0,30,,56995,5,,,0,70,,56996,5,,,0,30,,56997,5,,,0
502029,'1910',637,,57007,5,,,0,70,,57014,5,,,0,30,,57006,5,,,0,70,,57015,5,,,0,30,,57005,5,,,0,70,,57016,5,,,0,30,,57004,5,,,0,71,,57017,5,,,0,30,,57025,5,,,0,70,,57018,5,,,0,30,,57026,5,,,0,70,,57019,5,,,0,30,,57027,5,,,0,70,,57020,5,,,0,30,,57028,5,,,0,70,,57021,5,,,0,30,,57029,5,,,0,70,,57022,5,,,0,30,,57030,5,,,0,70,,57023,5,,,0,30,,57031,5,,,0,70,,57024,5,,,0,30,,57032,5,,,0,70,,57008,5,,,0,30,,57033,5,,,0,69,,57010,5,,,0,30,,57034,5,,,0,70,,57009,5,,,0,30,,57003,5,,,0,70,,57011,5,,,0,30,,57002,5,,,0,70,,57012,5,,,0,30,,57001,5,,,0,70,,57013,5,,,0,30,,57000,5,,,0
502029,'1911',637,,57049,5,,,0,70,,57035,5,,,0,30,,57052,5,,,0,70,,57066,5,,,0,30,,57046,5,,,0,70,,57065,5,,,0,30,,57048,5,,,0,70,,57064,5,,,0,30,,57043,5,,,0,70,,57063,5,,,0,30,,57038,5,,,0,70,,57062,5,,,0,30,,57041,5,,,0,70,,57060,5,,,0,30,,57039,5,,,0,70,,57061,5,,,0,30,,57042,5,,,0,70,,57059,5,,,0,30,,57036,5,,,0,70,,57058,5,,,0,30,,57040,5,,,0,70,,57057,5,,,0,30,,57037,5,,,0,70,,57056,5,,,0,30,,57050,5,,,0,70,,57055,5,,,0,30,,57051,5,,,0,70,,57054,5,,,0,30,,57044,5,,,0,70,,57067,5,,,0,30,,57053,5,,,0,70,,57068,5,,,0,30,,57047,5,,,0,70,,57069,5,,,0,30,,57045,5,,,0
502029,'1912',637,,57084,5,,,0,70,,57070,5,,,0,30,,57087,5,,,0,70,,57101,5,,,0,30,,57081,5,,,0,70,,57100,5,,,0,30,,57083,5,,,0,70,,57099,5,,,0,30,,57078,5,,,0,70,,57098,5,,,0,30,,57073,5,,,0,70,,57097,5,,,0,30,,57076,5,,,0,70,,57095,5,,,0,30,,57074,5,,,0,70,,57096,5,,,0,30,,57077,5,,,0,70,,57094,5,,,0,30,,57071,5,,,0,70,,57093,5,,,0,30,,57075,5,,,0,70,,57092,5,,,0,30,,57072,5,,,0,70,,57091,5,,,0,30,,57085,5,,,0,70,,57090,5,,,0,30,,57086,5,,,0,70,,57089,5,,,0,30,,57079,5,,,0,70,,57102,5,,,0,30,,57088,5,,,0,70,,57103,5,,,0,30,,57082,5,,,0,70,,57104,5,,,0,30,,57080,5,,,0
