1029,'1907',626,,58968,48,,,0,100,,58969,48,,,0,100,,58970,48,,,0,101,,58971,48,,,0,100,,58972,48,,,0,100,,58973,48,,,0,100,,58974,48,,,0,100,,58975,48,,,0,100,,58976,48,,,0,100,,58977,48,,,0,100,,58978,48,,,0,100,,58979,48,,,0,100,,58980,48,,,0,100,,58981,48,,,0,100,,58982,48,,,0,100,,58983,48,,,0,101,,58984,48,,,0,94,,58985,48,,,0
1029,'1909',626,,58995,48,,,0,75,,58996,48,,,0,32,,59016,48,,,0,70,,58992,48,,,0,30,,58987,48,,,0,70,,59020,48,,,0,30,,58990,48,,,0,70,,58997,48,,,0,30,,59015,48,,,0,70,,58994,48,,,0,30,,58986,48,,,0,70,,59019,48,,,0,30,,58991,48,,,0,70,,58998,48,,,0,30,,59014,48,,,0,70,,58993,48,,,0,31,,58988,48,,,0,71,,59017,48,,,0,32,,58989,48,,,0,70,,58999,48,,,0,30,,59013,48,,,0,70,,59002,48,,,0,29,,59001,48,,,0,67,,59000,48,,,0,25,,59006,48,,,0,30,,59005,48,,,0,70,,59004,48,,,0,30,,59003,48,,,0,69,,59018,48,,,0,30,,59012,48,,,0,70,,59011,48,,,0,30,,59010,48,,,0,70,,59009,48,,,0,30,,59008,48,,,0,65,,59007,48,,,0
1029,'1910',626,,59026,48,,,0,30,,59038,48,,,0,70,,59045,48,,,0,30,,59033,48,,,0,70,,59054,48,,,0,30,,59042,48,,,0,72,,59025,48,,,0,29,,59037,48,,,0,70,,59048,48,,,0,30,,59032,48,,,0,70,,59055,48,,,0,30,,59041,48,,,0,70,,59024,48,,,0,30,,59036,48,,,0,70,,59047,48,,,0,30,,59031,48,,,0,70,,59027,48,,,0,30,,59040,48,,,0,70,,59023,48,,,0,30,,59035,48,,,0,70,,59043,48,,,0,30,,59030,48,,,0,70,,59052,48,,,0,30,,59039,48,,,0,69,,59022,48,,,0,31,,59034,48,,,0,70,,59046,48,,,0,30,,59028,48,,,0,70,,59050,48,,,0,30,,59049,48,,,0,70,,59021,48,,,0,30,,59029,48,,,0,70,,59044,48,,,0,30,,59053,48,,,0,70,,59051,48,,,0
1029,'1912',626,,59056,48,,,0,100,,59057,48,,,0,100,,59058,48,,,0,101,,59059,48,,,0,100,,59060,48,,,0,100,,59061,48,,,0,100,,59062,48,,,0,100,,59063,48,,,0,100,,59064,48,,,0,100,,59065,48,,,0,100,,59066,48,,,0,100,,59067,48,,,0,100,,59068,48,,,0,100,,59069,48,,,0,100,,59070,48,,,0,100,,59071,48,,,0,101,,59072,48,,,0,94,,59073,48,,,0
1029,'1924',626,,59074,48,,,0,100,,59075,48,,,0,100,,59076,48,,,0,101,,59077,48,,,0,100,,59078,48,,,0,100,,59079,48,,,0,100,,59080,48,,,0,100,,59081,48,,,0,100,,59082,48,,,0,100,,59083,48,,,0,100,,59084,48,,,0,100,,59085,48,,,0,100,,59086,48,,,0,100,,59087,48,,,0,100,,59088,48,,,0,100,,59089,48,,,0,101,,59090,48,,,0,94,,59091,48,,,0
1029,'1925',626,,59092,48,,,0,100,,59093,48,,,0,100,,59094,48,,,0,101,,59095,48,,,0,100,,59096,48,,,0,100,,59097,48,,,0,100,,59098,48,,,0,100,,59099,48,,,0,100,,59100,48,,,0,100,,59101,48,,,0,100,,59102,48,,,0,100,,59103,48,,,0,100,,59104,48,,,0,100,,59105,48,,,0,100,,59106,48,,,0,100,,59107,48,,,0,101,,59108,48,,,0,94,,59109,48,,,0
2029,'1907',641,,59290,45,,,0,70,,59298,45,,,0,31,,59309,45,,,0,70,,59304,45,,,0,30,,59291,45,,,0,70,,59299,45,,,0,30,,59310,45,,,0,70,,59305,45,,,0,30,,59292,45,,,0,70,,59300,45,,,0,30,,59311,45,,,0,70,,59306,45,,,0,30,,59293,45,,,0,70,,59301,45,,,0,30,,59312,45,,,0,70,,59307,45,,,0,30,,59294,45,,,0,70,,59302,45,,,0,30,,59313,45,,,0,70,,59308,45,,,0,30,,59295,45,,,0,70,,59303,45,,,0,30,,59314,45,,,0,100,,59296,45,,,0,99,,59315,45,,,0,100,,59297,45,,,0,101,,59316,45,,,0,100,,59289,45,,,0
2029,'1909',546,,59338,30,,,0,65,,59321,45,,,0,30,,59322,45,,,0,72,,59323,45,,,0,30,,59324,45,,,0,70,,59325,45,,,0,30,,59326,45,,,0,70,,59327,45,,,0,30,,59328,45,,,0,70,,59329,45,,,0,30,,59352,45,,,0,70,,59348,45,,,0,30,,59354,45,,,0,70,,59350,45,,,0,30,,59351,45,,,0,70,,59347,45,,,0,30,,59353,45,,,0,70,,59349,45,,,0,32,,59355,45,,,0,71,,59330,45,,,0,34,,59331,45,,,0,70,,59332,45,,,0,30,,59333,45,,,0,70,,59334,45,,,0,28,,59335,45,,,0,65,,59336,45,,,0,29,,59337,45,,,0,70,,59341,45,,,0,30,,59342,45,,,0,100,,59343,45,,,0,100,,59344,45,,,0,100,,59340,45,,,0
2029,'1910',611,,59387,45,0,5 2 15 16 17,0,30,,59370,45,,,0,69,,59377,45,,,0,31,,59356,45,,,0,70,,59362,45,,,0,30,,59371,45,,,0,71,,59378,45,,,0,30,,59357,45,,,0,70,,59363,45,,,0,30,,59372,45,,,0,70,,59379,45,,,0,30,,59358,45,,,0,70,,59364,45,,,0,30,,59373,45,,,0,70,,59380,45,,,0,30,,59359,45,,,0,70,,59365,45,,,0,30,,59374,45,,,0,70,,59381,45,,,0,30,,59360,45,,,0,70,,59366,45,,,0,30,,59375,45,,,0,70,,59382,45,,,0,30,,59361,45,,,0,70,,59367,45,,,0,30,,59376,45,,,0,70,,59383,45,,,0,30,,59368,45,,,0,100,,59384,45,,,0,100,,59369,45,,,0,100,,59385,45,,,0
2029,'1912',641,,59391,45,,,0,70,,59399,45,,,0,31,,59410,45,,,0,70,,59405,45,,,0,30,,59392,45,,,0,70,,59400,45,,,0,30,,59411,45,,,0,70,,59406,45,,,0,30,,59393,45,,,0,70,,59401,45,,,0,30,,59412,45,,,0,70,,59407,45,,,0,30,,59394,45,,,0,70,,59402,45,,,0,30,,59413,45,,,0,70,,59408,45,,,0,30,,59395,45,,,0,70,,59403,45,,,0,30,,59414,45,,,0,70,,59409,45,,,0,30,,59396,45,,,0,70,,59404,45,,,0,30,,59415,45,,,0,100,,59397,45,,,0,99,,59416,45,,,0,100,,59398,45,,,0,101,,59417,45,,,0,100,,59390,45,,,0
2029,'1924',641,,59423,45,,,0,70,,59431,45,,,0,31,,59442,45,,,0,70,,59437,45,,,0,30,,59424,45,,,0,70,,59432,45,,,0,30,,59443,45,,,0,70,,59438,45,,,0,30,,59425,45,,,0,70,,59433,45,,,0,30,,59444,45,,,0,70,,59439,45,,,0,30,,59426,45,,,0,70,,59434,45,,,0,30,,59445,45,,,0,70,,59440,45,,,0,30,,59427,45,,,0,70,,59435,45,,,0,30,,59446,45,,,0,70,,59441,45,,,0,30,,59428,45,,,0,70,,59436,45,,,0,30,,59447,45,,,0,100,,59429,45,,,0,99,,59448,45,,,0,100,,59430,45,,,0,101,,59449,45,,,0,100,,59422,45,,,0
2029,'1925',641,,59455,45,,,0,70,,59463,45,,,0,31,,59474,45,,,0,70,,59469,45,,,0,30,,59456,45,,,0,70,,59464,45,,,0,30,,59475,45,,,0,70,,59470,45,,,0,30,,59457,45,,,0,70,,59465,45,,,0,30,,59476,45,,,0,70,,59471,45,,,0,30,,59458,45,,,0,70,,59466,45,,,0,30,,59477,45,,,0,70,,59472,45,,,0,30,,59459,45,,,0,70,,59467,45,,,0,30,,59478,45,,,0,70,,59473,45,,,0,30,,59460,45,,,0,70,,59468,45,,,0,30,,59479,45,,,0,100,,59461,45,,,0,99,,59480,45,,,0,100,,59462,45,,,0,101,,59481,45,,,0,100,,59454,45,,,0
12029,'1909',651,,60148,24,,,0,71,,60145,24,,,0,30,,60138,24,,,0,69,,60146,24,,,0,31,,60139,24,,,0,71,,60125,15,,,0,30,,60126,15,,,0,70,,60127,15,,,0,30,,60128,15,,,0,70,,60129,15,,,0,30,,60130,15,,,0,70,,60131,15,,,0,30,,60132,15,,,0,70,,60133,15,,,0,30,,60134,15,,,0,70,,60135,15,,,0,31,,60141,24,,,0,71,,60144,24,,,0,30,,60136,24,,,0,70,,60143,24,,,0,30,,60137,24,,,0,70,,60147,24,,,0,28,,60140,24,,,0,70,,60142,24,,,0
31019,'1907',617,,60562,30,,,0,90,,60545,42,,,0,100,,60546,42,,,0,101,,60547,42,,,0,100,,60548,42,,,0,100,,60549,42,,,0,101,,60550,42,,,0,100,,60551,42,,,0,100,,60552,42,,,0,100,,60553,42,,,0,100,,60554,42,,,0,100,,60555,42,,,0,100,,60556,42,,,0,100,,60557,42,,,0,99,,60558,42,,,0,100,,60559,42,,,0,99,,60560,42,,,0,99,,60561,42,,,0
31019,'1909',616,,60596,30,,,0,26,,60591,30,,,0,66,,60564,42,,,0,35,,60577,42,,,0,70,,60589,42,,,0,30,,60573,42,,,0,70,,60570,42,,,0,29,,60584,42,,,0,70,,60567,42,,,0,30,,60578,42,,,0,70,,60588,42,,,0,30,,60576,42,,,0,70,,60571,42,,,0,30,,60583,42,,,0,70,,60566,42,,,0,30,,60579,42,,,0,71,,60587,42,,,0,30,,60574,42,,,0,70,,55867,42,,,0,33,,60582,42,,,0,70,,55865,42,,,0,30,,60580,42,,,0,69,,55886,42,,,0,26,,60575,42,,,0,69,,60569,42,,,0,30,,60581,42,,,0,70,,60565,42,,,0,30,,60597,42,,,0,67,,60586,42,,,0,100,,60572,42,,,0,100,,60568,42,,,0,100,,60585,42,,,0
31019,'1910',616,,60633,30,,,0,26,,60626,30,,,0,64,,60603,42,,,0,30,,60619,42,,,0,70,,60632,42,,,0,30,,60615,42,,,0,71,,60609,42,,,0,31,,60625,42,,,0,70,,60602,42,,,0,30,,60618,42,,,0,70,,60627,42,,,0,30,,60614,42,,,0,70,,60608,42,,,0,32,,60624,42,,,0,70,,60601,42,,,0,30,,60617,42,,,0,70,,60630,42,,,0,30,,60613,42,,,0,70,,60607,42,,,0,30,,60623,42,,,0,70,,60600,42,,,0,30,,60616,42,,,0,70,,60629,42,,,0,30,,60612,42,,,0,69,,60606,42,,,0,30,,60622,42,,,0,70,,60599,42,,,0,28,,60634,42,,,0,70,,60628,42,,,0,100,,60605,42,,,0,100,,60598,42,,,0,100,,60631,42,,,0
31019,'1912',617,,60652,30,,,0,90,,60635,42,,,0,100,,60636,42,,,0,101,,60637,42,,,0,100,,60638,42,,,0,100,,60639,42,,,0,101,,60640,42,,,0,100,,60641,42,,,0,100,,60642,42,,,0,100,,60643,42,,,0,100,,60644,42,,,0,100,,60645,42,,,0,100,,60646,42,,,0,100,,60647,42,,,0,99,,60648,42,,,0,100,,60649,42,,,0,99,,60650,42,,,0,99,,60651,42,,,0
31019,'1924',617,,60671,30,,,0,90,,60654,42,,,0,100,,60655,42,,,0,101,,60656,42,,,0,100,,60657,42,,,0,100,,60658,42,,,0,101,,60659,42,,,0,100,,60660,42,,,0,100,,60661,42,,,0,100,,60662,42,,,0,100,,60663,42,,,0,100,,60664,42,,,0,100,,60665,42,,,0,100,,60666,42,,,0,99,,60667,42,,,0,100,,60668,42,,,0,99,,60669,42,,,0,99,,60670,42,,,0
31019,'1925',617,,60690,30,,,0,90,,60673,42,,,0,100,,60674,42,,,0,101,,60675,42,,,0,100,,60676,42,,,0,100,,60677,42,,,0,101,,60678,42,,,0,100,,60679,42,,,0,100,,60680,42,,,0,100,,60681,42,,,0,100,,60682,42,,,0,100,,60683,42,,,0,100,,60684,42,,,0,100,,60685,42,,,0,99,,60686,42,,,0,100,,60687,42,,,0,99,,60688,42,,,0,99,,60689,42,,,0
14000001029,'1907',552,,61816,29,0,18 7,0,1851,,61810,29,,,0,29,,61814,29,,,0,70,,61815,29,,,0,30,,61812,29,,,0,70,,61813,29,,,0,30,,61811,29,,,0
14000001029,'1909',450,,61817,29,0,18 7,0,102,,61818,29,0,18 7,0,1851,,61820,29,,,0,29,,61821,29,,,0,70,,61824,29,,,0,30,,61819,29,,,0,70,,61822,29,,,0,30,,61823,29,,,0
14000001029,'1910',552,,61829,29,0,18 7,0,1851,,61831,29,,,0,29,,61826,29,,,0,70,,61825,29,,,0,30,,61827,29,,,0,70,,61830,29,,,0,30,,61828,29,,,0
14000001029,'1912',552,,61838,29,0,18 7,0,1851,,61832,29,,,0,29,,61836,29,,,0,70,,61837,29,,,0,30,,61834,29,,,0,70,,61835,29,,,0,30,,61833,29,,,0
14000001029,'1924',552,,61845,29,0,18 7,0,1851,,61839,29,,,0,29,,61843,29,,,0,70,,61844,29,,,0,30,,61841,29,,,0,70,,61842,29,,,0,30,,61840,29,,,0
14000001029,'1925',552,,61852,29,0,18 7,0,1851,,61846,29,,,0,29,,61850,29,,,0,70,,61851,29,,,0,30,,61848,29,,,0,70,,61849,29,,,0,30,,61847,29,,,0
