22029,'1907',702,,55746,2,0,19 2 34 21,0,99,,55732,2,,,0,100,,55733,2,,,0,100,,55734,2,,,0,100,,55735,2,,,0,100,,55736,2,,,0,100,,55737,2,,,0,100,,55738,2,,,0,100,,55739,2,,,0,100,,55740,2,,,0,100,,55741,2,,,0,100,,55745,2,0,19 2 34 21,0,100,,55742,2,0,19 2 34 21,0,100,,55743,2,0,19 2 34 21,0,100,,55744,2,0,19 2 34 21,0
22029,'1909',635,,55748,2,0,19 2 34 21,0,72,,55749,2,0,19 2 34 21,0,30,,55750,2,0,19 2 34 21,0,73,,60512,2,0,19 2 34 21,0,30,,60513,2,0,19 2 34 21,0,70,,60514,2,,,0,28,,55754,2,,,0,70,,55759,2,,,0,30,,60515,2,,,0,70,,55760,2,,,0,30,,55756,2,,,0,70,,55747,2,,,0,30,,55757,2,,,0,70,,55758,2,,,0,31,,55761,2,,,0,70,,55762,2,,,0,30,,60516,2,,,0,68,,55764,2,,,0,32,,60517,2,,,0,70,,60518,2,,,0,30,,60519,2,,,0,69,,60520,2,,,0,30,,60521,2,,,0,70,,60522,2,,,0,28,,60523,2,,,0,70,,60524,2,,,0,30,,60525,2,,,0,65,,55774,2,,,0,30,,60526,2,,,0,70,,60527,2,,,0,30,,55777,2,0,19 2 34 21,0,172,,60529,2,0,19 2 34 21,0,36,,60528,2,0,19 2 34 21,0
22029,'1910',606,,55811,2,0,19 2 34 21,0,30,,55810,2,0,19 2 34 21,0,65,,55803,2,0,19 2 34 21,0,30,,55798,2,0,19 2 34 21,0,70,,55804,2,0,19 2 34 21,0,30,,55780,2,,,0,70,,55781,2,,,0,30,,55782,2,,,0,70,,55783,2,,,0,30,,55784,2,,,0,70,,55785,2,,,0,30,,55786,2,,,0,70,,55787,2,,,0,30,,55788,2,,,0,70,,55789,2,,,0,31,,55790,2,,,0,69,,55791,2,,,0,31,,55792,2,,,0,70,,55793,2,,,0,30,,55794,2,,,0,70,,55795,2,,,0,30,,55796,2,,,0,69,,55797,2,,,0,31,,55799,2,0,19 2 34 21,0,69,,55805,2,0,19 2 34 21,0,30,,55800,2,0,19 2 34 21,0,70,,55806,2,0,19 2 34 21,0,30,,55801,2,0,19 2 34 21,0,70,,55807,2,0,19 2 34 21,0,30,,55802,2,0,19 2 34 21,0,27,,55808,2,0,19 2 34 21,0,73,,55809,2,0,19 2 34 21,0
22029,'1912',702,,55841,2,0,19 2 34 21,0,99,,55827,2,,,0,100,,55828,2,,,0,100,,55829,2,,,0,100,,55830,2,,,0,100,,55831,2,,,0,100,,55832,2,,,0,100,,55833,2,,,0,100,,55834,2,,,0,100,,55835,2,,,0,100,,55836,2,,,0,100,,55840,2,0,19 2 34 21,0,100,,55837,2,0,19 2 34 21,0,100,,55838,2,0,19 2 34 21,0,100,,55839,2,0,19 2 34 21,0
22029,'1924',702,,55826,2,0,19 2 34 21,0,99,,55812,2,,,0,100,,55813,2,,,0,100,,55814,2,,,0,100,,55815,2,,,0,100,,55816,2,,,0,100,,55817,2,,,0,100,,55818,2,,,0,100,,55819,2,,,0,100,,55820,2,,,0,100,,55821,2,,,0,100,,55825,2,0,19 2 34 21,0,100,,55822,2,0,19 2 34 21,0,100,,55823,2,0,19 2 34 21,0,100,,55824,2,0,19 2 34 21,0
22029,'1925',702,,60544,2,0,19 2 34 21,0,99,,60530,2,,,0,100,,60531,2,,,0,100,,60532,2,,,0,100,,60533,2,,,0,100,,60534,2,,,0,100,,60535,2,,,0,100,,60536,2,,,0,100,,60537,2,,,0,100,,60538,2,,,0,100,,60539,2,,,0,100,,60543,2,0,19 2 34 21,0,100,,60540,2,0,19 2 34 21,0,100,,60541,2,0,19 2 34 21,0,100,,60542,2,0,19 2 34 21,0
601019,'1907',611,,57121,2,,,0,30,,57139,2,,,0,70,,57120,2,,,0,30,,57138,2,,,0,70,,57119,2,,,0,30,,57137,2,,,0,70,,57118,2,,,0,30,,57136,2,,,0,70,,57116,2,,,0,30,,57135,2,,,0,70,,57117,2,,,0,30,,57134,2,,,0,70,,57115,2,,,0,30,,57133,2,,,0,70,,57111,2,,,0,30,,57132,2,,,0,70,,57114,2,,,0,30,,57131,2,,,0,70,,57112,2,,,0,30,,57130,2,,,0,70,,57110,2,,,0,30,,57129,2,,,0,70,,57113,2,,,0,30,,57128,2,,,0,70,,57107,2,,,0,30,,57127,2,,,0,70,,57108,2,,,0,30,,57126,2,,,0,70,,57109,2,,,0,30,,57125,2,,,0,70,,57106,2,,,0,30,,57124,2,,,0,70,,57105,2,,,0,30,,57123,2,,,0
601019,'1909',608,,61333,2,,,0,19,,61326,2,,,0,16,,57173,2,0,19 2 11 2 35,0,13,,61323,2,0,19 2 11 2 35,0,52,,57170,2,0,19 2 11 2 35,0,15,,61332,2,0,19 2 11 2 35,0,16,,57174,2,0,19 2 11 2 35,0,15,,61322,2,0,19 2 11 2 35,0,55,,57167,2,0,19 2 11 2 35,0,15,,61331,2,0,19 2 11 2 35,0,24,,61310,2,0,5 2 11 2 12,0,70,,61311,2,0,5 2 11 2 12,0,30,,61312,2,0,5 2 11 2 12,0,70,,61313,2,0,5 2 11 2 12,0,30,,61314,2,0,5 2 11 2 12,0,70,,61315,2,0,5 2 11 2 12,0,30,,61316,2,0,5 2 11 2 12,0,70,,61317,2,0,5 2 11 2 12,0,30,,61318,2,0,5 2 11 2 12,0,70,,61319,2,0,5 2 11 2 12,0,30,,61320,2,0,5 2 11 2 12,0,62,,61307,2,,,0,13,,57187,2,0,19 2 11 2 35,0,15,,61329,2,0,19 2 11 2 35,0,15,,57183,2,0,19 2 11 2 35,0,55,,61327,2,0,19 2 11 2 35,0,15,,57184,2,0,19 2 11 2 35,0,15,,61328,2,0,19 2 11 2 35,0,15,,57181,2,0,19 2 11 2 35,0,55,,61330,2,0,19 2 11 2 35,0,15,,57182,2,0,19 2 11 2 35,0,15,,61325,2,0,19 2 11 2 35,0,15,,57185,2,0,19 2 11 2 35,0,55,,61321,2,0,19 2 11 2 35,0,15,,57188,2,0,19 2 11 2 35,0,15,,61324,2,0,19 2 11 2 35,0,15,,57186,2,0,19 2 11 2 35,0,55,,61301,2,,,0,30,,61302,2,,,0,15,,57151,2,,,0,55,,61308,2,,,0,30,,61305,2,,,0,70,,61306,2,,,0,30,,61300,2,,,0,70,,61303,2,,,0,30,,61299,2,,,0,70,,61304,2,,,0,33,,61309,2,,,0
601019,'1910',611,,57208,2,,,0,30,,57226,2,,,0,70,,57207,2,,,0,30,,57225,2,,,0,70,,57206,2,,,0,30,,57224,2,,,0,70,,57205,2,,,0,30,,57223,2,,,0,70,,57203,2,,,0,30,,57221,2,,,0,70,,57204,2,,,0,30,,57222,2,,,0,70,,57202,2,,,0,30,,57220,2,,,0,70,,57193,2,,,0,30,,57219,2,,,0,70,,57201,2,,,0,30,,57218,2,,,0,70,,57199,2,,,0,30,,57217,2,,,0,70,,57194,2,,,0,30,,57215,2,,,0,70,,57196,2,,,0,30,,57216,2,,,0,70,,57200,2,,,0,30,,57214,2,,,0,70,,57195,2,,,0,30,,57213,2,,,0,70,,57198,2,,,0,30,,57212,2,,,0,70,,57197,2,,,0,30,,57211,2,,,0,70,,57192,2,,,0,30,,57210,2,,,0
601019,'1912',2241,,57262,2,,,0
601019,'1924',611,,57243,2,,,0,30,,57261,2,,,0,70,,57242,2,,,0,30,,57260,2,,,0,70,,57241,2,,,0,30,,57259,2,,,0,70,,57240,2,,,0,30,,57258,2,,,0,70,,57238,2,,,0,30,,57257,2,,,0,70,,57239,2,,,0,30,,57256,2,,,0,70,,57237,2,,,0,30,,57255,2,,,0,70,,57233,2,,,0,30,,57254,2,,,0,70,,57236,2,,,0,30,,57253,2,,,0,70,,57234,2,,,0,30,,57252,2,,,0,70,,57232,2,,,0,30,,57251,2,,,0,70,,57235,2,,,0,30,,57250,2,,,0,70,,57229,2,,,0,30,,57249,2,,,0,70,,57230,2,,,0,30,,57248,2,,,0,70,,57231,2,,,0,30,,57247,2,,,0,70,,57228,2,,,0,30,,57246,2,,,0,70,,57227,2,,,0,30,,57245,2,,,0
601019,'1925',2141,,61336,2,,,0,70,,61334,2,,,0,30,,61335,2,,,0
