7019,'1907',559,,54127,12,4,,0,70,,54110,12,4,,0,30,,54111,12,4,,0,68,,54112,12,4,,0,231,,54109,31,4,,0,1268,,54129,12,4,,0,30,,54128,12,4,,0
7019,'1909',521,,54164,12,4,,0,36,,54158,31,4,,0,143,,54157,31,4,,0,32,,54159,31,4,,0,72,,54156,31,4,,0,33,,54155,31,4,,0,67,,54154,31,4,,0,31,,54150,31,4,,0,70,,54152,31,4,,0,30,,54153,31,4,,0,70,,54151,31,4,,0,30,,54149,31,4,,0,70,,54163,31,4,,0,30,,54162,31,4,,0,70,,54161,31,4,,0,30,,54160,31,4,,0,70,,54141,31,4,,0,32,,54148,31,4,,0,74,,54140,31,4,,0,11,,54166,16,4,,0,22,,54139,31,4,,0,13,,54165,12,4,,0,53,,54147,31,4,,0,30,,54146,31,4,,0,70,,54145,31,4,,0,26,,54138,31,4,,0,67,,54137,31,4,,0,30,,54136,31,4,,0,70,,54144,31,4,,0,29,,54143,31,4,,0,27,,54135,31,4,,0,70,,54142,31,4,,0,30,,54134,31,4,,0,97,,54132,31,4,,0,70,,54167,16,4,,0,29,,54133,31,4,,0,100,,54168,31,4,,0
7019,'1910',2126,,54201,12,4,,0,100,,54202,16,4,,0
7019,'1911',559,,54235,12,4,,0,70,,54218,12,4,,0,30,,54219,12,4,,0,68,,54220,12,4,,0,231,,54217,31,4,,0,1268,,54237,12,4,,0,30,,54236,12,4,,0
7019,'1912',559,,54270,12,4,,0,70,,54253,12,4,,0,30,,54254,12,4,,0,68,,54255,12,4,,0,231,,54252,31,4,,0,1268,,54272,12,4,,0,30,,54271,12,4,,0
7029,'1907',630,,54296,1,0,13 33,0,70,,54274,1,,,0,100,,54275,1,,,0,30,,54305,1,0,13 33,0,70,,54276,1,,,0,30,,54298,1,0,13 33,0,70,,54277,1,,,0,30,,54293,1,0,13 33,0,70,,54278,1,,,0,30,,54302,1,0,13 33,0,70,,54279,1,,,0,30,,54292,1,0,13 33,0,70,,54280,1,,,0,30,,54301,1,0,13 33,0,70,,54281,1,,,0,30,,54291,1,0,13 33,0,70,,54282,1,,,0,30,,54297,1,0,13 33,0,70,,54283,1,,,0,30,,54290,1,0,13 33,0,70,,54284,1,,,0,30,,54299,1,0,13 33,0,70,,54285,1,,,0,30,,54289,1,0,13 33,0,70,,54286,1,,,0,30,,54300,1,0,13 33,0,70,,54287,1,,,0,30,,54294,1,0,13 33,0,70,,54273,1,,,0,30,,54295,1,0,13 33,0,70,,54306,1,0,13 33,0,30,,54304,1,0,13 33,0,70,,54303,1,0,13 33,0,30,,54288,1,0,13 33,0
7029,'1909',500,,54343,1,,,0,35,,54342,1,0,13 33,0,65,,54313,1,,,0,30,,54314,1,,,0,70,,54315,1,,,0,30,,54316,1,,,0,70,,54317,1,,,0,30,,54318,1,,,0,70,,54319,1,,,0,30,,54320,1,,,0,70,,54321,1,,,0,30,,54322,1,,,0,70,,54323,1,,,0,30,,54324,1,,,0,70,,54309,1,,,0,30,,54310,1,,,0,70,,54311,1,,,0,30,,54308,1,,,0,70,,54307,1,,,0,30,,54312,1,,,0,70,,54325,1,,,0,30,,54326,1,,,0,70,,54327,1,,,0,30,,54328,1,,,0,70,,54329,1,,,0,30,,54330,1,,,0,70,,54331,1,,,0,30,,54332,1,,,0,70,,54333,1,,,0,30,,54334,1,,,0,70,,54335,1,,,0,30,,54341,1,0,13 33,0,70,,54336,1,,,0,30,,54338,1,0,13 33,0,70,,54337,1,,,0,30,,54340,1,0,13 33,0,70,,54344,1,,,0,30,,54339,1,0,13 33,0
7029,'1910',631,,54345,1,,,0,70,,54359,1,,,0,30,,54346,1,,,0,69,,54360,1,,,0,30,,54347,1,,,0,70,,54361,1,,,0,30,,54348,1,,,0,70,,54362,1,,,0,30,,54349,1,,,0,70,,54363,1,,,0,30,,54350,1,,,0,70,,54364,1,,,0,30,,54351,1,,,0,70,,54365,1,,,0,30,,54352,1,,,0,70,,54366,1,,,0,30,,54353,1,,,0,70,,54367,1,,,0,30,,54354,1,,,0,70,,54368,1,,,0,30,,54355,1,,,0,70,,54369,1,,,0,30,,54356,1,,,0,70,,54370,1,,,0,30,,54357,1,,,0,70,,54371,1,,,0,30,,54358,1,,,0,70,,54372,1,,,0,30,,54380,1,0,13 33,0,70,,54373,1,,,0,30,,54379,1,0,13 33,0,70,,54374,1,,,0,30,,54378,1,0,13 33,0,70,,54375,1,,,0,30,,54377,1,0,13 33,0
7029,'1911',630,,54404,1,0,13 33,0,70,,54382,1,,,0,100,,54383,1,,,0,30,,54413,1,0,13 33,0,70,,54384,1,,,0,30,,54406,1,0,13 33,0,70,,54385,1,,,0,30,,54401,1,0,13 33,0,70,,54386,1,,,0,30,,54410,1,0,13 33,0,70,,54387,1,,,0,30,,54400,1,0,13 33,0,70,,54388,1,,,0,30,,54409,1,0,13 33,0,70,,54389,1,,,0,30,,54399,1,0,13 33,0,70,,54390,1,,,0,30,,54405,1,0,13 33,0,70,,54391,1,,,0,30,,54398,1,0,13 33,0,70,,54392,1,,,0,30,,54407,1,0,13 33,0,70,,54393,1,,,0,30,,54397,1,0,13 33,0,70,,54394,1,,,0,30,,54408,1,0,13 33,0,70,,54395,1,,,0,30,,54402,1,0,13 33,0,70,,54381,1,,,0,30,,54403,1,0,13 33,0,70,,54414,1,0,13 33,0,30,,54412,1,0,13 33,0,70,,54411,1,0,13 33,0,30,,54396,1,0,13 33,0
7029,'1912',630,,54438,1,0,13 33,0,70,,54416,1,,,0,100,,54417,1,,,0,30,,54447,1,0,13 33,0,70,,54418,1,,,0,30,,54440,1,0,13 33,0,70,,54419,1,,,0,30,,54435,1,0,13 33,0,70,,54420,1,,,0,30,,54444,1,0,13 33,0,70,,54421,1,,,0,30,,54434,1,0,13 33,0,70,,54422,1,,,0,30,,54443,1,0,13 33,0,70,,54423,1,,,0,30,,54433,1,0,13 33,0,70,,54424,1,,,0,30,,54439,1,0,13 33,0,70,,54425,1,,,0,30,,54432,1,0,13 33,0,70,,54426,1,,,0,30,,54441,1,0,13 33,0,70,,54427,1,,,0,30,,54431,1,0,13 33,0,70,,54428,1,,,0,30,,54442,1,0,13 33,0,70,,54429,1,,,0,30,,54436,1,0,13 33,0,70,,54415,1,,,0,30,,54437,1,0,13 33,0,70,,54448,1,0,13 33,0,30,,54446,1,0,13 33,0,70,,54445,1,0,13 33,0,30,,54430,1,0,13 33,0
11019,'1907',924,,54715,31,4,,0,100,,54716,31,4,,0,100,,54717,31,4,,0,103,,54718,31,4,,0,100,,54719,31,4,,0,100,,54720,31,4,,0,100,,54721,31,4,,0,99,,54722,31,4,,0,100,,54723,31,4,,0,100,,54724,31,4,,0,97,,54725,31,4,,0,100,,54727,31,4,,0
11019,'1910',724,,54746,31,4,,0,100,,54747,31,4,,0,102,,54748,31,4,,0,101,,54749,31,4,,0,100,,54750,31,4,,0,102,,54751,31,4,,0,100,,54752,31,4,,0,100,,54753,31,4,,0,100,,54754,31,4,,0,98,,54755,31,4,,0,100,,54756,31,4,,0,100,,54757,31,4,,0
11019,'1911',924,,54759,31,4,,0,100,,54760,31,4,,0,100,,54761,31,4,,0,103,,54762,31,4,,0,100,,54763,31,4,,0,100,,54764,31,4,,0,100,,54765,31,4,,0,99,,54766,31,4,,0,100,,54767,31,4,,0,100,,54768,31,4,,0,97,,54769,31,4,,0,100,,54771,31,4,,0
11019,'1912',924,,54772,31,4,,0,100,,54773,31,4,,0,100,,54774,31,4,,0,103,,54775,31,4,,0,100,,54776,31,4,,0,100,,54777,31,4,,0,100,,54778,31,4,,0,99,,54779,31,4,,0,100,,54780,31,4,,0,100,,54781,31,4,,0,97,,54782,31,4,,0,100,,54784,31,4,,0
