16019,'1907',808,,55260,22,,,0,103,,55263,22,,,0,100,,55273,22,,,0,100,,55272,22,,,0,100,,55261,22,,,0,101,,55264,22,,,0,100,,55266,22,,,0,101,,55269,22,,,0,100,,55268,22,,,0,99,,55262,22,,,0,99,,55270,22,,,0,99,,55271,22,,,0,99,,55267,22,,,0,100,,55265,22,,,0,100,,55274,22,,,0
16019,'1909',642,,55278,22,,,0,70,,55279,22,,,0,32,,60357,22,,,0,70,,60358,22,,,0,32,,60359,22,,,0,70,,55283,22,,,0,30,,55284,22,,,0,70,,60360,22,,,0,30,,55286,22,,,0,70,,55287,22,,,0,30,,55288,22,,,0,70,,55289,22,,,0,30,,55290,22,,,0,70,,55291,22,,,0,30,,55292,22,,,0,70,,60361,22,,,0,30,,60362,22,,,0,69,,60363,22,,,0,29,,60364,22,,,0,70,,60365,22,,,0,30,,60366,22,,,0,69,,60367,22,,,0,30,,60368,22,,,0,69,,60369,22,,,0,30,,60370,22,,,0,70,,60371,22,,,0,30,,55304,22,,,0,69,,60372,22,,,0,30,,60373,22,,,0,70,,55307,22,,,0,29,,60355,22,,,0,69,,60356,22,,,0,30,,55277,22,,,0
16019,'1910',639,,55331,22,,,0,70,,55327,22,,,0,30,,55335,22,,,0,70,,55319,22,,,0,30,,55333,22,,,0,72,,55314,22,,,0,30,,55312,22,,,0,70,,55309,22,,,0,30,,55320,22,,,0,70,,55330,22,,,0,30,,55324,22,,,0,70,,55332,22,,,0,31,,55316,22,,,0,70,,55334,22,,,0,30,,55311,22,,,0,70,,55322,22,,,0,31,,55321,22,,,0,70,,55325,22,,,0,30,,55326,22,,,0,70,,55310,22,,,0,29,,55318,22,,,0,70,,55328,22,,,0,29,,55313,22,,,0,70,,55317,22,,,0,30,,55323,22,,,0,69,,55337,22,,,0,30,,55329,22,,,0,69,,55336,22,,,0,30,,55315,22,,,0,70,,55339,22,,,0,100,,55338,22,,,0,30,,55308,22,,,0
16019,'1912',808,,55355,22,,,0,103,,55358,22,,,0,100,,55368,22,,,0,100,,55367,22,,,0,100,,55356,22,,,0,101,,55359,22,,,0,100,,55361,22,,,0,101,,55364,22,,,0,100,,55363,22,,,0,99,,55357,22,,,0,99,,55365,22,,,0,99,,55366,22,,,0,99,,55362,22,,,0,100,,55360,22,,,0,100,,55369,22,,,0
16019,'1924',808,,55340,22,,,0,103,,55343,22,,,0,100,,55353,22,,,0,100,,55352,22,,,0,100,,55341,22,,,0,101,,55344,22,,,0,100,,55346,22,,,0,101,,55349,22,,,0,100,,55348,22,,,0,99,,55342,22,,,0,99,,55350,22,,,0,99,,55351,22,,,0,99,,55347,22,,,0,100,,55345,22,,,0,100,,55354,22,,,0
16019,'1925',808,,60374,22,,,0,103,,60377,22,,,0,100,,60387,22,,,0,100,,60386,22,,,0,100,,60375,22,,,0,101,,60378,22,,,0,100,,60380,22,,,0,101,,60383,22,,,0,100,,60382,22,,,0,99,,60376,22,,,0,99,,60384,22,,,0,99,,60385,22,,,0,99,,60381,22,,,0,100,,60379,22,,,0,100,,60388,22,,,0
702019,'1907',653,,61534,7,,,0,70,,57938,7,,,0,30,,57960,7,,,0,70,,61532,7,,,0,30,,57937,7,,,0,70,,57959,7,,,0,31,,61533,7,,,0,70,,57936,7,,,0,30,,57954,7,,,0,70,,57944,7,,,0,30,,57935,7,,,0,71,,57950,7,,,0,30,,57939,7,,,0,70,,57934,7,,,0,30,,57958,7,,,0,70,,57943,7,,,0,30,,57933,7,,,0,70,,57955,7,,,0,30,,57947,7,,,0,70,,57932,7,,,0,30,,57953,7,,,0,70,,57942,7,,,0,30,,57931,7,,,0,68,,57952,7,,,0,30,,57941,7,,,0,70,,57930,7,,,0,30,,57957,7,,,0,70,,57940,7,,,0,30,,57929,7,,,0,70,,57956,7,,,0,30,,57946,7,,,0,70,,57928,7,,,0,30,,57951,7,,,0,65,,57961,7,,,0,25,,57962,7,,,0
702019,'1909',637,,57963,7,,,0,65,,57964,7,,,0,24,,57998,7,,,0,22,,57965,7,,,0,55,,61535,7,,,0,23,,57967,7,,,0,17,,57999,7,,,0,12,,57997,7,,,0,73,,57968,7,,,0,20,,61536,7,,,0,70,,57970,7,,,0,30,,58003,7,,,0,70,,61537,7,,,0,30,,57972,7,,,0,70,,57973,7,,,0,30,,61538,7,,,0,70,,61539,7,,,0,30,,57976,7,,,0,70,,57977,7,,,0,31,,61540,7,,,0,70,,61543,7,,,0,22,,57979,7,,,0,60,,57980,7,,,0,20,,57981,7,,,0,20,,57982,7,,,0,60,,58001,7,,,0,20,,57983,7,,,0,18,,57984,7,,,0,20,,61541,7,,,0,65,,57986,7,,,0,30,,57987,7,,,0,70,,57988,7,,,0,30,,57989,7,,,0,69,,57990,7,,,0,30,,57991,7,,,0,70,,57992,7,,,0,30,,57993,7,,,0,69,,57994,7,,,0,30,,57995,7,,,0,65,,61542,7,,,0,25,,58002,7,,,0
702019,'1910',653,,58014,7,,,0,70,,58016,7,,,0,30,,58018,7,,,0,70,,58013,7,,,0,30,,58015,7,,,0,70,,58017,7,,,0,30,,58019,7,,,0,72,,58030,7,,,0,30,,58028,7,,,0,70,,58034,7,,,0,30,,58025,7,,,0,70,,58038,7,,,0,30,,58027,7,,,0,70,,58036,7,,,0,30,,58033,7,,,0,70,,58032,7,,,0,30,,58029,7,,,0,70,,58022,7,,,0,30,,61545,7,,,0,70,,58021,7,,,0,30,,58031,7,,,0,70,,58024,7,,,0,30,,61544,7,,,0,70,,58035,7,,,0,30,,58026,7,,,0,69,,58008,7,,,0,30,,58011,7,,,0,70,,58004,7,,,0,29,,58006,7,,,0,70,,58009,7,,,0,30,,58012,7,,,0,70,,58005,7,,,0,30,,58007,7,,,0,65,,58010,7,,,0,25,,58020,7,,,0
702019,'1912',653,,61548,7,,,0,70,,58084,7,,,0,30,,58106,7,,,0,70,,61546,7,,,0,30,,58083,7,,,0,70,,58105,7,,,0,31,,61547,7,,,0,70,,58082,7,,,0,30,,58100,7,,,0,70,,58090,7,,,0,30,,58081,7,,,0,71,,58096,7,,,0,30,,58085,7,,,0,70,,58080,7,,,0,30,,58104,7,,,0,70,,58089,7,,,0,30,,58079,7,,,0,70,,58101,7,,,0,30,,58093,7,,,0,70,,58078,7,,,0,30,,58099,7,,,0,70,,58088,7,,,0,30,,58077,7,,,0,68,,58098,7,,,0,30,,58087,7,,,0,70,,58076,7,,,0,30,,58103,7,,,0,70,,58086,7,,,0,30,,58075,7,,,0,70,,58102,7,,,0,30,,58092,7,,,0,70,,58074,7,,,0,30,,58097,7,,,0,65,,58107,7,,,0,25,,58108,7,,,0
702019,'1924',653,,61551,7,,,0,70,,58049,7,,,0,30,,58071,7,,,0,70,,61549,7,,,0,30,,58048,7,,,0,70,,58070,7,,,0,31,,61550,7,,,0,70,,58047,7,,,0,30,,58065,7,,,0,70,,58055,7,,,0,30,,58046,7,,,0,71,,58061,7,,,0,30,,58050,7,,,0,70,,58045,7,,,0,30,,58069,7,,,0,70,,58054,7,,,0,30,,58044,7,,,0,70,,58066,7,,,0,30,,58058,7,,,0,70,,58043,7,,,0,30,,58064,7,,,0,70,,58053,7,,,0,30,,58042,7,,,0,68,,58063,7,,,0,30,,58052,7,,,0,70,,58041,7,,,0,30,,58068,7,,,0,70,,58051,7,,,0,30,,58040,7,,,0,70,,58067,7,,,0,30,,58057,7,,,0,70,,58039,7,,,0,30,,58062,7,,,0,65,,58072,7,,,0,25,,58073,7,,,0
702019,'1925',653,,61573,7,,,0,70,,61562,7,,,0,30,,61584,7,,,0,70,,61569,7,,,0,30,,61561,7,,,0,70,,61583,7,,,0,31,,61572,7,,,0,70,,61560,7,,,0,30,,61578,7,,,0,70,,61568,7,,,0,30,,61559,7,,,0,71,,61574,7,,,0,30,,61563,7,,,0,70,,61558,7,,,0,30,,61582,7,,,0,70,,61567,7,,,0,30,,61557,7,,,0,70,,61579,7,,,0,30,,61571,7,,,0,70,,61556,7,,,0,30,,61577,7,,,0,70,,61566,7,,,0,30,,61555,7,,,0,68,,61576,7,,,0,30,,61565,7,,,0,70,,61554,7,,,0,30,,61581,7,,,0,70,,61564,7,,,0,30,,61553,7,,,0,70,,61580,7,,,0,30,,61570,7,,,0,70,,61552,7,,,0,30,,61575,7,,,0,65,,61585,7,,,0,25,,61586,7,,,0
14000001019,'1907',2430,,61782,44,,,0,70,,61781,44,,,0,30,,61780,44,,,0,70,,61783,44,,,0,30,,61784,44,,,0
14000001019,'1909',2430,,61788,44,,,0,70,,61785,44,,,0,30,,61786,44,,,0,70,,61787,44,,,0,30,,61789,44,,,0
14000001019,'1910',2430,,61793,44,,,0,70,,61790,44,,,0,30,,61792,44,,,0,70,,61791,44,,,0,30,,61794,44,,,0
14000001019,'1912',2430,,61797,44,,,0,70,,61796,44,,,0,30,,61795,44,,,0,70,,61798,44,,,0,30,,61799,44,,,0
14000001019,'1924',2430,,61802,44,,,0,70,,61801,44,,,0,30,,61800,44,,,0,70,,61803,44,,,0,30,,61804,44,,,0
14000001019,'1925',2430,,61807,44,,,0,70,,61806,44,,,0,30,,61805,44,,,0,70,,61808,44,,,0,30,,61809,44,,,0
