10019,'1907',731,,54449,2,,,0,70,,54450,2,,,0,30,,54451,2,,,0,70,,54452,2,,,0,30,,54453,2,,,0,70,,54454,2,,,0,30,,54455,2,,,0,70,,54456,2,,,0,30,,54457,2,,,0,70,,54458,2,,,0,30,,54459,2,,,0,70,,59947,2,,,0,30,,54461,2,,,0,70,,54462,2,,,0,30,,54463,2,,,0,70,,54464,2,,,0,30,,54465,2,,,0,70,,54466,2,,,0,30,,59948,2,,,0,70,,54468,2,,,0,30,,54469,2,,,0,70,,54470,2,,,0,30,,54471,2,,,0,70,,54472,2,,,0
10019,'1909',531,,59949,2,,,0,70,,54474,2,,,0,30,,59950,2,,,0,70,,54476,2,,,0,30,,59951,2,,,0,70,,54478,2,,,0,30,,54479,2,,,0,70,,54480,2,,,0,30,,54481,2,,,0,70,,54482,2,,,0,30,,54483,2,,,0,70,,59952,2,,,0,30,,54485,2,,,0,70,,54486,2,,,0,30,,54487,2,,,0,70,,54488,2,,,0,30,,54489,2,,,0,70,,59953,2,,,0,31,,59954,2,,,0,70,,59955,2,,,0,30,,59956,2,,,0,70,,59957,2,,,0,30,,59958,2,,,0,70,,59959,2,,,0,29,,59960,2,,,0,70,,59961,2,,,0,30,,54499,2,,,0,70,,59962,2,,,0,30,,54501,2,,,0,70,,54502,2,,,0,30,,54503,2,,,0,70,,54504,2,,,0,100,,54505,2,,,0
10019,'1910',631,,54506,2,,,0,70,,54507,2,,,0,30,,59963,2,,,0,70,,59964,2,,,0,30,,54510,2,,,0,70,,54511,2,,,0,30,,59965,2,,,0,70,,54513,2,,,0,30,,54514,2,,,0,70,,54515,2,,,0,30,,54516,2,,,0,70,,54517,2,,,0,30,,54518,2,,,0,70,,54519,2,,,0,30,,54520,2,,,0,70,,54521,2,,,0,30,,54522,2,,,0,70,,54523,2,,,0,30,,54524,2,,,0,70,,54525,2,,,0,30,,59966,2,,,0,70,,54527,2,,,0,30,,54528,2,,,0,70,,59967,2,,,0,30,,54530,2,,,0,70,,54531,2,,,0,100,,54532,2,,,0,100,,54533,2,,,0
10019,'1912',731,,54558,2,,,0,70,,54559,2,,,0,30,,54560,2,,,0,70,,54561,2,,,0,30,,54562,2,,,0,70,,54563,2,,,0,30,,54564,2,,,0,70,,54565,2,,,0,30,,54566,2,,,0,70,,54567,2,,,0,30,,54568,2,,,0,70,,59968,2,,,0,30,,54570,2,,,0,70,,54571,2,,,0,30,,54572,2,,,0,70,,54573,2,,,0,30,,54574,2,,,0,70,,54575,2,,,0,30,,59969,2,,,0,70,,54577,2,,,0,30,,54578,2,,,0,70,,54579,2,,,0,30,,54580,2,,,0,70,,54581,2,,,0
10019,'1924',731,,54534,2,,,0,70,,54535,2,,,0,30,,54536,2,,,0,70,,54537,2,,,0,30,,54538,2,,,0,70,,54539,2,,,0,30,,54540,2,,,0,70,,54541,2,,,0,30,,54542,2,,,0,70,,54543,2,,,0,30,,54544,2,,,0,70,,59970,2,,,0,30,,54546,2,,,0,70,,54547,2,,,0,30,,54548,2,,,0,70,,54549,2,,,0,30,,54550,2,,,0,70,,54551,2,,,0,30,,59971,2,,,0,70,,54553,2,,,0,30,,54554,2,,,0,70,,54555,2,,,0,30,,54556,2,,,0,70,,54557,2,,,0
10019,'1925',731,,59972,2,,,0,70,,59973,2,,,0,30,,59974,2,,,0,70,,59975,2,,,0,30,,59976,2,,,0,70,,59977,2,,,0,30,,59978,2,,,0,70,,59979,2,,,0,30,,59980,2,,,0,70,,59981,2,,,0,30,,59982,2,,,0,70,,59983,2,,,0,30,,59984,2,,,0,70,,59985,2,,,0,30,,59986,2,,,0,70,,59987,2,,,0,30,,59988,2,,,0,70,,59989,2,,,0,30,,59990,2,,,0,70,,59991,2,,,0,30,,59992,2,,,0,70,,59993,2,,,0,30,,59994,2,,,0,70,,59995,2,,,0
11029,'1907',806,,54785,2,,,0,100,,54786,2,,,0,101,,54787,2,,,0,100,,54788,2,,,0,100,,54789,2,,,0,100,,54790,2,,,0,100,,54791,2,,,0,100,,54792,2,,,0,100,,54793,2,,,0,100,,54794,2,,,0,100,,60074,2,,,0,100,,54796,2,,,0,100,,54797,2,,,0
11029,'1909',707,,60075,2,,,0,100,,54800,2,,,0,100,,60076,2,,,0,100,,60077,2,,,0,100,,60078,2,,,0,100,,60079,2,,,0,100,,60080,2,,,0,100,,60081,2,,,0,100,,54807,2,,,0,100,,60082,2,,,0,100,,60083,2,,,0,100,,54810,2,,,0,100,,60084,2,,,0,100,,54812,2,,,0,100,,54798,2,,,0
11029,'1910',707,,54827,2,,,0,100,,60085,2,,,0,100,,54815,2,,,0,100,,54816,2,,,0,100,,54817,2,,,0,100,,54818,2,,,0,100,,54819,2,,,0,100,,54820,2,,,0,100,,60086,2,,,0,100,,54822,2,,,0,100,,54823,2,,,0,100,,54824,2,,,0,100,,54825,2,,,0,100,,54826,2,,,0
11029,'1912',806,,54842,2,,,0,100,,54843,2,,,0,101,,54844,2,,,0,100,,54845,2,,,0,100,,54846,2,,,0,100,,54847,2,,,0,100,,54848,2,,,0,100,,54849,2,,,0,100,,54850,2,,,0,100,,54851,2,,,0,100,,60087,2,,,0,100,,54853,2,,,0,100,,54854,2,,,0
11029,'1924',806,,54829,2,,,0,100,,54830,2,,,0,101,,54831,2,,,0,100,,54832,2,,,0,100,,54833,2,,,0,100,,54834,2,,,0,100,,54835,2,,,0,100,,54836,2,,,0,100,,54837,2,,,0,100,,54838,2,,,0,100,,60088,2,,,0,100,,54840,2,,,0,100,,54841,2,,,0
11029,'1925',806,,60089,2,,,0,100,,60090,2,,,0,101,,60091,2,,,0,100,,60092,2,,,0,100,,60093,2,,,0,100,,60094,2,,,0,100,,60095,2,,,0,100,,60096,2,,,0,100,,60097,2,,,0,100,,60098,2,,,0,100,,60099,2,,,0,100,,60100,2,,,0,100,,60101,2,,,0
13019,'1907',756,,54917,2,,,0,100,,54904,2,,,0,100,,54905,2,,,0,100,,54906,2,,,0,100,,54907,2,,,0,100,,54908,2,,,0,100,,54909,2,,,0,100,,54910,2,,,0,100,,60149,2,,,0,100,,54912,2,,,0,100,,54913,2,,,0,100,,54914,2,,,0,100,,54915,2,,,0,100,,54916,2,,,0,100,,54903,2,,,0
13019,'1909',608,,60150,2,,,0,30,,60151,2,,,0,68,,60152,2,,,0,30,,54921,2,,,0,96,,60153,2,,,0,99,,60154,2,,,0,100,,60155,2,,,0,100,,60156,2,,,0,100,,60157,2,,,0,100,,60158,2,,,0,70,,54928,2,,,0,32,,54929,2,,,0,70,,54930,2,,,0,30,,60163,2,,,0,70,,60159,2,,,0,30,,54938,2,,,0,70,,54932,2,,,0,30,,54939,2,,,0,100,,60162,2,,,0,100,,60161,2,,,0,100,,54936,2,,,0,98,,60160,2,,,0,100,,54934,2,,,0
13019,'1910',656,,54942,2,,,0,100,,54943,2,,,0,100,,54944,2,,,0,100,,54945,2,,,0,100,,54946,2,,,0,100,,54947,2,,,0,100,,54948,2,,,0,100,,54949,2,,,0,100,,54950,2,,,0,100,,54951,2,,,0,100,,54952,2,,,0,100,,54953,2,,,0,100,,60164,2,,,0,100,,54955,2,,,0,100,,60165,2,,,0,200,,60166,2,,,0
13019,'1912',756,,54987,2,,,0,100,,54974,2,,,0,100,,54975,2,,,0,100,,54976,2,,,0,100,,54977,2,,,0,100,,54978,2,,,0,100,,54979,2,,,0,100,,54980,2,,,0,100,,60167,2,,,0,100,,54982,2,,,0,100,,54983,2,,,0,100,,54984,2,,,0,100,,54985,2,,,0,100,,54986,2,,,0,100,,54973,2,,,0
13019,'1924',756,,54972,2,,,0,100,,54959,2,,,0,100,,54960,2,,,0,100,,54961,2,,,0,100,,54962,2,,,0,100,,54963,2,,,0,100,,54964,2,,,0,100,,54965,2,,,0,100,,60168,2,,,0,100,,54967,2,,,0,100,,54968,2,,,0,100,,54969,2,,,0,100,,54970,2,,,0,100,,54971,2,,,0,100,,54958,2,,,0
13019,'1925',756,,60183,2,,,0,100,,60170,2,,,0,100,,60171,2,,,0,100,,60172,2,,,0,100,,60173,2,,,0,100,,60174,2,,,0,100,,60175,2,,,0,100,,60176,2,,,0,100,,60177,2,,,0,100,,60178,2,,,0,100,,60179,2,,,0,100,,60180,2,,,0,100,,60181,2,,,0,100,,60182,2,,,0,100,,60169,2,,,0
