609,'1907',841,,53873,1,0,5 2 6 7,0,100,,53878,1,0,5 2 6 7,0,100,,53889,1,0,5 2 6 7,0,100,,53879,1,0,5 2 6 7,0,102,,53890,1,0,5 2 6 7,0,100,,53877,1,0,5 2 6 7,0,100,,53888,1,0,5 2 6 7,0,100,,53876,1,0,5 2 6 7,0,100,,53887,1,0,5 2 6 7,0,100,,53875,1,0,5 2 6 7,0,98,,53891,1,0,5 2 6 7,0,100,,53880,1,0,5 2 6 7,0
609,'1909',621,,59635,14,0,15 16 17,0,35,,59613,14,0,15 16 17,0,72,,59611,14,0,15 16 17,0,30,,59616,14,0,15 16 17,0,70,,53927,14,0,15 16 17,0,30,,53937,14,0,15 16 17,0,70,,59634,14,0,15 16 17,0,30,,53924,14,0,15 16 17,0,70,,53933,14,0,15 16 17,0,30,,53934,14,0,15 16 17,0,70,,53932,14,0,15 16 17,0,30,,53956,14,0,15 16 17,0,70,,53955,14,0,15 16 17,0,30,,53952,14,0,15 16 17,0,70,,59629,14,0,15 16 17,0,30,,59630,14,0,15 16 17,0,70,,59628,14,0,15 16 17,0,31,,59626,14,0,15 16 17,0,70,,59627,14,0,15 16 17,0,30,,59625,14,0,15 16 17,0,70,,59624,14,0,15 16 17,0,30,,59623,14,0,15 16 17,0,70,,53947,14,0,15 16 17,0,27,,53944,14,0,15 16 17,0,65,,59622,14,0,15 16 17,0,30,,53942,14,0,15 16 17,0,90,,53940,14,0,15 16 17,0,100,,59621,14,0,15 16 17,0,100,,53939,14,0,15 16 17,0,100,,59637,14,0,15 16 17,0
609,'1910',612,,59687,14,0,15 16 17,0,30,,59668,14,0,15 16 17,0,70,,59658,14,0,15 16 17,0,30,,54013,14,0,15 16 17,0,70,,53986,14,0,15 16 17,0,30,,53998,14,0,15 16 17,0,70,,59657,14,0,15 16 17,0,28,,59681,14,0,15 16 17,0,70,,59656,14,0,15 16 17,0,30,,59667,14,0,15 16 17,0,73,,59655,14,0,15 16 17,0,30,,59680,14,0,15 16 17,0,70,,59654,14,0,15 16 17,0,30,,59666,14,0,15 16 17,0,70,,59653,14,0,15 16 17,0,30,,59679,14,0,15 16 17,0,70,,59652,14,0,15 16 17,0,30,,59665,14,0,15 16 17,0,70,,59651,14,0,15 16 17,0,30,,59678,14,0,15 16 17,0,70,,59650,14,0,15 16 17,0,30,,59664,14,0,15 16 17,0,70,,59649,14,0,15 16 17,0,30,,59684,14,0,15 16 17,0,70,,59669,14,0,15 16 17,0,30,,59682,14,0,15 16 17,0,68,,59685,14,4,,0,100,,59648,1,0,5 2 6 7,0,100,,54022,1,0,5 2 6 7,0
609,'1912',841,,54064,1,0,5 2 6 7,0,100,,54069,1,0,5 2 6 7,0,100,,54080,1,0,5 2 6 7,0,100,,54070,1,0,5 2 6 7,0,102,,54081,1,0,5 2 6 7,0,100,,54068,1,0,5 2 6 7,0,100,,54079,1,0,5 2 6 7,0,100,,54067,1,0,5 2 6 7,0,100,,54078,1,0,5 2 6 7,0,100,,54066,1,0,5 2 6 7,0,98,,54082,1,0,5 2 6 7,0,100,,54071,1,0,5 2 6 7,0
609,'1924',841,,54028,1,0,5 2 6 7,0,100,,54033,1,0,5 2 6 7,0,100,,54044,1,0,5 2 6 7,0,100,,54034,1,0,5 2 6 7,0,102,,54045,1,0,5 2 6 7,0,100,,54032,1,0,5 2 6 7,0,100,,54043,1,0,5 2 6 7,0,100,,54031,1,0,5 2 6 7,0,100,,54042,1,0,5 2 6 7,0,100,,54030,1,0,5 2 6 7,0,98,,54046,1,0,5 2 6 7,0,100,,54035,1,0,5 2 6 7,0
609,'1925',841,,59693,1,0,5 2 6 7,0,100,,59698,1,0,5 2 6 7,0,100,,59709,1,0,5 2 6 7,0,100,,59699,1,0,5 2 6 7,0,102,,59710,1,0,5 2 6 7,0,100,,59697,1,0,5 2 6 7,0,100,,59708,1,0,5 2 6 7,0,100,,59696,1,0,5 2 6 7,0,100,,59707,1,0,5 2 6 7,0,100,,59695,1,0,5 2 6 7,0,98,,59711,1,0,5 2 6 7,0,100,,59700,1,0,5 2 6 7,0
11029,'1907',812,,54785,7,,,0,100,,54786,7,,,0,104,,54787,7,,,0,100,,54788,7,,,0,100,,54789,7,,,0,100,,54790,7,,,0,100,,54791,7,,,0,100,,54792,7,,,0,100,,54793,7,,,0,98,,54794,7,,,0,100,,60074,7,,,0,99,,54796,7,,,0,100,,54797,7,,,0
11029,'1909',713,,60075,7,,,0,101,,54800,7,,,0,100,,60076,7,,,0,101,,60077,7,,,0,100,,60078,7,,,0,100,,60079,7,,,0,100,,60080,7,,,0,101,,60081,7,,,0,100,,54807,7,,,0,100,,60082,7,,,0,100,,60083,7,,,0,98,,54810,7,,,0,100,,60084,7,,,0,100,,54812,7,,,0,99,,54798,7,,,0
11029,'1910',713,,54827,7,,,0,100,,60085,7,,,0,100,,54815,7,,,0,104,,54816,7,,,0,100,,54817,7,,,0,100,,54818,7,,,0,100,,54819,7,,,0,100,,54820,7,,,0,100,,60086,7,,,0,100,,54822,7,,,0,97,,54823,7,,,0,100,,54824,7,,,0,99,,54825,7,,,0,100,,54826,7,,,0
11029,'1912',812,,54842,7,,,0,100,,54843,7,,,0,104,,54844,7,,,0,100,,54845,7,,,0,100,,54846,7,,,0,100,,54847,7,,,0,100,,54848,7,,,0,100,,54849,7,,,0,100,,54850,7,,,0,98,,54851,7,,,0,100,,60087,7,,,0,99,,54853,7,,,0,100,,54854,7,,,0
11029,'1924',812,,54829,7,,,0,100,,54830,7,,,0,104,,54831,7,,,0,100,,54832,7,,,0,100,,54833,7,,,0,100,,54834,7,,,0,100,,54835,7,,,0,100,,54836,7,,,0,100,,54837,7,,,0,98,,54838,7,,,0,100,,60088,7,,,0,99,,54840,7,,,0,100,,54841,7,,,0
11029,'1925',812,,60089,7,,,0,100,,60090,7,,,0,104,,60091,7,,,0,100,,60092,7,,,0,100,,60093,7,,,0,100,,60094,7,,,0,100,,60095,7,,,0,100,,60096,7,,,0,100,,60097,7,,,0,98,,60098,7,,,0,100,,60099,7,,,0,99,,60100,7,,,0,100,,60101,7,,,0
15019,'1907',738,,60228,52,,,0,100,,60226,52,,,0,100,,60229,52,,,0,102,,60227,52,,,0,100,,60224,52,,,0,100,,60222,52,,,0,103,,60225,52,,,0,100,,60223,52,,,0,100,,60220,52,,,0,99,,60221,52,,,0,100,,60218,52,,,0,100,,60219,52,,,0,100,,60217,52,,,0,97,,55095,52,,,0
15019,'1909',612,,55124,18,0,5 2 6 7,0,93,,55096,52,,,0,30,,60230,52,,,0,75,,55098,52,,,0,30,,55099,52,,,0,68,,55100,52,,,0,30,,55101,52,,,0,70,,60231,52,,,0,30,,60232,52,,,0,70,,60233,52,,,0,30,,55105,52,,,0,70,,60234,52,,,0,30,,60235,52,,,0,70,,55108,52,,,0,30,,55109,52,,,0,70,,55110,52,,,0,30,,55111,52,,,0,73,,55112,52,,,0,30,,55113,52,,,0,70,,55114,52,,,0,29,,60236,52,,,0,68,,55116,52,,,0,30,,55117,52,,,0,69,,55118,52,,,0,30,,60237,52,,,0,70,,55120,52,,,0,30,,55126,52,,,0,70,,55121,52,,,0,98,,60238,52,,,0,100,,55125,52,,,0,100,,55123,52,0,5 2 6 7,0
15019,'1910',614,,55141,18,0,5 2 6 7,0,125,,60239,52,,,0,100,,55128,52,,,0,100,,55129,52,,,0,102,,60240,52,,,0,100,,55131,52,,,0,100,,55132,52,,,0,104,,60241,52,,,0,100,,60242,52,,,0,100,,55135,52,,,0,100,,55136,52,,,0,100,,55137,52,,,0,97,,55138,52,,,0,100,,55139,52,,,0,96,,60243,52,,,0
15019,'1912',738,,60255,52,,,0,100,,60253,52,,,0,100,,60256,52,,,0,102,,60254,52,,,0,100,,60251,52,,,0,100,,60249,52,,,0,103,,60252,52,,,0,100,,60250,52,,,0,100,,60247,52,,,0,99,,60248,52,,,0,100,,60245,52,,,0,100,,60246,52,,,0,100,,60244,52,,,0,97,,55169,52,,,0
15019,'1924',738,,60268,52,,,0,100,,60266,52,,,0,100,,60269,52,,,0,102,,60267,52,,,0,100,,60264,52,,,0,100,,60262,52,,,0,103,,60265,52,,,0,100,,60263,52,,,0,100,,60260,52,,,0,99,,60261,52,,,0,100,,60258,52,,,0,100,,60259,52,,,0,100,,60257,52,,,0,97,,55155,52,,,0
15019,'1925',738,,60281,52,,,0,100,,60279,52,,,0,100,,60282,52,,,0,102,,60280,52,,,0,100,,60277,52,,,0,100,,60275,52,,,0,103,,60278,52,,,0,100,,60276,52,,,0,100,,60273,52,,,0,99,,60274,52,,,0,100,,60271,52,,,0,100,,60272,52,,,0,100,,60270,52,,,0,97,,60283,52,,,0
