4029,'1907',733,,53738,13,,,0,70,,53740,13,,,0,30,,53736,13,,,0,70,,53739,13,,,0,30,,53737,13,,,0,70,,53729,13,,,0,29,,53732,13,,,0,70,,59535,13,,,0,30,,53722,13,,,0,70,,53725,13,,,0,30,,53728,13,,,0,70,,53730,13,,,0,30,,53718,13,,,0,70,,53721,13,,,0,30,,53724,13,,,0,70,,53727,13,,,0,30,,53731,13,,,0,70,,53719,13,,,0,30,,53720,13,,,0,70,,53723,13,,,0,30,,53726,13,,,0,70,,53744,13,,,0,30,,53743,13,,,0,71,,53745,13,,,0,30,,53742,13,,,0,70,,53735,13,,,0,30,,53741,13,,,0,70,,53733,13,,,0,100,,53734,13,,,0
4029,'1909',633,,59536,13,,,0,70,,59537,13,,,0,33,,53748,13,,,0,65,,59538,13,,,0,36,,53750,13,,,0,64,,53751,13,,,0,31,,59539,13,,,0,70,,59540,13,,,0,30,,59541,13,,,0,70,,53755,13,,,0,30,,53756,13,,,0,71,,53757,13,,,0,30,,53758,13,,,0,70,,53759,13,,,0,30,,53760,13,,,0,70,,59542,13,,,0,30,,53762,13,,,0,75,,59543,13,,,0,25,,53764,13,,,0,76,,53765,13,,,0,24,,53766,13,,,0,76,,53767,13,,,0,24,,53768,13,,,0,76,,53769,13,,,0,27,,53770,13,,,0,69,,59544,13,,,0,29,,59545,13,,,0,71,,59546,13,,,0,29,,53774,13,,,0,70,,59547,13,,,0,30,,53776,13,,,0,70,,53777,13,,,0
4029,'1910',635,,53802,13,,,0,68,,53803,13,,,0,30,,53804,13,,,0,70,,59572,13,,,0,30,,59573,13,,,0,70,,53807,13,,,0,30,,59574,13,,,0,71,,59565,13,,,0,29,,59559,13,,,0,70,,59552,13,,,0,30,,59563,13,,,0,70,,59569,13,,,0,30,,59564,13,,,0,70,,59551,13,,,0,30,,59556,13,,,0,70,,59567,13,,,0,30,,59550,13,,,0,70,,59566,13,,,0,30,,59561,13,,,0,70,,59553,13,,,0,30,,59548,13,,,0,70,,59568,13,,,0,30,,59571,13,,,0,70,,59562,13,,,0,30,,59557,13,,,0,70,,59575,13,,,0,31,,59554,13,,,0,70,,59549,13,,,0,29,,59555,13,,,0,70,,59560,13,,,0,30,,59570,13,,,0,70,,59558,13,,,0
4029,'1912',733,,53860,13,,,0,70,,53862,13,,,0,30,,53858,13,,,0,70,,53861,13,,,0,30,,53859,13,,,0,70,,53851,13,,,0,29,,53854,13,,,0,70,,59576,13,,,0,30,,53844,13,,,0,70,,53847,13,,,0,30,,53850,13,,,0,70,,53852,13,,,0,30,,53840,13,,,0,70,,53843,13,,,0,30,,53846,13,,,0,70,,53849,13,,,0,30,,53853,13,,,0,70,,53841,13,,,0,30,,53842,13,,,0,70,,53845,13,,,0,30,,53848,13,,,0,70,,53866,13,,,0,30,,53865,13,,,0,71,,53867,13,,,0,30,,53864,13,,,0,70,,53857,13,,,0,30,,53863,13,,,0,70,,53855,13,,,0,100,,53856,13,,,0
4029,'1924',733,,53831,13,,,0,70,,53833,13,,,0,30,,53829,13,,,0,70,,53832,13,,,0,30,,53830,13,,,0,70,,53822,13,,,0,29,,53825,13,,,0,70,,59577,13,,,0,30,,53815,13,,,0,70,,53818,13,,,0,30,,53821,13,,,0,70,,53823,13,,,0,30,,53811,13,,,0,70,,53814,13,,,0,30,,53817,13,,,0,70,,53820,13,,,0,30,,53824,13,,,0,70,,53812,13,,,0,30,,53813,13,,,0,70,,53816,13,,,0,30,,53819,13,,,0,70,,53837,13,,,0,30,,53836,13,,,0,71,,53838,13,,,0,30,,53835,13,,,0,70,,53828,13,,,0,30,,53834,13,,,0,70,,53826,13,,,0,100,,53827,13,,,0
4029,'1925',733,,59599,13,,,0,70,,59601,13,,,0,30,,59597,13,,,0,70,,59600,13,,,0,30,,59598,13,,,0,70,,59590,13,,,0,29,,59593,13,,,0,70,,59578,13,,,0,30,,59583,13,,,0,70,,59586,13,,,0,30,,59589,13,,,0,70,,59591,13,,,0,30,,59579,13,,,0,70,,59582,13,,,0,30,,59585,13,,,0,70,,59588,13,,,0,30,,59592,13,,,0,70,,59580,13,,,0,30,,59581,13,,,0,70,,59584,13,,,0,30,,59587,13,,,0,70,,59605,13,,,0,30,,59604,13,,,0,71,,59606,13,,,0,30,,59603,13,,,0,70,,59596,13,,,0,30,,59602,13,,,0,70,,59594,13,,,0,100,,59595,13,,,0
16019,'1907',801,,55260,13,,,0,103,,55263,13,,,0,100,,55273,13,,,0,100,,55272,13,,,0,100,,55261,13,,,0,101,,55264,13,,,0,100,,55266,13,,,0,101,,55269,13,,,0,100,,55268,13,,,0,99,,55262,13,,,0,99,,55270,13,,,0,99,,55271,13,,,0,99,,55267,13,,,0,100,,55265,13,,,0,100,,55274,13,,,0
16019,'1909',634,,55278,13,,,0,70,,55279,13,,,0,31,,60357,13,,,0,70,,60358,13,,,0,32,,60359,13,,,0,70,,55283,13,,,0,30,,55284,13,,,0,70,,60360,13,,,0,30,,55286,13,,,0,70,,55287,13,,,0,30,,55288,13,,,0,70,,55289,13,,,0,30,,55290,13,,,0,70,,55291,13,,,0,30,,55292,13,,,0,70,,60361,13,,,0,29,,60362,13,,,0,69,,60363,13,,,0,30,,60364,13,,,0,70,,60365,13,,,0,30,,60366,13,,,0,70,,60367,13,,,0,30,,60368,13,,,0,69,,60369,13,,,0,30,,60370,13,,,0,70,,60371,13,,,0,30,,55304,13,,,0,70,,60372,13,,,0,30,,60373,13,,,0,70,,55307,13,,,0,29,,60355,13,,,0,70,,60356,13,,,0,30,,55277,13,,,0
16019,'1910',633,,55331,13,,,0,70,,55327,13,,,0,30,,55335,13,,,0,70,,55319,13,,,0,30,,55333,13,,,0,71,,55314,13,,,0,30,,55312,13,,,0,70,,55309,13,,,0,30,,55320,13,,,0,70,,55330,13,,,0,30,,55324,13,,,0,70,,55332,13,,,0,31,,55316,13,,,0,70,,55334,13,,,0,30,,55311,13,,,0,70,,55322,13,,,0,30,,55321,13,,,0,70,,55325,13,,,0,30,,55326,13,,,0,70,,55310,13,,,0,29,,55318,13,,,0,70,,55328,13,,,0,30,,55313,13,,,0,70,,55317,13,,,0,30,,55323,13,,,0,69,,55337,13,,,0,30,,55329,13,,,0,70,,55336,13,,,0,30,,55315,13,,,0,70,,55339,13,,,0,100,,55338,13,,,0,30,,55308,13,,,0
16019,'1912',801,,55355,13,,,0,103,,55358,13,,,0,100,,55368,13,,,0,100,,55367,13,,,0,100,,55356,13,,,0,101,,55359,13,,,0,100,,55361,13,,,0,101,,55364,13,,,0,100,,55363,13,,,0,99,,55357,13,,,0,99,,55365,13,,,0,99,,55366,13,,,0,99,,55362,13,,,0,100,,55360,13,,,0,100,,55369,13,,,0
16019,'1924',801,,55340,13,,,0,103,,55343,13,,,0,100,,55353,13,,,0,100,,55352,13,,,0,100,,55341,13,,,0,101,,55344,13,,,0,100,,55346,13,,,0,101,,55349,13,,,0,100,,55348,13,,,0,99,,55342,13,,,0,99,,55350,13,,,0,99,,55351,13,,,0,99,,55347,13,,,0,100,,55345,13,,,0,100,,55354,13,,,0
16019,'1925',801,,60374,13,,,0,103,,60377,13,,,0,100,,60387,13,,,0,100,,60386,13,,,0,100,,60375,13,,,0,101,,60378,13,,,0,100,,60380,13,,,0,101,,60383,13,,,0,100,,60382,13,,,0,99,,60376,13,,,0,99,,60384,13,,,0,99,,60385,13,,,0,99,,60381,13,,,0,100,,60379,13,,,0,100,,60388,13,,,0
31019,'1907',558,,60562,3,,,0,90,,60545,15,,,0,100,,60546,15,,,0,100,,60547,15,,,0,100,,60548,15,,,0,100,,60549,15,,,0,99,,60550,15,,,0,100,,60551,15,,,0,100,,60552,15,,,0,100,,60553,15,,,0,100,,60554,15,,,0,100,,60555,15,,,0,100,,60556,15,,,0,100,,60557,15,,,0,101,,60558,15,,,0,100,,60559,15,,,0,100,,60560,15,,,0,100,,60561,15,,,0
31019,'1909',557,,60596,3,,,0,66,,60591,3,,,0,25,,60564,15,,,0,71,,60577,15,,,0,30,,60589,15,,,0,70,,60573,15,,,0,30,,60570,15,,,0,69,,60584,15,,,0,30,,60567,15,,,0,70,,60578,15,,,0,30,,60588,15,,,0,70,,60576,15,,,0,30,,60571,15,,,0,70,,60583,15,,,0,30,,60566,15,,,0,70,,60579,15,,,0,30,,60587,15,,,0,70,,60574,15,,,0,30,,55867,15,,,0,73,,60582,15,,,0,30,,55865,15,,,0,70,,60580,15,,,0,30,,55886,15,,,0,67,,60575,15,,,0,30,,60569,15,,,0,70,,60581,15,,,0,30,,60565,15,,,0,70,,60597,15,,,0,30,,60586,15,,,0,100,,60572,15,,,0,100,,60568,15,,,0,100,,60585,15,,,0
31019,'1910',558,,60633,3,,,0,66,,60626,3,,,0,24,,60603,15,,,0,70,,60619,15,,,0,30,,60632,15,,,0,70,,60615,15,,,0,30,,60609,15,,,0,70,,60625,15,,,0,30,,60602,15,,,0,70,,60618,15,,,0,30,,60627,15,,,0,70,,60614,15,,,0,30,,60608,15,,,0,70,,60624,15,,,0,30,,60601,15,,,0,70,,60617,15,,,0,30,,60630,15,,,0,70,,60613,15,,,0,30,,60607,15,,,0,70,,60623,15,,,0,30,,60600,15,,,0,70,,60616,15,,,0,30,,60629,15,,,0,70,,60612,15,,,0,30,,60606,15,,,0,70,,60622,15,,,0,30,,60599,15,,,0,70,,60634,15,,,0,30,,60628,15,,,0,100,,60605,15,,,0,100,,60598,15,,,0,100,,60631,15,,,0
31019,'1912',558,,60652,3,,,0,90,,60635,15,,,0,100,,60636,15,,,0,100,,60637,15,,,0,100,,60638,15,,,0,100,,60639,15,,,0,99,,60640,15,,,0,100,,60641,15,,,0,100,,60642,15,,,0,100,,60643,15,,,0,100,,60644,15,,,0,100,,60645,15,,,0,100,,60646,15,,,0,100,,60647,15,,,0,101,,60648,15,,,0,100,,60649,15,,,0,100,,60650,15,,,0,100,,60651,15,,,0
31019,'1924',558,,60671,3,,,0,90,,60654,15,,,0,100,,60655,15,,,0,100,,60656,15,,,0,100,,60657,15,,,0,100,,60658,15,,,0,99,,60659,15,,,0,100,,60660,15,,,0,100,,60661,15,,,0,100,,60662,15,,,0,100,,60663,15,,,0,100,,60664,15,,,0,100,,60665,15,,,0,100,,60666,15,,,0,101,,60667,15,,,0,100,,60668,15,,,0,100,,60669,15,,,0,100,,60670,15,,,0
31019,'1925',558,,60690,3,,,0,90,,60673,15,,,0,100,,60674,15,,,0,100,,60675,15,,,0,100,,60676,15,,,0,100,,60677,15,,,0,99,,60678,15,,,0,100,,60679,15,,,0,100,,60680,15,,,0,100,,60681,15,,,0,100,,60682,15,,,0,100,,60683,15,,,0,100,,60684,15,,,0,100,,60685,15,,,0,101,,60686,15,,,0,100,,60687,15,,,0,100,,60688,15,,,0,100,,60689,15,,,0
501019,'1907',617,,56185,8,,,0,30,,56199,8,,,0,67,,56184,8,,,0,30,,56198,8,,,0,70,,56187,8,,,0,30,,56200,8,,,0,71,,56188,8,,,0,30,,56197,8,,,0,70,,56176,8,,,0,30,,56189,8,,,0,73,,56175,8,,,0,30,,56190,8,,,0,70,,56178,8,,,0,30,,56191,8,,,0,70,,56174,8,,,0,30,,56196,8,,,0,70,,56173,8,,,0,30,,56195,8,,,0,70,,56172,8,,,0,30,,56192,8,,,0,70,,56171,8,,,0,30,,56194,8,,,0,70,,56177,8,,,0,30,,56193,8,,,0,68,,56186,8,,,0,30,,56201,8,,,0,70,,56183,8,,,0,30,,60909,8,,,0,69,,56182,8,,,0,30,,60904,8,,,0,70,,56181,8,,,0,30,,60907,8,,,0,69,,60906,8,,,0,30,,60908,8,,,0,70,,60905,8,,,0
501019,'1909',522,,56205,2,,,0,93,,56206,8,,,0,30,,56207,8,,,0,76,,56208,8,,,0,24,,56209,8,,,0,64,,60910,8,,,0,12,,56211,8,,,0,24,,56212,8,,,0,63,,60911,8,,,0,11,,60912,8,,,0,30,,56215,8,,,0,70,,56216,8,,,0,30,,56217,8,,,0,70,,56218,8,,,0,30,,56219,8,,,0,70,,56220,8,,,0,30,,60913,8,,,0,70,,56222,8,,,0,30,,56223,8,,,0,70,,56224,8,,,0,26,,56225,8,,,0,12,,56226,8,,,0,62,,56227,8,,,0,24,,56228,8,,,0,12,,56229,8,,,0,64,,56230,8,,,0,24,,60914,8,,,0,12,,56232,8,,,0,64,,60915,8,,,0,23,,56234,8,,,0,12,,60916,8,,,0,66,,60917,8,,,0,28,,56237,8,,,0,70,,56238,8,,,0,28,,60918,8,,,0,70,,56240,8,,,0,30,,56241,8,,,0,69,,56242,8,,,0,30,,56243,8,,,0,70,,56244,8,,,0,30,,56245,8,,,0,70,,60919,8,,,0
501019,'1910',618,,56256,8,,,0,30,,60925,8,,,0,67,,56255,8,,,0,30,,56258,8,,,0,70,,56254,8,,,0,30,,56260,8,,,0,70,,60924,8,,,0,30,,56257,8,,,0,72,,60929,8,,,0,32,,60939,8,,,0,70,,60930,8,,,0,30,,60940,8,,,0,70,,60931,8,,,0,30,,60941,8,,,0,70,,60932,8,,,0,30,,60942,8,,,0,70,,60933,8,,,0,30,,60943,8,,,0,70,,60934,8,,,0,30,,60944,8,,,0,70,,60935,8,,,0,30,,60937,8,,,0,70,,60936,8,,,0,30,,60938,8,,,0,70,,60923,8,,,0,28,,60928,8,,,0,68,,56251,8,,,0,30,,60926,8,,,0,70,,56250,8,,,0,30,,60927,8,,,0,70,,60922,8,,,0,30,,56261,8,,,0,70,,60921,8,,,0,30,,56262,8,,,0,69,,60920,8,,,0
501019,'1912',617,,56332,8,,,0,30,,56346,8,,,0,67,,56331,8,,,0,30,,56345,8,,,0,70,,56334,8,,,0,30,,56347,8,,,0,71,,56335,8,,,0,30,,56344,8,,,0,70,,56323,8,,,0,30,,56336,8,,,0,73,,56322,8,,,0,30,,56337,8,,,0,70,,56325,8,,,0,30,,56338,8,,,0,70,,56321,8,,,0,30,,56343,8,,,0,70,,56320,8,,,0,30,,56342,8,,,0,70,,56319,8,,,0,30,,56339,8,,,0,70,,56318,8,,,0,30,,56341,8,,,0,70,,56324,8,,,0,30,,56340,8,,,0,68,,56333,8,,,0,30,,56348,8,,,0,70,,56330,8,,,0,30,,60950,8,,,0,69,,56329,8,,,0,30,,60945,8,,,0,70,,56328,8,,,0,30,,60948,8,,,0,69,,60947,8,,,0,30,,60949,8,,,0,70,,60946,8,,,0
501019,'1924',617,,56297,8,,,0,30,,56311,8,,,0,67,,56296,8,,,0,30,,56310,8,,,0,70,,56299,8,,,0,30,,56312,8,,,0,71,,56300,8,,,0,30,,56309,8,,,0,70,,56288,8,,,0,30,,56301,8,,,0,73,,56287,8,,,0,30,,56302,8,,,0,70,,56290,8,,,0,30,,56303,8,,,0,70,,56286,8,,,0,30,,56308,8,,,0,70,,56285,8,,,0,30,,56307,8,,,0,70,,56284,8,,,0,30,,56304,8,,,0,70,,56283,8,,,0,30,,56306,8,,,0,70,,56289,8,,,0,30,,56305,8,,,0,68,,56298,8,,,0,30,,56313,8,,,0,70,,56295,8,,,0,30,,60956,8,,,0,69,,56294,8,,,0,30,,60951,8,,,0,70,,56293,8,,,0,30,,60954,8,,,0,69,,60953,8,,,0,30,,60955,8,,,0,70,,60952,8,,,0
501019,'1925',617,,60972,8,,,0,30,,60986,8,,,0,67,,60971,8,,,0,30,,60985,8,,,0,70,,60974,8,,,0,30,,60987,8,,,0,71,,60975,8,,,0,30,,60984,8,,,0,70,,60963,8,,,0,30,,60976,8,,,0,73,,60962,8,,,0,30,,60977,8,,,0,70,,60965,8,,,0,30,,60978,8,,,0,70,,60961,8,,,0,30,,60983,8,,,0,70,,60960,8,,,0,30,,60982,8,,,0,70,,60959,8,,,0,30,,60979,8,,,0,70,,60958,8,,,0,30,,60981,8,,,0,70,,60964,8,,,0,30,,60980,8,,,0,68,,60973,8,,,0,30,,60988,8,,,0,70,,60970,8,,,0,30,,60991,8,,,0,69,,60969,8,,,0,30,,60957,8,,,0,70,,60968,8,,,0,30,,60989,8,,,0,69,,60967,8,,,0,30,,60990,8,,,0,70,,60966,8,,,0
