2019,'1907',705,,53277,31,,,0,30,,53254,31,,,0,70,,53258,31,,,0,30,,53270,31,,,0,72,,53265,31,,,0,30,,53255,31,,,0,70,,53259,31,,,0,30,,53271,31,,,0,70,,53266,31,,,0,30,,53256,31,,,0,70,,53260,31,,,0,30,,53272,31,,,0,70,,53267,31,,,0,30,,53257,31,,,0,70,,53261,31,,,0,30,,53273,31,,,0,70,,53268,31,,,0,30,,53252,31,,,0,70,,53262,31,,,0,30,,53274,31,,,0,70,,53269,31,,,0,30,,53250,31,,,0,70,,53263,31,,,0,30,,53275,31,,,0,100,,53251,31,,,0,99,,53276,31,,,0,100,,53253,31,,,0,100,,53264,31,,,0,99,,53278,31,,,0
2019,'1909',500,,53310,22,0,5 2 13 14,0,136,,53279,31,,,0,70,,53280,31,,,0,30,,53281,31,,,0,70,,53282,31,,,0,31,,53283,31,,,0,71,,53284,31,,,0,31,,53301,31,,,0,70,,53302,31,,,0,30,,53303,31,,,0,70,,53304,31,,,0,30,,53305,31,,,0,70,,53306,31,,,0,30,,53307,31,,,0,70,,53308,31,,,0,30,,53309,31,,,0,70,,53299,31,,,0,32,,53300,31,,,0,71,,53285,31,,,0,30,,53286,31,,,0,70,,53287,31,,,0,30,,53288,31,,,0,70,,53289,31,,,0,29,,53290,31,,,0,69,,53291,31,,,0,30,,53292,31,,,0,70,,53298,31,,,0,30,,53293,31,,,0,97,,53294,31,,,0,100,,53295,31,,,0,100,,53296,31,,,0,100,,53297,31,,,0
2019,'1910',635,,53311,22,,,0,70,,53318,31,,,0,30,,53327,31,,,0,70,,53334,31,,,0,30,,53312,31,,,0,70,,53319,31,,,0,30,,53328,31,,,0,71,,53335,31,,,0,31,,53313,31,,,0,70,,53320,31,,,0,30,,53329,31,,,0,70,,53336,31,,,0,30,,53314,31,,,0,70,,53321,31,,,0,30,,53330,31,,,0,70,,53337,31,,,0,30,,53315,31,,,0,70,,53322,31,,,0,30,,53331,31,,,0,70,,53338,31,,,0,30,,53316,31,,,0,70,,53323,31,,,0,30,,53332,31,,,0,70,,53339,31,,,0,30,,53317,31,,,0,70,,53324,31,,,0,30,,53333,31,,,0,99,,53325,31,,,0,100,,53340,31,,,0,100,,53326,31,,,0,100,,53341,31,,,0
2019,'1911',705,,53369,31,,,0,30,,53346,31,,,0,70,,53350,31,,,0,30,,53362,31,,,0,72,,53357,31,,,0,30,,53347,31,,,0,70,,53351,31,,,0,30,,53363,31,,,0,70,,53358,31,,,0,30,,53348,31,,,0,70,,53352,31,,,0,30,,53364,31,,,0,70,,53359,31,,,0,30,,53349,31,,,0,70,,53353,31,,,0,30,,53365,31,,,0,70,,53360,31,,,0,30,,53344,31,,,0,70,,53354,31,,,0,30,,53366,31,,,0,70,,53361,31,,,0,30,,53342,31,,,0,70,,53355,31,,,0,30,,53367,31,,,0,100,,53343,31,,,0,99,,53368,31,,,0,100,,53345,31,,,0,100,,53356,31,,,0,99,,53370,31,,,0
2019,'1912',705,,53398,31,,,0,30,,53375,31,,,0,70,,53379,31,,,0,30,,53391,31,,,0,72,,53386,31,,,0,30,,53376,31,,,0,70,,53380,31,,,0,30,,53392,31,,,0,70,,53387,31,,,0,30,,53377,31,,,0,70,,53381,31,,,0,30,,53393,31,,,0,70,,53388,31,,,0,30,,53378,31,,,0,70,,53382,31,,,0,30,,53394,31,,,0,70,,53389,31,,,0,30,,53373,31,,,0,70,,53383,31,,,0,30,,53395,31,,,0,70,,53390,31,,,0,30,,53371,31,,,0,70,,53384,31,,,0,30,,53396,31,,,0,100,,53372,31,,,0,99,,53397,31,,,0,100,,53374,31,,,0,100,,53385,31,,,0,99,,53399,31,,,0
14000001019,'1907',2427,,58765,38,,,0,30,,58764,38,,,0,70,,58763,38,,,0,30,,58766,38,,,0,70,,58767,38,,,0
14000001019,'1909',2427,,58771,38,,,0,30,,58768,38,,,0,70,,58769,38,,,0,30,,58770,38,,,0,70,,58772,38,,,0
14000001019,'1910',2427,,58776,38,,,0,30,,58773,38,,,0,70,,58775,38,,,0,30,,58774,38,,,0,70,,58777,38,,,0
14000001019,'1911',2427,,58780,38,,,0,30,,58779,38,,,0,70,,58778,38,,,0,30,,58781,38,,,0,70,,58782,38,,,0
14000001019,'1912',2427,,58785,38,,,0,30,,58784,38,,,0,70,,58783,38,,,0,30,,58786,38,,,0,70,,58787,38,,,0
