2019,'1907',704,,59137,29,,,0,30,,59114,29,,,0,70,,59118,29,,,0,30,,59130,29,,,0,72,,59125,29,,,0,30,,59115,29,,,0,70,,59119,29,,,0,30,,59131,29,,,0,70,,59126,29,,,0,30,,59116,29,,,0,70,,59120,29,,,0,30,,59132,29,,,0,70,,59127,29,,,0,30,,59117,29,,,0,70,,59121,29,,,0,30,,59133,29,,,0,70,,59128,29,,,0,30,,59112,29,,,0,70,,59122,29,,,0,30,,59134,29,,,0,70,,59129,29,,,0,30,,59110,29,,,0,70,,59123,29,,,0,30,,59135,29,,,0,100,,59111,29,,,0,99,,59136,29,,,0,100,,59113,29,,,0,100,,59124,29,,,0,99,,59138,29,,,0
2019,'1909',459,,59170,20,0,5 2 13 14,0,176,,59139,29,,,0,70,,59140,29,,,0,30,,59141,29,,,0,70,,59142,29,,,0,31,,59143,29,,,0,71,,59144,29,,,0,31,,59161,29,,,0,70,,59162,29,,,0,30,,59163,29,,,0,70,,59164,29,,,0,30,,59165,29,,,0,70,,59166,29,,,0,30,,59167,29,,,0,70,,59168,29,,,0,30,,59169,29,,,0,70,,59159,29,,,0,31,,59160,29,,,0,71,,59145,29,,,0,30,,59146,29,,,0,70,,59147,29,,,0,30,,59148,29,,,0,70,,59149,29,,,0,30,,59150,29,,,0,69,,59151,29,,,0,30,,59152,29,,,0,70,,59158,29,,,0,30,,59153,29,,,0,97,,59154,29,,,0,100,,59155,29,,,0,100,,59156,29,,,0,100,,59157,29,,,0
2019,'1910',634,,59171,20,,,0,70,,59178,29,,,0,30,,59187,29,,,0,70,,59194,29,,,0,30,,59172,29,,,0,70,,59179,29,,,0,30,,59188,29,,,0,71,,59195,29,,,0,31,,59173,29,,,0,70,,59180,29,,,0,30,,59189,29,,,0,70,,59196,29,,,0,30,,59174,29,,,0,70,,59181,29,,,0,30,,59190,29,,,0,70,,59197,29,,,0,30,,59175,29,,,0,70,,59182,29,,,0,30,,59191,29,,,0,70,,59198,29,,,0,30,,59176,29,,,0,70,,59183,29,,,0,30,,59192,29,,,0,70,,59199,29,,,0,30,,59177,29,,,0,70,,59184,29,,,0,30,,59193,29,,,0,99,,59185,29,,,0,100,,59200,29,,,0,100,,59186,29,,,0,100,,59201,29,,,0
2019,'1912',704,,59229,29,,,0,30,,59206,29,,,0,70,,59210,29,,,0,30,,59222,29,,,0,72,,59217,29,,,0,30,,59207,29,,,0,70,,59211,29,,,0,30,,59223,29,,,0,70,,59218,29,,,0,30,,59208,29,,,0,70,,59212,29,,,0,30,,59224,29,,,0,70,,59219,29,,,0,30,,59209,29,,,0,70,,59213,29,,,0,30,,59225,29,,,0,70,,59220,29,,,0,30,,59204,29,,,0,70,,59214,29,,,0,30,,59226,29,,,0,70,,59221,29,,,0,30,,59202,29,,,0,70,,59215,29,,,0,30,,59227,29,,,0,100,,59203,29,,,0,99,,59228,29,,,0,100,,59205,29,,,0,100,,59216,29,,,0,99,,59230,29,,,0
2019,'1924',704,,59258,29,,,0,30,,59235,29,,,0,70,,59239,29,,,0,30,,59251,29,,,0,72,,59246,29,,,0,30,,59236,29,,,0,70,,59240,29,,,0,30,,59252,29,,,0,70,,59247,29,,,0,30,,59237,29,,,0,70,,59241,29,,,0,30,,59253,29,,,0,70,,59248,29,,,0,30,,59238,29,,,0,70,,59242,29,,,0,30,,59254,29,,,0,70,,59249,29,,,0,30,,59233,29,,,0,70,,59243,29,,,0,30,,59255,29,,,0,70,,59250,29,,,0,30,,59231,29,,,0,70,,59244,29,,,0,30,,59256,29,,,0,100,,59232,29,,,0,99,,59257,29,,,0,100,,59234,29,,,0,100,,59245,29,,,0,99,,59259,29,,,0
2019,'1925',704,,59287,29,,,0,30,,59264,29,,,0,70,,59268,29,,,0,30,,59280,29,,,0,72,,59275,29,,,0,30,,59265,29,,,0,70,,59269,29,,,0,30,,59281,29,,,0,70,,59276,29,,,0,30,,59266,29,,,0,70,,59270,29,,,0,30,,59282,29,,,0,70,,59277,29,,,0,30,,59267,29,,,0,70,,59271,29,,,0,30,,59283,29,,,0,70,,59278,29,,,0,30,,59262,29,,,0,70,,59272,29,,,0,30,,59284,29,,,0,70,,59279,29,,,0,30,,59260,29,,,0,70,,59273,29,,,0,30,,59285,29,,,0,100,,59261,29,,,0,99,,59286,29,,,0,100,,59263,29,,,0,100,,59274,29,,,0,99,,59288,29,,,0
702019,'1907',648,,61534,3,,,0,70,,57938,3,,,0,30,,57960,3,,,0,70,,61532,3,,,0,30,,57937,3,,,0,70,,57959,3,,,0,31,,61533,3,,,0,70,,57936,3,,,0,30,,57954,3,,,0,70,,57944,3,,,0,30,,57935,3,,,0,70,,57950,3,,,0,30,,57939,3,,,0,70,,57934,3,,,0,30,,57958,3,,,0,70,,57943,3,,,0,30,,57933,3,,,0,70,,57955,3,,,0,30,,57947,3,,,0,70,,57932,3,,,0,30,,57953,3,,,0,70,,57942,3,,,0,30,,57931,3,,,0,69,,57952,3,,,0,30,,57941,3,,,0,70,,57930,3,,,0,30,,57957,3,,,0,70,,57940,3,,,0,30,,57929,3,,,0,70,,57956,3,,,0,30,,57946,3,,,0,70,,57928,3,,,0,30,,57951,3,,,0,65,,57961,3,,,0,25,,57962,3,,,0
702019,'1909',633,,57963,3,,,0,25,,57964,3,,,0,64,,57998,3,,,0,21,,57965,3,,,0,15,,61535,3,,,0,63,,57967,3,,,0,17,,57999,3,,,0,12,,57997,3,,,0,72,,57968,3,,,0,20,,61536,3,,,0,70,,57970,3,,,0,30,,58003,3,,,0,70,,61537,3,,,0,30,,57972,3,,,0,70,,57973,3,,,0,30,,61538,3,,,0,70,,61539,3,,,0,30,,57976,3,,,0,70,,57977,3,,,0,31,,61540,3,,,0,70,,61543,3,,,0,22,,57979,3,,,0,20,,57980,3,,,0,60,,57981,3,,,0,20,,57982,3,,,0,20,,58001,3,,,0,60,,57983,3,,,0,18,,57984,3,,,0,20,,61541,3,,,0,65,,57986,3,,,0,30,,57987,3,,,0,70,,57988,3,,,0,30,,57989,3,,,0,70,,57990,3,,,0,30,,57991,3,,,0,70,,57992,3,,,0,30,,57993,3,,,0,70,,57994,3,,,0,30,,57995,3,,,0,65,,61542,3,,,0,25,,58002,3,,,0
702019,'1910',648,,58014,3,,,0,70,,58016,3,,,0,30,,58018,3,,,0,70,,58013,3,,,0,30,,58015,3,,,0,70,,58017,3,,,0,30,,58019,3,,,0,71,,58030,3,,,0,30,,58028,3,,,0,70,,58034,3,,,0,30,,58025,3,,,0,70,,58038,3,,,0,30,,58027,3,,,0,70,,58036,3,,,0,30,,58033,3,,,0,70,,58032,3,,,0,30,,58029,3,,,0,70,,58022,3,,,0,30,,61545,3,,,0,70,,58021,3,,,0,30,,58031,3,,,0,70,,58024,3,,,0,30,,61544,3,,,0,70,,58035,3,,,0,30,,58026,3,,,0,70,,58008,3,,,0,30,,58011,3,,,0,70,,58004,3,,,0,29,,58006,3,,,0,70,,58009,3,,,0,30,,58012,3,,,0,70,,58005,3,,,0,30,,58007,3,,,0,65,,58010,3,,,0,25,,58020,3,,,0
702019,'1912',648,,61548,3,,,0,70,,58084,3,,,0,30,,58106,3,,,0,70,,61546,3,,,0,30,,58083,3,,,0,70,,58105,3,,,0,31,,61547,3,,,0,70,,58082,3,,,0,30,,58100,3,,,0,70,,58090,3,,,0,30,,58081,3,,,0,70,,58096,3,,,0,30,,58085,3,,,0,70,,58080,3,,,0,30,,58104,3,,,0,70,,58089,3,,,0,30,,58079,3,,,0,70,,58101,3,,,0,30,,58093,3,,,0,70,,58078,3,,,0,30,,58099,3,,,0,70,,58088,3,,,0,30,,58077,3,,,0,69,,58098,3,,,0,30,,58087,3,,,0,70,,58076,3,,,0,30,,58103,3,,,0,70,,58086,3,,,0,30,,58075,3,,,0,70,,58102,3,,,0,30,,58092,3,,,0,70,,58074,3,,,0,30,,58097,3,,,0,65,,58107,3,,,0,25,,58108,3,,,0
702019,'1924',648,,61551,3,,,0,70,,58049,3,,,0,30,,58071,3,,,0,70,,61549,3,,,0,30,,58048,3,,,0,70,,58070,3,,,0,31,,61550,3,,,0,70,,58047,3,,,0,30,,58065,3,,,0,70,,58055,3,,,0,30,,58046,3,,,0,70,,58061,3,,,0,30,,58050,3,,,0,70,,58045,3,,,0,30,,58069,3,,,0,70,,58054,3,,,0,30,,58044,3,,,0,70,,58066,3,,,0,30,,58058,3,,,0,70,,58043,3,,,0,30,,58064,3,,,0,70,,58053,3,,,0,30,,58042,3,,,0,69,,58063,3,,,0,30,,58052,3,,,0,70,,58041,3,,,0,30,,58068,3,,,0,70,,58051,3,,,0,30,,58040,3,,,0,70,,58067,3,,,0,30,,58057,3,,,0,70,,58039,3,,,0,30,,58062,3,,,0,65,,58072,3,,,0,25,,58073,3,,,0
702019,'1925',648,,61573,3,,,0,70,,61562,3,,,0,30,,61584,3,,,0,70,,61569,3,,,0,30,,61561,3,,,0,70,,61583,3,,,0,31,,61572,3,,,0,70,,61560,3,,,0,30,,61578,3,,,0,70,,61568,3,,,0,30,,61559,3,,,0,70,,61574,3,,,0,30,,61563,3,,,0,70,,61558,3,,,0,30,,61582,3,,,0,70,,61567,3,,,0,30,,61557,3,,,0,70,,61579,3,,,0,30,,61571,3,,,0,70,,61556,3,,,0,30,,61577,3,,,0,70,,61566,3,,,0,30,,61555,3,,,0,69,,61576,3,,,0,30,,61565,3,,,0,70,,61554,3,,,0,30,,61581,3,,,0,70,,61564,3,,,0,30,,61553,3,,,0,70,,61580,3,,,0,30,,61570,3,,,0,70,,61552,3,,,0,30,,61575,3,,,0,65,,61585,3,,,0,25,,61586,3,,,0
14000001019,'1907',2426,,61782,36,,,0,30,,61781,36,,,0,70,,61780,36,,,0,30,,61783,36,,,0,70,,61784,36,,,0
14000001019,'1909',2426,,61788,36,,,0,30,,61785,36,,,0,70,,61786,36,,,0,30,,61787,36,,,0,70,,61789,36,,,0
14000001019,'1910',2426,,61793,36,,,0,30,,61790,36,,,0,70,,61792,36,,,0,30,,61791,36,,,0,70,,61794,36,,,0
14000001019,'1912',2426,,61797,36,,,0,30,,61796,36,,,0,70,,61795,36,,,0,30,,61798,36,,,0,70,,61799,36,,,0
14000001019,'1924',2426,,61802,36,,,0,30,,61801,36,,,0,70,,61800,36,,,0,30,,61803,36,,,0,70,,61804,36,,,0
14000001019,'1925',2426,,61807,36,,,0,30,,61806,36,,,0,70,,61805,36,,,0,30,,61808,36,,,0,70,,61809,36,,,0
