2019,'1907',701,,53277,26,,,0,30,,53254,26,,,0,70,,53258,26,,,0,30,,53270,26,,,0,70,,53265,26,,,0,30,,53255,26,,,0,70,,53259,26,,,0,30,,53271,26,,,0,70,,53266,26,,,0,30,,53256,26,,,0,70,,53260,26,,,0,30,,53272,26,,,0,70,,53267,26,,,0,30,,53257,26,,,0,70,,53261,26,,,0,30,,53273,26,,,0,70,,53268,26,,,0,30,,53252,26,,,0,70,,53262,26,,,0,30,,53274,26,,,0,70,,53269,26,,,0,30,,53250,26,,,0,70,,53263,26,,,0,30,,53275,26,,,0,100,,53251,26,,,0,100,,53276,26,,,0,100,,53253,26,,,0,100,,53264,26,,,0,99,,53278,26,,,0
2019,'1909',456,,53310,17,0,5 2 13 14,0,176,3,53279,26,,,0,69,42,53280,26,,,0,30,,53281,26,,,0,70,,53282,26,,,0,31,,53283,26,,,0,70,,53284,26,,,0,31,,53301,26,,,0,70,,53302,26,,,0,30,,53303,26,,,0,70,,53304,26,,,0,30,,53305,26,,,0,70,,53306,26,,,0,30,,53307,26,,,0,70,,53308,26,,,0,30,,53309,26,,,0,70,,53299,26,,,0,31,2,53300,26,,,0,71,2,53285,26,,,0,30,2,53286,26,,,0,70,2,53287,26,,,0,30,2,53288,26,,,0,70,2,53289,26,,,0,30,3,53290,26,,,0,69,3,53291,26,,,0,30,3,53292,26,,,0,70,3,53298,26,,,0,30,3,53293,26,,,0,98,3,53294,26,,,0,100,3,53295,26,,,0,100,3,53296,26,,,0,100,3,53297,26,,,0
2019,'1910',631,3,53311,17,,,0,70,43,53318,26,,,0,30,3,53327,26,,,0,70,43,53334,26,,,0,30,3,53312,26,,,0,70,43,53319,26,,,0,30,3,53328,26,,,0,69,42,53335,26,,,0,31,,53313,26,,,0,70,,53320,26,,,0,30,,53329,26,,,0,70,,53336,26,,,0,30,,53314,26,,,0,70,,53321,26,,,0,30,,53330,26,,,0,70,,53337,26,,,0,30,,53315,26,,,0,70,,53322,26,,,0,30,,53331,26,,,0,70,,53338,26,,,0,30,,53316,26,,,0,70,,53323,26,,,0,30,,53332,26,,,0,70,,53339,26,,,0,30,,53317,26,,,0,70,,53324,26,,,0,30,,53333,26,,,0,100,,53325,26,,,0,100,,53340,26,,,0,100,,53326,26,,,0,100,,53341,26,,,0
2019,'1911',701,,53369,26,,,0,30,,53346,26,,,0,70,,53350,26,,,0,30,,53362,26,,,0,70,,53357,26,,,0,30,,53347,26,,,0,70,,53351,26,,,0,30,,53363,26,,,0,70,,53358,26,,,0,30,,53348,26,,,0,70,,53352,26,,,0,30,,53364,26,,,0,70,,53359,26,,,0,30,,53349,26,,,0,70,,53353,26,,,0,30,,53365,26,,,0,70,,53360,26,,,0,30,,53344,26,,,0,70,,53354,26,,,0,30,,53366,26,,,0,70,,53361,26,,,0,30,,53342,26,,,0,70,,53355,26,,,0,30,,53367,26,,,0,100,,53343,26,,,0,100,,53368,26,,,0,100,,53345,26,,,0,100,,53356,26,,,0,99,,53370,26,,,0
2019,'1912',701,,53398,26,,,0,30,,53375,26,,,0,70,,53379,26,,,0,30,,53391,26,,,0,70,,53386,26,,,0,30,,53376,26,,,0,70,,53380,26,,,0,30,,53392,26,,,0,70,,53387,26,,,0,30,,53377,26,,,0,70,,53381,26,,,0,30,,53393,26,,,0,70,,53388,26,,,0,30,,53378,26,,,0,70,,53382,26,,,0,30,,53394,26,,,0,70,,53389,26,,,0,30,,53373,26,,,0,70,,53383,26,,,0,30,,53395,26,,,0,70,,53390,26,,,0,30,,53371,26,,,0,70,,53384,26,,,0,30,,53396,26,,,0,100,,53372,26,,,0,100,,53397,26,,,0,100,,53374,26,,,0,100,,53385,26,,,0,99,,53399,26,,,0
702019,'1907',645,,57949,1,,,0,70,,57938,1,,,0,30,,57960,1,,,0,70,,57945,1,,,0,30,,57937,1,,,0,70,,57959,1,,,0,30,,57948,1,,,0,70,,57936,1,,,0,30,,57954,1,,,0,70,,57944,1,,,0,30,,57935,1,,,0,70,,57950,1,,,0,30,,57939,1,,,0,70,,57934,1,,,0,30,,57958,1,,,0,70,,57943,1,,,0,30,,57933,1,,,0,70,,57955,1,,,0,30,,57947,1,,,0,70,,57932,1,,,0,30,,57953,1,,,0,70,,57942,1,,,0,30,,57931,1,,,0,70,,57952,1,,,0,30,,57941,1,,,0,70,,57930,1,,,0,30,,57957,1,,,0,70,,57940,1,,,0,30,,57929,1,,,0,70,,57956,1,,,0,30,,57946,1,,,0,70,,57928,1,,,0,30,,57951,1,,,0,65,,57961,1,,,0,25,,57962,1,,,0
702019,'1909',630,,57963,1,,,0,25,,57964,1,,,0,64,,57998,1,,,0,21,,57965,1,,,0,15,,57966,1,,,0,63,,57967,1,,,0,17,,57999,1,,,0,12,,57997,1,,,0,71,,57968,1,,,0,20,,57969,1,,,0,70,,57970,1,,,0,30,,58003,1,,,0,70,,57971,1,,,0,30,,57972,1,,,0,70,,57973,1,,,0,30,,57974,1,,,0,70,,57975,1,,,0,30,,57976,1,,,0,70,,57977,1,,,0,30,,57978,1,,,0,70,,58000,1,,,0,22,,57979,1,,,0,20,,57980,1,,,0,60,,57981,1,,,0,20,,57982,1,,,0,20,,58001,1,,,0,60,,57983,1,,,0,20,,57984,1,,,0,20,,57985,1,,,0,65,,57986,1,,,0,30,,57987,1,,,0,70,,57988,1,,,0,30,,57989,1,,,0,70,,57990,1,,,0,30,,57991,1,,,0,70,,57992,1,,,0,30,,57993,1,,,0,70,,57994,1,,,0,30,,57995,1,,,0,65,,57996,1,,,0,25,,58002,1,,,0
702019,'1910',645,,58014,1,,,0,70,,58016,1,,,0,30,,58018,1,,,0,70,,58013,1,,,0,30,,58015,1,,,0,70,,58017,1,,,0,30,,58019,1,,,0,70,,58030,1,,,0,30,,58028,1,,,0,70,,58034,1,,,0,30,,58025,1,,,0,70,,58038,1,,,0,30,,58027,1,,,0,70,,58036,1,,,0,30,,58033,1,,,0,70,,58032,1,,,0,30,,58029,1,,,0,70,,58022,1,,,0,30,,58037,1,,,0,70,,58021,1,,,0,30,,58031,1,,,0,70,,58024,1,,,0,30,,58023,1,,,0,70,,58035,1,,,0,30,,58026,1,,,0,70,,58008,1,,,0,30,,58011,1,,,0,70,,58004,1,,,0,30,,58006,1,,,0,70,,58009,1,,,0,30,,58012,1,,,0,70,,58005,1,,,0,30,,58007,1,,,0,65,,58010,1,,,0,25,,58020,1,,,0
702019,'1911',645,,58060,1,,,0,70,,58049,1,,,0,30,,58071,1,,,0,70,,58056,1,,,0,30,,58048,1,,,0,70,,58070,1,,,0,30,,58059,1,,,0,70,,58047,1,,,0,30,,58065,1,,,0,70,,58055,1,,,0,30,,58046,1,,,0,70,,58061,1,,,0,30,,58050,1,,,0,70,,58045,1,,,0,30,,58069,1,,,0,70,,58054,1,,,0,30,,58044,1,,,0,70,,58066,1,,,0,30,,58058,1,,,0,70,,58043,1,,,0,30,,58064,1,,,0,70,,58053,1,,,0,30,,58042,1,,,0,70,,58063,1,,,0,30,,58052,1,,,0,70,,58041,1,,,0,30,,58068,1,,,0,70,,58051,1,,,0,30,,58040,1,,,0,70,,58067,1,,,0,30,,58057,1,,,0,70,,58039,1,,,0,30,,58062,1,,,0,65,,58072,1,,,0,25,,58073,1,,,0
702019,'1912',645,,58095,1,,,0,70,,58084,1,,,0,30,,58106,1,,,0,70,,58091,1,,,0,30,,58083,1,,,0,70,,58105,1,,,0,30,,58094,1,,,0,70,,58082,1,,,0,30,,58100,1,,,0,70,,58090,1,,,0,30,,58081,1,,,0,70,,58096,1,,,0,30,,58085,1,,,0,70,,58080,1,,,0,30,,58104,1,,,0,70,,58089,1,,,0,30,,58079,1,,,0,70,,58101,1,,,0,30,,58093,1,,,0,70,,58078,1,,,0,30,,58099,1,,,0,70,,58088,1,,,0,30,,58077,1,,,0,70,,58098,1,,,0,30,,58087,1,,,0,70,,58076,1,,,0,30,,58103,1,,,0,70,,58086,1,,,0,30,,58075,1,,,0,70,,58102,1,,,0,30,,58092,1,,,0,70,,58074,1,,,0,30,,58097,1,,,0,65,,58107,1,,,0,25,,58108,1,,,0
702029,'1907',645,,58131,19,4,,0,63,,58119,19,4,,0,30,,58133,19,4,,0,70,,58129,19,4,,0,32,,58118,19,4,,0,70,,58132,19,4,,0,30,,58120,19,4,,0,70,,58117,19,4,,0,31,,58138,19,4,,0,70,,58123,19,4,,0,30,,58116,19,4,,0,71,,58141,19,4,,0,31,,58127,19,4,,0,70,,58115,19,4,,0,30,,58134,19,4,,0,70,,58126,19,4,,0,30,,58114,19,4,,0,70,,58135,19,4,,0,30,,58122,19,4,,0,70,,58113,19,4,,0,30,,58142,19,4,,0,70,,58121,19,4,,0,30,,58112,19,4,,0,70,,58137,19,4,,0,26,,58130,19,4,,0,70,,58111,19,4,,0,30,,58139,19,4,,0,70,,58125,19,4,,0,30,,58110,19,4,,0,69,,58136,19,4,,0,29,,58128,19,4,,0,70,,58109,19,4,,0,30,,58140,19,4,,0,70,,58124,19,4,,0,25,,58170,19,4,,0
702029,'1909',628,,58172,19,4,,0,20,,58173,19,4,,0,71,,58229,19,4,,0,17,,58174,19,4,,0,17,,58175,19,4,,0,62,,58176,19,4,,0,15,,58177,19,4,,0,15,,58227,19,4,,0,70,,58228,19,4,,0,20,,58178,19,4,,0,70,,58179,19,4,,0,30,,58236,19,4,,0,70,,58180,19,4,,0,30,,58181,19,4,,0,70,,58182,19,4,,0,30,,58183,19,4,,0,70,,58184,19,4,,0,30,,58185,19,4,,0,70,,58186,19,4,,0,30,,58187,19,4,,0,65,,58231,19,4,,0,30,,58188,19,4,,0,15,,58232,19,4,,0,55,,58189,19,4,,0,30,,58191,19,4,,0,15,,58190,19,4,,0,55,,58233,19,4,,0,30,,58192,19,4,,0,14,,58193,19,4,,0,67,,58194,19,4,,0,30,,58235,19,4,,0,70,,58195,19,4,,0,30,,58196,19,4,,0,70,,58197,19,4,,0,28,,58198,19,4,,0,70,,58199,19,4,,0,30,,58200,19,4,,0,70,,58201,19,4,,0,30,,58202,19,4,,0,69,,58203,19,4,,0,25,,58230,19,4,,0
702029,'1910',643,,58251,19,4,,0,63,,58237,19,4,,0,30,,58241,19,4,,0,71,,58245,19,4,,0,32,,58248,19,4,,0,70,,58238,19,4,,0,30,,58242,19,4,,0,71,,58284,19,4,,0,34,,58277,19,4,,0,70,,58265,19,4,,0,30,,58280,19,4,,0,70,,58275,19,4,,0,30,,58272,19,4,,0,70,,58269,19,4,,0,30,,58296,19,4,,0,70,,58283,19,4,,0,30,,58271,19,4,,0,70,,58278,19,4,,0,30,,58281,19,4,,0,70,,58266,19,4,,0,30,,58298,19,4,,0,70,,58276,19,4,,0,30,,58273,19,4,,0,70,,58270,19,4,,0,30,,58299,19,4,,0,70,,58282,19,4,,0,27,,58243,19,4,,0,70,,58246,19,4,,0,30,,58249,19,4,,0,70,,58239,19,4,,0,28,,58244,19,4,,0,70,,58247,19,4,,0,30,,58250,19,4,,0,68,,58240,19,4,,0,25,,58261,19,4,,0
702029,'1911',645,,58322,19,4,,0,63,,58310,19,4,,0,30,,58324,19,4,,0,70,,58320,19,4,,0,32,,58309,19,4,,0,70,,58323,19,4,,0,30,,58311,19,4,,0,70,,58308,19,4,,0,31,,58329,19,4,,0,70,,58314,19,4,,0,30,,58307,19,4,,0,71,,58332,19,4,,0,31,,58318,19,4,,0,70,,58306,19,4,,0,30,,58325,19,4,,0,70,,58317,19,4,,0,30,,58305,19,4,,0,70,,58326,19,4,,0,30,,58313,19,4,,0,70,,58304,19,4,,0,30,,58333,19,4,,0,70,,58312,19,4,,0,30,,58303,19,4,,0,70,,58328,19,4,,0,26,,58321,19,4,,0,70,,58302,19,4,,0,30,,58330,19,4,,0,70,,58316,19,4,,0,30,,58301,19,4,,0,69,,58327,19,4,,0,29,,58319,19,4,,0,70,,58300,19,4,,0,30,,58331,19,4,,0,70,,58315,19,4,,0,25,,58361,19,4,,0
702029,'1912',645,,58385,19,4,,0,63,,58373,19,4,,0,30,,58387,19,4,,0,70,,58383,19,4,,0,32,,58372,19,4,,0,70,,58386,19,4,,0,30,,58374,19,4,,0,70,,58371,19,4,,0,31,,58392,19,4,,0,70,,58377,19,4,,0,30,,58370,19,4,,0,71,,58395,19,4,,0,31,,58381,19,4,,0,70,,58369,19,4,,0,30,,58388,19,4,,0,70,,58380,19,4,,0,30,,58368,19,4,,0,70,,58389,19,4,,0,30,,58376,19,4,,0,70,,58367,19,4,,0,30,,58396,19,4,,0,70,,58375,19,4,,0,30,,58366,19,4,,0,70,,58391,19,4,,0,26,,58384,19,4,,0,70,,58365,19,4,,0,30,,58393,19,4,,0,70,,58379,19,4,,0,30,,58364,19,4,,0,69,,58390,19,4,,0,29,,58382,19,4,,0,70,,58363,19,4,,0,30,,58394,19,4,,0,70,,58378,19,4,,0,25,,58424,19,4,,0
