4029,'1907',725,,53738,8,,,0,30,,53740,8,,,0,70,,53736,8,,,0,30,,53739,8,,,0,70,,53737,8,,,0,30,,53729,8,,,0,69,,53732,8,,,0,30,,53717,8,,,0,70,,53722,8,,,0,30,,53725,8,,,0,69,,53728,8,,,0,30,,53730,8,,,0,70,,53718,8,,,0,30,,53721,8,,,0,70,,53724,8,,,0,30,,53727,8,,,0,70,,53731,8,,,0,30,,53719,8,,,0,70,,53720,8,,,0,30,,53723,8,,,0,70,,53726,8,,,0,30,,53744,8,,,0,70,,53743,8,,,0,33,,53745,8,,,0,70,,53742,8,,,0,30,,53735,8,,,0,70,,53741,8,,,0,30,,53733,8,,,0,100,,53734,8,,,0
4029,'1909',625,,53746,8,,,0,30,,53747,8,,,0,72,,53748,8,,,0,25,,53749,8,,,0,76,,53750,8,,,0,24,,53751,8,,,0,71,,53752,8,,,0,29,,53753,8,,,0,70,,53754,8,,,0,30,,53755,8,,,0,70,,53756,8,,,0,31,,53757,8,,,0,70,,53758,8,,,0,30,,53759,8,,,0,70,,53760,8,,,0,30,,53761,8,,,0,70,,53762,8,,,0,35,,53763,8,,,0,65,,53764,8,,,0,36,,53765,8,,,0,64,,53766,8,,,0,36,,53767,8,,,0,64,,53768,8,,,0,35,,53769,8,,,0,67,,53770,8,,,0,29,,53771,8,,,0,70,,53772,8,,,0,30,,53773,8,,,0,71,,53774,8,,,0,30,,53775,8,,,0,70,,53776,8,,,0,30,,53777,8,,,0
4029,'1910',627,,53802,8,,,0,28,,53803,8,,,0,70,,53804,8,,,0,30,,53805,8,,,0,70,,53806,8,,,0,30,,53807,8,,,0,70,,53808,8,,,0,30,,53795,8,,,0,68,,53789,8,,,0,30,,53782,8,,,0,70,,53793,8,,,0,30,,53799,8,,,0,70,,53794,8,,,0,30,,53781,8,,,0,70,,53786,8,,,0,30,,53797,8,,,0,70,,53780,8,,,0,30,,53796,8,,,0,70,,53791,8,,,0,30,,53783,8,,,0,70,,53778,8,,,0,30,,53798,8,,,0,70,,53801,8,,,0,30,,53792,8,,,0,70,,53787,8,,,0,30,,53809,8,,,0,71,,53784,8,,,0,30,,53779,8,,,0,72,,53785,8,,,0,30,,53790,8,,,0,70,,53800,8,,,0,30,,53788,8,,,0
4029,'1911',725,,53831,8,,,0,30,,53833,8,,,0,70,,53829,8,,,0,30,,53832,8,,,0,70,,53830,8,,,0,30,,53822,8,,,0,69,,53825,8,,,0,30,,53810,8,,,0,70,,53815,8,,,0,30,,53818,8,,,0,69,,53821,8,,,0,30,,53823,8,,,0,70,,53811,8,,,0,30,,53814,8,,,0,70,,53817,8,,,0,30,,53820,8,,,0,70,,53824,8,,,0,30,,53812,8,,,0,70,,53813,8,,,0,30,,53816,8,,,0,70,,53819,8,,,0,30,,53837,8,,,0,70,,53836,8,,,0,33,,53838,8,,,0,70,,53835,8,,,0,30,,53828,8,,,0,70,,53834,8,,,0,30,,53826,8,,,0,100,,53827,8,,,0
4029,'1912',725,,53860,8,,,0,30,,53862,8,,,0,70,,53858,8,,,0,30,,53861,8,,,0,70,,53859,8,,,0,30,,53851,8,,,0,69,,53854,8,,,0,30,,53839,8,,,0,70,,53844,8,,,0,30,,53847,8,,,0,69,,53850,8,,,0,30,,53852,8,,,0,70,,53840,8,,,0,30,,53843,8,,,0,70,,53846,8,,,0,30,,53849,8,,,0,70,,53853,8,,,0,30,,53841,8,,,0,70,,53842,8,,,0,30,,53845,8,,,0,70,,53848,8,,,0,30,,53866,8,,,0,70,,53865,8,,,0,33,,53867,8,,,0,70,,53864,8,,,0,30,,53857,8,,,0,70,,53863,8,,,0,30,,53855,8,,,0,100,,53856,8,,,0
14000001019,'1907',2401,,58765,10,,,0,30,,58764,10,,,0,70,,58763,10,,,0,30,,58766,10,,,0,70,,58767,10,,,0
14000001019,'1909',2401,,58771,10,,,0,30,,58768,10,,,0,70,,58769,10,,,0,30,,58770,10,,,0,70,,58772,10,,,0
14000001019,'1910',2401,,58776,10,,,0,30,,58773,10,,,0,70,,58775,10,,,0,30,,58774,10,,,0,70,,58777,10,,,0
14000001019,'1911',2401,,58780,10,,,0,30,,58779,10,,,0,70,,58778,10,,,0,30,,58781,10,,,0,70,,58782,10,,,0
14000001019,'1912',2401,,58785,10,,,0,30,,58784,10,,,0,70,,58783,10,,,0,30,,58786,10,,,0,70,,58787,10,,,0
