1019,'1907',607,,53000,9,,,0,100,,53001,9,,,0,100,,53002,9,,,0,100,,53003,9,,,0,100,,53004,9,,,0,100,,53005,9,,,0,100,,53006,9,,,0,100,,53007,9,,,0,100,,53008,9,,,0,100,,53009,9,,,0,100,,53010,9,,,0,100,,53011,9,,,0,100,,53012,9,,,0,100,,53013,9,,,0,100,,53014,9,,,0,100,,53015,9,,,0,100,,53016,9,,,0,100,,53017,9,,,0
1019,'1909',536,,53053,9,,,0,75,,53049,9,,,0,30,,53025,9,,,0,72,,53020,9,,,0,30,,53038,9,,,0,70,,53022,9,,,0,30,,53027,9,,,0,70,,53052,9,,,0,30,,53024,9,,,0,70,,53018,9,,,0,30,,53037,9,,,0,70,,53023,9,,,0,30,,53028,9,,,0,70,,53048,9,,,0,30,,53026,9,,,0,70,,53019,9,,,0,30,,53050,9,,,0,70,,53021,9,,,0,30,,53029,9,,,0,70,,53047,9,,,0,30,,53040,9,,,0,70,,53032,9,,,0,30,,53030,9,,,0,70,,53033,9,,,0,30,,53035,9,,,0,70,,53034,9,,,0,30,,53031,9,,,0,65,,53051,9,,,0,30,,53045,9,,,0,68,,53046,9,,,0,30,,53044,9,,,0,70,,53043,9,,,0,30,,53042,9,,,0,70,,53041,9,,,0,30,,53039,9,,,0,70,,53036,9,,,0
1019,'1910',536,,53089,9,,,0,70,,53078,9,,,0,30,,53064,9,,,0,70,,53083,9,,,0,30,,53073,9,,,0,70,,53058,9,,,0,30,,53079,9,,,0,70,,53081,9,,,0,30,,53063,9,,,0,72,,53084,9,,,0,30,,53072,9,,,0,70,,53057,9,,,0,30,,53067,9,,,0,70,,53077,9,,,0,30,,53062,9,,,0,70,,53085,9,,,0,30,,53071,9,,,0,70,,53056,9,,,0,30,,53066,9,,,0,70,,53076,9,,,0,30,,53061,9,,,0,70,,53086,9,,,0,30,,53070,9,,,0,70,,53055,9,,,0,30,,53065,9,,,0,70,,53075,9,,,0,30,,53059,9,,,0,69,,53087,9,,,0,30,,53068,9,,,0,70,,53054,9,,,0,30,,53060,9,,,0,70,,53074,9,,,0,30,,53069,9,,,0,70,,53088,9,,,0,30,,53082,9,,,0,70,,53080,9,,,0
1019,'1911',607,,53090,9,,,0,100,,53091,9,,,0,100,,53092,9,,,0,100,,53093,9,,,0,100,,53094,9,,,0,100,,53095,9,,,0,100,,53096,9,,,0,100,,53097,9,,,0,100,,53098,9,,,0,100,,53099,9,,,0,100,,53100,9,,,0,100,,53101,9,,,0,100,,53102,9,,,0,100,,53103,9,,,0,100,,53104,9,,,0,100,,53105,9,,,0,100,,53106,9,,,0,100,,53107,9,,,0
1019,'1912',607,,53108,9,,,0,100,,53109,9,,,0,100,,53110,9,,,0,100,,53111,9,,,0,100,,53112,9,,,0,100,,53113,9,,,0,100,,53114,9,,,0,100,,53115,9,,,0,100,,53116,9,,,0,100,,53117,9,,,0,100,,53118,9,,,0,100,,53119,9,,,0,100,,53120,9,,,0,100,,53121,9,,,0,100,,53122,9,,,0,100,,53123,9,,,0,100,,53124,9,,,0,100,,53125,9,,,0
2019,'1907',652,,53277,18,,,0,70,,53254,18,,,0,30,,53258,18,,,0,70,,53270,18,,,0,30,,53265,18,,,0,70,,53255,18,,,0,30,,53259,18,,,0,70,,53271,18,,,0,30,,53266,18,,,0,70,,53256,18,,,0,30,,53260,18,,,0,70,,53272,18,,,0,30,,53267,18,,,0,70,,53257,18,,,0,30,,53261,18,,,0,70,,53273,18,,,0,30,,53268,18,,,0,70,,53252,18,,,0,30,,53262,18,,,0,70,,53274,18,,,0,30,,53269,18,,,0,70,,53250,18,,,0,30,,53263,18,,,0,70,,53275,18,,,0,100,,53251,18,,,0,100,,53276,18,,,0,100,,53253,18,,,0,100,,53264,18,,,0,99,,53278,18,,,0
2019,'1909',448,,53310,9,0,5 2 13 14,0,173,,53279,18,,,0,30,,53280,18,,,0,72,,53281,18,,,0,30,,53282,18,,,0,70,,53283,18,,,0,30,,53284,18,,,0,70,,53301,18,,,0,30,,53302,18,,,0,70,,53303,18,,,0,30,,53304,18,,,0,70,,53305,18,,,0,30,,53306,18,,,0,70,,53307,18,,,0,30,,53308,18,,,0,70,,53309,18,,,0,30,,53299,18,,,0,70,,53300,18,,,0,30,,53285,18,,,0,70,,53286,18,,,0,30,,53287,18,,,0,70,,53288,18,,,0,30,,53289,18,,,0,70,,53290,18,,,0,30,,53291,18,,,0,70,,53292,18,,,0,30,,53298,18,,,0,70,,53293,18,,,0,98,,53294,18,,,0,100,,53295,18,,,0,100,,53296,18,,,0,100,,53297,18,,,0
2019,'1910',621,,53311,9,,,0,30,,53318,18,,,0,70,,53327,18,,,0,30,,53334,18,,,0,70,,53312,18,,,0,30,,53319,18,,,0,70,,53328,18,,,0,30,,53335,18,,,0,72,,53313,18,,,0,30,,53320,18,,,0,70,,53329,18,,,0,30,,53336,18,,,0,70,,53314,18,,,0,30,,53321,18,,,0,70,,53330,18,,,0,30,,53337,18,,,0,70,,53315,18,,,0,30,,53322,18,,,0,70,,53331,18,,,0,30,,53338,18,,,0,70,,53316,18,,,0,30,,53323,18,,,0,70,,53332,18,,,0,30,,53339,18,,,0,70,,53317,18,,,0,30,,53324,18,,,0,70,,53333,18,,,0,99,,53325,18,,,0,100,,53340,18,,,0,100,,53326,18,,,0,100,,53341,18,,,0
2019,'1911',652,,53369,18,,,0,70,,53346,18,,,0,30,,53350,18,,,0,70,,53362,18,,,0,30,,53357,18,,,0,70,,53347,18,,,0,30,,53351,18,,,0,70,,53363,18,,,0,30,,53358,18,,,0,70,,53348,18,,,0,30,,53352,18,,,0,70,,53364,18,,,0,30,,53359,18,,,0,70,,53349,18,,,0,30,,53353,18,,,0,70,,53365,18,,,0,30,,53360,18,,,0,70,,53344,18,,,0,30,,53354,18,,,0,70,,53366,18,,,0,30,,53361,18,,,0,70,,53342,18,,,0,30,,53355,18,,,0,70,,53367,18,,,0,100,,53343,18,,,0,100,,53368,18,,,0,100,,53345,18,,,0,100,,53356,18,,,0,99,,53370,18,,,0
2019,'1912',652,,53398,18,,,0,70,,53375,18,,,0,30,,53379,18,,,0,70,,53391,18,,,0,30,,53386,18,,,0,70,,53376,18,,,0,30,,53380,18,,,0,70,,53392,18,,,0,30,,53387,18,,,0,70,,53377,18,,,0,30,,53381,18,,,0,70,,53393,18,,,0,30,,53388,18,,,0,70,,53378,18,,,0,30,,53382,18,,,0,70,,53394,18,,,0,30,,53389,18,,,0,70,,53373,18,,,0,30,,53383,18,,,0,70,,53395,18,,,0,30,,53390,18,,,0,70,,53371,18,,,0,30,,53384,18,,,0,70,,53396,18,,,0,100,,53372,18,,,0,100,,53397,18,,,0,100,,53374,18,,,0,100,,53385,18,,,0,99,,53399,18,,,0
12019,'1909',631,,54873,9,,,0,71,,54876,9,,,0,31,,54869,9,,,0,70,,54877,9,,,0,30,,54878,9,,,0,70,,54875,9,0,5 2 12,0,30,,54864,9,0,5 2 12,0,70,,54865,9,0,5 2 12,0,30,,54855,9,0,5 2 12,0,70,,54856,9,0,5 2 12,0,30,,54857,9,0,5 2 12,0,70,,54858,9,0,5 2 12,0,30,,54859,9,0,5 2 12,0,70,,54860,9,0,5 2 12,0,30,,54861,9,0,5 2 12,0,70,,54862,9,0,5 2 12,0,30,,54863,9,,,0,69,,54872,9,,,0,30,,54868,9,,,0,70,,54870,9,,,0,30,,54867,9,,,0,70,,54871,9,,,0,30,,54866,9,,,0,70,,54874,9,,,0
14000001019,'1907',2415,,58765,25,,,0,30,,58764,25,,,0,70,,58763,25,,,0,30,,58766,25,,,0,70,,58767,25,,,0
14000001019,'1909',2415,,58771,25,,,0,30,,58768,25,,,0,70,,58769,25,,,0,30,,58770,25,,,0,70,,58772,25,,,0
14000001019,'1910',2415,,58776,25,,,0,30,,58773,25,,,0,70,,58775,25,,,0,30,,58774,25,,,0,70,,58777,25,,,0
14000001019,'1911',2415,,58780,25,,,0,30,,58779,25,,,0,70,,58778,25,,,0,30,,58781,25,,,0,70,,58782,25,,,0
14000001019,'1912',2415,,58785,25,,,0,30,,58784,25,,,0,70,,58783,25,,,0,30,,58786,25,,,0,70,,58787,25,,,0
