609,'1907',836,,53892,6,0,5 2 6 7,0,100,,53893,6,0,5 2 6 7,0,100,,53894,6,0,5 2 6 7,0,100,,53895,6,0,5 2 6 7,0,101,,53896,6,0,5 2 6 7,0,100,,53897,6,0,5 2 6 7,0,100,,53898,6,0,5 2 6 7,0,100,,53899,6,0,5 2 6 7,0,100,,53900,6,0,5 2 6 7,0,100,,53901,6,0,5 2 6 7,0,99,,53902,6,0,5 2 6 7,0,100,,53903,6,0,5 2 6 7,0
609,'1909',616,,53961,6,0,15 16 17,0,35,,53915,6,0,15 16 17,0,71,,53912,6,0,15 16 17,0,30,,53925,6,0,15 16 17,0,70,,53927,6,0,15 16 17,0,30,,53937,6,0,15 16 17,0,70,,53960,6,0,15 16 17,0,30,,53924,6,0,15 16 17,0,70,,53933,6,0,15 16 17,0,30,,53934,6,0,15 16 17,0,70,,53932,6,0,15 16 17,0,30,,53956,6,0,15 16 17,0,70,,53955,6,0,15 16 17,0,30,,53952,6,0,15 16 17,0,70,,53953,6,0,15 16 17,0,30,,53954,6,0,15 16 17,0,70,,53951,6,0,15 16 17,0,30,,53949,6,0,15 16 17,0,70,,53950,6,0,15 16 17,0,30,,53948,6,0,15 16 17,0,70,,53946,6,0,15 16 17,0,30,,53945,6,0,15 16 17,0,70,,53947,6,0,15 16 17,0,29,,53944,6,0,15 16 17,0,65,,53943,6,0,15 16 17,0,30,,53942,6,0,15 16 17,0,90,,53940,6,0,15 16 17,0,100,,53941,6,0,15 16 17,0,100,,53939,6,0,15 16 17,0,100,,53963,6,0,15 16 17,0
609,'1910',607,,54020,6,0,15 16 17,0,30,,53999,6,0,15 16 17,0,70,,53987,6,0,15 16 17,0,30,,54013,6,0,15 16 17,0,70,,53986,6,0,15 16 17,0,30,,53998,6,0,15 16 17,0,70,,53985,6,0,15 16 17,0,28,,54012,6,0,15 16 17,0,70,,53984,6,0,15 16 17,0,30,,53997,6,0,15 16 17,0,72,,53983,6,0,15 16 17,0,30,,54011,6,0,15 16 17,0,70,,53982,6,0,15 16 17,0,30,,53996,6,0,15 16 17,0,70,,53981,6,0,15 16 17,0,30,,54010,6,0,15 16 17,0,70,,53980,6,0,15 16 17,0,30,,53995,6,0,15 16 17,0,70,,53979,6,0,15 16 17,0,30,,54009,6,0,15 16 17,0,70,,53978,6,0,15 16 17,0,30,,53994,6,0,15 16 17,0,70,,53977,6,0,15 16 17,0,30,,54016,6,0,15 16 17,0,70,,54000,6,0,15 16 17,0,30,,54014,6,0,15 16 17,0,68,,54017,6,0,5 2 6 7,0,100,,54008,6,0,5 2 6 7,0,100,,54021,6,0,5 2 6 7,0
609,'1911',836,,54047,6,0,5 2 6 7,0,100,,54048,6,0,5 2 6 7,0,100,,54049,6,0,5 2 6 7,0,100,,54050,6,0,5 2 6 7,0,101,,54051,6,0,5 2 6 7,0,100,,54052,6,0,5 2 6 7,0,100,,54053,6,0,5 2 6 7,0,100,,54054,6,0,5 2 6 7,0,100,,54055,6,0,5 2 6 7,0,100,,54056,6,0,5 2 6 7,0,99,,54057,6,0,5 2 6 7,0,100,,54058,6,0,5 2 6 7,0
609,'1912',836,,54083,6,0,5 2 6 7,0,100,,54084,6,0,5 2 6 7,0,100,,54085,6,0,5 2 6 7,0,100,,54086,6,0,5 2 6 7,0,101,,54087,6,0,5 2 6 7,0,100,,54088,6,0,5 2 6 7,0,100,,54089,6,0,5 2 6 7,0,100,,54090,6,0,5 2 6 7,0,100,,54091,6,0,5 2 6 7,0,100,,54092,6,0,5 2 6 7,0,99,,54093,6,0,5 2 6 7,0,100,,54094,6,0,5 2 6 7,0
10029,'1907',824,,54596,32,,,0,30,,54597,32,,,0,70,,54598,32,,,0,30,,54599,32,,,0,70,,54600,32,,,0,30,,54601,32,,,0,70,,54602,32,,,0,30,,54603,32,,,0,71,,54604,32,,,0,32,,54605,32,,,0,70,,54587,32,,,0,30,,54590,32,,,0,70,,54582,32,,,0,30,,54589,32,,,0,70,,54588,32,,,0,30,,54591,32,,,0,70,,54584,32,,,0,30,,54592,32,,,0,70,,54585,32,,,0,30,,54593,32,,,0,69,,54586,32,,,0,28,,54594,32,,,0,70,,54583,32,,,0,30,,54595,32,,,0
10029,'1909',623,,54606,32,,,0,30,,54607,32,,,0,80,,54608,32,,,0,70,,54609,32,,,0,30,,54610,32,,,0,70,,54611,32,,,0,27,,54612,32,,,0,70,,54613,32,,,0,30,,54614,32,,,0,70,,54615,32,,,0,30,,54616,32,,,0,70,,54617,32,,,0,30,,54618,32,,,0,70,,54619,32,,,0,30,,54620,32,,,0,70,,54621,32,,,0,30,,54622,32,,,0,71,,54623,32,,,0,35,,54624,32,,,0,70,,54625,32,,,0,30,,54626,32,,,0,70,,54627,32,,,0,29,,54628,32,,,0,67,,54629,32,,,0,25,,54630,32,,,0,30,,54631,32,,,0,70,,54632,32,,,0,30,,54633,32,,,0,70,,54634,32,,,0,25,,54635,32,,,0,70,,54636,32,,,0,30,,54637,32,,,0,100,,54638,32,,,0
10029,'1910',724,,54640,32,,,0,30,,54641,32,,,0,70,,54642,32,,,0,30,,54643,32,,,0,70,,54644,32,,,0,30,,54645,32,,,0,71,,54646,32,,,0,32,,54647,32,,,0,70,,54648,32,,,0,30,,54649,32,,,0,70,,54650,32,,,0,30,,54651,32,,,0,70,,54652,32,,,0,30,,54653,32,,,0,70,,54654,32,,,0,30,,54655,32,,,0,70,,54656,32,,,0,30,,54657,32,,,0,70,,54658,32,,,0,30,,54659,32,,,0,70,,54660,32,,,0,30,,54661,32,,,0,70,,54662,32,,,0,30,,54663,32,,,0,69,,54664,32,,,0,28,,54639,32,,,0,100,,54665,32,,,0,100,,54666,32,,,0
10029,'1911',824,,54681,32,,,0,30,,54682,32,,,0,70,,54683,32,,,0,30,,54684,32,,,0,70,,54685,32,,,0,30,,54686,32,,,0,70,,54687,32,,,0,30,,54688,32,,,0,71,,54689,32,,,0,32,,54690,32,,,0,70,,54672,32,,,0,30,,54675,32,,,0,70,,54667,32,,,0,30,,54674,32,,,0,70,,54673,32,,,0,30,,54676,32,,,0,70,,54669,32,,,0,30,,54677,32,,,0,70,,54670,32,,,0,30,,54678,32,,,0,69,,54671,32,,,0,28,,54679,32,,,0,70,,54668,32,,,0,30,,54680,32,,,0
10029,'1912',824,,54705,32,,,0,30,,54706,32,,,0,70,,54707,32,,,0,30,,54708,32,,,0,70,,54709,32,,,0,30,,54710,32,,,0,70,,54711,32,,,0,30,,54712,32,,,0,71,,54713,32,,,0,32,,54714,32,,,0,70,,54696,32,,,0,30,,54699,32,,,0,70,,54691,32,,,0,30,,54698,32,,,0,70,,54697,32,,,0,30,,54700,32,,,0,70,,54693,32,,,0,30,,54701,32,,,0,70,,54694,32,,,0,30,,54702,32,,,0,69,,54695,32,,,0,28,,54703,32,,,0,70,,54692,32,,,0,30,,54704,32,,,0
