2019,'1907',729,,59137,49,4,,0,30,,59114,49,4,,0,70,,59118,49,4,,0,30,,59130,49,4,,0,70,,59125,49,4,,0,30,,59115,49,4,,0,70,,59119,49,4,,0,30,,59131,49,4,,0,70,,59126,49,4,,0,30,,59116,49,4,,0,70,,59120,49,4,,0,30,,59132,49,4,,0,70,,59127,49,4,,0,30,,59117,49,4,,0,70,,59121,49,4,,0,30,,59133,49,4,,0,70,,59128,49,4,,0,30,,59112,49,4,,0,70,,59122,49,4,,0,30,,59134,49,4,,0,70,,59129,49,4,,0,30,,59110,49,4,,0,70,,59123,49,4,,0,30,,59135,49,4,,0,100,,59111,49,4,,0,141,,59136,49,4,,0,100,,59113,49,4,,0,54,,59124,49,4,,0,100,,59138,49,4,,0
2019,'1909',656,,59139,49,4,,0,69,,59140,49,4,,0,30,,59141,49,4,,0,70,,59142,49,4,,0,33,,59143,49,4,,0,71,,59144,49,4,,0,71,,59161,49,4,,0,30,,59162,49,4,,0,70,,59163,49,4,,0,30,,59164,49,4,,0,70,,59165,49,4,,0,30,,59166,49,4,,0,70,,59167,49,4,,0,30,,59168,49,4,,0,70,,59169,49,4,,0,30,,59159,49,4,,0,74,,59160,49,4,,0,30,,59145,49,4,,0,70,,59146,49,4,,0,30,,59147,49,4,,0,70,,59148,49,4,,0,29,,59149,49,4,,0,67,,59150,49,4,,0,30,,59151,49,4,,0,70,,59152,49,4,,0,30,,59158,49,4,,0,70,,59153,49,4,,0,57,,59154,49,4,,0,100,,59155,49,4,,0,100,,59156,49,4,,0,97,,59157,49,4,,0
2019,'1910',659,,59171,40,4,,0,70,,59178,49,4,,0,30,,59187,49,4,,0,70,,59194,49,4,,0,30,,59172,49,4,,0,70,,59179,49,4,,0,30,,59188,49,4,,0,69,,59195,49,4,,0,31,,59173,49,4,,0,70,,59180,49,4,,0,30,,59189,49,4,,0,70,,59196,49,4,,0,30,,59174,49,4,,0,70,,59181,49,4,,0,30,,59190,49,4,,0,70,,59197,49,4,,0,30,,59175,49,4,,0,70,,59182,49,4,,0,30,,59191,49,4,,0,70,,59198,49,4,,0,30,,59176,49,4,,0,70,,59183,49,4,,0,30,,59192,49,4,,0,70,,59199,49,4,,0,30,,59177,49,4,,0,70,,59184,49,4,,0,30,,59193,49,4,,0,100,,59185,49,4,,0,100,,59200,49,4,,0,96,,59186,49,4,,0,98,,59201,49,4,,0
2019,'1912',729,,59229,49,4,,0,30,,59206,49,4,,0,70,,59210,49,4,,0,30,,59222,49,4,,0,70,,59217,49,4,,0,30,,59207,49,4,,0,70,,59211,49,4,,0,30,,59223,49,4,,0,70,,59218,49,4,,0,30,,59208,49,4,,0,70,,59212,49,4,,0,30,,59224,49,4,,0,70,,59219,49,4,,0,30,,59209,49,4,,0,70,,59213,49,4,,0,30,,59225,49,4,,0,70,,59220,49,4,,0,30,,59204,49,4,,0,70,,59214,49,4,,0,30,,59226,49,4,,0,70,,59221,49,4,,0,30,,59202,49,4,,0,70,,59215,49,4,,0,30,,59227,49,4,,0,100,,59203,49,4,,0,141,,59228,49,4,,0,100,,59205,49,4,,0,54,,59216,49,4,,0,100,,59230,49,4,,0
2019,'1924',729,,59258,49,4,,0,30,,59235,49,4,,0,70,,59239,49,4,,0,30,,59251,49,4,,0,70,,59246,49,4,,0,30,,59236,49,4,,0,70,,59240,49,4,,0,30,,59252,49,4,,0,70,,59247,49,4,,0,30,,59237,49,4,,0,70,,59241,49,4,,0,30,,59253,49,4,,0,70,,59248,49,4,,0,30,,59238,49,4,,0,70,,59242,49,4,,0,30,,59254,49,4,,0,70,,59249,49,4,,0,30,,59233,49,4,,0,70,,59243,49,4,,0,30,,59255,49,4,,0,70,,59250,49,4,,0,30,,59231,49,4,,0,70,,59244,49,4,,0,30,,59256,49,4,,0,100,,59232,49,4,,0,141,,59257,49,4,,0,100,,59234,49,4,,0,54,,59245,49,4,,0,100,,59259,49,4,,0
2019,'1925',729,,59287,49,4,,0,30,,59264,49,4,,0,70,,59268,49,4,,0,30,,59280,49,4,,0,70,,59275,49,4,,0,30,,59265,49,4,,0,70,,59269,49,4,,0,30,,59281,49,4,,0,70,,59276,49,4,,0,30,,59266,49,4,,0,70,,59270,49,4,,0,30,,59282,49,4,,0,70,,59277,49,4,,0,30,,59267,49,4,,0,70,,59271,49,4,,0,30,,59283,49,4,,0,70,,59278,49,4,,0,30,,59262,49,4,,0,70,,59272,49,4,,0,30,,59284,49,4,,0,70,,59279,49,4,,0,30,,59260,49,4,,0,70,,59273,49,4,,0,30,,59285,49,4,,0,100,,59261,49,4,,0,141,,59286,49,4,,0,100,,59263,49,4,,0,54,,59274,49,4,,0,100,,59288,49,4,,0
2029,'1907',605,,59290,1,,,0,30,,59298,1,,,0,66,,59309,1,,,0,28,,59304,1,,,0,30,,59291,1,,,0,70,,59299,1,,,0,30,,59310,1,,,0,70,,59305,1,,,0,30,,59292,1,,,0,70,,59300,1,,,0,30,,59311,1,,,0,70,,59306,1,,,0,30,,59293,1,,,0,70,,59301,1,,,0,30,,59312,1,,,0,70,,59307,1,,,0,30,,59294,1,,,0,70,,59302,1,,,0,30,,59313,1,,,0,70,,59308,1,,,0,30,,59295,1,,,0,70,,59303,1,,,0,30,,59314,1,,,0,70,,59318,1,0,5 2 13 14,0,30,,59296,1,,,0,70,,59317,1,0,5 2 13 14,0,30,,59315,1,,,0,100,,59297,1,,,0,141,,59316,1,,,0,100,,59289,1,,,0,54,,59319,1,0,5 2 13 14,0,100,,59320,1,0,5 2 13 14,0
2029,'1909',532,,59321,1,,,0,70,,59322,1,,,0,26,,59323,1,,,0,28,,59324,1,,,0,69,,59325,1,,,0,30,,59326,1,,,0,70,,59327,1,,,0,33,,59328,1,,,0,71,,59329,1,,,0,71,,59352,1,,,0,30,,59348,1,,,0,70,,59354,1,,,0,30,,59350,1,,,0,70,,59351,1,,,0,30,,59347,1,,,0,70,,59353,1,,,0,30,,59349,1,,,0,70,,59355,1,,,0,30,,59330,1,,,0,74,,59331,1,,,0,30,,59332,1,,,0,70,,59333,1,,,0,30,,59334,1,,,0,70,,59335,1,,,0,29,,59336,1,,,0,67,,59337,1,,,0,30,,59341,1,,,0,70,,59342,1,,,0,30,,59345,1,0,5 2 13 14,0,70,,59343,1,,,0,57,,59344,1,,,0,100,,59340,1,,,0,100,,59339,1,0,5 2 13 14,0,97,,59346,1,0,5 2 13 14,0
2029,'1910',535,,59387,1,0,5 2 15 16 17,0,70,,59370,1,,,0,30,,59377,1,,,0,24,,59356,1,,,0,70,,59362,1,,,0,30,,59371,1,,,0,70,,59378,1,,,0,30,,59357,1,,,0,70,,59363,1,,,0,30,,59372,1,,,0,70,,59379,1,,,0,30,,59358,1,,,0,70,,59364,1,,,0,30,,59373,1,,,0,70,,59380,1,,,0,30,,59359,1,,,0,70,,59365,1,,,0,30,,59374,1,,,0,70,,59381,1,,,0,30,,59360,1,,,0,70,,59366,1,,,0,30,,59375,1,,,0,70,,59382,1,,,0,30,,59361,1,,,0,70,,59367,1,,,0,30,,59376,1,,,0,70,,59383,1,,,0,30,,59368,1,,,0,70,,59389,1,0,5 2 13 14,0,30,,59384,1,,,0,100,,59369,1,,,0,100,,59385,1,,,0,96,,59386,1,0,5 2 13 14,0,98,,59388,1,0,5 2 13 14,0
2029,'1912',605,,59391,1,,,0,30,,59399,1,,,0,66,,59410,1,,,0,28,,59405,1,,,0,30,,59392,1,,,0,70,,59400,1,,,0,30,,59411,1,,,0,70,,59406,1,,,0,30,,59393,1,,,0,70,,59401,1,,,0,30,,59412,1,,,0,70,,59407,1,,,0,30,,59394,1,,,0,70,,59402,1,,,0,30,,59413,1,,,0,70,,59408,1,,,0,30,,59395,1,,,0,70,,59403,1,,,0,30,,59414,1,,,0,70,,59409,1,,,0,30,,59396,1,,,0,70,,59404,1,,,0,30,,59415,1,,,0,70,,59419,1,0,5 2 13 14,0,30,,59397,1,,,0,70,,59418,1,0,5 2 13 14,0,30,,59416,1,,,0,100,,59398,1,,,0,141,,59417,1,,,0,100,,59390,1,,,0,54,,59420,1,0,5 2 13 14,0,100,,59421,1,0,5 2 13 14,0
2029,'1924',605,,59423,1,,,0,30,,59431,1,,,0,66,,59442,1,,,0,28,,59437,1,,,0,30,,59424,1,,,0,70,,59432,1,,,0,30,,59443,1,,,0,70,,59438,1,,,0,30,,59425,1,,,0,70,,59433,1,,,0,30,,59444,1,,,0,70,,59439,1,,,0,30,,59426,1,,,0,70,,59434,1,,,0,30,,59445,1,,,0,70,,59440,1,,,0,30,,59427,1,,,0,70,,59435,1,,,0,30,,59446,1,,,0,70,,59441,1,,,0,30,,59428,1,,,0,70,,59436,1,,,0,30,,59447,1,,,0,70,,59451,1,0,5 2 13 14,0,30,,59429,1,,,0,70,,59450,1,0,5 2 13 14,0,30,,59448,1,,,0,100,,59430,1,,,0,141,,59449,1,,,0,100,,59422,1,,,0,54,,59452,1,0,5 2 13 14,0,100,,59453,1,0,5 2 13 14,0
2029,'1925',605,,59455,1,,,0,30,,59463,1,,,0,66,,59474,1,,,0,28,,59469,1,,,0,30,,59456,1,,,0,70,,59464,1,,,0,30,,59475,1,,,0,70,,59470,1,,,0,30,,59457,1,,,0,70,,59465,1,,,0,30,,59476,1,,,0,70,,59471,1,,,0,30,,59458,1,,,0,70,,59466,1,,,0,30,,59477,1,,,0,70,,59472,1,,,0,30,,59459,1,,,0,70,,59467,1,,,0,30,,59478,1,,,0,70,,59473,1,,,0,30,,59460,1,,,0,70,,59468,1,,,0,30,,59479,1,,,0,70,,59483,1,0,5 2 13 14,0,30,,59461,1,,,0,70,,59482,1,0,5 2 13 14,0,30,,59480,1,,,0,100,,59462,1,,,0,141,,59481,1,,,0,100,,59454,1,,,0,54,,59484,1,0,5 2 13 14,0,100,,59485,1,0,5 2 13 14,0
