4029,'1907',722,,53738,6,,,0,30,,53740,6,,,0,70,,53736,6,,,0,30,,53739,6,,,0,70,,53737,6,,,0,30,,53729,6,,,0,69,,53732,6,,,0,30,,59535,6,,,0,70,,53722,6,,,0,30,,53725,6,,,0,69,,53728,6,,,0,30,,53730,6,,,0,70,,53718,6,,,0,30,,53721,6,,,0,70,,53724,6,,,0,30,,53727,6,,,0,70,,53731,6,,,0,30,,53719,6,,,0,70,,53720,6,,,0,30,,53723,6,,,0,70,,53726,6,,,0,30,,53744,6,,,0,70,,53743,6,,,0,33,,53745,6,,,0,70,,53742,6,,,0,30,,53735,6,,,0,70,,53741,6,,,0,30,,53733,6,,,0,100,,53734,6,,,0
4029,'1909',622,,59536,6,,,0,30,,59537,6,,,0,72,,53748,6,,,0,25,,59538,6,,,0,76,,53750,6,,,0,24,,53751,6,,,0,71,,59539,6,,,0,29,,59540,6,,,0,70,,59541,6,,,0,30,,53755,6,,,0,70,,53756,6,,,0,31,,53757,6,,,0,70,,53758,6,,,0,30,,53759,6,,,0,70,,53760,6,,,0,30,,59542,6,,,0,70,,53762,6,,,0,35,,59543,6,,,0,65,,53764,6,,,0,36,,53765,6,,,0,64,,53766,6,,,0,36,,53767,6,,,0,64,,53768,6,,,0,35,,53769,6,,,0,67,,53770,6,,,0,29,,59544,6,,,0,70,,59545,6,,,0,30,,59546,6,,,0,71,,53774,6,,,0,30,,59547,6,,,0,70,,53776,6,,,0,30,,53777,6,,,0
4029,'1910',624,,53802,6,,,0,28,,53803,6,,,0,70,,53804,6,,,0,30,,59572,6,,,0,70,,59573,6,,,0,30,,53807,6,,,0,70,,59574,6,,,0,30,,59565,6,,,0,68,,59559,6,,,0,30,,59552,6,,,0,70,,59563,6,,,0,30,,59569,6,,,0,70,,59564,6,,,0,30,,59551,6,,,0,70,,59556,6,,,0,30,,59567,6,,,0,70,,59550,6,,,0,30,,59566,6,,,0,70,,59561,6,,,0,30,,59553,6,,,0,70,,59548,6,,,0,30,,59568,6,,,0,70,,59571,6,,,0,30,,59562,6,,,0,70,,59557,6,,,0,30,,59575,6,,,0,71,,59554,6,,,0,30,,59549,6,,,0,72,,59555,6,,,0,30,,59560,6,,,0,70,,59570,6,,,0,30,,59558,6,,,0
4029,'1912',722,,53860,6,,,0,30,,53862,6,,,0,70,,53858,6,,,0,30,,53861,6,,,0,70,,53859,6,,,0,30,,53851,6,,,0,69,,53854,6,,,0,30,,59576,6,,,0,70,,53844,6,,,0,30,,53847,6,,,0,69,,53850,6,,,0,30,,53852,6,,,0,70,,53840,6,,,0,30,,53843,6,,,0,70,,53846,6,,,0,30,,53849,6,,,0,70,,53853,6,,,0,30,,53841,6,,,0,70,,53842,6,,,0,30,,53845,6,,,0,70,,53848,6,,,0,30,,53866,6,,,0,70,,53865,6,,,0,33,,53867,6,,,0,70,,53864,6,,,0,30,,53857,6,,,0,70,,53863,6,,,0,30,,53855,6,,,0,100,,53856,6,,,0
4029,'1924',722,,53831,6,,,0,30,,53833,6,,,0,70,,53829,6,,,0,30,,53832,6,,,0,70,,53830,6,,,0,30,,53822,6,,,0,69,,53825,6,,,0,30,,59577,6,,,0,70,,53815,6,,,0,30,,53818,6,,,0,69,,53821,6,,,0,30,,53823,6,,,0,70,,53811,6,,,0,30,,53814,6,,,0,70,,53817,6,,,0,30,,53820,6,,,0,70,,53824,6,,,0,30,,53812,6,,,0,70,,53813,6,,,0,30,,53816,6,,,0,70,,53819,6,,,0,30,,53837,6,,,0,70,,53836,6,,,0,33,,53838,6,,,0,70,,53835,6,,,0,30,,53828,6,,,0,70,,53834,6,,,0,30,,53826,6,,,0,100,,53827,6,,,0
4029,'1925',722,,59599,6,,,0,30,,59601,6,,,0,70,,59597,6,,,0,30,,59600,6,,,0,70,,59598,6,,,0,30,,59590,6,,,0,69,,59593,6,,,0,30,,59578,6,,,0,70,,59583,6,,,0,30,,59586,6,,,0,69,,59589,6,,,0,30,,59591,6,,,0,70,,59579,6,,,0,30,,59582,6,,,0,70,,59585,6,,,0,30,,59588,6,,,0,70,,59592,6,,,0,30,,59580,6,,,0,70,,59581,6,,,0,30,,59584,6,,,0,70,,59587,6,,,0,30,,59605,6,,,0,70,,59604,6,,,0,33,,59606,6,,,0,70,,59603,6,,,0,30,,59596,6,,,0,70,,59602,6,,,0,30,,59594,6,,,0,100,,59595,6,,,0
14000001019,'1907',2359,,61782,8,,,0,70,,61781,8,,,0,30,,61780,8,,,0,70,,61783,8,,,0,30,,61784,8,,,0
14000001019,'1909',2359,,61788,8,,,0,70,,61785,8,,,0,30,,61786,8,,,0,70,,61787,8,,,0,30,,61789,8,,,0
14000001019,'1910',2359,,61793,8,,,0,70,,61790,8,,,0,30,,61792,8,,,0,70,,61791,8,,,0,30,,61794,8,,,0
14000001019,'1912',2359,,61797,8,,,0,70,,61796,8,,,0,30,,61795,8,,,0,70,,61798,8,,,0,30,,61799,8,,,0
14000001019,'1924',2359,,61802,8,,,0,70,,61801,8,,,0,30,,61800,8,,,0,70,,61803,8,,,0,30,,61804,8,,,0
14000001019,'1925',2359,,61807,8,,,0,70,,61806,8,,,0,30,,61805,8,,,0,70,,61808,8,,,0,30,,61809,8,,,0
