2019,'1907',709,,53277,36,,,0,30,,53254,36,,,0,70,,53258,36,,,0,30,,53270,36,,,0,72,,53265,36,,,0,30,,53255,36,,,0,70,,53259,36,,,0,30,,53271,36,,,0,70,,53266,36,,,0,30,,53256,36,,,0,70,,53260,36,,,0,30,,53272,36,,,0,70,,53267,36,,,0,30,,53257,36,,,0,70,,53261,36,,,0,30,,53273,36,,,0,70,,53268,36,,,0,30,,53252,36,,,0,70,,53262,36,,,0,30,,53274,36,,,0,70,,53269,36,,,0,30,,53250,36,,,0,70,,53263,36,,,0,30,,53275,36,,,0,100,,53251,36,,,0,99,,53276,36,,,0,100,,53253,36,,,0,100,,53264,36,,,0,99,,53278,36,,,0
2019,'1909',504,,53310,27,0,5 2 13 14,0,136,,53279,36,,,0,70,,53280,36,,,0,30,,53281,36,,,0,70,,53282,36,,,0,31,,53283,36,,,0,71,,53284,36,,,0,31,,53301,36,,,0,70,,53302,36,,,0,30,,53303,36,,,0,70,,53304,36,,,0,30,,53305,36,,,0,70,,53306,36,,,0,30,,53307,36,,,0,70,,53308,36,,,0,30,,53309,36,,,0,70,,53299,36,,,0,33,,53300,36,,,0,71,,53285,36,,,0,30,,53286,36,,,0,70,,53287,36,,,0,30,,53288,36,,,0,70,,53289,36,,,0,28,,53290,36,,,0,69,,53291,36,,,0,30,,53292,36,,,0,70,,53298,36,,,0,30,,53293,36,,,0,97,,53294,36,,,0,100,,53295,36,,,0,100,,53296,36,,,0,100,,53297,36,,,0
2019,'1910',639,,53311,27,,,0,70,,53318,36,,,0,30,,53327,36,,,0,70,,53334,36,,,0,30,,53312,36,,,0,70,,53319,36,,,0,30,,53328,36,,,0,71,,53335,36,,,0,31,,53313,36,,,0,70,,53320,36,,,0,30,,53329,36,,,0,70,,53336,36,,,0,30,,53314,36,,,0,70,,53321,36,,,0,30,,53330,36,,,0,70,,53337,36,,,0,30,,53315,36,,,0,70,,53322,36,,,0,30,,53331,36,,,0,70,,53338,36,,,0,30,,53316,36,,,0,70,,53323,36,,,0,30,,53332,36,,,0,70,,53339,36,,,0,30,,53317,36,,,0,70,,53324,36,,,0,30,,53333,36,,,0,99,,53325,36,,,0,100,,53340,36,,,0,100,,53326,36,,,0,100,,53341,36,,,0
2019,'1911',709,,53369,36,,,0,30,,53346,36,,,0,70,,53350,36,,,0,30,,53362,36,,,0,72,,53357,36,,,0,30,,53347,36,,,0,70,,53351,36,,,0,30,,53363,36,,,0,70,,53358,36,,,0,30,,53348,36,,,0,70,,53352,36,,,0,30,,53364,36,,,0,70,,53359,36,,,0,30,,53349,36,,,0,70,,53353,36,,,0,30,,53365,36,,,0,70,,53360,36,,,0,30,,53344,36,,,0,70,,53354,36,,,0,30,,53366,36,,,0,70,,53361,36,,,0,30,,53342,36,,,0,70,,53355,36,,,0,30,,53367,36,,,0,100,,53343,36,,,0,99,,53368,36,,,0,100,,53345,36,,,0,100,,53356,36,,,0,99,,53370,36,,,0
2019,'1912',709,,53398,36,,,0,30,,53375,36,,,0,70,,53379,36,,,0,30,,53391,36,,,0,72,,53386,36,,,0,30,,53376,36,,,0,70,,53380,36,,,0,30,,53392,36,,,0,70,,53387,36,,,0,30,,53377,36,,,0,70,,53381,36,,,0,30,,53393,36,,,0,70,,53388,36,,,0,30,,53378,36,,,0,70,,53382,36,,,0,30,,53394,36,,,0,70,,53389,36,,,0,30,,53373,36,,,0,70,,53383,36,,,0,30,,53395,36,,,0,70,,53390,36,,,0,30,,53371,36,,,0,70,,53384,36,,,0,30,,53396,36,,,0,100,,53372,36,,,0,99,,53397,36,,,0,100,,53374,36,,,0,100,,53385,36,,,0,99,,53399,36,,,0
16019,'1907',807,,55260,21,,,0,103,,55263,21,,,0,100,,55273,21,,,0,100,,55272,21,,,0,100,,55261,21,,,0,101,,55264,21,,,0,100,,55266,21,,,0,101,,55269,21,,,0,100,,55268,21,,,0,99,,55262,21,,,0,99,,55270,21,,,0,99,,55271,21,,,0,99,,55267,21,,,0,100,,55265,21,,,0,100,,55274,21,,,0
16019,'1909',641,,55278,21,,,0,70,,55279,21,,,0,32,,55280,21,,,0,70,,55281,21,,,0,32,,55282,21,,,0,70,,55283,21,,,0,30,,55284,21,,,0,70,,55285,21,,,0,30,,55286,21,,,0,70,,55287,21,,,0,30,,55288,21,,,0,70,,55289,21,,,0,30,,55290,21,,,0,70,,55291,21,,,0,30,,55292,21,,,0,70,,55293,21,,,0,30,,55294,21,,,0,69,,55295,21,,,0,29,,55296,21,,,0,70,,55297,21,,,0,30,,55298,21,,,0,69,,55299,21,,,0,30,,55300,21,,,0,69,,55301,21,,,0,30,,55302,21,,,0,70,,55303,21,,,0,30,,55304,21,,,0,69,,55305,21,,,0,30,,55306,21,,,0,70,,55307,21,,,0,29,,55275,21,,,0,69,,55276,21,,,0,30,,55277,21,,,0
16019,'1910',638,,55331,21,,,0,70,,55327,21,,,0,30,,55335,21,,,0,70,,55319,21,,,0,30,,55333,21,,,0,72,,55314,21,,,0,30,,55312,21,,,0,70,,55309,21,,,0,30,,55320,21,,,0,70,,55330,21,,,0,30,,55324,21,,,0,70,,55332,21,,,0,31,,55316,21,,,0,70,,55334,21,,,0,30,,55311,21,,,0,70,,55322,21,,,0,31,,55321,21,,,0,70,,55325,21,,,0,30,,55326,21,,,0,70,,55310,21,,,0,29,,55318,21,,,0,70,,55328,21,,,0,29,,55313,21,,,0,70,,55317,21,,,0,30,,55323,21,,,0,69,,55337,21,,,0,30,,55329,21,,,0,69,,55336,21,,,0,30,,55315,21,,,0,70,,55339,21,,,0,100,,55338,21,,,0,30,,55308,21,,,0
16019,'1911',807,,55340,21,,,0,103,,55343,21,,,0,100,,55353,21,,,0,100,,55352,21,,,0,100,,55341,21,,,0,101,,55344,21,,,0,100,,55346,21,,,0,101,,55349,21,,,0,100,,55348,21,,,0,99,,55342,21,,,0,99,,55350,21,,,0,99,,55351,21,,,0,99,,55347,21,,,0,100,,55345,21,,,0,100,,55354,21,,,0
16019,'1912',807,,55355,21,,,0,103,,55358,21,,,0,100,,55368,21,,,0,100,,55367,21,,,0,100,,55356,21,,,0,101,,55359,21,,,0,100,,55361,21,,,0,101,,55364,21,,,0,100,,55363,21,,,0,99,,55357,21,,,0,99,,55365,21,,,0,99,,55366,21,,,0,99,,55362,21,,,0,100,,55360,21,,,0,100,,55369,21,,,0
702019,'1907',653,,57949,6,,,0,70,,57938,6,,,0,30,,57960,6,,,0,70,,57945,6,,,0,30,,57937,6,,,0,70,,57959,6,,,0,31,,57948,6,,,0,70,,57936,6,,,0,30,,57954,6,,,0,70,,57944,6,,,0,30,,57935,6,,,0,70,,57950,6,,,0,30,,57939,6,,,0,70,,57934,6,,,0,30,,57958,6,,,0,70,,57943,6,,,0,30,,57933,6,,,0,70,,57955,6,,,0,30,,57947,6,,,0,70,,57932,6,,,0,30,,57953,6,,,0,70,,57942,6,,,0,30,,57931,6,,,0,69,,57952,6,,,0,30,,57941,6,,,0,70,,57930,6,,,0,30,,57957,6,,,0,70,,57940,6,,,0,30,,57929,6,,,0,70,,57956,6,,,0,30,,57946,6,,,0,70,,57928,6,,,0,30,,57951,6,,,0,65,,57961,6,,,0,25,,57962,6,,,0
702019,'1909',637,,57963,6,,,0,65,,57964,6,,,0,24,,57998,6,,,0,22,,57965,6,,,0,55,,57966,6,,,0,23,,57967,6,,,0,17,,57999,6,,,0,12,,57997,6,,,0,72,,57968,6,,,0,20,,57969,6,,,0,70,,57970,6,,,0,30,,58003,6,,,0,70,,57971,6,,,0,30,,57972,6,,,0,70,,57973,6,,,0,30,,57974,6,,,0,70,,57975,6,,,0,30,,57976,6,,,0,70,,57977,6,,,0,32,,57978,6,,,0,70,,58000,6,,,0,22,,57979,6,,,0,60,,57980,6,,,0,20,,57981,6,,,0,20,,57982,6,,,0,60,,58001,6,,,0,20,,57983,6,,,0,17,,57984,6,,,0,20,,57985,6,,,0,65,,57986,6,,,0,30,,57987,6,,,0,70,,57988,6,,,0,30,,57989,6,,,0,70,,57990,6,,,0,30,,57991,6,,,0,70,,57992,6,,,0,30,,57993,6,,,0,69,,57994,6,,,0,30,,57995,6,,,0,65,,57996,6,,,0,25,,58002,6,,,0
702019,'1910',652,,58014,6,,,0,70,,58016,6,,,0,30,,58018,6,,,0,70,,58013,6,,,0,30,,58015,6,,,0,71,,58017,6,,,0,30,,58019,6,,,0,71,,58030,6,,,0,30,,58028,6,,,0,70,,58034,6,,,0,30,,58025,6,,,0,70,,58038,6,,,0,30,,58027,6,,,0,70,,58036,6,,,0,30,,58033,6,,,0,70,,58032,6,,,0,30,,58029,6,,,0,70,,58022,6,,,0,30,,58037,6,,,0,70,,58021,6,,,0,30,,58031,6,,,0,70,,58024,6,,,0,30,,58023,6,,,0,70,,58035,6,,,0,30,,58026,6,,,0,70,,58008,6,,,0,30,,58011,6,,,0,70,,58004,6,,,0,29,,58006,6,,,0,70,,58009,6,,,0,30,,58012,6,,,0,70,,58005,6,,,0,30,,58007,6,,,0,65,,58010,6,,,0,25,,58020,6,,,0
702019,'1911',653,,58060,6,,,0,70,,58049,6,,,0,30,,58071,6,,,0,70,,58056,6,,,0,30,,58048,6,,,0,70,,58070,6,,,0,31,,58059,6,,,0,70,,58047,6,,,0,30,,58065,6,,,0,70,,58055,6,,,0,30,,58046,6,,,0,70,,58061,6,,,0,30,,58050,6,,,0,70,,58045,6,,,0,30,,58069,6,,,0,70,,58054,6,,,0,30,,58044,6,,,0,70,,58066,6,,,0,30,,58058,6,,,0,70,,58043,6,,,0,30,,58064,6,,,0,70,,58053,6,,,0,30,,58042,6,,,0,69,,58063,6,,,0,30,,58052,6,,,0,70,,58041,6,,,0,30,,58068,6,,,0,70,,58051,6,,,0,30,,58040,6,,,0,70,,58067,6,,,0,30,,58057,6,,,0,70,,58039,6,,,0,30,,58062,6,,,0,65,,58072,6,,,0,25,,58073,6,,,0
702019,'1912',653,,58095,6,,,0,70,,58084,6,,,0,30,,58106,6,,,0,70,,58091,6,,,0,30,,58083,6,,,0,70,,58105,6,,,0,31,,58094,6,,,0,70,,58082,6,,,0,30,,58100,6,,,0,70,,58090,6,,,0,30,,58081,6,,,0,70,,58096,6,,,0,30,,58085,6,,,0,70,,58080,6,,,0,30,,58104,6,,,0,70,,58089,6,,,0,30,,58079,6,,,0,70,,58101,6,,,0,30,,58093,6,,,0,70,,58078,6,,,0,30,,58099,6,,,0,70,,58088,6,,,0,30,,58077,6,,,0,69,,58098,6,,,0,30,,58087,6,,,0,70,,58076,6,,,0,30,,58103,6,,,0,70,,58086,6,,,0,30,,58075,6,,,0,70,,58102,6,,,0,30,,58092,6,,,0,70,,58074,6,,,0,30,,58097,6,,,0,65,,58107,6,,,0,25,,58108,6,,,0
14000001019,'1907',2430,,58765,43,,,0,70,,58764,43,,,0,30,,58763,43,,,0,70,,58766,43,,,0,30,,58767,43,,,0
14000001019,'1909',2430,,58771,43,,,0,70,,58768,43,,,0,30,,58769,43,,,0,70,,58770,43,,,0,30,,58772,43,,,0
14000001019,'1910',2430,,58776,43,,,0,70,,58773,43,,,0,30,,58775,43,,,0,70,,58774,43,,,0,30,,58777,43,,,0
14000001019,'1911',2430,,58780,43,,,0,70,,58779,43,,,0,30,,58778,43,,,0,70,,58781,43,,,0,30,,58782,43,,,0
14000001019,'1912',2430,,58785,43,,,0,70,,58784,43,,,0,30,,58783,43,,,0,70,,58786,43,,,0,30,,58787,43,,,0
