16029,'1907',731,,55384,13,,,0,103,,55373,13,,,0,95,,55371,13,,,0,105,,55379,13,,,0,98,,55382,13,,,0,100,,55378,13,,,0,101,,55380,13,,,0,100,,55370,13,,,0,100,,55372,13,,,0,99,,55375,13,,,0,99,,55374,13,,,0,101,,55381,13,,,0,100,,55376,13,,,0,103,,55377,13,,,0,97,,55383,13,,,0
16029,'1909',603,,55417,13,,,0,30,,55385,13,,,0,73,,55386,13,,,0,36,,55387,13,,,0,70,,55388,13,,,0,33,,55389,13,,,0,70,,55390,13,,,0,29,,55391,13,,,0,67,,55392,13,,,0,30,,55393,13,,,0,70,,55394,13,,,0,30,,55395,13,,,0,70,,55396,13,,,0,30,,55397,13,,,0,70,,55398,13,,,0,30,,55399,13,,,0,71,,55400,13,,,0,32,,55401,13,,,0,71,,55402,13,,,0,29,,55403,13,,,0,72,,55404,13,,,0,30,,55405,13,,,0,69,,55406,13,,,0,28,,55407,13,,,0,69,,55408,13,,,0,30,,55416,13,,,0,67,,55409,13,,,0,30,,55410,13,,,0,70,,55411,13,,,0,24,,55412,13,,,0,70,,55413,13,,,0,30,,55414,13,,,0,69,,55415,13,,,0
16029,'1910',605,,55449,13,,,0,27,,55448,13,,,0,70,,55432,13,,,0,30,,55418,13,,,0,70,,55425,13,,,0,30,,55439,13,,,0,70,,55433,13,,,0,30,,55419,13,,,0,70,,55426,13,,,0,30,,55440,13,,,0,70,,55434,13,,,0,30,,55420,13,,,0,70,,55427,13,,,0,30,,55441,13,,,0,72,,55435,13,,,0,30,,55421,13,,,0,70,,55428,13,,,0,30,,55442,13,,,0,70,,55436,13,,,0,30,,55422,13,,,0,70,,55429,13,,,0,30,,55443,13,,,0,69,,55437,13,,,0,30,,55423,13,,,0,70,,55430,13,,,0,30,,55444,13,,,0,69,,55438,13,,,0,30,,55424,13,,,0,70,,55431,13,,,0,30,,55445,13,,,0,100,,55446,13,,,0,70,,55447,13,,,0
16029,'1911',731,,55464,13,,,0,103,,55453,13,,,0,95,,55451,13,,,0,105,,55459,13,,,0,98,,55462,13,,,0,100,,55458,13,,,0,101,,55460,13,,,0,100,,55450,13,,,0,100,,55452,13,,,0,99,,55455,13,,,0,99,,55454,13,,,0,101,,55461,13,,,0,100,,55456,13,,,0,103,,55457,13,,,0,97,,55463,13,,,0
16029,'1912',731,,55479,13,,,0,103,,55468,13,,,0,95,,55466,13,,,0,105,,55474,13,,,0,98,,55477,13,,,0,100,,55473,13,,,0,101,,55475,13,,,0,100,,55465,13,,,0,100,,55467,13,,,0,99,,55470,13,,,0,99,,55469,13,,,0,101,,55476,13,,,0,100,,55471,13,,,0,103,,55472,13,,,0,97,,55478,13,,,0
14000001019,'1907',2404,,58765,13,,,0,30,,58764,13,,,0,70,,58763,13,,,0,30,,58766,13,,,0,70,,58767,13,,,0
14000001019,'1909',2404,,58771,13,,,0,30,,58768,13,,,0,70,,58769,13,,,0,30,,58770,13,,,0,70,,58772,13,,,0
14000001019,'1910',2404,,58776,13,,,0,30,,58773,13,,,0,70,,58775,13,,,0,30,,58774,13,,,0,70,,58777,13,,,0
14000001019,'1911',2404,,58780,13,,,0,30,,58779,13,,,0,70,,58778,13,,,0,30,,58781,13,,,0,70,,58782,13,,,0
14000001019,'1912',2404,,58785,13,,,0,30,,58784,13,,,0,70,,58783,13,,,0,30,,58786,13,,,0,70,,58787,13,,,0
