1029,'1907',609,,58968,26,,,0,98,,58969,26,,,0,100,,58970,26,,,0,101,,58971,26,,,0,101,,58972,26,,,0,100,,58973,26,,,0,100,,58974,26,,,0,100,,58975,26,,,0,100,,58976,26,,,0,100,,58977,26,,,0,99,,58978,26,,,0,100,,58979,26,,,0,100,,58980,26,,,0,100,,58981,26,,,0,100,,58982,26,,,0,100,,58983,26,,,0,98,,58984,26,,,0,99,,58985,26,,,0
1029,'1909',607,,58995,26,,,0,35,,58996,26,,,0,67,,59016,26,,,0,30,,58992,26,,,0,70,,58987,26,,,0,30,,59020,26,,,0,73,,58990,26,,,0,30,,58997,26,,,0,70,,59015,26,,,0,30,,58994,26,,,0,70,,58986,26,,,0,30,,59019,26,,,0,70,,58991,26,,,0,30,,58998,26,,,0,70,,59014,26,,,0,30,,58993,26,,,0,70,,58988,26,,,0,30,,59017,26,,,0,71,,58989,26,,,0,30,,58999,26,,,0,70,,59013,26,,,0,30,,59002,26,,,0,70,,59001,26,,,0,28,,59000,26,,,0,67,,59006,26,,,0,30,,59005,26,,,0,70,,59004,26,,,0,30,,59003,26,,,0,70,,59018,26,,,0,29,,59012,26,,,0,70,,59011,26,,,0,30,,59010,26,,,0,70,,59009,26,,,0,30,,59008,26,,,0,65,,59007,26,,,0
1029,'1910',608,,59026,26,,,0,28,,59038,26,,,0,70,,59045,26,,,0,30,,59033,26,,,0,70,,59054,26,,,0,30,,59042,26,,,0,72,,59025,26,,,0,29,,59037,26,,,0,70,,59048,26,,,0,30,,59032,26,,,0,70,,59055,26,,,0,30,,59041,26,,,0,70,,59024,26,,,0,30,,59036,26,,,0,70,,59047,26,,,0,30,,59031,26,,,0,70,,59027,26,,,0,30,,59040,26,,,0,70,,59023,26,,,0,30,,59035,26,,,0,70,,59043,26,,,0,30,,59030,26,,,0,70,,59052,26,,,0,30,,59039,26,,,0,69,,59022,26,,,0,31,,59034,26,,,0,70,,59046,26,,,0,30,,59028,26,,,0,70,,59050,26,,,0,30,,59049,26,,,0,70,,59021,26,,,0,30,,59029,26,,,0,70,,59044,26,,,0,30,,59053,26,,,0,69,,59051,26,,,0
1029,'1912',609,,59056,26,,,0,98,,59057,26,,,0,100,,59058,26,,,0,101,,59059,26,,,0,101,,59060,26,,,0,100,,59061,26,,,0,100,,59062,26,,,0,100,,59063,26,,,0,100,,59064,26,,,0,100,,59065,26,,,0,99,,59066,26,,,0,100,,59067,26,,,0,100,,59068,26,,,0,100,,59069,26,,,0,100,,59070,26,,,0,100,,59071,26,,,0,98,,59072,26,,,0,99,,59073,26,,,0
1029,'1924',609,,59074,26,,,0,98,,59075,26,,,0,100,,59076,26,,,0,101,,59077,26,,,0,101,,59078,26,,,0,100,,59079,26,,,0,100,,59080,26,,,0,100,,59081,26,,,0,100,,59082,26,,,0,100,,59083,26,,,0,99,,59084,26,,,0,100,,59085,26,,,0,100,,59086,26,,,0,100,,59087,26,,,0,100,,59088,26,,,0,100,,59089,26,,,0,98,,59090,26,,,0,99,,59091,26,,,0
1029,'1925',609,,59092,26,,,0,98,,59093,26,,,0,100,,59094,26,,,0,101,,59095,26,,,0,101,,59096,26,,,0,100,,59097,26,,,0,100,,59098,26,,,0,100,,59099,26,,,0,100,,59100,26,,,0,100,,59101,26,,,0,99,,59102,26,,,0,100,,59103,26,,,0,100,,59104,26,,,0,100,,59105,26,,,0,100,,59106,26,,,0,100,,59107,26,,,0,98,,59108,26,,,0,99,,59109,26,,,0
801019,'1907',753,,58439,7,0,12,0,70,,58435,7,0,12,0,30,,58443,7,0,12,0,70,,58432,7,0,12,0,30,,58427,7,0,12,0,70,,58437,7,0,12,0,30,,58450,7,0,12,0,70,,58441,7,0,12,0,30,,58438,7,0,12,0,70,,58447,7,0,12,0,30,,58433,7,0,12,0,70,,58444,7,0,12,0,30,,58446,7,0,12,0,70,,58442,7,0,12,0,30,,58429,7,0,12,0,70,,58448,7,0,12,0,30,,58434,7,0,12,0,70,,58430,7,0,12,0,30,,58445,7,0,12,0,70,,58428,7,0,12,0,30,,58431,7,0,12,0,70,,58449,7,0,12,0,30,,58426,7,0,12,0,71,,58436,7,0,12,0,30,,58451,7,0,12,0,70,,58440,7,0,12,0
801019,'1909',558,,61696,7,0,12,0,70,,61693,7,0,12,0,20,,58477,7,0,12,0,65,,58474,7,0,12,0,17,,58476,7,0,12,0,18,,58473,7,0,12,0,60,,58475,7,0,12,0,20,,58481,7,0,12,0,25,,58452,7,0,12,0,70,,58453,7,0,12,0,30,,61684,7,0,12,0,70,,58455,7,0,12,0,30,,58456,7,0,12,0,70,,61685,7,0,12,0,30,,61686,7,0,12,0,69,,58459,7,0,12,0,31,,58460,7,0,12,0,70,,61687,7,0,12,0,30,,58462,7,0,12,0,70,,58463,7,0,12,0,31,,58478,7,0,12,0,70,,61694,7,0,12,0,25,,58464,7,0,12,0,60,,61688,7,0,12,0,20,,58483,7,0,12,0,20,,58466,7,0,12,0,60,,58467,7,0,12,0,22,,61695,7,0,12,0,17,,61689,7,0,12,0,60,,61697,7,0,12,0,15,,61692,7,0,12,0,30,,58469,7,0,12,0,70,,61690,7,0,12,0,30,,61691,7,0,12,0,70,,58472,7,0,12,0
801019,'1910',754,,61698,7,0,12,0,70,,58490,7,0,12,0,30,,58491,7,0,12,0,70,,58488,7,0,12,0,30,,58487,7,0,12,0,70,,58506,7,0,12,0,30,,58507,7,0,12,0,70,,58510,7,0,12,0,30,,58496,7,0,12,0,70,,58505,7,0,12,0,30,,58503,7,0,12,0,70,,58509,7,0,12,0,30,,61700,7,0,12,0,70,,58511,7,0,12,0,30,,58501,7,0,12,0,70,,58502,7,0,12,0,30,,58497,7,0,12,0,70,,58512,7,0,12,0,30,,58495,7,0,12,0,70,,58504,7,0,12,0,30,,58500,7,0,12,0,70,,58508,7,0,12,0,30,,58499,7,0,12,0,70,,58492,7,0,12,0,30,,58493,7,0,12,0,70,,61699,7,0,12,0
801019,'1912',753,,58552,7,0,12,0,70,,58548,7,0,12,0,30,,58556,7,0,12,0,70,,58545,7,0,12,0,30,,58540,7,0,12,0,70,,58550,7,0,12,0,30,,58563,7,0,12,0,70,,58554,7,0,12,0,30,,58551,7,0,12,0,70,,58560,7,0,12,0,30,,58546,7,0,12,0,70,,58557,7,0,12,0,30,,58559,7,0,12,0,70,,58555,7,0,12,0,30,,58542,7,0,12,0,70,,58561,7,0,12,0,30,,58547,7,0,12,0,70,,58543,7,0,12,0,30,,58558,7,0,12,0,70,,58541,7,0,12,0,30,,58544,7,0,12,0,70,,58562,7,0,12,0,30,,58539,7,0,12,0,71,,58549,7,0,12,0,30,,58564,7,0,12,0,70,,58553,7,0,12,0
801019,'1924',753,,58526,7,0,12,0,70,,58522,7,0,12,0,30,,58530,7,0,12,0,70,,58519,7,0,12,0,30,,58514,7,0,12,0,70,,58524,7,0,12,0,30,,58537,7,0,12,0,70,,58528,7,0,12,0,30,,58525,7,0,12,0,70,,58534,7,0,12,0,30,,58520,7,0,12,0,70,,58531,7,0,12,0,30,,58533,7,0,12,0,70,,58529,7,0,12,0,30,,58516,7,0,12,0,70,,58535,7,0,12,0,30,,58521,7,0,12,0,70,,58517,7,0,12,0,30,,58532,7,0,12,0,70,,58515,7,0,12,0,30,,58518,7,0,12,0,70,,58536,7,0,12,0,30,,58513,7,0,12,0,71,,58523,7,0,12,0,30,,58538,7,0,12,0,70,,58527,7,0,12,0
801019,'1925',753,,61714,7,0,12,0,70,,61710,7,0,12,0,30,,61718,7,0,12,0,70,,61707,7,0,12,0,30,,61702,7,0,12,0,70,,61712,7,0,12,0,30,,61725,7,0,12,0,70,,61716,7,0,12,0,30,,61713,7,0,12,0,70,,61722,7,0,12,0,30,,61708,7,0,12,0,70,,61719,7,0,12,0,30,,61721,7,0,12,0,70,,61717,7,0,12,0,30,,61704,7,0,12,0,70,,61723,7,0,12,0,30,,61709,7,0,12,0,70,,61705,7,0,12,0,30,,61720,7,0,12,0,70,,61703,7,0,12,0,30,,61706,7,0,12,0,70,,61724,7,0,12,0,30,,61701,7,0,12,0,71,,61711,7,0,12,0,30,,61726,7,0,12,0,70,,61715,7,0,12,0
