13019,'1907',814,,54917,22,,,0,100,,54904,22,,,0,100,,54905,22,,,0,101,,54906,22,,,0,101,,54907,22,,,0,101,,54908,22,,,0,100,,54909,22,,,0,100,,54910,22,,,0,100,,54911,22,,,0,98,,54912,22,,,0,99,,54913,22,,,0,100,,54914,22,,,0,100,,54915,22,,,0,100,,54916,22,,,0,100,,54903,22,,,0
13019,'1909',626,,54918,22,,,0,30,,54919,22,,,0,69,,54920,22,,,0,30,,54921,22,,,0,96,,54922,22,,,0,101,,54923,22,,,0,100,,54924,22,,,0,100,,54925,22,,,0,100,,54926,22,,,0,100,,54927,22,,,0,70,,54928,22,,,0,32,,54929,22,,,0,70,,54930,22,,,0,30,,54941,22,,,0,70,,54931,22,,,0,30,,54938,22,,,0,70,,54932,22,,,0,28,,54939,22,,,0,100,,54940,22,,,0,100,,54937,22,,,0,99,,54936,22,,,0,98,,54935,22,,,0,71,,54933,1,,,0,29,,54934,22,,,0
13019,'1910',714,,54942,22,,,0,100,,54943,22,,,0,100,,54944,22,,,0,100,,54945,22,,,0,104,,54946,22,,,0,100,,54947,22,,,0,100,,54948,22,,,0,100,,54949,22,,,0,100,,54950,22,,,0,100,,54951,22,,,0,99,,54952,22,,,0,99,,54953,22,,,0,99,,54954,22,,,0,99,,54955,22,,,0,100,,54956,22,,,0,200,,54957,22,,,0
13019,'1911',814,,54972,22,,,0,100,,54959,22,,,0,100,,54960,22,,,0,101,,54961,22,,,0,101,,54962,22,,,0,101,,54963,22,,,0,100,,54964,22,,,0,100,,54965,22,,,0,100,,54966,22,,,0,98,,54967,22,,,0,99,,54968,22,,,0,100,,54969,22,,,0,100,,54970,22,,,0,100,,54971,22,,,0,100,,54958,22,,,0
13019,'1912',814,,54987,22,,,0,100,,54974,22,,,0,100,,54975,22,,,0,101,,54976,22,,,0,101,,54977,22,,,0,101,,54978,22,,,0,100,,54979,22,,,0,100,,54980,22,,,0,100,,54981,22,,,0,98,,54982,22,,,0,99,,54983,22,,,0,100,,54984,22,,,0,100,,54985,22,,,0,100,,54986,22,,,0,100,,54973,22,,,0
14019,'1907',643,,55001,7,,,0,100,,55002,7,,,0,100,,54990,7,,,0,100,,54991,7,,,0,100,,54992,7,,,0,101,,54993,7,,,0,100,,54994,7,,,0,100,,54995,7,,,0,100,,54996,7,,,0,100,,54997,7,,,0,100,,54998,7,,,0,100,,54999,7,,,0,100,,55000,7,,,0,99,,54989,7,,,0,105,,54988,7,,,0
14019,'1909',518,,55033,7,,,0,100,,55032,7,,,0,40,,55003,7,,,0,70,,55016,7,,,0,28,,55004,7,,,0,62,,55017,7,,,0,30,,55005,7,,,0,70,,55018,7,,,0,30,,55006,7,,,0,70,,55019,7,,,0,30,,55007,7,,,0,70,,55020,7,,,0,30,,55008,7,,,0,70,,55021,7,,,0,30,,55009,7,,,0,70,,55022,7,,,0,30,,55010,7,,,0,70,,55023,7,,,0,31,,55011,7,,,0,70,,55024,7,,,0,40,,55012,7,,,0,70,,55025,7,,,0,30,,55013,7,,,0,70,,55026,7,,,0,30,,55014,7,,,0,59,,55027,7,,,0,30,,55015,7,,,0,70,,55028,7,,,0,30,,55034,7,,,0,70,,55029,7,,,0,92,,55030,7,,,0,100,,55031,7,,,0
14019,'1910',642,,55035,7,,,0,100,,55036,7,,,0,101,,55037,7,,,0,100,,55038,7,,,0,100,,55039,7,,,0,101,,55040,7,,,0,100,,55041,7,,,0,100,,55042,7,,,0,100,,55043,7,,,0,100,,55044,7,,,0,100,,55045,7,,,0,100,,55046,7,,,0,100,,55047,7,,,0,99,,55048,7,,,0,100,,55049,7,,,0,100,,55050,7,,,0,100,,55051,7,,,0
14019,'1911',643,,55065,7,,,0,100,,55066,7,,,0,100,,55054,7,,,0,100,,55055,7,,,0,100,,55056,7,,,0,101,,55057,7,,,0,100,,55058,7,,,0,100,,55059,7,,,0,100,,55060,7,,,0,100,,55061,7,,,0,100,,55062,7,,,0,100,,55063,7,,,0,100,,55064,7,,,0,99,,55053,7,,,0,105,,55052,7,,,0
14019,'1912',643,,55080,7,,,0,100,,55081,7,,,0,100,,55069,7,,,0,100,,55070,7,,,0,100,,55071,7,,,0,101,,55072,7,,,0,100,,55073,7,,,0,100,,55074,7,,,0,100,,55075,7,,,0,100,,55076,7,,,0,100,,55077,7,,,0,100,,55078,7,,,0,100,,55079,7,,,0,99,,55068,7,,,0,105,,55067,7,,,0
