1019,'1907',614,,58824,16,,,0,100,,58825,16,,,0,100,,58826,16,,,0,100,,58827,16,,,0,100,,58828,16,,,0,100,,58829,16,,,0,100,,58830,16,,,0,100,,58831,16,,,0,100,,58832,16,,,0,100,,58833,16,,,0,100,,58834,16,,,0,100,,58835,16,,,0,100,,58836,16,,,0,100,,58837,16,,,0,100,,58838,16,,,0,100,,58839,16,,,0,100,,58840,16,,,0,100,,58841,16,,,0
1019,'1909',543,,58877,16,,,0,75,,58873,16,,,0,30,,58849,16,,,0,72,,58844,16,,,0,30,,58862,16,,,0,70,,58846,16,,,0,30,,58851,16,,,0,70,,58876,16,,,0,30,,58848,16,,,0,70,,58842,16,,,0,30,,58861,16,,,0,70,,58847,16,,,0,30,,58852,16,,,0,70,,58872,16,,,0,30,,58850,16,,,0,70,,58843,16,,,0,30,,58874,16,,,0,70,,58845,16,,,0,31,,58853,16,,,0,70,,58871,16,,,0,30,,58864,16,,,0,70,,58856,16,,,0,30,,58854,16,,,0,70,,58857,16,,,0,29,,58859,16,,,0,70,,58858,16,,,0,30,,58855,16,,,0,65,,58875,16,,,0,30,,58869,16,,,0,68,,58870,16,,,0,30,,58868,16,,,0,70,,58867,16,,,0,30,,58866,16,,,0,70,,58865,16,,,0,30,,58863,16,,,0,70,,58860,16,,,0
1019,'1910',542,,58913,16,,,0,70,,58902,16,,,0,30,,58888,16,,,0,70,,58907,16,,,0,30,,58897,16,,,0,70,,58882,16,,,0,30,,58903,16,,,0,70,,58905,16,,,0,30,,58887,16,,,0,73,,58908,16,,,0,30,,58896,16,,,0,70,,58881,16,,,0,30,,58891,16,,,0,70,,58901,16,,,0,30,,58886,16,,,0,70,,58909,16,,,0,30,,58895,16,,,0,70,,58880,16,,,0,30,,58890,16,,,0,70,,58900,16,,,0,30,,58885,16,,,0,70,,58910,16,,,0,30,,58894,16,,,0,70,,58879,16,,,0,30,,58889,16,,,0,70,,58899,16,,,0,30,,58883,16,,,0,69,,58911,16,,,0,30,,58892,16,,,0,70,,58878,16,,,0,30,,58884,16,,,0,70,,58898,16,,,0,30,,58893,16,,,0,70,,58912,16,,,0,30,,58906,16,,,0,70,,58904,16,,,0
1019,'1912',614,,58914,16,,,0,100,,58915,16,,,0,100,,58916,16,,,0,100,,58917,16,,,0,100,,58918,16,,,0,100,,58919,16,,,0,100,,58920,16,,,0,100,,58921,16,,,0,100,,58922,16,,,0,100,,58923,16,,,0,100,,58924,16,,,0,100,,58925,16,,,0,100,,58926,16,,,0,100,,58927,16,,,0,100,,58928,16,,,0,100,,58929,16,,,0,100,,58930,16,,,0,100,,58931,16,,,0
1019,'1924',614,,58932,16,,,0,100,,58933,16,,,0,100,,58934,16,,,0,100,,58935,16,,,0,100,,58936,16,,,0,100,,58937,16,,,0,100,,58938,16,,,0,100,,58939,16,,,0,100,,58940,16,,,0,100,,58941,16,,,0,100,,58942,16,,,0,100,,58943,16,,,0,100,,58944,16,,,0,100,,58945,16,,,0,100,,58946,16,,,0,100,,58947,16,,,0,100,,58948,16,,,0,100,,58949,16,,,0
1019,'1925',614,,58950,16,,,0,100,,58951,16,,,0,100,,58952,16,,,0,100,,58953,16,,,0,100,,58954,16,,,0,100,,58955,16,,,0,100,,58956,16,,,0,100,,58957,16,,,0,100,,58958,16,,,0,100,,58959,16,,,0,100,,58960,16,,,0,100,,58961,16,,,0,100,,58962,16,,,0,100,,58963,16,,,0,100,,58964,16,,,0,100,,58965,16,,,0,100,,58966,16,,,0,100,,58967,16,,,0
2019,'1907',658,,59137,25,,,0,70,,59114,25,,,0,30,,59118,25,,,0,70,,59130,25,,,0,30,,59125,25,,,0,70,,59115,25,,,0,30,,59119,25,,,0,70,,59131,25,,,0,30,,59126,25,,,0,70,,59116,25,,,0,30,,59120,25,,,0,70,,59132,25,,,0,30,,59127,25,,,0,70,,59117,25,,,0,30,,59121,25,,,0,70,,59133,25,,,0,30,,59128,25,,,0,70,,59112,25,,,0,30,,59122,25,,,0,70,,59134,25,,,0,30,,59129,25,,,0,70,,59110,25,,,0,30,,59123,25,,,0,70,,59135,25,,,0,100,,59111,25,,,0,100,,59136,25,,,0,100,,59113,25,,,0,100,,59124,25,,,0,99,,59138,25,,,0
2019,'1909',454,,59170,16,0,5 2 13 14,0,173,,59139,25,,,0,30,,59140,25,,,0,72,,59141,25,,,0,30,,59142,25,,,0,70,,59143,25,,,0,30,,59144,25,,,0,71,,59161,25,,,0,70,,59162,25,,,0,30,,59163,25,,,0,70,,59164,25,,,0,30,,59165,25,,,0,70,,59166,25,,,0,30,,59167,25,,,0,70,,59168,25,,,0,30,,59169,25,,,0,70,,59159,25,,,0,30,,59160,25,,,0,71,,59145,25,,,0,30,,59146,25,,,0,70,,59147,25,,,0,30,,59148,25,,,0,70,,59149,25,,,0,29,,59150,25,,,0,29,,59151,25,,,0,70,,59152,25,,,0,30,,59158,25,,,0,70,,59153,25,,,0,98,,59154,25,,,0,100,,59155,25,,,0,100,,59156,25,,,0,100,,59157,25,,,0
2019,'1910',627,,59171,16,,,0,30,,59178,25,,,0,70,,59187,25,,,0,30,,59194,25,,,0,70,,59172,25,,,0,30,,59179,25,,,0,70,,59188,25,,,0,30,,59195,25,,,0,72,,59173,25,,,0,30,,59180,25,,,0,70,,59189,25,,,0,30,,59196,25,,,0,70,,59174,25,,,0,30,,59181,25,,,0,70,,59190,25,,,0,30,,59197,25,,,0,70,,59175,25,,,0,30,,59182,25,,,0,70,,59191,25,,,0,30,,59198,25,,,0,70,,59176,25,,,0,30,,59183,25,,,0,70,,59192,25,,,0,30,,59199,25,,,0,70,,59177,25,,,0,30,,59184,25,,,0,70,,59193,25,,,0,99,,59185,25,,,0,100,,59200,25,,,0,100,,59186,25,,,0,100,,59201,25,,,0
2019,'1912',658,,59229,25,,,0,70,,59206,25,,,0,30,,59210,25,,,0,70,,59222,25,,,0,30,,59217,25,,,0,70,,59207,25,,,0,30,,59211,25,,,0,70,,59223,25,,,0,30,,59218,25,,,0,70,,59208,25,,,0,30,,59212,25,,,0,70,,59224,25,,,0,30,,59219,25,,,0,70,,59209,25,,,0,30,,59213,25,,,0,70,,59225,25,,,0,30,,59220,25,,,0,70,,59204,25,,,0,30,,59214,25,,,0,70,,59226,25,,,0,30,,59221,25,,,0,70,,59202,25,,,0,30,,59215,25,,,0,70,,59227,25,,,0,100,,59203,25,,,0,100,,59228,25,,,0,100,,59205,25,,,0,100,,59216,25,,,0,99,,59230,25,,,0
2019,'1924',658,,59258,25,,,0,70,,59235,25,,,0,30,,59239,25,,,0,70,,59251,25,,,0,30,,59246,25,,,0,70,,59236,25,,,0,30,,59240,25,,,0,70,,59252,25,,,0,30,,59247,25,,,0,70,,59237,25,,,0,30,,59241,25,,,0,70,,59253,25,,,0,30,,59248,25,,,0,70,,59238,25,,,0,30,,59242,25,,,0,70,,59254,25,,,0,30,,59249,25,,,0,70,,59233,25,,,0,30,,59243,25,,,0,70,,59255,25,,,0,30,,59250,25,,,0,70,,59231,25,,,0,30,,59244,25,,,0,70,,59256,25,,,0,100,,59232,25,,,0,100,,59257,25,,,0,100,,59234,25,,,0,100,,59245,25,,,0,99,,59259,25,,,0
2019,'1925',658,,59287,25,,,0,70,,59264,25,,,0,30,,59268,25,,,0,70,,59280,25,,,0,30,,59275,25,,,0,70,,59265,25,,,0,30,,59269,25,,,0,70,,59281,25,,,0,30,,59276,25,,,0,70,,59266,25,,,0,30,,59270,25,,,0,70,,59282,25,,,0,30,,59277,25,,,0,70,,59267,25,,,0,30,,59271,25,,,0,70,,59283,25,,,0,30,,59278,25,,,0,70,,59262,25,,,0,30,,59272,25,,,0,70,,59284,25,,,0,30,,59279,25,,,0,70,,59260,25,,,0,30,,59273,25,,,0,70,,59285,25,,,0,100,,59261,25,,,0,100,,59286,25,,,0,100,,59263,25,,,0,100,,59274,25,,,0,99,,59288,25,,,0
12019,'1909',638,,60120,16,,,0,71,,60122,16,,,0,31,,60116,16,,,0,70,,60123,16,,,0,30,,60124,16,,,0,70,,60121,16,0,5 2 12,0,30,,60111,16,0,5 2 12,0,70,,60112,16,0,5 2 12,0,30,,60102,16,0,5 2 12,0,70,,60103,16,0,5 2 12,0,30,,60104,16,0,5 2 12,0,70,,60105,16,0,5 2 12,0,30,,60106,16,0,5 2 12,0,70,,60107,16,0,5 2 12,0,30,,60108,16,0,5 2 12,0,70,,60109,16,0,5 2 12,0,30,,60110,16,,,0,69,,60119,16,,,0,30,,60115,16,,,0,70,,60117,16,,,0,30,,60114,16,,,0,70,,60118,16,,,0,30,,60113,16,,,0,70,,54874,16,,,0
14000001019,'1907',2422,,61782,32,,,0,30,,61781,32,,,0,70,,61780,32,,,0,30,,61783,32,,,0,70,,61784,32,,,0
14000001019,'1909',2422,,61788,32,,,0,30,,61785,32,,,0,70,,61786,32,,,0,30,,61787,32,,,0,70,,61789,32,,,0
14000001019,'1910',2422,,61793,32,,,0,30,,61790,32,,,0,70,,61792,32,,,0,30,,61791,32,,,0,70,,61794,32,,,0
14000001019,'1912',2422,,61797,32,,,0,30,,61796,32,,,0,70,,61795,32,,,0,30,,61798,32,,,0,70,,61799,32,,,0
14000001019,'1924',2422,,61802,32,,,0,30,,61801,32,,,0,70,,61800,32,,,0,30,,61803,32,,,0,70,,61804,32,,,0
14000001019,'1925',2422,,61807,32,,,0,30,,61806,32,,,0,70,,61805,32,,,0,30,,61808,32,,,0,70,,61809,32,,,0
