1029,'1907',612,,58968,31,,,0,98,,58969,31,,,0,100,,58970,31,,,0,101,,58971,31,,,0,101,,58972,31,,,0,100,,58973,31,,,0,100,,58974,31,,,0,100,,58975,31,,,0,100,,58976,31,,,0,100,,58977,31,,,0,99,,58978,31,,,0,100,,58979,31,,,0,100,,58980,31,,,0,100,,58981,31,,,0,100,,58982,31,,,0,100,,58983,31,,,0,97,,58984,31,,,0,100,,58985,31,,,0
1029,'1909',610,,58995,31,,,0,35,,58996,31,,,0,68,,59016,31,,,0,30,,58992,31,,,0,70,,58987,31,,,0,30,,59020,31,,,0,72,,58990,31,,,0,30,,58997,31,,,0,70,,59015,31,,,0,30,,58994,31,,,0,70,,58986,31,,,0,30,,59019,31,,,0,70,,58991,31,,,0,30,,58998,31,,,0,70,,59014,31,,,0,30,,58993,31,,,0,70,,58988,31,,,0,31,,59017,31,,,0,71,,58989,31,,,0,30,,58999,31,,,0,70,,59013,31,,,0,30,,59002,31,,,0,70,,59001,31,,,0,27,,59000,31,,,0,67,,59006,31,,,0,30,,59005,31,,,0,70,,59004,31,,,0,30,,59003,31,,,0,70,,59018,31,,,0,29,,59012,31,,,0,70,,59011,31,,,0,30,,59010,31,,,0,70,,59009,31,,,0,30,,59008,31,,,0,65,,59007,31,,,0
1029,'1910',611,,59026,31,,,0,28,,59038,31,,,0,70,,59045,31,,,0,30,,59033,31,,,0,70,,59054,31,,,0,30,,59042,31,,,0,72,,59025,31,,,0,29,,59037,31,,,0,70,,59048,31,,,0,30,,59032,31,,,0,70,,59055,31,,,0,30,,59041,31,,,0,70,,59024,31,,,0,30,,59036,31,,,0,70,,59047,31,,,0,30,,59031,31,,,0,70,,59027,31,,,0,30,,59040,31,,,0,70,,59023,31,,,0,30,,59035,31,,,0,70,,59043,31,,,0,30,,59030,31,,,0,70,,59052,31,,,0,30,,59039,31,,,0,69,,59022,31,,,0,31,,59034,31,,,0,70,,59046,31,,,0,30,,59028,31,,,0,70,,59050,31,,,0,30,,59049,31,,,0,70,,59021,31,,,0,30,,59029,31,,,0,70,,59044,31,,,0,30,,59053,31,,,0,69,,59051,31,,,0
1029,'1912',612,,59056,31,,,0,98,,59057,31,,,0,100,,59058,31,,,0,101,,59059,31,,,0,101,,59060,31,,,0,100,,59061,31,,,0,100,,59062,31,,,0,100,,59063,31,,,0,100,,59064,31,,,0,100,,59065,31,,,0,99,,59066,31,,,0,100,,59067,31,,,0,100,,59068,31,,,0,100,,59069,31,,,0,100,,59070,31,,,0,100,,59071,31,,,0,97,,59072,31,,,0,100,,59073,31,,,0
1029,'1924',612,,59074,31,,,0,98,,59075,31,,,0,100,,59076,31,,,0,101,,59077,31,,,0,101,,59078,31,,,0,100,,59079,31,,,0,100,,59080,31,,,0,100,,59081,31,,,0,100,,59082,31,,,0,100,,59083,31,,,0,99,,59084,31,,,0,100,,59085,31,,,0,100,,59086,31,,,0,100,,59087,31,,,0,100,,59088,31,,,0,100,,59089,31,,,0,97,,59090,31,,,0,100,,59091,31,,,0
1029,'1925',612,,59092,31,,,0,98,,59093,31,,,0,100,,59094,31,,,0,101,,59095,31,,,0,101,,59096,31,,,0,100,,59097,31,,,0,100,,59098,31,,,0,100,,59099,31,,,0,100,,59100,31,,,0,100,,59101,31,,,0,99,,59102,31,,,0,100,,59103,31,,,0,100,,59104,31,,,0,100,,59105,31,,,0,100,,59106,31,,,0,100,,59107,31,,,0,97,,59108,31,,,0,100,,59109,31,,,0
31019,'1907',604,,60562,11,,,0,50,,60545,23,,,0,100,,60546,23,,,0,101,,60547,23,,,0,100,,60548,23,,,0,100,,60549,23,,,0,101,,60550,23,,,0,100,,60551,23,,,0,100,,60552,23,,,0,100,,60553,23,,,0,100,,60554,23,,,0,100,,60555,23,,,0,100,,60556,23,,,0,100,,60557,23,,,0,99,,60558,23,,,0,100,,60559,23,,,0,100,,60560,23,,,0,99,,60561,23,,,0
31019,'1909',604,,60596,11,,,0,26,,60591,11,,,0,25,,60564,23,,,0,73,,60577,23,,,0,30,,60589,23,,,0,70,,60573,23,,,0,30,,60570,23,,,0,69,,60584,23,,,0,30,,60567,23,,,0,70,,60578,23,,,0,30,,60588,23,,,0,70,,60576,23,,,0,30,,60571,23,,,0,70,,60583,23,,,0,30,,60566,23,,,0,70,,60579,23,,,0,30,,60587,23,,,0,70,,60574,23,,,0,30,,55867,23,,,0,73,,60582,23,,,0,70,,55865,23,,,0,30,,60580,23,,,0,29,,55886,23,,,0,67,,60575,23,,,0,29,,60569,23,,,0,70,,60581,23,,,0,30,,60565,23,,,0,70,,60597,23,,,0,30,,60586,23,,,0,100,,60572,23,,,0,100,,60568,23,,,0,100,,60585,23,,,0
31019,'1910',604,,60633,11,,,0,26,,60626,11,,,0,24,,60603,23,,,0,70,,60619,23,,,0,30,,60632,23,,,0,70,,60615,23,,,0,30,,60609,23,,,0,71,,60625,23,,,0,30,,60602,23,,,0,70,,60618,23,,,0,30,,60627,23,,,0,70,,60614,23,,,0,30,,60608,23,,,0,72,,60624,23,,,0,30,,60601,23,,,0,70,,60617,23,,,0,30,,60630,23,,,0,70,,60613,23,,,0,30,,60607,23,,,0,70,,60623,23,,,0,30,,60600,23,,,0,70,,60616,23,,,0,30,,60629,23,,,0,70,,60612,23,,,0,29,,60606,23,,,0,70,,60622,23,,,0,30,,60599,23,,,0,69,,60634,23,,,0,30,,60628,23,,,0,100,,60605,23,,,0,100,,60598,23,,,0,100,,60631,23,,,0
31019,'1912',604,,60652,11,,,0,50,,60635,23,,,0,100,,60636,23,,,0,101,,60637,23,,,0,100,,60638,23,,,0,100,,60639,23,,,0,101,,60640,23,,,0,100,,60641,23,,,0,100,,60642,23,,,0,100,,60643,23,,,0,100,,60644,23,,,0,100,,60645,23,,,0,100,,60646,23,,,0,100,,60647,23,,,0,99,,60648,23,,,0,100,,60649,23,,,0,100,,60650,23,,,0,99,,60651,23,,,0
31019,'1924',604,,60671,11,,,0,50,,60654,23,,,0,100,,60655,23,,,0,101,,60656,23,,,0,100,,60657,23,,,0,100,,60658,23,,,0,101,,60659,23,,,0,100,,60660,23,,,0,100,,60661,23,,,0,100,,60662,23,,,0,100,,60663,23,,,0,100,,60664,23,,,0,100,,60665,23,,,0,100,,60666,23,,,0,99,,60667,23,,,0,100,,60668,23,,,0,100,,60669,23,,,0,99,,60670,23,,,0
31019,'1925',604,,60690,11,,,0,50,,60673,23,,,0,100,,60674,23,,,0,101,,60675,23,,,0,100,,60676,23,,,0,100,,60677,23,,,0,101,,60678,23,,,0,100,,60679,23,,,0,100,,60680,23,,,0,100,,60681,23,,,0,100,,60682,23,,,0,100,,60683,23,,,0,100,,60684,23,,,0,100,,60685,23,,,0,99,,60686,23,,,0,100,,60687,23,,,0,100,,60688,23,,,0,99,,60689,23,,,0
