22029,'1907',811,,55732,11,,,0,100,,55733,11,,,0,100,,55734,11,,,0,100,,55735,11,,,0,100,,55736,11,,,0,100,,55737,11,,,0,100,,55738,11,,,0,100,,55739,11,,,0,100,,55740,11,,,0,100,,55741,11,,,0
22029,'1909',922,,60514,11,,,0,27,,55754,11,,,0,70,,55759,11,,,0,30,,60515,11,,,0,70,,55760,11,,,0,30,,55756,11,,,0,70,,55747,11,,,0,30,,55757,11,,,0,70,,55758,11,,,0,31,,55761,11,,,0,70,,55762,11,,,0,30,,60516,11,,,0,70,,55764,11,,,0,32,,60517,11,,,0,70,,60518,11,,,0,30,,60519,11,,,0,67,,60520,11,,,0,30,,60521,11,,,0,70,,60522,11,,,0,28,,60523,11,,,0,70,,60524,11,,,0,30,,60525,11,,,0,64,,55774,11,,,0,30,,60526,11,,,0,70,,60527,11,,,0
22029,'1910',840,,55780,11,,,0,70,,55781,11,,,0,30,,55782,11,,,0,71,,55783,11,,,0,30,,55784,11,,,0,70,,55785,11,,,0,30,,55786,11,,,0,70,,55787,11,,,0,31,,55788,11,,,0,70,,55789,11,,,0,31,,55790,11,,,0,69,,55791,11,,,0,31,,55792,11,,,0,70,,55793,11,,,0,30,,55794,11,,,0,70,,55795,11,,,0,29,,55796,11,,,0,69,,55797,11,,,0
22029,'1912',811,,55827,11,,,0,100,,55828,11,,,0,100,,55829,11,,,0,100,,55830,11,,,0,100,,55831,11,,,0,100,,55832,11,,,0,100,,55833,11,,,0,100,,55834,11,,,0,100,,55835,11,,,0,100,,55836,11,,,0
22029,'1924',811,,55812,11,,,0,100,,55813,11,,,0,100,,55814,11,,,0,100,,55815,11,,,0,100,,55816,11,,,0,100,,55817,11,,,0,100,,55818,11,,,0,100,,55819,11,,,0,100,,55820,11,,,0,100,,55821,11,,,0
22029,'1925',811,,60530,11,,,0,100,,60531,11,,,0,100,,60532,11,,,0,100,,60533,11,,,0,100,,60534,11,,,0,100,,60535,11,,,0,100,,60536,11,,,0,100,,60537,11,,,0,100,,60538,11,,,0,100,,60539,11,,,0
802019,'1907',838,,58586,7,,,0,70,,58584,7,,,0,30,,58585,7,,,0,70,,58589,7,,,0,30,,58575,7,,,0,70,,58581,7,,,0,30,,58580,7,,,0,71,,58565,7,,,0,30,,58579,7,,,0,70,,58573,7,,,0,30,,58574,7,,,0,70,,58591,7,,,0,30,,58587,7,,,0,70,,58577,7,,,0,30,,58572,7,,,0,70,,58588,7,,,0,30,,58578,7,,,0,70,,58566,7,,,0,30,,58567,7,,,0,70,,58582,7,,,0,30,,58576,7,,,0,69,,58571,7,,,0,30,,58569,7,,,0,70,,58583,7,,,0,30,,58570,7,,,0,70,,58568,7,,,0,30,,58590,7,,,0
802019,'1909',612,,61742,7,,,0,45,,58623,7,,,0,70,,58621,7,,,0,20,,58625,7,,,0,60,,58592,7,,,0,30,,58620,7,,,0,71,,58593,7,,,0,28,,61727,7,,,0,70,,58595,7,,,0,30,,58596,7,,,0,70,,61728,7,,,0,30,,61729,7,,,0,70,,58599,7,,,0,30,,58600,7,,,0,70,,61730,7,,,0,30,,58602,7,,,0,70,,58603,7,,,0,33,,61731,7,,,0,70,,61732,7,,,0,20,,58606,7,,,0,20,,61733,7,,,0,60,,58622,7,,,0,20,,58608,7,,,0,20,,58609,7,,,0,60,,61734,7,,,0,20,,61735,7,,,0,19,,61741,7,,,0,60,,61736,7,,,0,20,,61743,7,,,0,20,,58613,7,,,0,60,,61737,7,,,0,30,,61738,7,,,0,69,,58616,7,,,0,25,,61739,7,,,0,70,,61740,7,,,0,30,,58619,7,,,0
802019,'1910',838,,58651,7,,,0,70,,58649,7,,,0,30,,58653,7,,,0,71,,58654,7,,,0,30,,58638,7,,,0,70,,58642,7,,,0,30,,58629,7,,,0,70,,58640,7,,,0,30,,58643,7,,,0,70,,58641,7,,,0,30,,61744,7,,,0,70,,58645,7,,,0,30,,58639,7,,,0,70,,58637,7,,,0,30,,58633,7,,,0,70,,58635,7,,,0,30,,58630,7,,,0,70,,58636,7,,,0,30,,58634,7,,,0,70,,58631,7,,,0,30,,58632,7,,,0,69,,58644,7,,,0,30,,58648,7,,,0,70,,61746,7,,,0,30,,58650,7,,,0,70,,58646,7,,,0,30,,61745,7,,,0
802019,'1912',838,,58703,7,,,0,70,,58701,7,,,0,30,,58702,7,,,0,70,,58706,7,,,0,30,,58692,7,,,0,70,,58698,7,,,0,30,,58697,7,,,0,71,,58682,7,,,0,30,,58696,7,,,0,70,,58690,7,,,0,30,,58691,7,,,0,70,,58708,7,,,0,30,,58704,7,,,0,70,,58694,7,,,0,30,,58689,7,,,0,70,,58705,7,,,0,30,,58695,7,,,0,70,,58683,7,,,0,30,,58684,7,,,0,70,,58699,7,,,0,30,,58693,7,,,0,69,,58688,7,,,0,30,,58686,7,,,0,70,,58700,7,,,0,30,,58687,7,,,0,70,,58685,7,,,0,30,,58707,7,,,0
802019,'1924',838,,58676,7,,,0,70,,58674,7,,,0,30,,58675,7,,,0,70,,58679,7,,,0,30,,58665,7,,,0,70,,58671,7,,,0,30,,58670,7,,,0,71,,58655,7,,,0,30,,58669,7,,,0,70,,58663,7,,,0,30,,58664,7,,,0,70,,58681,7,,,0,30,,58677,7,,,0,70,,58667,7,,,0,30,,58662,7,,,0,70,,58678,7,,,0,30,,58668,7,,,0,70,,58656,7,,,0,30,,58657,7,,,0,70,,58672,7,,,0,30,,58666,7,,,0,69,,58661,7,,,0,30,,58659,7,,,0,70,,58673,7,,,0,30,,58660,7,,,0,70,,58658,7,,,0,30,,58680,7,,,0
802019,'1925',838,,61768,7,,,0,70,,61766,7,,,0,30,,61767,7,,,0,70,,61771,7,,,0,30,,61757,7,,,0,70,,61763,7,,,0,30,,61762,7,,,0,71,,61747,7,,,0,30,,61761,7,,,0,70,,61755,7,,,0,30,,61756,7,,,0,70,,61773,7,,,0,30,,61769,7,,,0,70,,61759,7,,,0,30,,61754,7,,,0,70,,61770,7,,,0,30,,61760,7,,,0,70,,61748,7,,,0,30,,61749,7,,,0,70,,61764,7,,,0,30,,61758,7,,,0,69,,61753,7,,,0,30,,61751,7,,,0,70,,61765,7,,,0,30,,61752,7,,,0,70,,61750,7,,,0,30,,61772,7,,,0
