4029,'1907',721,,53738,5,,,0,30,,53740,5,,,0,70,,53736,5,,,0,30,,53739,5,,,0,70,,53737,5,,,0,30,,53729,5,,,0,69,,53732,5,,,0,30,,59535,5,,,0,70,,53722,5,,,0,30,,53725,5,,,0,68,,53728,5,,,0,30,,53730,5,,,0,70,,53718,5,,,0,30,,53721,5,,,0,70,,53724,5,,,0,30,,53727,5,,,0,70,,53731,5,,,0,30,,53719,5,,,0,70,,53720,5,,,0,30,,53723,5,,,0,70,,53726,5,,,0,30,,53744,5,,,0,70,,53743,5,,,0,34,,53745,5,,,0,70,,53742,5,,,0,30,,53735,5,,,0,70,,53741,5,,,0,30,,53733,5,,,0,100,,53734,5,,,0
4029,'1909',621,,59536,5,,,0,30,,59537,5,,,0,72,,53748,5,,,0,24,,59538,5,,,0,76,,53750,5,,,0,24,,53751,5,,,0,71,,59539,5,,,0,30,,59540,5,,,0,70,,59541,5,,,0,30,,53755,5,,,0,70,,53756,5,,,0,30,,53757,5,,,0,70,,53758,5,,,0,30,,53759,5,,,0,70,,53760,5,,,0,30,,59542,5,,,0,70,,53762,5,,,0,35,,59543,5,,,0,65,,53764,5,,,0,36,,53765,5,,,0,64,,53766,5,,,0,36,,53767,5,,,0,64,,53768,5,,,0,36,,53769,5,,,0,67,,53770,5,,,0,29,,59544,5,,,0,70,,59545,5,,,0,30,,59546,5,,,0,71,,53774,5,,,0,30,,59547,5,,,0,70,,53776,5,,,0,30,,53777,5,,,0
4029,'1910',623,,53802,5,,,0,28,,53803,5,,,0,70,,53804,5,,,0,30,,59572,5,,,0,70,,59573,5,,,0,30,,53807,5,,,0,70,,59574,5,,,0,30,,59565,5,,,0,67,,59559,5,,,0,30,,59552,5,,,0,70,,59563,5,,,0,30,,59569,5,,,0,70,,59564,5,,,0,30,,59551,5,,,0,70,,59556,5,,,0,30,,59567,5,,,0,70,,59550,5,,,0,30,,59566,5,,,0,70,,59561,5,,,0,30,,59553,5,,,0,70,,59548,5,,,0,30,,59568,5,,,0,70,,59571,5,,,0,30,,59562,5,,,0,70,,59557,5,,,0,30,,59575,5,,,0,72,,59554,5,,,0,30,,59549,5,,,0,72,,59555,5,,,0,30,,59560,5,,,0,70,,59570,5,,,0,30,,59558,5,,,0
4029,'1912',721,,53860,5,,,0,30,,53862,5,,,0,70,,53858,5,,,0,30,,53861,5,,,0,70,,53859,5,,,0,30,,53851,5,,,0,69,,53854,5,,,0,30,,59576,5,,,0,70,,53844,5,,,0,30,,53847,5,,,0,68,,53850,5,,,0,30,,53852,5,,,0,70,,53840,5,,,0,30,,53843,5,,,0,70,,53846,5,,,0,30,,53849,5,,,0,70,,53853,5,,,0,30,,53841,5,,,0,70,,53842,5,,,0,30,,53845,5,,,0,70,,53848,5,,,0,30,,53866,5,,,0,70,,53865,5,,,0,34,,53867,5,,,0,70,,53864,5,,,0,30,,53857,5,,,0,70,,53863,5,,,0,30,,53855,5,,,0,100,,53856,5,,,0
4029,'1924',721,,53831,5,,,0,30,,53833,5,,,0,70,,53829,5,,,0,30,,53832,5,,,0,70,,53830,5,,,0,30,,53822,5,,,0,69,,53825,5,,,0,30,,59577,5,,,0,70,,53815,5,,,0,30,,53818,5,,,0,68,,53821,5,,,0,30,,53823,5,,,0,70,,53811,5,,,0,30,,53814,5,,,0,70,,53817,5,,,0,30,,53820,5,,,0,70,,53824,5,,,0,30,,53812,5,,,0,70,,53813,5,,,0,30,,53816,5,,,0,70,,53819,5,,,0,30,,53837,5,,,0,70,,53836,5,,,0,34,,53838,5,,,0,70,,53835,5,,,0,30,,53828,5,,,0,70,,53834,5,,,0,30,,53826,5,,,0,100,,53827,5,,,0
4029,'1925',721,,59599,5,,,0,30,,59601,5,,,0,70,,59597,5,,,0,30,,59600,5,,,0,70,,59598,5,,,0,30,,59590,5,,,0,69,,59593,5,,,0,30,,59578,5,,,0,70,,59583,5,,,0,30,,59586,5,,,0,68,,59589,5,,,0,30,,59591,5,,,0,70,,59579,5,,,0,30,,59582,5,,,0,70,,59585,5,,,0,30,,59588,5,,,0,70,,59592,5,,,0,30,,59580,5,,,0,70,,59581,5,,,0,30,,59584,5,,,0,70,,59587,5,,,0,30,,59605,5,,,0,70,,59604,5,,,0,34,,59606,5,,,0,70,,59603,5,,,0,30,,59596,5,,,0,70,,59602,5,,,0,30,,59594,5,,,0,100,,59595,5,,,0
7029,'1907',636,,59851,5,0,13 33,0,70,,59835,5,,,0,100,,59836,5,,,0,30,,54305,5,0,13 33,0,70,,59837,5,,,0,30,,54298,5,0,13 33,0,70,,59838,5,,,0,30,,54293,5,0,13 33,0,70,,59839,5,,,0,30,,54302,5,0,13 33,0,71,,59840,5,,,0,30,,54292,5,0,13 33,0,70,,59841,5,,,0,30,,54301,5,0,13 33,0,70,,59842,5,,,0,30,,54291,5,0,13 33,0,70,,59843,5,,,0,30,,54297,5,0,13 33,0,70,,59844,5,,,0,30,,59850,5,0,13 33,0,70,,59845,5,,,0,30,,54299,5,0,13 33,0,69,,59846,5,,,0,30,,54289,5,0,13 33,0,70,,59847,5,,,0,30,,54300,5,0,13 33,0,70,,59848,5,,,0,30,,54294,5,0,13 33,0,70,,59834,5,,,0,30,,54295,5,0,13 33,0,70,,54306,5,0,13 33,0,30,,54304,5,0,13 33,0,70,,54303,5,0,13 33,0,28,,59849,5,0,13 33,0
7029,'1909',506,,54343,5,,,0,35,,59868,5,0,13 33,0,65,,54313,5,,,0,30,,59856,5,,,0,71,,54315,5,,,0,30,,59857,5,,,0,70,,54317,5,,,0,30,,59858,5,,,0,70,,54319,5,,,0,30,,54320,5,,,0,70,,54321,5,,,0,30,,54322,5,,,0,70,,54323,5,,,0,30,,59859,5,,,0,70,,59854,5,,,0,30,,59855,5,,,0,70,,54311,5,,,0,30,,59853,5,,,0,70,,59852,5,,,0,30,,54312,5,,,0,70,,54325,5,,,0,30,,59860,5,,,0,70,,59861,5,,,0,30,,54328,5,,,0,70,,54329,5,,,0,30,,54330,5,,,0,70,,59862,5,,,0,30,,59863,5,,,0,70,,54333,5,,,0,30,,54334,5,,,0,70,,59864,5,,,0,29,,59867,5,0,13 33,0,70,,54336,5,,,0,30,,54338,5,0,13 33,0,70,,59865,5,,,0,30,,54340,5,0,13 33,0,70,,54344,5,,,0,29,,59866,5,0,13 33,0
7029,'1910',637,,59869,5,,,0,70,,54359,5,,,0,30,,54346,5,,,0,69,,54360,5,,,0,30,,54347,5,,,0,70,,59870,5,,,0,30,,54348,5,,,0,71,,54362,5,,,0,30,,54349,5,,,0,70,,54363,5,,,0,30,,54350,5,,,0,70,,59871,5,,,0,30,,54351,5,,,0,70,,59872,5,,,0,30,,54352,5,,,0,70,,54366,5,,,0,30,,54353,5,,,0,70,,54367,5,,,0,30,,54354,5,,,0,70,,54368,5,,,0,30,,54355,5,,,0,70,,54369,5,,,0,30,,54356,5,,,0,70,,54370,5,,,0,30,,54357,5,,,0,69,,59873,5,,,0,30,,54358,5,,,0,70,,54372,5,,,0,30,,54380,5,0,13 33,0,70,,54373,5,,,0,30,,54379,5,0,13 33,0,70,,59874,5,,,0,30,,54378,5,0,13 33,0,70,,54375,5,,,0,29,,59876,5,0,13 33,0
7029,'1912',636,,59894,5,0,13 33,0,70,,59878,5,,,0,100,,59879,5,,,0,30,,54447,5,0,13 33,0,70,,59880,5,,,0,30,,54440,5,0,13 33,0,70,,59881,5,,,0,30,,54435,5,0,13 33,0,70,,59882,5,,,0,30,,54444,5,0,13 33,0,71,,59883,5,,,0,30,,54434,5,0,13 33,0,70,,59884,5,,,0,30,,54443,5,0,13 33,0,70,,59885,5,,,0,30,,54433,5,0,13 33,0,70,,59886,5,,,0,30,,54439,5,0,13 33,0,70,,59887,5,,,0,30,,59893,5,0,13 33,0,70,,59888,5,,,0,30,,54441,5,0,13 33,0,69,,59889,5,,,0,30,,54431,5,0,13 33,0,70,,59890,5,,,0,30,,54442,5,0,13 33,0,70,,59891,5,,,0,30,,54436,5,0,13 33,0,70,,59877,5,,,0,30,,54437,5,0,13 33,0,70,,54448,5,0,13 33,0,30,,54446,5,0,13 33,0,70,,54445,5,0,13 33,0,28,,59892,5,0,13 33,0
7029,'1924',636,,59912,5,0,13 33,0,70,,59896,5,,,0,100,,59897,5,,,0,30,,54413,5,0,13 33,0,70,,59898,5,,,0,30,,54406,5,0,13 33,0,70,,59899,5,,,0,30,,54401,5,0,13 33,0,70,,59900,5,,,0,30,,54410,5,0,13 33,0,71,,59901,5,,,0,30,,54400,5,0,13 33,0,70,,59902,5,,,0,30,,54409,5,0,13 33,0,70,,59903,5,,,0,30,,54399,5,0,13 33,0,70,,59904,5,,,0,30,,54405,5,0,13 33,0,70,,59905,5,,,0,30,,59911,5,0,13 33,0,70,,59906,5,,,0,30,,54407,5,0,13 33,0,69,,59907,5,,,0,30,,54397,5,0,13 33,0,70,,59908,5,,,0,30,,54408,5,0,13 33,0,70,,59909,5,,,0,30,,54402,5,0,13 33,0,70,,59895,5,,,0,30,,54403,5,0,13 33,0,70,,54414,5,0,13 33,0,30,,54412,5,0,13 33,0,70,,54411,5,0,13 33,0,28,,59910,5,0,13 33,0
7029,'1925',636,,59936,5,0,13 33,0,70,,59914,5,,,0,100,,59915,5,,,0,30,,59945,5,0,13 33,0,70,,59916,5,,,0,30,,59938,5,0,13 33,0,70,,59917,5,,,0,30,,59933,5,0,13 33,0,70,,59918,5,,,0,30,,59942,5,0,13 33,0,71,,59919,5,,,0,30,,59932,5,0,13 33,0,70,,59920,5,,,0,30,,59941,5,0,13 33,0,70,,59921,5,,,0,30,,59931,5,0,13 33,0,70,,59922,5,,,0,30,,59937,5,0,13 33,0,70,,59923,5,,,0,30,,59930,5,0,13 33,0,70,,59924,5,,,0,30,,59939,5,0,13 33,0,69,,59925,5,,,0,30,,59929,5,0,13 33,0,70,,59926,5,,,0,30,,59940,5,0,13 33,0,70,,59927,5,,,0,30,,59934,5,0,13 33,0,70,,59913,5,,,0,30,,59935,5,0,13 33,0,70,,59946,5,0,13 33,0,30,,59944,5,0,13 33,0,70,,59943,5,0,13 33,0,28,,59928,5,0,13 33,0
501019,'1907',609,,56185,4,,,0,30,,56199,4,,,0,67,,56184,4,,,0,30,,56198,4,,,0,70,,56187,4,,,0,30,,56200,4,,,0,70,,56188,4,,,0,30,,56197,4,,,0,70,,56176,4,,,0,30,,56189,4,,,0,71,,56175,4,,,0,30,,56190,4,,,0,70,,56178,4,,,0,30,,56191,4,,,0,70,,56174,4,,,0,30,,56196,4,,,0,70,,56173,4,,,0,30,,56195,4,,,0,70,,56172,4,,,0,30,,56192,4,,,0,70,,56171,4,,,0,30,,56194,4,,,0,70,,56177,4,,,0,30,,56193,4,,,0,70,,56186,4,,,0,30,,56201,4,,,0,70,,56183,4,,,0,30,,60909,4,,,0,69,,56182,4,,,0,30,,60904,4,,,0,70,,56181,4,,,0,30,,60907,4,,,0,70,,60906,4,,,0,30,,60908,4,,,0,70,,60905,4,,,0
501019,'1909',606,,56206,4,,,0,30,,56207,4,,,0,75,,56208,4,,,0,24,,56209,4,,,0,24,,60910,4,,,0,52,,56211,4,,,0,24,,56212,4,,,0,22,,60911,4,,,0,51,,60912,4,,,0,30,,56215,4,,,0,70,,56216,4,,,0,30,,56217,4,,,0,70,,56218,4,,,0,30,,56219,4,,,0,70,,56220,4,,,0,30,,60913,4,,,0,70,,56222,4,,,0,30,,56223,4,,,0,70,,56224,4,,,0,26,,56225,4,,,0,12,,56226,4,,,0,62,,56227,4,,,0,24,,56228,4,,,0,12,,56229,4,,,0,64,,56230,4,,,0,24,,60914,4,,,0,12,,56232,4,,,0,64,,60915,4,,,0,23,,56234,4,,,0,12,,60916,4,,,0,66,,60917,4,,,0,28,,56237,4,,,0,70,,56238,4,,,0,30,,60918,4,,,0,70,,56240,4,,,0,30,,56241,4,,,0,69,,56242,4,,,0,30,,56243,4,,,0,70,,56244,4,,,0,30,,56245,4,,,0,70,,60919,4,,,0
501019,'1910',609,,56256,4,,,0,30,,60925,4,,,0,67,,56255,4,,,0,30,,56258,4,,,0,70,,56254,4,,,0,30,,56260,4,,,0,70,,60924,4,,,0,30,,56257,4,,,0,71,,60929,4,,,0,31,,60939,4,,,0,70,,60930,4,,,0,30,,60940,4,,,0,70,,60931,4,,,0,30,,60941,4,,,0,70,,60932,4,,,0,30,,60942,4,,,0,70,,60933,4,,,0,30,,60943,4,,,0,70,,60934,4,,,0,30,,60944,4,,,0,70,,60935,4,,,0,30,,60937,4,,,0,70,,60936,4,,,0,30,,60938,4,,,0,70,,60923,4,,,0,29,,60928,4,,,0,69,,56251,4,,,0,30,,60926,4,,,0,70,,56250,4,,,0,30,,60927,4,,,0,70,,60922,4,,,0,30,,56261,4,,,0,70,,60921,4,,,0,30,,56262,4,,,0,70,,60920,4,,,0
501019,'1912',609,,56332,4,,,0,30,,56346,4,,,0,67,,56331,4,,,0,30,,56345,4,,,0,70,,56334,4,,,0,30,,56347,4,,,0,70,,56335,4,,,0,30,,56344,4,,,0,70,,56323,4,,,0,30,,56336,4,,,0,71,,56322,4,,,0,30,,56337,4,,,0,70,,56325,4,,,0,30,,56338,4,,,0,70,,56321,4,,,0,30,,56343,4,,,0,70,,56320,4,,,0,30,,56342,4,,,0,70,,56319,4,,,0,30,,56339,4,,,0,70,,56318,4,,,0,30,,56341,4,,,0,70,,56324,4,,,0,30,,56340,4,,,0,70,,56333,4,,,0,30,,56348,4,,,0,70,,56330,4,,,0,30,,60950,4,,,0,69,,56329,4,,,0,30,,60945,4,,,0,70,,56328,4,,,0,30,,60948,4,,,0,70,,60947,4,,,0,30,,60949,4,,,0,70,,60946,4,,,0
501019,'1924',609,,56297,4,,,0,30,,56311,4,,,0,67,,56296,4,,,0,30,,56310,4,,,0,70,,56299,4,,,0,30,,56312,4,,,0,70,,56300,4,,,0,30,,56309,4,,,0,70,,56288,4,,,0,30,,56301,4,,,0,71,,56287,4,,,0,30,,56302,4,,,0,70,,56290,4,,,0,30,,56303,4,,,0,70,,56286,4,,,0,30,,56308,4,,,0,70,,56285,4,,,0,30,,56307,4,,,0,70,,56284,4,,,0,30,,56304,4,,,0,70,,56283,4,,,0,30,,56306,4,,,0,70,,56289,4,,,0,30,,56305,4,,,0,70,,56298,4,,,0,30,,56313,4,,,0,70,,56295,4,,,0,30,,60956,4,,,0,69,,56294,4,,,0,30,,60951,4,,,0,70,,56293,4,,,0,30,,60954,4,,,0,70,,60953,4,,,0,30,,60955,4,,,0,70,,60952,4,,,0
501019,'1925',609,,60972,4,,,0,30,,60986,4,,,0,67,,60971,4,,,0,30,,60985,4,,,0,70,,60974,4,,,0,30,,60987,4,,,0,70,,60975,4,,,0,30,,60984,4,,,0,70,,60963,4,,,0,30,,60976,4,,,0,71,,60962,4,,,0,30,,60977,4,,,0,70,,60965,4,,,0,30,,60978,4,,,0,70,,60961,4,,,0,30,,60983,4,,,0,70,,60960,4,,,0,30,,60982,4,,,0,70,,60959,4,,,0,30,,60979,4,,,0,70,,60958,4,,,0,30,,60981,4,,,0,70,,60964,4,,,0,30,,60980,4,,,0,70,,60973,4,,,0,30,,60988,4,,,0,70,,60970,4,,,0,30,,60991,4,,,0,69,,60969,4,,,0,30,,60957,4,,,0,70,,60968,4,,,0,30,,60989,4,,,0,70,,60967,4,,,0,30,,60990,4,,,0,70,,60966,4,,,0
14000001019,'1907',2358,,61782,7,,,0,70,,61781,7,,,0,30,,61780,7,,,0,70,,61783,7,,,0,30,,61784,7,,,0
14000001019,'1909',2358,,61788,7,,,0,70,,61785,7,,,0,30,,61786,7,,,0,70,,61787,7,,,0,30,,61789,7,,,0
14000001019,'1910',2358,,61793,7,,,0,70,,61790,7,,,0,30,,61792,7,,,0,70,,61791,7,,,0,30,,61794,7,,,0
14000001019,'1912',2358,,61797,7,,,0,70,,61796,7,,,0,30,,61795,7,,,0,70,,61798,7,,,0,30,,61799,7,,,0
14000001019,'1924',2358,,61802,7,,,0,70,,61801,7,,,0,30,,61800,7,,,0,70,,61803,7,,,0,30,,61804,7,,,0
14000001019,'1925',2358,,61807,7,,,0,70,,61806,7,,,0,30,,61805,7,,,0,70,,61808,7,,,0,30,,61809,7,,,0
