1019,'1907',628,,53000,34,,,0,100,,53001,34,,,0,101,,53002,34,,,0,100,,53003,34,,,0,100,,53004,34,,,0,101,,53005,34,,,0,100,,53006,34,,,0,100,,53007,34,,,0,100,,53008,34,,,0,100,,53009,34,,,0,100,,53010,34,,,0,100,,53011,34,,,0,100,,53012,34,,,0,99,,53013,34,,,0,100,,53014,34,,,0,100,,53015,34,,,0,102,,53016,34,,,0,95,,53017,34,,,0
1019,'1909',558,,53053,34,,,0,75,,53049,34,,,0,70,,53025,34,,,0,33,,53020,34,,,0,70,,53038,34,,,0,30,,53022,34,,,0,71,,53027,34,,,0,32,,53052,34,,,0,70,,53024,34,,,0,30,,53018,34,,,0,70,,53037,34,,,0,30,,53023,34,,,0,70,,53028,34,,,0,30,,53048,34,,,0,70,,53026,34,,,0,30,,53019,34,,,0,70,,53050,34,,,0,31,,53021,34,,,0,70,,53029,34,,,0,30,,53047,34,,,0,70,,53040,34,,,0,30,,53032,34,,,0,70,,53030,34,,,0,28,,53033,34,,,0,68,,53035,34,,,0,30,,53034,34,,,0,70,,53031,34,,,0,25,,53051,34,,,0,70,,53045,34,,,0,28,,53046,34,,,0,30,,53044,34,,,0,70,,53043,34,,,0,30,,53042,34,,,0,70,,53041,34,,,0,30,,53039,34,,,0,70,,53036,34,,,0
1019,'1910',559,,53089,34,,,0,70,,53078,34,,,0,30,,53064,34,,,0,70,,53083,34,,,0,30,,53073,34,,,0,70,,53058,34,,,0,30,,53079,34,,,0,70,,53081,34,,,0,30,,53063,34,,,0,71,,53084,34,,,0,70,,53072,34,,,0,30,,53057,34,,,0,70,,53067,34,,,0,30,,53077,34,,,0,70,,53062,34,,,0,30,,53085,34,,,0,70,,53071,34,,,0,30,,53056,34,,,0,70,,53066,34,,,0,30,,53076,34,,,0,70,,53061,34,,,0,30,,53086,34,,,0,70,,53070,34,,,0,30,,53055,34,,,0,70,,53065,34,,,0,30,,53075,34,,,0,70,,53059,34,,,0,29,,53087,34,,,0,30,,53068,34,,,0,70,,53054,34,,,0,30,,53060,34,,,0,70,,53074,34,,,0,74,,53069,34,,,0,30,,53088,34,,,0,70,,53082,34,,,0,25,,53080,34,,,0
1019,'1911',628,,53090,34,,,0,100,,53091,34,,,0,101,,53092,34,,,0,100,,53093,34,,,0,100,,53094,34,,,0,101,,53095,34,,,0,100,,53096,34,,,0,100,,53097,34,,,0,100,,53098,34,,,0,100,,53099,34,,,0,100,,53100,34,,,0,100,,53101,34,,,0,100,,53102,34,,,0,99,,53103,34,,,0,100,,53104,34,,,0,100,,53105,34,,,0,102,,53106,34,,,0,95,,53107,34,,,0
1019,'1912',628,,53108,34,,,0,100,,53109,34,,,0,101,,53110,34,,,0,100,,53111,34,,,0,100,,53112,34,,,0,101,,53113,34,,,0,100,,53114,34,,,0,100,,53115,34,,,0,100,,53116,34,,,0,100,,53117,34,,,0,100,,53118,34,,,0,100,,53119,34,,,0,100,,53120,34,,,0,99,,53121,34,,,0,100,,53122,34,,,0,100,,53123,34,,,0,102,,53124,34,,,0,95,,53125,34,,,0
22029,'1907',714,,55746,13,0,19 2 34 21,0,99,,55732,15,,,0,100,,55733,15,,,0,100,,55734,15,,,0,100,,55735,15,,,0,100,,55736,15,,,0,101,,55737,15,,,0,100,,55738,15,,,0,100,,55739,15,,,0,100,,55740,15,,,0,99,,55741,15,,,0,100,,55745,13,0,19 2 34 21,0,100,,55742,13,0,19 2 34 21,0,99,,55743,13,0,19 2 34 21,0,100,,55744,13,0,19 2 34 21,0
22029,'1909',648,,55748,13,0,19 2 34 21,0,73,,55749,13,0,19 2 34 21,0,30,,55750,13,0,19 2 34 21,0,73,,55751,13,0,19 2 34 21,0,30,,55752,13,0,19 2 34 21,0,71,,55753,15,,,0,27,,55754,15,,,0,70,,55759,15,,,0,30,,55755,15,,,0,70,,55760,15,,,0,30,,55756,15,,,0,70,,55747,15,,,0,30,,55757,15,,,0,70,,55758,15,,,0,31,,55761,15,,,0,70,,55762,15,,,0,30,,55763,15,,,0,70,,55764,15,,,0,32,,55765,15,,,0,70,,55766,15,,,0,30,,55767,15,,,0,67,,55768,15,,,0,30,,55769,15,,,0,70,,55770,15,,,0,28,,55771,15,,,0,70,,55772,15,,,0,30,,55773,15,,,0,64,,55774,15,,,0,30,,55775,15,,,0,70,,55776,15,,,0,28,,55777,13,0,19 2 34 21,0,172,,55779,13,0,19 2 34 21,0,36,,55778,13,0,19 2 34 21,0
22029,'1910',616,,55811,13,0,19 2 34 21,0,30,,55810,13,0,19 2 34 21,0,65,,55803,13,0,19 2 34 21,0,30,,55798,13,0,19 2 34 21,0,70,,55804,13,0,19 2 34 21,0,31,,55780,15,,,0,70,,55781,15,,,0,30,,55782,15,,,0,71,,55783,15,,,0,30,,55784,15,,,0,70,,55785,15,,,0,30,,55786,15,,,0,70,,55787,15,,,0,31,,55788,15,,,0,70,,55789,15,,,0,31,,55790,15,,,0,69,,55791,15,,,0,31,,55792,15,,,0,70,,55793,15,,,0,30,,55794,15,,,0,70,,55795,15,,,0,29,,55796,15,,,0,69,,55797,15,,,0,30,,55799,13,0,19 2 34 21,0,69,,55805,13,0,19 2 34 21,0,30,,55800,13,0,19 2 34 21,0,70,,55806,13,0,19 2 34 21,0,30,,55801,13,0,19 2 34 21,0,70,,55807,13,0,19 2 34 21,0,30,,55802,13,0,19 2 34 21,0,67,,55808,13,0,19 2 34 21,0,33,,55809,13,0,19 2 34 21,0
22029,'1911',714,,55826,13,0,19 2 34 21,0,99,,55812,15,,,0,100,,55813,15,,,0,100,,55814,15,,,0,100,,55815,15,,,0,100,,55816,15,,,0,101,,55817,15,,,0,100,,55818,15,,,0,100,,55819,15,,,0,100,,55820,15,,,0,99,,55821,15,,,0,100,,55825,13,0,19 2 34 21,0,100,,55822,13,0,19 2 34 21,0,99,,55823,13,0,19 2 34 21,0,100,,55824,13,0,19 2 34 21,0
22029,'1912',714,,55841,13,0,19 2 34 21,0,99,,55827,15,,,0,100,,55828,15,,,0,100,,55829,15,,,0,100,,55830,15,,,0,100,,55831,15,,,0,101,,55832,15,,,0,100,,55833,15,,,0,100,,55834,15,,,0,100,,55835,15,,,0,99,,55836,15,,,0,100,,55840,13,0,19 2 34 21,0,100,,55837,13,0,19 2 34 21,0,99,,55838,13,0,19 2 34 21,0,100,,55839,13,0,19 2 34 21,0
