16029,'1907',733,,55384,14,,,0,103,,55373,14,,,0,95,,55371,14,,,0,105,,55379,14,,,0,98,,55382,14,,,0,100,,55378,14,,,0,101,,55380,14,,,0,100,,55370,14,,,0,100,,55372,14,,,0,99,,55375,14,,,0,99,,55374,14,,,0,101,,55381,14,,,0,100,,55376,14,,,0,103,,55377,14,,,0,97,,55383,14,,,0
16029,'1909',605,,55417,14,,,0,30,,55385,14,,,0,73,,55386,14,,,0,37,,55387,14,,,0,70,,55388,14,,,0,33,,55389,14,,,0,70,,55390,14,,,0,29,,55391,14,,,0,67,,55392,14,,,0,30,,55393,14,,,0,70,,55394,14,,,0,30,,55395,14,,,0,70,,55396,14,,,0,30,,55397,14,,,0,70,,55398,14,,,0,30,,55399,14,,,0,71,,55400,14,,,0,32,,55401,14,,,0,71,,55402,14,,,0,29,,55403,14,,,0,72,,55404,14,,,0,30,,55405,14,,,0,69,,55406,14,,,0,28,,55407,14,,,0,69,,55408,14,,,0,30,,55416,14,,,0,67,,55409,14,,,0,30,,55410,14,,,0,70,,55411,14,,,0,23,,55412,14,,,0,70,,55413,14,,,0,30,,55414,14,,,0,69,,55415,14,,,0
16029,'1910',607,,55449,14,,,0,27,,55448,14,,,0,70,,55432,14,,,0,30,,55418,14,,,0,70,,55425,14,,,0,30,,55439,14,,,0,70,,55433,14,,,0,30,,55419,14,,,0,70,,55426,14,,,0,30,,55440,14,,,0,70,,55434,14,,,0,30,,55420,14,,,0,70,,55427,14,,,0,30,,55441,14,,,0,72,,55435,14,,,0,30,,55421,14,,,0,70,,55428,14,,,0,30,,55442,14,,,0,70,,55436,14,,,0,30,,55422,14,,,0,70,,55429,14,,,0,30,,55443,14,,,0,69,,55437,14,,,0,30,,55423,14,,,0,70,,55430,14,,,0,30,,55444,14,,,0,69,,55438,14,,,0,30,,55424,14,,,0,70,,55431,14,,,0,30,,55445,14,,,0,100,,55446,14,,,0,70,,55447,14,,,0
16029,'1911',733,,55464,14,,,0,103,,55453,14,,,0,95,,55451,14,,,0,105,,55459,14,,,0,98,,55462,14,,,0,100,,55458,14,,,0,101,,55460,14,,,0,100,,55450,14,,,0,100,,55452,14,,,0,99,,55455,14,,,0,99,,55454,14,,,0,101,,55461,14,,,0,100,,55456,14,,,0,103,,55457,14,,,0,97,,55463,14,,,0
16029,'1912',733,,55479,14,,,0,103,,55468,14,,,0,95,,55466,14,,,0,105,,55474,14,,,0,98,,55477,14,,,0,100,,55473,14,,,0,101,,55475,14,,,0,100,,55465,14,,,0,100,,55467,14,,,0,99,,55470,14,,,0,99,,55469,14,,,0,101,,55476,14,,,0,100,,55471,14,,,0,103,,55472,14,,,0,97,,55478,14,,,0
14000001019,'1907',2406,,58765,14,,,0,30,,58764,14,,,0,70,,58763,14,,,0,30,,58766,14,,,0,70,,58767,14,,,0
14000001019,'1909',2406,,58771,14,,,0,30,,58768,14,,,0,70,,58769,14,,,0,30,,58770,14,,,0,70,,58772,14,,,0
14000001019,'1910',2406,,58776,14,,,0,30,,58773,14,,,0,70,,58775,14,,,0,30,,58774,14,,,0,70,,58777,14,,,0
14000001019,'1911',2406,,58780,14,,,0,30,,58779,14,,,0,70,,58778,14,,,0,30,,58781,14,,,0,70,,58782,14,,,0
14000001019,'1912',2406,,58785,14,,,0,30,,58784,14,,,0,70,,58783,14,,,0,30,,58786,14,,,0,70,,58787,14,,,0
