2029,'1907',616,,53401,15,,,0,30,,53409,15,,,0,68,,53420,15,,,0,28,,53415,15,,,0,70,,53402,15,,,0,30,,53410,15,,,0,70,,53421,15,,,0,30,,53416,15,,,0,70,,53403,15,,,0,30,,53411,15,,,0,70,,53422,15,,,0,30,,53417,15,,,0,70,,53404,15,,,0,30,,53412,15,,,0,70,,53423,15,,,0,30,,53418,15,,,0,70,,53405,15,,,0,30,,53413,15,,,0,70,,53424,15,,,0,30,,53419,15,,,0,70,,53406,15,,,0,30,,53414,15,,,0,70,,53425,15,,,0,28,,53429,15,0,5 2 13 14,0,72,,53407,15,,,0,28,,53428,15,0,5 2 13 14,0,71,,53426,15,,,0,100,,53408,15,,,0,101,,53427,15,,,0,100,,53400,15,,,0,93,,53430,15,0,5 2 13 14,0,101,,53431,15,0,5 2 13 14,0
2029,'1909',543,,53433,15,,,0,70,,53434,15,,,0,26,,53435,15,,,0,70,,53436,15,,,0,30,,53437,15,,,0,70,,53438,15,,,0,30,,53439,15,,,0,72,,53440,15,,,0,31,,53441,15,,,0,71,,53464,15,,,0,30,,53460,15,,,0,70,,53466,15,,,0,30,,53462,15,,,0,70,,53463,15,,,0,30,,53459,15,,,0,70,,53465,15,,,0,30,,53461,15,,,0,70,,53467,15,,,0,31,,53442,15,,,0,74,,53443,15,,,0,30,,53444,15,,,0,70,,53445,15,,,0,30,,53446,15,,,0,70,,53447,15,,,0,27,,53448,15,,,0,67,,53449,15,,,0,30,,53453,15,,,0,70,,53454,15,,,0,29,,53457,15,0,5 2 13 14,0,71,,53455,15,,,0,97,,53456,15,,,0,100,,53452,15,,,0,99,,53451,15,0,5 2 13 14,0,98,,53458,15,0,5 2 13 14,0
2029,'1910',546,,53499,15,0,5 2 15 16 17,0,70,,53482,15,,,0,30,,53489,15,,,0,66,,53468,15,,,0,30,,53474,15,,,0,70,,53483,15,,,0,30,,53490,15,,,0,70,,53469,15,,,0,30,,53475,15,,,0,70,,53484,15,,,0,30,,53491,15,,,0,70,,53470,15,,,0,30,,53476,15,,,0,70,,53485,15,,,0,30,,53492,15,,,0,70,,53471,15,,,0,30,,53477,15,,,0,70,,53486,15,,,0,30,,53493,15,,,0,70,,53472,15,,,0,30,,53478,15,,,0,70,,53487,15,,,0,30,,53494,15,,,0,70,,53473,15,,,0,30,,53479,15,,,0,70,,53488,15,,,0,30,,53495,15,,,0,69,,53480,15,,,0,29,,53501,15,0,5 2 13 14,0,71,,53496,15,,,0,100,,53481,15,,,0,100,,53497,15,,,0,96,,53498,15,0,5 2 13 14,0,98,,53500,15,0,5 2 13 14,0
2029,'1911',616,,53503,15,,,0,30,,53511,15,,,0,68,,53522,15,,,0,28,,53517,15,,,0,70,,53504,15,,,0,30,,53512,15,,,0,70,,53523,15,,,0,30,,53518,15,,,0,70,,53505,15,,,0,30,,53513,15,,,0,70,,53524,15,,,0,30,,53519,15,,,0,70,,53506,15,,,0,30,,53514,15,,,0,70,,53525,15,,,0,30,,53520,15,,,0,70,,53507,15,,,0,30,,53515,15,,,0,70,,53526,15,,,0,30,,53521,15,,,0,70,,53508,15,,,0,30,,53516,15,,,0,70,,53527,15,,,0,28,,53531,15,0,5 2 13 14,0,72,,53509,15,,,0,28,,53530,15,0,5 2 13 14,0,71,,53528,15,,,0,100,,53510,15,,,0,101,,53529,15,,,0,100,,53502,15,,,0,93,,53532,15,0,5 2 13 14,0,101,,53533,15,0,5 2 13 14,0
2029,'1912',616,,53536,15,,,0,30,,53544,15,,,0,68,,53555,15,,,0,28,,53550,15,,,0,70,,53537,15,,,0,30,,53545,15,,,0,70,,53556,15,,,0,30,,53551,15,,,0,70,,53538,15,,,0,30,,53546,15,,,0,70,,53557,15,,,0,30,,53552,15,,,0,70,,53539,15,,,0,30,,53547,15,,,0,70,,53558,15,,,0,30,,53553,15,,,0,70,,53540,15,,,0,30,,53548,15,,,0,70,,53559,15,,,0,30,,53554,15,,,0,70,,53541,15,,,0,30,,53549,15,,,0,70,,53560,15,,,0,28,,53564,15,0,5 2 13 14,0,72,,53542,15,,,0,28,,53563,15,0,5 2 13 14,0,71,,53561,15,,,0,100,,53543,15,,,0,101,,53562,15,,,0,100,,53535,15,,,0,93,,53565,15,0,5 2 13 14,0,101,,53566,15,0,5 2 13 14,0
14000001019,'1907',2434,,58765,46,,,0,70,,58764,46,,,0,30,,58763,46,,,0,70,,58766,46,,,0,30,,58767,46,,,0
14000001019,'1909',2434,,58771,46,,,0,70,,58768,46,,,0,30,,58769,46,,,0,70,,58770,46,,,0,30,,58772,46,,,0
14000001019,'1910',2434,,58776,46,,,0,70,,58773,46,,,0,30,,58775,46,,,0,70,,58774,46,,,0,30,,58777,46,,,0
14000001019,'1911',2434,,58780,46,,,0,70,,58779,46,,,0,30,,58778,46,,,0,70,,58781,46,,,0,30,,58782,46,,,0
14000001019,'1912',2434,,58785,46,,,0,70,,58784,46,,,0,30,,58783,46,,,0,70,,58786,46,,,0,30,,58787,46,,,0
