1029,'1907',603,,58968,18,,,0,98,,58969,18,,,0,100,,58970,18,,,0,100,,58971,18,,,0,101,,58972,18,,,0,100,,58973,18,,,0,100,,58974,18,,,0,100,,58975,18,,,0,100,,58976,18,,,0,100,,58977,18,,,0,100,,58978,18,,,0,100,,58979,18,,,0,100,,58980,18,,,0,100,,58981,18,,,0,100,,58982,18,,,0,100,,58983,18,,,0,100,,58984,18,,,0,99,,58985,18,,,0
1029,'1909',601,,58995,18,,,0,35,,58996,18,,,0,66,,59016,18,,,0,30,,58992,18,,,0,70,,58987,18,,,0,30,,59020,18,,,0,73,,58990,18,,,0,30,,58997,18,,,0,70,,59015,18,,,0,30,,58994,18,,,0,70,,58986,18,,,0,30,,59019,18,,,0,70,,58991,18,,,0,30,,58998,18,,,0,70,,59014,18,,,0,30,,58993,18,,,0,70,,58988,18,,,0,30,,59017,18,,,0,71,,58989,18,,,0,30,,58999,18,,,0,70,,59013,18,,,0,30,,59002,18,,,0,70,,59001,18,,,0,29,,59000,18,,,0,67,,59006,18,,,0,30,,59005,18,,,0,70,,59004,18,,,0,30,,59003,18,,,0,70,,59018,18,,,0,29,,59012,18,,,0,70,,59011,18,,,0,30,,59010,18,,,0,70,,59009,18,,,0,30,,59008,18,,,0,25,,59007,18,,,0
1029,'1910',603,,59026,18,,,0,28,,59038,18,,,0,70,,59045,18,,,0,30,,59033,18,,,0,70,,59054,18,,,0,30,,59042,18,,,0,70,,59025,18,,,0,29,,59037,18,,,0,70,,59048,18,,,0,30,,59032,18,,,0,70,,59055,18,,,0,30,,59041,18,,,0,70,,59024,18,,,0,30,,59036,18,,,0,70,,59047,18,,,0,30,,59031,18,,,0,70,,59027,18,,,0,30,,59040,18,,,0,70,,59023,18,,,0,30,,59035,18,,,0,70,,59043,18,,,0,30,,59030,18,,,0,70,,59052,18,,,0,30,,59039,18,,,0,70,,59022,18,,,0,31,,59034,18,,,0,70,,59046,18,,,0,30,,59028,18,,,0,70,,59050,18,,,0,30,,59049,18,,,0,70,,59021,18,,,0,30,,59029,18,,,0,70,,59044,18,,,0,30,,59053,18,,,0,70,,59051,18,,,0
1029,'1912',603,,59056,18,,,0,98,,59057,18,,,0,100,,59058,18,,,0,100,,59059,18,,,0,101,,59060,18,,,0,100,,59061,18,,,0,100,,59062,18,,,0,100,,59063,18,,,0,100,,59064,18,,,0,100,,59065,18,,,0,100,,59066,18,,,0,100,,59067,18,,,0,100,,59068,18,,,0,100,,59069,18,,,0,100,,59070,18,,,0,100,,59071,18,,,0,100,,59072,18,,,0,99,,59073,18,,,0
1029,'1924',603,,59074,18,,,0,98,,59075,18,,,0,100,,59076,18,,,0,100,,59077,18,,,0,101,,59078,18,,,0,100,,59079,18,,,0,100,,59080,18,,,0,100,,59081,18,,,0,100,,59082,18,,,0,100,,59083,18,,,0,100,,59084,18,,,0,100,,59085,18,,,0,100,,59086,18,,,0,100,,59087,18,,,0,100,,59088,18,,,0,100,,59089,18,,,0,100,,59090,18,,,0,99,,59091,18,,,0
1029,'1925',603,,59092,18,,,0,98,,59093,18,,,0,100,,59094,18,,,0,100,,59095,18,,,0,101,,59096,18,,,0,100,,59097,18,,,0,100,,59098,18,,,0,100,,59099,18,,,0,100,,59100,18,,,0,100,,59101,18,,,0,100,,59102,18,,,0,100,,59103,18,,,0,100,,59104,18,,,0,100,,59105,18,,,0,100,,59106,18,,,0,100,,59107,18,,,0,100,,59108,18,,,0,99,,59109,18,,,0
22019,'1907',648,,55639,4,0,19 2 36 26,0,100,,55638,4,0,19 2 36 26,0,100,,55632,4,,,0,92,,55633,4,,,0,100,,55626,4,,,0,100,,55631,4,,,0,100,,55627,4,,,0,100,,55628,4,,,0,100,,55625,4,,,0,100,,55629,4,,,0,100,,55630,4,,,0,101,,55634,4,0,19 2 36 26,0,100,,55635,4,0,19 2 36 26,0,100,,55636,4,0,19 2 36 26,0,108,,55637,4,0,19 2 36 26,0
22019,'1909',554,,60496,4,0,19 2 36 26,0,92,,55640,4,0,19 2 36 26,0,70,,55641,4,0,19 2 36 26,0,33,,60479,4,,,0,70,,60480,4,,,0,32,,60481,4,,,0,70,,55645,4,,,0,30,,55646,4,,,0,70,,60482,4,,,0,30,,55648,4,,,0,70,,55649,4,,,0,30,,55650,4,,,0,70,,55651,4,,,0,30,,55652,4,,,0,70,,55653,4,,,0,30,,55654,4,,,0,70,,60483,4,,,0,31,,60484,4,,,0,69,,60485,4,,,0,29,,60495,4,,,0,70,,60486,4,,,0,30,,60487,4,,,0,68,,60488,4,,,0,29,,60489,4,,,0,69,,60490,4,,,0,30,,60491,4,,,0,70,,60492,4,,,0,30,,55665,4,,,0,69,,60493,4,,,0,30,,60494,4,,,0,70,,55668,4,0,19 2 36 26,0
22019,'1910',620,,55701,4,0,19 2 36 26,0,23,,55694,4,0,19 2 36 26,0,70,,55690,4,0,19 2 36 26,0,30,,55695,4,0,19 2 36 26,0,70,,55691,4,0,19 2 36 26,0,30,,55671,4,,,0,72,,55672,4,,,0,30,,55673,4,,,0,70,,55674,4,,,0,30,,55675,4,,,0,70,,55676,4,,,0,30,,55677,4,,,0,70,,55678,4,,,0,31,,55679,4,,,0,70,,55680,4,,,0,30,,55681,4,,,0,70,,55682,4,,,0,31,,55683,4,,,0,70,,55684,4,,,0,30,,55685,4,,,0,70,,55686,4,,,0,29,,55687,4,,,0,70,,55688,4,,,0,30,,55696,4,0,19 2 36 26,0,70,,55692,4,0,19 2 36 26,0,30,,55697,4,0,19 2 36 26,0,68,,55689,4,0,19 2 36 26,0,30,,55698,4,0,19 2 36 26,0,69,,55693,4,0,19 2 36 26,0,30,,55699,4,0,19 2 36 26,0,70,,55700,4,0,19 2 36 26,0
22019,'1912',648,,55731,4,0,19 2 36 26,0,100,,55730,4,0,19 2 36 26,0,100,,55724,4,,,0,92,,55725,4,,,0,100,,55718,4,,,0,100,,55723,4,,,0,100,,55719,4,,,0,100,,55720,4,,,0,100,,55717,4,,,0,100,,55721,4,,,0,100,,55722,4,,,0,101,,55726,4,0,19 2 36 26,0,100,,55727,4,0,19 2 36 26,0,100,,55728,4,0,19 2 36 26,0,108,,55729,4,0,19 2 36 26,0
22019,'1924',648,,55716,4,0,19 2 36 26,0,100,,55715,4,0,19 2 36 26,0,100,,55709,4,,,0,92,,55710,4,,,0,100,,55703,4,,,0,100,,55708,4,,,0,100,,55704,4,,,0,100,,55705,4,,,0,100,,55702,4,,,0,100,,55706,4,,,0,100,,55707,4,,,0,101,,55711,4,0,19 2 36 26,0,100,,55712,4,0,19 2 36 26,0,100,,55713,4,0,19 2 36 26,0,108,,55714,4,0,19 2 36 26,0
22019,'1925',648,,60511,4,0,19 2 36 26,0,100,,60510,4,0,19 2 36 26,0,100,,60504,4,,,0,92,,60505,4,,,0,100,,60498,4,,,0,100,,60503,4,,,0,100,,60499,4,,,0,100,,60500,4,,,0,100,,60497,4,,,0,100,,60501,4,,,0,100,,60502,4,,,0,101,,60506,4,0,19 2 36 26,0,100,,60507,4,0,19 2 36 26,0,100,,60508,4,0,19 2 36 26,0,108,,60509,4,0,19 2 36 26,0
