4029,'1907',720,,53738,4,,,0,30,,53740,4,,,0,70,,53736,4,,,0,30,,53739,4,,,0,70,,53737,4,,,0,30,,53729,4,,,0,69,,53732,4,,,0,30,,53717,4,,,0,70,,53722,4,,,0,30,,53725,4,,,0,68,,53728,4,,,0,30,,53730,4,,,0,70,,53718,4,,,0,30,,53721,4,,,0,70,,53724,4,,,0,30,,53727,4,,,0,70,,53731,4,,,0,30,,53719,4,,,0,70,,53720,4,,,0,30,,53723,4,,,0,70,,53726,4,,,0,30,,53744,4,,,0,70,,53743,4,,,0,34,,53745,4,,,0,70,,53742,4,,,0,30,,53735,4,,,0,70,,53741,4,,,0,30,,53733,4,,,0,100,,53734,4,,,0
4029,'1909',620,,53746,4,,,0,30,,53747,4,,,0,72,,53748,4,,,0,24,,53749,4,,,0,76,,53750,4,,,0,24,,53751,4,,,0,71,,53752,4,,,0,30,,53753,4,,,0,70,,53754,4,,,0,30,,53755,4,,,0,70,,53756,4,,,0,30,,53757,4,,,0,70,,53758,4,,,0,30,,53759,4,,,0,70,,53760,4,,,0,30,,53761,4,,,0,70,,53762,4,,,0,35,,53763,4,,,0,65,,53764,4,,,0,36,,53765,4,,,0,64,,53766,4,,,0,36,,53767,4,,,0,64,,53768,4,,,0,36,,53769,4,,,0,67,,53770,4,,,0,29,,53771,4,,,0,70,,53772,4,,,0,30,,53773,4,,,0,71,,53774,4,,,0,30,,53775,4,,,0,70,,53776,4,,,0,30,,53777,4,,,0
4029,'1910',622,,53802,4,,,0,28,,53803,4,,,0,70,,53804,4,,,0,30,,53805,4,,,0,70,,53806,4,,,0,30,,53807,4,,,0,70,,53808,4,,,0,30,,53795,4,,,0,67,,53789,4,,,0,30,,53782,4,,,0,70,,53793,4,,,0,30,,53799,4,,,0,70,,53794,4,,,0,30,,53781,4,,,0,70,,53786,4,,,0,30,,53797,4,,,0,70,,53780,4,,,0,30,,53796,4,,,0,70,,53791,4,,,0,30,,53783,4,,,0,70,,53778,4,,,0,30,,53798,4,,,0,70,,53801,4,,,0,30,,53792,4,,,0,70,,53787,4,,,0,30,,53809,4,,,0,72,,53784,4,,,0,30,,53779,4,,,0,72,,53785,4,,,0,30,,53790,4,,,0,70,,53800,4,,,0,30,,53788,4,,,0
4029,'1911',720,,53831,4,,,0,30,,53833,4,,,0,70,,53829,4,,,0,30,,53832,4,,,0,70,,53830,4,,,0,30,,53822,4,,,0,69,,53825,4,,,0,30,,53810,4,,,0,70,,53815,4,,,0,30,,53818,4,,,0,68,,53821,4,,,0,30,,53823,4,,,0,70,,53811,4,,,0,30,,53814,4,,,0,70,,53817,4,,,0,30,,53820,4,,,0,70,,53824,4,,,0,30,,53812,4,,,0,70,,53813,4,,,0,30,,53816,4,,,0,70,,53819,4,,,0,30,,53837,4,,,0,70,,53836,4,,,0,34,,53838,4,,,0,70,,53835,4,,,0,30,,53828,4,,,0,70,,53834,4,,,0,30,,53826,4,,,0,100,,53827,4,,,0
4029,'1912',720,,53860,4,,,0,30,,53862,4,,,0,70,,53858,4,,,0,30,,53861,4,,,0,70,,53859,4,,,0,30,,53851,4,,,0,69,,53854,4,,,0,30,,53839,4,,,0,70,,53844,4,,,0,30,,53847,4,,,0,68,,53850,4,,,0,30,,53852,4,,,0,70,,53840,4,,,0,30,,53843,4,,,0,70,,53846,4,,,0,30,,53849,4,,,0,70,,53853,4,,,0,30,,53841,4,,,0,70,,53842,4,,,0,30,,53845,4,,,0,70,,53848,4,,,0,30,,53866,4,,,0,70,,53865,4,,,0,34,,53867,4,,,0,70,,53864,4,,,0,30,,53857,4,,,0,70,,53863,4,,,0,30,,53855,4,,,0,100,,53856,4,,,0
7029,'1907',635,,54296,4,0,13 33,0,70,,54274,4,,,0,100,,54275,4,,,0,30,,54305,4,0,13 33,0,70,,54276,4,,,0,30,,54298,4,0,13 33,0,70,,54277,4,,,0,30,,54293,4,0,13 33,0,70,,54278,4,,,0,30,,54302,4,0,13 33,0,71,,54279,4,,,0,30,,54292,4,0,13 33,0,70,,54280,4,,,0,30,,54301,4,0,13 33,0,70,,54281,4,,,0,30,,54291,4,0,13 33,0,70,,54282,4,,,0,30,,54297,4,0,13 33,0,70,,54283,4,,,0,30,,54290,4,0,13 33,0,70,,54284,4,,,0,30,,54299,4,0,13 33,0,69,,54285,4,,,0,30,,54289,4,0,13 33,0,70,,54286,4,,,0,30,,54300,4,0,13 33,0,70,,54287,4,,,0,30,,54294,4,0,13 33,0,70,,54273,4,,,0,30,,54295,4,0,13 33,0,70,,54306,4,0,13 33,0,30,,54304,4,0,13 33,0,70,,54303,4,0,13 33,0,29,,54288,4,0,13 33,0
7029,'1909',505,,54343,4,,,0,35,,54342,4,0,13 33,0,65,,54313,4,,,0,30,,54314,4,,,0,71,,54315,4,,,0,30,,54316,4,,,0,70,,54317,4,,,0,30,,54318,4,,,0,70,,54319,4,,,0,30,,54320,4,,,0,70,,54321,4,,,0,30,,54322,4,,,0,70,,54323,4,,,0,30,,54324,4,,,0,70,,54309,4,,,0,30,,54310,4,,,0,70,,54311,4,,,0,30,,54308,4,,,0,70,,54307,4,,,0,30,,54312,4,,,0,70,,54325,4,,,0,30,,54326,4,,,0,70,,54327,4,,,0,30,,54328,4,,,0,70,,54329,4,,,0,30,,54330,4,,,0,70,,54331,4,,,0,30,,54332,4,,,0,70,,54333,4,,,0,30,,54334,4,,,0,70,,54335,4,,,0,29,,54341,4,0,13 33,0,70,,54336,4,,,0,30,,54338,4,0,13 33,0,70,,54337,4,,,0,30,,54340,4,0,13 33,0,70,,54344,4,,,0,29,,54339,4,0,13 33,0
7029,'1910',636,,54345,4,,,0,70,,54359,4,,,0,30,,54346,4,,,0,69,,54360,4,,,0,30,,54347,4,,,0,70,,54361,4,,,0,30,,54348,4,,,0,71,,54362,4,,,0,30,,54349,4,,,0,70,,54363,4,,,0,30,,54350,4,,,0,70,,54364,4,,,0,30,,54351,4,,,0,70,,54365,4,,,0,30,,54352,4,,,0,70,,54366,4,,,0,30,,54353,4,,,0,70,,54367,4,,,0,30,,54354,4,,,0,70,,54368,4,,,0,30,,54355,4,,,0,70,,54369,4,,,0,30,,54356,4,,,0,70,,54370,4,,,0,30,,54357,4,,,0,69,,54371,4,,,0,30,,54358,4,,,0,70,,54372,4,,,0,30,,54380,4,0,13 33,0,70,,54373,4,,,0,30,,54379,4,0,13 33,0,70,,54374,4,,,0,30,,54378,4,0,13 33,0,70,,54375,4,,,0,29,,54377,4,0,13 33,0
7029,'1911',635,,54404,4,0,13 33,0,70,,54382,4,,,0,100,,54383,4,,,0,30,,54413,4,0,13 33,0,70,,54384,4,,,0,30,,54406,4,0,13 33,0,70,,54385,4,,,0,30,,54401,4,0,13 33,0,70,,54386,4,,,0,30,,54410,4,0,13 33,0,71,,54387,4,,,0,30,,54400,4,0,13 33,0,70,,54388,4,,,0,30,,54409,4,0,13 33,0,70,,54389,4,,,0,30,,54399,4,0,13 33,0,70,,54390,4,,,0,30,,54405,4,0,13 33,0,70,,54391,4,,,0,30,,54398,4,0,13 33,0,70,,54392,4,,,0,30,,54407,4,0,13 33,0,69,,54393,4,,,0,30,,54397,4,0,13 33,0,70,,54394,4,,,0,30,,54408,4,0,13 33,0,70,,54395,4,,,0,30,,54402,4,0,13 33,0,70,,54381,4,,,0,30,,54403,4,0,13 33,0,70,,54414,4,0,13 33,0,30,,54412,4,0,13 33,0,70,,54411,4,0,13 33,0,29,,54396,4,0,13 33,0
7029,'1912',635,,54438,4,0,13 33,0,70,,54416,4,,,0,100,,54417,4,,,0,30,,54447,4,0,13 33,0,70,,54418,4,,,0,30,,54440,4,0,13 33,0,70,,54419,4,,,0,30,,54435,4,0,13 33,0,70,,54420,4,,,0,30,,54444,4,0,13 33,0,71,,54421,4,,,0,30,,54434,4,0,13 33,0,70,,54422,4,,,0,30,,54443,4,0,13 33,0,70,,54423,4,,,0,30,,54433,4,0,13 33,0,70,,54424,4,,,0,30,,54439,4,0,13 33,0,70,,54425,4,,,0,30,,54432,4,0,13 33,0,70,,54426,4,,,0,30,,54441,4,0,13 33,0,69,,54427,4,,,0,30,,54431,4,0,13 33,0,70,,54428,4,,,0,30,,54442,4,0,13 33,0,70,,54429,4,,,0,30,,54436,4,0,13 33,0,70,,54415,4,,,0,30,,54437,4,0,13 33,0,70,,54448,4,0,13 33,0,30,,54446,4,0,13 33,0,70,,54445,4,0,13 33,0,29,,54430,4,0,13 33,0
13019,'1907',804,,54917,11,,,0,100,,54904,11,,,0,100,,54905,11,,,0,101,,54906,11,,,0,101,,54907,11,,,0,101,,54908,11,,,0,100,,54909,11,,,0,100,,54910,11,,,0,100,,54911,11,,,0,98,,54912,11,,,0,99,,54913,11,,,0,100,,54914,11,,,0,100,,54915,11,,,0,100,,54916,11,,,0,100,,54903,11,,,0
13019,'1909',616,,54918,11,,,0,30,,54919,11,,,0,69,,54920,11,,,0,30,,54921,11,,,0,96,,54922,11,,,0,101,,54923,11,,,0,100,,54924,11,,,0,100,,54925,11,,,0,100,,54926,11,,,0,100,,54927,11,,,0,70,,54928,11,,,0,32,,54929,11,,,0,70,,54930,11,,,0,30,,54941,11,,,0,70,,54931,11,,,0,30,,54938,11,,,0,70,,54932,11,,,0,28,,54939,11,,,0,100,,54940,11,,,0,100,,54937,11,,,0,99,,54936,11,,,0,98,,54935,11,,,0,100,,54934,11,,,0
13019,'1910',704,,54942,11,,,0,100,,54943,11,,,0,100,,54944,11,,,0,100,,54945,11,,,0,104,,54946,11,,,0,100,,54947,11,,,0,100,,54948,11,,,0,100,,54949,11,,,0,100,,54950,11,,,0,100,,54951,11,,,0,99,,54952,11,,,0,99,,54953,11,,,0,99,,54954,11,,,0,99,,54955,11,,,0,100,,54956,11,,,0,200,,54957,11,,,0
13019,'1911',804,,54972,11,,,0,100,,54959,11,,,0,100,,54960,11,,,0,101,,54961,11,,,0,101,,54962,11,,,0,101,,54963,11,,,0,100,,54964,11,,,0,100,,54965,11,,,0,100,,54966,11,,,0,98,,54967,11,,,0,99,,54968,11,,,0,100,,54969,11,,,0,100,,54970,11,,,0,100,,54971,11,,,0,100,,54958,11,,,0
13019,'1912',804,,54987,11,,,0,100,,54974,11,,,0,100,,54975,11,,,0,101,,54976,11,,,0,101,,54977,11,,,0,101,,54978,11,,,0,100,,54979,11,,,0,100,,54980,11,,,0,100,,54981,11,,,0,98,,54982,11,,,0,99,,54983,11,,,0,100,,54984,11,,,0,100,,54985,11,,,0,100,,54986,11,,,0,100,,54973,11,,,0
501019,'1907',608,,56185,3,,,0,30,,56199,3,,,0,67,,56184,3,,,0,30,,56198,3,,,0,70,,56187,3,,,0,30,,56200,3,,,0,70,,56188,3,,,0,30,,56197,3,,,0,70,,56176,3,,,0,30,,56189,3,,,0,71,,56175,3,,,0,30,,56190,3,,,0,70,,56178,3,,,0,30,,56191,3,,,0,70,,56174,3,,,0,30,,56196,3,,,0,70,,56173,3,,,0,30,,56195,3,,,0,70,,56172,3,,,0,30,,56192,3,,,0,70,,56171,3,,,0,30,,56194,3,,,0,70,,56177,3,,,0,30,,56193,3,,,0,70,,56186,3,,,0,30,,56201,3,,,0,70,,56183,3,,,0,30,,56204,3,,,0,69,,56182,3,,,0,30,,56170,3,,,0,70,,56181,3,,,0,30,,56202,3,,,0,70,,56180,3,,,0,30,,56203,3,,,0,70,,56179,3,,,0
501019,'1909',605,,56206,3,,,0,30,,56207,3,,,0,75,,56208,3,,,0,24,,56209,3,,,0,24,,56210,3,,,0,52,,56211,3,,,0,24,,56212,3,,,0,22,,56213,3,,,0,51,,56214,3,,,0,30,,56215,3,,,0,70,,56216,3,,,0,30,,56217,3,,,0,70,,56218,3,,,0,30,,56219,3,,,0,70,,56220,3,,,0,30,,56221,3,,,0,70,,56222,3,,,0,30,,56223,3,,,0,70,,56224,3,,,0,26,,56225,3,,,0,12,,56226,3,,,0,62,,56227,3,,,0,24,,56228,3,,,0,12,,56229,3,,,0,64,,56230,3,,,0,24,,56231,3,,,0,12,,56232,3,,,0,64,,56233,3,,,0,23,,56234,3,,,0,12,,56235,3,,,0,66,,56236,3,,,0,28,,56237,3,,,0,70,,56238,3,,,0,30,,56239,3,,,0,70,,56240,3,,,0,30,,56241,3,,,0,69,,56242,3,,,0,30,,56243,3,,,0,70,,56244,3,,,0,30,,56245,3,,,0,70,,56246,3,,,0
501019,'1910',608,,56256,3,,,0,30,,56259,3,,,0,67,,56255,3,,,0,30,,56258,3,,,0,70,,56254,3,,,0,30,,56260,3,,,0,70,,56253,3,,,0,30,,56257,3,,,0,71,,56266,3,,,0,31,,56276,3,,,0,70,,56267,3,,,0,30,,56277,3,,,0,70,,56268,3,,,0,30,,56278,3,,,0,70,,56269,3,,,0,30,,56279,3,,,0,70,,56270,3,,,0,30,,56280,3,,,0,70,,56271,3,,,0,30,,56281,3,,,0,70,,56272,3,,,0,30,,56274,3,,,0,70,,56273,3,,,0,30,,56275,3,,,0,70,,56252,3,,,0,29,,56265,3,,,0,69,,56251,3,,,0,30,,56263,3,,,0,70,,56250,3,,,0,30,,56264,3,,,0,70,,56249,3,,,0,30,,56261,3,,,0,70,,56248,3,,,0,30,,56262,3,,,0,70,,56247,3,,,0
501019,'1911',608,,56297,3,,,0,30,,56311,3,,,0,67,,56296,3,,,0,30,,56310,3,,,0,70,,56299,3,,,0,30,,56312,3,,,0,70,,56300,3,,,0,30,,56309,3,,,0,70,,56288,3,,,0,30,,56301,3,,,0,71,,56287,3,,,0,30,,56302,3,,,0,70,,56290,3,,,0,30,,56303,3,,,0,70,,56286,3,,,0,30,,56308,3,,,0,70,,56285,3,,,0,30,,56307,3,,,0,70,,56284,3,,,0,30,,56304,3,,,0,70,,56283,3,,,0,30,,56306,3,,,0,70,,56289,3,,,0,30,,56305,3,,,0,70,,56298,3,,,0,30,,56313,3,,,0,70,,56295,3,,,0,30,,56316,3,,,0,69,,56294,3,,,0,30,,56282,3,,,0,70,,56293,3,,,0,30,,56314,3,,,0,70,,56292,3,,,0,30,,56315,3,,,0,70,,56291,3,,,0
501019,'1912',608,,56332,3,,,0,30,,56346,3,,,0,67,,56331,3,,,0,30,,56345,3,,,0,70,,56334,3,,,0,30,,56347,3,,,0,70,,56335,3,,,0,30,,56344,3,,,0,70,,56323,3,,,0,30,,56336,3,,,0,71,,56322,3,,,0,30,,56337,3,,,0,70,,56325,3,,,0,30,,56338,3,,,0,70,,56321,3,,,0,30,,56343,3,,,0,70,,56320,3,,,0,30,,56342,3,,,0,70,,56319,3,,,0,30,,56339,3,,,0,70,,56318,3,,,0,30,,56341,3,,,0,70,,56324,3,,,0,30,,56340,3,,,0,70,,56333,3,,,0,30,,56348,3,,,0,70,,56330,3,,,0,30,,56351,3,,,0,69,,56329,3,,,0,30,,56317,3,,,0,70,,56328,3,,,0,30,,56349,3,,,0,70,,56327,3,,,0,30,,56350,3,,,0,70,,56326,3,,,0
14000001019,'1907',2357,,58765,6,,,0,70,,58764,6,,,0,30,,58763,6,,,0,70,,58766,6,,,0,30,,58767,6,,,0
14000001019,'1909',2357,,58771,6,,,0,70,,58768,6,,,0,30,,58769,6,,,0,70,,58770,6,,,0,30,,58772,6,,,0
14000001019,'1910',2357,,58776,6,,,0,70,,58773,6,,,0,30,,58775,6,,,0,70,,58774,6,,,0,30,,58777,6,,,0
14000001019,'1911',2357,,58780,6,,,0,70,,58779,6,,,0,30,,58778,6,,,0,70,,58781,6,,,0,30,,58782,6,,,0
14000001019,'1912',2357,,58785,6,,,0,70,,58784,6,,,0,30,,58783,6,,,0,70,,58786,6,,,0,30,,58787,6,,,0
