2019,'1907',710,,53277,38,,,0,30,,53254,38,,,0,70,,53258,38,,,0,30,,53270,38,,,0,72,,53265,38,,,0,30,,53255,38,,,0,70,,53259,38,,,0,30,,53271,38,,,0,70,,53266,38,,,0,30,,53256,38,,,0,70,,53260,38,,,0,30,,53272,38,,,0,70,,53267,38,,,0,30,,53257,38,,,0,70,,53261,38,,,0,30,,53273,38,,,0,70,,53268,38,,,0,30,,53252,38,,,0,70,,53262,38,,,0,30,,53274,38,,,0,70,,53269,38,,,0,30,,53250,38,,,0,70,,53263,38,,,0,30,,53275,38,,,0,100,,53251,38,,,0,99,,53276,38,,,0,100,,53253,38,,,0,100,,53264,38,,,0,99,,53278,38,,,0
2019,'1909',505,,53310,29,0,5 2 13 14,0,136,,53279,38,,,0,71,,53280,38,,,0,30,,53281,38,,,0,70,,53282,38,,,0,31,,53283,38,,,0,71,,53284,38,,,0,31,,53301,38,,,0,70,,53302,38,,,0,30,,53303,38,,,0,70,,53304,38,,,0,30,,53305,38,,,0,70,,53306,38,,,0,30,,53307,38,,,0,70,,53308,38,,,0,30,,53309,38,,,0,70,,53299,38,,,0,33,,53300,38,,,0,71,,53285,38,,,0,30,,53286,38,,,0,70,,53287,38,,,0,30,,53288,38,,,0,70,,53289,38,,,0,27,,53290,38,,,0,69,,53291,38,,,0,30,,53292,38,,,0,70,,53298,38,,,0,30,,53293,38,,,0,97,,53294,38,,,0,100,,53295,38,,,0,100,,53296,38,,,0,100,,53297,38,,,0
2019,'1910',640,,53311,29,,,0,70,,53318,38,,,0,30,,53327,38,,,0,70,,53334,38,,,0,30,,53312,38,,,0,70,,53319,38,,,0,30,,53328,38,,,0,72,,53335,38,,,0,31,,53313,38,,,0,70,,53320,38,,,0,30,,53329,38,,,0,70,,53336,38,,,0,30,,53314,38,,,0,70,,53321,38,,,0,30,,53330,38,,,0,70,,53337,38,,,0,30,,53315,38,,,0,70,,53322,38,,,0,30,,53331,38,,,0,70,,53338,38,,,0,30,,53316,38,,,0,70,,53323,38,,,0,30,,53332,38,,,0,70,,53339,38,,,0,30,,53317,38,,,0,70,,53324,38,,,0,30,,53333,38,,,0,98,,53325,38,,,0,100,,53340,38,,,0,100,,53326,38,,,0,100,,53341,38,,,0
2019,'1911',710,,53369,38,,,0,30,,53346,38,,,0,70,,53350,38,,,0,30,,53362,38,,,0,72,,53357,38,,,0,30,,53347,38,,,0,70,,53351,38,,,0,30,,53363,38,,,0,70,,53358,38,,,0,30,,53348,38,,,0,70,,53352,38,,,0,30,,53364,38,,,0,70,,53359,38,,,0,30,,53349,38,,,0,70,,53353,38,,,0,30,,53365,38,,,0,70,,53360,38,,,0,30,,53344,38,,,0,70,,53354,38,,,0,30,,53366,38,,,0,70,,53361,38,,,0,30,,53342,38,,,0,70,,53355,38,,,0,30,,53367,38,,,0,100,,53343,38,,,0,99,,53368,38,,,0,100,,53345,38,,,0,100,,53356,38,,,0,99,,53370,38,,,0
2019,'1912',710,,53398,38,,,0,30,,53375,38,,,0,70,,53379,38,,,0,30,,53391,38,,,0,72,,53386,38,,,0,30,,53376,38,,,0,70,,53380,38,,,0,30,,53392,38,,,0,70,,53387,38,,,0,30,,53377,38,,,0,70,,53381,38,,,0,30,,53393,38,,,0,70,,53388,38,,,0,30,,53378,38,,,0,70,,53382,38,,,0,30,,53394,38,,,0,70,,53389,38,,,0,30,,53373,38,,,0,70,,53383,38,,,0,30,,53395,38,,,0,70,,53390,38,,,0,30,,53371,38,,,0,70,,53384,38,,,0,30,,53396,38,,,0,100,,53372,38,,,0,99,,53397,38,,,0,100,,53374,38,,,0,100,,53385,38,,,0,99,,53399,38,,,0
7019,'1907',743,,54100,18,,,0,71,,54125,3,,,0,30,,54101,18,,,0,73,,54117,3,,,0,27,,54109,18,,,0,73,,54124,3,,,0,28,,54102,18,,,0,72,,54116,3,,,0,28,,54103,18,,,0,72,,54123,3,,,0,28,,54104,18,,,0,73,,54115,3,,,0,27,,54105,18,,,0,73,,54122,3,,,0,28,,54106,18,,,0,73,,54114,3,,,0,27,,54107,18,,,0,73,,54121,3,,,0,26,,54108,18,,,0,73,,54113,3,,,0,27,,54096,18,,,0,72,,54120,3,,,0,27,,54097,18,,,0,72,,54118,3,,,0,27,,54095,18,,,0,72,,54119,3,,,0,28,,54099,18,,,0,72,,54126,3,,,0,28,,54098,18,,,0
7019,'1909',543,,54158,18,,,0,103,,54157,18,,,0,70,,54159,18,,,0,32,,54156,18,,,0,72,,54155,18,,,0,28,,54154,18,,,0,70,,54150,18,,,0,30,,54152,18,,,0,70,,54153,18,,,0,30,,54151,18,,,0,70,,54149,18,,,0,30,,54163,18,,,0,70,,54162,18,,,0,30,,54161,18,,,0,70,,54160,18,,,0,30,,54141,18,,,0,71,,54148,18,,,0,32,,54140,18,,,0,49,,54166,3,,,0,24,,54139,18,,,0,27,,54147,18,,,0,70,,54146,18,,,0,30,,54145,18,,,0,68,,54138,18,,,0,29,,54137,18,,,0,70,,54136,18,,,0,30,,54144,18,,,0,69,,54143,18,,,0,28,,54135,18,,,0,70,,54142,18,,,0,30,,54134,18,,,0,98,,54132,18,,,0,71,,54167,3,,,0,28,,54133,18,,,0,100,,54168,18,,,0
7019,'1910',643,,54181,18,,,0,69,,54174,18,,,0,30,,54182,18,,,0,70,,54175,18,,,0,32,,54183,18,,,0,70,,54176,18,,,0,30,,54184,18,,,0,72,,54177,18,,,0,30,,54185,18,,,0,70,,54178,18,,,0,30,,54186,18,,,0,70,,54179,18,,,0,30,,54187,18,,,0,70,,54180,18,,,0,30,,54188,18,,,0,70,,54193,18,,,0,30,,54189,18,,,0,70,,54195,18,,,0,30,,54190,18,,,0,70,,54194,18,,,0,30,,54191,18,,,0,70,,54196,18,,,0,30,,54192,18,,,0,70,,54199,18,,,0,29,,54169,18,,,0,69,,54197,18,,,0,30,,54170,18,,,0,69,,54198,18,,,0,30,,54171,18,,,0,99,,54172,18,,,0,71,,54202,3,,,0,29,,54173,18,,,0
7019,'1911',743,,54208,18,,,0,71,,54233,3,,,0,30,,54209,18,,,0,73,,54225,3,,,0,27,,54217,18,,,0,73,,54232,3,,,0,28,,54210,18,,,0,72,,54224,3,,,0,28,,54211,18,,,0,72,,54231,3,,,0,28,,54212,18,,,0,73,,54223,3,,,0,27,,54213,18,,,0,73,,54230,3,,,0,28,,54214,18,,,0,73,,54222,3,,,0,27,,54215,18,,,0,73,,54229,3,,,0,26,,54216,18,,,0,73,,54221,3,,,0,27,,54204,18,,,0,72,,54228,3,,,0,27,,54205,18,,,0,72,,54226,3,,,0,27,,54203,18,,,0,72,,54227,3,,,0,28,,54207,18,,,0,72,,54234,3,,,0,28,,54206,18,,,0
7019,'1912',743,,54243,18,,,0,71,,54268,3,,,0,30,,54244,18,,,0,73,,54260,3,,,0,27,,54252,18,,,0,73,,54267,3,,,0,28,,54245,18,,,0,72,,54259,3,,,0,28,,54246,18,,,0,72,,54266,3,,,0,28,,54247,18,,,0,73,,54258,3,,,0,27,,54248,18,,,0,73,,54265,3,,,0,28,,54249,18,,,0,73,,54257,3,,,0,27,,54250,18,,,0,73,,54264,3,,,0,26,,54251,18,,,0,73,,54256,3,,,0,27,,54239,18,,,0,72,,54263,3,,,0,27,,54240,18,,,0,72,,54261,3,,,0,27,,54238,18,,,0,72,,54262,3,,,0,28,,54242,18,,,0,72,,54269,3,,,0,28,,54241,18,,,0
