7019,'1907',739,,59729,16,,,0,71,,54125,1,,,0,30,,59730,16,,,0,73,,54117,1,,,0,27,,59738,16,,,0,73,,54124,1,,,0,28,,59731,16,,,0,72,,54116,1,,,0,28,,59732,16,,,0,72,,54123,1,,,0,28,,59733,16,,,0,73,,54115,1,,,0,27,,59734,16,,,0,73,,54122,1,,,0,28,,59735,16,,,0,73,,54114,1,,,0,27,,59736,16,,,0,73,,54121,1,,,0,26,,59737,16,,,0,73,,54113,1,,,0,27,,59725,16,,,0,72,,54120,1,,,0,27,,59726,16,,,0,72,,54118,1,,,0,27,,59724,16,,,0,72,,54119,1,,,0,28,,59728,16,,,0,72,,54126,1,,,0,28,,59727,16,,,0
7019,'1909',538,,54158,16,,,0,103,,54157,16,,,0,70,,59751,16,,,0,32,,54156,16,,,0,71,,59750,16,,,0,29,,54154,16,,,0,70,,59749,16,,,0,30,,54152,16,,,0,70,,54153,16,,,0,30,,54151,16,,,0,70,,54149,16,,,0,30,,54163,16,,,0,70,,59754,16,,,0,30,,59753,16,,,0,70,,59752,16,,,0,30,,54141,16,,,0,71,,59748,16,,,0,32,,59743,16,,,0,9,,59756,1,,,0,64,,54139,16,,,0,27,,54147,16,,,0,70,,59747,16,,,0,30,,59746,16,,,0,68,,54138,16,,,0,30,,54137,16,,,0,70,,54136,16,,,0,30,,59745,16,,,0,69,,59744,16,,,0,28,,54135,16,,,0,70,,54142,16,,,0,30,,59742,16,,,0,99,,54132,16,,,0,71,,59757,1,,,0,28,,59741,16,,,0,100,,54168,16,,,0
7019,'1910',640,,59761,16,,,0,69,,59760,16,,,0,30,,54182,16,,,0,70,,54175,16,,,0,32,,54183,16,,,0,70,,54176,16,,,0,30,,59762,16,,,0,71,,54177,16,,,0,30,,54185,16,,,0,70,,54178,16,,,0,30,,54186,16,,,0,70,,54179,16,,,0,30,,59763,16,,,0,70,,54180,16,,,0,30,,59764,16,,,0,70,,54193,16,,,0,30,,54189,16,,,0,70,,54195,16,,,0,30,,54190,16,,,0,70,,54194,16,,,0,30,,54191,16,,,0,70,,54196,16,,,0,30,,54192,16,,,0,70,,54199,16,,,0,29,,54169,16,,,0,69,,54197,16,,,0,30,,59758,16,,,0,70,,54198,16,,,0,30,,54171,16,,,0,99,,54172,16,,,0,71,,54202,1,,,0,29,,59759,16,,,0
7019,'1912',739,,59770,16,,,0,71,,54268,1,,,0,30,,59771,16,,,0,73,,54260,1,,,0,27,,59779,16,,,0,73,,54267,1,,,0,28,,59772,16,,,0,72,,54259,1,,,0,28,,59773,16,,,0,72,,54266,1,,,0,28,,59774,16,,,0,73,,54258,1,,,0,27,,59775,16,,,0,73,,54265,1,,,0,28,,59776,16,,,0,73,,54257,1,,,0,27,,59777,16,,,0,73,,54264,1,,,0,26,,59778,16,,,0,73,,54256,1,,,0,27,,59766,16,,,0,72,,54263,1,,,0,27,,59767,16,,,0,72,,54261,1,,,0,27,,59765,16,,,0,72,,54262,1,,,0,28,,59769,16,,,0,72,,54269,1,,,0,28,,59768,16,,,0
7019,'1924',739,,59787,16,,,0,71,,54233,1,,,0,30,,59788,16,,,0,73,,54225,1,,,0,27,,59796,16,,,0,73,,54232,1,,,0,28,,59789,16,,,0,72,,54224,1,,,0,28,,59790,16,,,0,72,,54231,1,,,0,28,,59791,16,,,0,73,,54223,1,,,0,27,,59792,16,,,0,73,,54230,1,,,0,28,,59793,16,,,0,73,,54222,1,,,0,27,,59794,16,,,0,73,,54229,1,,,0,26,,59795,16,,,0,73,,54221,1,,,0,27,,59783,16,,,0,72,,54228,1,,,0,27,,59784,16,,,0,72,,54226,1,,,0,27,,59782,16,,,0,72,,54227,1,,,0,28,,59786,16,,,0,72,,54234,1,,,0,28,,59785,16,,,0
7019,'1925',739,,59804,16,,,0,71,,59829,1,,,0,30,,59805,16,,,0,73,,59821,1,,,0,27,,59813,16,,,0,73,,59828,1,,,0,28,,59806,16,,,0,72,,59820,1,,,0,28,,59807,16,,,0,72,,59827,1,,,0,28,,59808,16,,,0,73,,59819,1,,,0,27,,59809,16,,,0,73,,59826,1,,,0,28,,59810,16,,,0,73,,59818,1,,,0,27,,59811,16,,,0,73,,59825,1,,,0,26,,59812,16,,,0,73,,59817,1,,,0,27,,59800,16,,,0,72,,59824,1,,,0,27,,59801,16,,,0,72,,59822,1,,,0,27,,59799,16,,,0,72,,59823,1,,,0,28,,59803,16,,,0,72,,59830,1,,,0,28,,59802,16,,,0
16019,'1907',810,,55260,23,4,,0,103,,55263,23,4,,0,100,,55273,23,4,,0,100,,55272,23,4,,0,100,,55261,23,4,,0,101,,55264,23,4,,0,100,,55266,23,4,,0,101,,55269,23,4,,0,100,,55268,23,4,,0,99,,55262,23,4,,0,99,,55270,23,4,,0,99,,55271,23,4,,0,99,,55267,23,4,,0,100,,55265,23,4,,0,100,,55274,23,4,,0
16019,'1909',2142,,60355,23,4,,0,69,,60356,23,4,,0,30,,55277,23,4,,0
16019,'1910',2210,,55338,23,4,,0,30,,55308,23,4,,0
16019,'1912',810,,55355,23,4,,0,103,,55358,23,4,,0,100,,55368,23,4,,0,100,,55367,23,4,,0,100,,55356,23,4,,0,101,,55359,23,4,,0,100,,55361,23,4,,0,101,,55364,23,4,,0,100,,55363,23,4,,0,99,,55357,23,4,,0,99,,55365,23,4,,0,99,,55366,23,4,,0,99,,55362,23,4,,0,100,,55360,23,4,,0,100,,55369,23,4,,0
16019,'1924',810,,55340,23,4,,0,103,,55343,23,4,,0,100,,55353,23,4,,0,100,,55352,23,4,,0,100,,55341,23,4,,0,101,,55344,23,4,,0,100,,55346,23,4,,0,101,,55349,23,4,,0,100,,55348,23,4,,0,99,,55342,23,4,,0,99,,55350,23,4,,0,99,,55351,23,4,,0,99,,55347,23,4,,0,100,,55345,23,4,,0,100,,55354,23,4,,0
16019,'1925',810,,60374,23,4,,0,103,,60377,23,4,,0,100,,60387,23,4,,0,100,,60386,23,4,,0,100,,60375,23,4,,0,101,,60378,23,4,,0,100,,60380,23,4,,0,101,,60383,23,4,,0,100,,60382,23,4,,0,99,,60376,23,4,,0,99,,60384,23,4,,0,99,,60385,23,4,,0,99,,60381,23,4,,0,100,,60379,23,4,,0,100,,60388,23,4,,0
16029,'1907',716,,55384,1,,,0,102,,55373,1,,,0,97,,55371,1,,,0,103,,55379,1,,,0,97,,55382,1,,,0,100,,55378,1,,,0,101,,55380,1,,,0,100,,55370,1,,,0,100,,55372,1,,,0,100,,55375,1,,,0,99,,55374,1,,,0,100,,55381,1,,,0,100,,55376,1,,,0,102,,55377,1,,,0,97,,55383,1,,,0
16029,'1909',547,,55417,1,,,0,70,,55385,1,,,0,33,,55386,1,,,0,73,,55387,1,,,0,30,,55388,1,,,0,73,,60389,1,,,0,30,,60390,1,,,0,71,,60391,1,,,0,27,,55392,1,,,0,70,,55393,1,,,0,30,,60392,1,,,0,70,,55395,1,,,0,30,,55396,1,,,0,70,,55397,1,,,0,30,,55398,1,,,0,70,,55399,1,,,0,31,,55400,1,,,0,70,,55401,1,,,0,30,,60393,1,,,0,70,,55403,1,,,0,32,,60394,1,,,0,70,,60395,1,,,0,30,,60396,1,,,0,68,,60397,1,,,0,30,,60398,1,,,0,70,,60404,1,,,0,27,,60399,1,,,0,70,,60400,1,,,0,30,,60401,1,,,0,65,,55412,1,,,0,29,,60402,1,,,0,70,,60403,1,,,0,27,,55415,1,,,0
16029,'1910',550,,55449,1,,,0,67,,55448,1,,,0,30,,55432,1,,,0,67,,55418,1,,,0,30,,55425,1,,,0,71,,55439,1,,,0,30,,55433,1,,,0,70,,55419,1,,,0,30,,55426,1,,,0,70,,55440,1,,,0,30,,55434,1,,,0,70,,55420,1,,,0,30,,55427,1,,,0,70,,55441,1,,,0,32,,55435,1,,,0,70,,55421,1,,,0,30,,55428,1,,,0,70,,55442,1,,,0,30,,55436,1,,,0,70,,55422,1,,,0,30,,55429,1,,,0,70,,55443,1,,,0,29,,55437,1,,,0,70,,55423,1,,,0,30,,55430,1,,,0,69,,55444,1,,,0,30,,55438,1,,,0,70,,55424,1,,,0,29,,55431,1,,,0,70,,55445,1,,,0,100,,55446,1,,,0,30,,55447,1,,,0
16029,'1912',716,,55479,1,,,0,102,,55468,1,,,0,97,,55466,1,,,0,103,,55474,1,,,0,97,,55477,1,,,0,100,,55473,1,,,0,101,,55475,1,,,0,100,,55465,1,,,0,100,,55467,1,,,0,100,,55470,1,,,0,99,,55469,1,,,0,100,,55476,1,,,0,100,,55471,1,,,0,102,,55472,1,,,0,97,,55478,1,,,0
16029,'1924',716,,55464,1,,,0,102,,55453,1,,,0,97,,55451,1,,,0,103,,55459,1,,,0,97,,55462,1,,,0,100,,55458,1,,,0,101,,55460,1,,,0,100,,55450,1,,,0,100,,55452,1,,,0,100,,55455,1,,,0,99,,55454,1,,,0,100,,55461,1,,,0,100,,55456,1,,,0,102,,55457,1,,,0,97,,55463,1,,,0
16029,'1925',716,,60419,1,,,0,102,,60408,1,,,0,97,,60406,1,,,0,103,,60414,1,,,0,97,,60417,1,,,0,100,,60413,1,,,0,101,,60415,1,,,0,100,,60405,1,,,0,100,,60407,1,,,0,100,,60410,1,,,0,99,,60409,1,,,0,100,,60416,1,,,0,100,,60411,1,,,0,102,,60412,1,,,0,97,,60418,1,,,0
22029,'1907',716,,55746,15,4,,0,99,,55732,17,4,,0,100,,55733,17,4,,0,100,,55734,17,4,,0,100,,55735,17,4,,0,100,,55736,17,4,,0,101,,55737,17,4,,0,100,,55738,17,4,,0,100,,55739,17,4,,0,100,,55740,17,4,,0,99,,55741,17,4,,0,100,,55745,15,4,,0,100,,55742,15,4,,0,99,,55743,15,4,,0,100,,55744,15,4,,0
22029,'1909',650,,55748,15,4,,0,73,,55749,15,4,,0,30,,55750,15,4,,0,73,,60512,15,4,,0,30,,60513,15,4,,0,71,,60514,17,4,,0,27,,55754,17,4,,0,70,,55759,17,4,,0,30,,60515,17,4,,0,70,,55760,17,4,,0,30,,55756,17,4,,0,70,,55747,17,4,,0,30,,55757,17,4,,0,70,,55758,17,4,,0,31,,55761,17,4,,0,70,,55762,17,4,,0,30,,60516,17,4,,0,70,,55764,17,4,,0,32,,60517,17,4,,0,70,,60518,17,4,,0,30,,60519,17,4,,0,67,,60520,17,4,,0,30,,60521,17,4,,0,70,,60522,17,4,,0,28,,60523,17,4,,0,70,,60524,17,4,,0,30,,60525,17,4,,0,64,,55774,17,4,,0,30,,60526,17,4,,0,70,,60527,17,4,,0,27,,55777,15,4,,0,172,,60529,15,4,,0,36,,60528,15,4,,0
22029,'1910',617,,55811,15,4,,0,30,,55810,15,4,,0,65,,55803,15,4,,0,30,,55798,15,4,,0,70,,55804,15,4,,0,31,,55780,17,4,,0,70,,55781,17,4,,0,30,,55782,17,4,,0,72,,55783,17,4,,0,30,,55784,17,4,,0,70,,55785,17,4,,0,30,,55786,17,4,,0,70,,55787,17,4,,0,31,,55788,17,4,,0,70,,55789,17,4,,0,31,,55790,17,4,,0,69,,55791,17,4,,0,31,,55792,17,4,,0,70,,55793,17,4,,0,30,,55794,17,4,,0,70,,55795,17,4,,0,29,,55796,17,4,,0,69,,55797,17,4,,0,29,,55799,15,4,,0,69,,55805,15,4,,0,30,,55800,15,4,,0,70,,55806,15,4,,0,30,,55801,15,4,,0,70,,55807,15,4,,0,30,,55802,15,4,,0,67,,55808,15,4,,0,33,,55809,15,4,,0
22029,'1912',716,,55841,15,4,,0,99,,55827,17,4,,0,100,,55828,17,4,,0,100,,55829,17,4,,0,100,,55830,17,4,,0,100,,55831,17,4,,0,101,,55832,17,4,,0,100,,55833,17,4,,0,100,,55834,17,4,,0,100,,55835,17,4,,0,99,,55836,17,4,,0,100,,55840,15,4,,0,100,,55837,15,4,,0,99,,55838,15,4,,0,100,,55839,15,4,,0
22029,'1924',716,,55826,15,4,,0,99,,55812,17,4,,0,100,,55813,17,4,,0,100,,55814,17,4,,0,100,,55815,17,4,,0,100,,55816,17,4,,0,101,,55817,17,4,,0,100,,55818,17,4,,0,100,,55819,17,4,,0,100,,55820,17,4,,0,99,,55821,17,4,,0,100,,55825,15,4,,0,100,,55822,15,4,,0,99,,55823,15,4,,0,100,,55824,15,4,,0
22029,'1925',716,,60544,15,4,,0,99,,60530,17,4,,0,100,,60531,17,4,,0,100,,60532,17,4,,0,100,,60533,17,4,,0,100,,60534,17,4,,0,101,,60535,17,4,,0,100,,60536,17,4,,0,100,,60537,17,4,,0,100,,60538,17,4,,0,99,,60539,17,4,,0,100,,60543,15,4,,0,100,,60540,15,4,,0,99,,60541,15,4,,0,100,,60542,15,4,,0
60029,'1912',629,,56146,8,,,0,24,,56161,8,,,0,70,,56148,8,,,0,30,,56163,8,,,0,70,,56157,8,,,0,30,,56162,8,,,0,70,,56152,8,,,0,30,,56153,8,,,0,69,,56154,8,,,0,30,,56156,8,,,0,70,,56150,8,,,0,30,,56164,8,,,0,70,,56145,8,,,0,30,,56155,8,,,0,70,,56143,8,,,0,30,,56141,8,,,0,70,,56144,8,,,0,30,,56165,8,,,0,70,,56166,8,,,0,30,,56142,8,,,0,70,,56169,8,,,0,30,,56140,8,,,0,70,,56168,8,,,0,30,,56138,8,,,0,70,,56167,8,,,0,30,,56151,8,,,0,70,,56159,8,,,0,30,,56139,8,,,0,70,,56158,8,,,0,29,,56160,8,,,0,71,,56147,8,,,0,30,,56149,8,,,0
60029,'1925',629,,60879,8,,,0,24,,60876,8,,,0,70,,60885,8,,,0,30,,60884,8,,,0,70,,60880,8,,,0,30,,60875,8,,,0,70,,60883,8,,,0,30,,60886,8,,,0,69,,60900,8,,,0,30,,60877,8,,,0,70,,60881,8,,,0,30,,60894,8,,,0,70,,60887,8,,,0,30,,60889,8,,,0,70,,60890,8,,,0,30,,60898,8,,,0,70,,60899,8,,,0,30,,60874,8,,,0,70,,60888,8,,,0,30,,60897,8,,,0,70,,60882,8,,,0,30,,60896,8,,,0,70,,60878,8,,,0,30,,60895,8,,,0,70,,60903,8,,,0,30,,60893,8,,,0,70,,60902,8,,,0,30,,60892,8,,,0,70,,60901,8,,,0,30,,60891,8,,,0
702019,'1907',655,,61534,8,,,0,70,,57938,8,,,0,30,,57960,8,,,0,70,,61532,8,,,0,30,,57937,8,,,0,70,,57959,8,,,0,31,,61533,8,,,0,70,,57936,8,,,0,30,,57954,8,,,0,70,,57944,8,,,0,30,,57935,8,,,0,71,,57950,8,,,0,30,,57939,8,,,0,70,,57934,8,,,0,30,,57958,8,,,0,70,,57943,8,,,0,30,,57933,8,,,0,70,,57955,8,,,0,30,,57947,8,,,0,70,,57932,8,,,0,30,,57953,8,,,0,70,,57942,8,,,0,30,,57931,8,,,0,68,,57952,8,,,0,30,,57941,8,,,0,70,,57930,8,,,0,30,,57957,8,,,0,70,,57940,8,,,0,30,,57929,8,,,0,70,,57956,8,,,0,30,,57946,8,,,0,70,,57928,8,,,0,30,,57951,8,,,0,65,,57961,8,,,0,25,,57962,8,,,0
702019,'1909',639,,57963,8,,,0,65,,57964,8,,,0,24,,57998,8,,,0,22,,57965,8,,,0,55,,61535,8,,,0,23,,57967,8,,,0,17,,57999,8,,,0,12,,57997,8,,,0,73,,57968,8,,,0,20,,61536,8,,,0,70,,57970,8,,,0,30,,58003,8,,,0,70,,61537,8,,,0,30,,57972,8,,,0,70,,57973,8,,,0,30,,61538,8,,,0,70,,61539,8,,,0,30,,57976,8,,,0,70,,57977,8,,,0,32,,61540,8,,,0,70,,61543,8,,,0,22,,57979,8,,,0,60,,57980,8,,,0,20,,57981,8,,,0,20,,57982,8,,,0,60,,58001,8,,,0,20,,57983,8,,,0,17,,57984,8,,,0,60,,61541,8,,,0,25,,57986,8,,,0,30,,57987,8,,,0,70,,57988,8,,,0,30,,57989,8,,,0,69,,57990,8,,,0,30,,57991,8,,,0,70,,57992,8,,,0,30,,57993,8,,,0,69,,57994,8,,,0,30,,57995,8,,,0,65,,61542,8,,,0,25,,58002,8,,,0
702019,'1910',655,,58014,8,,,0,70,,58016,8,,,0,30,,58018,8,,,0,70,,58013,8,,,0,30,,58015,8,,,0,70,,58017,8,,,0,30,,58019,8,,,0,72,,58030,8,,,0,30,,58028,8,,,0,70,,58034,8,,,0,30,,58025,8,,,0,70,,58038,8,,,0,30,,58027,8,,,0,70,,58036,8,,,0,30,,58033,8,,,0,70,,58032,8,,,0,30,,58029,8,,,0,70,,58022,8,,,0,30,,61545,8,,,0,70,,58021,8,,,0,30,,58031,8,,,0,70,,58024,8,,,0,30,,61544,8,,,0,70,,58035,8,,,0,30,,58026,8,,,0,69,,58008,8,,,0,30,,58011,8,,,0,70,,58004,8,,,0,29,,58006,8,,,0,70,,58009,8,,,0,30,,58012,8,,,0,70,,58005,8,,,0,30,,58007,8,,,0,65,,58010,8,,,0,25,,58020,8,,,0
702019,'1912',655,,61548,8,,,0,70,,58084,8,,,0,30,,58106,8,,,0,70,,61546,8,,,0,30,,58083,8,,,0,70,,58105,8,,,0,31,,61547,8,,,0,70,,58082,8,,,0,30,,58100,8,,,0,70,,58090,8,,,0,30,,58081,8,,,0,71,,58096,8,,,0,30,,58085,8,,,0,70,,58080,8,,,0,30,,58104,8,,,0,70,,58089,8,,,0,30,,58079,8,,,0,70,,58101,8,,,0,30,,58093,8,,,0,70,,58078,8,,,0,30,,58099,8,,,0,70,,58088,8,,,0,30,,58077,8,,,0,68,,58098,8,,,0,30,,58087,8,,,0,70,,58076,8,,,0,30,,58103,8,,,0,70,,58086,8,,,0,30,,58075,8,,,0,70,,58102,8,,,0,30,,58092,8,,,0,70,,58074,8,,,0,30,,58097,8,,,0,65,,58107,8,,,0,25,,58108,8,,,0
702019,'1924',655,,61551,8,,,0,70,,58049,8,,,0,30,,58071,8,,,0,70,,61549,8,,,0,30,,58048,8,,,0,70,,58070,8,,,0,31,,61550,8,,,0,70,,58047,8,,,0,30,,58065,8,,,0,70,,58055,8,,,0,30,,58046,8,,,0,71,,58061,8,,,0,30,,58050,8,,,0,70,,58045,8,,,0,30,,58069,8,,,0,70,,58054,8,,,0,30,,58044,8,,,0,70,,58066,8,,,0,30,,58058,8,,,0,70,,58043,8,,,0,30,,58064,8,,,0,70,,58053,8,,,0,30,,58042,8,,,0,68,,58063,8,,,0,30,,58052,8,,,0,70,,58041,8,,,0,30,,58068,8,,,0,70,,58051,8,,,0,30,,58040,8,,,0,70,,58067,8,,,0,30,,58057,8,,,0,70,,58039,8,,,0,30,,58062,8,,,0,65,,58072,8,,,0,25,,58073,8,,,0
702019,'1925',655,,61573,8,,,0,70,,61562,8,,,0,30,,61584,8,,,0,70,,61569,8,,,0,30,,61561,8,,,0,70,,61583,8,,,0,31,,61572,8,,,0,70,,61560,8,,,0,30,,61578,8,,,0,70,,61568,8,,,0,30,,61559,8,,,0,71,,61574,8,,,0,30,,61563,8,,,0,70,,61558,8,,,0,30,,61582,8,,,0,70,,61567,8,,,0,30,,61557,8,,,0,70,,61579,8,,,0,30,,61571,8,,,0,70,,61556,8,,,0,30,,61577,8,,,0,70,,61566,8,,,0,30,,61555,8,,,0,68,,61576,8,,,0,30,,61565,8,,,0,70,,61554,8,,,0,30,,61581,8,,,0,70,,61564,8,,,0,30,,61553,8,,,0,70,,61580,8,,,0,30,,61570,8,,,0,70,,61552,8,,,0,30,,61575,8,,,0,65,,61585,8,,,0,25,,61586,8,,,0
14000001019,'1907',2432,,61782,45,,,0,70,,61781,45,,,0,30,,61780,45,,,0,70,,61783,45,,,0,30,,61784,45,,,0
14000001019,'1909',2432,,61788,45,,,0,70,,61785,45,,,0,30,,61786,45,,,0,70,,61787,45,,,0,30,,61789,45,,,0
14000001019,'1910',2432,,61793,45,,,0,70,,61790,45,,,0,30,,61792,45,,,0,70,,61791,45,,,0,30,,61794,45,,,0
14000001019,'1912',2432,,61797,45,,,0,70,,61796,45,,,0,30,,61795,45,,,0,70,,61798,45,,,0,30,,61799,45,,,0
14000001019,'1924',2432,,61802,45,,,0,70,,61801,45,,,0,30,,61800,45,,,0,70,,61803,45,,,0,30,,61804,45,,,0
14000001019,'1925',2432,,61807,45,,,0,70,,61806,45,,,0,30,,61805,45,,,0,70,,61808,45,,,0,30,,61809,45,,,0
