1029,'1907',627,,53126,52,,,0,100,,53127,52,,,0,100,,53128,52,,,0,102,,53129,52,,,0,100,,53130,52,,,0,100,,53131,52,,,0,100,,53132,52,,,0,100,,53133,52,,,0,100,,53134,52,,,0,100,,53135,52,,,0,100,,53136,52,,,0,100,,53137,52,,,0,100,,53138,52,,,0,100,,53139,52,,,0,100,,53140,52,,,0,100,,53141,52,,,0,100,,53142,52,,,0,95,,53143,52,,,0
1029,'1909',627,,53153,52,,,0,75,,53154,52,,,0,32,,53174,52,,,0,70,,53150,52,,,0,30,,53145,52,,,0,71,,53178,52,,,0,30,,53148,52,,,0,70,,53155,52,,,0,30,,53173,52,,,0,70,,53152,52,,,0,30,,53144,52,,,0,70,,53177,52,,,0,30,,53149,52,,,0,70,,53156,52,,,0,30,,53172,52,,,0,70,,53151,52,,,0,31,,53146,52,,,0,71,,53175,52,,,0,32,,53147,52,,,0,70,,53157,52,,,0,30,,53171,52,,,0,70,,53160,52,,,0,29,,53159,52,,,0,67,,53158,52,,,0,25,,53164,52,,,0,70,,53163,52,,,0,30,,53162,52,,,0,70,,53161,52,,,0,29,,53176,52,,,0,30,,53170,52,,,0,70,,53169,52,,,0,30,,53168,52,,,0,70,,53167,52,,,0,30,,53166,52,,,0,65,,53165,52,,,0
1029,'1910',627,,53184,52,,,0,30,,53196,52,,,0,70,,53203,52,,,0,30,,53191,52,,,0,70,,53212,52,,,0,30,,53200,52,,,0,72,,53183,52,,,0,30,,53195,52,,,0,70,,53206,52,,,0,30,,53190,52,,,0,70,,53213,52,,,0,30,,53199,52,,,0,70,,53182,52,,,0,30,,53194,52,,,0,70,,53205,52,,,0,30,,53189,52,,,0,70,,53185,52,,,0,30,,53198,52,,,0,70,,53181,52,,,0,30,,53193,52,,,0,70,,53201,52,,,0,30,,53188,52,,,0,70,,53210,52,,,0,30,,53197,52,,,0,69,,53180,52,,,0,31,,53192,52,,,0,70,,53204,52,,,0,30,,53186,52,,,0,70,,53208,52,,,0,30,,53207,52,,,0,70,,53179,52,,,0,30,,53187,52,,,0,70,,53202,52,,,0,30,,53211,52,,,0,70,,53209,52,,,0
1029,'1911',627,,53214,52,,,0,100,,53215,52,,,0,100,,53216,52,,,0,102,,53217,52,,,0,100,,53218,52,,,0,100,,53219,52,,,0,100,,53220,52,,,0,100,,53221,52,,,0,100,,53222,52,,,0,100,,53223,52,,,0,100,,53224,52,,,0,100,,53225,52,,,0,100,,53226,52,,,0,100,,53227,52,,,0,100,,53228,52,,,0,100,,53229,52,,,0,100,,53230,52,,,0,95,,53231,52,,,0
1029,'1912',627,,53232,52,,,0,100,,53233,52,,,0,100,,53234,52,,,0,102,,53235,52,,,0,100,,53236,52,,,0,100,,53237,52,,,0,100,,53238,52,,,0,100,,53239,52,,,0,100,,53240,52,,,0,100,,53241,52,,,0,100,,53242,52,,,0,100,,53243,52,,,0,100,,53244,52,,,0,100,,53245,52,,,0,100,,53246,52,,,0,100,,53247,52,,,0,100,,53248,52,,,0,95,,53249,52,,,0
2029,'1907',642,,53401,49,,,0,4,,53401,51,,,0,67,,53409,49,,,0,2,,53409,51,,,0,29,,53420,49,,,0,2,,53420,51,,,0,68,,53415,49,,,0,2,,53415,51,,,0,28,,53402,49,,,0,2,,53402,51,,,0,68,,53410,49,,,0,2,,53410,51,,,0,28,,53421,49,,,0,2,,53421,51,,,0,68,,53416,49,,,0,2,,53416,51,,,0,28,,53403,49,,,0,2,,53403,51,,,0,68,,53411,49,,,0,2,,53411,51,,,0,28,,53422,49,,,0,2,,53422,51,,,0,68,,53417,49,,,0,2,,53417,51,,,0,28,,53404,49,,,0,2,,53404,51,,,0,68,,53412,49,,,0,2,,53412,51,,,0,28,,53423,49,,,0,2,,53423,51,,,0,68,,53418,49,,,0,2,,53418,51,,,0,28,,53405,49,,,0,2,,53405,51,,,0,68,,53413,49,,,0,2,,53413,51,,,0,28,,53424,49,,,0,2,,53424,51,,,0,68,,53419,49,,,0,2,,53419,51,,,0,28,,53406,49,,,0,2,,53406,51,,,0,68,,53414,49,,,0,2,,53414,51,,,0,28,,53425,49,,,0,2,,53425,51,,,0,98,,53407,49,,,0,2,,53407,51,,,0,97,,53426,49,,,0,2,,53426,51,,,0,98,,53408,49,,,0,2,,53408,51,,,0,99,,53427,49,,,0,2,,53427,51,,,0,98,,53400,49,,,0,2,,53400,51,,,0
2029,'1909',547,,53450,34,,,0,1,,53450,36,,,0,64,,53433,49,,,0,3,,53433,51,,,0,27,,53434,49,,,0,3,,53434,51,,,0,69,,53435,49,,,0,3,,53435,51,,,0,27,,53436,49,,,0,3,,53436,51,,,0,68,,53437,49,,,0,2,,53437,51,,,0,28,,53438,49,,,0,2,,53438,51,,,0,68,,53439,49,,,0,3,,53439,51,,,0,27,,53440,49,,,0,3,,53440,51,,,0,67,,53441,49,,,0,3,,53441,51,,,0,27,,53464,49,,,0,3,,53464,51,,,0,67,,53460,49,,,0,3,,53460,51,,,0,27,,53466,49,,,0,3,,53466,51,,,0,67,,53462,49,,,0,3,,53462,51,,,0,27,,53463,49,,,0,3,,53463,51,,,0,67,,53459,49,,,0,3,,53459,51,,,0,27,,53465,49,,,0,3,,53465,51,,,0,67,,53461,49,,,0,3,,53461,51,,,0,29,,53467,49,,,0,3,,53467,51,,,0,68,,53442,49,,,0,3,,53442,51,,,0,31,,53443,49,,,0,3,,53443,51,,,0,67,,53444,49,,,0,3,,53444,51,,,0,27,,53445,49,,,0,3,,53445,51,,,0,67,,53446,49,,,0,3,,53446,51,,,0,24,,53447,49,,,0,3,,53447,51,,,0,63,,53448,49,,,0,3,,53448,51,,,0,26,,53449,49,,,0,3,,53449,51,,,0,67,,53453,49,,,0,3,,53453,51,,,0,27,,53454,49,,,0,3,,53454,51,,,0,97,,53455,49,,,0,2,,53455,51,,,0,98,,53456,49,,,0,2,,53456,51,,,0,98,,53452,49,,,0,2,,53452,51,,,0
2029,'1910',612,,53499,49,0,5 2 15 16 17,0,30,,53482,49,,,0,4,,53482,51,,,0,65,,53489,49,,,0,4,,53489,51,,,0,27,,53468,49,,,0,4,,53468,51,,,0,66,,53474,49,,,0,4,,53474,51,,,0,26,,53483,49,,,0,4,,53483,51,,,0,68,,53490,49,,,0,2,,53490,51,,,0,28,,53469,49,,,0,2,,53469,51,,,0,68,,53475,49,,,0,2,,53475,51,,,0,28,,53484,49,,,0,2,,53484,51,,,0,68,,53491,49,,,0,2,,53491,51,,,0,28,,53470,49,,,0,2,,53470,51,,,0,68,,53476,49,,,0,2,,53476,51,,,0,28,,53485,49,,,0,2,,53485,51,,,0,68,,53492,49,,,0,2,,53492,51,,,0,28,,53471,49,,,0,2,,53471,51,,,0,68,,53477,49,,,0,2,,53477,51,,,0,28,,53486,49,,,0,2,,53486,51,,,0,68,,53493,49,,,0,2,,53493,51,,,0,28,,53472,49,,,0,2,,53472,51,,,0,68,,53478,49,,,0,2,,53478,51,,,0,28,,53487,49,,,0,2,,53487,51,,,0,68,,53494,49,,,0,2,,53494,51,,,0,28,,53473,49,,,0,2,,53473,51,,,0,68,,53479,49,,,0,2,,53479,51,,,0,28,,53488,49,,,0,2,,53488,51,,,0,68,,53495,49,,,0,2,,53495,51,,,0,28,,53480,49,,,0,2,,53480,51,,,0,98,,53496,49,,,0,2,,53496,51,,,0,98,,53481,49,,,0,2,,53481,51,,,0,98,,53497,49,,,0,1,,53497,51,,,0
2029,'1911',642,,53503,49,,,0,4,,53503,51,,,0,67,,53511,49,,,0,2,,53511,51,,,0,29,,53522,49,,,0,2,,53522,51,,,0,68,,53517,49,,,0,2,,53517,51,,,0,28,,53504,49,,,0,2,,53504,51,,,0,68,,53512,49,,,0,2,,53512,51,,,0,28,,53523,49,,,0,2,,53523,51,,,0,68,,53518,49,,,0,2,,53518,51,,,0,28,,53505,49,,,0,2,,53505,51,,,0,68,,53513,49,,,0,2,,53513,51,,,0,28,,53524,49,,,0,2,,53524,51,,,0,68,,53519,49,,,0,2,,53519,51,,,0,28,,53506,49,,,0,2,,53506,51,,,0,68,,53514,49,,,0,2,,53514,51,,,0,28,,53525,49,,,0,2,,53525,51,,,0,68,,53520,49,,,0,2,,53520,51,,,0,28,,53507,49,,,0,2,,53507,51,,,0,68,,53515,49,,,0,2,,53515,51,,,0,28,,53526,49,,,0,2,,53526,51,,,0,68,,53521,49,,,0,2,,53521,51,,,0,28,,53508,49,,,0,2,,53508,51,,,0,68,,53516,49,,,0,2,,53516,51,,,0,28,,53527,49,,,0,2,,53527,51,,,0,98,,53509,49,,,0,2,,53509,51,,,0,97,,53528,49,,,0,2,,53528,51,,,0,98,,53510,49,,,0,2,,53510,51,,,0,99,,53529,49,,,0,2,,53529,51,,,0,98,,53502,49,,,0,2,,53502,51,,,0
2029,'1912',642,,53536,49,,,0,4,,53536,51,,,0,67,,53544,49,,,0,2,,53544,51,,,0,29,,53555,49,,,0,2,,53555,51,,,0,68,,53550,49,,,0,2,,53550,51,,,0,28,,53537,49,,,0,2,,53537,51,,,0,68,,53545,49,,,0,2,,53545,51,,,0,28,,53556,49,,,0,2,,53556,51,,,0,68,,53551,49,,,0,2,,53551,51,,,0,28,,53538,49,,,0,2,,53538,51,,,0,68,,53546,49,,,0,2,,53546,51,,,0,28,,53557,49,,,0,2,,53557,51,,,0,68,,53552,49,,,0,2,,53552,51,,,0,28,,53539,49,,,0,2,,53539,51,,,0,68,,53547,49,,,0,2,,53547,51,,,0,28,,53558,49,,,0,2,,53558,51,,,0,68,,53553,49,,,0,2,,53553,51,,,0,28,,53540,49,,,0,2,,53540,51,,,0,68,,53548,49,,,0,2,,53548,51,,,0,28,,53559,49,,,0,2,,53559,51,,,0,68,,53554,49,,,0,2,,53554,51,,,0,28,,53541,49,,,0,2,,53541,51,,,0,68,,53549,49,,,0,2,,53549,51,,,0,28,,53560,49,,,0,2,,53560,51,,,0,98,,53542,49,,,0,2,,53542,51,,,0,97,,53561,49,,,0,2,,53561,51,,,0,98,,53543,49,,,0,2,,53543,51,,,0,99,,53562,49,,,0,2,,53562,51,,,0,98,,53535,49,,,0,2,,53535,51,,,0
609,'1909',634,,53961,27,0,15 16 17,0,76,,53915,27,0,15 16 17,0,32,,53912,27,0,15 16 17,0,70,,53925,27,0,15 16 17,0,30,,53927,27,0,15 16 17,0,70,,53937,27,0,15 16 17,0,30,,53960,27,0,15 16 17,0,70,,53924,27,0,15 16 17,0,30,,53933,27,0,15 16 17,0,70,,53934,27,0,15 16 17,0,30,,53932,27,0,15 16 17,0,70,,53956,27,0,15 16 17,0,30,,53955,27,0,15 16 17,0,70,,53952,27,0,15 16 17,0,30,,53953,27,0,15 16 17,0,70,,53954,27,0,15 16 17,0,31,,53951,27,0,15 16 17,0,71,,53949,27,0,15 16 17,0,30,,53950,27,0,15 16 17,0,70,,53948,27,0,15 16 17,0,30,,53946,27,0,15 16 17,0,70,,53945,27,0,15 16 17,0,28,,53947,27,0,15 16 17,0,67,,53944,27,0,15 16 17,0,25,,53943,27,0,15 16 17,0,70,,53942,27,0,15 16 17,0,50,,53940,27,0,15 16 17,0,99,,53941,27,0,15 16 17,0,100,,53939,27,0,15 16 17,0,100,,53963,27,0,15 16 17,0
609,'1910',625,,54020,27,0,15 16 17,0,30,,53999,27,0,15 16 17,0,70,,53987,27,0,15 16 17,0,30,,54013,27,0,15 16 17,0,70,,53986,27,0,15 16 17,0,30,,53998,27,0,15 16 17,0,70,,53985,27,0,15 16 17,0,28,,54012,27,0,15 16 17,0,70,,53984,27,0,15 16 17,0,30,,53997,27,0,15 16 17,0,73,,53983,27,0,15 16 17,0,30,,54011,27,0,15 16 17,0,70,,53982,27,0,15 16 17,0,30,,53996,27,0,15 16 17,0,70,,53981,27,0,15 16 17,0,30,,54010,27,0,15 16 17,0,70,,53980,27,0,15 16 17,0,30,,53995,27,0,15 16 17,0,70,,53979,27,0,15 16 17,0,30,,54009,27,0,15 16 17,0,70,,53978,27,0,15 16 17,0,30,,53994,27,0,15 16 17,0,70,,53977,27,0,15 16 17,0,30,,54016,27,0,15 16 17,0,70,,54000,27,0,15 16 17,0,30,,54014,27,0,15 16 17,0
12029,'1909',652,,54902,28,,,0,72,,54899,28,,,0,30,,54892,28,,,0,69,,54900,28,,,0,31,,54893,28,,,0,71,,54879,19,,,0,30,,54880,19,,,0,70,,54881,19,,,0,30,,54882,19,,,0,70,,54883,19,,,0,30,,54884,19,,,0,70,,54885,19,,,0,30,,54886,19,,,0,70,,54887,19,,,0,30,,54888,19,,,0,70,,54889,19,,,0,31,,54895,28,,,0,71,,54898,28,,,0,30,,54890,28,,,0,70,,54897,28,,,0,30,,54891,28,,,0,70,,54901,28,,,0,28,,54894,28,,,0,70,,54896,28,,,0
16029,'1907',739,,55384,22,,,0,103,,55373,22,,,0,95,,55371,22,,,0,106,,55379,22,,,0,98,,55382,22,,,0,100,,55378,22,,,0,101,,55380,22,,,0,100,,55370,22,,,0,100,,55372,22,,,0,99,,55375,22,,,0,99,,55374,22,,,0,100,,55381,22,,,0,100,,55376,22,,,0,103,,55377,22,,,0,98,,55383,22,,,0
16029,'1909',613,,55417,22,,,0,30,,55385,22,,,0,73,,55386,22,,,0,38,,55387,22,,,0,69,,55388,22,,,0,33,,55389,22,,,0,70,,55390,22,,,0,29,,55391,22,,,0,67,,55392,22,,,0,30,,55393,22,,,0,70,,55394,22,,,0,30,,55395,22,,,0,70,,55396,22,,,0,30,,55397,22,,,0,70,,55398,22,,,0,30,,55399,22,,,0,71,,55400,22,,,0,32,,55401,22,,,0,71,,55402,22,,,0,29,,55403,22,,,0,72,,55404,22,,,0,30,,55405,22,,,0,69,,55406,22,,,0,28,,55407,22,,,0,69,,55408,22,,,0,30,,55416,22,,,0,67,,55409,22,,,0,30,,55410,22,,,0,70,,55411,22,,,0,23,,55412,22,,,0,70,,55413,22,,,0,30,,55414,22,,,0,69,,55415,22,,,0
16029,'1910',613,,55449,22,,,0,27,,55448,22,,,0,70,,55432,22,,,0,30,,55418,22,,,0,70,,55425,22,,,0,30,,55439,22,,,0,70,,55433,22,,,0,32,,55419,22,,,0,70,,55426,22,,,0,30,,55440,22,,,0,70,,55434,22,,,0,30,,55420,22,,,0,70,,55427,22,,,0,30,,55441,22,,,0,72,,55435,22,,,0,30,,55421,22,,,0,70,,55428,22,,,0,30,,55442,22,,,0,70,,55436,22,,,0,30,,55422,22,,,0,70,,55429,22,,,0,30,,55443,22,,,0,69,,55437,22,,,0,30,,55423,22,,,0,70,,55430,22,,,0,30,,55444,22,,,0,69,,55438,22,,,0,30,,55424,22,,,0,69,,55431,22,,,0,30,,55445,22,,,0,100,,55446,22,,,0,70,,55447,22,,,0
16029,'1911',739,,55464,22,,,0,103,,55453,22,,,0,95,,55451,22,,,0,106,,55459,22,,,0,98,,55462,22,,,0,100,,55458,22,,,0,101,,55460,22,,,0,100,,55450,22,,,0,100,,55452,22,,,0,99,,55455,22,,,0,99,,55454,22,,,0,100,,55461,22,,,0,100,,55456,22,,,0,103,,55457,22,,,0,98,,55463,22,,,0
16029,'1912',739,,55479,22,,,0,103,,55468,22,,,0,95,,55466,22,,,0,106,,55474,22,,,0,98,,55477,22,,,0,100,,55473,22,,,0,101,,55475,22,,,0,100,,55465,22,,,0,100,,55467,22,,,0,99,,55470,22,,,0,99,,55469,22,,,0,100,,55476,22,,,0,100,,55471,22,,,0,103,,55472,22,,,0,98,,55478,22,,,0
31019,'1907',630,,55842,2,,,0,100,,55843,2,,,0,100,,55844,2,,,0,100,,55845,2,,,0,100,,55846,2,,,0,101,,55847,2,,,0,100,,55848,2,,,0,100,,55849,2,,,0,100,,55850,2,,,0,100,,55851,2,,,0,100,,55852,2,,,0,100,,55853,2,,,0,100,,55854,2,,,0,99,,55855,2,,,0,100,,55856,2,,,0,100,,55857,2,,,0,100,,55858,2,,,0,95,,55860,2,0,5 2 8 7,0
31019,'1909',630,,55861,2,,,0,71,,55876,2,,,0,30,,55889,2,,,0,70,,55872,2,,,0,30,,55869,2,,,0,70,,55883,2,,,0,30,,55864,2,,,0,70,,55877,2,,,0,30,,55888,2,,,0,70,,55875,2,,,0,30,,55870,2,,,0,70,,55882,2,,,0,30,,55863,2,,,0,70,,55878,2,,,0,30,,55887,2,,,0,70,,55873,2,,,0,30,,55867,2,,,0,70,,55881,2,,,0,30,,55865,2,,,0,70,,55879,2,,,0,30,,55886,2,,,0,70,,55874,2,,,0,30,,55868,2,,,0,70,,55880,2,,,0,30,,55862,2,,,0,70,,55897,2,,,0,30,,55885,2,,,0,69,,55892,2,0,5 2 8 7,0,30,,55871,2,,,0,70,,55893,2,0,5 2 8 7,0,30,,55866,2,,,0,70,,55895,2,0,5 2 8 7,0,30,,55884,2,,,0,70,,55894,2,0,5 2 8 7,0,25,,55890,2,0,5 2 8 7,0
31019,'1910',630,,55903,2,,,0,70,,55919,2,,,0,30,,55932,2,,,0,70,,55915,2,,,0,30,,55909,2,,,0,70,,55925,2,,,0,30,,55902,2,,,0,71,,55918,2,,,0,30,,55927,2,,,0,70,,55914,2,,,0,30,,55908,2,,,0,70,,55924,2,,,0,30,,55901,2,,,0,70,,55917,2,,,0,30,,55930,2,,,0,70,,55913,2,,,0,30,,55907,2,,,0,70,,55923,2,,,0,30,,55900,2,,,0,70,,55916,2,,,0,30,,55929,2,,,0,70,,55912,2,,,0,30,,55906,2,,,0,70,,55922,2,,,0,30,,55899,2,,,0,69,,55934,2,,,0,30,,55928,2,,,0,70,,55911,2,0,5 2 8 7,0,30,,55905,2,,,0,70,,55921,2,0,5 2 8 7,0,30,,55898,2,,,0,70,,55910,2,0,5 2 8 7,0,30,,55931,2,,,0,70,,55920,2,0,5 2 8 7,0,30,,55904,2,0,5 2 8 7,0
31019,'1911',630,,55935,2,,,0,100,,55936,2,,,0,100,,55937,2,,,0,100,,55938,2,,,0,100,,55939,2,,,0,101,,55940,2,,,0,100,,55941,2,,,0,100,,55942,2,,,0,100,,55943,2,,,0,100,,55944,2,,,0,100,,55945,2,,,0,100,,55946,2,,,0,100,,55947,2,,,0,99,,55948,2,,,0,100,,55949,2,,,0,100,,55950,2,,,0,100,,55951,2,,,0,95,,55953,2,0,5 2 8 7,0
31019,'1912',630,,55954,2,,,0,100,,55955,2,,,0,100,,55956,2,,,0,100,,55957,2,,,0,100,,55958,2,,,0,101,,55959,2,,,0,100,,55960,2,,,0,100,,55961,2,,,0,100,,55962,2,,,0,100,,55963,2,,,0,100,,55964,2,,,0,100,,55965,2,,,0,100,,55966,2,,,0,99,,55967,2,,,0,100,,55968,2,,,0,100,,55969,2,,,0,100,,55970,2,,,0,95,,55972,2,0,5 2 8 7,0
14000001029,'1907',554,,58794,33,0,18 7,0,1,,58794,35,0,18 7,0,1850,,58788,33,,,0,1,,58788,35,,,0,28,,58792,33,,,0,1,,58792,35,,,0,69,,58793,33,,,0,1,,58793,35,,,0,29,,58790,33,,,0,1,,58790,35,,,0,69,,58791,33,,,0,1,,58791,35,,,0,29,,58789,33,,,0,1,,58789,35,,,0
14000001029,'1909',452,,58795,33,0,18 7,0,1,,58795,35,0,18 7,0,101,,58796,33,0,18 7,0,1,,58796,35,0,18 7,0,1850,,58798,33,,,0,1,,58798,35,,,0,28,,58799,33,,,0,1,,58799,35,,,0,69,,58802,33,,,0,1,,58802,35,,,0,29,,58797,33,,,0,1,,58797,35,,,0,69,,58800,33,,,0,1,,58800,35,,,0,29,,58801,33,,,0,1,,58801,35,,,0
14000001029,'1910',554,,58807,33,0,18 7,0,1,,58807,35,0,18 7,0,1850,,58809,33,,,0,1,,58809,35,,,0,28,,58804,33,,,0,1,,58804,35,,,0,69,,58803,33,,,0,1,,58803,35,,,0,29,,58805,33,,,0,1,,58805,35,,,0,69,,58808,33,,,0,1,,58808,35,,,0,29,,58806,33,,,0,1,,58806,35,,,0
14000001029,'1911',554,,58816,33,0,18 7,0,1,,58816,35,0,18 7,0,1850,,58810,33,,,0,1,,58810,35,,,0,28,,58814,33,,,0,1,,58814,35,,,0,69,,58815,33,,,0,1,,58815,35,,,0,29,,58812,33,,,0,1,,58812,35,,,0,69,,58813,33,,,0,1,,58813,35,,,0,29,,58811,33,,,0,1,,58811,35,,,0
14000001029,'1912',554,,58823,33,0,18 7,0,1,,58823,35,0,18 7,0,1850,,58817,33,,,0,1,,58817,35,,,0,28,,58821,33,,,0,1,,58821,35,,,0,69,,58822,33,,,0,1,,58822,35,,,0,29,,58819,33,,,0,1,,58819,35,,,0,69,,58820,33,,,0,1,,58820,35,,,0,29,,58818,33,,,0,1,,58818,35,,,0
