1019,'1907',613,,53000,15,,,0,100,,53001,15,,,0,100,,53002,15,,,0,100,,53003,15,,,0,100,,53004,15,,,0,100,,53005,15,,,0,100,,53006,15,,,0,100,,53007,15,,,0,100,,53008,15,,,0,100,,53009,15,,,0,100,,53010,15,,,0,100,,53011,15,,,0,100,,53012,15,,,0,100,,53013,15,,,0,100,,53014,15,,,0,100,,53015,15,,,0,100,,53016,15,,,0,100,,53017,15,,,0
1019,'1909',542,,53053,15,,,0,75,,53049,15,,,0,30,,53025,15,,,0,72,,53020,15,,,0,30,,53038,15,,,0,70,,53022,15,,,0,30,,53027,15,,,0,71,,53052,15,,,0,30,,53024,15,,,0,70,,53018,15,,,0,30,,53037,15,,,0,70,,53023,15,,,0,30,,53028,15,,,0,70,,53048,15,,,0,30,,53026,15,,,0,70,,53019,15,,,0,30,,53050,15,,,0,70,,53021,15,,,0,30,,53029,15,,,0,70,,53047,15,,,0,30,,53040,15,,,0,70,,53032,15,,,0,30,,53030,15,,,0,70,,53033,15,,,0,29,,53035,15,,,0,70,,53034,15,,,0,30,,53031,15,,,0,65,,53051,15,,,0,30,,53045,15,,,0,68,,53046,15,,,0,30,,53044,15,,,0,70,,53043,15,,,0,30,,53042,15,,,0,70,,53041,15,,,0,30,,53039,15,,,0,70,,53036,15,,,0
1019,'1910',541,,53089,15,,,0,70,,53078,15,,,0,30,,53064,15,,,0,70,,53083,15,,,0,30,,53073,15,,,0,70,,53058,15,,,0,30,,53079,15,,,0,70,,53081,15,,,0,30,,53063,15,,,0,73,,53084,15,,,0,30,,53072,15,,,0,70,,53057,15,,,0,30,,53067,15,,,0,70,,53077,15,,,0,30,,53062,15,,,0,70,,53085,15,,,0,30,,53071,15,,,0,70,,53056,15,,,0,30,,53066,15,,,0,70,,53076,15,,,0,30,,53061,15,,,0,70,,53086,15,,,0,30,,53070,15,,,0,70,,53055,15,,,0,30,,53065,15,,,0,70,,53075,15,,,0,30,,53059,15,,,0,69,,53087,15,,,0,30,,53068,15,,,0,70,,53054,15,,,0,30,,53060,15,,,0,70,,53074,15,,,0,30,,53069,15,,,0,70,,53088,15,,,0,30,,53082,15,,,0,70,,53080,15,,,0
1019,'1911',613,,53090,15,,,0,100,,53091,15,,,0,100,,53092,15,,,0,100,,53093,15,,,0,100,,53094,15,,,0,100,,53095,15,,,0,100,,53096,15,,,0,100,,53097,15,,,0,100,,53098,15,,,0,100,,53099,15,,,0,100,,53100,15,,,0,100,,53101,15,,,0,100,,53102,15,,,0,100,,53103,15,,,0,100,,53104,15,,,0,100,,53105,15,,,0,100,,53106,15,,,0,100,,53107,15,,,0
1019,'1912',613,,53108,15,,,0,100,,53109,15,,,0,100,,53110,15,,,0,100,,53111,15,,,0,100,,53112,15,,,0,100,,53113,15,,,0,100,,53114,15,,,0,100,,53115,15,,,0,100,,53116,15,,,0,100,,53117,15,,,0,100,,53118,15,,,0,100,,53119,15,,,0,100,,53120,15,,,0,100,,53121,15,,,0,100,,53122,15,,,0,100,,53123,15,,,0,100,,53124,15,,,0,100,,53125,15,,,0
2019,'1907',658,,53277,24,,,0,70,,53254,24,,,0,30,,53258,24,,,0,70,,53270,24,,,0,30,,53265,24,,,0,70,,53255,24,,,0,30,,53259,24,,,0,70,,53271,24,,,0,30,,53266,24,,,0,70,,53256,24,,,0,30,,53260,24,,,0,70,,53272,24,,,0,30,,53267,24,,,0,70,,53257,24,,,0,30,,53261,24,,,0,70,,53273,24,,,0,30,,53268,24,,,0,70,,53252,24,,,0,30,,53262,24,,,0,70,,53274,24,,,0,30,,53269,24,,,0,70,,53250,24,,,0,30,,53263,24,,,0,70,,53275,24,,,0,100,,53251,24,,,0,100,,53276,24,,,0,100,,53253,24,,,0,100,,53264,24,,,0,99,,53278,24,,,0
2019,'1909',454,,53310,15,0,5 2 13 14,0,173,,53279,24,,,0,30,,53280,24,,,0,72,,53281,24,,,0,30,,53282,24,,,0,70,,53283,24,,,0,30,,53284,24,,,0,70,,53301,24,,,0,30,,53302,24,,,0,70,,53303,24,,,0,30,,53304,24,,,0,70,,53305,24,,,0,30,,53306,24,,,0,70,,53307,24,,,0,30,,53308,24,,,0,70,,53309,24,,,0,30,,53299,24,,,0,70,,53300,24,,,0,71,,53285,24,,,0,30,,53286,24,,,0,70,,53287,24,,,0,30,,53288,24,,,0,70,,53289,24,,,0,29,,53290,24,,,0,30,,53291,24,,,0,70,,53292,24,,,0,30,,53298,24,,,0,70,,53293,24,,,0,98,,53294,24,,,0,100,,53295,24,,,0,100,,53296,24,,,0,100,,53297,24,,,0
2019,'1910',626,,53311,15,,,0,30,,53318,24,,,0,70,,53327,24,,,0,30,,53334,24,,,0,70,,53312,24,,,0,30,,53319,24,,,0,70,,53328,24,,,0,30,,53335,24,,,0,73,,53313,24,,,0,30,,53320,24,,,0,70,,53329,24,,,0,30,,53336,24,,,0,70,,53314,24,,,0,30,,53321,24,,,0,70,,53330,24,,,0,30,,53337,24,,,0,70,,53315,24,,,0,30,,53322,24,,,0,70,,53331,24,,,0,30,,53338,24,,,0,70,,53316,24,,,0,30,,53323,24,,,0,70,,53332,24,,,0,30,,53339,24,,,0,70,,53317,24,,,0,30,,53324,24,,,0,70,,53333,24,,,0,99,,53325,24,,,0,100,,53340,24,,,0,100,,53326,24,,,0,100,,53341,24,,,0
2019,'1911',658,,53369,24,,,0,70,,53346,24,,,0,30,,53350,24,,,0,70,,53362,24,,,0,30,,53357,24,,,0,70,,53347,24,,,0,30,,53351,24,,,0,70,,53363,24,,,0,30,,53358,24,,,0,70,,53348,24,,,0,30,,53352,24,,,0,70,,53364,24,,,0,30,,53359,24,,,0,70,,53349,24,,,0,30,,53353,24,,,0,70,,53365,24,,,0,30,,53360,24,,,0,70,,53344,24,,,0,30,,53354,24,,,0,70,,53366,24,,,0,30,,53361,24,,,0,70,,53342,24,,,0,30,,53355,24,,,0,70,,53367,24,,,0,100,,53343,24,,,0,100,,53368,24,,,0,100,,53345,24,,,0,100,,53356,24,,,0,99,,53370,24,,,0
2019,'1912',658,,53398,24,,,0,70,,53375,24,,,0,30,,53379,24,,,0,70,,53391,24,,,0,30,,53386,24,,,0,70,,53376,24,,,0,30,,53380,24,,,0,70,,53392,24,,,0,30,,53387,24,,,0,70,,53377,24,,,0,30,,53381,24,,,0,70,,53393,24,,,0,30,,53388,24,,,0,70,,53378,24,,,0,30,,53382,24,,,0,70,,53394,24,,,0,30,,53389,24,,,0,70,,53373,24,,,0,30,,53383,24,,,0,70,,53395,24,,,0,30,,53390,24,,,0,70,,53371,24,,,0,30,,53384,24,,,0,70,,53396,24,,,0,100,,53372,24,,,0,100,,53397,24,,,0,100,,53374,24,,,0,100,,53385,24,,,0,99,,53399,24,,,0
12019,'1909',637,,54873,15,,,0,71,,54876,15,,,0,31,,54869,15,,,0,70,,54877,15,,,0,30,,54878,15,,,0,70,,54875,15,0,5 2 12,0,30,,54864,15,0,5 2 12,0,70,,54865,15,0,5 2 12,0,30,,54855,15,0,5 2 12,0,70,,54856,15,0,5 2 12,0,30,,54857,15,0,5 2 12,0,70,,54858,15,0,5 2 12,0,30,,54859,15,0,5 2 12,0,70,,54860,15,0,5 2 12,0,30,,54861,15,0,5 2 12,0,70,,54862,15,0,5 2 12,0,30,,54863,15,,,0,69,,54872,15,,,0,30,,54868,15,,,0,70,,54870,15,,,0,30,,54867,15,,,0,70,,54871,15,,,0,30,,54866,15,,,0,70,,54874,15,,,0
14000001019,'1907',2421,,58765,31,,,0,30,,58764,31,,,0,70,,58763,31,,,0,30,,58766,31,,,0,70,,58767,31,,,0
14000001019,'1909',2421,,58771,31,,,0,30,,58768,31,,,0,70,,58769,31,,,0,30,,58770,31,,,0,70,,58772,31,,,0
14000001019,'1910',2421,,58776,31,,,0,30,,58773,31,,,0,70,,58775,31,,,0,30,,58774,31,,,0,70,,58777,31,,,0
14000001019,'1911',2421,,58780,31,,,0,30,,58779,31,,,0,70,,58778,31,,,0,30,,58781,31,,,0,70,,58782,31,,,0
14000001019,'1912',2421,,58785,31,,,0,30,,58784,31,,,0,70,,58783,31,,,0,30,,58786,31,,,0,70,,58787,31,,,0
