2029,'1907',613,,59290,13,,,0,30,,59298,13,,,0,67,,59309,13,,,0,28,,59304,13,,,0,70,,59291,13,,,0,30,,59299,13,,,0,70,,59310,13,,,0,30,,59305,13,,,0,70,,59292,13,,,0,30,,59300,13,,,0,70,,59311,13,,,0,30,,59306,13,,,0,70,,59293,13,,,0,30,,59301,13,,,0,70,,59312,13,,,0,30,,59307,13,,,0,70,,59294,13,,,0,30,,59302,13,,,0,70,,59313,13,,,0,30,,59308,13,,,0,70,,59295,13,,,0,30,,59303,13,,,0,70,,59314,13,,,0,29,,59318,13,0,5 2 13 14,0,71,,59296,13,,,0,29,,59317,13,0,5 2 13 14,0,71,,59315,13,,,0,100,,59297,13,,,0,101,,59316,13,,,0,100,,59289,13,,,0,93,,59319,13,0,5 2 13 14,0,101,,59320,13,0,5 2 13 14,0
2029,'1909',540,,59321,13,,,0,70,,59322,13,,,0,26,,59323,13,,,0,69,,59324,13,,,0,30,,59325,13,,,0,70,,59326,13,,,0,30,,59327,13,,,0,72,,59328,13,,,0,31,,59329,13,,,0,71,,59352,13,,,0,30,,59348,13,,,0,70,,59354,13,,,0,30,,59350,13,,,0,70,,59351,13,,,0,30,,59347,13,,,0,70,,59353,13,,,0,30,,59349,13,,,0,70,,59355,13,,,0,31,,59330,13,,,0,74,,59331,13,,,0,30,,59332,13,,,0,70,,59333,13,,,0,30,,59334,13,,,0,70,,59335,13,,,0,28,,59336,13,,,0,67,,59337,13,,,0,30,,59341,13,,,0,70,,59342,13,,,0,29,,59345,13,0,5 2 13 14,0,71,,59343,13,,,0,97,,59344,13,,,0,100,,59340,13,,,0,99,,59339,13,0,5 2 13 14,0,98,,59346,13,0,5 2 13 14,0
2029,'1910',543,,59387,13,0,5 2 15 16 17,0,70,,59370,13,,,0,30,,59377,13,,,0,65,,59356,13,,,0,30,,59362,13,,,0,70,,59371,13,,,0,30,,59378,13,,,0,70,,59357,13,,,0,30,,59363,13,,,0,70,,59372,13,,,0,30,,59379,13,,,0,70,,59358,13,,,0,30,,59364,13,,,0,70,,59373,13,,,0,30,,59380,13,,,0,70,,59359,13,,,0,30,,59365,13,,,0,70,,59374,13,,,0,30,,59381,13,,,0,70,,59360,13,,,0,30,,59366,13,,,0,70,,59375,13,,,0,30,,59382,13,,,0,70,,59361,13,,,0,30,,59367,13,,,0,70,,59376,13,,,0,30,,59383,13,,,0,70,,59368,13,,,0,29,,59389,13,0,5 2 13 14,0,71,,59384,13,,,0,100,,59369,13,,,0,100,,59385,13,,,0,96,,59386,13,0,5 2 13 14,0,98,,59388,13,0,5 2 13 14,0
2029,'1912',613,,59391,13,,,0,30,,59399,13,,,0,67,,59410,13,,,0,28,,59405,13,,,0,70,,59392,13,,,0,30,,59400,13,,,0,70,,59411,13,,,0,30,,59406,13,,,0,70,,59393,13,,,0,30,,59401,13,,,0,70,,59412,13,,,0,30,,59407,13,,,0,70,,59394,13,,,0,30,,59402,13,,,0,70,,59413,13,,,0,30,,59408,13,,,0,70,,59395,13,,,0,30,,59403,13,,,0,70,,59414,13,,,0,30,,59409,13,,,0,70,,59396,13,,,0,30,,59404,13,,,0,70,,59415,13,,,0,29,,59419,13,0,5 2 13 14,0,71,,59397,13,,,0,29,,59418,13,0,5 2 13 14,0,71,,59416,13,,,0,100,,59398,13,,,0,101,,59417,13,,,0,100,,59390,13,,,0,93,,59420,13,0,5 2 13 14,0,101,,59421,13,0,5 2 13 14,0
2029,'1924',613,,59423,13,,,0,30,,59431,13,,,0,67,,59442,13,,,0,28,,59437,13,,,0,70,,59424,13,,,0,30,,59432,13,,,0,70,,59443,13,,,0,30,,59438,13,,,0,70,,59425,13,,,0,30,,59433,13,,,0,70,,59444,13,,,0,30,,59439,13,,,0,70,,59426,13,,,0,30,,59434,13,,,0,70,,59445,13,,,0,30,,59440,13,,,0,70,,59427,13,,,0,30,,59435,13,,,0,70,,59446,13,,,0,30,,59441,13,,,0,70,,59428,13,,,0,30,,59436,13,,,0,70,,59447,13,,,0,29,,59451,13,0,5 2 13 14,0,71,,59429,13,,,0,29,,59450,13,0,5 2 13 14,0,71,,59448,13,,,0,100,,59430,13,,,0,101,,59449,13,,,0,100,,59422,13,,,0,93,,59452,13,0,5 2 13 14,0,101,,59453,13,0,5 2 13 14,0
2029,'1925',613,,59455,13,,,0,30,,59463,13,,,0,67,,59474,13,,,0,28,,59469,13,,,0,70,,59456,13,,,0,30,,59464,13,,,0,70,,59475,13,,,0,30,,59470,13,,,0,70,,59457,13,,,0,30,,59465,13,,,0,70,,59476,13,,,0,30,,59471,13,,,0,70,,59458,13,,,0,30,,59466,13,,,0,70,,59477,13,,,0,30,,59472,13,,,0,70,,59459,13,,,0,30,,59467,13,,,0,70,,59478,13,,,0,30,,59473,13,,,0,70,,59460,13,,,0,30,,59468,13,,,0,70,,59479,13,,,0,29,,59483,13,0,5 2 13 14,0,71,,59461,13,,,0,29,,59482,13,0,5 2 13 14,0,71,,59480,13,,,0,100,,59462,13,,,0,101,,59481,13,,,0,100,,59454,13,,,0,93,,59484,13,0,5 2 13 14,0,101,,59485,13,0,5 2 13 14,0
7029,'1907',723,,59835,25,,,0,100,,59836,25,,,0,100,,59837,25,,,0,100,,59838,25,,,0,100,,59839,25,,,0,100,,59840,25,,,0,100,,59841,25,,,0,101,,59842,25,,,0,100,,59843,25,,,0,99,,59844,25,,,0,100,,59845,25,,,0,100,,59846,25,,,0,100,,59847,25,,,0,101,,59848,25,,,0,100,,59834,25,,,0
7029,'1909',521,,54343,25,,,0,101,,54313,25,,,0,31,,59856,25,,,0,72,,54315,25,,,0,30,,59857,25,,,0,70,,54317,25,,,0,30,,59858,25,,,0,70,,54319,25,,,0,30,,54320,25,,,0,70,,54321,25,,,0,30,,54322,25,,,0,70,,54323,25,,,0,30,,59859,25,,,0,70,,59854,25,,,0,30,,59855,25,,,0,70,,54311,25,,,0,31,,59853,25,,,0,70,,59852,25,,,0,32,,54312,25,,,0,69,,54325,25,,,0,30,,59860,25,,,0,70,,59861,25,,,0,28,,54328,25,,,0,70,,54329,25,,,0,30,,54330,25,,,0,70,,59862,25,,,0,30,,59863,25,,,0,70,,54333,25,,,0,30,,54334,25,,,0,70,,59864,25,,,0,100,,54336,25,,,0,99,,59865,25,,,0,100,,54344,25,,,0
7029,'1910',625,,59875,14,,,0,29,,59869,25,,,0,70,,54359,25,,,0,30,,54346,25,,,0,70,,54360,25,,,0,30,,54347,25,,,0,70,,59870,25,,,0,30,,54348,25,,,0,70,,54362,25,,,0,30,,54349,25,,,0,70,,54363,25,,,0,30,,54350,25,,,0,70,,59871,25,,,0,30,,54351,25,,,0,70,,59872,25,,,0,30,,54352,25,,,0,70,,54366,25,,,0,30,,54353,25,,,0,70,,54367,25,,,0,30,,54354,25,,,0,70,,54368,25,,,0,30,,54355,25,,,0,70,,54369,25,,,0,30,,54356,25,,,0,70,,54370,25,,,0,30,,54357,25,,,0,70,,59873,25,,,0,30,,54358,25,,,0,70,,54372,25,,,0,100,,54373,25,,,0,100,,59874,25,,,0,100,,54375,25,,,0
7029,'1912',723,,59878,25,,,0,100,,59879,25,,,0,100,,59880,25,,,0,100,,59881,25,,,0,100,,59882,25,,,0,100,,59883,25,,,0,100,,59884,25,,,0,101,,59885,25,,,0,100,,59886,25,,,0,99,,59887,25,,,0,100,,59888,25,,,0,100,,59889,25,,,0,100,,59890,25,,,0,101,,59891,25,,,0,100,,59877,25,,,0
7029,'1924',723,,59896,25,,,0,100,,59897,25,,,0,100,,59898,25,,,0,100,,59899,25,,,0,100,,59900,25,,,0,100,,59901,25,,,0,100,,59902,25,,,0,101,,59903,25,,,0,100,,59904,25,,,0,99,,59905,25,,,0,100,,59906,25,,,0,100,,59907,25,,,0,100,,59908,25,,,0,101,,59909,25,,,0,100,,59895,25,,,0
7029,'1925',723,,59914,25,,,0,100,,59915,25,,,0,100,,59916,25,,,0,100,,59917,25,,,0,100,,59918,25,,,0,100,,59919,25,,,0,100,,59920,25,,,0,101,,59921,25,,,0,100,,59922,25,,,0,99,,59923,25,,,0,100,,59924,25,,,0,100,,59925,25,,,0,100,,59926,25,,,0,101,,59927,25,,,0,100,,59913,25,,,0
