609,'1907',849,,53886,6,0,18 7,0,100,,53870,6,0,18 7,0,100,,53882,6,0,18 7,0,100,,53872,6,0,18 7,0,101,,53885,6,0,18 7,0,100,,53868,6,0,18 7,0,100,,53884,6,0,18 7,0,100,,53874,6,0,18 7,0,100,,53883,6,0,18 7,0,100,,53871,6,0,18 7,0,99,,53881,6,0,18 7,0,100,,53869,6,0,18 7,0
609,'1909',649,,59618,18,0,18 7,0,71,,59612,18,0,18 7,0,30,,53920,18,0,18 7,0,70,,53935,18,0,18 7,0,30,,53904,18,0,18 7,0,70,,59620,18,0,18 7,0,30,,59607,18,0,18 7,0,70,,59610,18,0,18 7,0,30,,53930,18,0,18 7,0,70,,53931,18,0,18 7,0,30,,59617,18,0,18 7,0,70,,53922,18,0,18 7,0,30,,53926,18,0,18 7,0,70,,53917,18,0,18 7,0,30,,53923,18,0,18 7,0,70,,53916,18,0,18 7,0,32,,53911,18,0,18 7,0,70,,53905,18,0,18 7,0,30,,59614,18,0,18 7,0,70,,53910,18,0,18 7,0,30,,59633,18,0,18 7,0,70,,59615,18,0,18 7,0,27,,59608,18,0,18 7,0,70,,59619,18,0,18 7,0,30,,59609,18,0,18 7,0,71,,59631,18,0,18 7,0,98,,53921,18,0,18 7,0,100,,59632,18,0,18 7,0,100,,53913,18,0,18 7,0,100,,59636,18,0,18 7,0
609,'1910',647,,59663,18,0,18 7,0,70,,59647,18,0,18 7,0,30,,59676,18,0,18 7,0,70,,53974,18,0,18 7,0,30,,53992,18,0,18 7,0,71,,53973,18,0,18 7,0,30,,59675,18,0,18 7,0,70,,59646,18,0,18 7,0,30,,59662,18,0,18 7,0,70,,59645,18,0,18 7,0,32,,59674,18,0,18 7,0,70,,59644,18,0,18 7,0,30,,59661,18,0,18 7,0,70,,59642,18,0,18 7,0,30,,59660,18,0,18 7,0,70,,59638,18,0,18 7,0,30,,59686,18,0,18 7,0,70,,59659,18,0,18 7,0,30,,59640,18,0,18 7,0,70,,59670,18,0,18 7,0,30,,59639,18,0,18 7,0,68,,59671,18,0,18 7,0,30,,59641,18,0,18 7,0,70,,59672,18,0,18 7,0,30,,59643,18,0,18 7,0,69,,59673,18,0,18 7,0,102,,59683,6,0,18 7,0,100,,54019,6,0,18 7,0
609,'1912',849,,54077,6,0,18 7,0,100,,54061,6,0,18 7,0,100,,54073,6,0,18 7,0,100,,54063,6,0,18 7,0,101,,54076,6,0,18 7,0,100,,54059,6,0,18 7,0,100,,54075,6,0,18 7,0,100,,54065,6,0,18 7,0,100,,54074,6,0,18 7,0,100,,54062,6,0,18 7,0,99,,54072,6,0,18 7,0,100,,54060,6,0,18 7,0
609,'1924',849,,54041,6,0,18 7,0,100,,54025,6,0,18 7,0,100,,54037,6,0,18 7,0,100,,54027,6,0,18 7,0,101,,54040,6,0,18 7,0,100,,54023,6,0,18 7,0,100,,54039,6,0,18 7,0,100,,54029,6,0,18 7,0,100,,54038,6,0,18 7,0,100,,54026,6,0,18 7,0,99,,54036,6,0,18 7,0,100,,54024,6,0,18 7,0
609,'1925',849,,59706,6,0,18 7,0,100,,59690,6,0,18 7,0,100,,59702,6,0,18 7,0,100,,59692,6,0,18 7,0,101,,59705,6,0,18 7,0,100,,59688,6,0,18 7,0,100,,59704,6,0,18 7,0,100,,59694,6,0,18 7,0,100,,59703,6,0,18 7,0,100,,59691,6,0,18 7,0,99,,59701,6,0,18 7,0,100,,59689,6,0,18 7,0
10019,'1907',734,,54449,5,,,0,70,,54450,5,,,0,30,,54451,5,,,0,70,,54452,5,,,0,30,,54453,5,,,0,70,,54454,5,,,0,30,,54455,5,,,0,70,,54456,5,,,0,30,,54457,5,,,0,71,,54458,5,,,0,30,,54459,5,,,0,70,,59947,5,,,0,30,,54461,5,,,0,70,,54462,5,,,0,30,,54463,5,,,0,70,,54464,5,,,0,30,,54465,5,,,0,70,,54466,5,,,0,30,,59948,5,,,0,70,,54468,5,,,0,30,,54469,5,,,0,69,,54470,5,,,0,30,,54471,5,,,0,70,,54472,5,,,0
10019,'1909',534,,59949,5,,,0,70,,54474,5,,,0,30,,59950,5,,,0,71,,54476,5,,,0,30,,59951,5,,,0,70,,54478,5,,,0,30,,54479,5,,,0,70,,54480,5,,,0,30,,54481,5,,,0,70,,54482,5,,,0,30,,54483,5,,,0,70,,59952,5,,,0,30,,54485,5,,,0,70,,54486,5,,,0,30,,54487,5,,,0,70,,54488,5,,,0,30,,54489,5,,,0,70,,59953,5,,,0,31,,59954,5,,,0,70,,59955,5,,,0,30,,59956,5,,,0,70,,59957,5,,,0,30,,59958,5,,,0,70,,59959,5,,,0,28,,59960,5,,,0,70,,59961,5,,,0,30,,54499,5,,,0,70,,59962,5,,,0,30,,54501,5,,,0,70,,54502,5,,,0,30,,54503,5,,,0,70,,54504,5,,,0,100,,54505,5,,,0
10019,'1910',634,,54506,5,,,0,70,,54507,5,,,0,30,,59963,5,,,0,70,,59964,5,,,0,30,,54510,5,,,0,70,,54511,5,,,0,30,,59965,5,,,0,71,,54513,5,,,0,30,,54514,5,,,0,70,,54515,5,,,0,30,,54516,5,,,0,70,,54517,5,,,0,30,,54518,5,,,0,70,,54519,5,,,0,30,,54520,5,,,0,70,,54521,5,,,0,30,,54522,5,,,0,70,,54523,5,,,0,30,,54524,5,,,0,70,,54525,5,,,0,30,,59966,5,,,0,70,,54527,5,,,0,30,,54528,5,,,0,70,,59967,5,,,0,30,,54530,5,,,0,69,,54531,5,,,0,100,,54532,5,,,0,100,,54533,5,,,0
10019,'1912',734,,54558,5,,,0,70,,54559,5,,,0,30,,54560,5,,,0,70,,54561,5,,,0,30,,54562,5,,,0,70,,54563,5,,,0,30,,54564,5,,,0,70,,54565,5,,,0,30,,54566,5,,,0,71,,54567,5,,,0,30,,54568,5,,,0,70,,59968,5,,,0,30,,54570,5,,,0,70,,54571,5,,,0,30,,54572,5,,,0,70,,54573,5,,,0,30,,54574,5,,,0,70,,54575,5,,,0,30,,59969,5,,,0,70,,54577,5,,,0,30,,54578,5,,,0,69,,54579,5,,,0,30,,54580,5,,,0,70,,54581,5,,,0
10019,'1924',734,,54534,5,,,0,70,,54535,5,,,0,30,,54536,5,,,0,70,,54537,5,,,0,30,,54538,5,,,0,70,,54539,5,,,0,30,,54540,5,,,0,70,,54541,5,,,0,30,,54542,5,,,0,71,,54543,5,,,0,30,,54544,5,,,0,70,,59970,5,,,0,30,,54546,5,,,0,70,,54547,5,,,0,30,,54548,5,,,0,70,,54549,5,,,0,30,,54550,5,,,0,70,,54551,5,,,0,30,,59971,5,,,0,70,,54553,5,,,0,30,,54554,5,,,0,69,,54555,5,,,0,30,,54556,5,,,0,70,,54557,5,,,0
10019,'1925',734,,59972,5,,,0,70,,59973,5,,,0,30,,59974,5,,,0,70,,59975,5,,,0,30,,59976,5,,,0,70,,59977,5,,,0,30,,59978,5,,,0,70,,59979,5,,,0,30,,59980,5,,,0,71,,59981,5,,,0,30,,59982,5,,,0,70,,59983,5,,,0,30,,59984,5,,,0,70,,59985,5,,,0,30,,59986,5,,,0,70,,59987,5,,,0,30,,59988,5,,,0,70,,59989,5,,,0,30,,59990,5,,,0,70,,59991,5,,,0,30,,59992,5,,,0,69,,59993,5,,,0,30,,59994,5,,,0,70,,59995,5,,,0
