4019,'1907',802,,53591,9,,,0,30,,53592,9,,,0,70,,53589,9,,,0,30,,53593,9,,,0,70,,53590,9,,,0,30,,53574,9,,,0,70,,53578,9,,,0,30,,53582,9,,,0,70,,53585,9,,,0,31,,53570,9,,,0,69,,53573,9,,,0,30,,53577,9,,,0,69,,53581,9,,,0,30,,53583,9,,,0,70,,53569,9,,,0,30,,53572,9,,,0,70,,53576,9,,,0,30,,53580,9,,,0,70,,53584,9,,,0,31,,53568,9,,,0,70,,53571,9,,,0,30,,53575,9,,,0,70,,53579,9,,,0,30,,53588,9,,,0,70,,53594,9,,,0,30,,53586,9,,,0,70,,53595,9,,,0,30,,53587,9,,,0
4019,'1909',632,,53602,9,,,0,70,,53628,9,,,0,30,,53603,9,,,0,27,,53604,9,,,0,76,,53605,9,,,0,24,,53606,9,,,0,76,,53607,9,,,0,67,,53608,9,,,0,29,,53609,9,,,0,70,,53610,9,,,0,31,,53611,9,,,0,72,,53612,9,,,0,30,,53613,9,,,0,70,,53614,9,,,0,30,,53615,9,,,0,70,,53616,9,,,0,30,,53617,9,,,0,74,,53618,9,,,0,30,,53619,9,,,0,71,,53620,9,,,0,24,,53621,9,,,0,75,,53622,9,,,0,23,,53623,9,,,0,76,,53624,9,,,0,20,,53625,9,,,0,75,,53626,9,,,0,30,,53627,9,,,0,70,,53596,9,,,0,30,,53597,9,,,0,70,,53598,9,,,0,30,,53599,9,,,0,70,,53600,9,,,0,30,,53601,9,,,0
4019,'1910',702,,53660,9,,,0,30,,53636,9,,,0,70,,53630,9,,,0,30,,53640,9,,,0,70,,53651,9,,,0,30,,53646,9,,,0,71,,53634,9,,,0,30,,53656,9,,,0,70,,53633,9,,,0,30,,53653,9,,,0,69,,53648,9,,,0,31,,53641,9,,,0,70,,53654,9,,,0,30,,53657,9,,,0,70,,53632,9,,,0,30,,53643,9,,,0,70,,53631,9,,,0,30,,53637,9,,,0,70,,53655,9,,,0,30,,53652,9,,,0,70,,53649,9,,,0,30,,53638,9,,,0,70,,53658,9,,,0,30,,53659,9,,,0,69,,53629,9,,,0,30,,53644,9,,,0,70,,53642,9,,,0,30,,53650,9,,,0,70,,53635,9,,,0,30,,53645,9,,,0,70,,53639,9,,,0,30,,53647,9,,,0
4019,'1911',802,,53684,9,,,0,30,,53685,9,,,0,70,,53682,9,,,0,30,,53686,9,,,0,70,,53683,9,,,0,30,,53667,9,,,0,70,,53671,9,,,0,30,,53675,9,,,0,70,,53678,9,,,0,31,,53663,9,,,0,69,,53666,9,,,0,30,,53670,9,,,0,69,,53674,9,,,0,30,,53676,9,,,0,70,,53662,9,,,0,30,,53665,9,,,0,70,,53669,9,,,0,30,,53673,9,,,0,70,,53677,9,,,0,31,,53661,9,,,0,70,,53664,9,,,0,30,,53668,9,,,0,70,,53672,9,,,0,30,,53681,9,,,0,70,,53687,9,,,0,30,,53679,9,,,0,70,,53688,9,,,0,30,,53680,9,,,0
4019,'1912',802,,53712,9,,,0,30,,53713,9,,,0,70,,53710,9,,,0,30,,53714,9,,,0,70,,53711,9,,,0,30,,53695,9,,,0,70,,53699,9,,,0,30,,53703,9,,,0,70,,53706,9,,,0,31,,53691,9,,,0,69,,53694,9,,,0,30,,53698,9,,,0,69,,53702,9,,,0,30,,53704,9,,,0,70,,53690,9,,,0,30,,53693,9,,,0,70,,53697,9,,,0,30,,53701,9,,,0,70,,53705,9,,,0,31,,53689,9,,,0,70,,53692,9,,,0,30,,53696,9,,,0,70,,53700,9,,,0,30,,53709,9,,,0,70,,53715,9,,,0,30,,53707,9,,,0,70,,53716,9,,,0,30,,53708,9,,,0
11029,'1907',837,,54785,27,,,0,100,,54786,27,,,0,100,,54787,27,,,0,100,,54788,27,,,0,100,,54789,27,,,0,100,,54790,27,,,0,100,,54791,27,,,0,100,,54792,27,,,0,100,,54793,27,,,0,97,,54794,27,,,0,100,,54795,27,,,0,100,,54796,27,,,0,98,,54797,27,,,0
11029,'1909',637,,54813,20,,,0,100,,54799,27,,,0,100,,54800,27,,,0,100,,54801,27,,,0,100,,54802,27,,,0,100,,54803,27,,,0,100,,54804,27,,,0,100,,54805,27,,,0,101,,54806,27,,,0,100,,54807,27,,,0,100,,54808,27,,,0,100,,54809,27,,,0,99,,54810,27,,,0,100,,54811,27,,,0,100,,54812,27,,,0,94,,54798,27,,,0
11029,'1910',637,,54828,20,,,0,100,,54827,27,,,0,100,,54814,27,,,0,100,,54815,27,,,0,101,,54816,27,,,0,100,,54817,27,,,0,100,,54818,27,,,0,100,,54819,27,,,0,100,,54820,27,,,0,100,,54821,27,,,0,100,,54822,27,,,0,99,,54823,27,,,0,100,,54824,27,,,0,100,,54825,27,,,0,100,,54826,27,,,0
11029,'1911',837,,54829,27,,,0,100,,54830,27,,,0,100,,54831,27,,,0,100,,54832,27,,,0,100,,54833,27,,,0,100,,54834,27,,,0,100,,54835,27,,,0,100,,54836,27,,,0,100,,54837,27,,,0,97,,54838,27,,,0,100,,54839,27,,,0,100,,54840,27,,,0,98,,54841,27,,,0
11029,'1912',837,,54842,27,,,0,100,,54843,27,,,0,100,,54844,27,,,0,100,,54845,27,,,0,100,,54846,27,,,0,100,,54847,27,,,0,100,,54848,27,,,0,100,,54849,27,,,0,100,,54850,27,,,0,97,,54851,27,,,0,100,,54852,27,,,0,100,,54853,27,,,0,98,,54854,27,,,0
502029,'1907',640,,56936,7,,,0,70,,56922,7,,,0,30,,56939,7,,,0,70,,56953,7,,,0,30,,56933,7,,,0,70,,56952,7,,,0,30,,56935,7,,,0,71,,56951,7,,,0,30,,56930,7,,,0,70,,56950,7,,,0,30,,56925,7,,,0,71,,56949,7,,,0,30,,56928,7,,,0,70,,56947,7,,,0,30,,56926,7,,,0,70,,56948,7,,,0,30,,56929,7,,,0,70,,56946,7,,,0,30,,56923,7,,,0,70,,56945,7,,,0,30,,56927,7,,,0,70,,56944,7,,,0,30,,56924,7,,,0,69,,56943,7,,,0,30,,56937,7,,,0,70,,56942,7,,,0,30,,56938,7,,,0,69,,56941,7,,,0,30,,56931,7,,,0,70,,56954,7,,,0,30,,56940,7,,,0,70,,56955,7,,,0,30,,56934,7,,,0,70,,56956,7,,,0,30,,56932,7,,,0
502029,'1909',610,,56957,7,,,0,30,,56958,7,,,0,65,,56998,7,,,0,10,,56959,7,,,0,26,,56960,7,,,0,64,,56961,7,,,0,12,,56962,7,,,0,24,,56963,7,,,0,64,,56964,7,,,0,12,,56965,7,,,0,24,,56966,7,,,0,72,,56967,7,,,0,30,,56968,7,,,0,70,,56969,7,,,0,30,,56970,7,,,0,70,,56971,7,,,0,30,,56972,7,,,0,70,,56973,7,,,0,30,,56974,7,,,0,70,,56975,7,,,0,34,,56976,7,,,0,70,,56977,7,,,0,30,,56978,7,,,0,68,,56979,7,,,0,24,,56980,7,,,0,12,,56981,7,,,0,62,,56982,7,,,0,5,,56999,7,,,0,18,,56983,7,,,0,12,,56984,7,,,0,64,,56985,7,,,0,22,,56986,7,,,0,12,,56987,7,,,0,66,,56988,7,,,0,30,,56989,7,,,0,69,,56990,7,,,0,30,,56991,7,,,0,70,,56992,7,,,0,30,,56993,7,,,0,70,,56994,7,,,0,30,,56995,7,,,0,69,,56996,7,,,0,30,,56997,7,,,0
502029,'1910',641,,57007,7,,,0,70,,57014,7,,,0,30,,57006,7,,,0,70,,57015,7,,,0,30,,57005,7,,,0,70,,57016,7,,,0,30,,57004,7,,,0,72,,57017,7,,,0,30,,57025,7,,,0,70,,57018,7,,,0,30,,57026,7,,,0,70,,57019,7,,,0,30,,57027,7,,,0,70,,57020,7,,,0,30,,57028,7,,,0,70,,57021,7,,,0,30,,57029,7,,,0,70,,57022,7,,,0,30,,57030,7,,,0,70,,57023,7,,,0,30,,57031,7,,,0,70,,57024,7,,,0,30,,57032,7,,,0,70,,57008,7,,,0,30,,57033,7,,,0,68,,57010,7,,,0,30,,57034,7,,,0,70,,57009,7,,,0,30,,57003,7,,,0,69,,57011,7,,,0,30,,57002,7,,,0,70,,57012,7,,,0,30,,57001,7,,,0,70,,57013,7,,,0,30,,57000,7,,,0
502029,'1911',640,,57049,7,,,0,70,,57035,7,,,0,30,,57052,7,,,0,70,,57066,7,,,0,30,,57046,7,,,0,70,,57065,7,,,0,30,,57048,7,,,0,71,,57064,7,,,0,30,,57043,7,,,0,70,,57063,7,,,0,30,,57038,7,,,0,71,,57062,7,,,0,30,,57041,7,,,0,70,,57060,7,,,0,30,,57039,7,,,0,70,,57061,7,,,0,30,,57042,7,,,0,70,,57059,7,,,0,30,,57036,7,,,0,70,,57058,7,,,0,30,,57040,7,,,0,70,,57057,7,,,0,30,,57037,7,,,0,69,,57056,7,,,0,30,,57050,7,,,0,70,,57055,7,,,0,30,,57051,7,,,0,69,,57054,7,,,0,30,,57044,7,,,0,70,,57067,7,,,0,30,,57053,7,,,0,70,,57068,7,,,0,30,,57047,7,,,0,70,,57069,7,,,0,30,,57045,7,,,0
502029,'1912',640,,57084,7,,,0,70,,57070,7,,,0,30,,57087,7,,,0,70,,57101,7,,,0,30,,57081,7,,,0,70,,57100,7,,,0,30,,57083,7,,,0,71,,57099,7,,,0,30,,57078,7,,,0,70,,57098,7,,,0,30,,57073,7,,,0,71,,57097,7,,,0,30,,57076,7,,,0,70,,57095,7,,,0,30,,57074,7,,,0,70,,57096,7,,,0,30,,57077,7,,,0,70,,57094,7,,,0,30,,57071,7,,,0,70,,57093,7,,,0,30,,57075,7,,,0,70,,57092,7,,,0,30,,57072,7,,,0,69,,57091,7,,,0,30,,57085,7,,,0,70,,57090,7,,,0,30,,57086,7,,,0,69,,57089,7,,,0,30,,57079,7,,,0,70,,57102,7,,,0,30,,57088,7,,,0,70,,57103,7,,,0,30,,57082,7,,,0,70,,57104,7,,,0,30,,57080,7,,,0
14000001029,'1907',603,,58794,42,0,18 7,0,1811,,58788,42,,,0,29,,58792,42,,,0,70,,58793,42,,,0,30,,58790,42,,,0,70,,58791,42,,,0,30,,58789,42,,,0
14000001029,'1909',501,,58795,42,0,18 7,0,102,,58796,42,0,18 7,0,1811,,58798,42,,,0,29,,58799,42,,,0,70,,58802,42,,,0,30,,58797,42,,,0,70,,58800,42,,,0,30,,58801,42,,,0
14000001029,'1910',603,,58807,42,0,18 7,0,1811,,58809,42,,,0,29,,58804,42,,,0,70,,58803,42,,,0,30,,58805,42,,,0,70,,58808,42,,,0,30,,58806,42,,,0
14000001029,'1911',603,,58816,42,0,18 7,0,1811,,58810,42,,,0,29,,58814,42,,,0,70,,58815,42,,,0,30,,58812,42,,,0,70,,58813,42,,,0,30,,58811,42,,,0
14000001029,'1912',603,,58823,42,0,18 7,0,1811,,58817,42,,,0,29,,58821,42,,,0,70,,58822,42,,,0,30,,58819,42,,,0,70,,58820,42,,,0,30,,58818,42,,,0
