2029,'1907',619,,53401,19,,,0,30,,53409,19,,,0,68,,53420,19,,,0,30,,53415,19,,,0,70,,53402,19,,,0,30,,53410,19,,,0,71,,53421,19,,,0,30,,53416,19,,,0,55,,53432,4,0,12,0,15,,53403,19,,,0,30,,53411,19,,,0,70,,53422,19,,,0,30,,53417,19,,,0,70,,53404,19,,,0,30,,53412,19,,,0,70,,53423,19,,,0,30,,53418,19,,,0,70,,53405,19,,,0,30,,53413,19,,,0,70,,53424,19,,,0,30,,53419,19,,,0,70,,53406,19,,,0,30,,53414,19,,,0,70,,53425,19,,,0,100,,53407,19,,,0,98,,53426,19,,,0,100,,53408,19,,,0,101,,53427,19,,,0,100,,53400,19,,,0
2029,'1909',523,,53450,4,,,0,25,,53433,19,,,0,70,,53434,19,,,0,28,,53435,19,,,0,70,,53436,19,,,0,28,,53437,19,,,0,70,,53438,19,,,0,30,,53439,19,,,0,72,,53440,19,,,0,30,,53441,19,,,0,70,,53464,19,,,0,30,,53460,19,,,0,70,,53466,19,,,0,30,,53462,19,,,0,70,,53463,19,,,0,30,,53459,19,,,0,70,,53465,19,,,0,30,,53461,19,,,0,70,,53467,19,,,0,32,,53442,19,,,0,74,,53443,19,,,0,30,,53444,19,,,0,70,,53445,19,,,0,30,,53446,19,,,0,70,,53447,19,,,0,28,,53448,19,,,0,67,,53449,19,,,0,30,,53453,19,,,0,70,,53454,19,,,0,100,,53455,19,,,0,100,,53456,19,,,0,100,,53452,19,,,0
2029,'1910',549,,53499,19,0,5 2 15 16 17,0,70,,53482,19,,,0,30,,53489,19,,,0,68,,53468,19,,,0,30,,53474,19,,,0,70,,53483,19,,,0,30,,53490,19,,,0,71,,53469,19,,,0,30,,53475,19,,,0,70,,53484,19,,,0,30,,53491,19,,,0,70,,53470,19,,,0,30,,53476,19,,,0,70,,53485,19,,,0,30,,53492,19,,,0,70,,53471,19,,,0,30,,53477,19,,,0,70,,53486,19,,,0,30,,53493,19,,,0,70,,53472,19,,,0,30,,53478,19,,,0,70,,53487,19,,,0,30,,53494,19,,,0,70,,53473,19,,,0,30,,53479,19,,,0,70,,53488,19,,,0,30,,53495,19,,,0,69,,53480,19,,,0,100,,53496,19,,,0,100,,53481,19,,,0,100,,53497,19,,,0
2029,'1911',619,,53503,19,,,0,30,,53511,19,,,0,68,,53522,19,,,0,30,,53517,19,,,0,70,,53504,19,,,0,30,,53512,19,,,0,71,,53523,19,,,0,30,,53518,19,,,0,55,,53534,4,0,12,0,15,,53505,19,,,0,30,,53513,19,,,0,70,,53524,19,,,0,30,,53519,19,,,0,70,,53506,19,,,0,30,,53514,19,,,0,70,,53525,19,,,0,30,,53520,19,,,0,70,,53507,19,,,0,30,,53515,19,,,0,70,,53526,19,,,0,30,,53521,19,,,0,70,,53508,19,,,0,30,,53516,19,,,0,70,,53527,19,,,0,100,,53509,19,,,0,98,,53528,19,,,0,100,,53510,19,,,0,101,,53529,19,,,0,100,,53502,19,,,0
2029,'1912',619,,53536,19,,,0,30,,53544,19,,,0,68,,53555,19,,,0,30,,53550,19,,,0,70,,53537,19,,,0,30,,53545,19,,,0,71,,53556,19,,,0,30,,53551,19,,,0,55,,53567,4,0,12,0,15,,53538,19,,,0,30,,53546,19,,,0,70,,53557,19,,,0,30,,53552,19,,,0,70,,53539,19,,,0,30,,53547,19,,,0,70,,53558,19,,,0,30,,53553,19,,,0,70,,53540,19,,,0,30,,53548,19,,,0,70,,53559,19,,,0,30,,53554,19,,,0,70,,53541,19,,,0,30,,53549,19,,,0,70,,53560,19,,,0,100,,53542,19,,,0,98,,53561,19,,,0,100,,53543,19,,,0,101,,53562,19,,,0,100,,53535,19,,,0
7029,'1907',717,,54274,15,,,0,99,,54275,15,,,0,100,,54276,15,,,0,100,,54277,15,,,0,100,,54278,15,,,0,100,,54279,15,,,0,100,,54280,15,,,0,101,,54281,15,,,0,100,,54282,15,,,0,99,,54283,15,,,0,100,,54284,15,,,0,100,,54285,15,,,0,100,,54286,15,,,0,101,,54287,15,,,0,27,,54294,15,0,13 33,0,73,,54273,15,,,0
7029,'1909',514,,54343,15,,,0,35,,54342,15,0,13 33,0,67,,54313,15,,,0,30,,54314,15,,,0,72,,54315,15,,,0,30,,54316,15,,,0,70,,54317,15,,,0,30,,54318,15,,,0,70,,54319,15,,,0,30,,54320,15,,,0,70,,54321,15,,,0,30,,54322,15,,,0,70,,54323,15,,,0,30,,54324,15,,,0,70,,54309,15,,,0,30,,54310,15,,,0,70,,54311,15,,,0,31,,54308,15,,,0,70,,54307,15,,,0,30,,54312,15,,,0,70,,54325,15,,,0,30,,54326,15,,,0,70,,54327,15,,,0,29,,54328,15,,,0,70,,54329,15,,,0,30,,54330,15,,,0,70,,54331,15,,,0,30,,54332,15,,,0,70,,54333,15,,,0,30,,54334,15,,,0,70,,54335,15,,,0,100,,54336,15,,,0,99,,54337,15,,,0,100,,54344,15,,,0
7029,'1910',618,,54376,4,,,0,29,,54345,15,,,0,70,,54359,15,,,0,30,,54346,15,,,0,70,,54360,15,,,0,30,,54347,15,,,0,70,,54361,15,,,0,30,,54348,15,,,0,70,,54362,15,,,0,30,,54349,15,,,0,70,,54363,15,,,0,30,,54350,15,,,0,70,,54364,15,,,0,30,,54351,15,,,0,70,,54365,15,,,0,30,,54352,15,,,0,70,,54366,15,,,0,30,,54353,15,,,0,70,,54367,15,,,0,30,,54354,15,,,0,70,,54368,15,,,0,30,,54355,15,,,0,70,,54369,15,,,0,30,,54356,15,,,0,70,,54370,15,,,0,30,,54357,15,,,0,70,,54371,15,,,0,30,,54358,15,,,0,70,,54372,15,,,0,100,,54373,15,,,0,100,,54374,15,,,0,100,,54375,15,,,0
7029,'1911',717,,54382,15,,,0,99,,54383,15,,,0,100,,54384,15,,,0,100,,54385,15,,,0,100,,54386,15,,,0,100,,54387,15,,,0,100,,54388,15,,,0,101,,54389,15,,,0,100,,54390,15,,,0,99,,54391,15,,,0,100,,54392,15,,,0,100,,54393,15,,,0,100,,54394,15,,,0,101,,54395,15,,,0,27,,54402,15,0,13 33,0,73,,54381,15,,,0
7029,'1912',717,,54416,15,,,0,99,,54417,15,,,0,100,,54418,15,,,0,100,,54419,15,,,0,100,,54420,15,,,0,100,,54421,15,,,0,100,,54422,15,,,0,101,,54423,15,,,0,100,,54424,15,,,0,99,,54425,15,,,0,100,,54426,15,,,0,100,,54427,15,,,0,100,,54428,15,,,0,101,,54429,15,,,0,27,,54436,15,0,13 33,0,73,,54415,15,,,0
14000001029,'1907',532,,58794,4,0,18 7,0,1811,,58788,4,,,0,69,,58792,4,,,0,30,,58793,4,,,0,70,,58790,4,,,0,30,,58791,4,,,0,70,,58789,4,,,0
14000001029,'1909',430,,58795,4,0,18 7,0,102,,58796,4,0,18 7,0,1811,,58798,4,,,0,69,,58799,4,,,0,30,,58802,4,,,0,70,,58797,4,,,0,30,,58800,4,,,0,70,,58801,4,,,0
14000001029,'1910',532,,58807,4,0,18 7,0,1811,,58809,4,,,0,69,,58804,4,,,0,30,,58803,4,,,0,70,,58805,4,,,0,30,,58808,4,,,0,70,,58806,4,,,0
14000001029,'1911',532,,58816,4,0,18 7,0,1811,,58810,4,,,0,69,,58814,4,,,0,30,,58815,4,,,0,70,,58812,4,,,0,30,,58813,4,,,0,70,,58811,4,,,0
14000001029,'1912',532,,58823,4,0,18 7,0,1811,,58817,4,,,0,69,,58821,4,,,0,30,,58822,4,,,0,70,,58819,4,,,0,30,,58820,4,,,0,70,,58818,4,,,0
