60019,'1912',604,,56127,1,,,0,30,,56113,1,,,0,70,,56124,1,,,0,30,,56112,1,,,0,71,,56123,1,,,0,29,,56119,1,,,0,70,,56128,1,,,0,30,,56111,1,,,0,70,,56126,1,,,0,30,,56110,1,,,0,70,,56121,1,,,0,30,,56115,1,,,0,70,,56106,1,,,0,30,,56114,1,,,0,70,,56130,1,,,0,30,,56120,1,,,0,70,,56122,1,,,0,30,,56135,1,,,0,70,,56108,1,,,0,30,,56131,1,,,0,70,,56118,1,,,0,30,,56134,1,,,0,70,,56129,1,,,0,30,,56133,1,,,0,70,,56116,1,,,0,30,,56136,1,,,0,70,,56107,1,,,0,30,,56132,1,,,0,70,,56109,1,,,0,30,,56117,1,,,0,70,,56125,1,,,0,30,,56137,1,,,0,70,,56105,1,,,0
60019,'1925',604,,60843,1,,,0,30,,60854,1,,,0,70,,60852,1,,,0,30,,60848,1,,,0,71,,60856,1,,,0,29,,60855,1,,,0,70,,60853,1,,,0,30,,60849,1,,,0,70,,60844,1,,,0,30,,60851,1,,,0,70,,60857,1,,,0,30,,60867,1,,,0,70,,60845,1,,,0,30,,60850,1,,,0,70,,60846,1,,,0,30,,60873,1,,,0,70,,60847,1,,,0,30,,60872,1,,,0,70,,60864,1,,,0,30,,60870,1,,,0,70,,60863,1,,,0,30,,60869,1,,,0,70,,60859,1,,,0,30,,60865,1,,,0,70,,60862,1,,,0,30,,60868,1,,,0,70,,60861,1,,,0,30,,60866,1,,,0,70,,60858,1,,,0,30,,60871,1,,,0,70,,60860,1,,,0
60029,'1912',630,,56146,10,4,,0,24,,56161,10,4,,0,70,,56148,10,4,,0,30,,56163,10,4,,0,70,,56157,10,4,,0,30,,56162,10,4,,0,70,,56152,10,4,,0,30,,56153,10,4,,0,69,,56154,10,4,,0,30,,56156,10,4,,0,70,,56150,10,4,,0,30,,56164,10,4,,0,70,,56145,10,4,,0,30,,56155,10,4,,0,70,,56143,10,4,,0,30,,56141,10,4,,0,70,,56144,10,4,,0,30,,56165,10,4,,0,70,,56166,10,4,,0,30,,56142,10,4,,0,70,,56169,10,4,,0,30,,56140,10,4,,0,70,,56168,10,4,,0,30,,56138,10,4,,0,70,,56167,10,4,,0,30,,56151,10,4,,0,70,,56159,10,4,,0,30,,56139,10,4,,0,70,,56158,10,4,,0,29,,56160,10,4,,0,71,,56147,10,4,,0,30,,56149,10,4,,0
60029,'1925',630,,60879,10,4,,0,24,,60876,10,4,,0,70,,60885,10,4,,0,30,,60884,10,4,,0,70,,60880,10,4,,0,30,,60875,10,4,,0,70,,60883,10,4,,0,30,,60886,10,4,,0,69,,60900,10,4,,0,30,,60877,10,4,,0,70,,60881,10,4,,0,30,,60894,10,4,,0,70,,60887,10,4,,0,30,,60889,10,4,,0,70,,60890,10,4,,0,30,,60898,10,4,,0,70,,60899,10,4,,0,30,,60874,10,4,,0,70,,60888,10,4,,0,30,,60897,10,4,,0,70,,60882,10,4,,0,30,,60896,10,4,,0,70,,60878,10,4,,0,30,,60895,10,4,,0,70,,60903,10,4,,0,30,,60893,10,4,,0,70,,60902,10,4,,0,30,,60892,10,4,,0,70,,60901,10,4,,0,30,,60891,10,4,,0
701019,'1907',604,,57471,1,,,0,28,,57504,1,,,0,68,,61385,1,,,0,30,,57468,1,,,0,70,,57495,1,,,0,30,,61380,1,,,0,70,,57467,1,,,0,30,,57497,1,,,0,70,,61381,1,,,0,30,,57464,1,,,0,70,,57499,1,,,0,30,,57474,1,,,0,70,,57463,1,,,0,30,,57494,1,,,0,70,,57478,1,,,0,30,,57461,1,,,0,70,,57498,1,,,0,30,,57477,1,,,0,70,,57459,1,,,0,30,,57496,1,,,0,70,,57473,1,,,0,30,,57457,1,,,0,70,,57500,1,,,0,30,,57483,1,,,0,70,,57454,1,,,0,30,,57513,1,,,0,70,,57486,1,,,0,30,,57452,1,,,0,70,,57508,1,,,0,30,,57489,1,,,0,70,,57449,1,,,0,30,,57503,1,,,0,70,,57487,1,,,0,30,,57451,1,,,0,70,,57507,1,,,0,25,,57519,1,,,0
701019,'1909',545,,57611,1,,,0,70,,57612,1,,,0,18,,57622,1,,,0,14,,57613,1,,,0,68,,57621,1,,,0,15,,57614,1,,,0,25,,57615,1,,,0,53,,61407,1,,,0,20,,57617,1,,,0,30,,57584,1,,,0,70,,61412,1,,,0,30,,61402,1,,,0,70,,57586,1,,,0,30,,57587,1,,,0,70,,61403,1,,,0,30,,57589,1,,,0,70,,57590,1,,,0,30,,61404,1,,,0,70,,61405,1,,,0,30,,57593,1,,,0,70,,57594,1,,,0,14,,57626,1,0,5 2 11 2 12,0,16,,61413,1,,,0,51,,57595,1,,,0,20,,61408,1,,,0,19,,57625,1,0,5 2 11 2 12,0,61,,57596,1,,,0,20,,57597,1,,,0,21,,57627,1,0,5 2 11 2 12,0,60,,57618,1,,,0,20,,57610,1,,,0,25,,57609,1,,,0,60,,61406,1,,,0,15,,57598,1,,,0,70,,57599,1,,,0,30,,57600,1,,,0,70,,57601,1,,,0,30,,57602,1,,,0,70,,57603,1,,,0,30,,57604,1,,,0,70,,57605,1,,,0,30,,57606,1,,,0,70,,57607,1,,,0,25,,61410,1,,,0
701019,'1910',604,,57660,1,,,0,28,,57640,1,,,0,68,,57657,1,,,0,30,,57653,1,,,0,70,,57655,1,,,0,30,,57656,1,,,0,70,,57658,1,,,0,30,,57654,1,,,0,70,,57690,1,,,0,30,,57699,1,,,0,70,,57686,1,,,0,30,,57695,1,,,0,70,,57691,1,,,0,30,,57684,1,,,0,70,,57729,1,,,0,30,,57683,1,,,0,70,,57685,1,,,0,30,,57713,1,,,0,70,,57709,1,,,0,30,,57702,1,,,0,70,,61419,1,,,0,30,,57710,1,,,0,70,,57727,1,,,0,30,,57675,1,,,0,70,,61417,1,,,0,30,,57682,1,,,0,70,,57711,1,,,0,30,,57635,1,,,0,70,,57641,1,,,0,30,,57648,1,,,0,70,,57631,1,,,0,30,,57636,1,,,0,70,,57642,1,,,0,30,,57649,1,,,0,70,,57632,1,,,0,25,,57673,1,,,0
701019,'1912',604,,57878,1,,,0,28,,57911,1,,,0,68,,61426,1,,,0,30,,57875,1,,,0,70,,57902,1,,,0,30,,61421,1,,,0,70,,57874,1,,,0,30,,57904,1,,,0,70,,61422,1,,,0,30,,57871,1,,,0,70,,57906,1,,,0,30,,57881,1,,,0,70,,57870,1,,,0,30,,57901,1,,,0,70,,57885,1,,,0,30,,57868,1,,,0,70,,57905,1,,,0,30,,57884,1,,,0,70,,57866,1,,,0,30,,57903,1,,,0,70,,57880,1,,,0,30,,57864,1,,,0,70,,57907,1,,,0,30,,57890,1,,,0,70,,57861,1,,,0,30,,57920,1,,,0,70,,57893,1,,,0,30,,57859,1,,,0,70,,57915,1,,,0,30,,57896,1,,,0,70,,57856,1,,,0,30,,57910,1,,,0,70,,57894,1,,,0,30,,57858,1,,,0,70,,57914,1,,,0,25,,57926,1,,,0
701019,'1924',604,,57779,1,,,0,28,,57812,1,,,0,68,,61432,1,,,0,30,,57776,1,,,0,70,,57803,1,,,0,30,,61427,1,,,0,70,,57775,1,,,0,30,,57805,1,,,0,70,,61428,1,,,0,30,,57772,1,,,0,70,,57807,1,,,0,30,,57782,1,,,0,70,,57771,1,,,0,30,,57802,1,,,0,70,,57786,1,,,0,30,,57769,1,,,0,70,,57806,1,,,0,30,,57785,1,,,0,70,,57767,1,,,0,30,,57804,1,,,0,70,,57781,1,,,0,30,,57765,1,,,0,70,,57808,1,,,0,30,,57791,1,,,0,70,,57762,1,,,0,30,,57821,1,,,0,70,,57794,1,,,0,30,,57760,1,,,0,70,,57816,1,,,0,30,,57797,1,,,0,70,,57757,1,,,0,30,,57811,1,,,0,70,,57795,1,,,0,30,,57759,1,,,0,70,,57815,1,,,0,25,,57827,1,,,0
701019,'1925',604,,61482,1,,,0,28,,61515,1,,,0,68,,61504,1,,,0,30,,61479,1,,,0,70,,61506,1,,,0,30,,61483,1,,,0,70,,61478,1,,,0,30,,61508,1,,,0,70,,61487,1,,,0,30,,61475,1,,,0,70,,61510,1,,,0,30,,61485,1,,,0,70,,61474,1,,,0,30,,61505,1,,,0,70,,61489,1,,,0,30,,61472,1,,,0,70,,61509,1,,,0,30,,61488,1,,,0,70,,61470,1,,,0,30,,61507,1,,,0,70,,61484,1,,,0,30,,61468,1,,,0,70,,61511,1,,,0,30,,61494,1,,,0,70,,61465,1,,,0,30,,61524,1,,,0,70,,61497,1,,,0,30,,61463,1,,,0,70,,61519,1,,,0,30,,61500,1,,,0,70,,61460,1,,,0,30,,61514,1,,,0,70,,61498,1,,,0,30,,61462,1,,,0,70,,61518,1,,,0,25,,61530,1,,,0
702019,'1907',657,,61534,10,4,,0,70,,57938,10,4,,0,30,,57960,10,4,,0,70,,61532,10,4,,0,30,,57937,10,4,,0,70,,57959,10,4,,0,31,,61533,10,4,,0,70,,57936,10,4,,0,30,,57954,10,4,,0,70,,57944,10,4,,0,30,,57935,10,4,,0,71,,57950,10,4,,0,30,,57939,10,4,,0,70,,57934,10,4,,0,30,,57958,10,4,,0,70,,57943,10,4,,0,30,,57933,10,4,,0,70,,57955,10,4,,0,30,,57947,10,4,,0,70,,57932,10,4,,0,30,,57953,10,4,,0,70,,57942,10,4,,0,30,,57931,10,4,,0,68,,57952,10,4,,0,30,,57941,10,4,,0,70,,57930,10,4,,0,30,,57957,10,4,,0,70,,57940,10,4,,0,30,,57929,10,4,,0,70,,57956,10,4,,0,30,,57946,10,4,,0,70,,57928,10,4,,0,30,,57951,10,4,,0,65,,57961,10,4,,0,25,,57962,10,4,,0
702019,'1909',641,,57963,10,4,,0,65,,57964,10,4,,0,24,,57998,10,4,,0,22,,57965,10,4,,0,55,,61535,10,4,,0,23,,57967,10,4,,0,17,,57999,10,4,,0,12,,57997,10,4,,0,73,,57968,10,4,,0,20,,61536,10,4,,0,70,,57970,10,4,,0,30,,58003,10,4,,0,70,,61537,10,4,,0,30,,57972,10,4,,0,70,,57973,10,4,,0,30,,61538,10,4,,0,70,,61539,10,4,,0,30,,57976,10,4,,0,70,,57977,10,4,,0,32,,61540,10,4,,0,70,,61543,10,4,,0,22,,57979,10,4,,0,60,,57980,10,4,,0,20,,57981,10,4,,0,20,,57982,10,4,,0,60,,58001,10,4,,0,20,,57983,10,4,,0,17,,57984,10,4,,0,60,,61541,10,4,,0,25,,57986,10,4,,0,30,,57987,10,4,,0,70,,57988,10,4,,0,30,,57989,10,4,,0,69,,57990,10,4,,0,30,,57991,10,4,,0,70,,57992,10,4,,0,30,,57993,10,4,,0,69,,57994,10,4,,0,30,,57995,10,4,,0,65,,61542,10,4,,0,25,,58002,10,4,,0
702019,'1910',656,,58014,10,4,,0,70,,58016,10,4,,0,30,,58018,10,4,,0,70,,58013,10,4,,0,30,,58015,10,4,,0,71,,58017,10,4,,0,30,,58019,10,4,,0,72,,58030,10,4,,0,30,,58028,10,4,,0,70,,58034,10,4,,0,30,,58025,10,4,,0,70,,58038,10,4,,0,30,,58027,10,4,,0,70,,58036,10,4,,0,30,,58033,10,4,,0,70,,58032,10,4,,0,30,,58029,10,4,,0,70,,58022,10,4,,0,30,,61545,10,4,,0,70,,58021,10,4,,0,30,,58031,10,4,,0,70,,58024,10,4,,0,30,,61544,10,4,,0,70,,58035,10,4,,0,30,,58026,10,4,,0,69,,58008,10,4,,0,30,,58011,10,4,,0,70,,58004,10,4,,0,29,,58006,10,4,,0,70,,58009,10,4,,0,30,,58012,10,4,,0,70,,58005,10,4,,0,30,,58007,10,4,,0,65,,58010,10,4,,0,25,,58020,10,4,,0
702019,'1912',657,,61548,10,4,,0,70,,58084,10,4,,0,30,,58106,10,4,,0,70,,61546,10,4,,0,30,,58083,10,4,,0,70,,58105,10,4,,0,31,,61547,10,4,,0,70,,58082,10,4,,0,30,,58100,10,4,,0,70,,58090,10,4,,0,30,,58081,10,4,,0,71,,58096,10,4,,0,30,,58085,10,4,,0,70,,58080,10,4,,0,30,,58104,10,4,,0,70,,58089,10,4,,0,30,,58079,10,4,,0,70,,58101,10,4,,0,30,,58093,10,4,,0,70,,58078,10,4,,0,30,,58099,10,4,,0,70,,58088,10,4,,0,30,,58077,10,4,,0,68,,58098,10,4,,0,30,,58087,10,4,,0,70,,58076,10,4,,0,30,,58103,10,4,,0,70,,58086,10,4,,0,30,,58075,10,4,,0,70,,58102,10,4,,0,30,,58092,10,4,,0,70,,58074,10,4,,0,30,,58097,10,4,,0,65,,58107,10,4,,0,25,,58108,10,4,,0
702019,'1924',657,,61551,10,4,,0,70,,58049,10,4,,0,30,,58071,10,4,,0,70,,61549,10,4,,0,30,,58048,10,4,,0,70,,58070,10,4,,0,31,,61550,10,4,,0,70,,58047,10,4,,0,30,,58065,10,4,,0,70,,58055,10,4,,0,30,,58046,10,4,,0,71,,58061,10,4,,0,30,,58050,10,4,,0,70,,58045,10,4,,0,30,,58069,10,4,,0,70,,58054,10,4,,0,30,,58044,10,4,,0,70,,58066,10,4,,0,30,,58058,10,4,,0,70,,58043,10,4,,0,30,,58064,10,4,,0,70,,58053,10,4,,0,30,,58042,10,4,,0,68,,58063,10,4,,0,30,,58052,10,4,,0,70,,58041,10,4,,0,30,,58068,10,4,,0,70,,58051,10,4,,0,30,,58040,10,4,,0,70,,58067,10,4,,0,30,,58057,10,4,,0,70,,58039,10,4,,0,30,,58062,10,4,,0,65,,58072,10,4,,0,25,,58073,10,4,,0
702019,'1925',657,,61573,10,4,,0,70,,61562,10,4,,0,30,,61584,10,4,,0,70,,61569,10,4,,0,30,,61561,10,4,,0,70,,61583,10,4,,0,31,,61572,10,4,,0,70,,61560,10,4,,0,30,,61578,10,4,,0,70,,61568,10,4,,0,30,,61559,10,4,,0,71,,61574,10,4,,0,30,,61563,10,4,,0,70,,61558,10,4,,0,30,,61582,10,4,,0,70,,61567,10,4,,0,30,,61557,10,4,,0,70,,61579,10,4,,0,30,,61571,10,4,,0,70,,61556,10,4,,0,30,,61577,10,4,,0,70,,61566,10,4,,0,30,,61555,10,4,,0,68,,61576,10,4,,0,30,,61565,10,4,,0,70,,61554,10,4,,0,30,,61581,10,4,,0,70,,61564,10,4,,0,30,,61553,10,4,,0,70,,61580,10,4,,0,30,,61570,10,4,,0,70,,61552,10,4,,0,30,,61575,10,4,,0,65,,61585,10,4,,0,25,,61586,10,4,,0
