22019,'1907',849,,55632,7,,,0,93,,55633,7,,,0,100,,55626,7,,,0,100,,55631,7,,,0,100,,55627,7,,,0,100,,55628,7,,,0,100,,55625,7,,,0,100,,55629,7,,,0,100,,55630,7,,,0
22019,'1909',751,,60479,7,,,0,70,,60480,7,,,0,32,,60481,7,,,0,70,,55645,7,,,0,30,,55646,7,,,0,70,,60482,7,,,0,30,,55648,7,,,0,70,,55649,7,,,0,30,,55650,7,,,0,70,,55651,7,,,0,30,,55652,7,,,0,70,,55653,7,,,0,30,,55654,7,,,0,70,,60483,7,,,0,31,,60484,7,,,0,69,,60485,7,,,0,29,,60495,7,,,0,70,,60486,7,,,0,30,,60487,7,,,0,68,,60488,7,,,0,29,,60489,7,,,0,69,,60490,7,,,0,30,,60491,7,,,0,70,,60492,7,,,0,30,,55665,7,,,0,69,,60493,7,,,0,30,,60494,7,,,0
22019,'1910',845,,55671,7,,,0,72,,55672,7,,,0,30,,55673,7,,,0,70,,55674,7,,,0,30,,55675,7,,,0,70,,55676,7,,,0,30,,55677,7,,,0,70,,55678,7,,,0,31,,55679,7,,,0,70,,55680,7,,,0,30,,55681,7,,,0,70,,55682,7,,,0,31,,55683,7,,,0,70,,55684,7,,,0,30,,55685,7,,,0,70,,55686,7,,,0,29,,55687,7,,,0,70,,55688,7,,,0
22019,'1912',849,,55724,7,,,0,93,,55725,7,,,0,100,,55718,7,,,0,100,,55723,7,,,0,100,,55719,7,,,0,100,,55720,7,,,0,100,,55717,7,,,0,100,,55721,7,,,0,100,,55722,7,,,0
22019,'1924',849,,55709,7,,,0,93,,55710,7,,,0,100,,55703,7,,,0,100,,55708,7,,,0,100,,55704,7,,,0,100,,55705,7,,,0,100,,55702,7,,,0,100,,55706,7,,,0,100,,55707,7,,,0
22019,'1925',849,,60504,7,,,0,93,,60505,7,,,0,100,,60498,7,,,0,100,,60503,7,,,0,100,,60499,7,,,0,100,,60500,7,,,0,100,,60497,7,,,0,100,,60501,7,,,0,100,,60502,7,,,0
801019,'1907',748,,58439,4,0,12,0,70,,58435,4,0,12,0,30,,58443,4,0,12,0,70,,58432,4,0,12,0,30,,58427,4,0,12,0,70,,58437,4,0,12,0,30,,58450,4,0,12,0,70,,58441,4,0,12,0,30,,58438,4,0,12,0,70,,58447,4,0,12,0,30,,58433,4,0,12,0,70,,58444,4,0,12,0,30,,58446,4,0,12,0,70,,58442,4,0,12,0,30,,58429,4,0,12,0,70,,58448,4,0,12,0,30,,58434,4,0,12,0,70,,58430,4,0,12,0,30,,58445,4,0,12,0,70,,58428,4,0,12,0,30,,58431,4,0,12,0,70,,58449,4,0,12,0,30,,58426,4,0,12,0,71,,58436,4,0,12,0,30,,58451,4,0,12,0,70,,58440,4,0,12,0
801019,'1909',554,,61696,4,0,12,0,70,,61693,4,0,12,0,20,,58477,4,0,12,0,65,,58474,4,0,12,0,16,,58476,4,0,12,0,18,,58473,4,0,12,0,60,,58475,4,0,12,0,20,,58481,4,0,12,0,25,,58452,4,0,12,0,70,,58453,4,0,12,0,30,,61684,4,0,12,0,70,,58455,4,0,12,0,30,,58456,4,0,12,0,70,,61685,4,0,12,0,30,,61686,4,0,12,0,69,,58459,4,0,12,0,31,,58460,4,0,12,0,70,,61687,4,0,12,0,30,,58462,4,0,12,0,70,,58463,4,0,12,0,31,,58478,4,0,12,0,70,,61694,4,0,12,0,25,,58464,4,0,12,0,60,,61688,4,0,12,0,20,,58483,4,0,12,0,20,,58466,4,0,12,0,60,,58467,4,0,12,0,22,,61695,4,0,12,0,18,,61689,4,0,12,0,60,,61697,4,0,12,0,15,,61692,4,0,12,0,30,,58469,4,0,12,0,70,,61690,4,0,12,0,30,,61691,4,0,12,0,70,,58472,4,0,12,0
801019,'1910',749,,61698,4,0,12,0,70,,58490,4,0,12,0,30,,58491,4,0,12,0,70,,58488,4,0,12,0,30,,58487,4,0,12,0,70,,58506,4,0,12,0,30,,58507,4,0,12,0,70,,58510,4,0,12,0,30,,58496,4,0,12,0,70,,58505,4,0,12,0,30,,58503,4,0,12,0,70,,58509,4,0,12,0,30,,61700,4,0,12,0,70,,58511,4,0,12,0,30,,58501,4,0,12,0,70,,58502,4,0,12,0,30,,58497,4,0,12,0,70,,58512,4,0,12,0,30,,58495,4,0,12,0,70,,58504,4,0,12,0,30,,58500,4,0,12,0,70,,58508,4,0,12,0,30,,58499,4,0,12,0,70,,58492,4,0,12,0,30,,58493,4,0,12,0,70,,61699,4,0,12,0
801019,'1912',748,,58552,4,0,12,0,70,,58548,4,0,12,0,30,,58556,4,0,12,0,70,,58545,4,0,12,0,30,,58540,4,0,12,0,70,,58550,4,0,12,0,30,,58563,4,0,12,0,70,,58554,4,0,12,0,30,,58551,4,0,12,0,70,,58560,4,0,12,0,30,,58546,4,0,12,0,70,,58557,4,0,12,0,30,,58559,4,0,12,0,70,,58555,4,0,12,0,30,,58542,4,0,12,0,70,,58561,4,0,12,0,30,,58547,4,0,12,0,70,,58543,4,0,12,0,30,,58558,4,0,12,0,70,,58541,4,0,12,0,30,,58544,4,0,12,0,70,,58562,4,0,12,0,30,,58539,4,0,12,0,71,,58549,4,0,12,0,30,,58564,4,0,12,0,70,,58553,4,0,12,0
801019,'1924',748,,58526,4,0,12,0,70,,58522,4,0,12,0,30,,58530,4,0,12,0,70,,58519,4,0,12,0,30,,58514,4,0,12,0,70,,58524,4,0,12,0,30,,58537,4,0,12,0,70,,58528,4,0,12,0,30,,58525,4,0,12,0,70,,58534,4,0,12,0,30,,58520,4,0,12,0,70,,58531,4,0,12,0,30,,58533,4,0,12,0,70,,58529,4,0,12,0,30,,58516,4,0,12,0,70,,58535,4,0,12,0,30,,58521,4,0,12,0,70,,58517,4,0,12,0,30,,58532,4,0,12,0,70,,58515,4,0,12,0,30,,58518,4,0,12,0,70,,58536,4,0,12,0,30,,58513,4,0,12,0,71,,58523,4,0,12,0,30,,58538,4,0,12,0,70,,58527,4,0,12,0
801019,'1925',748,,61714,4,0,12,0,70,,61710,4,0,12,0,30,,61718,4,0,12,0,70,,61707,4,0,12,0,30,,61702,4,0,12,0,70,,61712,4,0,12,0,30,,61725,4,0,12,0,70,,61716,4,0,12,0,30,,61713,4,0,12,0,70,,61722,4,0,12,0,30,,61708,4,0,12,0,70,,61719,4,0,12,0,30,,61721,4,0,12,0,70,,61717,4,0,12,0,30,,61704,4,0,12,0,70,,61723,4,0,12,0,30,,61709,4,0,12,0,70,,61705,4,0,12,0,30,,61720,4,0,12,0,70,,61703,4,0,12,0,30,,61706,4,0,12,0,70,,61724,4,0,12,0,30,,61701,4,0,12,0,71,,61711,4,0,12,0,30,,61726,4,0,12,0,70,,61715,4,0,12,0
