2029,'1907',619,,53401,18,,,0,30,,53409,18,,,0,68,,53420,18,,,0,30,,53415,18,,,0,70,,53402,18,,,0,30,,53410,18,,,0,70,,53421,18,,,0,30,,53416,18,,,0,55,,53432,3,0,12,0,15,,53403,18,,,0,30,,53411,18,,,0,70,,53422,18,,,0,30,,53417,18,,,0,70,,53404,18,,,0,30,,53412,18,,,0,70,,53423,18,,,0,30,,53418,18,,,0,70,,53405,18,,,0,30,,53413,18,,,0,70,,53424,18,,,0,30,,53419,18,,,0,70,,53406,18,,,0,30,,53414,18,,,0,70,,53425,18,,,0,100,,53407,18,,,0,98,,53426,18,,,0,100,,53408,18,,,0,101,,53427,18,,,0,100,,53400,18,,,0
2029,'1909',522,,53450,3,,,0,25,,53433,18,,,0,70,,53434,18,,,0,29,,53435,18,,,0,69,,53436,18,,,0,28,,53437,18,,,0,70,,53438,18,,,0,30,,53439,18,,,0,73,,53440,18,,,0,30,,53441,18,,,0,70,,53464,18,,,0,30,,53460,18,,,0,70,,53466,18,,,0,30,,53462,18,,,0,70,,53463,18,,,0,30,,53459,18,,,0,70,,53465,18,,,0,30,,53461,18,,,0,70,,53467,18,,,0,31,,53442,18,,,0,74,,53443,18,,,0,30,,53444,18,,,0,70,,53445,18,,,0,30,,53446,18,,,0,70,,53447,18,,,0,28,,53448,18,,,0,67,,53449,18,,,0,30,,53453,18,,,0,70,,53454,18,,,0,101,,53455,18,,,0,100,,53456,18,,,0,100,,53452,18,,,0
2029,'1910',549,,53499,18,0,5 2 15 16 17,0,70,,53482,18,,,0,30,,53489,18,,,0,68,,53468,18,,,0,30,,53474,18,,,0,70,,53483,18,,,0,30,,53490,18,,,0,70,,53469,18,,,0,30,,53475,18,,,0,70,,53484,18,,,0,30,,53491,18,,,0,70,,53470,18,,,0,30,,53476,18,,,0,70,,53485,18,,,0,30,,53492,18,,,0,70,,53471,18,,,0,30,,53477,18,,,0,70,,53486,18,,,0,30,,53493,18,,,0,70,,53472,18,,,0,30,,53478,18,,,0,70,,53487,18,,,0,30,,53494,18,,,0,70,,53473,18,,,0,30,,53479,18,,,0,70,,53488,18,,,0,30,,53495,18,,,0,70,,53480,18,,,0,100,,53496,18,,,0,100,,53481,18,,,0,100,,53497,18,,,0
2029,'1911',619,,53503,18,,,0,30,,53511,18,,,0,68,,53522,18,,,0,30,,53517,18,,,0,70,,53504,18,,,0,30,,53512,18,,,0,70,,53523,18,,,0,30,,53518,18,,,0,55,,53534,3,0,12,0,15,,53505,18,,,0,30,,53513,18,,,0,70,,53524,18,,,0,30,,53519,18,,,0,70,,53506,18,,,0,30,,53514,18,,,0,70,,53525,18,,,0,30,,53520,18,,,0,70,,53507,18,,,0,30,,53515,18,,,0,70,,53526,18,,,0,30,,53521,18,,,0,70,,53508,18,,,0,30,,53516,18,,,0,70,,53527,18,,,0,100,,53509,18,,,0,98,,53528,18,,,0,100,,53510,18,,,0,101,,53529,18,,,0,100,,53502,18,,,0
2029,'1912',619,,53536,18,,,0,30,,53544,18,,,0,68,,53555,18,,,0,30,,53550,18,,,0,70,,53537,18,,,0,30,,53545,18,,,0,70,,53556,18,,,0,30,,53551,18,,,0,55,,53567,3,0,12,0,15,,53538,18,,,0,30,,53546,18,,,0,70,,53557,18,,,0,30,,53552,18,,,0,70,,53539,18,,,0,30,,53547,18,,,0,70,,53558,18,,,0,30,,53553,18,,,0,70,,53540,18,,,0,30,,53548,18,,,0,70,,53559,18,,,0,30,,53554,18,,,0,70,,53541,18,,,0,30,,53549,18,,,0,70,,53560,18,,,0,100,,53542,18,,,0,98,,53561,18,,,0,100,,53543,18,,,0,101,,53562,18,,,0,100,,53535,18,,,0
7029,'1907',716,,54274,14,,,0,100,,54275,14,,,0,100,,54276,14,,,0,100,,54277,14,,,0,100,,54278,14,,,0,100,,54279,14,,,0,100,,54280,14,,,0,101,,54281,14,,,0,100,,54282,14,,,0,99,,54283,14,,,0,100,,54284,14,,,0,100,,54285,14,,,0,100,,54286,14,,,0,101,,54287,14,,,0,26,,54294,14,0,13 33,0,74,,54273,14,,,0
7029,'1909',514,,54343,14,,,0,35,,54342,14,0,13 33,0,67,,54313,14,,,0,29,,54314,14,,,0,72,,54315,14,,,0,30,,54316,14,,,0,70,,54317,14,,,0,30,,54318,14,,,0,70,,54319,14,,,0,30,,54320,14,,,0,70,,54321,14,,,0,30,,54322,14,,,0,70,,54323,14,,,0,30,,54324,14,,,0,70,,54309,14,,,0,30,,54310,14,,,0,70,,54311,14,,,0,31,,54308,14,,,0,70,,54307,14,,,0,30,,54312,14,,,0,70,,54325,14,,,0,30,,54326,14,,,0,70,,54327,14,,,0,29,,54328,14,,,0,70,,54329,14,,,0,30,,54330,14,,,0,70,,54331,14,,,0,30,,54332,14,,,0,70,,54333,14,,,0,30,,54334,14,,,0,70,,54335,14,,,0,100,,54336,14,,,0,100,,54337,14,,,0,100,,54344,14,,,0
7029,'1910',618,,54376,3,,,0,29,,54345,14,,,0,70,,54359,14,,,0,30,,54346,14,,,0,70,,54360,14,,,0,30,,54347,14,,,0,70,,54361,14,,,0,30,,54348,14,,,0,70,,54362,14,,,0,30,,54349,14,,,0,70,,54363,14,,,0,30,,54350,14,,,0,70,,54364,14,,,0,30,,54351,14,,,0,70,,54365,14,,,0,30,,54352,14,,,0,70,,54366,14,,,0,30,,54353,14,,,0,70,,54367,14,,,0,30,,54354,14,,,0,70,,54368,14,,,0,30,,54355,14,,,0,70,,54369,14,,,0,30,,54356,14,,,0,70,,54370,14,,,0,30,,54357,14,,,0,70,,54371,14,,,0,30,,54358,14,,,0,70,,54372,14,,,0,100,,54373,14,,,0,100,,54374,14,,,0,100,,54375,14,,,0
7029,'1911',716,,54382,14,,,0,100,,54383,14,,,0,100,,54384,14,,,0,100,,54385,14,,,0,100,,54386,14,,,0,100,,54387,14,,,0,100,,54388,14,,,0,101,,54389,14,,,0,100,,54390,14,,,0,99,,54391,14,,,0,100,,54392,14,,,0,100,,54393,14,,,0,100,,54394,14,,,0,101,,54395,14,,,0,26,,54402,14,0,13 33,0,74,,54381,14,,,0
7029,'1912',716,,54416,14,,,0,100,,54417,14,,,0,100,,54418,14,,,0,100,,54419,14,,,0,100,,54420,14,,,0,100,,54421,14,,,0,100,,54422,14,,,0,101,,54423,14,,,0,100,,54424,14,,,0,99,,54425,14,,,0,100,,54426,14,,,0,100,,54427,14,,,0,100,,54428,14,,,0,101,,54429,14,,,0,26,,54436,14,0,13 33,0,74,,54415,14,,,0
14000001029,'1907',531,,58794,3,0,18 7,0,1811,,58788,3,,,0,69,,58792,3,,,0,30,,58793,3,,,0,70,,58790,3,,,0,30,,58791,3,,,0,70,,58789,3,,,0
14000001029,'1909',429,,58795,3,0,18 7,0,102,,58796,3,0,18 7,0,1811,,58798,3,,,0,69,,58799,3,,,0,30,,58802,3,,,0,70,,58797,3,,,0,30,,58800,3,,,0,70,,58801,3,,,0
14000001029,'1910',531,,58807,3,0,18 7,0,1811,,58809,3,,,0,69,,58804,3,,,0,30,,58803,3,,,0,70,,58805,3,,,0,30,,58808,3,,,0,70,,58806,3,,,0
14000001029,'1911',531,,58816,3,0,18 7,0,1811,,58810,3,,,0,69,,58814,3,,,0,30,,58815,3,,,0,70,,58812,3,,,0,30,,58813,3,,,0,70,,58811,3,,,0
14000001029,'1912',531,,58823,3,0,18 7,0,1811,,58817,3,,,0,69,,58821,3,,,0,30,,58822,3,,,0,70,,58819,3,,,0,30,,58820,3,,,0,70,,58818,3,,,0
