4019,'1907',812,,53591,16,,,0,30,,53592,16,,,0,70,,53589,16,,,0,30,,53593,16,,,0,72,,53590,16,,,0,30,,53574,16,,,0,70,,53578,16,,,0,30,,53582,16,,,0,70,,53585,16,,,0,31,,53570,16,,,0,69,,53573,16,,,0,30,,53577,16,,,0,69,,53581,16,,,0,30,,53583,16,,,0,70,,53569,16,,,0,30,,53572,16,,,0,70,,53576,16,,,0,30,,53580,16,,,0,69,,53584,16,,,0,31,,53568,16,,,0,70,,53571,16,,,0,29,,53575,16,,,0,70,,53579,16,,,0,30,,53588,16,,,0,70,,53594,16,,,0,30,,53586,16,,,0,70,,53595,16,,,0,30,,53587,16,,,0
4019,'1909',642,,53602,16,,,0,71,,53628,16,,,0,30,,53603,16,,,0,67,,53604,16,,,0,36,,53605,16,,,0,64,,53606,16,,,0,36,,53607,16,,,0,68,,53608,16,,,0,29,,53609,16,,,0,70,,53610,16,,,0,31,,53611,16,,,0,72,,53612,16,,,0,30,,53613,16,,,0,70,,53614,16,,,0,30,,53615,16,,,0,71,,53616,16,,,0,30,,53617,16,,,0,76,,53618,16,,,0,30,,53619,16,,,0,71,,53620,16,,,0,24,,53621,16,,,0,73,,53622,16,,,0,22,,53623,16,,,0,75,,53624,16,,,0,20,,53625,16,,,0,75,,53626,16,,,0,29,,53627,16,,,0,70,,53596,16,,,0,30,,53597,16,,,0,69,,53598,16,,,0,30,,53599,16,,,0,70,,53600,16,,,0,30,,53601,16,,,0
4019,'1910',712,,53660,16,,,0,30,,53636,16,,,0,71,,53630,16,,,0,30,,53640,16,,,0,70,,53651,16,,,0,30,,53646,16,,,0,72,,53634,16,,,0,30,,53656,16,,,0,71,,53633,16,,,0,30,,53653,16,,,0,70,,53648,16,,,0,30,,53641,16,,,0,70,,53654,16,,,0,30,,53657,16,,,0,70,,53632,16,,,0,30,,53643,16,,,0,70,,53631,16,,,0,30,,53637,16,,,0,70,,53655,16,,,0,30,,53652,16,,,0,69,,53649,16,,,0,30,,53638,16,,,0,70,,53658,16,,,0,30,,53659,16,,,0,67,,53629,16,,,0,30,,53644,16,,,0,70,,53642,16,,,0,30,,53650,16,,,0,70,,53635,16,,,0,30,,53645,16,,,0,70,,53639,16,,,0,30,,53647,16,,,0
4019,'1911',812,,53684,16,,,0,30,,53685,16,,,0,70,,53682,16,,,0,30,,53686,16,,,0,72,,53683,16,,,0,30,,53667,16,,,0,70,,53671,16,,,0,30,,53675,16,,,0,70,,53678,16,,,0,31,,53663,16,,,0,69,,53666,16,,,0,30,,53670,16,,,0,69,,53674,16,,,0,30,,53676,16,,,0,70,,53662,16,,,0,30,,53665,16,,,0,70,,53669,16,,,0,30,,53673,16,,,0,69,,53677,16,,,0,31,,53661,16,,,0,70,,53664,16,,,0,29,,53668,16,,,0,70,,53672,16,,,0,30,,53681,16,,,0,70,,53687,16,,,0,30,,53679,16,,,0,70,,53688,16,,,0,30,,53680,16,,,0
4019,'1912',812,,53712,16,,,0,30,,53713,16,,,0,70,,53710,16,,,0,30,,53714,16,,,0,72,,53711,16,,,0,30,,53695,16,,,0,70,,53699,16,,,0,30,,53703,16,,,0,70,,53706,16,,,0,31,,53691,16,,,0,69,,53694,16,,,0,30,,53698,16,,,0,69,,53702,16,,,0,30,,53704,16,,,0,70,,53690,16,,,0,30,,53693,16,,,0,70,,53697,16,,,0,30,,53701,16,,,0,69,,53705,16,,,0,31,,53689,16,,,0,70,,53692,16,,,0,29,,53696,16,,,0,70,,53700,16,,,0,30,,53709,16,,,0,70,,53715,16,,,0,30,,53707,16,,,0,70,,53716,16,,,0,30,,53708,16,,,0
7019,'1907',558,,54127,11,,,0,70,,54110,11,,,0,30,,54111,11,,,0,68,,54112,11,,,0,30,,54100,30,,,0,71,,54125,15,,,0,30,,54101,30,,,0,73,,54117,15,,,0,27,,54109,30,,,0,75,,54124,15,,,0,68,,54102,30,,,0,32,,54116,15,,,0,68,,54103,30,,,0,32,,54123,15,,,0,68,,54104,30,,,0,33,,54115,15,,,0,67,,54105,30,,,0,33,,54122,15,,,0,68,,54106,30,,,0,33,,54114,15,,,0,67,,54107,30,,,0,33,,54121,15,,,0,66,,54108,30,,,0,33,,54113,15,,,0,67,,54096,30,,,0,32,,54120,15,,,0,27,,54097,30,,,0,70,,54118,15,,,0,27,,54095,30,,,0,71,,54119,15,,,0,28,,54099,30,,,0,72,,54126,15,,,0,28,,54098,30,,,0,70,,54129,11,,,0,30,,54128,11,,,0
7019,'1909',520,,54164,11,,,0,36,,54158,30,,,0,103,,54157,30,,,0,72,,54159,30,,,0,72,,54156,30,,,0,33,,54155,30,,,0,67,,54154,30,,,0,31,,54150,30,,,0,70,,54152,30,,,0,30,,54153,30,,,0,70,,54151,30,,,0,30,,54149,30,,,0,70,,54163,30,,,0,30,,54162,30,,,0,70,,54161,30,,,0,30,,54160,30,,,0,70,,54141,30,,,0,32,,54148,30,,,0,74,,54140,30,,,0,11,,54166,15,,,0,22,,54139,30,,,0,13,,54165,11,,,0,53,,54147,30,,,0,30,,54146,30,,,0,70,,54145,30,,,0,26,,54138,30,,,0,67,,54137,30,,,0,30,,54136,30,,,0,70,,54144,30,,,0,29,,54143,30,,,0,27,,54135,30,,,0,70,,54142,30,,,0,30,,54134,30,,,0,97,,54132,30,,,0,70,,54167,15,,,0,29,,54133,30,,,0,100,,54168,30,,,0
7019,'1910',628,,54200,11,,,0,28,,54181,30,,,0,70,,54174,30,,,0,30,,54182,30,,,0,70,,54175,30,,,0,32,,54183,30,,,0,70,,54176,30,,,0,30,,54184,30,,,0,74,,54177,30,,,0,70,,54185,30,,,0,30,,54178,30,,,0,70,,54186,30,,,0,30,,54179,30,,,0,70,,54187,30,,,0,30,,54180,30,,,0,70,,54188,30,,,0,30,,54193,30,,,0,70,,54189,30,,,0,30,,54195,30,,,0,70,,54190,30,,,0,30,,54194,30,,,0,68,,54191,30,,,0,30,,54196,30,,,0,70,,54192,30,,,0,30,,54199,30,,,0,29,,54169,30,,,0,68,,54197,30,,,0,30,,54170,30,,,0,68,,54198,30,,,0,30,,54171,30,,,0,70,,54201,11,,,0,30,,54172,30,,,0,70,,54202,15,,,0,30,,54173,30,,,0
7019,'1911',558,,54235,11,,,0,70,,54218,11,,,0,30,,54219,11,,,0,68,,54220,11,,,0,30,,54208,30,,,0,71,,54233,15,,,0,30,,54209,30,,,0,73,,54225,15,,,0,27,,54217,30,,,0,75,,54232,15,,,0,68,,54210,30,,,0,32,,54224,15,,,0,68,,54211,30,,,0,32,,54231,15,,,0,68,,54212,30,,,0,33,,54223,15,,,0,67,,54213,30,,,0,33,,54230,15,,,0,68,,54214,30,,,0,33,,54222,15,,,0,67,,54215,30,,,0,33,,54229,15,,,0,66,,54216,30,,,0,33,,54221,15,,,0,67,,54204,30,,,0,32,,54228,15,,,0,27,,54205,30,,,0,70,,54226,15,,,0,27,,54203,30,,,0,71,,54227,15,,,0,28,,54207,30,,,0,72,,54234,15,,,0,28,,54206,30,,,0,70,,54237,11,,,0,30,,54236,11,,,0
7019,'1912',558,,54270,11,,,0,70,,54253,11,,,0,30,,54254,11,,,0,68,,54255,11,,,0,30,,54243,30,,,0,71,,54268,15,,,0,30,,54244,30,,,0,73,,54260,15,,,0,27,,54252,30,,,0,75,,54267,15,,,0,68,,54245,30,,,0,32,,54259,15,,,0,68,,54246,30,,,0,32,,54266,15,,,0,68,,54247,30,,,0,33,,54258,15,,,0,67,,54248,30,,,0,33,,54265,15,,,0,68,,54249,30,,,0,33,,54257,15,,,0,67,,54250,30,,,0,33,,54264,15,,,0,66,,54251,30,,,0,33,,54256,15,,,0,67,,54239,30,,,0,32,,54263,15,,,0,27,,54240,30,,,0,70,,54261,15,,,0,27,,54238,30,,,0,71,,54262,15,,,0,28,,54242,30,,,0,72,,54269,15,,,0,28,,54241,30,,,0,70,,54272,11,,,0,30,,54271,11,,,0
14000001029,'1907',610,,58794,49,0,18 7,0
14000001029,'1909',508,,58795,49,0,18 7,0,102,,58796,49,0,18 7,0
14000001029,'1910',610,,58807,49,0,18 7,0
14000001029,'1911',610,,58816,49,0,18 7,0
14000001029,'1912',610,,58823,49,0,18 7,0
