2019,'1907',702,,59137,27,,,0,30,,59114,27,,,0,70,,59118,27,,,0,30,,59130,27,,,0,71,,59125,27,,,0,30,,59115,27,,,0,70,,59119,27,,,0,30,,59131,27,,,0,70,,59126,27,,,0,30,,59116,27,,,0,70,,59120,27,,,0,30,,59132,27,,,0,70,,59127,27,,,0,30,,59117,27,,,0,70,,59121,27,,,0,30,,59133,27,,,0,70,,59128,27,,,0,30,,59112,27,,,0,70,,59122,27,,,0,30,,59134,27,,,0,70,,59129,27,,,0,30,,59110,27,,,0,70,,59123,27,,,0,30,,59135,27,,,0,100,,59111,27,,,0,100,,59136,27,,,0,100,,59113,27,,,0,100,,59124,27,,,0,99,,59138,27,,,0
2019,'1909',457,,59170,18,0,5 2 13 14,0,176,,59139,27,,,0,70,,59140,27,,,0,30,,59141,27,,,0,70,,59142,27,,,0,31,,59143,27,,,0,70,,59144,27,,,0,31,,59161,27,,,0,70,,59162,27,,,0,30,,59163,27,,,0,70,,59164,27,,,0,30,,59165,27,,,0,70,,59166,27,,,0,30,,59167,27,,,0,70,,59168,27,,,0,30,,59169,27,,,0,70,,59159,27,,,0,31,,59160,27,,,0,71,,59145,27,,,0,30,,59146,27,,,0,70,,59147,27,,,0,30,,59148,27,,,0,70,,59149,27,,,0,30,,59150,27,,,0,69,,59151,27,,,0,30,,59152,27,,,0,70,,59158,27,,,0,30,,59153,27,,,0,98,,59154,27,,,0,100,,59155,27,,,0,100,,59156,27,,,0,100,,59157,27,,,0
2019,'1910',632,,59171,18,,,0,70,,59178,27,,,0,30,,59187,27,,,0,70,,59194,27,,,0,30,,59172,27,,,0,70,,59179,27,,,0,30,,59188,27,,,0,70,,59195,27,,,0,31,,59173,27,,,0,70,,59180,27,,,0,30,,59189,27,,,0,70,,59196,27,,,0,30,,59174,27,,,0,70,,59181,27,,,0,30,,59190,27,,,0,70,,59197,27,,,0,30,,59175,27,,,0,70,,59182,27,,,0,30,,59191,27,,,0,70,,59198,27,,,0,30,,59176,27,,,0,70,,59183,27,,,0,30,,59192,27,,,0,70,,59199,27,,,0,30,,59177,27,,,0,70,,59184,27,,,0,30,,59193,27,,,0,100,,59185,27,,,0,100,,59200,27,,,0,100,,59186,27,,,0,100,,59201,27,,,0
2019,'1912',702,,59229,27,,,0,30,,59206,27,,,0,70,,59210,27,,,0,30,,59222,27,,,0,71,,59217,27,,,0,30,,59207,27,,,0,70,,59211,27,,,0,30,,59223,27,,,0,70,,59218,27,,,0,30,,59208,27,,,0,70,,59212,27,,,0,30,,59224,27,,,0,70,,59219,27,,,0,30,,59209,27,,,0,70,,59213,27,,,0,30,,59225,27,,,0,70,,59220,27,,,0,30,,59204,27,,,0,70,,59214,27,,,0,30,,59226,27,,,0,70,,59221,27,,,0,30,,59202,27,,,0,70,,59215,27,,,0,30,,59227,27,,,0,100,,59203,27,,,0,100,,59228,27,,,0,100,,59205,27,,,0,100,,59216,27,,,0,99,,59230,27,,,0
2019,'1924',702,,59258,27,,,0,30,,59235,27,,,0,70,,59239,27,,,0,30,,59251,27,,,0,71,,59246,27,,,0,30,,59236,27,,,0,70,,59240,27,,,0,30,,59252,27,,,0,70,,59247,27,,,0,30,,59237,27,,,0,70,,59241,27,,,0,30,,59253,27,,,0,70,,59248,27,,,0,30,,59238,27,,,0,70,,59242,27,,,0,30,,59254,27,,,0,70,,59249,27,,,0,30,,59233,27,,,0,70,,59243,27,,,0,30,,59255,27,,,0,70,,59250,27,,,0,30,,59231,27,,,0,70,,59244,27,,,0,30,,59256,27,,,0,100,,59232,27,,,0,100,,59257,27,,,0,100,,59234,27,,,0,100,,59245,27,,,0,99,,59259,27,,,0
2019,'1925',702,,59287,27,,,0,30,,59264,27,,,0,70,,59268,27,,,0,30,,59280,27,,,0,71,,59275,27,,,0,30,,59265,27,,,0,70,,59269,27,,,0,30,,59281,27,,,0,70,,59276,27,,,0,30,,59266,27,,,0,70,,59270,27,,,0,30,,59282,27,,,0,70,,59277,27,,,0,30,,59267,27,,,0,70,,59271,27,,,0,30,,59283,27,,,0,70,,59278,27,,,0,30,,59262,27,,,0,70,,59272,27,,,0,30,,59284,27,,,0,70,,59279,27,,,0,30,,59260,27,,,0,70,,59273,27,,,0,30,,59285,27,,,0,100,,59261,27,,,0,100,,59286,27,,,0,100,,59263,27,,,0,100,,59274,27,,,0,99,,59288,27,,,0
4019,'1907',746,,53591,2,,,0,70,,53592,2,,,0,30,,53589,2,,,0,70,,53593,2,,,0,30,,53590,2,,,0,71,,53574,2,,,0,30,,53578,2,,,0,70,,53582,2,,,0,30,,53585,2,,,0,70,,53570,2,,,0,30,,53573,2,,,0,70,,53577,2,,,0,30,,53581,2,,,0,70,,53583,2,,,0,30,,59487,2,,,0,70,,53572,2,,,0,30,,53576,2,,,0,70,,53580,2,,,0,30,,53584,2,,,0,70,,53568,2,,,0,30,,53571,2,,,0,70,,53575,2,,,0,30,,53579,2,,,0,70,,53588,2,,,0,30,,53594,2,,,0,70,,53586,2,,,0,30,,53595,2,,,0,70,,53587,2,,,0
4019,'1909',616,,59491,2,,,0,30,,53628,2,,,0,71,,53603,2,,,0,27,,53604,2,,,0,76,,53605,2,,,0,24,,53606,2,,,0,76,,53607,2,,,0,27,,53608,2,,,0,70,,53609,2,,,0,30,,53610,2,,,0,70,,53611,2,,,0,30,,53612,2,,,0,70,,53613,2,,,0,30,,59492,2,,,0,70,,53615,2,,,0,30,,53616,2,,,0,70,,53617,2,,,0,32,,53618,2,,,0,70,,53619,2,,,0,31,,53620,2,,,0,64,,53621,2,,,0,36,,53622,2,,,0,64,,53623,2,,,0,36,,53624,2,,,0,62,,53625,2,,,0,35,,53626,2,,,0,70,,59493,2,,,0,30,,59488,2,,,0,70,,59489,2,,,0,30,,53598,2,,,0,70,,59490,2,,,0,30,,53600,2,,,0,70,,53601,2,,,0
4019,'1910',646,,59504,2,,,0,70,,59495,2,,,0,30,,53630,2,,,0,71,,59497,2,,,0,30,,59502,2,,,0,70,,53646,2,,,0,30,,53634,2,,,0,70,,53656,2,,,0,30,,53633,2,,,0,70,,53653,2,,,0,30,,53648,2,,,0,70,,53641,2,,,0,30,,53654,2,,,0,70,,53657,2,,,0,30,,53632,2,,,0,70,,53643,2,,,0,30,,53631,2,,,0,70,,53637,2,,,0,30,,53655,2,,,0,70,,53652,2,,,0,30,,53649,2,,,0,70,,53638,2,,,0,30,,53658,2,,,0,70,,59503,2,,,0,30,,53629,2,,,0,70,,53644,2,,,0,30,,59498,2,,,0,70,,59501,2,,,0,30,,59494,2,,,0,70,,59499,2,,,0,30,,59496,2,,,0,70,,59500,2,,,0
4019,'1912',746,,53712,2,,,0,70,,53713,2,,,0,30,,53710,2,,,0,70,,53714,2,,,0,30,,53711,2,,,0,71,,53695,2,,,0,30,,53699,2,,,0,70,,53703,2,,,0,30,,53706,2,,,0,70,,53691,2,,,0,30,,53694,2,,,0,70,,53698,2,,,0,30,,53702,2,,,0,70,,53704,2,,,0,30,,59505,2,,,0,70,,53693,2,,,0,30,,53697,2,,,0,70,,53701,2,,,0,30,,53705,2,,,0,70,,53689,2,,,0,30,,53692,2,,,0,70,,53696,2,,,0,30,,53700,2,,,0,70,,53709,2,,,0,30,,53715,2,,,0,70,,53707,2,,,0,30,,53716,2,,,0,70,,53708,2,,,0
4019,'1924',746,,53684,2,,,0,70,,53685,2,,,0,30,,53682,2,,,0,70,,53686,2,,,0,30,,53683,2,,,0,71,,53667,2,,,0,30,,53671,2,,,0,70,,53675,2,,,0,30,,53678,2,,,0,70,,53663,2,,,0,30,,53666,2,,,0,70,,53670,2,,,0,30,,53674,2,,,0,70,,53676,2,,,0,30,,59506,2,,,0,70,,53665,2,,,0,30,,53669,2,,,0,70,,53673,2,,,0,30,,53677,2,,,0,70,,53661,2,,,0,30,,53664,2,,,0,70,,53668,2,,,0,30,,53672,2,,,0,70,,53681,2,,,0,30,,53687,2,,,0,70,,53679,2,,,0,30,,53688,2,,,0,70,,53680,2,,,0
4019,'1925',746,,59530,2,,,0,70,,59531,2,,,0,30,,59528,2,,,0,70,,59532,2,,,0,30,,59529,2,,,0,71,,59513,2,,,0,30,,59517,2,,,0,70,,59521,2,,,0,30,,59524,2,,,0,70,,59509,2,,,0,30,,59512,2,,,0,70,,59516,2,,,0,30,,59520,2,,,0,70,,59522,2,,,0,30,,59508,2,,,0,70,,59511,2,,,0,30,,59515,2,,,0,70,,59519,2,,,0,30,,59523,2,,,0,70,,59507,2,,,0,30,,59510,2,,,0,70,,59514,2,,,0,30,,59518,2,,,0,70,,59527,2,,,0,30,,59533,2,,,0,70,,59525,2,,,0,30,,59534,2,,,0,70,,59526,2,,,0
502029,'1907',631,,56936,2,,,0,70,,56922,2,,,0,30,,56939,2,,,0,70,,56953,2,,,0,30,,56933,2,,,0,70,,56952,2,,,0,30,,56935,2,,,0,70,,56951,2,,,0,30,,56930,2,,,0,70,,56950,2,,,0,30,,56925,2,,,0,71,,56949,2,,,0,30,,61227,2,,,0,70,,56947,2,,,0,30,,56926,2,,,0,70,,56948,2,,,0,30,,56929,2,,,0,70,,56946,2,,,0,30,,56923,2,,,0,70,,56945,2,,,0,30,,56927,2,,,0,70,,56944,2,,,0,30,,56924,2,,,0,70,,56943,2,,,0,30,,56937,2,,,0,70,,56942,2,,,0,30,,56938,2,,,0,69,,56941,2,,,0,30,,56931,2,,,0,70,,56954,2,,,0,30,,56940,2,,,0,70,,56955,2,,,0,30,,56934,2,,,0,70,,56956,2,,,0,30,,56932,2,,,0
502029,'1909',601,,61228,2,,,0,30,,56958,2,,,0,25,,56998,2,,,0,50,,61229,2,,,0,25,,56960,2,,,0,24,,56961,2,,,0,52,,61230,2,,,0,24,,56963,2,,,0,24,,56964,2,,,0,52,,56965,2,,,0,24,,56966,2,,,0,71,,56967,2,,,0,30,,56968,2,,,0,70,,61231,2,,,0,30,,56970,2,,,0,70,,61232,2,,,0,30,,56972,2,,,0,70,,56973,2,,,0,30,,56974,2,,,0,70,,61233,2,,,0,32,,56976,2,,,0,70,,56977,2,,,0,30,,56978,2,,,0,68,,56979,2,,,0,24,,56980,2,,,0,12,,56981,2,,,0,64,,56982,2,,,0,6,,56999,2,,,0,18,,56983,2,,,0,12,,56984,2,,,0,64,,56985,2,,,0,22,,56986,2,,,0,12,,56987,2,,,0,66,,56988,2,,,0,30,,56989,2,,,0,69,,56990,2,,,0,30,,56991,2,,,0,70,,56992,2,,,0,30,,56993,2,,,0,70,,56994,2,,,0,30,,56995,2,,,0,70,,56996,2,,,0,30,,56997,2,,,0
502029,'1910',631,,57007,2,,,0,70,,57014,2,,,0,30,,61240,2,,,0,70,,57015,2,,,0,30,,61239,2,,,0,70,,61243,2,,,0,30,,61238,2,,,0,71,,61244,2,,,0,30,,61252,2,,,0,70,,61245,2,,,0,30,,61253,2,,,0,70,,61246,2,,,0,30,,61254,2,,,0,70,,61247,2,,,0,30,,61255,2,,,0,70,,61248,2,,,0,30,,61256,2,,,0,70,,61249,2,,,0,30,,61257,2,,,0,70,,61250,2,,,0,30,,61258,2,,,0,70,,61251,2,,,0,30,,61259,2,,,0,70,,61241,2,,,0,30,,61260,2,,,0,69,,57010,2,,,0,30,,61261,2,,,0,70,,57009,2,,,0,30,,61237,2,,,0,70,,57011,2,,,0,30,,61236,2,,,0,70,,57012,2,,,0,30,,61235,2,,,0,70,,61242,2,,,0,30,,61234,2,,,0
502029,'1912',631,,57084,2,,,0,70,,57070,2,,,0,30,,57087,2,,,0,70,,57101,2,,,0,30,,57081,2,,,0,70,,57100,2,,,0,30,,57083,2,,,0,70,,57099,2,,,0,30,,57078,2,,,0,70,,57098,2,,,0,30,,57073,2,,,0,71,,57097,2,,,0,30,,61262,2,,,0,70,,57095,2,,,0,30,,57074,2,,,0,70,,57096,2,,,0,30,,57077,2,,,0,70,,57094,2,,,0,30,,57071,2,,,0,70,,57093,2,,,0,30,,57075,2,,,0,70,,57092,2,,,0,30,,57072,2,,,0,70,,57091,2,,,0,30,,57085,2,,,0,70,,57090,2,,,0,30,,57086,2,,,0,69,,57089,2,,,0,30,,57079,2,,,0,70,,57102,2,,,0,30,,57088,2,,,0,70,,57103,2,,,0,30,,57082,2,,,0,70,,57104,2,,,0,30,,57080,2,,,0
502029,'1924',631,,57049,2,,,0,70,,57035,2,,,0,30,,57052,2,,,0,70,,57066,2,,,0,30,,57046,2,,,0,70,,57065,2,,,0,30,,57048,2,,,0,70,,57064,2,,,0,30,,57043,2,,,0,70,,57063,2,,,0,30,,57038,2,,,0,71,,57062,2,,,0,30,,61263,2,,,0,70,,57060,2,,,0,30,,57039,2,,,0,70,,57061,2,,,0,30,,57042,2,,,0,70,,57059,2,,,0,30,,57036,2,,,0,70,,57058,2,,,0,30,,57040,2,,,0,70,,57057,2,,,0,30,,57037,2,,,0,70,,57056,2,,,0,30,,57050,2,,,0,70,,57055,2,,,0,30,,57051,2,,,0,69,,57054,2,,,0,30,,57044,2,,,0,70,,57067,2,,,0,30,,57053,2,,,0,70,,57068,2,,,0,30,,57047,2,,,0,70,,57069,2,,,0,30,,57045,2,,,0
502029,'1925',631,,61278,2,,,0,70,,61264,2,,,0,30,,61281,2,,,0,70,,61295,2,,,0,30,,61275,2,,,0,70,,61294,2,,,0,30,,61277,2,,,0,70,,61293,2,,,0,30,,61272,2,,,0,70,,61292,2,,,0,30,,61267,2,,,0,71,,61291,2,,,0,30,,61270,2,,,0,70,,61289,2,,,0,30,,61268,2,,,0,70,,61290,2,,,0,30,,61271,2,,,0,70,,61288,2,,,0,30,,61265,2,,,0,70,,61287,2,,,0,30,,61269,2,,,0,70,,61286,2,,,0,30,,61266,2,,,0,70,,61285,2,,,0,30,,61279,2,,,0,70,,61284,2,,,0,30,,61280,2,,,0,69,,61283,2,,,0,30,,61273,2,,,0,70,,61296,2,,,0,30,,61282,2,,,0,70,,61297,2,,,0,30,,61276,2,,,0,70,,61298,2,,,0,30,,61274,2,,,0
701019,'1907',618,,57470,2,,,0,28,,57511,2,,,0,70,,61384,2,,,0,30,,57469,2,,,0,55,,57446,2,,,0,15,,57514,2,,,0,15,,57428,2,,,0,15,,61382,2,,,0,55,,57430,2,,,0,15,,57466,2,,,0,15,,57447,2,,,0,15,,57509,2,,,0,55,,57422,2,,,0,15,,61383,2,,,0,15,,57431,2,,,0,15,,57465,2,,,0,55,,57426,2,,,0,15,,57505,2,,,0,15,,57434,2,,,0,15,,57488,2,,,0,55,,57429,2,,,0,15,,57462,2,,,0,15,,57441,2,,,0,15,,57506,2,,,0,55,,57432,2,,,0,15,,57484,2,,,0,15,,57437,2,,,0,15,,57460,2,,,0,55,,57440,2,,,0,15,,57515,2,,,0,15,,57427,2,,,0,15,,57485,2,,,0,55,,57439,2,,,0,15,,57458,2,,,0,15,,57443,2,,,0,15,,57510,2,,,0,55,,57424,2,,,0,15,,57491,2,,,0,15,,57425,2,,,0,15,,57456,2,,,0,55,,57442,2,,,0,15,,57502,2,,,0,15,,57423,2,,,0,15,,57481,2,,,0,55,,57438,2,,,0,15,,57455,2,,,0,15,,57444,2,,,0,15,,57501,2,,,0,55,,57435,2,,,0,15,,57482,2,,,0,15,,57436,2,,,0,15,,57453,2,,,0,55,,57445,2,,,0,15,,57516,2,,,0,15,,57433,2,,,0,15,,57480,2,,,0,70,,57450,2,,,0,30,,57512,2,,,0,70,,57475,2,,,0,30,,57448,2,,,0,70,,57517,2,,,0,25,,57518,2,,,0,65,,57520,2,,,0
701019,'1909',558,,57521,2,,,0,70,,57522,2,,,0,18,,57523,2,,,0,55,,57524,2,,,0,15,,57525,2,,,0,15,,57526,2,,,0,15,,57527,2,,,0,55,,57528,2,,,0,15,,57529,2,,,0,15,,61386,2,,,0,15,,57531,2,,,0,55,,57532,2,,,0,15,,57533,2,,,0,15,,57534,2,,,0,15,,61411,2,,,0,55,,61387,2,,,0,15,,61388,2,,,0,15,,57537,2,,,0,15,,57538,2,,,0,55,,57539,2,,,0,15,,57540,2,,,0,15,,61389,2,,,0,15,,61390,2,,,0,55,,61391,2,,,0,15,,57544,2,,,0,15,,57545,2,,,0,15,,57546,2,,,0,55,,57547,2,,,0,15,,61392,2,,,0,15,,61393,2,,,0,15,,61394,2,,,0,55,,57551,2,,,0,15,,57552,2,,,0,16,,57553,2,,,0,15,,57554,2,,,0,55,,57620,2,,,0,15,,61395,2,,,0,15,,57556,2,,,0,15,,61396,2,,,0,55,,57558,2,,,0,15,,61409,2,,,0,15,,57559,2,,,0,15,,57560,2,,,0,55,,57561,2,,,0,15,,57562,2,,,0,14,,57563,2,,,0,15,,57564,2,,,0,55,,61397,2,,,0,15,,57566,2,,,0,15,,61398,2,,,0,15,,57568,2,,,0,55,,57569,2,,,0,15,,57570,2,,,0,15,,61399,2,,,0,15,,57572,2,,,0,55,,61400,2,,,0,15,,57574,2,,,0,15,,57575,2,,,0,15,,57576,2,,,0,70,,57577,2,,,0,30,,57578,2,,,0,70,,57579,2,,,0,30,,57580,2,,,0,70,,57581,2,,,0,25,,61401,2,,,0,65,,57583,2,,,0
701019,'1910',618,,57662,2,,,0,28,,57647,2,,,0,70,,57637,2,,,0,30,,57643,2,,,0,55,,61414,2,,,0,15,,57650,2,,,0,15,,57666,2,,,0,15,,57633,2,,,0,55,,57667,2,,,0,15,,57638,2,,,0,15,,57672,2,,,0,15,,57644,2,,,0,57,,57688,2,,,0,15,,57708,2,,,0,15,,57724,2,,,0,15,,57712,2,,,0,55,,57679,2,,,0,15,,57719,2,,,0,15,,57701,2,,,0,15,,57726,2,,,0,55,,57717,2,,,0,15,,57674,2,,,0,15,,57722,2,,,0,15,,57707,2,,,0,55,,57678,2,,,0,15,,57716,2,,,0,15,,57700,2,,,0,15,,57681,2,,,0,55,,61418,2,,,0,15,,57706,2,,,0,15,,57723,2,,,0,15,,57715,2,,,0,55,,57677,2,,,0,15,,57720,2,,,0,15,,57705,2,,,0,15,,57697,2,,,0,55,,57718,2,,,0,15,,61420,2,,,0,15,,57728,2,,,0,15,,57676,2,,,0,55,,57696,2,,,0,15,,57703,2,,,0,15,,57694,2,,,0,15,,57689,2,,,0,55,,57692,2,,,0,15,,61416,2,,,0,15,,57687,2,,,0,15,,57680,2,,,0,53,,57663,2,,,0,15,,57693,2,,,0,15,,57668,2,,,0,15,,57645,2,,,0,55,,57669,2,,,0,15,,57651,2,,,0,15,,61415,2,,,0,15,,57634,2,,,0,70,,57639,2,,,0,30,,57646,2,,,0,70,,57652,2,,,0,30,,57659,2,,,0,70,,57661,2,,,0,25,,57671,2,,,0,65,,57664,2,,,0
701019,'1912',618,,57877,2,,,0,28,,57918,2,,,0,70,,61425,2,,,0,30,,57876,2,,,0,55,,57853,2,,,0,15,,57921,2,,,0,15,,57835,2,,,0,15,,61423,2,,,0,55,,57837,2,,,0,15,,57873,2,,,0,15,,57854,2,,,0,15,,57916,2,,,0,55,,57829,2,,,0,15,,61424,2,,,0,15,,57838,2,,,0,15,,57872,2,,,0,55,,57833,2,,,0,15,,57912,2,,,0,15,,57841,2,,,0,15,,57895,2,,,0,55,,57836,2,,,0,15,,57869,2,,,0,15,,57848,2,,,0,15,,57913,2,,,0,55,,57839,2,,,0,15,,57891,2,,,0,15,,57844,2,,,0,15,,57867,2,,,0,55,,57847,2,,,0,15,,57922,2,,,0,15,,57834,2,,,0,15,,57892,2,,,0,55,,57846,2,,,0,15,,57865,2,,,0,15,,57850,2,,,0,15,,57917,2,,,0,55,,57831,2,,,0,15,,57898,2,,,0,15,,57832,2,,,0,15,,57863,2,,,0,55,,57849,2,,,0,15,,57909,2,,,0,15,,57830,2,,,0,15,,57888,2,,,0,55,,57845,2,,,0,15,,57862,2,,,0,15,,57851,2,,,0,15,,57908,2,,,0,55,,57842,2,,,0,15,,57889,2,,,0,15,,57843,2,,,0,15,,57860,2,,,0,55,,57852,2,,,0,15,,57923,2,,,0,15,,57840,2,,,0,15,,57887,2,,,0,70,,57857,2,,,0,30,,57919,2,,,0,70,,57882,2,,,0,30,,57855,2,,,0,70,,57924,2,,,0,25,,57925,2,,,0,65,,57927,2,,,0
701019,'1924',618,,57778,2,,,0,28,,57819,2,,,0,70,,61431,2,,,0,30,,57777,2,,,0,55,,57754,2,,,0,15,,57822,2,,,0,15,,57736,2,,,0,15,,61429,2,,,0,55,,57738,2,,,0,15,,57774,2,,,0,15,,57755,2,,,0,15,,57817,2,,,0,55,,57730,2,,,0,15,,61430,2,,,0,15,,57739,2,,,0,15,,57773,2,,,0,55,,57734,2,,,0,15,,57813,2,,,0,15,,57742,2,,,0,15,,57796,2,,,0,55,,57737,2,,,0,15,,57770,2,,,0,15,,57749,2,,,0,15,,57814,2,,,0,55,,57740,2,,,0,15,,57792,2,,,0,15,,57745,2,,,0,15,,57768,2,,,0,55,,57748,2,,,0,15,,57823,2,,,0,15,,57735,2,,,0,15,,57793,2,,,0,55,,57747,2,,,0,15,,57766,2,,,0,15,,57751,2,,,0,15,,57818,2,,,0,55,,57732,2,,,0,15,,57799,2,,,0,15,,57733,2,,,0,15,,57764,2,,,0,55,,57750,2,,,0,15,,57810,2,,,0,15,,57731,2,,,0,15,,57789,2,,,0,55,,57746,2,,,0,15,,57763,2,,,0,15,,57752,2,,,0,15,,57809,2,,,0,55,,57743,2,,,0,15,,57790,2,,,0,15,,57744,2,,,0,15,,57761,2,,,0,55,,57753,2,,,0,15,,57824,2,,,0,15,,57741,2,,,0,15,,57788,2,,,0,70,,57758,2,,,0,30,,57820,2,,,0,70,,57783,2,,,0,30,,57756,2,,,0,70,,57825,2,,,0,25,,57826,2,,,0,65,,57828,2,,,0
701019,'1925',618,,61481,2,,,0,28,,61522,2,,,0,70,,61503,2,,,0,30,,61480,2,,,0,55,,61457,2,,,0,15,,61525,2,,,0,15,,61439,2,,,0,15,,61490,2,,,0,55,,61441,2,,,0,15,,61477,2,,,0,15,,61458,2,,,0,15,,61520,2,,,0,55,,61433,2,,,0,15,,61501,2,,,0,15,,61442,2,,,0,15,,61476,2,,,0,55,,61437,2,,,0,15,,61516,2,,,0,15,,61445,2,,,0,15,,61499,2,,,0,55,,61440,2,,,0,15,,61473,2,,,0,15,,61452,2,,,0,15,,61517,2,,,0,55,,61443,2,,,0,15,,61495,2,,,0,15,,61448,2,,,0,15,,61471,2,,,0,55,,61451,2,,,0,15,,61526,2,,,0,15,,61438,2,,,0,15,,61496,2,,,0,55,,61450,2,,,0,15,,61469,2,,,0,15,,61454,2,,,0,15,,61521,2,,,0,55,,61435,2,,,0,15,,61502,2,,,0,15,,61436,2,,,0,15,,61467,2,,,0,55,,61453,2,,,0,15,,61513,2,,,0,15,,61434,2,,,0,15,,61492,2,,,0,55,,61449,2,,,0,15,,61466,2,,,0,15,,61455,2,,,0,15,,61512,2,,,0,55,,61446,2,,,0,15,,61493,2,,,0,15,,61447,2,,,0,15,,61464,2,,,0,55,,61456,2,,,0,15,,61527,2,,,0,15,,61444,2,,,0,15,,61491,2,,,0,70,,61461,2,,,0,30,,61523,2,,,0,70,,61486,2,,,0,30,,61459,2,,,0,70,,61528,2,,,0,25,,61529,2,,,0,65,,61531,2,,,0
702019,'1907',646,,61534,2,,,0,70,,57938,2,,,0,30,,57960,2,,,0,70,,61532,2,,,0,30,,57937,2,,,0,70,,57959,2,,,0,31,,61533,2,,,0,70,,57936,2,,,0,30,,57954,2,,,0,70,,57944,2,,,0,30,,57935,2,,,0,70,,57950,2,,,0,30,,57939,2,,,0,70,,57934,2,,,0,30,,57958,2,,,0,70,,57943,2,,,0,30,,57933,2,,,0,70,,57955,2,,,0,30,,57947,2,,,0,70,,57932,2,,,0,30,,57953,2,,,0,70,,57942,2,,,0,30,,57931,2,,,0,69,,57952,2,,,0,30,,57941,2,,,0,70,,57930,2,,,0,30,,57957,2,,,0,70,,57940,2,,,0,30,,57929,2,,,0,70,,57956,2,,,0,30,,57946,2,,,0,70,,57928,2,,,0,30,,57951,2,,,0,65,,57961,2,,,0,25,,57962,2,,,0
702019,'1909',631,,57963,2,,,0,25,,57964,2,,,0,64,,57998,2,,,0,21,,57965,2,,,0,15,,61535,2,,,0,63,,57967,2,,,0,17,,57999,2,,,0,12,,57997,2,,,0,72,,57968,2,,,0,20,,61536,2,,,0,70,,57970,2,,,0,30,,58003,2,,,0,70,,61537,2,,,0,30,,57972,2,,,0,70,,57973,2,,,0,30,,61538,2,,,0,70,,61539,2,,,0,30,,57976,2,,,0,70,,57977,2,,,0,30,,61540,2,,,0,70,,61543,2,,,0,22,,57979,2,,,0,20,,57980,2,,,0,60,,57981,2,,,0,20,,57982,2,,,0,20,,58001,2,,,0,60,,57983,2,,,0,19,,57984,2,,,0,20,,61541,2,,,0,65,,57986,2,,,0,30,,57987,2,,,0,70,,57988,2,,,0,30,,57989,2,,,0,70,,57990,2,,,0,30,,57991,2,,,0,70,,57992,2,,,0,30,,57993,2,,,0,70,,57994,2,,,0,30,,57995,2,,,0,65,,61542,2,,,0,25,,58002,2,,,0
702019,'1910',646,,58014,2,,,0,70,,58016,2,,,0,30,,58018,2,,,0,70,,58013,2,,,0,30,,58015,2,,,0,70,,58017,2,,,0,30,,58019,2,,,0,71,,58030,2,,,0,30,,58028,2,,,0,70,,58034,2,,,0,30,,58025,2,,,0,70,,58038,2,,,0,30,,58027,2,,,0,70,,58036,2,,,0,30,,58033,2,,,0,70,,58032,2,,,0,30,,58029,2,,,0,70,,58022,2,,,0,30,,61545,2,,,0,70,,58021,2,,,0,30,,58031,2,,,0,70,,58024,2,,,0,30,,61544,2,,,0,70,,58035,2,,,0,30,,58026,2,,,0,70,,58008,2,,,0,30,,58011,2,,,0,70,,58004,2,,,0,29,,58006,2,,,0,70,,58009,2,,,0,30,,58012,2,,,0,70,,58005,2,,,0,30,,58007,2,,,0,65,,58010,2,,,0,25,,58020,2,,,0
702019,'1912',646,,61548,2,,,0,70,,58084,2,,,0,30,,58106,2,,,0,70,,61546,2,,,0,30,,58083,2,,,0,70,,58105,2,,,0,31,,61547,2,,,0,70,,58082,2,,,0,30,,58100,2,,,0,70,,58090,2,,,0,30,,58081,2,,,0,70,,58096,2,,,0,30,,58085,2,,,0,70,,58080,2,,,0,30,,58104,2,,,0,70,,58089,2,,,0,30,,58079,2,,,0,70,,58101,2,,,0,30,,58093,2,,,0,70,,58078,2,,,0,30,,58099,2,,,0,70,,58088,2,,,0,30,,58077,2,,,0,69,,58098,2,,,0,30,,58087,2,,,0,70,,58076,2,,,0,30,,58103,2,,,0,70,,58086,2,,,0,30,,58075,2,,,0,70,,58102,2,,,0,30,,58092,2,,,0,70,,58074,2,,,0,30,,58097,2,,,0,65,,58107,2,,,0,25,,58108,2,,,0
702019,'1924',646,,61551,2,,,0,70,,58049,2,,,0,30,,58071,2,,,0,70,,61549,2,,,0,30,,58048,2,,,0,70,,58070,2,,,0,31,,61550,2,,,0,70,,58047,2,,,0,30,,58065,2,,,0,70,,58055,2,,,0,30,,58046,2,,,0,70,,58061,2,,,0,30,,58050,2,,,0,70,,58045,2,,,0,30,,58069,2,,,0,70,,58054,2,,,0,30,,58044,2,,,0,70,,58066,2,,,0,30,,58058,2,,,0,70,,58043,2,,,0,30,,58064,2,,,0,70,,58053,2,,,0,30,,58042,2,,,0,69,,58063,2,,,0,30,,58052,2,,,0,70,,58041,2,,,0,30,,58068,2,,,0,70,,58051,2,,,0,30,,58040,2,,,0,70,,58067,2,,,0,30,,58057,2,,,0,70,,58039,2,,,0,30,,58062,2,,,0,65,,58072,2,,,0,25,,58073,2,,,0
702019,'1925',646,,61573,2,,,0,70,,61562,2,,,0,30,,61584,2,,,0,70,,61569,2,,,0,30,,61561,2,,,0,70,,61583,2,,,0,31,,61572,2,,,0,70,,61560,2,,,0,30,,61578,2,,,0,70,,61568,2,,,0,30,,61559,2,,,0,70,,61574,2,,,0,30,,61563,2,,,0,70,,61558,2,,,0,30,,61582,2,,,0,70,,61567,2,,,0,30,,61557,2,,,0,70,,61579,2,,,0,30,,61571,2,,,0,70,,61556,2,,,0,30,,61577,2,,,0,70,,61566,2,,,0,30,,61555,2,,,0,69,,61576,2,,,0,30,,61565,2,,,0,70,,61554,2,,,0,30,,61581,2,,,0,70,,61564,2,,,0,30,,61553,2,,,0,70,,61580,2,,,0,30,,61570,2,,,0,70,,61552,2,,,0,30,,61575,2,,,0,65,,61585,2,,,0,25,,61586,2,,,0
14000001019,'1907',2424,,61782,34,,,0,30,,61781,34,,,0,70,,61780,34,,,0,30,,61783,34,,,0,70,,61784,34,,,0
14000001019,'1909',2424,,61788,34,,,0,30,,61785,34,,,0,70,,61786,34,,,0,30,,61787,34,,,0,70,,61789,34,,,0
14000001019,'1910',2424,,61793,34,,,0,30,,61790,34,,,0,70,,61792,34,,,0,30,,61791,34,,,0,70,,61794,34,,,0
14000001019,'1912',2424,,61797,34,,,0,30,,61796,34,,,0,70,,61795,34,,,0,30,,61798,34,,,0,70,,61799,34,,,0
14000001019,'1924',2424,,61802,34,,,0,30,,61801,34,,,0,70,,61800,34,,,0,30,,61803,34,,,0,70,,61804,34,,,0
14000001019,'1925',2424,,61807,34,,,0,30,,61806,34,,,0,70,,61805,34,,,0,30,,61808,34,,,0,70,,61809,34,,,0
