1029,'1907',613,,58968,33,,,0,98,,58969,33,,,0,100,,58970,33,,,0,101,,58971,33,,,0,101,,58972,33,,,0,100,,58973,33,,,0,100,,58974,33,,,0,100,,58975,33,,,0,100,,58976,33,,,0,100,,58977,33,,,0,99,,58978,33,,,0,100,,58979,33,,,0,100,,58980,33,,,0,100,,58981,33,,,0,100,,58982,33,,,0,100,,58983,33,,,0,97,,58984,33,,,0,100,,58985,33,,,0
1029,'1909',612,,58995,33,,,0,35,,58996,33,,,0,68,,59016,33,,,0,30,,58992,33,,,0,70,,58987,33,,,0,30,,59020,33,,,0,72,,58990,33,,,0,30,,58997,33,,,0,70,,59015,33,,,0,30,,58994,33,,,0,70,,58986,33,,,0,30,,59019,33,,,0,70,,58991,33,,,0,30,,58998,33,,,0,70,,59014,33,,,0,30,,58993,33,,,0,70,,58988,33,,,0,31,,59017,33,,,0,71,,58989,33,,,0,30,,58999,33,,,0,70,,59013,33,,,0,30,,59002,33,,,0,70,,59001,33,,,0,27,,59000,33,,,0,67,,59006,33,,,0,30,,59005,33,,,0,70,,59004,33,,,0,30,,59003,33,,,0,70,,59018,33,,,0,29,,59012,33,,,0,70,,59011,33,,,0,30,,59010,33,,,0,70,,59009,33,,,0,30,,59008,33,,,0,65,,59007,33,,,0
1029,'1910',612,,59026,33,,,0,28,,59038,33,,,0,70,,59045,33,,,0,30,,59033,33,,,0,70,,59054,33,,,0,30,,59042,33,,,0,72,,59025,33,,,0,30,,59037,33,,,0,70,,59048,33,,,0,30,,59032,33,,,0,70,,59055,33,,,0,30,,59041,33,,,0,70,,59024,33,,,0,30,,59036,33,,,0,70,,59047,33,,,0,30,,59031,33,,,0,70,,59027,33,,,0,30,,59040,33,,,0,70,,59023,33,,,0,30,,59035,33,,,0,70,,59043,33,,,0,30,,59030,33,,,0,70,,59052,33,,,0,30,,59039,33,,,0,69,,59022,33,,,0,31,,59034,33,,,0,70,,59046,33,,,0,30,,59028,33,,,0,70,,59050,33,,,0,30,,59049,33,,,0,70,,59021,33,,,0,30,,59029,33,,,0,70,,59044,33,,,0,30,,59053,33,,,0,69,,59051,33,,,0
1029,'1912',613,,59056,33,,,0,98,,59057,33,,,0,100,,59058,33,,,0,101,,59059,33,,,0,101,,59060,33,,,0,100,,59061,33,,,0,100,,59062,33,,,0,100,,59063,33,,,0,100,,59064,33,,,0,100,,59065,33,,,0,99,,59066,33,,,0,100,,59067,33,,,0,100,,59068,33,,,0,100,,59069,33,,,0,100,,59070,33,,,0,100,,59071,33,,,0,97,,59072,33,,,0,100,,59073,33,,,0
1029,'1924',613,,59074,33,,,0,98,,59075,33,,,0,100,,59076,33,,,0,101,,59077,33,,,0,101,,59078,33,,,0,100,,59079,33,,,0,100,,59080,33,,,0,100,,59081,33,,,0,100,,59082,33,,,0,100,,59083,33,,,0,99,,59084,33,,,0,100,,59085,33,,,0,100,,59086,33,,,0,100,,59087,33,,,0,100,,59088,33,,,0,100,,59089,33,,,0,97,,59090,33,,,0,100,,59091,33,,,0
1029,'1925',613,,59092,33,,,0,98,,59093,33,,,0,100,,59094,33,,,0,101,,59095,33,,,0,101,,59096,33,,,0,100,,59097,33,,,0,100,,59098,33,,,0,100,,59099,33,,,0,100,,59100,33,,,0,100,,59101,33,,,0,99,,59102,33,,,0,100,,59103,33,,,0,100,,59104,33,,,0,100,,59105,33,,,0,100,,59106,33,,,0,100,,59107,33,,,0,97,,59108,33,,,0,100,,59109,33,,,0
31019,'1907',606,,60562,13,,,0,50,,60545,25,,,0,100,,60546,25,,,0,101,,60547,25,,,0,100,,60548,25,,,0,100,,60549,25,,,0,101,,60550,25,,,0,100,,60551,25,,,0,100,,60552,25,,,0,100,,60553,25,,,0,100,,60554,25,,,0,100,,60555,25,,,0,100,,60556,25,,,0,100,,60557,25,,,0,99,,60558,25,,,0,100,,60559,25,,,0,100,,60560,25,,,0,99,,60561,25,,,0
31019,'1909',605,,60596,13,,,0,26,,60591,13,,,0,25,,60564,25,,,0,74,,60577,25,,,0,70,,60589,25,,,0,30,,60573,25,,,0,70,,60570,25,,,0,29,,60584,25,,,0,30,,60567,25,,,0,70,,60578,25,,,0,30,,60588,25,,,0,70,,60576,25,,,0,30,,60571,25,,,0,70,,60583,25,,,0,30,,60566,25,,,0,70,,60579,25,,,0,30,,60587,25,,,0,70,,60574,25,,,0,30,,55867,25,,,0,73,,60582,25,,,0,70,,55865,25,,,0,30,,60580,25,,,0,69,,55886,25,,,0,27,,60575,25,,,0,29,,60569,25,,,0,70,,60581,25,,,0,30,,60565,25,,,0,70,,60597,25,,,0,30,,60586,25,,,0,100,,60572,25,,,0,100,,60568,25,,,0,100,,60585,25,,,0
31019,'1910',606,,60633,13,,,0,26,,60626,13,,,0,24,,60603,25,,,0,70,,60619,25,,,0,30,,60632,25,,,0,70,,60615,25,,,0,30,,60609,25,,,0,71,,60625,25,,,0,30,,60602,25,,,0,70,,60618,25,,,0,30,,60627,25,,,0,70,,60614,25,,,0,30,,60608,25,,,0,72,,60624,25,,,0,30,,60601,25,,,0,70,,60617,25,,,0,30,,60630,25,,,0,70,,60613,25,,,0,30,,60607,25,,,0,70,,60623,25,,,0,30,,60600,25,,,0,70,,60616,25,,,0,30,,60629,25,,,0,70,,60612,25,,,0,29,,60606,25,,,0,70,,60622,25,,,0,30,,60599,25,,,0,68,,60634,25,,,0,30,,60628,25,,,0,100,,60605,25,,,0,100,,60598,25,,,0,100,,60631,25,,,0
31019,'1912',606,,60652,13,,,0,50,,60635,25,,,0,100,,60636,25,,,0,101,,60637,25,,,0,100,,60638,25,,,0,100,,60639,25,,,0,101,,60640,25,,,0,100,,60641,25,,,0,100,,60642,25,,,0,100,,60643,25,,,0,100,,60644,25,,,0,100,,60645,25,,,0,100,,60646,25,,,0,100,,60647,25,,,0,99,,60648,25,,,0,100,,60649,25,,,0,100,,60650,25,,,0,99,,60651,25,,,0
31019,'1924',606,,60671,13,,,0,50,,60654,25,,,0,100,,60655,25,,,0,101,,60656,25,,,0,100,,60657,25,,,0,100,,60658,25,,,0,101,,60659,25,,,0,100,,60660,25,,,0,100,,60661,25,,,0,100,,60662,25,,,0,100,,60663,25,,,0,100,,60664,25,,,0,100,,60665,25,,,0,100,,60666,25,,,0,99,,60667,25,,,0,100,,60668,25,,,0,100,,60669,25,,,0,99,,60670,25,,,0
31019,'1925',606,,60690,13,,,0,50,,60673,25,,,0,100,,60674,25,,,0,101,,60675,25,,,0,100,,60676,25,,,0,100,,60677,25,,,0,101,,60678,25,,,0,100,,60679,25,,,0,100,,60680,25,,,0,100,,60681,25,,,0,100,,60682,25,,,0,100,,60683,25,,,0,100,,60684,25,,,0,100,,60685,25,,,0,99,,60686,25,,,0,100,,60687,25,,,0,100,,60688,25,,,0,99,,60689,25,,,0
