7019,'1907',730,,59729,1,,,0,101,,59730,1,,,0,100,,59738,1,,,0,100,,59731,1,,,0,100,,59732,1,,,0,100,,59733,1,,,0,100,,59734,1,,,0,101,,59735,1,,,0,100,,59736,1,,,0,99,,59737,1,,,0,100,,59725,1,,,0,99,,59726,1,,,0,100,,59724,1,,,0,100,,59728,1,,,0,100,,59727,1,,,0
7019,'1909',528,,54158,1,,,0,103,,54157,1,,,0,70,,59751,1,,,0,32,,54156,1,,,0,70,,59750,1,,,0,30,,54154,1,,,0,70,,59749,1,,,0,30,,54152,1,,,0,70,,54153,1,,,0,30,,54151,1,,,0,70,,54149,1,,,0,30,,54163,1,,,0,70,,59754,1,,,0,30,,59753,1,,,0,70,,59752,1,,,0,30,,54141,1,,,0,71,,59748,1,,,0,30,,59743,1,,,0,73,,54139,1,,,0,28,,54147,1,,,0,70,,59747,1,,,0,30,,59746,1,,,0,68,,54138,1,,,0,30,,54137,1,,,0,70,,54136,1,,,0,30,,59745,1,,,0,69,,59744,1,,,0,30,,54135,1,,,0,70,,54142,1,,,0,30,,59742,1,,,0,99,,54132,1,,,0,99,,59741,1,,,0,100,,54168,1,,,0
7019,'1910',631,,59761,1,,,0,69,,59760,1,,,0,30,,54182,1,,,0,70,,54175,1,,,0,32,,54183,1,,,0,70,,54176,1,,,0,30,,59762,1,,,0,70,,54177,1,,,0,30,,54185,1,,,0,70,,54178,1,,,0,30,,54186,1,,,0,70,,54179,1,,,0,30,,59763,1,,,0,70,,54180,1,,,0,30,,59764,1,,,0,70,,54193,1,,,0,30,,54189,1,,,0,70,,54195,1,,,0,30,,54190,1,,,0,70,,54194,1,,,0,30,,54191,1,,,0,70,,54196,1,,,0,30,,54192,1,,,0,70,,54199,1,,,0,29,,54169,1,,,0,70,,54197,1,,,0,30,,59758,1,,,0,70,,54198,1,,,0,30,,54171,1,,,0,99,,54172,1,,,0,100,,59759,1,,,0
7019,'1912',730,,59770,1,,,0,101,,59771,1,,,0,100,,59779,1,,,0,100,,59772,1,,,0,100,,59773,1,,,0,100,,59774,1,,,0,100,,59775,1,,,0,101,,59776,1,,,0,100,,59777,1,,,0,99,,59778,1,,,0,100,,59766,1,,,0,99,,59767,1,,,0,100,,59765,1,,,0,100,,59769,1,,,0,100,,59768,1,,,0
7019,'1924',730,,59787,1,,,0,101,,59788,1,,,0,100,,59796,1,,,0,100,,59789,1,,,0,100,,59790,1,,,0,100,,59791,1,,,0,100,,59792,1,,,0,101,,59793,1,,,0,100,,59794,1,,,0,99,,59795,1,,,0,100,,59783,1,,,0,99,,59784,1,,,0,100,,59782,1,,,0,100,,59786,1,,,0,100,,59785,1,,,0
7019,'1925',730,,59804,1,,,0,101,,59805,1,,,0,100,,59813,1,,,0,100,,59806,1,,,0,100,,59807,1,,,0,100,,59808,1,,,0,100,,59809,1,,,0,101,,59810,1,,,0,100,,59811,1,,,0,99,,59812,1,,,0,100,,59800,1,,,0,99,,59801,1,,,0,100,,59799,1,,,0,100,,59803,1,,,0,100,,59802,1,,,0
7029,'1907',730,,59835,34,4,,0,99,,59836,34,4,,0,102,,59837,34,4,,0,100,,59838,34,4,,0,100,,59839,34,4,,0,100,,59840,34,4,,0,100,,59841,34,4,,0,101,,59842,34,4,,0,100,,59843,34,4,,0,99,,59844,34,4,,0,100,,59845,34,4,,0,99,,59846,34,4,,0,100,,59847,34,4,,0,100,,59848,34,4,,0,100,,59834,34,4,,0
7029,'1909',528,,54343,34,4,,0,103,,54313,34,4,,0,70,,59856,34,4,,0,32,,54315,34,4,,0,70,,59857,34,4,,0,30,,54317,34,4,,0,70,,59858,34,4,,0,30,,54319,34,4,,0,70,,54320,34,4,,0,30,,54321,34,4,,0,70,,54322,34,4,,0,30,,54323,34,4,,0,70,,59859,34,4,,0,30,,59854,34,4,,0,70,,59855,34,4,,0,30,,54311,34,4,,0,71,,59853,34,4,,0,30,,59852,34,4,,0,73,,54312,34,4,,0,28,,54325,34,4,,0,70,,59860,34,4,,0,30,,59861,34,4,,0,68,,54328,34,4,,0,30,,54329,34,4,,0,70,,54330,34,4,,0,30,,59862,34,4,,0,69,,59863,34,4,,0,30,,54333,34,4,,0,70,,54334,34,4,,0,30,,59864,34,4,,0,99,,54336,34,4,,0,99,,59865,34,4,,0,100,,54344,34,4,,0
7029,'1910',631,,59875,23,4,,0,69,,59869,34,4,,0,30,,54359,34,4,,0,70,,54346,34,4,,0,32,,54360,34,4,,0,70,,54347,34,4,,0,30,,59870,34,4,,0,70,,54348,34,4,,0,30,,54362,34,4,,0,70,,54349,34,4,,0,30,,54363,34,4,,0,70,,54350,34,4,,0,30,,59871,34,4,,0,70,,54351,34,4,,0,30,,59872,34,4,,0,70,,54352,34,4,,0,30,,54366,34,4,,0,70,,54353,34,4,,0,30,,54367,34,4,,0,70,,54354,34,4,,0,30,,54368,34,4,,0,70,,54355,34,4,,0,30,,54369,34,4,,0,70,,54356,34,4,,0,29,,54370,34,4,,0,70,,54357,34,4,,0,30,,59873,34,4,,0,70,,54358,34,4,,0,29,,54372,34,4,,0,100,,54373,34,4,,0,100,,59874,34,4,,0,100,,54375,34,4,,0
7029,'1912',730,,59878,34,4,,0,99,,59879,34,4,,0,102,,59880,34,4,,0,100,,59881,34,4,,0,100,,59882,34,4,,0,100,,59883,34,4,,0,100,,59884,34,4,,0,101,,59885,34,4,,0,100,,59886,34,4,,0,99,,59887,34,4,,0,100,,59888,34,4,,0,99,,59889,34,4,,0,100,,59890,34,4,,0,100,,59891,34,4,,0,100,,59877,34,4,,0
7029,'1924',730,,59896,34,4,,0,99,,59897,34,4,,0,102,,59898,34,4,,0,100,,59899,34,4,,0,100,,59900,34,4,,0,100,,59901,34,4,,0,100,,59902,34,4,,0,101,,59903,34,4,,0,100,,59904,34,4,,0,99,,59905,34,4,,0,100,,59906,34,4,,0,99,,59907,34,4,,0,100,,59908,34,4,,0,100,,59909,34,4,,0,100,,59895,34,4,,0
7029,'1925',730,,59914,34,4,,0,99,,59915,34,4,,0,102,,59916,34,4,,0,100,,59917,34,4,,0,100,,59918,34,4,,0,100,,59919,34,4,,0,100,,59920,34,4,,0,101,,59921,34,4,,0,100,,59922,34,4,,0,99,,59923,34,4,,0,100,,59924,34,4,,0,99,,59925,34,4,,0,100,,59926,34,4,,0,100,,59927,34,4,,0,100,,59913,34,4,,0
