16029,'1907',725,,55384,10,,,0,102,,55373,10,,,0,97,,55371,10,,,0,103,,55379,10,,,0,98,,55382,10,,,0,100,,55378,10,,,0,101,,55380,10,,,0,100,,55370,10,,,0,100,,55372,10,,,0,99,,55375,10,,,0,99,,55374,10,,,0,100,,55381,10,,,0,100,,55376,10,,,0,102,,55377,10,,,0,97,,55383,10,,,0
16029,'1909',556,,55417,10,,,0,70,,55385,10,,,0,33,,55386,10,,,0,75,,55387,10,,,0,71,,55388,10,,,0,32,,55389,10,,,0,70,,55390,10,,,0,30,,55391,10,,,0,67,,55392,10,,,0,30,,55393,10,,,0,70,,55394,10,,,0,30,,55395,10,,,0,70,,55396,10,,,0,30,,55397,10,,,0,70,,55398,10,,,0,30,,55399,10,,,0,71,,55400,10,,,0,31,,55401,10,,,0,71,,55402,10,,,0,29,,55403,10,,,0,72,,55404,10,,,0,30,,55405,10,,,0,69,,55406,10,,,0,28,,55407,10,,,0,70,,55408,10,,,0,30,,55416,10,,,0,67,,55409,10,,,0,30,,55410,10,,,0,70,,55411,10,,,0,24,,55412,10,,,0,29,,55413,10,,,0,70,,55414,10,,,0,27,,55415,10,,,0
16029,'1910',559,,55449,10,,,0,67,,55448,10,,,0,30,,55432,10,,,0,67,,55418,10,,,0,30,,55425,10,,,0,71,,55439,10,,,0,30,,55433,10,,,0,70,,55419,10,,,0,31,,55426,10,,,0,70,,55440,10,,,0,30,,55434,10,,,0,70,,55420,10,,,0,30,,55427,10,,,0,70,,55441,10,,,0,32,,55435,10,,,0,70,,55421,10,,,0,30,,55428,10,,,0,70,,55442,10,,,0,30,,55436,10,,,0,70,,55422,10,,,0,30,,55429,10,,,0,70,,55443,10,,,0,29,,55437,10,,,0,70,,55423,10,,,0,30,,55430,10,,,0,69,,55444,10,,,0,29,,55438,10,,,0,70,,55424,10,,,0,29,,55431,10,,,0,70,,55445,10,,,0,100,,55446,10,,,0,30,,55447,10,,,0
16029,'1911',725,,55464,10,,,0,102,,55453,10,,,0,97,,55451,10,,,0,103,,55459,10,,,0,98,,55462,10,,,0,100,,55458,10,,,0,101,,55460,10,,,0,100,,55450,10,,,0,100,,55452,10,,,0,99,,55455,10,,,0,99,,55454,10,,,0,100,,55461,10,,,0,100,,55456,10,,,0,102,,55457,10,,,0,97,,55463,10,,,0
16029,'1912',725,,55479,10,,,0,102,,55468,10,,,0,97,,55466,10,,,0,103,,55474,10,,,0,98,,55477,10,,,0,100,,55473,10,,,0,101,,55475,10,,,0,100,,55465,10,,,0,100,,55467,10,,,0,99,,55470,10,,,0,99,,55469,10,,,0,100,,55476,10,,,0,100,,55471,10,,,0,102,,55472,10,,,0,97,,55478,10,,,0
32019,'1907',641,,55973,29,,,0,95,,55974,29,,,0,100,,55975,29,,,0,100,,55976,29,,,0,100,,55977,29,,,0,101,,55978,29,,,0,103,,55979,29,,,0,100,,55980,29,,,0,100,,55981,29,,,0,100,,55982,29,,,0,100,,55983,29,,,0,100,,55984,29,,,0,97,,55985,29,,,0,100,,55986,29,,,0,100,,55987,29,,,0,100,,55988,29,,,0,100,,55989,29,,,0,95,,55991,29,0,5 2 8 7,0
32019,'1909',641,,56000,29,,,0,66,,56016,29,,,0,33,,55995,29,,,0,71,,56011,29,,,0,30,,56021,29,,,0,70,,56005,29,,,0,29,,56003,29,,,0,70,,56015,29,,,0,30,,55993,29,,,0,70,,56009,29,,,0,30,,56020,29,,,0,70,,56007,29,,,0,30,,56002,29,,,0,70,,56014,29,,,0,30,,55996,29,,,0,70,,56008,29,,,0,29,,56019,29,,,0,70,,56006,29,,,0,30,,55999,29,,,0,70,,56013,29,,,0,30,,55992,29,,,0,70,,56010,29,,,0,31,,56018,29,,,0,71,,56004,29,,,0,28,,56001,29,,,0,70,,56012,29,,,0,30,,55997,29,,,0,99,,56017,29,,,0,100,,55998,29,,,0,100,,55994,29,,,0,95,,56026,29,0,5 2 8 7,0
32019,'1910',640,,56041,29,,,0,65,,56058,29,,,0,30,,56035,29,,,0,70,,56052,29,,,0,30,,56059,29,,,0,72,,56047,29,,,0,30,,56040,29,,,0,70,,56057,29,,,0,30,,56034,29,,,0,70,,56051,29,,,0,30,,56062,29,,,0,71,,56046,29,,,0,30,,56039,29,,,0,72,,56056,29,,,0,30,,56033,29,,,0,70,,56050,29,,,0,30,,56061,29,,,0,70,,56045,29,,,0,30,,56038,29,,,0,70,,56055,29,,,0,30,,56032,29,,,0,70,,56049,29,,,0,30,,56063,29,,,0,69,,56044,29,,,0,30,,56037,29,,,0,68,,56053,29,,,0,30,,56031,29,,,0,100,,56060,29,,,0,98,,56036,29,,,0,100,,56030,29,,,0,100,,56064,29,0,5 2 8 7,0
32019,'1911',641,,56067,29,,,0,95,,56068,29,,,0,100,,56069,29,,,0,100,,56070,29,,,0,100,,56071,29,,,0,101,,56072,29,,,0,103,,56073,29,,,0,100,,56074,29,,,0,100,,56075,29,,,0,100,,56076,29,,,0,100,,56077,29,,,0,100,,56078,29,,,0,97,,56079,29,,,0,100,,56080,29,,,0,100,,56081,29,,,0,100,,56082,29,,,0,100,,56083,29,,,0,95,,56085,29,0,5 2 8 7,0
32019,'1912',641,,56086,29,,,0,95,,56087,29,,,0,100,,56088,29,,,0,100,,56089,29,,,0,100,,56090,29,,,0,101,,56091,29,,,0,103,,56092,29,,,0,100,,56093,29,,,0,100,,56094,29,,,0,100,,56095,29,,,0,100,,56096,29,,,0,100,,56097,29,,,0,97,,56098,29,,,0,100,,56099,29,,,0,100,,56100,29,,,0,100,,56101,29,,,0,100,,56102,29,,,0,95,,56104,29,0,5 2 8 7,0
