2019,'1907',642,,59137,8,,,0,70,,59114,8,,,0,30,,59118,8,,,0,70,,59130,8,,,0,30,,59125,8,,,0,70,,59115,8,,,0,30,,59119,8,,,0,70,,59131,8,,,0,30,,59126,8,,,0,70,,59116,8,,,0,30,,59120,8,,,0,70,,59132,8,,,0,30,,59127,8,,,0,70,,59117,8,,,0,30,,59121,8,,,0,70,,59133,8,,,0,30,,59128,8,,,0,70,,59112,8,,,0,30,,59122,8,,,0,70,,59134,8,,,0,30,,59129,8,,,0,70,,59110,8,,,0,30,,59123,8,,,0,70,,59135,8,,,0,100,,59111,8,,,0,100,,59136,8,,,0,100,,59113,8,,,0,100,,59124,8,,,0,99,,59138,8,,,0
2019,'1909',613,,59139,8,,,0,28,,59140,8,,,0,71,,59141,8,,,0,30,,59142,8,,,0,70,,59143,8,,,0,30,,59144,8,,,0,69,,59161,8,,,0,30,,59162,8,,,0,70,,59163,8,,,0,30,,59164,8,,,0,70,,59165,8,,,0,30,,59166,8,,,0,70,,59167,8,,,0,30,,59168,8,,,0,70,,59169,8,,,0,30,,59159,8,,,0,70,,59160,8,,,0,30,,59145,8,,,0,70,,59146,8,,,0,30,,59147,8,,,0,70,,59148,8,,,0,30,,59149,8,,,0,70,,59150,8,,,0,29,,59151,8,,,0,70,,59152,8,,,0,30,,59158,8,,,0,70,,59153,8,,,0,100,,59154,8,,,0,100,,59155,8,,,0,100,,59156,8,,,0,100,,59157,8,,,0
2019,'1910',641,,59178,8,,,0,70,,59187,8,,,0,30,,59194,8,,,0,70,,59172,8,,,0,30,,59179,8,,,0,70,,59188,8,,,0,30,,59195,8,,,0,71,,59173,8,,,0,30,,59180,8,,,0,70,,59189,8,,,0,30,,59196,8,,,0,70,,59174,8,,,0,30,,59181,8,,,0,70,,59190,8,,,0,30,,59197,8,,,0,70,,59175,8,,,0,30,,59182,8,,,0,70,,59191,8,,,0,30,,59198,8,,,0,70,,59176,8,,,0,30,,59183,8,,,0,70,,59192,8,,,0,30,,59199,8,,,0,70,,59177,8,,,0,30,,59184,8,,,0,70,,59193,8,,,0,100,,59185,8,,,0,100,,59200,8,,,0,100,,59186,8,,,0,100,,59201,8,,,0
2019,'1912',642,,59229,8,,,0,70,,59206,8,,,0,30,,59210,8,,,0,70,,59222,8,,,0,30,,59217,8,,,0,70,,59207,8,,,0,30,,59211,8,,,0,70,,59223,8,,,0,30,,59218,8,,,0,70,,59208,8,,,0,30,,59212,8,,,0,70,,59224,8,,,0,30,,59219,8,,,0,70,,59209,8,,,0,30,,59213,8,,,0,70,,59225,8,,,0,30,,59220,8,,,0,70,,59204,8,,,0,30,,59214,8,,,0,70,,59226,8,,,0,30,,59221,8,,,0,70,,59202,8,,,0,30,,59215,8,,,0,70,,59227,8,,,0,100,,59203,8,,,0,100,,59228,8,,,0,100,,59205,8,,,0,100,,59216,8,,,0,99,,59230,8,,,0
2019,'1924',642,,59258,8,,,0,70,,59235,8,,,0,30,,59239,8,,,0,70,,59251,8,,,0,30,,59246,8,,,0,70,,59236,8,,,0,30,,59240,8,,,0,70,,59252,8,,,0,30,,59247,8,,,0,70,,59237,8,,,0,30,,59241,8,,,0,70,,59253,8,,,0,30,,59248,8,,,0,70,,59238,8,,,0,30,,59242,8,,,0,70,,59254,8,,,0,30,,59249,8,,,0,70,,59233,8,,,0,30,,59243,8,,,0,70,,59255,8,,,0,30,,59250,8,,,0,70,,59231,8,,,0,30,,59244,8,,,0,70,,59256,8,,,0,100,,59232,8,,,0,100,,59257,8,,,0,100,,59234,8,,,0,100,,59245,8,,,0,99,,59259,8,,,0
2019,'1925',642,,59287,8,,,0,70,,59264,8,,,0,30,,59268,8,,,0,70,,59280,8,,,0,30,,59275,8,,,0,70,,59265,8,,,0,30,,59269,8,,,0,70,,59281,8,,,0,30,,59276,8,,,0,70,,59266,8,,,0,30,,59270,8,,,0,70,,59282,8,,,0,30,,59277,8,,,0,70,,59267,8,,,0,30,,59271,8,,,0,70,,59283,8,,,0,30,,59278,8,,,0,70,,59262,8,,,0,30,,59272,8,,,0,70,,59284,8,,,0,30,,59279,8,,,0,70,,59260,8,,,0,30,,59273,8,,,0,70,,59285,8,,,0,100,,59261,8,,,0,100,,59286,8,,,0,100,,59263,8,,,0,100,,59274,8,,,0,99,,59288,8,,,0
32019,'1907',557,,60709,10,,,0,96,,60692,40,,,0,100,,60693,40,,,0,100,,60694,40,,,0,100,,60695,40,,,0,100,,60696,40,,,0,102,,60697,40,,,0,100,,60698,40,,,0,100,,60699,40,,,0,100,,60700,40,,,0,100,,60701,40,,,0,100,,60702,40,,,0,100,,60703,40,,,0,99,,60704,40,,,0,100,,60705,40,,,0,100,,60706,40,,,0,99,,60707,40,,,0,100,,60708,40,,,0
32019,'1909',437,,60747,10,,,0,88,,60748,10,,,0,30,,60746,10,,,0,68,,60744,10,,,0,32,,60719,40,,,0,71,,60735,40,,,0,30,,60714,40,,,0,69,,60730,40,,,0,30,,60740,40,,,0,70,,60724,40,,,0,29,,60722,40,,,0,70,,60734,40,,,0,30,,60712,40,,,0,70,,60728,40,,,0,30,,60739,40,,,0,70,,60726,40,,,0,30,,60721,40,,,0,70,,60733,40,,,0,30,,60715,40,,,0,70,,60727,40,,,0,32,,60738,40,,,0,70,,60725,40,,,0,30,,60718,40,,,0,70,,60732,40,,,0,30,,60711,40,,,0,70,,60729,40,,,0,28,,60737,40,,,0,71,,60723,40,,,0,30,,60720,40,,,0,70,,60731,40,,,0,30,,60716,40,,,0,69,,60741,10,,,0,30,,60736,40,,,0,70,,60743,10,,,0,30,,60717,40,,,0,70,,60742,10,,,0,30,,60713,40,,,0
32019,'1910',527,,60785,10,,,0,30,,60784,10,,,0,70,,60767,10,,,0,26,,60760,40,,,0,70,,60777,40,,,0,30,,60754,40,,,0,70,,60771,40,,,0,30,,60778,40,,,0,70,,60766,40,,,0,30,,60759,40,,,0,72,,60776,40,,,0,30,,60753,40,,,0,70,,60770,40,,,0,30,,60781,40,,,0,70,,60765,40,,,0,30,,60758,40,,,0,70,,60775,40,,,0,30,,60752,40,,,0,70,,60769,40,,,0,30,,60780,40,,,0,70,,60764,40,,,0,30,,60757,40,,,0,70,,60774,40,,,0,30,,60751,40,,,0,70,,60768,40,,,0,30,,60782,40,,,0,70,,60763,40,,,0,29,,60756,40,,,0,70,,60772,40,,,0,30,,60750,40,,,0,70,,60762,10,,,0,30,,60779,40,,,0,70,,60773,10,,,0,30,,60755,40,,,0,70,,60761,10,,,0,30,,60749,40,,,0
32019,'1912',557,,60803,10,,,0,96,,60786,40,,,0,100,,60787,40,,,0,100,,60788,40,,,0,100,,60789,40,,,0,100,,60790,40,,,0,102,,60791,40,,,0,100,,60792,40,,,0,100,,60793,40,,,0,100,,60794,40,,,0,100,,60795,40,,,0,100,,60796,40,,,0,100,,60797,40,,,0,99,,60798,40,,,0,100,,60799,40,,,0,100,,60800,40,,,0,99,,60801,40,,,0,100,,60802,40,,,0
32019,'1924',557,,60822,10,,,0,96,,60805,40,,,0,100,,60806,40,,,0,100,,60807,40,,,0,100,,60808,40,,,0,100,,60809,40,,,0,102,,60810,40,,,0,100,,60811,40,,,0,100,,60812,40,,,0,100,,60813,40,,,0,100,,60814,40,,,0,100,,60815,40,,,0,100,,60816,40,,,0,99,,60817,40,,,0,100,,60818,40,,,0,100,,60819,40,,,0,99,,60820,40,,,0,100,,60821,40,,,0
32019,'1925',557,,60841,10,,,0,96,,60824,40,,,0,100,,60825,40,,,0,100,,60826,40,,,0,100,,60827,40,,,0,100,,60828,40,,,0,102,,60829,40,,,0,100,,60830,40,,,0,100,,60831,40,,,0,100,,60832,40,,,0,100,,60833,40,,,0,100,,60834,40,,,0,100,,60835,40,,,0,99,,60836,40,,,0,100,,60837,40,,,0,100,,60838,40,,,0,99,,60839,40,,,0,100,,60840,40,,,0
