1029,'1907',556,,53126,7,,,0,98,,53127,7,,,0,100,,53128,7,,,0,100,,53129,7,,,0,101,,53130,7,,,0,100,,53131,7,,,0,100,,53132,7,,,0,100,,53133,7,,,0,100,,53134,7,,,0,100,,53135,7,,,0,100,,53136,7,,,0,100,,53137,7,,,0,100,,53138,7,,,0,100,,53139,7,,,0,100,,53140,7,,,0,100,,53141,7,,,0,100,,53142,7,,,0,99,,53143,7,,,0
1029,'1909',554,,53153,7,,,0,75,,53154,7,,,0,25,,53174,7,,,0,69,,53150,7,,,0,30,,53145,7,,,0,70,,53178,7,,,0,33,,53148,7,,,0,70,,53155,7,,,0,30,,53173,7,,,0,70,,53152,7,,,0,30,,53144,7,,,0,70,,53177,7,,,0,30,,53149,7,,,0,70,,53156,7,,,0,30,,53172,7,,,0,70,,53151,7,,,0,30,,53146,7,,,0,70,,53175,7,,,0,31,,53147,7,,,0,70,,53157,7,,,0,30,,53171,7,,,0,70,,53160,7,,,0,30,,53159,7,,,0,70,,53158,7,,,0,28,,53164,7,,,0,70,,53163,7,,,0,30,,53162,7,,,0,70,,53161,7,,,0,30,,53176,7,,,0,69,,53170,7,,,0,30,,53169,7,,,0,70,,53168,7,,,0,30,,53167,7,,,0,70,,53166,7,,,0,25,,53165,7,,,0
1029,'1910',556,,53184,7,,,0,68,,53196,7,,,0,30,,53203,7,,,0,70,,53191,7,,,0,30,,53212,7,,,0,70,,53200,7,,,0,30,,53183,7,,,0,68,,53195,7,,,0,30,,53206,7,,,0,70,,53190,7,,,0,30,,53213,7,,,0,70,,53199,7,,,0,30,,53182,7,,,0,70,,53194,7,,,0,30,,53205,7,,,0,70,,53189,7,,,0,30,,53185,7,,,0,70,,53198,7,,,0,30,,53181,7,,,0,70,,53193,7,,,0,30,,53201,7,,,0,70,,53188,7,,,0,30,,53210,7,,,0,70,,53197,7,,,0,30,,53180,7,,,0,72,,53192,7,,,0,30,,53204,7,,,0,70,,53186,7,,,0,30,,53208,7,,,0,70,,53207,7,,,0,30,,53179,7,,,0,70,,53187,7,,,0,30,,53202,7,,,0,70,,53211,7,,,0,30,,53209,7,,,0
1029,'1911',556,,53214,7,,,0,98,,53215,7,,,0,100,,53216,7,,,0,100,,53217,7,,,0,101,,53218,7,,,0,100,,53219,7,,,0,100,,53220,7,,,0,100,,53221,7,,,0,100,,53222,7,,,0,100,,53223,7,,,0,100,,53224,7,,,0,100,,53225,7,,,0,100,,53226,7,,,0,100,,53227,7,,,0,100,,53228,7,,,0,100,,53229,7,,,0,100,,53230,7,,,0,99,,53231,7,,,0
1029,'1912',556,,53232,7,,,0,98,,53233,7,,,0,100,,53234,7,,,0,100,,53235,7,,,0,101,,53236,7,,,0,100,,53237,7,,,0,100,,53238,7,,,0,100,,53239,7,,,0,100,,53240,7,,,0,100,,53241,7,,,0,100,,53242,7,,,0,100,,53243,7,,,0,100,,53244,7,,,0,100,,53245,7,,,0,100,,53246,7,,,0,100,,53247,7,,,0,100,,53248,7,,,0,99,,53249,7,,,0
2029,'1907',608,,53401,6,,,0,30,,53409,6,,,0,67,,53420,6,,,0,28,,53415,6,,,0,70,,53402,6,,,0,30,,53410,6,,,0,70,,53421,6,,,0,30,,53416,6,,,0,70,,53403,6,,,0,30,,53411,6,,,0,70,,53422,6,,,0,30,,53417,6,,,0,70,,53404,6,,,0,30,,53412,6,,,0,70,,53423,6,,,0,30,,53418,6,,,0,70,,53405,6,,,0,30,,53413,6,,,0,70,,53424,6,,,0,30,,53419,6,,,0,70,,53406,6,,,0,30,,53414,6,,,0,70,,53425,6,,,0,29,,53429,6,0,5 2 13 14,0,71,,53407,6,,,0,29,,53428,6,0,5 2 13 14,0,70,,53426,6,,,0,100,,53408,6,,,0,101,,53427,6,,,0,100,,53400,6,,,0,54,,53430,6,0,5 2 13 14,0,100,,53431,6,0,5 2 13 14,0
2029,'1909',535,,53433,6,,,0,70,,53434,6,,,0,26,,53435,6,,,0,69,,53436,6,,,0,29,,53437,6,,,0,30,,53438,6,,,0,70,,53439,6,,,0,73,,53440,6,,,0,31,,53441,6,,,0,71,,53464,6,,,0,30,,53460,6,,,0,70,,53466,6,,,0,30,,53462,6,,,0,70,,53463,6,,,0,30,,53459,6,,,0,70,,53465,6,,,0,30,,53461,6,,,0,70,,53467,6,,,0,30,,53442,6,,,0,74,,53443,6,,,0,30,,53444,6,,,0,70,,53445,6,,,0,30,,53446,6,,,0,70,,53447,6,,,0,28,,53448,6,,,0,67,,53449,6,,,0,30,,53453,6,,,0,70,,53454,6,,,0,30,,53457,6,0,5 2 13 14,0,70,,53455,6,,,0,97,,53456,6,,,0,100,,53452,6,,,0,100,,53451,6,0,5 2 13 14,0,57,,53458,6,0,5 2 13 14,0
2029,'1910',538,,53499,6,0,5 2 15 16 17,0,70,,53482,6,,,0,30,,53489,6,,,0,65,,53468,6,,,0,30,,53474,6,,,0,70,,53483,6,,,0,30,,53490,6,,,0,70,,53469,6,,,0,30,,53475,6,,,0,70,,53484,6,,,0,30,,53491,6,,,0,70,,53470,6,,,0,30,,53476,6,,,0,70,,53485,6,,,0,30,,53492,6,,,0,70,,53471,6,,,0,30,,53477,6,,,0,70,,53486,6,,,0,30,,53493,6,,,0,70,,53472,6,,,0,30,,53478,6,,,0,70,,53487,6,,,0,30,,53494,6,,,0,70,,53473,6,,,0,30,,53479,6,,,0,70,,53488,6,,,0,30,,53495,6,,,0,69,,53480,6,,,0,30,,53501,6,0,5 2 13 14,0,70,,53496,6,,,0,100,,53481,6,,,0,100,,53497,6,,,0,56,,53498,6,0,5 2 13 14,0,98,,53500,6,0,5 2 13 14,0
2029,'1911',608,,53503,6,,,0,30,,53511,6,,,0,67,,53522,6,,,0,28,,53517,6,,,0,70,,53504,6,,,0,30,,53512,6,,,0,70,,53523,6,,,0,30,,53518,6,,,0,70,,53505,6,,,0,30,,53513,6,,,0,70,,53524,6,,,0,30,,53519,6,,,0,70,,53506,6,,,0,30,,53514,6,,,0,70,,53525,6,,,0,30,,53520,6,,,0,70,,53507,6,,,0,30,,53515,6,,,0,70,,53526,6,,,0,30,,53521,6,,,0,70,,53508,6,,,0,30,,53516,6,,,0,70,,53527,6,,,0,29,,53531,6,0,5 2 13 14,0,71,,53509,6,,,0,29,,53530,6,0,5 2 13 14,0,70,,53528,6,,,0,100,,53510,6,,,0,101,,53529,6,,,0,100,,53502,6,,,0,54,,53532,6,0,5 2 13 14,0,100,,53533,6,0,5 2 13 14,0
2029,'1912',608,,53536,6,,,0,30,,53544,6,,,0,67,,53555,6,,,0,28,,53550,6,,,0,70,,53537,6,,,0,30,,53545,6,,,0,70,,53556,6,,,0,30,,53551,6,,,0,70,,53538,6,,,0,30,,53546,6,,,0,70,,53557,6,,,0,30,,53552,6,,,0,70,,53539,6,,,0,30,,53547,6,,,0,70,,53558,6,,,0,30,,53553,6,,,0,70,,53540,6,,,0,30,,53548,6,,,0,70,,53559,6,,,0,30,,53554,6,,,0,70,,53541,6,,,0,30,,53549,6,,,0,70,,53560,6,,,0,29,,53564,6,0,5 2 13 14,0,71,,53542,6,,,0,29,,53563,6,0,5 2 13 14,0,70,,53561,6,,,0,100,,53543,6,,,0,101,,53562,6,,,0,100,,53535,6,,,0,54,,53565,6,0,5 2 13 14,0,100,,53566,6,0,5 2 13 14,0
