1019,'1907',609,,58824,12,,,0,100,,58825,12,,,0,100,,58826,12,,,0,100,,58827,12,,,0,100,,58828,12,,,0,100,,58829,12,,,0,100,,58830,12,,,0,100,,58831,12,,,0,100,,58832,12,,,0,100,,58833,12,,,0,100,,58834,12,,,0,100,,58835,12,,,0,100,,58836,12,,,0,100,,58837,12,,,0,100,,58838,12,,,0,100,,58839,12,,,0,100,,58840,12,,,0,100,,58841,12,,,0
1019,'1909',538,,58877,12,,,0,75,,58873,12,,,0,30,,58849,12,,,0,72,,58844,12,,,0,30,,58862,12,,,0,70,,58846,12,,,0,30,,58851,12,,,0,70,,58876,12,,,0,30,,58848,12,,,0,70,,58842,12,,,0,30,,58861,12,,,0,70,,58847,12,,,0,30,,58852,12,,,0,70,,58872,12,,,0,30,,58850,12,,,0,70,,58843,12,,,0,30,,58874,12,,,0,70,,58845,12,,,0,31,,58853,12,,,0,70,,58871,12,,,0,30,,58864,12,,,0,70,,58856,12,,,0,30,,58854,12,,,0,70,,58857,12,,,0,29,,58859,12,,,0,70,,58858,12,,,0,30,,58855,12,,,0,65,,58875,12,,,0,30,,58869,12,,,0,68,,58870,12,,,0,30,,58868,12,,,0,70,,58867,12,,,0,30,,58866,12,,,0,70,,58865,12,,,0,30,,58863,12,,,0,70,,58860,12,,,0
1019,'1910',538,,58913,12,,,0,70,,58902,12,,,0,30,,58888,12,,,0,70,,58907,12,,,0,30,,58897,12,,,0,70,,58882,12,,,0,30,,58903,12,,,0,70,,58905,12,,,0,30,,58887,12,,,0,72,,58908,12,,,0,30,,58896,12,,,0,70,,58881,12,,,0,30,,58891,12,,,0,70,,58901,12,,,0,30,,58886,12,,,0,70,,58909,12,,,0,30,,58895,12,,,0,70,,58880,12,,,0,30,,58890,12,,,0,70,,58900,12,,,0,30,,58885,12,,,0,70,,58910,12,,,0,30,,58894,12,,,0,70,,58879,12,,,0,30,,58889,12,,,0,70,,58899,12,,,0,30,,58883,12,,,0,69,,58911,12,,,0,30,,58892,12,,,0,70,,58878,12,,,0,30,,58884,12,,,0,70,,58898,12,,,0,30,,58893,12,,,0,70,,58912,12,,,0,30,,58906,12,,,0,70,,58904,12,,,0
1019,'1912',609,,58914,12,,,0,100,,58915,12,,,0,100,,58916,12,,,0,100,,58917,12,,,0,100,,58918,12,,,0,100,,58919,12,,,0,100,,58920,12,,,0,100,,58921,12,,,0,100,,58922,12,,,0,100,,58923,12,,,0,100,,58924,12,,,0,100,,58925,12,,,0,100,,58926,12,,,0,100,,58927,12,,,0,100,,58928,12,,,0,100,,58929,12,,,0,100,,58930,12,,,0,100,,58931,12,,,0
1019,'1924',609,,58932,12,,,0,100,,58933,12,,,0,100,,58934,12,,,0,100,,58935,12,,,0,100,,58936,12,,,0,100,,58937,12,,,0,100,,58938,12,,,0,100,,58939,12,,,0,100,,58940,12,,,0,100,,58941,12,,,0,100,,58942,12,,,0,100,,58943,12,,,0,100,,58944,12,,,0,100,,58945,12,,,0,100,,58946,12,,,0,100,,58947,12,,,0,100,,58948,12,,,0,100,,58949,12,,,0
1019,'1925',609,,58950,12,,,0,100,,58951,12,,,0,100,,58952,12,,,0,100,,58953,12,,,0,100,,58954,12,,,0,100,,58955,12,,,0,100,,58956,12,,,0,100,,58957,12,,,0,100,,58958,12,,,0,100,,58959,12,,,0,100,,58960,12,,,0,100,,58961,12,,,0,100,,58962,12,,,0,100,,58963,12,,,0,100,,58964,12,,,0,100,,58965,12,,,0,100,,58966,12,,,0,100,,58967,12,,,0
2019,'1907',654,,59137,21,,,0,70,,59114,21,,,0,30,,59118,21,,,0,70,,59130,21,,,0,30,,59125,21,,,0,70,,59115,21,,,0,30,,59119,21,,,0,70,,59131,21,,,0,30,,59126,21,,,0,70,,59116,21,,,0,30,,59120,21,,,0,70,,59132,21,,,0,30,,59127,21,,,0,70,,59117,21,,,0,30,,59121,21,,,0,70,,59133,21,,,0,30,,59128,21,,,0,70,,59112,21,,,0,30,,59122,21,,,0,70,,59134,21,,,0,30,,59129,21,,,0,70,,59110,21,,,0,30,,59123,21,,,0,70,,59135,21,,,0,100,,59111,21,,,0,100,,59136,21,,,0,100,,59113,21,,,0,100,,59124,21,,,0,99,,59138,21,,,0
2019,'1909',450,,59170,12,0,5 2 13 14,0,173,,59139,21,,,0,30,,59140,21,,,0,72,,59141,21,,,0,30,,59142,21,,,0,70,,59143,21,,,0,30,,59144,21,,,0,70,,59161,21,,,0,30,,59162,21,,,0,70,,59163,21,,,0,30,,59164,21,,,0,70,,59165,21,,,0,30,,59166,21,,,0,70,,59167,21,,,0,30,,59168,21,,,0,70,,59169,21,,,0,30,,59159,21,,,0,70,,59160,21,,,0,31,,59145,21,,,0,70,,59146,21,,,0,30,,59147,21,,,0,70,,59148,21,,,0,30,,59149,21,,,0,69,,59150,21,,,0,30,,59151,21,,,0,70,,59152,21,,,0,30,,59158,21,,,0,70,,59153,21,,,0,98,,59154,21,,,0,100,,59155,21,,,0,100,,59156,21,,,0,100,,59157,21,,,0
2019,'1910',623,,59171,12,,,0,30,,59178,21,,,0,70,,59187,21,,,0,30,,59194,21,,,0,70,,59172,21,,,0,30,,59179,21,,,0,70,,59188,21,,,0,30,,59195,21,,,0,72,,59173,21,,,0,30,,59180,21,,,0,70,,59189,21,,,0,30,,59196,21,,,0,70,,59174,21,,,0,30,,59181,21,,,0,70,,59190,21,,,0,30,,59197,21,,,0,70,,59175,21,,,0,30,,59182,21,,,0,70,,59191,21,,,0,30,,59198,21,,,0,70,,59176,21,,,0,30,,59183,21,,,0,70,,59192,21,,,0,30,,59199,21,,,0,70,,59177,21,,,0,30,,59184,21,,,0,70,,59193,21,,,0,99,,59185,21,,,0,100,,59200,21,,,0,100,,59186,21,,,0,100,,59201,21,,,0
2019,'1912',654,,59229,21,,,0,70,,59206,21,,,0,30,,59210,21,,,0,70,,59222,21,,,0,30,,59217,21,,,0,70,,59207,21,,,0,30,,59211,21,,,0,70,,59223,21,,,0,30,,59218,21,,,0,70,,59208,21,,,0,30,,59212,21,,,0,70,,59224,21,,,0,30,,59219,21,,,0,70,,59209,21,,,0,30,,59213,21,,,0,70,,59225,21,,,0,30,,59220,21,,,0,70,,59204,21,,,0,30,,59214,21,,,0,70,,59226,21,,,0,30,,59221,21,,,0,70,,59202,21,,,0,30,,59215,21,,,0,70,,59227,21,,,0,100,,59203,21,,,0,100,,59228,21,,,0,100,,59205,21,,,0,100,,59216,21,,,0,99,,59230,21,,,0
2019,'1924',654,,59258,21,,,0,70,,59235,21,,,0,30,,59239,21,,,0,70,,59251,21,,,0,30,,59246,21,,,0,70,,59236,21,,,0,30,,59240,21,,,0,70,,59252,21,,,0,30,,59247,21,,,0,70,,59237,21,,,0,30,,59241,21,,,0,70,,59253,21,,,0,30,,59248,21,,,0,70,,59238,21,,,0,30,,59242,21,,,0,70,,59254,21,,,0,30,,59249,21,,,0,70,,59233,21,,,0,30,,59243,21,,,0,70,,59255,21,,,0,30,,59250,21,,,0,70,,59231,21,,,0,30,,59244,21,,,0,70,,59256,21,,,0,100,,59232,21,,,0,100,,59257,21,,,0,100,,59234,21,,,0,100,,59245,21,,,0,99,,59259,21,,,0
2019,'1925',654,,59287,21,,,0,70,,59264,21,,,0,30,,59268,21,,,0,70,,59280,21,,,0,30,,59275,21,,,0,70,,59265,21,,,0,30,,59269,21,,,0,70,,59281,21,,,0,30,,59276,21,,,0,70,,59266,21,,,0,30,,59270,21,,,0,70,,59282,21,,,0,30,,59277,21,,,0,70,,59267,21,,,0,30,,59271,21,,,0,70,,59283,21,,,0,30,,59278,21,,,0,70,,59262,21,,,0,30,,59272,21,,,0,70,,59284,21,,,0,30,,59279,21,,,0,70,,59260,21,,,0,30,,59273,21,,,0,70,,59285,21,,,0,100,,59261,21,,,0,100,,59286,21,,,0,100,,59263,21,,,0,100,,59274,21,,,0,99,,59288,21,,,0
12019,'1909',633,,60120,12,,,0,71,,60122,12,,,0,31,,60116,12,,,0,70,,60123,12,,,0,30,,60124,12,,,0,70,,60121,12,0,5 2 12,0,30,,60111,12,0,5 2 12,0,70,,60112,12,0,5 2 12,0,30,,60102,12,0,5 2 12,0,70,,60103,12,0,5 2 12,0,30,,60104,12,0,5 2 12,0,70,,60105,12,0,5 2 12,0,30,,60106,12,0,5 2 12,0,70,,60107,12,0,5 2 12,0,30,,60108,12,0,5 2 12,0,70,,60109,12,0,5 2 12,0,30,,60110,12,,,0,69,,60119,12,,,0,30,,60115,12,,,0,70,,60117,12,,,0,30,,60114,12,,,0,70,,60118,12,,,0,30,,60113,12,,,0,70,,54874,12,,,0
14000001019,'1907',2417,,61782,28,,,0,30,,61781,28,,,0,70,,61780,28,,,0,30,,61783,28,,,0,70,,61784,28,,,0
14000001019,'1909',2417,,61788,28,,,0,30,,61785,28,,,0,70,,61786,28,,,0,30,,61787,28,,,0,70,,61789,28,,,0
14000001019,'1910',2417,,61793,28,,,0,30,,61790,28,,,0,70,,61792,28,,,0,30,,61791,28,,,0,70,,61794,28,,,0
14000001019,'1912',2417,,61797,28,,,0,30,,61796,28,,,0,70,,61795,28,,,0,30,,61798,28,,,0,70,,61799,28,,,0
14000001019,'1924',2417,,61802,28,,,0,30,,61801,28,,,0,70,,61800,28,,,0,30,,61803,28,,,0,70,,61804,28,,,0
14000001019,'1925',2417,,61807,28,,,0,30,,61806,28,,,0,70,,61805,28,,,0,30,,61808,28,,,0,70,,61809,28,,,0
