4019,'1907',809,,53591,13,,,0,30,,53592,13,,,0,70,,53589,13,,,0,30,,53593,13,,,0,70,,53590,13,,,0,30,,53574,13,,,0,70,,53578,13,,,0,30,,53582,13,,,0,70,,53585,13,,,0,31,,53570,13,,,0,69,,53573,13,,,0,30,,53577,13,,,0,69,,53581,13,,,0,30,,53583,13,,,0,70,,59487,13,,,0,30,,53572,13,,,0,70,,53576,13,,,0,30,,53580,13,,,0,70,,53584,13,,,0,31,,53568,13,,,0,70,,53571,13,,,0,30,,53575,13,,,0,70,,53579,13,,,0,30,,53588,13,,,0,70,,53594,13,,,0,30,,53586,13,,,0,70,,53595,13,,,0,30,,53587,13,,,0
4019,'1909',638,,59491,13,,,0,71,,53628,13,,,0,30,,53603,13,,,0,67,,53604,13,,,0,36,,53605,13,,,0,64,,53606,13,,,0,36,,53607,13,,,0,67,,53608,13,,,0,29,,53609,13,,,0,70,,53610,13,,,0,31,,53611,13,,,0,72,,53612,13,,,0,30,,53613,13,,,0,70,,59492,13,,,0,30,,53615,13,,,0,71,,53616,13,,,0,30,,53617,13,,,0,75,,53618,13,,,0,30,,53619,13,,,0,71,,53620,13,,,0,24,,53621,13,,,0,74,,53622,13,,,0,22,,53623,13,,,0,76,,53624,13,,,0,20,,53625,13,,,0,75,,53626,13,,,0,29,,59493,13,,,0,70,,59488,13,,,0,30,,59489,13,,,0,70,,53598,13,,,0,30,,59490,13,,,0,70,,53600,13,,,0,30,,53601,13,,,0
4019,'1910',708,,59504,13,,,0,30,,59495,13,,,0,71,,53630,13,,,0,30,,59497,13,,,0,70,,59502,13,,,0,30,,53646,13,,,0,71,,53634,13,,,0,30,,53656,13,,,0,71,,53633,13,,,0,30,,53653,13,,,0,70,,53648,13,,,0,30,,53641,13,,,0,70,,53654,13,,,0,30,,53657,13,,,0,70,,53632,13,,,0,30,,53643,13,,,0,70,,53631,13,,,0,30,,53637,13,,,0,70,,53655,13,,,0,30,,53652,13,,,0,69,,53649,13,,,0,30,,53638,13,,,0,70,,53658,13,,,0,30,,59503,13,,,0,68,,53629,13,,,0,30,,53644,13,,,0,70,,59498,13,,,0,30,,59501,13,,,0,70,,59494,13,,,0,30,,59499,13,,,0,70,,59496,13,,,0,30,,59500,13,,,0
4019,'1912',809,,53712,13,,,0,30,,53713,13,,,0,70,,53710,13,,,0,30,,53714,13,,,0,70,,53711,13,,,0,30,,53695,13,,,0,70,,53699,13,,,0,30,,53703,13,,,0,70,,53706,13,,,0,31,,53691,13,,,0,69,,53694,13,,,0,30,,53698,13,,,0,69,,53702,13,,,0,30,,53704,13,,,0,70,,59505,13,,,0,30,,53693,13,,,0,70,,53697,13,,,0,30,,53701,13,,,0,70,,53705,13,,,0,31,,53689,13,,,0,70,,53692,13,,,0,30,,53696,13,,,0,70,,53700,13,,,0,30,,53709,13,,,0,70,,53715,13,,,0,30,,53707,13,,,0,70,,53716,13,,,0,30,,53708,13,,,0
4019,'1924',809,,53684,13,,,0,30,,53685,13,,,0,70,,53682,13,,,0,30,,53686,13,,,0,70,,53683,13,,,0,30,,53667,13,,,0,70,,53671,13,,,0,30,,53675,13,,,0,70,,53678,13,,,0,31,,53663,13,,,0,69,,53666,13,,,0,30,,53670,13,,,0,69,,53674,13,,,0,30,,53676,13,,,0,70,,59506,13,,,0,30,,53665,13,,,0,70,,53669,13,,,0,30,,53673,13,,,0,70,,53677,13,,,0,31,,53661,13,,,0,70,,53664,13,,,0,30,,53668,13,,,0,70,,53672,13,,,0,30,,53681,13,,,0,70,,53687,13,,,0,30,,53679,13,,,0,70,,53688,13,,,0,30,,53680,13,,,0
4019,'1925',809,,59530,13,,,0,30,,59531,13,,,0,70,,59528,13,,,0,30,,59532,13,,,0,70,,59529,13,,,0,30,,59513,13,,,0,70,,59517,13,,,0,30,,59521,13,,,0,70,,59524,13,,,0,31,,59509,13,,,0,69,,59512,13,,,0,30,,59516,13,,,0,69,,59520,13,,,0,30,,59522,13,,,0,70,,59508,13,,,0,30,,59511,13,,,0,70,,59515,13,,,0,30,,59519,13,,,0,70,,59523,13,,,0,31,,59507,13,,,0,70,,59510,13,,,0,30,,59514,13,,,0,70,,59518,13,,,0,30,,59527,13,,,0,70,,59533,13,,,0,30,,59525,13,,,0,70,,59534,13,,,0,30,,59526,13,,,0
7019,'1907',554,,54127,8,,,0,70,,59739,8,,,0,30,,59740,8,,,0,68,,54112,8,,,0,30,,59729,27,,,0,71,,54125,12,,,0,30,,59730,27,,,0,73,,54117,12,,,0,27,,59738,27,,,0,74,,54124,12,,,0,28,,59731,27,,,0,72,,54116,12,,,0,28,,59732,27,,,0,72,,54123,12,,,0,28,,59733,27,,,0,73,,54115,12,,,0,27,,59734,27,,,0,73,,54122,12,,,0,28,,59735,27,,,0,73,,54114,12,,,0,27,,59736,27,,,0,73,,54121,12,,,0,26,,59737,27,,,0,73,,54113,12,,,0,27,,59725,27,,,0,72,,54120,12,,,0,27,,59726,27,,,0,71,,54118,12,,,0,27,,59724,27,,,0,71,,54119,12,,,0,28,,59728,27,,,0,72,,54126,12,,,0,28,,59727,27,,,0,70,,54129,8,,,0,30,,54128,8,,,0
7019,'1909',516,,59755,8,,,0,36,,54158,27,,,0,73,,54130,8,,,0,30,,54157,27,,,0,72,,59751,27,,,0,32,,54156,27,,,0,72,,59750,27,,,0,27,,54154,27,,,0,70,,59749,27,,,0,30,,54152,27,,,0,70,,54153,27,,,0,30,,54151,27,,,0,70,,54149,27,,,0,30,,54163,27,,,0,70,,59754,27,,,0,30,,59753,27,,,0,70,,59752,27,,,0,30,,54141,27,,,0,72,,59748,27,,,0,74,,59743,27,,,0,11,,59756,12,,,0,22,,54139,27,,,0,13,,54165,8,,,0,53,,54147,27,,,0,30,,59747,27,,,0,70,,59746,27,,,0,27,,54138,27,,,0,28,,54137,27,,,0,70,,54136,27,,,0,30,,59745,27,,,0,69,,59744,27,,,0,27,,54135,27,,,0,70,,54142,27,,,0,30,,59742,27,,,0,68,,54131,8,,,0,29,,54132,27,,,0,70,,59757,12,,,0,29,,59741,27,,,0,100,,54168,27,,,0
7019,'1910',624,,54200,8,,,0,28,,59761,27,,,0,70,,59760,27,,,0,30,,54182,27,,,0,70,,54175,27,,,0,32,,54183,27,,,0,70,,54176,27,,,0,30,,59762,27,,,0,72,,54177,27,,,0,30,,54185,27,,,0,70,,54178,27,,,0,30,,54186,27,,,0,70,,54179,27,,,0,30,,59763,27,,,0,70,,54180,27,,,0,30,,59764,27,,,0,70,,54193,27,,,0,30,,54189,27,,,0,70,,54195,27,,,0,30,,54190,27,,,0,70,,54194,27,,,0,29,,54191,27,,,0,70,,54196,27,,,0,30,,54192,27,,,0,70,,54199,27,,,0,29,,54169,27,,,0,69,,54197,27,,,0,30,,59758,27,,,0,68,,54198,27,,,0,30,,54171,27,,,0,70,,54201,8,,,0,30,,54172,27,,,0,70,,54202,12,,,0,30,,59759,27,,,0
7019,'1912',554,,54270,8,,,0,70,,59780,8,,,0,30,,59781,8,,,0,68,,54255,8,,,0,30,,59770,27,,,0,71,,54268,12,,,0,30,,59771,27,,,0,73,,54260,12,,,0,27,,59779,27,,,0,74,,54267,12,,,0,28,,59772,27,,,0,72,,54259,12,,,0,28,,59773,27,,,0,72,,54266,12,,,0,28,,59774,27,,,0,73,,54258,12,,,0,27,,59775,27,,,0,73,,54265,12,,,0,28,,59776,27,,,0,73,,54257,12,,,0,27,,59777,27,,,0,73,,54264,12,,,0,26,,59778,27,,,0,73,,54256,12,,,0,27,,59766,27,,,0,72,,54263,12,,,0,27,,59767,27,,,0,71,,54261,12,,,0,27,,59765,27,,,0,71,,54262,12,,,0,28,,59769,27,,,0,72,,54269,12,,,0,28,,59768,27,,,0,70,,54272,8,,,0,30,,54271,8,,,0
7019,'1924',554,,54235,8,,,0,70,,59797,8,,,0,30,,59798,8,,,0,68,,54220,8,,,0,30,,59787,27,,,0,71,,54233,12,,,0,30,,59788,27,,,0,73,,54225,12,,,0,27,,59796,27,,,0,74,,54232,12,,,0,28,,59789,27,,,0,72,,54224,12,,,0,28,,59790,27,,,0,72,,54231,12,,,0,28,,59791,27,,,0,73,,54223,12,,,0,27,,59792,27,,,0,73,,54230,12,,,0,28,,59793,27,,,0,73,,54222,12,,,0,27,,59794,27,,,0,73,,54229,12,,,0,26,,59795,27,,,0,73,,54221,12,,,0,27,,59783,27,,,0,72,,54228,12,,,0,27,,59784,27,,,0,71,,54226,12,,,0,27,,59782,27,,,0,71,,54227,12,,,0,28,,59786,27,,,0,72,,54234,12,,,0,28,,59785,27,,,0,70,,54237,8,,,0,30,,54236,8,,,0
7019,'1925',554,,59831,8,,,0,70,,59814,8,,,0,30,,59815,8,,,0,68,,59816,8,,,0,30,,59804,27,,,0,71,,59829,12,,,0,30,,59805,27,,,0,73,,59821,12,,,0,27,,59813,27,,,0,74,,59828,12,,,0,28,,59806,27,,,0,72,,59820,12,,,0,28,,59807,27,,,0,72,,59827,12,,,0,28,,59808,27,,,0,73,,59819,12,,,0,27,,59809,27,,,0,73,,59826,12,,,0,28,,59810,27,,,0,73,,59818,12,,,0,27,,59811,27,,,0,73,,59825,12,,,0,26,,59812,27,,,0,73,,59817,12,,,0,27,,59800,27,,,0,72,,59824,12,,,0,27,,59801,27,,,0,71,,59822,12,,,0,27,,59799,27,,,0,71,,59823,12,,,0,28,,59803,27,,,0,72,,59830,12,,,0,28,,59802,27,,,0,70,,59833,8,,,0,30,,59832,8,,,0
14019,'1907',650,,60185,17,,,0,100,,55002,17,,,0,100,,54990,17,,,0,100,,54991,17,,,0,100,,54992,17,,,0,102,,54993,17,,,0,100,,54994,17,,,0,100,,54995,17,,,0,100,,54996,17,,,0,100,,54997,17,,,0,100,,54998,17,,,0,100,,60184,17,,,0,100,,55000,17,,,0,100,,54989,17,,,0,105,,54988,17,,,0
14019,'1909',526,,60193,17,,,0,100,,55032,17,,,0,81,,55003,17,,,0,30,,55016,17,,,0,68,,55004,17,,,0,22,,55017,17,,,0,30,,60186,17,,,0,69,,55018,17,,,0,30,,55006,17,,,0,70,,55019,17,,,0,30,,55007,17,,,0,70,,55020,17,,,0,30,,55008,17,,,0,70,,55021,17,,,0,30,,60187,17,,,0,70,,60189,17,,,0,30,,60188,17,,,0,70,,55023,17,,,0,32,,55011,17,,,0,70,,55024,17,,,0,80,,55012,17,,,0,30,,55025,17,,,0,69,,55013,17,,,0,30,,55026,17,,,0,70,,55014,17,,,0,19,,55027,17,,,0,30,,55015,17,,,0,70,,60190,17,,,0,30,,55034,17,,,0,70,,60191,17,,,0,92,,60192,17,,,0,100,,55031,17,,,0
14019,'1910',649,,55035,17,,,0,100,,60194,17,,,0,102,,60195,17,,,0,100,,55038,17,,,0,100,,55039,17,,,0,102,,55040,17,,,0,100,,55041,17,,,0,100,,55042,17,,,0,100,,60196,17,,,0,100,,55044,17,,,0,99,,55045,17,,,0,100,,55046,17,,,0,100,,55047,17,,,0,98,,55048,17,,,0,100,,55049,17,,,0,100,,60197,17,,,0,100,,55051,17,,,0
14019,'1912',650,,60199,17,,,0,100,,55081,17,,,0,100,,55069,17,,,0,100,,55070,17,,,0,100,,55071,17,,,0,102,,55072,17,,,0,100,,55073,17,,,0,100,,55074,17,,,0,100,,55075,17,,,0,100,,55076,17,,,0,100,,55077,17,,,0,100,,60198,17,,,0,100,,55079,17,,,0,100,,55068,17,,,0,105,,55067,17,,,0
14019,'1924',650,,60201,17,,,0,100,,55066,17,,,0,100,,55054,17,,,0,100,,55055,17,,,0,100,,55056,17,,,0,102,,55057,17,,,0,100,,55058,17,,,0,100,,55059,17,,,0,100,,55060,17,,,0,100,,55061,17,,,0,100,,55062,17,,,0,100,,60200,17,,,0,100,,55064,17,,,0,100,,55053,17,,,0,105,,55052,17,,,0
14019,'1925',650,,60215,17,,,0,100,,60216,17,,,0,100,,60204,17,,,0,100,,60205,17,,,0,100,,60206,17,,,0,102,,60207,17,,,0,100,,60208,17,,,0,100,,60209,17,,,0,100,,60210,17,,,0,100,,60211,17,,,0,100,,60212,17,,,0,100,,60213,17,,,0,100,,60214,17,,,0,100,,60203,17,,,0,105,,60202,17,,,0
502029,'1907',645,,56936,9,,,0,70,,56922,9,,,0,30,,56939,9,,,0,70,,56953,9,,,0,30,,56933,9,,,0,70,,56952,9,,,0,30,,56935,9,,,0,71,,56951,9,,,0,30,,56930,9,,,0,70,,56950,9,,,0,30,,56925,9,,,0,72,,56949,9,,,0,30,,61227,9,,,0,70,,56947,9,,,0,30,,56926,9,,,0,70,,56948,9,,,0,30,,56929,9,,,0,70,,56946,9,,,0,30,,56923,9,,,0,70,,56945,9,,,0,30,,56927,9,,,0,69,,56944,9,,,0,30,,56924,9,,,0,69,,56943,9,,,0,30,,56937,9,,,0,70,,56942,9,,,0,30,,56938,9,,,0,69,,56941,9,,,0,30,,56931,9,,,0,70,,56954,9,,,0,30,,56940,9,,,0,70,,56955,9,,,0,30,,56934,9,,,0,70,,56956,9,,,0,30,,56932,9,,,0
502029,'1909',615,,61228,9,,,0,30,,56958,9,,,0,65,,56998,9,,,0,10,,61229,9,,,0,27,,56960,9,,,0,64,,56961,9,,,0,12,,61230,9,,,0,24,,56963,9,,,0,64,,56964,9,,,0,12,,56965,9,,,0,24,,56966,9,,,0,72,,56967,9,,,0,30,,56968,9,,,0,70,,61231,9,,,0,30,,56970,9,,,0,70,,61232,9,,,0,30,,56972,9,,,0,70,,56973,9,,,0,30,,56974,9,,,0,70,,61233,9,,,0,37,,56976,9,,,0,70,,56977,9,,,0,30,,56978,9,,,0,68,,56979,9,,,0,24,,56980,9,,,0,52,,56981,9,,,0,22,,56982,9,,,0,4,,56999,9,,,0,16,,56983,9,,,0,12,,56984,9,,,0,64,,56985,9,,,0,22,,56986,9,,,0,12,,56987,9,,,0,65,,56988,9,,,0,30,,56989,9,,,0,69,,56990,9,,,0,30,,56991,9,,,0,70,,56992,9,,,0,30,,56993,9,,,0,70,,56994,9,,,0,30,,56995,9,,,0,69,,56996,9,,,0,30,,56997,9,,,0
502029,'1910',646,,57007,9,,,0,70,,57014,9,,,0,30,,61240,9,,,0,70,,57015,9,,,0,30,,61239,9,,,0,70,,61243,9,,,0,30,,61238,9,,,0,73,,61244,9,,,0,30,,61252,9,,,0,70,,61245,9,,,0,30,,61253,9,,,0,70,,61246,9,,,0,30,,61254,9,,,0,70,,61247,9,,,0,30,,61255,9,,,0,70,,61248,9,,,0,30,,61256,9,,,0,70,,61249,9,,,0,30,,61257,9,,,0,70,,61250,9,,,0,30,,61258,9,,,0,70,,61251,9,,,0,30,,61259,9,,,0,70,,61241,9,,,0,30,,61260,9,,,0,67,,57010,9,,,0,30,,61261,9,,,0,70,,57009,9,,,0,30,,61237,9,,,0,69,,57011,9,,,0,30,,61236,9,,,0,70,,57012,9,,,0,30,,61235,9,,,0,70,,61242,9,,,0,30,,61234,9,,,0
502029,'1912',645,,57084,9,,,0,70,,57070,9,,,0,30,,57087,9,,,0,70,,57101,9,,,0,30,,57081,9,,,0,70,,57100,9,,,0,30,,57083,9,,,0,71,,57099,9,,,0,30,,57078,9,,,0,70,,57098,9,,,0,30,,57073,9,,,0,72,,57097,9,,,0,30,,61262,9,,,0,70,,57095,9,,,0,30,,57074,9,,,0,70,,57096,9,,,0,30,,57077,9,,,0,70,,57094,9,,,0,30,,57071,9,,,0,70,,57093,9,,,0,30,,57075,9,,,0,69,,57092,9,,,0,30,,57072,9,,,0,69,,57091,9,,,0,30,,57085,9,,,0,70,,57090,9,,,0,30,,57086,9,,,0,69,,57089,9,,,0,30,,57079,9,,,0,70,,57102,9,,,0,30,,57088,9,,,0,70,,57103,9,,,0,30,,57082,9,,,0,70,,57104,9,,,0,30,,57080,9,,,0
502029,'1924',645,,57049,9,,,0,70,,57035,9,,,0,30,,57052,9,,,0,70,,57066,9,,,0,30,,57046,9,,,0,70,,57065,9,,,0,30,,57048,9,,,0,71,,57064,9,,,0,30,,57043,9,,,0,70,,57063,9,,,0,30,,57038,9,,,0,72,,57062,9,,,0,30,,61263,9,,,0,70,,57060,9,,,0,30,,57039,9,,,0,70,,57061,9,,,0,30,,57042,9,,,0,70,,57059,9,,,0,30,,57036,9,,,0,70,,57058,9,,,0,30,,57040,9,,,0,69,,57057,9,,,0,30,,57037,9,,,0,69,,57056,9,,,0,30,,57050,9,,,0,70,,57055,9,,,0,30,,57051,9,,,0,69,,57054,9,,,0,30,,57044,9,,,0,70,,57067,9,,,0,30,,57053,9,,,0,70,,57068,9,,,0,30,,57047,9,,,0,70,,57069,9,,,0,30,,57045,9,,,0
502029,'1925',645,,61278,9,,,0,70,,61264,9,,,0,30,,61281,9,,,0,70,,61295,9,,,0,30,,61275,9,,,0,70,,61294,9,,,0,30,,61277,9,,,0,71,,61293,9,,,0,30,,61272,9,,,0,70,,61292,9,,,0,30,,61267,9,,,0,72,,61291,9,,,0,30,,61270,9,,,0,70,,61289,9,,,0,30,,61268,9,,,0,70,,61290,9,,,0,30,,61271,9,,,0,70,,61288,9,,,0,30,,61265,9,,,0,70,,61287,9,,,0,30,,61269,9,,,0,69,,61286,9,,,0,30,,61266,9,,,0,69,,61285,9,,,0,30,,61279,9,,,0,70,,61284,9,,,0,30,,61280,9,,,0,69,,61283,9,,,0,30,,61273,9,,,0,70,,61296,9,,,0,30,,61282,9,,,0,70,,61297,9,,,0,30,,61276,9,,,0,70,,61298,9,,,0,30,,61274,9,,,0
14000001029,'1907',608,,61816,45,0,18 7,0,1811,,61810,45,,,0,29,,61814,45,,,0,70,,61815,45,,,0,30,,61812,45,,,0,70,,61813,45,,,0,30,,61811,45,,,0
14000001029,'1909',506,,61817,45,0,18 7,0,102,,61818,45,0,18 7,0,1811,,61820,45,,,0,29,,61821,45,,,0,70,,61824,45,,,0,30,,61819,45,,,0,70,,61822,45,,,0,30,,61823,45,,,0
14000001029,'1910',608,,61829,45,0,18 7,0,1811,,61831,45,,,0,29,,61826,45,,,0,70,,61825,45,,,0,30,,61827,45,,,0,70,,61830,45,,,0,30,,61828,45,,,0
14000001029,'1912',608,,61838,45,0,18 7,0,1811,,61832,45,,,0,29,,61836,45,,,0,70,,61837,45,,,0,30,,61834,45,,,0,70,,61835,45,,,0,30,,61833,45,,,0
14000001029,'1924',608,,61845,45,0,18 7,0,1811,,61839,45,,,0,29,,61843,45,,,0,70,,61844,45,,,0,30,,61841,45,,,0,70,,61842,45,,,0,30,,61840,45,,,0
14000001029,'1925',608,,61852,45,0,18 7,0,1811,,61846,45,,,0,29,,61850,45,,,0,70,,61851,45,,,0,30,,61848,45,,,0,70,,61849,45,,,0,30,,61847,45,,,0
