1019,'1907',638,,53000,49,4,,0,100,,53001,49,4,,0,101,,53002,49,4,,0,100,,53003,49,4,,0,100,,53004,49,4,,0,102,,53005,49,4,,0,100,,53006,49,4,,0,100,,53007,49,4,,0,100,,53008,49,4,,0,100,,53009,49,4,,0,100,,53010,49,4,,0,100,,53011,49,4,,0,100,,53012,49,4,,0,98,,53013,49,4,,0,100,,53014,49,4,,0,100,,53015,49,4,,0,102,,53016,49,4,,0,95,,53017,49,4,,0
1019,'1909',608,,53053,49,4,,0,35,,53049,49,4,,0,71,,53025,49,4,,0,33,,53020,49,4,,0,70,,53038,49,4,,0,30,,53022,49,4,,0,71,,53027,49,4,,0,32,,53052,49,4,,0,70,,53024,49,4,,0,30,,53018,49,4,,0,70,,53037,49,4,,0,30,,53023,49,4,,0,70,,53028,49,4,,0,30,,53048,49,4,,0,70,,53026,49,4,,0,30,,53019,49,4,,0,70,,53050,49,4,,0,32,,53021,49,4,,0,70,,53029,49,4,,0,30,,53047,49,4,,0,70,,53040,49,4,,0,30,,53032,49,4,,0,70,,53030,49,4,,0,27,,53033,49,4,,0,68,,53035,49,4,,0,30,,53034,49,4,,0,70,,53031,49,4,,0,25,,53051,49,4,,0,70,,53045,49,4,,0,28,,53046,49,4,,0,70,,53044,49,4,,0,30,,53043,49,4,,0,70,,53042,49,4,,0,30,,53041,49,4,,0,70,,53039,49,4,,0,30,,53036,49,4,,0
1019,'1910',609,,53089,49,4,,0,30,,53078,49,4,,0,70,,53064,49,4,,0,30,,53083,49,4,,0,70,,53073,49,4,,0,30,,53058,49,4,,0,70,,53079,49,4,,0,30,,53081,49,4,,0,70,,53063,49,4,,0,32,,53084,49,4,,0,70,,53072,49,4,,0,30,,53057,49,4,,0,70,,53067,49,4,,0,30,,53077,49,4,,0,70,,53062,49,4,,0,30,,53085,49,4,,0,70,,53071,49,4,,0,30,,53056,49,4,,0,70,,53066,49,4,,0,30,,53076,49,4,,0,70,,53061,49,4,,0,30,,53086,49,4,,0,70,,53070,49,4,,0,30,,53055,49,4,,0,70,,53065,49,4,,0,30,,53075,49,4,,0,70,,53059,49,4,,0,28,,53087,49,4,,0,70,,53068,49,4,,0,30,,53054,49,4,,0,70,,53060,49,4,,0,30,,53074,49,4,,0,74,,53069,49,4,,0,30,,53088,49,4,,0,70,,53082,49,4,,0,25,,53080,49,4,,0
1019,'1911',638,,53090,49,4,,0,100,,53091,49,4,,0,101,,53092,49,4,,0,100,,53093,49,4,,0,100,,53094,49,4,,0,102,,53095,49,4,,0,100,,53096,49,4,,0,100,,53097,49,4,,0,100,,53098,49,4,,0,100,,53099,49,4,,0,100,,53100,49,4,,0,100,,53101,49,4,,0,100,,53102,49,4,,0,98,,53103,49,4,,0,100,,53104,49,4,,0,100,,53105,49,4,,0,102,,53106,49,4,,0,95,,53107,49,4,,0
1019,'1912',638,,53108,49,4,,0,100,,53109,49,4,,0,101,,53110,49,4,,0,100,,53111,49,4,,0,100,,53112,49,4,,0,102,,53113,49,4,,0,100,,53114,49,4,,0,100,,53115,49,4,,0,100,,53116,49,4,,0,100,,53117,49,4,,0,100,,53118,49,4,,0,100,,53119,49,4,,0,100,,53120,49,4,,0,98,,53121,49,4,,0,100,,53122,49,4,,0,100,,53123,49,4,,0,102,,53124,49,4,,0,95,,53125,49,4,,0
1029,'1907',552,,53126,1,,,0,98,,53127,1,,,0,100,,53128,1,,,0,100,,53129,1,,,0,100,,53130,1,,,0,100,,53131,1,,,0,100,,53132,1,,,0,100,,53133,1,,,0,100,,53134,1,,,0,100,,53135,1,,,0,100,,53136,1,,,0,100,,53137,1,,,0,100,,53138,1,,,0,100,,53139,1,,,0,100,,53140,1,,,0,100,,53141,1,,,0,100,,53142,1,,,0,100,,53143,1,,,0
1029,'1909',549,,53153,1,,,0,75,,53154,1,,,0,25,,53174,1,,,0,69,,53150,1,,,0,30,,53145,1,,,0,70,,53178,1,,,0,33,,53148,1,,,0,70,,53155,1,,,0,30,,53173,1,,,0,70,,53152,1,,,0,30,,53144,1,,,0,70,,53177,1,,,0,30,,53149,1,,,0,70,,53156,1,,,0,30,,53172,1,,,0,70,,53151,1,,,0,30,,53146,1,,,0,70,,53175,1,,,0,31,,53147,1,,,0,70,,53157,1,,,0,30,,53171,1,,,0,70,,53160,1,,,0,30,,53159,1,,,0,70,,53158,1,,,0,28,,53164,1,,,0,70,,53163,1,,,0,30,,53162,1,,,0,70,,53161,1,,,0,30,,53176,1,,,0,70,,53170,1,,,0,30,,53169,1,,,0,70,,53168,1,,,0,30,,53167,1,,,0,70,,53166,1,,,0,25,,53165,1,,,0
1029,'1910',552,,53184,1,,,0,68,,53196,1,,,0,30,,53203,1,,,0,70,,53191,1,,,0,30,,53212,1,,,0,70,,53200,1,,,0,30,,53183,1,,,0,67,,53195,1,,,0,30,,53206,1,,,0,70,,53190,1,,,0,30,,53213,1,,,0,70,,53199,1,,,0,30,,53182,1,,,0,70,,53194,1,,,0,30,,53205,1,,,0,70,,53189,1,,,0,30,,53185,1,,,0,70,,53198,1,,,0,30,,53181,1,,,0,70,,53193,1,,,0,30,,53201,1,,,0,70,,53188,1,,,0,30,,53210,1,,,0,70,,53197,1,,,0,30,,53180,1,,,0,73,,53192,1,,,0,30,,53204,1,,,0,70,,53186,1,,,0,30,,53208,1,,,0,70,,53207,1,,,0,30,,53179,1,,,0,70,,53187,1,,,0,30,,53202,1,,,0,70,,53211,1,,,0,30,,53209,1,,,0
1029,'1911',552,,53214,1,,,0,98,,53215,1,,,0,100,,53216,1,,,0,100,,53217,1,,,0,100,,53218,1,,,0,100,,53219,1,,,0,100,,53220,1,,,0,100,,53221,1,,,0,100,,53222,1,,,0,100,,53223,1,,,0,100,,53224,1,,,0,100,,53225,1,,,0,100,,53226,1,,,0,100,,53227,1,,,0,100,,53228,1,,,0,100,,53229,1,,,0,100,,53230,1,,,0,100,,53231,1,,,0
1029,'1912',552,,53232,1,,,0,98,,53233,1,,,0,100,,53234,1,,,0,100,,53235,1,,,0,100,,53236,1,,,0,100,,53237,1,,,0,100,,53238,1,,,0,100,,53239,1,,,0,100,,53240,1,,,0,100,,53241,1,,,0,100,,53242,1,,,0,100,,53243,1,,,0,100,,53244,1,,,0,100,,53245,1,,,0,100,,53246,1,,,0,100,,53247,1,,,0,100,,53248,1,,,0,100,,53249,1,,,0
801019,'1907',744,,58439,1,0,12,0,70,,58435,1,0,12,0,30,,58443,1,0,12,0,70,,58432,1,0,12,0,30,,58427,1,0,12,0,70,,58437,1,0,12,0,30,,58450,1,0,12,0,70,,58441,1,0,12,0,30,,58438,1,0,12,0,70,,58447,1,0,12,0,30,,58433,1,0,12,0,70,,58444,1,0,12,0,30,,58446,1,0,12,0,70,,58442,1,0,12,0,30,,58429,1,0,12,0,70,,58448,1,0,12,0,30,,58434,1,0,12,0,70,,58430,1,0,12,0,30,,58445,1,0,12,0,70,,58428,1,0,12,0,30,,58431,1,0,12,0,70,,58449,1,0,12,0,30,,58426,1,0,12,0,71,,58436,1,0,12,0,30,,58451,1,0,12,0,70,,58440,1,0,12,0
801019,'1909',550,,58485,1,0,12,0,70,,58480,1,0,12,0,20,,58477,1,0,12,0,65,,58474,1,0,12,0,15,,58476,1,0,12,0,18,,58473,1,0,12,0,20,,58475,1,0,12,0,60,,58481,1,0,12,0,25,,58452,1,0,12,0,71,,58453,1,0,12,0,30,,58454,1,0,12,0,70,,58455,1,0,12,0,30,,58456,1,0,12,0,70,,58457,1,0,12,0,30,,58458,1,0,12,0,69,,58459,1,0,12,0,31,,58460,1,0,12,0,70,,58461,1,0,12,0,30,,58462,1,0,12,0,70,,58463,1,0,12,0,31,,58478,1,0,12,0,70,,58482,1,0,12,0,25,,58464,1,0,12,0,60,,58465,1,0,12,0,20,,58483,1,0,12,0,20,,58466,1,0,12,0,60,,58467,1,0,12,0,22,,58484,1,0,12,0,18,,58468,1,0,12,0,60,,58486,1,0,12,0,15,,58479,1,0,12,0,30,,58469,1,0,12,0,70,,58470,1,0,12,0,30,,58471,1,0,12,0,70,,58472,1,0,12,0
801019,'1910',745,,58489,1,0,12,0,70,,58490,1,0,12,0,30,,58491,1,0,12,0,70,,58488,1,0,12,0,30,,58487,1,0,12,0,70,,58506,1,0,12,0,30,,58507,1,0,12,0,70,,58510,1,0,12,0,30,,58496,1,0,12,0,70,,58505,1,0,12,0,30,,58503,1,0,12,0,70,,58509,1,0,12,0,30,,58498,1,0,12,0,70,,58511,1,0,12,0,30,,58501,1,0,12,0,70,,58502,1,0,12,0,30,,58497,1,0,12,0,70,,58512,1,0,12,0,30,,58495,1,0,12,0,70,,58504,1,0,12,0,30,,58500,1,0,12,0,70,,58508,1,0,12,0,30,,58499,1,0,12,0,70,,58492,1,0,12,0,30,,58493,1,0,12,0,70,,58494,1,0,12,0
801019,'1911',744,,58526,1,0,12,0,70,,58522,1,0,12,0,30,,58530,1,0,12,0,70,,58519,1,0,12,0,30,,58514,1,0,12,0,70,,58524,1,0,12,0,30,,58537,1,0,12,0,70,,58528,1,0,12,0,30,,58525,1,0,12,0,70,,58534,1,0,12,0,30,,58520,1,0,12,0,70,,58531,1,0,12,0,30,,58533,1,0,12,0,70,,58529,1,0,12,0,30,,58516,1,0,12,0,70,,58535,1,0,12,0,30,,58521,1,0,12,0,70,,58517,1,0,12,0,30,,58532,1,0,12,0,70,,58515,1,0,12,0,30,,58518,1,0,12,0,70,,58536,1,0,12,0,30,,58513,1,0,12,0,71,,58523,1,0,12,0,30,,58538,1,0,12,0,70,,58527,1,0,12,0
801019,'1912',744,,58552,1,0,12,0,70,,58548,1,0,12,0,30,,58556,1,0,12,0,70,,58545,1,0,12,0,30,,58540,1,0,12,0,70,,58550,1,0,12,0,30,,58563,1,0,12,0,70,,58554,1,0,12,0,30,,58551,1,0,12,0,70,,58560,1,0,12,0,30,,58546,1,0,12,0,70,,58557,1,0,12,0,30,,58559,1,0,12,0,70,,58555,1,0,12,0,30,,58542,1,0,12,0,70,,58561,1,0,12,0,30,,58547,1,0,12,0,70,,58543,1,0,12,0,30,,58558,1,0,12,0,70,,58541,1,0,12,0,30,,58544,1,0,12,0,70,,58562,1,0,12,0,30,,58539,1,0,12,0,71,,58549,1,0,12,0,30,,58564,1,0,12,0,70,,58553,1,0,12,0
802019,'1907',842,,58586,10,4,,0,70,,58584,10,4,,0,30,,58585,10,4,,0,70,,58589,10,4,,0,30,,58575,10,4,,0,70,,58581,10,4,,0,30,,58580,10,4,,0,71,,58565,10,4,,0,30,,58579,10,4,,0,70,,58573,10,4,,0,30,,58574,10,4,,0,70,,58591,10,4,,0,30,,58587,10,4,,0,70,,58577,10,4,,0,30,,58572,10,4,,0,70,,58588,10,4,,0,30,,58578,10,4,,0,70,,58566,10,4,,0,30,,58567,10,4,,0,70,,58582,10,4,,0,30,,58576,10,4,,0,69,,58571,10,4,,0,30,,58569,10,4,,0,70,,58583,10,4,,0,30,,58570,10,4,,0,70,,58568,10,4,,0,30,,58590,10,4,,0
802019,'1909',616,,58626,10,4,,0,85,,58623,10,4,,0,30,,58621,10,4,,0,20,,58625,10,4,,0,60,,58592,10,4,,0,30,,58620,10,4,,0,71,,58593,10,4,,0,28,,58594,10,4,,0,70,,58595,10,4,,0,30,,58596,10,4,,0,70,,58597,10,4,,0,30,,58598,10,4,,0,70,,58599,10,4,,0,30,,58600,10,4,,0,70,,58601,10,4,,0,30,,58602,10,4,,0,70,,58603,10,4,,0,34,,58604,10,4,,0,70,,58605,10,4,,0,20,,58606,10,4,,0,20,,58607,10,4,,0,60,,58622,10,4,,0,20,,58608,10,4,,0,20,,58609,10,4,,0,60,,58610,10,4,,0,19,,58611,10,4,,0,19,,58624,10,4,,0,60,,58612,10,4,,0,20,,58627,10,4,,0,20,,58613,10,4,,0,60,,58614,10,4,,0,30,,58615,10,4,,0,69,,58616,10,4,,0,25,,58617,10,4,,0,70,,58618,10,4,,0,30,,58619,10,4,,0
802019,'1910',842,,58651,10,4,,0,70,,58649,10,4,,0,30,,58653,10,4,,0,71,,58654,10,4,,0,30,,58638,10,4,,0,70,,58642,10,4,,0,30,,58629,10,4,,0,70,,58640,10,4,,0,30,,58643,10,4,,0,70,,58641,10,4,,0,30,,58628,10,4,,0,70,,58645,10,4,,0,30,,58639,10,4,,0,70,,58637,10,4,,0,30,,58633,10,4,,0,70,,58635,10,4,,0,30,,58630,10,4,,0,70,,58636,10,4,,0,30,,58634,10,4,,0,70,,58631,10,4,,0,30,,58632,10,4,,0,69,,58644,10,4,,0,30,,58648,10,4,,0,70,,58652,10,4,,0,30,,58650,10,4,,0,70,,58646,10,4,,0,30,,58647,10,4,,0
802019,'1911',842,,58676,10,4,,0,70,,58674,10,4,,0,30,,58675,10,4,,0,70,,58679,10,4,,0,30,,58665,10,4,,0,70,,58671,10,4,,0,30,,58670,10,4,,0,71,,58655,10,4,,0,30,,58669,10,4,,0,70,,58663,10,4,,0,30,,58664,10,4,,0,70,,58681,10,4,,0,30,,58677,10,4,,0,70,,58667,10,4,,0,30,,58662,10,4,,0,70,,58678,10,4,,0,30,,58668,10,4,,0,70,,58656,10,4,,0,30,,58657,10,4,,0,70,,58672,10,4,,0,30,,58666,10,4,,0,69,,58661,10,4,,0,30,,58659,10,4,,0,70,,58673,10,4,,0,30,,58660,10,4,,0,70,,58658,10,4,,0,30,,58680,10,4,,0
802019,'1912',842,,58703,10,4,,0,70,,58701,10,4,,0,30,,58702,10,4,,0,70,,58706,10,4,,0,30,,58692,10,4,,0,70,,58698,10,4,,0,30,,58697,10,4,,0,71,,58682,10,4,,0,30,,58696,10,4,,0,70,,58690,10,4,,0,30,,58691,10,4,,0,70,,58708,10,4,,0,30,,58704,10,4,,0,70,,58694,10,4,,0,30,,58689,10,4,,0,70,,58705,10,4,,0,30,,58695,10,4,,0,70,,58683,10,4,,0,30,,58684,10,4,,0,70,,58699,10,4,,0,30,,58693,10,4,,0,69,,58688,10,4,,0,30,,58686,10,4,,0,70,,58700,10,4,,0,30,,58687,10,4,,0,70,,58685,10,4,,0,30,,58707,10,4,,0
