502019,'1907',602,,56664,1,,,0,28,,56646,1,,,0,25,,56655,1,,,0,70,,56680,1,,,0,30,,56660,1,,,0,70,,56679,1,,,0,30,,56658,1,,,0,70,,56678,1,,,0,30,,56647,1,,,0,70,,56677,1,,,0,15,,56689,1,,,0,15,,56648,1,,,0,55,,56691,1,,,0,15,,56676,1,,,0,15,,56694,1,,,0,15,,61132,1,,,0,55,,56683,1,,,0,15,,56675,1,,,0,15,,56686,1,,,0,15,,56650,1,,,0,55,,56688,1,,,0,15,,56674,1,,,0,15,,56692,1,,,0,15,,56651,1,,,0,55,,61133,1,,,0,15,,56673,1,,,0,15,,56682,1,,,0,15,,56652,1,,,0,55,,56685,1,,,0,15,,56672,1,,,0,15,,56687,1,,,0,15,,56653,1,,,0,55,,56690,1,,,0,15,,56671,1,,,0,15,,56695,1,,,0,15,,56654,1,,,0,55,,56681,1,,,0,15,,56670,1,,,0,15,,56684,1,,,0,15,,56663,1,,,0,70,,56669,1,,,0,30,,56661,1,,,0,70,,56668,1,,,0,30,,56656,1,,,0,70,,56667,1,,,0,30,,56657,1,,,0,70,,56665,1,,,0,30,,56662,1,,,0,70,,56666,1,,,0,30,,56659,1,,,0
502019,'1909',525,,61134,1,,,0,15,,61135,1,,,0,15,,56698,1,,,0,55,,56699,1,,,0,7,,56700,1,,,0,8,,61136,1,,,0,15,,56702,1,,,0,12,,56703,1,,,0,52,,56704,1,,,0,12,,56705,1,,,0,6,,56706,1,,,0,6,,61137,1,,,0,12,,56708,1,,,0,6,,56709,1,,,0,6,,56710,1,,,0,52,,56711,1,,,0,12,,56712,1,,,0,12,,56713,1,,,0,12,,56714,1,,,0,15,,56715,1,,,0,55,,56716,1,,,0,15,,56717,1,,,0,15,,56718,1,,,0,15,,56719,1,,,0,55,,56720,1,,,0,15,,61138,1,,,0,15,,56722,1,,,0,15,,56723,1,,,0,55,,56724,1,,,0,15,,61139,1,,,0,15,,56726,1,,,0,15,,56727,1,,,0,55,,61140,1,,,0,15,,56729,1,,,0,15,,56730,1,,,0,15,,56731,1,,,0,55,,56732,1,,,0,15,,61141,1,,,0,15,,56734,1,,,0,15,,56735,1,,,0,55,,56736,1,,,0,15,,56737,1,,,0,15,,56738,1,,,0,15,,56739,1,,,0,55,,56740,1,,,0,12,,56741,1,,,0,12,,56742,1,,,0,12,,56743,1,,,0,12,,56744,1,,,0,52,,56745,1,,,0,12,,56746,1,,,0,12,,56747,1,,,0,12,,56748,1,,,0,12,,56749,1,,,0,52,,56750,1,,,0,12,,56751,1,,,0,12,,56752,1,,,0,12,,56753,1,,,0,12,,56754,1,,,0,52,,56755,1,,,0,15,,56756,1,,,0,15,,61142,1,,,0,15,,56757,1,,,0,70,,56758,1,,,0,30,,56759,1,,,0,70,,56760,1,,,0,30,,56761,1,,,0,70,,56762,1,,,0,30,,56763,1,,,0,70,,56764,1,,,0,30,,56765,1,,,0
502019,'1910',600,,56774,1,,,0,15,,61171,1,,,0,15,,56781,1,,,0,70,,61149,1,,,0,30,,56782,1,,,0,25,,61148,1,,,0,70,,61152,1,,,0,30,,61147,1,,,0,70,,61153,1,,,0,15,,56785,1,,,0,15,,61163,1,,,0,55,,56794,1,,,0,15,,61155,1,,,0,15,,56786,1,,,0,15,,61164,1,,,0,55,,56795,1,,,0,15,,61156,1,,,0,15,,56787,1,,,0,15,,61165,1,,,0,55,,56796,1,,,0,15,,61157,1,,,0,15,,56788,1,,,0,15,,61166,1,,,0,55,,56797,1,,,0,15,,61158,1,,,0,15,,56789,1,,,0,15,,61167,1,,,0,55,,56798,1,,,0,15,,61159,1,,,0,15,,56790,1,,,0,15,,61168,1,,,0,55,,56799,1,,,0,15,,61160,1,,,0,15,,56791,1,,,0,15,,61169,1,,,0,55,,56800,1,,,0,15,,61161,1,,,0,15,,56792,1,,,0,15,,61170,1,,,0,55,,56801,1,,,0,15,,61150,1,,,0,15,,61154,1,,,0,15,,61162,1,,,0,55,,56802,1,,,0,15,,56777,1,,,0,15,,56819,1,,,0,15,,61172,1,,,0,70,,56778,1,,,0,30,,61146,1,,,0,70,,56779,1,,,0,30,,61145,1,,,0,70,,56775,1,,,0,30,,61144,1,,,0,70,,61151,1,,,0,30,,61143,1,,,0
502019,'1912',602,,56890,1,,,0,28,,56872,1,,,0,25,,56881,1,,,0,70,,56906,1,,,0,30,,56886,1,,,0,70,,56905,1,,,0,30,,56884,1,,,0,70,,56904,1,,,0,30,,56873,1,,,0,70,,56903,1,,,0,15,,56915,1,,,0,15,,56874,1,,,0,55,,56917,1,,,0,15,,56902,1,,,0,15,,56920,1,,,0,15,,61173,1,,,0,55,,56909,1,,,0,15,,56901,1,,,0,15,,56912,1,,,0,15,,56876,1,,,0,55,,56914,1,,,0,15,,56900,1,,,0,15,,56918,1,,,0,15,,56877,1,,,0,55,,61174,1,,,0,15,,56899,1,,,0,15,,56908,1,,,0,15,,56878,1,,,0,55,,56911,1,,,0,15,,56898,1,,,0,15,,56913,1,,,0,15,,56879,1,,,0,55,,56916,1,,,0,15,,56897,1,,,0,15,,56921,1,,,0,15,,56880,1,,,0,55,,56907,1,,,0,15,,56896,1,,,0,15,,56910,1,,,0,15,,56889,1,,,0,70,,56895,1,,,0,30,,56887,1,,,0,70,,56894,1,,,0,30,,56882,1,,,0,70,,56893,1,,,0,30,,56883,1,,,0,70,,56891,1,,,0,30,,56888,1,,,0,70,,56892,1,,,0,30,,56885,1,,,0
502019,'1924',602,,56840,1,,,0,28,,56822,1,,,0,25,,56831,1,,,0,70,,56856,1,,,0,30,,56836,1,,,0,70,,56855,1,,,0,30,,56834,1,,,0,70,,56854,1,,,0,30,,56823,1,,,0,70,,56853,1,,,0,15,,56865,1,,,0,15,,56824,1,,,0,55,,56867,1,,,0,15,,56852,1,,,0,15,,56870,1,,,0,15,,61175,1,,,0,55,,56859,1,,,0,15,,56851,1,,,0,15,,56862,1,,,0,15,,56826,1,,,0,55,,56864,1,,,0,15,,56850,1,,,0,15,,56868,1,,,0,15,,56827,1,,,0,55,,61176,1,,,0,15,,56849,1,,,0,15,,56858,1,,,0,15,,56828,1,,,0,55,,56861,1,,,0,15,,56848,1,,,0,15,,56863,1,,,0,15,,56829,1,,,0,55,,56866,1,,,0,15,,56847,1,,,0,15,,56871,1,,,0,15,,56830,1,,,0,55,,56857,1,,,0,15,,56846,1,,,0,15,,56860,1,,,0,15,,56839,1,,,0,70,,56845,1,,,0,30,,56837,1,,,0,70,,56844,1,,,0,30,,56832,1,,,0,70,,56843,1,,,0,30,,56833,1,,,0,70,,56841,1,,,0,30,,56838,1,,,0,70,,56842,1,,,0,30,,56835,1,,,0
502019,'1925',602,,61195,1,,,0,28,,61177,1,,,0,25,,61186,1,,,0,70,,61211,1,,,0,30,,61191,1,,,0,70,,61210,1,,,0,30,,61189,1,,,0,70,,61209,1,,,0,30,,61178,1,,,0,70,,61208,1,,,0,15,,61220,1,,,0,15,,61179,1,,,0,55,,61222,1,,,0,15,,61207,1,,,0,15,,61225,1,,,0,15,,61180,1,,,0,55,,61214,1,,,0,15,,61206,1,,,0,15,,61217,1,,,0,15,,61181,1,,,0,55,,61219,1,,,0,15,,61205,1,,,0,15,,61223,1,,,0,15,,61182,1,,,0,55,,61224,1,,,0,15,,61204,1,,,0,15,,61213,1,,,0,15,,61183,1,,,0,55,,61216,1,,,0,15,,61203,1,,,0,15,,61218,1,,,0,15,,61184,1,,,0,55,,61221,1,,,0,15,,61202,1,,,0,15,,61226,1,,,0,15,,61185,1,,,0,55,,61212,1,,,0,15,,61201,1,,,0,15,,61215,1,,,0,15,,61194,1,,,0,70,,61200,1,,,0,30,,61192,1,,,0,70,,61199,1,,,0,30,,61187,1,,,0,70,,61198,1,,,0,30,,61188,1,,,0,70,,61196,1,,,0,30,,61193,1,,,0,70,,61197,1,,,0,30,,61190,1,,,0
502029,'1907',649,,56936,12,4,,0,70,,56922,12,4,,0,30,,56939,12,4,,0,70,,56953,12,4,,0,31,,56933,12,4,,0,70,,56952,12,4,,0,30,,56935,12,4,,0,72,,56951,12,4,,0,30,,56930,12,4,,0,70,,56950,12,4,,0,30,,56925,12,4,,0,72,,56949,12,4,,0,30,,61227,12,4,,0,70,,56947,12,4,,0,30,,56926,12,4,,0,70,,56948,12,4,,0,30,,56929,12,4,,0,70,,56946,12,4,,0,30,,56923,12,4,,0,70,,56945,12,4,,0,30,,56927,12,4,,0,68,,56944,12,4,,0,30,,56924,12,4,,0,69,,56943,12,4,,0,30,,56937,12,4,,0,70,,56942,12,4,,0,30,,56938,12,4,,0,69,,56941,12,4,,0,30,,56931,12,4,,0,70,,56954,12,4,,0,30,,56940,12,4,,0,70,,56955,12,4,,0,30,,56934,12,4,,0,69,,56956,12,4,,0,30,,56932,12,4,,0
502029,'1909',619,,61228,12,4,,0,30,,56958,12,4,,0,65,,56998,12,4,,0,11,,61229,12,4,,0,27,,56960,12,4,,0,64,,56961,12,4,,0,12,,61230,12,4,,0,24,,56963,12,4,,0,64,,56964,12,4,,0,12,,56965,12,4,,0,24,,56966,12,4,,0,73,,56967,12,4,,0,30,,56968,12,4,,0,70,,61231,12,4,,0,30,,56970,12,4,,0,70,,61232,12,4,,0,30,,56972,12,4,,0,70,,56973,12,4,,0,30,,56974,12,4,,0,70,,61233,12,4,,0,77,,56976,12,4,,0,30,,56977,12,4,,0,70,,56978,12,4,,0,28,,56979,12,4,,0,24,,56980,12,4,,0,52,,56981,12,4,,0,22,,56982,12,4,,0,4,,56999,12,4,,0,16,,56983,12,4,,0,52,,56984,12,4,,0,24,,56985,12,4,,0,22,,56986,12,4,,0,12,,56987,12,4,,0,64,,56988,12,4,,0,30,,56989,12,4,,0,69,,56990,12,4,,0,30,,56991,12,4,,0,70,,56992,12,4,,0,30,,56993,12,4,,0,70,,56994,12,4,,0,30,,56995,12,4,,0,69,,56996,12,4,,0,30,,56997,12,4,,0
502029,'1910',651,,57007,12,4,,0,70,,57014,12,4,,0,30,,61240,12,4,,0,70,,57015,12,4,,0,30,,61239,12,4,,0,70,,61243,12,4,,0,30,,61238,12,4,,0,74,,61244,12,4,,0,30,,61252,12,4,,0,70,,61245,12,4,,0,30,,61253,12,4,,0,70,,61246,12,4,,0,30,,61254,12,4,,0,70,,61247,12,4,,0,30,,61255,12,4,,0,70,,61248,12,4,,0,30,,61256,12,4,,0,70,,61249,12,4,,0,30,,61257,12,4,,0,70,,61250,12,4,,0,30,,61258,12,4,,0,70,,61251,12,4,,0,30,,61259,12,4,,0,70,,61241,12,4,,0,30,,61260,12,4,,0,66,,57010,12,4,,0,30,,61261,12,4,,0,70,,57009,12,4,,0,30,,61237,12,4,,0,69,,57011,12,4,,0,30,,61236,12,4,,0,70,,57012,12,4,,0,30,,61235,12,4,,0,70,,61242,12,4,,0,30,,61234,12,4,,0
502029,'1912',649,,57084,12,4,,0,70,,57070,12,4,,0,30,,57087,12,4,,0,70,,57101,12,4,,0,31,,57081,12,4,,0,70,,57100,12,4,,0,30,,57083,12,4,,0,72,,57099,12,4,,0,30,,57078,12,4,,0,70,,57098,12,4,,0,30,,57073,12,4,,0,72,,57097,12,4,,0,30,,61262,12,4,,0,70,,57095,12,4,,0,30,,57074,12,4,,0,70,,57096,12,4,,0,30,,57077,12,4,,0,70,,57094,12,4,,0,30,,57071,12,4,,0,70,,57093,12,4,,0,30,,57075,12,4,,0,68,,57092,12,4,,0,30,,57072,12,4,,0,69,,57091,12,4,,0,30,,57085,12,4,,0,70,,57090,12,4,,0,30,,57086,12,4,,0,69,,57089,12,4,,0,30,,57079,12,4,,0,70,,57102,12,4,,0,30,,57088,12,4,,0,70,,57103,12,4,,0,30,,57082,12,4,,0,69,,57104,12,4,,0,30,,57080,12,4,,0
502029,'1924',649,,57049,12,4,,0,70,,57035,12,4,,0,30,,57052,12,4,,0,70,,57066,12,4,,0,31,,57046,12,4,,0,70,,57065,12,4,,0,30,,57048,12,4,,0,72,,57064,12,4,,0,30,,57043,12,4,,0,70,,57063,12,4,,0,30,,57038,12,4,,0,72,,57062,12,4,,0,30,,61263,12,4,,0,70,,57060,12,4,,0,30,,57039,12,4,,0,70,,57061,12,4,,0,30,,57042,12,4,,0,70,,57059,12,4,,0,30,,57036,12,4,,0,70,,57058,12,4,,0,30,,57040,12,4,,0,68,,57057,12,4,,0,30,,57037,12,4,,0,69,,57056,12,4,,0,30,,57050,12,4,,0,70,,57055,12,4,,0,30,,57051,12,4,,0,69,,57054,12,4,,0,30,,57044,12,4,,0,70,,57067,12,4,,0,30,,57053,12,4,,0,70,,57068,12,4,,0,30,,57047,12,4,,0,69,,57069,12,4,,0,30,,57045,12,4,,0
502029,'1925',649,,61278,12,4,,0,70,,61264,12,4,,0,30,,61281,12,4,,0,70,,61295,12,4,,0,31,,61275,12,4,,0,70,,61294,12,4,,0,30,,61277,12,4,,0,72,,61293,12,4,,0,30,,61272,12,4,,0,70,,61292,12,4,,0,30,,61267,12,4,,0,72,,61291,12,4,,0,30,,61270,12,4,,0,70,,61289,12,4,,0,30,,61268,12,4,,0,70,,61290,12,4,,0,30,,61271,12,4,,0,70,,61288,12,4,,0,30,,61265,12,4,,0,70,,61287,12,4,,0,30,,61269,12,4,,0,68,,61286,12,4,,0,30,,61266,12,4,,0,69,,61285,12,4,,0,30,,61279,12,4,,0,70,,61284,12,4,,0,30,,61280,12,4,,0,69,,61283,12,4,,0,30,,61273,12,4,,0,70,,61296,12,4,,0,30,,61282,12,4,,0,70,,61297,12,4,,0,30,,61276,12,4,,0,69,,61298,12,4,,0,30,,61274,12,4,,0
14000001029,'1907',611,,61816,49,4,,0
14000001029,'1909',509,,61817,49,4,,0,102,,61818,49,4,,0
14000001029,'1910',611,,61829,49,4,,0
14000001029,'1912',611,,61838,49,4,,0
14000001029,'1924',611,,61845,49,4,,0
14000001029,'1925',611,,61852,49,4,,0
