13019,'1907',820,,54917,27,,,0,100,,54904,27,,,0,100,,54905,27,,,0,102,,54906,27,,,0,101,,54907,27,,,0,101,,54908,27,,,0,100,,54909,27,,,0,100,,54910,27,,,0,100,,60149,27,,,0,97,,54912,27,,,0,99,,54913,27,,,0,100,,54914,27,,,0,100,,54915,27,,,0,100,,54916,27,,,0,100,,54903,27,,,0
13019,'1909',631,,60150,27,,,0,70,,60151,27,,,0,30,,60152,27,,,0,70,,54921,27,,,0,56,,60153,27,,,0,101,,60154,27,,,0,100,,60155,27,,,0,100,,60156,27,,,0,100,,60157,27,,,0,100,,60158,27,,,0,70,,54928,27,,,0,73,,54929,27,,,0,30,,54930,27,,,0,70,,60163,27,,,0,30,,60159,27,,,0,70,,54938,27,,,0,30,,54932,27,,,0,27,,54939,27,,,0,100,,60162,27,,,0,100,,60161,27,,,0,99,,54936,27,,,0,98,,60160,27,,,0,71,,54933,6,,,0,29,,54934,27,,,0
13019,'1910',720,,54942,27,,,0,100,,54943,27,,,0,100,,54944,27,,,0,100,,54945,27,,,0,104,,54946,27,,,0,100,,54947,27,,,0,100,,54948,27,,,0,100,,54949,27,,,0,100,,54950,27,,,0,100,,54951,27,,,0,99,,54952,27,,,0,99,,54953,27,,,0,99,,60164,27,,,0,99,,54955,27,,,0,100,,60165,27,,,0,200,,60166,27,,,0
13019,'1912',820,,54987,27,,,0,100,,54974,27,,,0,100,,54975,27,,,0,102,,54976,27,,,0,101,,54977,27,,,0,101,,54978,27,,,0,100,,54979,27,,,0,100,,54980,27,,,0,100,,60167,27,,,0,97,,54982,27,,,0,99,,54983,27,,,0,100,,54984,27,,,0,100,,54985,27,,,0,100,,54986,27,,,0,100,,54973,27,,,0
13019,'1924',820,,54972,27,,,0,100,,54959,27,,,0,100,,54960,27,,,0,102,,54961,27,,,0,101,,54962,27,,,0,101,,54963,27,,,0,100,,54964,27,,,0,100,,54965,27,,,0,100,,60168,27,,,0,97,,54967,27,,,0,99,,54968,27,,,0,100,,54969,27,,,0,100,,54970,27,,,0,100,,54971,27,,,0,100,,54958,27,,,0
13019,'1925',820,,60183,27,,,0,100,,60170,27,,,0,100,,60171,27,,,0,102,,60172,27,,,0,101,,60173,27,,,0,101,,60174,27,,,0,100,,60175,27,,,0,100,,60176,27,,,0,100,,60177,27,,,0,97,,60178,27,,,0,99,,60179,27,,,0,100,,60180,27,,,0,100,,60181,27,,,0,100,,60182,27,,,0,100,,60169,27,,,0
15029,'1907',755,,60289,77,,,0,95,,60295,77,,,0,100,,60288,77,,,0,100,,60287,77,,,0,104,,60294,77,,,0,100,,60292,77,,,0,100,,60291,77,,,0,102,,60286,77,,,0,100,,60284,77,,,0,97,,60285,77,,,0,99,,60290,77,,,0,99,,60296,77,,,0,100,,60293,77,,,0,100,,60297,77,,,0
15029,'1909',626,,60298,37,,,0,20,,55185,37,,,0,72,,60299,77,,,0,38,,55187,77,,,0,70,,55188,77,,,0,31,,60300,77,,,0,71,,55190,77,,,0,28,,55191,77,,,0,68,,55192,77,,,0,30,,55193,77,,,0,70,,60301,77,,,0,30,,60302,77,,,0,70,,60303,77,,,0,30,,55197,77,,,0,70,,60304,77,,,0,30,,60305,77,,,0,70,,55200,77,,,0,33,,55201,77,,,0,74,,55202,77,,,0,73,,55203,77,,,0,33,,55204,77,,,0,67,,55205,77,,,0,26,,55206,77,,,0,26,,60306,77,,,0,68,,55208,77,,,0,27,,55209,77,,,0,69,,55210,77,,,0,30,,60307,77,,,0,70,,55212,77,,,0,30,,55216,77,,,0,69,,55213,77,,,0,97,,60308,77,,,0,100,,55215,77,,,0
15029,'1910',620,,55231,37,,,0,138,,55219,77,,,0,93,,60309,77,,,0,100,,55221,77,,,0,103,,55222,77,,,0,101,,60310,77,,,0,100,,55224,77,,,0,100,,55225,77,,,0,145,,60311,77,,,0,100,,60312,77,,,0,58,,55228,77,,,0,100,,55229,77,,,0,100,,55230,77,,,0,94,,55217,77,,,0,100,,55218,77,,,0
15029,'1912',755,,60318,77,,,0,95,,60324,77,,,0,100,,60317,77,,,0,100,,60316,77,,,0,104,,60323,77,,,0,100,,60321,77,,,0,100,,60320,77,,,0,102,,60315,77,,,0,100,,60313,77,,,0,97,,60314,77,,,0,99,,60319,77,,,0,99,,60325,77,,,0,100,,60322,77,,,0,100,,60326,77,,,0
15029,'1924',755,,60332,77,,,0,95,,60338,77,,,0,100,,60331,77,,,0,100,,60330,77,,,0,104,,60337,77,,,0,100,,60335,77,,,0,100,,60334,77,,,0,102,,60329,77,,,0,100,,60327,77,,,0,97,,60328,77,,,0,99,,60333,77,,,0,99,,60339,77,,,0,100,,60336,77,,,0,100,,60340,77,,,0
15029,'1925',755,,60346,77,,,0,95,,60352,77,,,0,100,,60345,77,,,0,100,,60344,77,,,0,104,,60351,77,,,0,100,,60349,77,,,0,100,,60348,77,,,0,102,,60343,77,,,0,100,,60341,77,,,0,97,,60342,77,,,0,99,,60347,77,,,0,99,,60353,77,,,0,100,,60350,77,,,0,100,,60354,77,,,0
19019,'1907',625,,55495,20,,,0,112,,55487,20,,,0,100,,55486,20,,,0,70,,55491,20,,,0,30,,55490,20,,,0,70,,55483,20,,,0,31,,55482,20,,,0,70,,55480,20,,,0,31,,55500,20,,,0,70,,55498,20,,,0,30,,55496,20,,,0,70,,55492,20,,,0,30,,55508,20,,,0,70,,55489,20,,,0,31,,55488,20,,,0,70,,55485,20,,,0,30,,60420,20,,,0,70,,55481,20,,,0,30,,55501,20,,,0,69,,55499,20,,,0,29,,55497,20,,,0,70,,55494,20,,,0,30,,55493,20,,,0,70,,55503,20,,,0,30,,55502,20,,,0,70,,55504,20,,,0,45,,55507,20,,,0,100,,55505,20,,,0,100,,55506,20,,,0,85,,55509,20,,,0
19019,'1909',840,,60434,20,,,0,70,,60424,20,,,0,30,,60425,20,,,0,70,,60422,20,,,0,30,,55530,20,,,0,70,,60423,20,,,0,30,,60430,20,,,0,70,,60421,20,,,0,30,,60433,20,,,0,70,,60426,20,,,0,30,,60427,20,,,0,70,,60429,20,,,0,30,,60428,20,,,0,72,,55511,20,,,0,30,,60435,20,,,0,298,,55527,20,,,0,70,,55521,20,,,0,30,,55522,20,,,0,98,,60432,20,,,0,100,,55525,20,,,0,100,,60431,20,,,0,100,,55524,20,,,0
19019,'1910',638,,55535,20,,,0,70,,55548,20,,,0,30,,60437,20,,,0,70,,60442,20,,,0,30,,55558,20,,,0,70,,60438,20,,,0,30,,60436,20,,,0,70,,60444,20,,,0,33,,55537,20,,,0,70,,55552,20,,,0,30,,55541,20,,,0,70,,55555,20,,,0,30,,55534,20,,,0,70,,55550,20,,,0,30,,55536,20,,,0,70,,55553,20,,,0,30,,55538,20,,,0,70,,55560,20,,,0,30,,55547,20,,,0,70,,55549,20,,,0,30,,55533,20,,,0,70,,60441,20,,,0,30,,55559,20,,,0,70,,55546,20,,,0,30,,55540,20,,,0,70,,60443,20,,,0,27,,60440,20,,,0,70,,55563,20,,,0,40,,60445,20,,,0,75,,55545,20,,,0,100,,55562,20,,,0,95,,60439,20,,,0,20,,60446,20,,,0
19019,'1912',625,,55610,20,,,0,112,,55602,20,,,0,100,,55601,20,,,0,70,,55606,20,,,0,30,,55605,20,,,0,70,,55598,20,,,0,31,,55597,20,,,0,70,,55595,20,,,0,31,,55615,20,,,0,70,,55613,20,,,0,30,,55611,20,,,0,70,,55607,20,,,0,30,,55623,20,,,0,70,,55604,20,,,0,31,,55603,20,,,0,70,,55600,20,,,0,30,,60447,20,,,0,70,,55596,20,,,0,30,,55616,20,,,0,69,,55614,20,,,0,29,,55612,20,,,0,70,,55609,20,,,0,30,,55608,20,,,0,70,,55618,20,,,0,30,,55617,20,,,0,70,,55619,20,,,0,45,,55622,20,,,0,100,,55620,20,,,0,100,,55621,20,,,0,85,,55624,20,,,0
19019,'1924',625,,55580,20,,,0,112,,55572,20,,,0,100,,55571,20,,,0,70,,55576,20,,,0,30,,55575,20,,,0,70,,55568,20,,,0,31,,55567,20,,,0,70,,55565,20,,,0,31,,55585,20,,,0,70,,55583,20,,,0,30,,55581,20,,,0,70,,55577,20,,,0,30,,55593,20,,,0,70,,55574,20,,,0,31,,55573,20,,,0,70,,55570,20,,,0,30,,60448,20,,,0,70,,55566,20,,,0,30,,55586,20,,,0,69,,55584,20,,,0,29,,55582,20,,,0,70,,55579,20,,,0,30,,55578,20,,,0,70,,55588,20,,,0,30,,55587,20,,,0,70,,55589,20,,,0,45,,55592,20,,,0,100,,55590,20,,,0,100,,55591,20,,,0,85,,55594,20,,,0
19019,'1925',625,,60464,20,,,0,112,,60456,20,,,0,100,,60455,20,,,0,70,,60460,20,,,0,30,,60459,20,,,0,70,,60452,20,,,0,31,,60451,20,,,0,70,,60449,20,,,0,31,,60469,20,,,0,70,,60467,20,,,0,30,,60465,20,,,0,70,,60461,20,,,0,30,,60477,20,,,0,70,,60458,20,,,0,31,,60457,20,,,0,70,,60454,20,,,0,30,,60453,20,,,0,70,,60450,20,,,0,30,,60470,20,,,0,69,,60468,20,,,0,29,,60466,20,,,0,70,,60463,20,,,0,30,,60462,20,,,0,70,,60472,20,,,0,30,,60471,20,,,0,70,,60473,20,,,0,45,,60476,20,,,0,100,,60474,20,,,0,100,,60475,20,,,0,85,,60478,20,,,0
10019019,'1909',614,,58709,13,,,0,25,,61775,13,,,0,70,,58716,13,,,0,32,,58717,13,,,0,70,,61776,13,,,0,802,,58714,13,,,0,30,,58712,13,,,0,70,,58710,13,,,0,29,,58715,13,,,0,69,,58711,13,,,0,209,,61774,13,,,0
