4019,'1907',748,,53591,3,,,0,70,,53592,3,,,0,30,,53589,3,,,0,70,,53593,3,,,0,30,,53590,3,,,0,70,,53574,3,,,0,30,,53578,3,,,0,70,,53582,3,,,0,30,,53585,3,,,0,70,,53570,3,,,0,31,,53573,3,,,0,70,,53577,3,,,0,30,,53581,3,,,0,70,,53583,3,,,0,30,,53569,3,,,0,70,,53572,3,,,0,30,,53576,3,,,0,70,,53580,3,,,0,30,,53584,3,,,0,69,,53568,3,,,0,30,,53571,3,,,0,70,,53575,3,,,0,30,,53579,3,,,0,70,,53588,3,,,0,30,,53594,3,,,0,70,,53586,3,,,0,30,,53595,3,,,0,70,,53587,3,,,0
4019,'1909',618,,53602,3,,,0,30,,53628,3,,,0,70,,53603,3,,,0,27,,53604,3,,,0,76,,53605,3,,,0,24,,53606,3,,,0,76,,53607,3,,,0,27,,53608,3,,,0,71,,53609,3,,,0,30,,53610,3,,,0,70,,53611,3,,,0,30,,53612,3,,,0,70,,53613,3,,,0,30,,53614,3,,,0,70,,53615,3,,,0,30,,53616,3,,,0,70,,53617,3,,,0,33,,53618,3,,,0,70,,53619,3,,,0,31,,53620,3,,,0,64,,53621,3,,,0,36,,53622,3,,,0,63,,53623,3,,,0,36,,53624,3,,,0,62,,53625,3,,,0,35,,53626,3,,,0,70,,53627,3,,,0,30,,53596,3,,,0,70,,53597,3,,,0,30,,53598,3,,,0,69,,53599,3,,,0,30,,53600,3,,,0,70,,53601,3,,,0
4019,'1910',648,,53660,3,,,0,70,,53636,3,,,0,30,,53630,3,,,0,70,,53640,3,,,0,30,,53651,3,,,0,70,,53646,3,,,0,30,,53634,3,,,0,70,,53656,3,,,0,30,,53633,3,,,0,71,,53653,3,,,0,30,,53648,3,,,0,70,,53641,3,,,0,30,,53654,3,,,0,70,,53657,3,,,0,30,,53632,3,,,0,70,,53643,3,,,0,30,,53631,3,,,0,70,,53637,3,,,0,30,,53655,3,,,0,70,,53652,3,,,0,30,,53649,3,,,0,69,,53638,3,,,0,30,,53658,3,,,0,70,,53659,3,,,0,30,,53629,3,,,0,70,,53644,3,,,0,30,,53642,3,,,0,70,,53650,3,,,0,30,,53635,3,,,0,70,,53645,3,,,0,30,,53639,3,,,0,70,,53647,3,,,0
4019,'1911',748,,53684,3,,,0,70,,53685,3,,,0,30,,53682,3,,,0,70,,53686,3,,,0,30,,53683,3,,,0,70,,53667,3,,,0,30,,53671,3,,,0,70,,53675,3,,,0,30,,53678,3,,,0,70,,53663,3,,,0,31,,53666,3,,,0,70,,53670,3,,,0,30,,53674,3,,,0,70,,53676,3,,,0,30,,53662,3,,,0,70,,53665,3,,,0,30,,53669,3,,,0,70,,53673,3,,,0,30,,53677,3,,,0,69,,53661,3,,,0,30,,53664,3,,,0,70,,53668,3,,,0,30,,53672,3,,,0,70,,53681,3,,,0,30,,53687,3,,,0,70,,53679,3,,,0,30,,53688,3,,,0,70,,53680,3,,,0
4019,'1912',748,,53712,3,,,0,70,,53713,3,,,0,30,,53710,3,,,0,70,,53714,3,,,0,30,,53711,3,,,0,70,,53695,3,,,0,30,,53699,3,,,0,70,,53703,3,,,0,30,,53706,3,,,0,70,,53691,3,,,0,31,,53694,3,,,0,70,,53698,3,,,0,30,,53702,3,,,0,70,,53704,3,,,0,30,,53690,3,,,0,70,,53693,3,,,0,30,,53697,3,,,0,70,,53701,3,,,0,30,,53705,3,,,0,69,,53689,3,,,0,30,,53692,3,,,0,70,,53696,3,,,0,30,,53700,3,,,0,70,,53709,3,,,0,30,,53715,3,,,0,70,,53707,3,,,0,30,,53716,3,,,0,70,,53708,3,,,0
502029,'1907',633,,56936,3,,,0,70,,56922,3,,,0,30,,56939,3,,,0,70,,56953,3,,,0,30,,56933,3,,,0,70,,56952,3,,,0,30,,56935,3,,,0,70,,56951,3,,,0,30,,56930,3,,,0,70,,56950,3,,,0,30,,56925,3,,,0,70,,56949,3,,,0,30,,56928,3,,,0,70,,56947,3,,,0,30,,56926,3,,,0,70,,56948,3,,,0,30,,56929,3,,,0,70,,56946,3,,,0,30,,56923,3,,,0,70,,56945,3,,,0,30,,56927,3,,,0,70,,56944,3,,,0,30,,56924,3,,,0,70,,56943,3,,,0,30,,56937,3,,,0,70,,56942,3,,,0,30,,56938,3,,,0,70,,56941,3,,,0,30,,56931,3,,,0,70,,56954,3,,,0,30,,56940,3,,,0,70,,56955,3,,,0,30,,56934,3,,,0,70,,56956,3,,,0,30,,56932,3,,,0
502029,'1909',603,,56957,3,,,0,30,,56958,3,,,0,25,,56998,3,,,0,50,,56959,3,,,0,25,,56960,3,,,0,24,,56961,3,,,0,52,,56962,3,,,0,24,,56963,3,,,0,24,,56964,3,,,0,52,,56965,3,,,0,24,,56966,3,,,0,70,,56967,3,,,0,30,,56968,3,,,0,70,,56969,3,,,0,30,,56970,3,,,0,70,,56971,3,,,0,30,,56972,3,,,0,70,,56973,3,,,0,30,,56974,3,,,0,70,,56975,3,,,0,33,,56976,3,,,0,70,,56977,3,,,0,30,,56978,3,,,0,68,,56979,3,,,0,24,,56980,3,,,0,12,,56981,3,,,0,63,,56982,3,,,0,6,,56999,3,,,0,18,,56983,3,,,0,12,,56984,3,,,0,64,,56985,3,,,0,22,,56986,3,,,0,12,,56987,3,,,0,66,,56988,3,,,0,30,,56989,3,,,0,70,,56990,3,,,0,30,,56991,3,,,0,70,,56992,3,,,0,30,,56993,3,,,0,70,,56994,3,,,0,30,,56995,3,,,0,70,,56996,3,,,0,30,,56997,3,,,0
502029,'1910',633,,57007,3,,,0,70,,57014,3,,,0,30,,57006,3,,,0,70,,57015,3,,,0,30,,57005,3,,,0,70,,57016,3,,,0,30,,57004,3,,,0,70,,57017,3,,,0,30,,57025,3,,,0,70,,57018,3,,,0,30,,57026,3,,,0,70,,57019,3,,,0,30,,57027,3,,,0,70,,57020,3,,,0,30,,57028,3,,,0,70,,57021,3,,,0,30,,57029,3,,,0,70,,57022,3,,,0,30,,57030,3,,,0,70,,57023,3,,,0,30,,57031,3,,,0,70,,57024,3,,,0,30,,57032,3,,,0,70,,57008,3,,,0,30,,57033,3,,,0,70,,57010,3,,,0,30,,57034,3,,,0,70,,57009,3,,,0,30,,57003,3,,,0,70,,57011,3,,,0,30,,57002,3,,,0,70,,57012,3,,,0,30,,57001,3,,,0,70,,57013,3,,,0,30,,57000,3,,,0
502029,'1911',633,,57049,3,,,0,70,,57035,3,,,0,30,,57052,3,,,0,70,,57066,3,,,0,30,,57046,3,,,0,70,,57065,3,,,0,30,,57048,3,,,0,70,,57064,3,,,0,30,,57043,3,,,0,70,,57063,3,,,0,30,,57038,3,,,0,70,,57062,3,,,0,30,,57041,3,,,0,70,,57060,3,,,0,30,,57039,3,,,0,70,,57061,3,,,0,30,,57042,3,,,0,70,,57059,3,,,0,30,,57036,3,,,0,70,,57058,3,,,0,30,,57040,3,,,0,70,,57057,3,,,0,30,,57037,3,,,0,70,,57056,3,,,0,30,,57050,3,,,0,70,,57055,3,,,0,30,,57051,3,,,0,70,,57054,3,,,0,30,,57044,3,,,0,70,,57067,3,,,0,30,,57053,3,,,0,70,,57068,3,,,0,30,,57047,3,,,0,70,,57069,3,,,0,30,,57045,3,,,0
502029,'1912',633,,57084,3,,,0,70,,57070,3,,,0,30,,57087,3,,,0,70,,57101,3,,,0,30,,57081,3,,,0,70,,57100,3,,,0,30,,57083,3,,,0,70,,57099,3,,,0,30,,57078,3,,,0,70,,57098,3,,,0,30,,57073,3,,,0,70,,57097,3,,,0,30,,57076,3,,,0,70,,57095,3,,,0,30,,57074,3,,,0,70,,57096,3,,,0,30,,57077,3,,,0,70,,57094,3,,,0,30,,57071,3,,,0,70,,57093,3,,,0,30,,57075,3,,,0,70,,57092,3,,,0,30,,57072,3,,,0,70,,57091,3,,,0,30,,57085,3,,,0,70,,57090,3,,,0,30,,57086,3,,,0,70,,57089,3,,,0,30,,57079,3,,,0,70,,57102,3,,,0,30,,57088,3,,,0,70,,57103,3,,,0,30,,57082,3,,,0,70,,57104,3,,,0,30,,57080,3,,,0
701019,'1907',619,,57470,3,,,0,28,,57511,3,,,0,70,,57492,3,,,0,30,,57469,3,,,0,55,,57446,3,,,0,15,,57514,3,,,0,15,,57428,3,,,0,15,,57479,3,,,0,56,,57430,3,,,0,15,,57466,3,,,0,15,,57447,3,,,0,15,,57509,3,,,0,55,,57422,3,,,0,15,,57490,3,,,0,15,,57431,3,,,0,15,,57465,3,,,0,55,,57426,3,,,0,15,,57505,3,,,0,15,,57434,3,,,0,15,,57488,3,,,0,55,,57429,3,,,0,15,,57462,3,,,0,15,,57441,3,,,0,15,,57506,3,,,0,55,,57432,3,,,0,15,,57484,3,,,0,15,,57437,3,,,0,15,,57460,3,,,0,55,,57440,3,,,0,15,,57515,3,,,0,15,,57427,3,,,0,15,,57485,3,,,0,55,,57439,3,,,0,15,,57458,3,,,0,15,,57443,3,,,0,15,,57510,3,,,0,55,,57424,3,,,0,15,,57491,3,,,0,15,,57425,3,,,0,15,,57456,3,,,0,55,,57442,3,,,0,15,,57502,3,,,0,15,,57423,3,,,0,15,,57481,3,,,0,55,,57438,3,,,0,15,,57455,3,,,0,15,,57444,3,,,0,15,,57501,3,,,0,55,,57435,3,,,0,15,,57482,3,,,0,15,,57436,3,,,0,15,,57453,3,,,0,55,,57445,3,,,0,15,,57516,3,,,0,15,,57433,3,,,0,15,,57480,3,,,0,70,,57450,3,,,0,30,,57512,3,,,0,70,,57475,3,,,0,30,,57448,3,,,0,70,,57517,3,,,0,25,,57518,3,,,0,65,,57520,3,,,0
701019,'1909',559,,57521,3,,,0,70,,57522,3,,,0,18,,57523,3,,,0,56,,57524,3,,,0,15,,57525,3,,,0,15,,57526,3,,,0,15,,57527,3,,,0,55,,57528,3,,,0,15,,57529,3,,,0,15,,57530,3,,,0,15,,57531,3,,,0,55,,57532,3,,,0,15,,57533,3,,,0,15,,57534,3,,,0,15,,57628,3,,,0,55,,57535,3,,,0,15,,57536,3,,,0,15,,57537,3,,,0,15,,57538,3,,,0,55,,57539,3,,,0,15,,57540,3,,,0,15,,57541,3,,,0,15,,57542,3,,,0,55,,57543,3,,,0,15,,57544,3,,,0,15,,57545,3,,,0,15,,57546,3,,,0,55,,57547,3,,,0,15,,57548,3,,,0,15,,57549,3,,,0,15,,57550,3,,,0,55,,57551,3,,,0,15,,57552,3,,,0,15,,57553,3,,,0,15,,57554,3,,,0,55,,57620,3,,,0,15,,57555,3,,,0,15,,57556,3,,,0,15,,57557,3,,,0,55,,57558,3,,,0,15,,57623,3,,,0,15,,57559,3,,,0,15,,57560,3,,,0,55,,57561,3,,,0,15,,57562,3,,,0,15,,57563,3,,,0,15,,57564,3,,,0,55,,57565,3,,,0,15,,57566,3,,,0,15,,57567,3,,,0,15,,57568,3,,,0,55,,57569,3,,,0,15,,57570,3,,,0,15,,57571,3,,,0,15,,57572,3,,,0,55,,57573,3,,,0,15,,57574,3,,,0,15,,57575,3,,,0,15,,57576,3,,,0,70,,57577,3,,,0,30,,57578,3,,,0,70,,57579,3,,,0,30,,57580,3,,,0,70,,57581,3,,,0,25,,57582,3,,,0,65,,57583,3,,,0
701019,'1910',619,,57662,3,,,0,28,,57647,3,,,0,70,,57637,3,,,0,30,,57643,3,,,0,55,,57665,3,,,0,15,,57650,3,,,0,15,,57666,3,,,0,15,,57633,3,,,0,55,,57667,3,,,0,15,,57638,3,,,0,15,,57672,3,,,0,15,,57644,3,,,0,58,,57688,3,,,0,15,,57708,3,,,0,15,,57724,3,,,0,15,,57712,3,,,0,55,,57679,3,,,0,15,,57719,3,,,0,15,,57701,3,,,0,15,,57726,3,,,0,55,,57717,3,,,0,15,,57674,3,,,0,15,,57722,3,,,0,15,,57707,3,,,0,55,,57678,3,,,0,15,,57716,3,,,0,15,,57700,3,,,0,15,,57681,3,,,0,55,,57714,3,,,0,15,,57706,3,,,0,15,,57723,3,,,0,15,,57715,3,,,0,55,,57677,3,,,0,15,,57720,3,,,0,15,,57705,3,,,0,15,,57697,3,,,0,55,,57718,3,,,0,15,,57725,3,,,0,15,,57728,3,,,0,15,,57676,3,,,0,55,,57696,3,,,0,15,,57703,3,,,0,15,,57694,3,,,0,15,,57689,3,,,0,55,,57692,3,,,0,15,,57698,3,,,0,15,,57687,3,,,0,15,,57680,3,,,0,53,,57663,3,,,0,15,,57693,3,,,0,15,,57668,3,,,0,15,,57645,3,,,0,55,,57669,3,,,0,15,,57651,3,,,0,15,,57670,3,,,0,15,,57634,3,,,0,70,,57639,3,,,0,30,,57646,3,,,0,70,,57652,3,,,0,30,,57659,3,,,0,70,,57661,3,,,0,25,,57671,3,,,0,65,,57664,3,,,0
701019,'1911',619,,57778,3,,,0,28,,57819,3,,,0,70,,57800,3,,,0,30,,57777,3,,,0,55,,57754,3,,,0,15,,57822,3,,,0,15,,57736,3,,,0,15,,57787,3,,,0,56,,57738,3,,,0,15,,57774,3,,,0,15,,57755,3,,,0,15,,57817,3,,,0,55,,57730,3,,,0,15,,57798,3,,,0,15,,57739,3,,,0,15,,57773,3,,,0,55,,57734,3,,,0,15,,57813,3,,,0,15,,57742,3,,,0,15,,57796,3,,,0,55,,57737,3,,,0,15,,57770,3,,,0,15,,57749,3,,,0,15,,57814,3,,,0,55,,57740,3,,,0,15,,57792,3,,,0,15,,57745,3,,,0,15,,57768,3,,,0,55,,57748,3,,,0,15,,57823,3,,,0,15,,57735,3,,,0,15,,57793,3,,,0,55,,57747,3,,,0,15,,57766,3,,,0,15,,57751,3,,,0,15,,57818,3,,,0,55,,57732,3,,,0,15,,57799,3,,,0,15,,57733,3,,,0,15,,57764,3,,,0,55,,57750,3,,,0,15,,57810,3,,,0,15,,57731,3,,,0,15,,57789,3,,,0,55,,57746,3,,,0,15,,57763,3,,,0,15,,57752,3,,,0,15,,57809,3,,,0,55,,57743,3,,,0,15,,57790,3,,,0,15,,57744,3,,,0,15,,57761,3,,,0,55,,57753,3,,,0,15,,57824,3,,,0,15,,57741,3,,,0,15,,57788,3,,,0,70,,57758,3,,,0,30,,57820,3,,,0,70,,57783,3,,,0,30,,57756,3,,,0,70,,57825,3,,,0,25,,57826,3,,,0,65,,57828,3,,,0
701019,'1912',619,,57877,3,,,0,28,,57918,3,,,0,70,,57899,3,,,0,30,,57876,3,,,0,55,,57853,3,,,0,15,,57921,3,,,0,15,,57835,3,,,0,15,,57886,3,,,0,56,,57837,3,,,0,15,,57873,3,,,0,15,,57854,3,,,0,15,,57916,3,,,0,55,,57829,3,,,0,15,,57897,3,,,0,15,,57838,3,,,0,15,,57872,3,,,0,55,,57833,3,,,0,15,,57912,3,,,0,15,,57841,3,,,0,15,,57895,3,,,0,55,,57836,3,,,0,15,,57869,3,,,0,15,,57848,3,,,0,15,,57913,3,,,0,55,,57839,3,,,0,15,,57891,3,,,0,15,,57844,3,,,0,15,,57867,3,,,0,55,,57847,3,,,0,15,,57922,3,,,0,15,,57834,3,,,0,15,,57892,3,,,0,55,,57846,3,,,0,15,,57865,3,,,0,15,,57850,3,,,0,15,,57917,3,,,0,55,,57831,3,,,0,15,,57898,3,,,0,15,,57832,3,,,0,15,,57863,3,,,0,55,,57849,3,,,0,15,,57909,3,,,0,15,,57830,3,,,0,15,,57888,3,,,0,55,,57845,3,,,0,15,,57862,3,,,0,15,,57851,3,,,0,15,,57908,3,,,0,55,,57842,3,,,0,15,,57889,3,,,0,15,,57843,3,,,0,15,,57860,3,,,0,55,,57852,3,,,0,15,,57923,3,,,0,15,,57840,3,,,0,15,,57887,3,,,0,70,,57857,3,,,0,30,,57919,3,,,0,70,,57882,3,,,0,30,,57855,3,,,0,70,,57924,3,,,0,25,,57925,3,,,0,65,,57927,3,,,0
