22019,'1907',658,,55639,11,0,19 2 36 26,0,100,,55638,11,0,19 2 36 26,0,100,,55632,13,,,0,93,,55633,13,,,0,100,,55626,13,,,0,100,,55631,13,,,0,100,,55627,13,,,0,100,,55628,13,,,0,100,,55625,13,,,0,100,,55629,13,,,0,100,,55630,13,,,0,100,,55634,11,0,19 2 36 26,0,100,,55635,11,0,19 2 36 26,0,100,,55636,11,0,19 2 36 26,0,107,,55637,11,0,19 2 36 26,0
22019,'1909',604,,60496,11,0,19 2 36 26,0,52,,55640,11,0,19 2 36 26,0,70,,55641,11,0,19 2 36 26,0,75,,60479,13,,,0,30,,60480,13,,,0,72,,60481,13,,,0,29,,55645,13,,,0,70,,55646,13,,,0,30,,60482,13,,,0,70,,55648,13,,,0,30,,55649,13,,,0,70,,55650,13,,,0,30,,55651,13,,,0,70,,55652,13,,,0,30,,55653,13,,,0,70,,55654,13,,,0,30,,60483,13,,,0,73,,60484,13,,,0,29,,60485,13,,,0,69,,60495,13,,,0,30,,60486,13,,,0,68,,60487,13,,,0,28,,60488,13,,,0,29,,60489,13,,,0,69,,60490,13,,,0,30,,60491,13,,,0,70,,60492,13,,,0,30,,55665,13,,,0,69,,60493,13,,,0,30,,60494,13,,,0,68,,55668,11,0,19 2 36 26,0
22019,'1910',630,,55701,11,0,19 2 36 26,0,23,,55694,11,0,19 2 36 26,0,70,,55690,11,0,19 2 36 26,0,30,,55695,11,0,19 2 36 26,0,70,,55691,11,0,19 2 36 26,0,31,,55671,13,,,0,72,,55672,13,,,0,30,,55673,13,,,0,70,,55674,13,,,0,30,,55675,13,,,0,70,,55676,13,,,0,30,,55677,13,,,0,70,,55678,13,,,0,31,,55679,13,,,0,70,,55680,13,,,0,30,,55681,13,,,0,70,,55682,13,,,0,31,,55683,13,,,0,70,,55684,13,,,0,30,,55685,13,,,0,70,,55686,13,,,0,29,,55687,13,,,0,70,,55688,13,,,0,29,,55696,11,0,19 2 36 26,0,70,,55692,11,0,19 2 36 26,0,30,,55697,11,0,19 2 36 26,0,68,,55689,11,0,19 2 36 26,0,30,,55698,11,0,19 2 36 26,0,69,,55693,11,0,19 2 36 26,0,30,,55699,11,0,19 2 36 26,0,70,,55700,11,0,19 2 36 26,0
22019,'1912',658,,55731,11,0,19 2 36 26,0,100,,55730,11,0,19 2 36 26,0,100,,55724,13,,,0,93,,55725,13,,,0,100,,55718,13,,,0,100,,55723,13,,,0,100,,55719,13,,,0,100,,55720,13,,,0,100,,55717,13,,,0,100,,55721,13,,,0,100,,55722,13,,,0,100,,55726,11,0,19 2 36 26,0,100,,55727,11,0,19 2 36 26,0,100,,55728,11,0,19 2 36 26,0,107,,55729,11,0,19 2 36 26,0
22019,'1924',658,,55716,11,0,19 2 36 26,0,100,,55715,11,0,19 2 36 26,0,100,,55709,13,,,0,93,,55710,13,,,0,100,,55703,13,,,0,100,,55708,13,,,0,100,,55704,13,,,0,100,,55705,13,,,0,100,,55702,13,,,0,100,,55706,13,,,0,100,,55707,13,,,0,100,,55711,11,0,19 2 36 26,0,100,,55712,11,0,19 2 36 26,0,100,,55713,11,0,19 2 36 26,0,107,,55714,11,0,19 2 36 26,0
22019,'1925',658,,60511,11,0,19 2 36 26,0,100,,60510,11,0,19 2 36 26,0,100,,60504,13,,,0,93,,60505,13,,,0,100,,60498,13,,,0,100,,60503,13,,,0,100,,60499,13,,,0,100,,60500,13,,,0,100,,60497,13,,,0,100,,60501,13,,,0,100,,60502,13,,,0,100,,60506,11,0,19 2 36 26,0,100,,60507,11,0,19 2 36 26,0,100,,60508,11,0,19 2 36 26,0,107,,60509,11,0,19 2 36 26,0
601019,'1907',608,,57122,1,,,0
601019,'1909',640,,57178,1,,,0,65,,57190,1,,,0,715,,57152,1,,,0,30,,57189,1,,,0
601019,'1910',608,,57209,1,,,0
601019,'1924',608,,57244,1,,,0
602019,'1907',636,,57299,15,,,0,67,,57295,16,,,0,30,,57294,16,,,0,70,,57293,16,,,0,30,,57289,16,,,0,70,,57288,16,,,0,30,,57286,16,,,0,70,,57285,16,,,0,30,,57291,16,,,0,70,,57292,16,,,0,31,,57290,16,,,0,71,,57287,16,,,0,30,,57284,16,,,0,70,,57281,16,,,0,30,,57280,16,,,0,70,,57279,16,,,0,30,,57278,16,,,0,70,,57269,16,,,0,30,,57271,16,,,0,70,,57277,16,,,0,30,,57276,16,,,0,70,,57273,16,,,0,30,,57272,16,,,0,70,,57267,16,,,0,30,,57266,16,,,0,70,,57274,16,,,0,30,,57275,16,,,0,70,,57268,16,,,0,30,,57270,16,,,0,70,,57265,16,,,0,30,,57296,16,,,0,70,,57298,16,,,0,30,,57282,16,,,0,70,,57283,16,,,0,30,,57297,16,,,0
602019,'1909',623,,61353,15,,,0,29,,61343,15,0,19 2 11 2 36 26,0,60,,61374,15,0,19 2 11 2 36 26,0,15,,57316,15,0,19 2 11 2 36 26,0,15,,61342,15,0,19 2 11 2 36 26,0,15,,57306,15,0,19 2 11 2 36 26,0,55,,61352,15,0,19 2 11 2 36 26,0,15,,57311,15,0,19 2 11 2 36 26,0,15,,61354,15,0,19 2 11 2 36 26,0,15,,57307,15,0,19 2 11 2 36 26,0,57,,61369,16,,,0,22,,61366,15,,,0,70,,61367,15,,,0,30,,61365,15,,,0,70,,61364,15,,,0,30,,61363,15,,,0,70,,61362,15,,,0,30,,61368,15,,,0,70,,61361,15,,,0,30,,61339,15,,,0,70,,61340,15,,,0,28,,61341,15,,,0,67,,61350,15,0,19 2 11 2 36 26,0,13,,57321,15,0,19 2 11 2 36 26,0,15,,61351,15,0,19 2 11 2 36 26,0,15,,57320,15,0,19 2 11 2 36 26,0,15,,61345,15,0,19 2 11 2 36 26,0,55,,57319,15,0,19 2 11 2 36 26,0,15,,61349,15,0,19 2 11 2 36 26,0,15,,57323,15,0,19 2 11 2 36 26,0,14,,61348,15,0,19 2 11 2 36 26,0,53,,57318,15,0,19 2 11 2 36 26,0,14,,61346,15,0,19 2 11 2 36 26,0,15,,57322,15,0,19 2 11 2 36 26,0,15,,61344,15,0,19 2 11 2 36 26,0,55,,57325,15,0,19 2 11 2 36 26,0,15,,61347,15,0,19 2 11 2 36 26,0,18,,57341,16,,,0,57,,61360,16,,,0,30,,61355,16,,,0,12,,57345,16,,,0,58,,61359,16,,,0,30,,61358,16,,,0,70,,61356,16,,,0,29,,61357,16,,,0,30,,61370,16,,,0,70,,61373,16,,,0,30,,61371,16,,,0,76,,61372,16,,,0
602019,'1910',638,,57383,15,,,0,67,,57381,16,,,0,30,,57382,16,,,0,70,,57372,16,,,0,30,,57373,16,,,0,71,,57371,16,,,0,31,,57370,16,,,0,70,,57369,16,,,0,30,,57368,16,,,0,70,,57379,16,,,0,30,,57378,16,,,0,70,,57377,16,,,0,30,,57376,16,,,0,70,,57375,16,,,0,30,,57374,16,,,0,70,,57366,16,,,0,30,,57367,16,,,0,70,,57380,16,,,0,30,,57365,16,,,0,70,,57364,16,,,0,30,,57363,16,,,0,70,,57362,16,,,0,30,,57361,16,,,0,70,,57359,16,,,0,30,,57360,16,,,0,70,,57358,16,,,0,30,,57351,16,,,0,69,,57352,16,,,0,29,,57350,16,,,0,70,,57353,16,,,0,30,,57356,16,,,0,70,,57357,16,,,0,30,,57355,16,,,0,70,,57354,16,,,0,28,,57349,16,,,0
602019,'1912',2235,,57419,16,,,0,70,,57420,16,,,0,30,,57421,16,,,0
602019,'1924',636,,57418,15,,,0,67,,57414,16,,,0,30,,57413,16,,,0,70,,57412,16,,,0,30,,57408,16,,,0,70,,57407,16,,,0,30,,57405,16,,,0,70,,57404,16,,,0,30,,57410,16,,,0,70,,57411,16,,,0,31,,57409,16,,,0,71,,57406,16,,,0,30,,57403,16,,,0,70,,57400,16,,,0,30,,57399,16,,,0,70,,57398,16,,,0,30,,57397,16,,,0,70,,57388,16,,,0,30,,57390,16,,,0,70,,57396,16,,,0,30,,57395,16,,,0,70,,57392,16,,,0,30,,57391,16,,,0,70,,57386,16,,,0,30,,57385,16,,,0,70,,57393,16,,,0,30,,57394,16,,,0,70,,57387,16,,,0,30,,57389,16,,,0,70,,57384,16,,,0,30,,57415,16,,,0,70,,57417,16,,,0,30,,57401,16,,,0,70,,57402,16,,,0,30,,57416,16,,,0
602019,'1925',2135,,61377,16,,,0,70,,61379,16,,,0,30,,61375,16,,,0,70,,61376,16,,,0,30,,61378,16,,,0
