1019,'1907',602,,58824,3,,,0,100,,58825,3,,,0,100,,58826,3,,,0,100,,58827,3,,,0,100,,58828,3,,,0,100,,58829,3,,,0,100,,58830,3,,,0,100,,58831,3,,,0,100,,58832,3,,,0,100,,58833,3,,,0,100,,58834,3,,,0,100,,58835,3,,,0,100,,58836,3,,,0,100,,58837,3,,,0,100,,58838,3,,,0,100,,58839,3,,,0,100,,58840,3,,,0,100,,58841,3,,,0
1019,'1909',531,,58877,3,,,0,75,,58873,3,,,0,30,,58849,3,,,0,71,,58844,3,,,0,30,,58862,3,,,0,70,,58846,3,,,0,30,,58851,3,,,0,70,,58876,3,,,0,30,,58848,3,,,0,70,,58842,3,,,0,30,,58861,3,,,0,70,,58847,3,,,0,30,,58852,3,,,0,70,,58872,3,,,0,30,,58850,3,,,0,70,,58843,3,,,0,30,,58874,3,,,0,70,,58845,3,,,0,30,,58853,3,,,0,70,,58871,3,,,0,30,,58864,3,,,0,70,,58856,3,,,0,30,,58854,3,,,0,70,,58857,3,,,0,30,,58859,3,,,0,70,,58858,3,,,0,30,,58855,3,,,0,65,,58875,3,,,0,30,,58869,3,,,0,69,,58870,3,,,0,30,,58868,3,,,0,70,,58867,3,,,0,30,,58866,3,,,0,70,,58865,3,,,0,30,,58863,3,,,0,70,,58860,3,,,0
1019,'1910',531,,58913,3,,,0,70,,58902,3,,,0,30,,58888,3,,,0,70,,58907,3,,,0,30,,58897,3,,,0,70,,58882,3,,,0,30,,58903,3,,,0,70,,58905,3,,,0,30,,58887,3,,,0,71,,58908,3,,,0,30,,58896,3,,,0,70,,58881,3,,,0,30,,58891,3,,,0,70,,58901,3,,,0,30,,58886,3,,,0,70,,58909,3,,,0,30,,58895,3,,,0,70,,58880,3,,,0,30,,58890,3,,,0,70,,58900,3,,,0,30,,58885,3,,,0,70,,58910,3,,,0,30,,58894,3,,,0,70,,58879,3,,,0,30,,58889,3,,,0,70,,58899,3,,,0,30,,58883,3,,,0,70,,58911,3,,,0,30,,58892,3,,,0,70,,58878,3,,,0,30,,58884,3,,,0,70,,58898,3,,,0,30,,58893,3,,,0,70,,58912,3,,,0,30,,58906,3,,,0,70,,58904,3,,,0
1019,'1912',602,,58914,3,,,0,100,,58915,3,,,0,100,,58916,3,,,0,100,,58917,3,,,0,100,,58918,3,,,0,100,,58919,3,,,0,100,,58920,3,,,0,100,,58921,3,,,0,100,,58922,3,,,0,100,,58923,3,,,0,100,,58924,3,,,0,100,,58925,3,,,0,100,,58926,3,,,0,100,,58927,3,,,0,100,,58928,3,,,0,100,,58929,3,,,0,100,,58930,3,,,0,100,,58931,3,,,0
1019,'1924',602,,58932,3,,,0,100,,58933,3,,,0,100,,58934,3,,,0,100,,58935,3,,,0,100,,58936,3,,,0,100,,58937,3,,,0,100,,58938,3,,,0,100,,58939,3,,,0,100,,58940,3,,,0,100,,58941,3,,,0,100,,58942,3,,,0,100,,58943,3,,,0,100,,58944,3,,,0,100,,58945,3,,,0,100,,58946,3,,,0,100,,58947,3,,,0,100,,58948,3,,,0,100,,58949,3,,,0
1019,'1925',602,,58950,3,,,0,100,,58951,3,,,0,100,,58952,3,,,0,100,,58953,3,,,0,100,,58954,3,,,0,100,,58955,3,,,0,100,,58956,3,,,0,100,,58957,3,,,0,100,,58958,3,,,0,100,,58959,3,,,0,100,,58960,3,,,0,100,,58961,3,,,0,100,,58962,3,,,0,100,,58963,3,,,0,100,,58964,3,,,0,100,,58965,3,,,0,100,,58966,3,,,0,100,,58967,3,,,0
2019,'1907',647,,59137,12,,,0,70,,59114,12,,,0,30,,59118,12,,,0,70,,59130,12,,,0,30,,59125,12,,,0,70,,59115,12,,,0,30,,59119,12,,,0,70,,59131,12,,,0,30,,59126,12,,,0,70,,59116,12,,,0,30,,59120,12,,,0,70,,59132,12,,,0,30,,59127,12,,,0,70,,59117,12,,,0,30,,59121,12,,,0,70,,59133,12,,,0,30,,59128,12,,,0,70,,59112,12,,,0,30,,59122,12,,,0,70,,59134,12,,,0,30,,59129,12,,,0,70,,59110,12,,,0,30,,59123,12,,,0,70,,59135,12,,,0,100,,59111,12,,,0,100,,59136,12,,,0,100,,59113,12,,,0,100,,59124,12,,,0,99,,59138,12,,,0
2019,'1909',443,,59170,3,0,5 2 13 14,0,173,,59139,12,,,0,30,,59140,12,,,0,71,,59141,12,,,0,30,,59142,12,,,0,70,,59143,12,,,0,30,,59144,12,,,0,70,,59161,12,,,0,30,,59162,12,,,0,70,,59163,12,,,0,30,,59164,12,,,0,70,,59165,12,,,0,30,,59166,12,,,0,70,,59167,12,,,0,30,,59168,12,,,0,70,,59169,12,,,0,30,,59159,12,,,0,70,,59160,12,,,0,30,,59145,12,,,0,70,,59146,12,,,0,30,,59147,12,,,0,70,,59148,12,,,0,30,,59149,12,,,0,70,,59150,12,,,0,30,,59151,12,,,0,70,,59152,12,,,0,30,,59158,12,,,0,70,,59153,12,,,0,99,,59154,12,,,0,100,,59155,12,,,0,100,,59156,12,,,0,100,,59157,12,,,0
2019,'1910',616,,59171,3,,,0,30,,59178,12,,,0,70,,59187,12,,,0,30,,59194,12,,,0,70,,59172,12,,,0,30,,59179,12,,,0,70,,59188,12,,,0,30,,59195,12,,,0,71,,59173,12,,,0,30,,59180,12,,,0,70,,59189,12,,,0,30,,59196,12,,,0,70,,59174,12,,,0,30,,59181,12,,,0,70,,59190,12,,,0,30,,59197,12,,,0,70,,59175,12,,,0,30,,59182,12,,,0,70,,59191,12,,,0,30,,59198,12,,,0,70,,59176,12,,,0,30,,59183,12,,,0,70,,59192,12,,,0,30,,59199,12,,,0,70,,59177,12,,,0,30,,59184,12,,,0,70,,59193,12,,,0,100,,59185,12,,,0,100,,59200,12,,,0,100,,59186,12,,,0,100,,59201,12,,,0
2019,'1912',647,,59229,12,,,0,70,,59206,12,,,0,30,,59210,12,,,0,70,,59222,12,,,0,30,,59217,12,,,0,70,,59207,12,,,0,30,,59211,12,,,0,70,,59223,12,,,0,30,,59218,12,,,0,70,,59208,12,,,0,30,,59212,12,,,0,70,,59224,12,,,0,30,,59219,12,,,0,70,,59209,12,,,0,30,,59213,12,,,0,70,,59225,12,,,0,30,,59220,12,,,0,70,,59204,12,,,0,30,,59214,12,,,0,70,,59226,12,,,0,30,,59221,12,,,0,70,,59202,12,,,0,30,,59215,12,,,0,70,,59227,12,,,0,100,,59203,12,,,0,100,,59228,12,,,0,100,,59205,12,,,0,100,,59216,12,,,0,99,,59230,12,,,0
2019,'1924',647,,59258,12,,,0,70,,59235,12,,,0,30,,59239,12,,,0,70,,59251,12,,,0,30,,59246,12,,,0,70,,59236,12,,,0,30,,59240,12,,,0,70,,59252,12,,,0,30,,59247,12,,,0,70,,59237,12,,,0,30,,59241,12,,,0,70,,59253,12,,,0,30,,59248,12,,,0,70,,59238,12,,,0,30,,59242,12,,,0,70,,59254,12,,,0,30,,59249,12,,,0,70,,59233,12,,,0,30,,59243,12,,,0,70,,59255,12,,,0,30,,59250,12,,,0,70,,59231,12,,,0,30,,59244,12,,,0,70,,59256,12,,,0,100,,59232,12,,,0,100,,59257,12,,,0,100,,59234,12,,,0,100,,59245,12,,,0,99,,59259,12,,,0
2019,'1925',647,,59287,12,,,0,70,,59264,12,,,0,30,,59268,12,,,0,70,,59280,12,,,0,30,,59275,12,,,0,70,,59265,12,,,0,30,,59269,12,,,0,70,,59281,12,,,0,30,,59276,12,,,0,70,,59266,12,,,0,30,,59270,12,,,0,70,,59282,12,,,0,30,,59277,12,,,0,70,,59267,12,,,0,30,,59271,12,,,0,70,,59283,12,,,0,30,,59278,12,,,0,70,,59262,12,,,0,30,,59272,12,,,0,70,,59284,12,,,0,30,,59279,12,,,0,70,,59260,12,,,0,30,,59273,12,,,0,70,,59285,12,,,0,100,,59261,12,,,0,100,,59286,12,,,0,100,,59263,12,,,0,100,,59274,12,,,0,99,,59288,12,,,0
12019,'1909',626,,60120,3,,,0,31,,60122,3,,,0,70,,60116,3,,,0,30,,60123,3,,,0,70,,60124,3,,,0,30,,60121,3,0,5 2 12,0,70,,60111,3,0,5 2 12,0,30,,60112,3,0,5 2 12,0,70,,60102,3,0,5 2 12,0,30,,60103,3,0,5 2 12,0,70,,60104,3,0,5 2 12,0,30,,60105,3,0,5 2 12,0,70,,60106,3,0,5 2 12,0,30,,60107,3,0,5 2 12,0,70,,60108,3,0,5 2 12,0,30,,60109,3,0,5 2 12,0,70,,60110,3,,,0,30,,60119,3,,,0,70,,60115,3,,,0,30,,60117,3,,,0,70,,60114,3,,,0,30,,60118,3,,,0,70,,60113,3,,,0,30,,54874,3,,,0
32019,'1907',622,,60692,2,,,0,95,,60693,2,,,0,100,,60694,2,,,0,100,,60695,2,,,0,100,,60696,2,,,0,100,,60697,2,,,0,101,,60698,2,,,0,100,,60699,2,,,0,100,,60700,2,,,0,100,,60701,2,,,0,100,,60702,2,,,0,100,,60703,2,,,0,99,,60704,2,,,0,100,,60705,2,,,0,100,,60706,2,,,0,100,,60707,2,,,0,100,,60708,2,,,0,95,,60710,2,0,5 2 8 7,0
32019,'1909',622,,60719,2,,,0,26,,60735,2,,,0,69,,60714,2,,,0,31,,60730,2,,,0,70,,60740,2,,,0,30,,60724,2,,,0,69,,60722,2,,,0,30,,60734,2,,,0,70,,60712,2,,,0,30,,60728,2,,,0,70,,60739,2,,,0,30,,60726,2,,,0,70,,60721,2,,,0,30,,60733,2,,,0,70,,60715,2,,,0,30,,60727,2,,,0,67,,60738,2,,,0,27,,60725,2,,,0,70,,60718,2,,,0,30,,60732,2,,,0,70,,60711,2,,,0,30,,60729,2,,,0,73,,60737,2,,,0,33,,60723,2,,,0,70,,60720,2,,,0,30,,60731,2,,,0,70,,60716,2,,,0,100,,60736,2,,,0,100,,60717,2,,,0,100,,60713,2,,,0,95,,60745,2,0,5 2 8 7,0
32019,'1910',622,,60760,2,,,0,25,,60777,2,,,0,70,,60754,2,,,0,30,,60771,2,,,0,70,,60778,2,,,0,30,,60766,2,,,0,70,,60759,2,,,0,30,,60776,2,,,0,70,,60753,2,,,0,30,,60770,2,,,0,70,,60781,2,,,0,30,,60765,2,,,0,70,,60758,2,,,0,30,,60775,2,,,0,70,,60752,2,,,0,30,,60769,2,,,0,70,,60780,2,,,0,30,,60764,2,,,0,70,,60757,2,,,0,30,,60774,2,,,0,70,,60751,2,,,0,30,,60768,2,,,0,70,,60782,2,,,0,30,,60763,2,,,0,70,,60756,2,,,0,30,,60772,2,,,0,70,,60750,2,,,0,100,,60779,2,,,0,100,,60755,2,,,0,100,,60749,2,,,0,100,,60783,2,0,5 2 8 7,0
32019,'1912',622,,60786,2,,,0,95,,60787,2,,,0,100,,60788,2,,,0,100,,60789,2,,,0,100,,60790,2,,,0,100,,60791,2,,,0,101,,60792,2,,,0,100,,60793,2,,,0,100,,60794,2,,,0,100,,60795,2,,,0,100,,60796,2,,,0,100,,60797,2,,,0,99,,60798,2,,,0,100,,60799,2,,,0,100,,60800,2,,,0,100,,60801,2,,,0,100,,60802,2,,,0,95,,60804,2,0,5 2 8 7,0
32019,'1924',622,,60805,2,,,0,95,,60806,2,,,0,100,,60807,2,,,0,100,,60808,2,,,0,100,,60809,2,,,0,100,,60810,2,,,0,101,,60811,2,,,0,100,,60812,2,,,0,100,,60813,2,,,0,100,,60814,2,,,0,100,,60815,2,,,0,100,,60816,2,,,0,99,,60817,2,,,0,100,,60818,2,,,0,100,,60819,2,,,0,100,,60820,2,,,0,100,,60821,2,,,0,95,,60823,2,0,5 2 8 7,0
32019,'1925',622,,60824,2,,,0,95,,60825,2,,,0,100,,60826,2,,,0,100,,60827,2,,,0,100,,60828,2,,,0,100,,60829,2,,,0,101,,60830,2,,,0,100,,60831,2,,,0,100,,60832,2,,,0,100,,60833,2,,,0,100,,60834,2,,,0,100,,60835,2,,,0,99,,60836,2,,,0,100,,60837,2,,,0,100,,60838,2,,,0,100,,60839,2,,,0,100,,60840,2,,,0,95,,60842,2,0,5 2 8 7,0
14000001019,'1907',2411,,61782,19,,,0,30,,61781,19,,,0,70,,61780,19,,,0,30,,61783,19,,,0,70,,61784,19,,,0
14000001019,'1909',2411,,61788,19,,,0,30,,61785,19,,,0,70,,61786,19,,,0,30,,61787,19,,,0,70,,61789,19,,,0
14000001019,'1910',2411,,61793,19,,,0,30,,61790,19,,,0,70,,61792,19,,,0,30,,61791,19,,,0,70,,61794,19,,,0
14000001019,'1912',2411,,61797,19,,,0,30,,61796,19,,,0,70,,61795,19,,,0,30,,61798,19,,,0,70,,61799,19,,,0
14000001019,'1924',2411,,61802,19,,,0,30,,61801,19,,,0,70,,61800,19,,,0,30,,61803,19,,,0,70,,61804,19,,,0
14000001019,'1925',2411,,61807,19,,,0,30,,61806,19,,,0,70,,61805,19,,,0,30,,61808,19,,,0,70,,61809,19,,,0
