4019,'1907',745,,53591,1,,,0,70,,53592,1,,,0,30,,53589,1,,,0,70,,53593,1,,,0,30,,53590,1,,,0,70,,53574,1,,,0,30,,53578,1,,,0,70,,53582,1,,,0,30,,53585,1,,,0,70,,53570,1,,,0,30,,53573,1,,,0,70,,53577,1,,,0,30,,53581,1,,,0,70,,53583,1,,,0,30,,59487,1,,,0,70,,53572,1,,,0,30,,53576,1,,,0,70,,53580,1,,,0,30,,53584,1,,,0,70,,53568,1,,,0,30,,53571,1,,,0,70,,53575,1,,,0,30,,53579,1,,,0,70,,53588,1,,,0,30,,53594,1,,,0,70,,53586,1,,,0,30,,53595,1,,,0,70,,53587,1,,,0
4019,'1909',615,,59491,1,,,0,30,,53628,1,,,0,70,,53603,1,,,0,27,,53604,1,,,0,76,,53605,1,,,0,24,,53606,1,,,0,76,,53607,1,,,0,27,,53608,1,,,0,70,,53609,1,,,0,30,,53610,1,,,0,70,,53611,1,,,0,30,,53612,1,,,0,70,,53613,1,,,0,30,,59492,1,,,0,70,,53615,1,,,0,30,,53616,1,,,0,70,,53617,1,,,0,32,,53618,1,,,0,70,,53619,1,,,0,31,,53620,1,,,0,64,,53621,1,,,0,36,,53622,1,,,0,64,,53623,1,,,0,36,,53624,1,,,0,62,,53625,1,,,0,35,,53626,1,,,0,70,,59493,1,,,0,30,,59488,1,,,0,70,,59489,1,,,0,30,,53598,1,,,0,70,,59490,1,,,0,30,,53600,1,,,0,70,,53601,1,,,0
4019,'1910',645,,59504,1,,,0,70,,59495,1,,,0,30,,53630,1,,,0,70,,59497,1,,,0,30,,59502,1,,,0,70,,53646,1,,,0,30,,53634,1,,,0,70,,53656,1,,,0,30,,53633,1,,,0,70,,53653,1,,,0,30,,53648,1,,,0,70,,53641,1,,,0,30,,53654,1,,,0,70,,53657,1,,,0,30,,53632,1,,,0,70,,53643,1,,,0,30,,53631,1,,,0,70,,53637,1,,,0,30,,53655,1,,,0,70,,53652,1,,,0,30,,53649,1,,,0,70,,53638,1,,,0,30,,53658,1,,,0,70,,59503,1,,,0,30,,53629,1,,,0,70,,53644,1,,,0,30,,59498,1,,,0,70,,59501,1,,,0,30,,59494,1,,,0,70,,59499,1,,,0,30,,59496,1,,,0,70,,59500,1,,,0
4019,'1912',745,,53712,1,,,0,70,,53713,1,,,0,30,,53710,1,,,0,70,,53714,1,,,0,30,,53711,1,,,0,70,,53695,1,,,0,30,,53699,1,,,0,70,,53703,1,,,0,30,,53706,1,,,0,70,,53691,1,,,0,30,,53694,1,,,0,70,,53698,1,,,0,30,,53702,1,,,0,70,,53704,1,,,0,30,,59505,1,,,0,70,,53693,1,,,0,30,,53697,1,,,0,70,,53701,1,,,0,30,,53705,1,,,0,70,,53689,1,,,0,30,,53692,1,,,0,70,,53696,1,,,0,30,,53700,1,,,0,70,,53709,1,,,0,30,,53715,1,,,0,70,,53707,1,,,0,30,,53716,1,,,0,70,,53708,1,,,0
4019,'1924',745,,53684,1,,,0,70,,53685,1,,,0,30,,53682,1,,,0,70,,53686,1,,,0,30,,53683,1,,,0,70,,53667,1,,,0,30,,53671,1,,,0,70,,53675,1,,,0,30,,53678,1,,,0,70,,53663,1,,,0,30,,53666,1,,,0,70,,53670,1,,,0,30,,53674,1,,,0,70,,53676,1,,,0,30,,59506,1,,,0,70,,53665,1,,,0,30,,53669,1,,,0,70,,53673,1,,,0,30,,53677,1,,,0,70,,53661,1,,,0,30,,53664,1,,,0,70,,53668,1,,,0,30,,53672,1,,,0,70,,53681,1,,,0,30,,53687,1,,,0,70,,53679,1,,,0,30,,53688,1,,,0,70,,53680,1,,,0
4019,'1925',745,,59530,1,,,0,70,,59531,1,,,0,30,,59528,1,,,0,70,,59532,1,,,0,30,,59529,1,,,0,70,,59513,1,,,0,30,,59517,1,,,0,70,,59521,1,,,0,30,,59524,1,,,0,70,,59509,1,,,0,30,,59512,1,,,0,70,,59516,1,,,0,30,,59520,1,,,0,70,,59522,1,,,0,30,,59508,1,,,0,70,,59511,1,,,0,30,,59515,1,,,0,70,,59519,1,,,0,30,,59523,1,,,0,70,,59507,1,,,0,30,,59510,1,,,0,70,,59514,1,,,0,30,,59518,1,,,0,70,,59527,1,,,0,30,,59533,1,,,0,70,,59525,1,,,0,30,,59534,1,,,0,70,,59526,1,,,0
4029,'1907',740,,53738,18,4,,0,70,,53740,18,4,,0,30,,53736,18,4,,0,71,,53739,18,4,,0,32,,53737,18,4,,0,869,,53744,18,4,,0,30,,53743,18,4,,0,71,,53745,18,4,,0,30,,53742,18,4,,0,70,,53735,18,4,,0,30,,53741,18,4,,0,70,,53733,18,4,,0,100,,53734,18,4,,0
4029,'1909',1945,,59545,18,4,,0,70,,59546,18,4,,0,29,,53774,18,4,,0,70,,59547,18,4,,0,30,,53776,18,4,,0,70,,53777,18,4,,0
4029,'1910',1944,,59554,18,4,,0,70,,59549,18,4,,0,29,,59555,18,4,,0,70,,59560,18,4,,0,30,,59570,18,4,,0,70,,59558,18,4,,0
4029,'1912',740,,53860,18,4,,0,70,,53862,18,4,,0,30,,53858,18,4,,0,71,,53861,18,4,,0,32,,53859,18,4,,0,869,,53866,18,4,,0,30,,53865,18,4,,0,71,,53867,18,4,,0,30,,53864,18,4,,0,70,,53857,18,4,,0,30,,53863,18,4,,0,70,,53855,18,4,,0,100,,53856,18,4,,0
4029,'1924',740,,53831,18,4,,0,70,,53833,18,4,,0,30,,53829,18,4,,0,71,,53832,18,4,,0,32,,53830,18,4,,0,869,,53837,18,4,,0,30,,53836,18,4,,0,71,,53838,18,4,,0,30,,53835,18,4,,0,70,,53828,18,4,,0,30,,53834,18,4,,0,70,,53826,18,4,,0,100,,53827,18,4,,0
4029,'1925',740,,59599,18,4,,0,70,,59601,18,4,,0,30,,59597,18,4,,0,71,,59600,18,4,,0,32,,59598,18,4,,0,869,,59605,18,4,,0,30,,59604,18,4,,0,71,,59606,18,4,,0,30,,59603,18,4,,0,70,,59596,18,4,,0,30,,59602,18,4,,0,70,,59594,18,4,,0,100,,59595,18,4,,0
502019,'1907',630,,56664,16,4,,0,28,,56646,16,4,,0,65,,56655,16,4,,0,30,,56680,16,4,,0,71,,56660,16,4,,0,30,,56679,16,4,,0,71,,56658,16,4,,0,30,,56678,16,4,,0,70,,56647,16,4,,0,30,,56677,16,4,,0,55,,56689,16,4,,0,15,,56648,16,4,,0,15,,56691,16,4,,0,15,,56676,16,4,,0,56,,56694,16,4,,0,17,,61132,16,4,,0,15,,56683,16,4,,0,15,,56675,16,4,,0,55,,56686,16,4,,0,15,,56650,16,4,,0,15,,56688,16,4,,0,15,,56674,16,4,,0,55,,56692,16,4,,0,15,,56651,16,4,,0,15,,61133,16,4,,0,15,,56673,16,4,,0,55,,56682,16,4,,0,15,,56652,16,4,,0,15,,56685,16,4,,0,15,,56672,16,4,,0,55,,56687,16,4,,0,15,,56653,16,4,,0,14,,56690,16,4,,0,15,,56671,16,4,,0,55,,56695,16,4,,0,15,,56654,16,4,,0,15,,56681,16,4,,0,15,,56670,16,4,,0,54,,56684,16,4,,0,15,,56663,16,4,,0,29,,56669,16,4,,0,70,,56661,16,4,,0,30,,56668,16,4,,0,70,,56656,16,4,,0,30,,56667,16,4,,0,70,,56657,16,4,,0,30,,56665,16,4,,0,68,,56662,16,4,,0,30,,56666,16,4,,0,70,,56659,16,4,,0
502019,'1909',557,,61134,16,4,,0,55,,61135,16,4,,0,15,,56698,16,4,,0,16,,56699,16,4,,0,7,,56700,16,4,,0,8,,61136,16,4,,0,57,,56702,16,4,,0,13,,56703,16,4,,0,13,,56704,16,4,,0,12,,56705,16,4,,0,6,,56706,16,4,,0,46,,61137,16,4,,0,12,,56708,16,4,,0,6,,56709,16,4,,0,6,,56710,16,4,,0,12,,56711,16,4,,0,12,,56712,16,4,,0,52,,56713,16,4,,0,10,,56714,16,4,,0,14,,56715,16,4,,0,14,,56716,16,4,,0,15,,56717,16,4,,0,55,,56718,16,4,,0,15,,56719,16,4,,0,15,,56720,16,4,,0,15,,61138,16,4,,0,55,,56722,16,4,,0,16,,56723,16,4,,0,15,,56724,16,4,,0,15,,61139,16,4,,0,55,,56726,16,4,,0,15,,56727,16,4,,0,15,,61140,16,4,,0,15,,56729,16,4,,0,55,,56730,16,4,,0,15,,56731,16,4,,0,15,,56732,16,4,,0,15,,61141,16,4,,0,55,,56734,16,4,,0,15,,56735,16,4,,0,15,,56736,16,4,,0,15,,56737,16,4,,0,57,,56738,16,4,,0,15,,56739,16,4,,0,15,,56740,16,4,,0,12,,56741,16,4,,0,52,,56742,16,4,,0,12,,56743,16,4,,0,11,,56744,16,4,,0,12,,56745,16,4,,0,12,,56746,16,4,,0,52,,56747,16,4,,0,12,,56748,16,4,,0,12,,56749,16,4,,0,11,,56750,16,4,,0,11,,56751,16,4,,0,52,,56752,16,4,,0,11,,56753,16,4,,0,12,,56754,16,4,,0,12,,56755,16,4,,0,15,,56756,16,4,,0,55,,61142,16,4,,0,14,,56757,16,4,,0,30,,56758,16,4,,0,70,,56759,16,4,,0,30,,56760,16,4,,0,70,,56761,16,4,,0,30,,56762,16,4,,0,70,,56763,16,4,,0,30,,56764,16,4,,0,70,,56765,16,4,,0
502019,'1910',628,,56774,16,4,,0,15,,61171,16,4,,0,15,,56781,16,4,,0,70,,61149,16,4,,0,30,,56782,16,4,,0,65,,61148,16,4,,0,30,,61152,16,4,,0,72,,61147,16,4,,0,30,,61153,16,4,,0,56,,56785,16,4,,0,17,,61163,16,4,,0,15,,56794,16,4,,0,15,,61155,16,4,,0,55,,56786,16,4,,0,15,,61164,16,4,,0,15,,56795,16,4,,0,15,,61156,16,4,,0,55,,56787,16,4,,0,15,,61165,16,4,,0,15,,56796,16,4,,0,15,,61157,16,4,,0,55,,56788,16,4,,0,15,,61166,16,4,,0,15,,56797,16,4,,0,15,,61158,16,4,,0,55,,56789,16,4,,0,15,,61167,16,4,,0,15,,56798,16,4,,0,15,,61159,16,4,,0,55,,56790,16,4,,0,15,,61168,16,4,,0,15,,56799,16,4,,0,15,,61160,16,4,,0,55,,56791,16,4,,0,15,,61169,16,4,,0,15,,56800,16,4,,0,15,,61161,16,4,,0,55,,56792,16,4,,0,15,,61170,16,4,,0,15,,56801,16,4,,0,15,,61150,16,4,,0,55,,61154,16,4,,0,15,,61162,16,4,,0,15,,56802,16,4,,0,15,,56777,16,4,,0,55,,56819,16,4,,0,14,,61172,16,4,,0,30,,56778,16,4,,0,68,,61146,16,4,,0,30,,56779,16,4,,0,70,,61145,16,4,,0,30,,56775,16,4,,0,68,,61144,16,4,,0,30,,61151,16,4,,0,70,,61143,16,4,,0
502019,'1912',630,,56890,16,4,,0,28,,56872,16,4,,0,65,,56881,16,4,,0,30,,56906,16,4,,0,71,,56886,16,4,,0,30,,56905,16,4,,0,71,,56884,16,4,,0,30,,56904,16,4,,0,70,,56873,16,4,,0,30,,56903,16,4,,0,55,,56915,16,4,,0,15,,56874,16,4,,0,15,,56917,16,4,,0,15,,56902,16,4,,0,56,,56920,16,4,,0,17,,61173,16,4,,0,15,,56909,16,4,,0,15,,56901,16,4,,0,55,,56912,16,4,,0,15,,56876,16,4,,0,15,,56914,16,4,,0,15,,56900,16,4,,0,55,,56918,16,4,,0,15,,56877,16,4,,0,15,,61174,16,4,,0,15,,56899,16,4,,0,55,,56908,16,4,,0,15,,56878,16,4,,0,15,,56911,16,4,,0,15,,56898,16,4,,0,55,,56913,16,4,,0,15,,56879,16,4,,0,14,,56916,16,4,,0,15,,56897,16,4,,0,55,,56921,16,4,,0,15,,56880,16,4,,0,15,,56907,16,4,,0,15,,56896,16,4,,0,54,,56910,16,4,,0,15,,56889,16,4,,0,29,,56895,16,4,,0,70,,56887,16,4,,0,30,,56894,16,4,,0,70,,56882,16,4,,0,30,,56893,16,4,,0,70,,56883,16,4,,0,30,,56891,16,4,,0,68,,56888,16,4,,0,30,,56892,16,4,,0,70,,56885,16,4,,0
502019,'1924',630,,56840,16,4,,0,28,,56822,16,4,,0,65,,56831,16,4,,0,30,,56856,16,4,,0,71,,56836,16,4,,0,30,,56855,16,4,,0,71,,56834,16,4,,0,30,,56854,16,4,,0,70,,56823,16,4,,0,30,,56853,16,4,,0,55,,56865,16,4,,0,15,,56824,16,4,,0,15,,56867,16,4,,0,15,,56852,16,4,,0,56,,56870,16,4,,0,17,,61175,16,4,,0,15,,56859,16,4,,0,15,,56851,16,4,,0,55,,56862,16,4,,0,15,,56826,16,4,,0,15,,56864,16,4,,0,15,,56850,16,4,,0,55,,56868,16,4,,0,15,,56827,16,4,,0,15,,61176,16,4,,0,15,,56849,16,4,,0,55,,56858,16,4,,0,15,,56828,16,4,,0,15,,56861,16,4,,0,15,,56848,16,4,,0,55,,56863,16,4,,0,15,,56829,16,4,,0,14,,56866,16,4,,0,15,,56847,16,4,,0,55,,56871,16,4,,0,15,,56830,16,4,,0,15,,56857,16,4,,0,15,,56846,16,4,,0,54,,56860,16,4,,0,15,,56839,16,4,,0,29,,56845,16,4,,0,70,,56837,16,4,,0,30,,56844,16,4,,0,70,,56832,16,4,,0,30,,56843,16,4,,0,70,,56833,16,4,,0,30,,56841,16,4,,0,68,,56838,16,4,,0,30,,56842,16,4,,0,70,,56835,16,4,,0
502019,'1925',630,,61195,16,4,,0,28,,61177,16,4,,0,65,,61186,16,4,,0,30,,61211,16,4,,0,71,,61191,16,4,,0,30,,61210,16,4,,0,71,,61189,16,4,,0,30,,61209,16,4,,0,70,,61178,16,4,,0,30,,61208,16,4,,0,55,,61220,16,4,,0,15,,61179,16,4,,0,15,,61222,16,4,,0,15,,61207,16,4,,0,56,,61225,16,4,,0,17,,61180,16,4,,0,15,,61214,16,4,,0,15,,61206,16,4,,0,55,,61217,16,4,,0,15,,61181,16,4,,0,15,,61219,16,4,,0,15,,61205,16,4,,0,55,,61223,16,4,,0,15,,61182,16,4,,0,15,,61224,16,4,,0,15,,61204,16,4,,0,55,,61213,16,4,,0,15,,61183,16,4,,0,15,,61216,16,4,,0,15,,61203,16,4,,0,55,,61218,16,4,,0,15,,61184,16,4,,0,14,,61221,16,4,,0,15,,61202,16,4,,0,55,,61226,16,4,,0,15,,61185,16,4,,0,15,,61212,16,4,,0,15,,61201,16,4,,0,54,,61215,16,4,,0,15,,61194,16,4,,0,29,,61200,16,4,,0,70,,61192,16,4,,0,30,,61199,16,4,,0,70,,61187,16,4,,0,30,,61198,16,4,,0,70,,61188,16,4,,0,30,,61196,16,4,,0,68,,61193,16,4,,0,30,,61197,16,4,,0,70,,61190,16,4,,0
502029,'1907',630,,56936,1,,,0,70,,56922,1,,,0,30,,56939,1,,,0,70,,56953,1,,,0,30,,56933,1,,,0,70,,56952,1,,,0,30,,56935,1,,,0,70,,56951,1,,,0,30,,56930,1,,,0,70,,56950,1,,,0,30,,56925,1,,,0,70,,56949,1,,,0,30,,61227,1,,,0,70,,56947,1,,,0,30,,56926,1,,,0,70,,56948,1,,,0,30,,56929,1,,,0,70,,56946,1,,,0,30,,56923,1,,,0,70,,56945,1,,,0,30,,56927,1,,,0,70,,56944,1,,,0,30,,56924,1,,,0,70,,56943,1,,,0,30,,56937,1,,,0,70,,56942,1,,,0,30,,56938,1,,,0,70,,56941,1,,,0,30,,56931,1,,,0,70,,56954,1,,,0,30,,56940,1,,,0,70,,56955,1,,,0,30,,56934,1,,,0,70,,56956,1,,,0,30,,56932,1,,,0
502029,'1909',600,,61228,1,,,0,30,,56958,1,,,0,25,,56998,1,,,0,50,,61229,1,,,0,25,,56960,1,,,0,24,,56961,1,,,0,52,,61230,1,,,0,24,,56963,1,,,0,24,,56964,1,,,0,52,,56965,1,,,0,24,,56966,1,,,0,70,,56967,1,,,0,30,,56968,1,,,0,70,,61231,1,,,0,30,,56970,1,,,0,70,,61232,1,,,0,30,,56972,1,,,0,70,,56973,1,,,0,30,,56974,1,,,0,70,,61233,1,,,0,32,,56976,1,,,0,70,,56977,1,,,0,30,,56978,1,,,0,68,,56979,1,,,0,24,,56980,1,,,0,12,,56981,1,,,0,64,,56982,1,,,0,6,,56999,1,,,0,18,,56983,1,,,0,12,,56984,1,,,0,64,,56985,1,,,0,22,,56986,1,,,0,12,,56987,1,,,0,66,,56988,1,,,0,30,,56989,1,,,0,70,,56990,1,,,0,30,,56991,1,,,0,70,,56992,1,,,0,30,,56993,1,,,0,70,,56994,1,,,0,30,,56995,1,,,0,70,,56996,1,,,0,30,,56997,1,,,0
502029,'1910',630,,57007,1,,,0,70,,57014,1,,,0,30,,61240,1,,,0,70,,57015,1,,,0,30,,61239,1,,,0,70,,61243,1,,,0,30,,61238,1,,,0,70,,61244,1,,,0,30,,61252,1,,,0,70,,61245,1,,,0,30,,61253,1,,,0,70,,61246,1,,,0,30,,61254,1,,,0,70,,61247,1,,,0,30,,61255,1,,,0,70,,61248,1,,,0,30,,61256,1,,,0,70,,61249,1,,,0,30,,61257,1,,,0,70,,61250,1,,,0,30,,61258,1,,,0,70,,61251,1,,,0,30,,61259,1,,,0,70,,61241,1,,,0,30,,61260,1,,,0,70,,57010,1,,,0,30,,61261,1,,,0,70,,57009,1,,,0,30,,61237,1,,,0,70,,57011,1,,,0,30,,61236,1,,,0,70,,57012,1,,,0,30,,61235,1,,,0,70,,61242,1,,,0,30,,61234,1,,,0
502029,'1912',630,,57084,1,,,0,70,,57070,1,,,0,30,,57087,1,,,0,70,,57101,1,,,0,30,,57081,1,,,0,70,,57100,1,,,0,30,,57083,1,,,0,70,,57099,1,,,0,30,,57078,1,,,0,70,,57098,1,,,0,30,,57073,1,,,0,70,,57097,1,,,0,30,,61262,1,,,0,70,,57095,1,,,0,30,,57074,1,,,0,70,,57096,1,,,0,30,,57077,1,,,0,70,,57094,1,,,0,30,,57071,1,,,0,70,,57093,1,,,0,30,,57075,1,,,0,70,,57092,1,,,0,30,,57072,1,,,0,70,,57091,1,,,0,30,,57085,1,,,0,70,,57090,1,,,0,30,,57086,1,,,0,70,,57089,1,,,0,30,,57079,1,,,0,70,,57102,1,,,0,30,,57088,1,,,0,70,,57103,1,,,0,30,,57082,1,,,0,70,,57104,1,,,0,30,,57080,1,,,0
502029,'1924',630,,57049,1,,,0,70,,57035,1,,,0,30,,57052,1,,,0,70,,57066,1,,,0,30,,57046,1,,,0,70,,57065,1,,,0,30,,57048,1,,,0,70,,57064,1,,,0,30,,57043,1,,,0,70,,57063,1,,,0,30,,57038,1,,,0,70,,57062,1,,,0,30,,61263,1,,,0,70,,57060,1,,,0,30,,57039,1,,,0,70,,57061,1,,,0,30,,57042,1,,,0,70,,57059,1,,,0,30,,57036,1,,,0,70,,57058,1,,,0,30,,57040,1,,,0,70,,57057,1,,,0,30,,57037,1,,,0,70,,57056,1,,,0,30,,57050,1,,,0,70,,57055,1,,,0,30,,57051,1,,,0,70,,57054,1,,,0,30,,57044,1,,,0,70,,57067,1,,,0,30,,57053,1,,,0,70,,57068,1,,,0,30,,57047,1,,,0,70,,57069,1,,,0,30,,57045,1,,,0
502029,'1925',630,,61278,1,,,0,70,,61264,1,,,0,30,,61281,1,,,0,70,,61295,1,,,0,30,,61275,1,,,0,70,,61294,1,,,0,30,,61277,1,,,0,70,,61293,1,,,0,30,,61272,1,,,0,70,,61292,1,,,0,30,,61267,1,,,0,70,,61291,1,,,0,30,,61270,1,,,0,70,,61289,1,,,0,30,,61268,1,,,0,70,,61290,1,,,0,30,,61271,1,,,0,70,,61288,1,,,0,30,,61265,1,,,0,70,,61287,1,,,0,30,,61269,1,,,0,70,,61286,1,,,0,30,,61266,1,,,0,70,,61285,1,,,0,30,,61279,1,,,0,70,,61284,1,,,0,30,,61280,1,,,0,70,,61283,1,,,0,30,,61273,1,,,0,70,,61296,1,,,0,30,,61282,1,,,0,70,,61297,1,,,0,30,,61276,1,,,0,70,,61298,1,,,0,30,,61274,1,,,0
701019,'1909',1705,,57627,9,4,,0
14000001019,'1907',2423,,61782,33,,,0,30,,61781,33,,,0,70,,61780,33,,,0,30,,61783,33,,,0,70,,61784,33,,,0
14000001019,'1909',2423,,61788,33,,,0,30,,61785,33,,,0,70,,61786,33,,,0,30,,61787,33,,,0,70,,61789,33,,,0
14000001019,'1910',2423,,61793,33,,,0,30,,61790,33,,,0,70,,61792,33,,,0,30,,61791,33,,,0,70,,61794,33,,,0
14000001019,'1912',2423,,61797,33,,,0,30,,61796,33,,,0,70,,61795,33,,,0,30,,61798,33,,,0,70,,61799,33,,,0
14000001019,'1924',2423,,61802,33,,,0,30,,61801,33,,,0,70,,61800,33,,,0,30,,61803,33,,,0,70,,61804,33,,,0
14000001019,'1925',2423,,61807,33,,,0,30,,61806,33,,,0,70,,61805,33,,,0,30,,61808,33,,,0,70,,61809,33,,,0
