1029,'1907',616,,53126,36,,,0,100,,53127,36,,,0,100,,53128,36,,,0,100,,53129,36,,,0,100,,53130,36,,,0,100,,53131,36,,,0,100,,53132,36,,,0,100,,53133,36,,,0,100,,53134,36,,,0,100,,53135,36,,,0,100,,53136,36,,,0,100,,53137,36,,,0,100,,53138,36,,,0,100,,53139,36,,,0,100,,53140,36,,,0,100,,53141,36,,,0,101,,53142,36,,,0,94,,53143,36,,,0
1029,'1909',616,,53153,36,,,0,35,,53154,36,,,0,71,,53174,36,,,0,30,,53150,36,,,0,70,,53145,36,,,0,30,,53178,36,,,0,70,,53148,36,,,0,30,,53155,36,,,0,70,,53173,36,,,0,30,,53152,36,,,0,70,,53144,36,,,0,30,,53177,36,,,0,70,,53149,36,,,0,30,,53156,36,,,0,70,,53172,36,,,0,30,,53151,36,,,0,70,,53146,36,,,0,30,,53175,36,,,0,72,,53147,36,,,0,30,,53157,36,,,0,70,,53171,36,,,0,30,,53160,36,,,0,70,,53159,36,,,0,28,,53158,36,,,0,65,,53164,36,,,0,30,,53163,36,,,0,70,,53162,36,,,0,30,,53161,36,,,0,69,,53176,36,,,0,30,,53170,36,,,0,70,,53169,36,,,0,30,,53168,36,,,0,70,,53167,36,,,0,30,,53166,36,,,0,65,,53165,36,,,0
1029,'1910',616,,53184,36,,,0,30,,53196,36,,,0,70,,53203,36,,,0,30,,53191,36,,,0,70,,53212,36,,,0,30,,53200,36,,,0,71,,53183,36,,,0,29,,53195,36,,,0,70,,53206,36,,,0,30,,53190,36,,,0,70,,53213,36,,,0,30,,53199,36,,,0,70,,53182,36,,,0,30,,53194,36,,,0,70,,53205,36,,,0,30,,53189,36,,,0,70,,53185,36,,,0,30,,53198,36,,,0,70,,53181,36,,,0,30,,53193,36,,,0,70,,53201,36,,,0,30,,53188,36,,,0,70,,53210,36,,,0,30,,53197,36,,,0,69,,53180,36,,,0,31,,53192,36,,,0,70,,53204,36,,,0,30,,53186,36,,,0,70,,53208,36,,,0,30,,53207,36,,,0,70,,53179,36,,,0,30,,53187,36,,,0,70,,53202,36,,,0,30,,53211,36,,,0,70,,53209,36,,,0
1029,'1911',616,,53214,36,,,0,100,,53215,36,,,0,100,,53216,36,,,0,100,,53217,36,,,0,100,,53218,36,,,0,100,,53219,36,,,0,100,,53220,36,,,0,100,,53221,36,,,0,100,,53222,36,,,0,100,,53223,36,,,0,100,,53224,36,,,0,100,,53225,36,,,0,100,,53226,36,,,0,100,,53227,36,,,0,100,,53228,36,,,0,100,,53229,36,,,0,101,,53230,36,,,0,94,,53231,36,,,0
1029,'1912',616,,53232,36,,,0,100,,53233,36,,,0,100,,53234,36,,,0,100,,53235,36,,,0,100,,53236,36,,,0,100,,53237,36,,,0,100,,53238,36,,,0,100,,53239,36,,,0,100,,53240,36,,,0,100,,53241,36,,,0,100,,53242,36,,,0,100,,53243,36,,,0,100,,53244,36,,,0,100,,53245,36,,,0,100,,53246,36,,,0,100,,53247,36,,,0,101,,53248,36,,,0,94,,53249,36,,,0
2029,'1907',631,,53401,33,,,0,69,,53409,33,,,0,31,,53420,33,,,0,70,,53415,33,,,0,30,,53402,33,,,0,70,,53410,33,,,0,30,,53421,33,,,0,70,,53416,33,,,0,30,,53403,33,,,0,70,,53411,33,,,0,30,,53422,33,,,0,70,,53417,33,,,0,30,,53404,33,,,0,70,,53412,33,,,0,30,,53423,33,,,0,70,,53418,33,,,0,30,,53405,33,,,0,70,,53413,33,,,0,30,,53424,33,,,0,70,,53419,33,,,0,30,,53406,33,,,0,70,,53414,33,,,0,30,,53425,33,,,0,100,,53407,33,,,0,99,,53426,33,,,0,100,,53408,33,,,0,101,,53427,33,,,0,100,,53400,33,,,0
2029,'1909',536,,53450,18,,,0,65,,53433,33,,,0,30,,53434,33,,,0,71,,53435,33,,,0,28,,53436,33,,,0,72,,53437,33,,,0,30,,53438,33,,,0,70,,53439,33,,,0,30,,53440,33,,,0,70,,53441,33,,,0,30,,53464,33,,,0,70,,53460,33,,,0,30,,53466,33,,,0,70,,53462,33,,,0,30,,53463,33,,,0,70,,53459,33,,,0,30,,53465,33,,,0,70,,53461,33,,,0,30,,53467,33,,,0,71,,53442,33,,,0,34,,53443,33,,,0,70,,53444,33,,,0,30,,53445,33,,,0,70,,53446,33,,,0,30,,53447,33,,,0,65,,53448,33,,,0,29,,53449,33,,,0,70,,53453,33,,,0,30,,53454,33,,,0,100,,53455,33,,,0,100,,53456,33,,,0,100,,53452,33,,,0
2029,'1910',601,,53499,33,0,5 2 15 16 17,0,30,,53482,33,,,0,69,,53489,33,,,0,31,,53468,33,,,0,70,,53474,33,,,0,30,,53483,33,,,0,70,,53490,33,,,0,30,,53469,33,,,0,70,,53475,33,,,0,30,,53484,33,,,0,70,,53491,33,,,0,30,,53470,33,,,0,70,,53476,33,,,0,30,,53485,33,,,0,70,,53492,33,,,0,30,,53471,33,,,0,70,,53477,33,,,0,30,,53486,33,,,0,70,,53493,33,,,0,30,,53472,33,,,0,70,,53478,33,,,0,30,,53487,33,,,0,70,,53494,33,,,0,30,,53473,33,,,0,70,,53479,33,,,0,30,,53488,33,,,0,70,,53495,33,,,0,30,,53480,33,,,0,100,,53496,33,,,0,100,,53481,33,,,0,100,,53497,33,,,0
2029,'1911',631,,53503,33,,,0,69,,53511,33,,,0,31,,53522,33,,,0,70,,53517,33,,,0,30,,53504,33,,,0,70,,53512,33,,,0,30,,53523,33,,,0,70,,53518,33,,,0,30,,53505,33,,,0,70,,53513,33,,,0,30,,53524,33,,,0,70,,53519,33,,,0,30,,53506,33,,,0,70,,53514,33,,,0,30,,53525,33,,,0,70,,53520,33,,,0,30,,53507,33,,,0,70,,53515,33,,,0,30,,53526,33,,,0,70,,53521,33,,,0,30,,53508,33,,,0,70,,53516,33,,,0,30,,53527,33,,,0,100,,53509,33,,,0,99,,53528,33,,,0,100,,53510,33,,,0,101,,53529,33,,,0,100,,53502,33,,,0
2029,'1912',631,,53536,33,,,0,69,,53544,33,,,0,31,,53555,33,,,0,70,,53550,33,,,0,30,,53537,33,,,0,70,,53545,33,,,0,30,,53556,33,,,0,70,,53551,33,,,0,30,,53538,33,,,0,70,,53546,33,,,0,30,,53557,33,,,0,70,,53552,33,,,0,30,,53539,33,,,0,70,,53547,33,,,0,30,,53558,33,,,0,70,,53553,33,,,0,30,,53540,33,,,0,70,,53548,33,,,0,30,,53559,33,,,0,70,,53554,33,,,0,30,,53541,33,,,0,70,,53549,33,,,0,30,,53560,33,,,0,100,,53542,33,,,0,99,,53561,33,,,0,100,,53543,33,,,0,101,,53562,33,,,0,100,,53535,33,,,0
12029,'1909',641,,54902,12,,,0,70,,54899,12,,,0,30,,54892,12,,,0,69,,54900,12,,,0,31,,54893,12,,,0,71,,54879,3,,,0,30,,54880,3,,,0,70,,54881,3,,,0,30,,54882,3,,,0,70,,54883,3,,,0,30,,54884,3,,,0,70,,54885,3,,,0,30,,54886,3,,,0,70,,54887,3,,,0,30,,54888,3,,,0,70,,54889,3,,,0,29,,54895,12,,,0,71,,54898,12,,,0,30,,54890,12,,,0,70,,54897,12,,,0,30,,54891,12,,,0,70,,54901,12,,,0,30,,54894,12,,,0,70,,54896,12,,,0
14000001029,'1907',542,,58794,17,0,18 7,0,1811,,58788,17,,,0,69,,58792,17,,,0,30,,58793,17,,,0,70,,58790,17,,,0,30,,58791,17,,,0,70,,58789,17,,,0
14000001029,'1909',440,,58795,17,0,18 7,0,102,,58796,17,0,18 7,0,1811,,58798,17,,,0,69,,58799,17,,,0,30,,58802,17,,,0,70,,58797,17,,,0,30,,58800,17,,,0,70,,58801,17,,,0
14000001029,'1910',542,,58807,17,0,18 7,0,1811,,58809,17,,,0,69,,58804,17,,,0,30,,58803,17,,,0,70,,58805,17,,,0,30,,58808,17,,,0,70,,58806,17,,,0
14000001029,'1911',542,,58816,17,0,18 7,0,1811,,58810,17,,,0,69,,58814,17,,,0,30,,58815,17,,,0,70,,58812,17,,,0,30,,58813,17,,,0,70,,58811,17,,,0
14000001029,'1912',542,,58823,17,0,18 7,0,1811,,58817,17,,,0,69,,58821,17,,,0,30,,58822,17,,,0,70,,58819,17,,,0,30,,58820,17,,,0,70,,58818,17,,,0
