7019,'1907',550,,54127,5,,,0,70,,59739,5,,,0,30,,59740,5,,,0,68,,54112,5,,,0,30,,59729,24,,,0,71,,54125,9,,,0,30,,59730,24,,,0,73,,54117,9,,,0,27,,59738,24,,,0,73,,54124,9,,,0,28,,59731,24,,,0,72,,54116,9,,,0,28,,59732,24,,,0,72,,54123,9,,,0,28,,59733,24,,,0,73,,54115,9,,,0,27,,59734,24,,,0,73,,54122,9,,,0,28,,59735,24,,,0,73,,54114,9,,,0,27,,59736,24,,,0,73,,54121,9,,,0,26,,59737,24,,,0,73,,54113,9,,,0,27,,59725,24,,,0,72,,54120,9,,,0,27,,59726,24,,,0,72,,54118,9,,,0,27,,59724,24,,,0,72,,54119,9,,,0,28,,59728,24,,,0,72,,54126,9,,,0,28,,59727,24,,,0,70,,54129,5,,,0,30,,54128,5,,,0
7019,'1909',512,,59755,5,,,0,36,,54158,24,,,0,72,,54130,5,,,0,31,,54157,24,,,0,71,,59751,24,,,0,32,,54156,24,,,0,72,,59750,24,,,0,27,,54154,24,,,0,70,,59749,24,,,0,30,,54152,24,,,0,70,,54153,24,,,0,30,,54151,24,,,0,70,,54149,24,,,0,30,,54163,24,,,0,70,,59754,24,,,0,30,,59753,24,,,0,70,,59752,24,,,0,30,,54141,24,,,0,71,,59748,24,,,0,34,,59743,24,,,0,51,,59756,9,,,0,22,,54139,24,,,0,13,,54165,5,,,0,13,,54147,24,,,0,70,,59747,24,,,0,30,,59746,24,,,0,68,,54138,24,,,0,28,,54137,24,,,0,70,,54136,24,,,0,30,,59745,24,,,0,69,,59744,24,,,0,28,,54135,24,,,0,70,,54142,24,,,0,30,,59742,24,,,0,69,,54131,5,,,0,29,,54132,24,,,0,70,,59757,9,,,0,29,,59741,24,,,0,100,,54168,24,,,0
7019,'1910',620,,54200,5,,,0,28,,59761,24,,,0,70,,59760,24,,,0,30,,54182,24,,,0,70,,54175,24,,,0,32,,54183,24,,,0,70,,54176,24,,,0,30,,59762,24,,,0,71,,54177,24,,,0,30,,54185,24,,,0,70,,54178,24,,,0,30,,54186,24,,,0,70,,54179,24,,,0,30,,59763,24,,,0,70,,54180,24,,,0,30,,59764,24,,,0,70,,54193,24,,,0,30,,54189,24,,,0,70,,54195,24,,,0,30,,54190,24,,,0,70,,54194,24,,,0,30,,54191,24,,,0,70,,54196,24,,,0,30,,54192,24,,,0,70,,54199,24,,,0,29,,54169,24,,,0,69,,54197,24,,,0,30,,59758,24,,,0,68,,54198,24,,,0,30,,54171,24,,,0,70,,54201,5,,,0,30,,54172,24,,,0,70,,54202,9,,,0,30,,59759,24,,,0
7019,'1912',550,,54270,5,,,0,70,,59780,5,,,0,30,,59781,5,,,0,68,,54255,5,,,0,30,,59770,24,,,0,71,,54268,9,,,0,30,,59771,24,,,0,73,,54260,9,,,0,27,,59779,24,,,0,73,,54267,9,,,0,28,,59772,24,,,0,72,,54259,9,,,0,28,,59773,24,,,0,72,,54266,9,,,0,28,,59774,24,,,0,73,,54258,9,,,0,27,,59775,24,,,0,73,,54265,9,,,0,28,,59776,24,,,0,73,,54257,9,,,0,27,,59777,24,,,0,73,,54264,9,,,0,26,,59778,24,,,0,73,,54256,9,,,0,27,,59766,24,,,0,72,,54263,9,,,0,27,,59767,24,,,0,72,,54261,9,,,0,27,,59765,24,,,0,72,,54262,9,,,0,28,,59769,24,,,0,72,,54269,9,,,0,28,,59768,24,,,0,70,,54272,5,,,0,30,,54271,5,,,0
7019,'1924',550,,54235,5,,,0,70,,59797,5,,,0,30,,59798,5,,,0,68,,54220,5,,,0,30,,59787,24,,,0,71,,54233,9,,,0,30,,59788,24,,,0,73,,54225,9,,,0,27,,59796,24,,,0,73,,54232,9,,,0,28,,59789,24,,,0,72,,54224,9,,,0,28,,59790,24,,,0,72,,54231,9,,,0,28,,59791,24,,,0,73,,54223,9,,,0,27,,59792,24,,,0,73,,54230,9,,,0,28,,59793,24,,,0,73,,54222,9,,,0,27,,59794,24,,,0,73,,54229,9,,,0,26,,59795,24,,,0,73,,54221,9,,,0,27,,59783,24,,,0,72,,54228,9,,,0,27,,59784,24,,,0,72,,54226,9,,,0,27,,59782,24,,,0,72,,54227,9,,,0,28,,59786,24,,,0,72,,54234,9,,,0,28,,59785,24,,,0,70,,54237,5,,,0,30,,54236,5,,,0
7019,'1925',550,,59831,5,,,0,70,,59814,5,,,0,30,,59815,5,,,0,68,,59816,5,,,0,30,,59804,24,,,0,71,,59829,9,,,0,30,,59805,24,,,0,73,,59821,9,,,0,27,,59813,24,,,0,73,,59828,9,,,0,28,,59806,24,,,0,72,,59820,9,,,0,28,,59807,24,,,0,72,,59827,9,,,0,28,,59808,24,,,0,73,,59819,9,,,0,27,,59809,24,,,0,73,,59826,9,,,0,28,,59810,24,,,0,73,,59818,9,,,0,27,,59811,24,,,0,73,,59825,9,,,0,26,,59812,24,,,0,73,,59817,9,,,0,27,,59800,24,,,0,72,,59824,9,,,0,27,,59801,24,,,0,72,,59822,9,,,0,27,,59799,24,,,0,72,,59823,9,,,0,28,,59803,24,,,0,72,,59830,9,,,0,28,,59802,24,,,0,70,,59833,5,,,0,30,,59832,5,,,0
11029,'1907',841,,54785,32,,,0,100,,54786,32,,,0,101,,54787,32,,,0,100,,54788,32,,,0,100,,54789,32,,,0,100,,54790,32,,,0,100,,54791,32,,,0,100,,54792,32,,,0,100,,54793,32,,,0,97,,54794,32,,,0,100,,60074,32,,,0,99,,54796,32,,,0,98,,54797,32,,,0
11029,'1909',642,,54813,25,,,0,100,,60075,32,,,0,100,,54800,32,,,0,100,,60076,32,,,0,100,,60077,32,,,0,100,,60078,32,,,0,100,,60079,32,,,0,100,,60080,32,,,0,101,,60081,32,,,0,100,,54807,32,,,0,100,,60082,32,,,0,100,,60083,32,,,0,99,,54810,32,,,0,100,,60084,32,,,0,100,,54812,32,,,0,94,,54798,32,,,0
11029,'1910',641,,54828,25,,,0,100,,54827,32,,,0,100,,60085,32,,,0,100,,54815,32,,,0,102,,54816,32,,,0,100,,54817,32,,,0,100,,54818,32,,,0,100,,54819,32,,,0,100,,54820,32,,,0,100,,60086,32,,,0,100,,54822,32,,,0,99,,54823,32,,,0,100,,54824,32,,,0,100,,54825,32,,,0,100,,54826,32,,,0
11029,'1912',841,,54842,32,,,0,100,,54843,32,,,0,101,,54844,32,,,0,100,,54845,32,,,0,100,,54846,32,,,0,100,,54847,32,,,0,100,,54848,32,,,0,100,,54849,32,,,0,100,,54850,32,,,0,97,,54851,32,,,0,100,,60087,32,,,0,99,,54853,32,,,0,98,,54854,32,,,0
11029,'1924',841,,54829,32,,,0,100,,54830,32,,,0,101,,54831,32,,,0,100,,54832,32,,,0,100,,54833,32,,,0,100,,54834,32,,,0,100,,54835,32,,,0,100,,54836,32,,,0,100,,54837,32,,,0,97,,54838,32,,,0,100,,60088,32,,,0,99,,54840,32,,,0,98,,54841,32,,,0
11029,'1925',841,,60089,32,,,0,100,,60090,32,,,0,101,,60091,32,,,0,100,,60092,32,,,0,100,,60093,32,,,0,100,,60094,32,,,0,100,,60095,32,,,0,100,,60096,32,,,0,100,,60097,32,,,0,97,,60098,32,,,0,100,,60099,32,,,0,99,,60100,32,,,0,98,,60101,32,,,0
