31019,'1907',618,,60562,32,4,,0,90,,60545,44,4,,0,101,,60546,44,4,,0,101,,60547,44,4,,0,100,,60548,44,4,,0,100,,60549,44,4,,0,101,,60550,44,4,,0,100,,60551,44,4,,0,100,,60552,44,4,,0,100,,60553,44,4,,0,100,,60554,44,4,,0,100,,60555,44,4,,0,100,,60556,44,4,,0,100,,60557,44,4,,0,99,,60558,44,4,,0,100,,60559,44,4,,0,99,,60560,44,4,,0,99,,60561,44,4,,0
31019,'1909',618,,60596,32,4,,0,26,,60591,32,4,,0,66,,60564,44,4,,0,35,,60577,44,4,,0,70,,60589,44,4,,0,30,,60573,44,4,,0,70,,60570,44,4,,0,29,,60584,44,4,,0,70,,60567,44,4,,0,30,,60578,44,4,,0,70,,60588,44,4,,0,30,,60576,44,4,,0,70,,60571,44,4,,0,30,,60583,44,4,,0,70,,60566,44,4,,0,30,,60579,44,4,,0,71,,60587,44,4,,0,30,,60574,44,4,,0,71,,55867,44,4,,0,33,,60582,44,4,,0,70,,55865,44,4,,0,30,,60580,44,4,,0,68,,55886,44,4,,0,26,,60575,44,4,,0,69,,60569,44,4,,0,30,,60581,44,4,,0,70,,60565,44,4,,0,30,,60597,44,4,,0,67,,60586,44,4,,0,100,,60572,44,4,,0,100,,60568,44,4,,0,100,,60585,44,4,,0
31019,'1910',617,,60633,32,4,,0,26,,60626,32,4,,0,64,,60603,44,4,,0,30,,60619,44,4,,0,70,,60632,44,4,,0,30,,60615,44,4,,0,71,,60609,44,4,,0,31,,60625,44,4,,0,70,,60602,44,4,,0,30,,60618,44,4,,0,70,,60627,44,4,,0,30,,60614,44,4,,0,71,,60608,44,4,,0,32,,60624,44,4,,0,70,,60601,44,4,,0,30,,60617,44,4,,0,70,,60630,44,4,,0,30,,60613,44,4,,0,70,,60607,44,4,,0,30,,60623,44,4,,0,70,,60600,44,4,,0,30,,60616,44,4,,0,70,,60629,44,4,,0,30,,60612,44,4,,0,69,,60606,44,4,,0,30,,60622,44,4,,0,70,,60599,44,4,,0,28,,60634,44,4,,0,70,,60628,44,4,,0,99,,60605,44,4,,0,100,,60598,44,4,,0,100,,60631,44,4,,0
31019,'1912',618,,60652,32,4,,0,90,,60635,44,4,,0,101,,60636,44,4,,0,101,,60637,44,4,,0,100,,60638,44,4,,0,100,,60639,44,4,,0,101,,60640,44,4,,0,100,,60641,44,4,,0,100,,60642,44,4,,0,100,,60643,44,4,,0,100,,60644,44,4,,0,100,,60645,44,4,,0,100,,60646,44,4,,0,100,,60647,44,4,,0,99,,60648,44,4,,0,100,,60649,44,4,,0,99,,60650,44,4,,0,99,,60651,44,4,,0
31019,'1924',618,,60671,32,4,,0,90,,60654,44,4,,0,101,,60655,44,4,,0,101,,60656,44,4,,0,100,,60657,44,4,,0,100,,60658,44,4,,0,101,,60659,44,4,,0,100,,60660,44,4,,0,100,,60661,44,4,,0,100,,60662,44,4,,0,100,,60663,44,4,,0,100,,60664,44,4,,0,100,,60665,44,4,,0,100,,60666,44,4,,0,99,,60667,44,4,,0,100,,60668,44,4,,0,99,,60669,44,4,,0,99,,60670,44,4,,0
31019,'1925',618,,60690,32,4,,0,90,,60673,44,4,,0,101,,60674,44,4,,0,101,,60675,44,4,,0,100,,60676,44,4,,0,100,,60677,44,4,,0,101,,60678,44,4,,0,100,,60679,44,4,,0,100,,60680,44,4,,0,100,,60681,44,4,,0,100,,60682,44,4,,0,100,,60683,44,4,,0,100,,60684,44,4,,0,100,,60685,44,4,,0,99,,60686,44,4,,0,100,,60687,44,4,,0,99,,60688,44,4,,0,99,,60689,44,4,,0
32019,'1907',620,,60692,1,,,0,95,,60693,1,,,0,100,,60694,1,,,0,100,,60695,1,,,0,100,,60696,1,,,0,100,,60697,1,,,0,100,,60698,1,,,0,100,,60699,1,,,0,100,,60700,1,,,0,100,,60701,1,,,0,100,,60702,1,,,0,100,,60703,1,,,0,100,,60704,1,,,0,100,,60705,1,,,0,100,,60706,1,,,0,100,,60707,1,,,0,100,,60708,1,,,0,95,,60710,1,0,5 2 8 7,0
32019,'1909',620,,60719,1,,,0,26,,60735,1,,,0,69,,60714,1,,,0,30,,60730,1,,,0,70,,60740,1,,,0,30,,60724,1,,,0,70,,60722,1,,,0,30,,60734,1,,,0,70,,60712,1,,,0,30,,60728,1,,,0,70,,60739,1,,,0,30,,60726,1,,,0,70,,60721,1,,,0,30,,60733,1,,,0,70,,60715,1,,,0,30,,60727,1,,,0,67,,60738,1,,,0,27,,60725,1,,,0,70,,60718,1,,,0,30,,60732,1,,,0,70,,60711,1,,,0,30,,60729,1,,,0,73,,60737,1,,,0,33,,60723,1,,,0,70,,60720,1,,,0,30,,60731,1,,,0,70,,60716,1,,,0,100,,60736,1,,,0,100,,60717,1,,,0,100,,60713,1,,,0,95,,60745,1,0,5 2 8 7,0
32019,'1910',620,,60760,1,,,0,25,,60777,1,,,0,70,,60754,1,,,0,30,,60771,1,,,0,70,,60778,1,,,0,30,,60766,1,,,0,70,,60759,1,,,0,30,,60776,1,,,0,70,,60753,1,,,0,30,,60770,1,,,0,70,,60781,1,,,0,30,,60765,1,,,0,70,,60758,1,,,0,30,,60775,1,,,0,70,,60752,1,,,0,30,,60769,1,,,0,70,,60780,1,,,0,30,,60764,1,,,0,70,,60757,1,,,0,30,,60774,1,,,0,70,,60751,1,,,0,30,,60768,1,,,0,70,,60782,1,,,0,30,,60763,1,,,0,70,,60756,1,,,0,30,,60772,1,,,0,70,,60750,1,,,0,100,,60779,1,,,0,100,,60755,1,,,0,100,,60749,1,,,0,100,,60783,1,0,5 2 8 7,0
32019,'1912',620,,60786,1,,,0,95,,60787,1,,,0,100,,60788,1,,,0,100,,60789,1,,,0,100,,60790,1,,,0,100,,60791,1,,,0,100,,60792,1,,,0,100,,60793,1,,,0,100,,60794,1,,,0,100,,60795,1,,,0,100,,60796,1,,,0,100,,60797,1,,,0,100,,60798,1,,,0,100,,60799,1,,,0,100,,60800,1,,,0,100,,60801,1,,,0,100,,60802,1,,,0,95,,60804,1,0,5 2 8 7,0
32019,'1924',620,,60805,1,,,0,95,,60806,1,,,0,100,,60807,1,,,0,100,,60808,1,,,0,100,,60809,1,,,0,100,,60810,1,,,0,100,,60811,1,,,0,100,,60812,1,,,0,100,,60813,1,,,0,100,,60814,1,,,0,100,,60815,1,,,0,100,,60816,1,,,0,100,,60817,1,,,0,100,,60818,1,,,0,100,,60819,1,,,0,100,,60820,1,,,0,100,,60821,1,,,0,95,,60823,1,0,5 2 8 7,0
32019,'1925',620,,60824,1,,,0,95,,60825,1,,,0,100,,60826,1,,,0,100,,60827,1,,,0,100,,60828,1,,,0,100,,60829,1,,,0,100,,60830,1,,,0,100,,60831,1,,,0,100,,60832,1,,,0,100,,60833,1,,,0,100,,60834,1,,,0,100,,60835,1,,,0,100,,60836,1,,,0,100,,60837,1,,,0,100,,60838,1,,,0,100,,60839,1,,,0,100,,60840,1,,,0,95,,60842,1,0,5 2 8 7,0
