609,'1907',851,,53886,8,0,18 7,0,100,,53870,8,0,18 7,0,100,,53882,8,0,18 7,0,100,,53872,8,0,18 7,0,101,,53885,8,0,18 7,0,100,,53868,8,0,18 7,0,100,,53884,8,0,18 7,0,100,,53874,8,0,18 7,0,100,,53883,8,0,18 7,0,100,,53871,8,0,18 7,0,99,,53881,8,0,18 7,0,100,,53869,8,0,18 7,0
609,'1909',651,,59618,20,0,18 7,0,71,,59612,20,0,18 7,0,30,,53920,20,0,18 7,0,70,,53935,20,0,18 7,0,30,,53904,20,0,18 7,0,70,,59620,20,0,18 7,0,30,,59607,20,0,18 7,0,70,,59610,20,0,18 7,0,30,,53930,20,0,18 7,0,70,,53931,20,0,18 7,0,30,,59617,20,0,18 7,0,70,,53922,20,0,18 7,0,30,,53926,20,0,18 7,0,70,,53917,20,0,18 7,0,30,,53923,20,0,18 7,0,70,,53916,20,0,18 7,0,32,,53911,20,0,18 7,0,70,,53905,20,0,18 7,0,30,,59614,20,0,18 7,0,70,,53910,20,0,18 7,0,30,,59633,20,0,18 7,0,70,,59615,20,0,18 7,0,27,,59608,20,0,18 7,0,70,,59619,20,0,18 7,0,30,,59609,20,0,18 7,0,71,,59631,20,0,18 7,0,98,,53921,20,0,18 7,0,100,,59632,20,0,18 7,0,100,,53913,20,0,18 7,0,100,,59636,20,0,18 7,0
609,'1910',649,,59663,20,0,18 7,0,70,,59647,20,0,18 7,0,30,,59676,20,0,18 7,0,70,,53974,20,0,18 7,0,30,,53992,20,0,18 7,0,71,,53973,20,0,18 7,0,30,,59675,20,0,18 7,0,70,,59646,20,0,18 7,0,30,,59662,20,0,18 7,0,70,,59645,20,0,18 7,0,32,,59674,20,0,18 7,0,70,,59644,20,0,18 7,0,30,,59661,20,0,18 7,0,70,,59642,20,0,18 7,0,30,,59660,20,0,18 7,0,70,,59638,20,0,18 7,0,30,,59686,20,0,18 7,0,70,,59659,20,0,18 7,0,30,,59640,20,0,18 7,0,70,,59670,20,0,18 7,0,30,,59639,20,0,18 7,0,68,,59671,20,0,18 7,0,30,,59641,20,0,18 7,0,70,,59672,20,0,18 7,0,30,,59643,20,0,18 7,0,69,,59673,20,0,18 7,0,102,,59683,8,0,18 7,0,100,,54019,8,0,18 7,0
609,'1912',851,,54077,8,0,18 7,0,100,,54061,8,0,18 7,0,100,,54073,8,0,18 7,0,100,,54063,8,0,18 7,0,101,,54076,8,0,18 7,0,100,,54059,8,0,18 7,0,100,,54075,8,0,18 7,0,100,,54065,8,0,18 7,0,100,,54074,8,0,18 7,0,100,,54062,8,0,18 7,0,99,,54072,8,0,18 7,0,100,,54060,8,0,18 7,0
609,'1924',851,,54041,8,0,18 7,0,100,,54025,8,0,18 7,0,100,,54037,8,0,18 7,0,100,,54027,8,0,18 7,0,101,,54040,8,0,18 7,0,100,,54023,8,0,18 7,0,100,,54039,8,0,18 7,0,100,,54029,8,0,18 7,0,100,,54038,8,0,18 7,0,100,,54026,8,0,18 7,0,99,,54036,8,0,18 7,0,100,,54024,8,0,18 7,0
609,'1925',851,,59706,8,0,18 7,0,100,,59690,8,0,18 7,0,100,,59702,8,0,18 7,0,100,,59692,8,0,18 7,0,101,,59705,8,0,18 7,0,100,,59688,8,0,18 7,0,100,,59704,8,0,18 7,0,100,,59694,8,0,18 7,0,100,,59703,8,0,18 7,0,100,,59691,8,0,18 7,0,99,,59701,8,0,18 7,0,100,,59689,8,0,18 7,0
15029,'1907',746,,60289,61,,,0,95,,60295,61,,,0,100,,60288,61,,,0,100,,60287,61,,,0,102,,60294,61,,,0,100,,60292,61,,,0,100,,60291,61,,,0,102,,60286,61,,,0,100,,60284,61,,,0,99,,60285,61,,,0,99,,60290,61,,,0,99,,60296,61,,,0,100,,60293,61,,,0,100,,60297,61,,,0
15029,'1909',617,,60298,21,,,0,20,,55185,21,,,0,72,,60299,61,,,0,37,,55187,61,,,0,70,,55188,61,,,0,31,,60300,61,,,0,71,,55190,61,,,0,28,,55191,61,,,0,68,,55192,61,,,0,30,,55193,61,,,0,70,,60301,61,,,0,30,,60302,61,,,0,70,,60303,61,,,0,30,,55197,61,,,0,70,,60304,61,,,0,30,,60305,61,,,0,70,,55200,61,,,0,31,,55201,61,,,0,74,,55202,61,,,0,33,,55203,61,,,0,73,,55204,61,,,0,30,,55205,61,,,0,67,,55206,61,,,0,26,,60306,61,,,0,68,,55208,61,,,0,27,,55209,61,,,0,69,,55210,61,,,0,30,,60307,61,,,0,70,,55212,61,,,0,30,,55216,61,,,0,69,,55213,61,,,0,97,,60308,61,,,0,100,,55215,61,,,0
15029,'1910',612,,55231,21,,,0,138,,55219,61,,,0,93,,60309,61,,,0,100,,55221,61,,,0,101,,55222,61,,,0,101,,60310,61,,,0,100,,55224,61,,,0,100,,55225,61,,,0,104,,60311,61,,,0,100,,60312,61,,,0,99,,55228,61,,,0,100,,55229,61,,,0,100,,55230,61,,,0,96,,55217,61,,,0,100,,55218,61,,,0
15029,'1912',746,,60318,61,,,0,95,,60324,61,,,0,100,,60317,61,,,0,100,,60316,61,,,0,102,,60323,61,,,0,100,,60321,61,,,0,100,,60320,61,,,0,102,,60315,61,,,0,100,,60313,61,,,0,99,,60314,61,,,0,99,,60319,61,,,0,99,,60325,61,,,0,100,,60322,61,,,0,100,,60326,61,,,0
15029,'1924',746,,60332,61,,,0,95,,60338,61,,,0,100,,60331,61,,,0,100,,60330,61,,,0,102,,60337,61,,,0,100,,60335,61,,,0,100,,60334,61,,,0,102,,60329,61,,,0,100,,60327,61,,,0,99,,60328,61,,,0,99,,60333,61,,,0,99,,60339,61,,,0,100,,60336,61,,,0,100,,60340,61,,,0
15029,'1925',746,,60346,61,,,0,95,,60352,61,,,0,100,,60345,61,,,0,100,,60344,61,,,0,102,,60351,61,,,0,100,,60349,61,,,0,100,,60348,61,,,0,102,,60343,61,,,0,100,,60341,61,,,0,99,,60342,61,,,0,99,,60347,61,,,0,99,,60353,61,,,0,100,,60350,61,,,0,100,,60354,61,,,0
501029,'1907',558,,56352,1,,,0,70,,56381,1,,,0,20,,56369,13,,,0,70,,56380,13,,,0,30,,56368,13,,,0,70,,56379,13,,,0,30,,56367,13,,,0,70,,56382,13,,,0,31,,56370,13,,,0,75,,56378,13,,,0,15,,56398,13,,,0,15,,56359,13,,,0,56,,56402,13,,,0,16,,56371,13,,,0,15,,60998,13,,,0,15,,56360,13,,,0,55,,56391,13,,,0,15,,56372,13,,,0,15,,56394,13,,,0,15,,56354,13,,,0,55,,56397,13,,,0,15,,56377,13,,,0,15,,56400,13,,,0,15,,56355,13,,,0,55,,56405,13,,,0,15,,56376,13,,,0,15,,56390,13,,,0,15,,56357,13,,,0,55,,56393,13,,,0,15,,56374,13,,,0,15,,56396,13,,,0,15,,56353,13,,,0,55,,56401,13,,,0,15,,56373,13,,,0,15,,56403,13,,,0,15,,56358,13,,,0,55,,56389,13,,,0,14,,56375,13,,,0,15,,56392,13,,,0,15,,56356,13,,,0,55,,56395,13,,,0,15,,56385,13,,,0,30,,56366,13,,,0,71,,56388,13,,,0,15,,56399,13,,,0,10,,56365,13,,,0,68,,60995,13,,,0,29,,56364,13,,,0,70,,60996,13,,,0,30,,56363,13,,,0,70,,60997,13,,,0,30,,60993,13,,,0,70,,60994,13,,,0,26,,60992,13,,,0
501029,'1909',554,,56408,13,,,0,71,,56477,1,,,0,27,,56409,13,,,0,50,,61017,13,,,0,10,,60999,13,,,0,10,,56411,13,,,0,20,,61000,13,,,0,15,,56413,13,,,0,57,,56414,13,,,0,12,,56415,13,,,0,13,,61001,13,,,0,5,,56474,13,,,0,5,,61002,13,,,0,51,,56418,13,,,0,15,,56419,13,,,0,12,,56420,13,,,0,15,,56421,13,,,0,15,,61003,13,,,0,55,,61004,13,,,0,15,,56424,13,,,0,15,,61005,13,,,0,15,,56426,13,,,0,55,,61006,13,,,0,16,,56428,13,,,0,15,,56429,13,,,0,15,,56430,13,,,0,55,,56431,13,,,0,15,,56432,13,,,0,15,,56433,13,,,0,15,,56434,13,,,0,55,,56435,13,,,0,15,,61007,13,,,0,15,,56437,13,,,0,15,,56438,13,,,0,55,,56439,13,,,0,16,,56440,13,,,0,16,,61008,13,,,0,9,,56478,1,,,0,48,,56406,13,,,0,15,,56407,13,,,0,12,,56442,13,,,0,6,,56473,13,,,0,6,,56443,13,,,0,12,,61009,13,,,0,52,,56445,13,,,0,12,,56446,13,,,0,12,,56447,13,,,0,6,,56476,13,,,0,6,,56448,13,,,0,12,,56449,13,,,0,52,,56450,13,,,0,9,,56451,13,,,0,12,,61010,13,,,0,11,,56453,13,,,0,10,,56454,13,,,0,12,,61011,13,,,0,52,,56456,13,,,0,12,,56457,13,,,0,12,,61012,13,,,0,12,,56459,13,,,0,12,,61013,13,,,0,52,,56461,13,,,0,15,,56462,13,,,0,15,,61014,13,,,0,15,,56464,13,,,0,70,,61015,13,,,0,30,,56466,13,,,0,68,,56467,13,,,0,25,,56468,13,,,0,70,,56469,13,,,0,30,,56470,13,,,0,70,,56471,13,,,0,26,,61016,13,,,0
501029,'1910',558,,56490,1,,,0,70,,61026,1,,,0,21,,56489,13,,,0,75,,61025,13,,,0,15,,56529,13,,,0,15,,56488,13,,,0,70,,56495,13,,,0,30,,56487,13,,,0,70,,56493,13,,,0,30,,61023,13,,,0,55,,61018,13,,,0,15,,56492,13,,,0,16,,61024,13,,,0,16,,61032,13,,,0,55,,61041,13,,,0,15,,61057,13,,,0,15,,61050,13,,,0,15,,61033,13,,,0,55,,61042,13,,,0,16,,61058,13,,,0,15,,61051,13,,,0,15,,61034,13,,,0,55,,61043,13,,,0,15,,61059,13,,,0,15,,61052,13,,,0,15,,61035,13,,,0,55,,61044,13,,,0,15,,61060,13,,,0,15,,61053,13,,,0,15,,61036,13,,,0,55,,61045,13,,,0,15,,61061,13,,,0,15,,61054,13,,,0,15,,61037,13,,,0,55,,61046,13,,,0,15,,61062,13,,,0,15,,61055,13,,,0,15,,61038,13,,,0,55,,61047,13,,,0,15,,61040,13,,,0,15,,61056,13,,,0,15,,61039,13,,,0,55,,61048,13,,,0,15,,61029,13,,,0,15,,61031,13,,,0,15,,61022,13,,,0,55,,61049,13,,,0,14,,61030,13,,,0,15,,61063,13,,,0,15,,56484,13,,,0,68,,61027,13,,,0,25,,56483,13,,,0,70,,61028,13,,,0,30,,61021,13,,,0,70,,56498,13,,,0,28,,61020,13,,,0,70,,56497,13,,,0,27,,61019,13,,,0
501029,'1912',558,,56592,1,,,0,70,,56621,1,,,0,20,,56609,13,,,0,70,,56620,13,,,0,30,,56608,13,,,0,70,,56619,13,,,0,30,,56607,13,,,0,70,,56622,13,,,0,31,,56610,13,,,0,75,,56618,13,,,0,15,,56638,13,,,0,15,,56599,13,,,0,56,,56642,13,,,0,16,,56611,13,,,0,15,,61070,13,,,0,15,,56600,13,,,0,55,,56631,13,,,0,15,,56612,13,,,0,15,,56634,13,,,0,15,,56594,13,,,0,55,,56637,13,,,0,15,,56617,13,,,0,15,,56640,13,,,0,15,,56595,13,,,0,55,,56645,13,,,0,15,,56616,13,,,0,15,,56630,13,,,0,15,,56597,13,,,0,55,,56633,13,,,0,15,,56614,13,,,0,15,,56636,13,,,0,15,,56593,13,,,0,55,,56641,13,,,0,15,,56613,13,,,0,15,,56643,13,,,0,15,,56598,13,,,0,55,,56629,13,,,0,14,,56615,13,,,0,15,,56632,13,,,0,15,,56596,13,,,0,55,,56635,13,,,0,15,,56625,13,,,0,30,,56606,13,,,0,71,,56628,13,,,0,15,,56639,13,,,0,10,,56605,13,,,0,68,,61067,13,,,0,29,,56604,13,,,0,70,,61068,13,,,0,30,,56603,13,,,0,70,,61069,13,,,0,30,,61065,13,,,0,70,,61066,13,,,0,26,,61064,13,,,0
501029,'1924',558,,56538,1,,,0,70,,56567,1,,,0,20,,56555,13,,,0,70,,56566,13,,,0,30,,56554,13,,,0,70,,56565,13,,,0,30,,56553,13,,,0,70,,56568,13,,,0,31,,56556,13,,,0,75,,56564,13,,,0,15,,56584,13,,,0,15,,56545,13,,,0,56,,56588,13,,,0,16,,56557,13,,,0,15,,61077,13,,,0,15,,56546,13,,,0,55,,56577,13,,,0,15,,56558,13,,,0,15,,56580,13,,,0,15,,56540,13,,,0,55,,56583,13,,,0,15,,56563,13,,,0,15,,56586,13,,,0,15,,56541,13,,,0,55,,56591,13,,,0,15,,56562,13,,,0,15,,56576,13,,,0,15,,56543,13,,,0,55,,56579,13,,,0,15,,56560,13,,,0,15,,56582,13,,,0,15,,56539,13,,,0,55,,56587,13,,,0,15,,56559,13,,,0,15,,56589,13,,,0,15,,56544,13,,,0,55,,56575,13,,,0,14,,56561,13,,,0,15,,56578,13,,,0,15,,56542,13,,,0,55,,56581,13,,,0,15,,56571,13,,,0,30,,56552,13,,,0,71,,56574,13,,,0,15,,56585,13,,,0,10,,56551,13,,,0,68,,61074,13,,,0,29,,56550,13,,,0,70,,61075,13,,,0,30,,56549,13,,,0,70,,61076,13,,,0,30,,61072,13,,,0,70,,61073,13,,,0,26,,61071,13,,,0
501029,'1925',558,,61078,1,,,0,70,,61107,1,,,0,20,,61095,13,,,0,70,,61106,13,,,0,30,,61094,13,,,0,70,,61105,13,,,0,30,,61093,13,,,0,70,,61108,13,,,0,31,,61096,13,,,0,75,,61104,13,,,0,15,,61124,13,,,0,15,,61085,13,,,0,56,,61128,13,,,0,16,,61097,13,,,0,15,,61130,13,,,0,15,,61086,13,,,0,55,,61117,13,,,0,15,,61098,13,,,0,15,,61120,13,,,0,15,,61080,13,,,0,55,,61123,13,,,0,15,,61103,13,,,0,15,,61126,13,,,0,15,,61081,13,,,0,55,,61131,13,,,0,15,,61102,13,,,0,15,,61116,13,,,0,15,,61083,13,,,0,55,,61119,13,,,0,15,,61100,13,,,0,15,,61122,13,,,0,15,,61079,13,,,0,55,,61127,13,,,0,15,,61099,13,,,0,15,,61129,13,,,0,15,,61084,13,,,0,55,,61115,13,,,0,14,,61101,13,,,0,15,,61118,13,,,0,15,,61082,13,,,0,55,,61121,13,,,0,15,,61111,13,,,0,30,,61092,13,,,0,71,,61114,13,,,0,15,,61125,13,,,0,10,,61091,13,,,0,68,,61110,13,,,0,29,,61090,13,,,0,70,,61112,13,,,0,30,,61089,13,,,0,70,,61113,13,,,0,30,,61088,13,,,0,70,,61109,13,,,0,26,,61087,13,,,0
