4029,'1907',724,,53738,7,,,0,30,,53740,7,,,0,70,,53736,7,,,0,30,,53739,7,,,0,71,,53737,7,,,0,30,,53729,7,,,0,69,,53732,7,,,0,30,,53717,7,,,0,70,,53722,7,,,0,30,,53725,7,,,0,68,,53728,7,,,0,30,,53730,7,,,0,70,,53718,7,,,0,30,,53721,7,,,0,70,,53724,7,,,0,30,,53727,7,,,0,70,,53731,7,,,0,30,,53719,7,,,0,70,,53720,7,,,0,30,,53723,7,,,0,70,,53726,7,,,0,30,,53744,7,,,0,70,,53743,7,,,0,33,,53745,7,,,0,70,,53742,7,,,0,30,,53735,7,,,0,70,,53741,7,,,0,30,,53733,7,,,0,100,,53734,7,,,0
4029,'1909',624,,53746,7,,,0,30,,53747,7,,,0,73,,53748,7,,,0,24,,53749,7,,,0,76,,53750,7,,,0,24,,53751,7,,,0,71,,53752,7,,,0,30,,53753,7,,,0,70,,53754,7,,,0,30,,53755,7,,,0,70,,53756,7,,,0,30,,53757,7,,,0,70,,53758,7,,,0,30,,53759,7,,,0,70,,53760,7,,,0,30,,53761,7,,,0,70,,53762,7,,,0,35,,53763,7,,,0,65,,53764,7,,,0,36,,53765,7,,,0,64,,53766,7,,,0,36,,53767,7,,,0,64,,53768,7,,,0,36,,53769,7,,,0,67,,53770,7,,,0,29,,53771,7,,,0,70,,53772,7,,,0,30,,53773,7,,,0,70,,53774,7,,,0,30,,53775,7,,,0,70,,53776,7,,,0,30,,53777,7,,,0
4029,'1910',626,,53802,7,,,0,28,,53803,7,,,0,70,,53804,7,,,0,30,,53805,7,,,0,70,,53806,7,,,0,30,,53807,7,,,0,70,,53808,7,,,0,30,,53795,7,,,0,68,,53789,7,,,0,30,,53782,7,,,0,70,,53793,7,,,0,30,,53799,7,,,0,70,,53794,7,,,0,30,,53781,7,,,0,70,,53786,7,,,0,30,,53797,7,,,0,70,,53780,7,,,0,30,,53796,7,,,0,70,,53791,7,,,0,30,,53783,7,,,0,70,,53778,7,,,0,30,,53798,7,,,0,70,,53801,7,,,0,30,,53792,7,,,0,70,,53787,7,,,0,30,,53809,7,,,0,72,,53784,7,,,0,30,,53779,7,,,0,71,,53785,7,,,0,30,,53790,7,,,0,70,,53800,7,,,0,30,,53788,7,,,0
4029,'1911',724,,53831,7,,,0,30,,53833,7,,,0,70,,53829,7,,,0,30,,53832,7,,,0,71,,53830,7,,,0,30,,53822,7,,,0,69,,53825,7,,,0,30,,53810,7,,,0,70,,53815,7,,,0,30,,53818,7,,,0,68,,53821,7,,,0,30,,53823,7,,,0,70,,53811,7,,,0,30,,53814,7,,,0,70,,53817,7,,,0,30,,53820,7,,,0,70,,53824,7,,,0,30,,53812,7,,,0,70,,53813,7,,,0,30,,53816,7,,,0,70,,53819,7,,,0,30,,53837,7,,,0,70,,53836,7,,,0,33,,53838,7,,,0,70,,53835,7,,,0,30,,53828,7,,,0,70,,53834,7,,,0,30,,53826,7,,,0,100,,53827,7,,,0
4029,'1912',724,,53860,7,,,0,30,,53862,7,,,0,70,,53858,7,,,0,30,,53861,7,,,0,71,,53859,7,,,0,30,,53851,7,,,0,69,,53854,7,,,0,30,,53839,7,,,0,70,,53844,7,,,0,30,,53847,7,,,0,68,,53850,7,,,0,30,,53852,7,,,0,70,,53840,7,,,0,30,,53843,7,,,0,70,,53846,7,,,0,30,,53849,7,,,0,70,,53853,7,,,0,30,,53841,7,,,0,70,,53842,7,,,0,30,,53845,7,,,0,70,,53848,7,,,0,30,,53866,7,,,0,70,,53865,7,,,0,33,,53867,7,,,0,70,,53864,7,,,0,30,,53857,7,,,0,70,,53863,7,,,0,30,,53855,7,,,0,100,,53856,7,,,0
501019,'1907',612,,56185,5,,,0,30,,56199,5,,,0,67,,56184,5,,,0,30,,56198,5,,,0,70,,56187,5,,,0,30,,56200,5,,,0,70,,56188,5,,,0,30,,56197,5,,,0,70,,56176,5,,,0,30,,56189,5,,,0,72,,56175,5,,,0,30,,56190,5,,,0,70,,56178,5,,,0,30,,56191,5,,,0,70,,56174,5,,,0,30,,56196,5,,,0,70,,56173,5,,,0,30,,56195,5,,,0,70,,56172,5,,,0,30,,56192,5,,,0,70,,56171,5,,,0,30,,56194,5,,,0,70,,56177,5,,,0,30,,56193,5,,,0,69,,56186,5,,,0,30,,56201,5,,,0,70,,56183,5,,,0,30,,56204,5,,,0,69,,56182,5,,,0,30,,56170,5,,,0,70,,56181,5,,,0,30,,56202,5,,,0,70,,56180,5,,,0,30,,56203,5,,,0,70,,56179,5,,,0
501019,'1909',609,,56206,5,,,0,30,,56207,5,,,0,76,,56208,5,,,0,24,,56209,5,,,0,64,,56210,5,,,0,12,,56211,5,,,0,24,,56212,5,,,0,62,,56213,5,,,0,11,,56214,5,,,0,30,,56215,5,,,0,70,,56216,5,,,0,30,,56217,5,,,0,70,,56218,5,,,0,30,,56219,5,,,0,70,,56220,5,,,0,30,,56221,5,,,0,70,,56222,5,,,0,30,,56223,5,,,0,70,,56224,5,,,0,26,,56225,5,,,0,12,,56226,5,,,0,62,,56227,5,,,0,24,,56228,5,,,0,12,,56229,5,,,0,64,,56230,5,,,0,24,,56231,5,,,0,12,,56232,5,,,0,64,,56233,5,,,0,23,,56234,5,,,0,12,,56235,5,,,0,66,,56236,5,,,0,28,,56237,5,,,0,70,,56238,5,,,0,29,,56239,5,,,0,70,,56240,5,,,0,30,,56241,5,,,0,69,,56242,5,,,0,30,,56243,5,,,0,70,,56244,5,,,0,30,,56245,5,,,0,70,,56246,5,,,0
501019,'1910',612,,56256,5,,,0,30,,56259,5,,,0,67,,56255,5,,,0,30,,56258,5,,,0,70,,56254,5,,,0,30,,56260,5,,,0,70,,56253,5,,,0,30,,56257,5,,,0,72,,56266,5,,,0,31,,56276,5,,,0,70,,56267,5,,,0,30,,56277,5,,,0,70,,56268,5,,,0,30,,56278,5,,,0,70,,56269,5,,,0,30,,56279,5,,,0,70,,56270,5,,,0,30,,56280,5,,,0,70,,56271,5,,,0,30,,56281,5,,,0,70,,56272,5,,,0,30,,56274,5,,,0,70,,56273,5,,,0,30,,56275,5,,,0,70,,56252,5,,,0,29,,56265,5,,,0,68,,56251,5,,,0,30,,56263,5,,,0,70,,56250,5,,,0,30,,56264,5,,,0,70,,56249,5,,,0,30,,56261,5,,,0,70,,56248,5,,,0,30,,56262,5,,,0,70,,56247,5,,,0
501019,'1911',612,,56297,5,,,0,30,,56311,5,,,0,67,,56296,5,,,0,30,,56310,5,,,0,70,,56299,5,,,0,30,,56312,5,,,0,70,,56300,5,,,0,30,,56309,5,,,0,70,,56288,5,,,0,30,,56301,5,,,0,72,,56287,5,,,0,30,,56302,5,,,0,70,,56290,5,,,0,30,,56303,5,,,0,70,,56286,5,,,0,30,,56308,5,,,0,70,,56285,5,,,0,30,,56307,5,,,0,70,,56284,5,,,0,30,,56304,5,,,0,70,,56283,5,,,0,30,,56306,5,,,0,70,,56289,5,,,0,30,,56305,5,,,0,69,,56298,5,,,0,30,,56313,5,,,0,70,,56295,5,,,0,30,,56316,5,,,0,69,,56294,5,,,0,30,,56282,5,,,0,70,,56293,5,,,0,30,,56314,5,,,0,70,,56292,5,,,0,30,,56315,5,,,0,70,,56291,5,,,0
501019,'1912',612,,56332,5,,,0,30,,56346,5,,,0,67,,56331,5,,,0,30,,56345,5,,,0,70,,56334,5,,,0,30,,56347,5,,,0,70,,56335,5,,,0,30,,56344,5,,,0,70,,56323,5,,,0,30,,56336,5,,,0,72,,56322,5,,,0,30,,56337,5,,,0,70,,56325,5,,,0,30,,56338,5,,,0,70,,56321,5,,,0,30,,56343,5,,,0,70,,56320,5,,,0,30,,56342,5,,,0,70,,56319,5,,,0,30,,56339,5,,,0,70,,56318,5,,,0,30,,56341,5,,,0,70,,56324,5,,,0,30,,56340,5,,,0,69,,56333,5,,,0,30,,56348,5,,,0,70,,56330,5,,,0,30,,56351,5,,,0,69,,56329,5,,,0,30,,56317,5,,,0,70,,56328,5,,,0,30,,56349,5,,,0,70,,56327,5,,,0,30,,56350,5,,,0,70,,56326,5,,,0
14000001019,'1907',2400,,58765,9,,,0,30,,58764,9,,,0,70,,58763,9,,,0,30,,58766,9,,,0,70,,58767,9,,,0
14000001019,'1909',2400,,58771,9,,,0,30,,58768,9,,,0,70,,58769,9,,,0,30,,58770,9,,,0,70,,58772,9,,,0
14000001019,'1910',2400,,58776,9,,,0,30,,58773,9,,,0,70,,58775,9,,,0,30,,58774,9,,,0,70,,58777,9,,,0
14000001019,'1911',2400,,58780,9,,,0,30,,58779,9,,,0,70,,58778,9,,,0,30,,58781,9,,,0,70,,58782,9,,,0
14000001019,'1912',2400,,58785,9,,,0,30,,58784,9,,,0,70,,58783,9,,,0,30,,58786,9,,,0,70,,58787,9,,,0
