1019,'1907',618,,58824,21,,,0,100,,58825,21,,,0,101,,58826,21,,,0,100,,58827,21,,,0,100,,58828,21,,,0,100,,58829,21,,,0,100,,58830,21,,,0,100,,58831,21,,,0,100,,58832,21,,,0,100,,58833,21,,,0,100,,58834,21,,,0,100,,58835,21,,,0,100,,58836,21,,,0,100,,58837,21,,,0,100,,58838,21,,,0,100,,58839,21,,,0,104,,58840,21,,,0,95,,58841,21,,,0
1019,'1909',548,,58877,21,,,0,75,,58873,21,,,0,30,,58849,21,,,0,73,,58844,21,,,0,30,,58862,21,,,0,70,,58846,21,,,0,30,,58851,21,,,0,72,,58876,21,,,0,30,,58848,21,,,0,70,,58842,21,,,0,30,,58861,21,,,0,70,,58847,21,,,0,30,,58852,21,,,0,70,,58872,21,,,0,30,,58850,21,,,0,70,,58843,21,,,0,30,,58874,21,,,0,70,,58845,21,,,0,30,,58853,21,,,0,70,,58871,21,,,0,30,,58864,21,,,0,70,,58856,21,,,0,30,,58854,21,,,0,70,,58857,21,,,0,28,,58859,21,,,0,70,,58858,21,,,0,30,,58855,21,,,0,65,,58875,21,,,0,30,,58869,21,,,0,68,,58870,21,,,0,30,,58868,21,,,0,70,,58867,21,,,0,30,,58866,21,,,0,70,,58865,21,,,0,30,,58863,21,,,0,70,,58860,21,,,0
1019,'1910',549,,58913,21,,,0,70,,58902,21,,,0,30,,58888,21,,,0,70,,58907,21,,,0,30,,58897,21,,,0,70,,58882,21,,,0,30,,58903,21,,,0,70,,58905,21,,,0,30,,58887,21,,,0,70,,58908,21,,,0,30,,58896,21,,,0,70,,58881,21,,,0,30,,58891,21,,,0,70,,58901,21,,,0,30,,58886,21,,,0,70,,58909,21,,,0,30,,58895,21,,,0,70,,58880,21,,,0,30,,58890,21,,,0,70,,58900,21,,,0,30,,58885,21,,,0,70,,58910,21,,,0,30,,58894,21,,,0,70,,58879,21,,,0,30,,58889,21,,,0,70,,58899,21,,,0,30,,58883,21,,,0,70,,58911,21,,,0,30,,58892,21,,,0,70,,58878,21,,,0,30,,58884,21,,,0,70,,58898,21,,,0,34,,58893,21,,,0,70,,58912,21,,,0,30,,58906,21,,,0,65,,58904,21,,,0
1019,'1912',618,,58914,21,,,0,100,,58915,21,,,0,101,,58916,21,,,0,100,,58917,21,,,0,100,,58918,21,,,0,100,,58919,21,,,0,100,,58920,21,,,0,100,,58921,21,,,0,100,,58922,21,,,0,100,,58923,21,,,0,100,,58924,21,,,0,100,,58925,21,,,0,100,,58926,21,,,0,100,,58927,21,,,0,100,,58928,21,,,0,100,,58929,21,,,0,104,,58930,21,,,0,95,,58931,21,,,0
1019,'1924',618,,58932,21,,,0,100,,58933,21,,,0,101,,58934,21,,,0,100,,58935,21,,,0,100,,58936,21,,,0,100,,58937,21,,,0,100,,58938,21,,,0,100,,58939,21,,,0,100,,58940,21,,,0,100,,58941,21,,,0,100,,58942,21,,,0,100,,58943,21,,,0,100,,58944,21,,,0,100,,58945,21,,,0,100,,58946,21,,,0,100,,58947,21,,,0,104,,58948,21,,,0,95,,58949,21,,,0
1019,'1925',618,,58950,21,,,0,100,,58951,21,,,0,101,,58952,21,,,0,100,,58953,21,,,0,100,,58954,21,,,0,100,,58955,21,,,0,100,,58956,21,,,0,100,,58957,21,,,0,100,,58958,21,,,0,100,,58959,21,,,0,100,,58960,21,,,0,100,,58961,21,,,0,100,,58962,21,,,0,100,,58963,21,,,0,100,,58964,21,,,0,100,,58965,21,,,0,104,,58966,21,,,0,95,,58967,21,,,0
32019,'1907',635,,60692,21,,,0,95,,60693,21,,,0,100,,60694,21,,,0,100,,60695,21,,,0,100,,60696,21,,,0,101,,60697,21,,,0,102,,60698,21,,,0,100,,60699,21,,,0,100,,60700,21,,,0,100,,60701,21,,,0,100,,60702,21,,,0,100,,60703,21,,,0,97,,60704,21,,,0,100,,60705,21,,,0,100,,60706,21,,,0,100,,60707,21,,,0,100,,60708,21,,,0,95,,60710,21,0,5 2 8 7,0
32019,'1909',635,,60719,21,,,0,66,,60735,21,,,0,31,,60714,21,,,0,71,,60730,21,,,0,30,,60740,21,,,0,70,,60724,21,,,0,29,,60722,21,,,0,70,,60734,21,,,0,30,,60712,21,,,0,70,,60728,21,,,0,30,,60739,21,,,0,70,,60726,21,,,0,30,,60721,21,,,0,70,,60733,21,,,0,30,,60715,21,,,0,70,,60727,21,,,0,28,,60738,21,,,0,70,,60725,21,,,0,30,,60718,21,,,0,70,,60732,21,,,0,30,,60711,21,,,0,70,,60729,21,,,0,32,,60737,21,,,0,71,,60723,21,,,0,29,,60720,21,,,0,70,,60731,21,,,0,30,,60716,21,,,0,99,,60736,21,,,0,100,,60717,21,,,0,100,,60713,21,,,0,95,,60745,21,0,5 2 8 7,0
32019,'1910',634,,60760,21,,,0,25,,60777,21,,,0,70,,60754,21,,,0,30,,60771,21,,,0,70,,60778,21,,,0,71,,60766,21,,,0,30,,60759,21,,,0,70,,60776,21,,,0,30,,60753,21,,,0,70,,60770,21,,,0,30,,60781,21,,,0,71,,60765,21,,,0,30,,60758,21,,,0,71,,60775,21,,,0,30,,60752,21,,,0,70,,60769,21,,,0,30,,60780,21,,,0,70,,60764,21,,,0,30,,60757,21,,,0,70,,60774,21,,,0,30,,60751,21,,,0,70,,60768,21,,,0,30,,60782,21,,,0,70,,60763,21,,,0,30,,60756,21,,,0,68,,60772,21,,,0,30,,60750,21,,,0,100,,60779,21,,,0,99,,60755,21,,,0,100,,60749,21,,,0,100,,60783,21,0,5 2 8 7,0
32019,'1912',635,,60786,21,,,0,95,,60787,21,,,0,100,,60788,21,,,0,100,,60789,21,,,0,100,,60790,21,,,0,101,,60791,21,,,0,102,,60792,21,,,0,100,,60793,21,,,0,100,,60794,21,,,0,100,,60795,21,,,0,100,,60796,21,,,0,100,,60797,21,,,0,97,,60798,21,,,0,100,,60799,21,,,0,100,,60800,21,,,0,100,,60801,21,,,0,100,,60802,21,,,0,95,,60804,21,0,5 2 8 7,0
32019,'1924',635,,60805,21,,,0,95,,60806,21,,,0,100,,60807,21,,,0,100,,60808,21,,,0,100,,60809,21,,,0,101,,60810,21,,,0,102,,60811,21,,,0,100,,60812,21,,,0,100,,60813,21,,,0,100,,60814,21,,,0,100,,60815,21,,,0,100,,60816,21,,,0,97,,60817,21,,,0,100,,60818,21,,,0,100,,60819,21,,,0,100,,60820,21,,,0,100,,60821,21,,,0,95,,60823,21,0,5 2 8 7,0
32019,'1925',635,,60824,21,,,0,95,,60825,21,,,0,100,,60826,21,,,0,100,,60827,21,,,0,100,,60828,21,,,0,101,,60829,21,,,0,102,,60830,21,,,0,100,,60831,21,,,0,100,,60832,21,,,0,100,,60833,21,,,0,100,,60834,21,,,0,100,,60835,21,,,0,97,,60836,21,,,0,100,,60837,21,,,0,100,,60838,21,,,0,100,,60839,21,,,0,100,,60840,21,,,0,95,,60842,21,0,5 2 8 7,0
