1029,'1907',621,,53126,41,,,0,100,,53127,41,,,0,100,,53128,41,,,0,100,,53129,41,,,0,101,,53130,41,,,0,100,,53131,41,,,0,100,,53132,41,,,0,100,,53133,41,,,0,100,,53134,41,,,0,100,,53135,41,,,0,100,,53136,41,,,0,100,,53137,41,,,0,100,,53138,41,,,0,100,,53139,41,,,0,100,,53140,41,,,0,100,,53141,41,,,0,101,,53142,41,,,0,94,,53143,41,,,0
1029,'1909',621,,53153,41,,,0,35,,53154,41,,,0,72,,53174,41,,,0,30,,53150,41,,,0,70,,53145,41,,,0,30,,53178,41,,,0,70,,53148,41,,,0,30,,53155,41,,,0,70,,53173,41,,,0,30,,53152,41,,,0,70,,53144,41,,,0,30,,53177,41,,,0,70,,53149,41,,,0,30,,53156,41,,,0,70,,53172,41,,,0,30,,53151,41,,,0,70,,53146,41,,,0,31,,53175,41,,,0,72,,53147,41,,,0,70,,53157,41,,,0,30,,53171,41,,,0,70,,53160,41,,,0,30,,53159,41,,,0,27,,53158,41,,,0,65,,53164,41,,,0,30,,53163,41,,,0,70,,53162,41,,,0,30,,53161,41,,,0,69,,53176,41,,,0,30,,53170,41,,,0,70,,53169,41,,,0,30,,53168,41,,,0,70,,53167,41,,,0,30,,53166,41,,,0,65,,53165,41,,,0
1029,'1910',621,,53184,41,,,0,30,,53196,41,,,0,70,,53203,41,,,0,30,,53191,41,,,0,70,,53212,41,,,0,30,,53200,41,,,0,72,,53183,41,,,0,29,,53195,41,,,0,70,,53206,41,,,0,30,,53190,41,,,0,70,,53213,41,,,0,30,,53199,41,,,0,70,,53182,41,,,0,30,,53194,41,,,0,70,,53205,41,,,0,30,,53189,41,,,0,70,,53185,41,,,0,30,,53198,41,,,0,70,,53181,41,,,0,30,,53193,41,,,0,70,,53201,41,,,0,30,,53188,41,,,0,70,,53210,41,,,0,30,,53197,41,,,0,69,,53180,41,,,0,31,,53192,41,,,0,70,,53204,41,,,0,30,,53186,41,,,0,70,,53208,41,,,0,30,,53207,41,,,0,70,,53179,41,,,0,30,,53187,41,,,0,70,,53202,41,,,0,30,,53211,41,,,0,67,,53209,41,,,0
1029,'1911',621,,53214,41,,,0,100,,53215,41,,,0,100,,53216,41,,,0,100,,53217,41,,,0,101,,53218,41,,,0,100,,53219,41,,,0,100,,53220,41,,,0,100,,53221,41,,,0,100,,53222,41,,,0,100,,53223,41,,,0,100,,53224,41,,,0,100,,53225,41,,,0,100,,53226,41,,,0,100,,53227,41,,,0,100,,53228,41,,,0,100,,53229,41,,,0,101,,53230,41,,,0,94,,53231,41,,,0
1029,'1912',621,,53232,41,,,0,100,,53233,41,,,0,100,,53234,41,,,0,100,,53235,41,,,0,101,,53236,41,,,0,100,,53237,41,,,0,100,,53238,41,,,0,100,,53239,41,,,0,100,,53240,41,,,0,100,,53241,41,,,0,100,,53242,41,,,0,100,,53243,41,,,0,100,,53244,41,,,0,100,,53245,41,,,0,100,,53246,41,,,0,100,,53247,41,,,0,101,,53248,41,,,0,94,,53249,41,,,0
2029,'1907',636,,53401,38,,,0,70,,53409,38,,,0,31,,53420,38,,,0,70,,53415,38,,,0,30,,53402,38,,,0,70,,53410,38,,,0,30,,53421,38,,,0,70,,53416,38,,,0,30,,53403,38,,,0,70,,53411,38,,,0,30,,53422,38,,,0,70,,53417,38,,,0,30,,53404,38,,,0,70,,53412,38,,,0,30,,53423,38,,,0,70,,53418,38,,,0,30,,53405,38,,,0,70,,53413,38,,,0,30,,53424,38,,,0,70,,53419,38,,,0,30,,53406,38,,,0,70,,53414,38,,,0,30,,53425,38,,,0,100,,53407,38,,,0,99,,53426,38,,,0,100,,53408,38,,,0,101,,53427,38,,,0,100,,53400,38,,,0
2029,'1909',541,,53450,23,,,0,65,,53433,38,,,0,30,,53434,38,,,0,72,,53435,38,,,0,30,,53436,38,,,0,70,,53437,38,,,0,30,,53438,38,,,0,70,,53439,38,,,0,30,,53440,38,,,0,70,,53441,38,,,0,30,,53464,38,,,0,70,,53460,38,,,0,30,,53466,38,,,0,70,,53462,38,,,0,30,,53463,38,,,0,70,,53459,38,,,0,30,,53465,38,,,0,70,,53461,38,,,0,31,,53467,38,,,0,71,,53442,38,,,0,34,,53443,38,,,0,70,,53444,38,,,0,30,,53445,38,,,0,70,,53446,38,,,0,29,,53447,38,,,0,65,,53448,38,,,0,29,,53449,38,,,0,70,,53453,38,,,0,30,,53454,38,,,0,100,,53455,38,,,0,100,,53456,38,,,0,100,,53452,38,,,0
2029,'1910',606,,53499,38,0,5 2 15 16 17,0,30,,53482,38,,,0,69,,53489,38,,,0,31,,53468,38,,,0,70,,53474,38,,,0,30,,53483,38,,,0,71,,53490,38,,,0,30,,53469,38,,,0,70,,53475,38,,,0,30,,53484,38,,,0,70,,53491,38,,,0,30,,53470,38,,,0,70,,53476,38,,,0,30,,53485,38,,,0,70,,53492,38,,,0,30,,53471,38,,,0,70,,53477,38,,,0,30,,53486,38,,,0,70,,53493,38,,,0,30,,53472,38,,,0,70,,53478,38,,,0,30,,53487,38,,,0,70,,53494,38,,,0,30,,53473,38,,,0,70,,53479,38,,,0,30,,53488,38,,,0,70,,53495,38,,,0,30,,53480,38,,,0,100,,53496,38,,,0,100,,53481,38,,,0,100,,53497,38,,,0
2029,'1911',636,,53503,38,,,0,70,,53511,38,,,0,31,,53522,38,,,0,70,,53517,38,,,0,30,,53504,38,,,0,70,,53512,38,,,0,30,,53523,38,,,0,70,,53518,38,,,0,30,,53505,38,,,0,70,,53513,38,,,0,30,,53524,38,,,0,70,,53519,38,,,0,30,,53506,38,,,0,70,,53514,38,,,0,30,,53525,38,,,0,70,,53520,38,,,0,30,,53507,38,,,0,70,,53515,38,,,0,30,,53526,38,,,0,70,,53521,38,,,0,30,,53508,38,,,0,70,,53516,38,,,0,30,,53527,38,,,0,100,,53509,38,,,0,99,,53528,38,,,0,100,,53510,38,,,0,101,,53529,38,,,0,100,,53502,38,,,0
2029,'1912',636,,53536,38,,,0,70,,53544,38,,,0,31,,53555,38,,,0,70,,53550,38,,,0,30,,53537,38,,,0,70,,53545,38,,,0,30,,53556,38,,,0,70,,53551,38,,,0,30,,53538,38,,,0,70,,53546,38,,,0,30,,53557,38,,,0,70,,53552,38,,,0,30,,53539,38,,,0,70,,53547,38,,,0,30,,53558,38,,,0,70,,53553,38,,,0,30,,53540,38,,,0,70,,53548,38,,,0,30,,53559,38,,,0,70,,53554,38,,,0,30,,53541,38,,,0,70,,53549,38,,,0,30,,53560,38,,,0,100,,53542,38,,,0,99,,53561,38,,,0,100,,53543,38,,,0,101,,53562,38,,,0,100,,53535,38,,,0
12029,'1909',646,,54902,17,,,0,71,,54899,17,,,0,30,,54892,17,,,0,69,,54900,17,,,0,31,,54893,17,,,0,71,,54879,8,,,0,30,,54880,8,,,0,70,,54881,8,,,0,30,,54882,8,,,0,70,,54883,8,,,0,30,,54884,8,,,0,70,,54885,8,,,0,30,,54886,8,,,0,70,,54887,8,,,0,30,,54888,8,,,0,70,,54889,8,,,0,30,,54895,17,,,0,71,,54898,17,,,0,30,,54890,17,,,0,70,,54897,17,,,0,30,,54891,17,,,0,70,,54901,17,,,0,29,,54894,17,,,0,70,,54896,17,,,0
14000001029,'1907',547,,58794,22,0,18 7,0,1811,,58788,22,,,0,69,,58792,22,,,0,30,,58793,22,,,0,70,,58790,22,,,0,30,,58791,22,,,0,70,,58789,22,,,0
14000001029,'1909',445,,58795,22,0,18 7,0,102,,58796,22,0,18 7,0,1811,,58798,22,,,0,69,,58799,22,,,0,30,,58802,22,,,0,70,,58797,22,,,0,30,,58800,22,,,0,70,,58801,22,,,0
14000001029,'1910',547,,58807,22,0,18 7,0,1811,,58809,22,,,0,69,,58804,22,,,0,30,,58803,22,,,0,70,,58805,22,,,0,30,,58808,22,,,0,70,,58806,22,,,0
14000001029,'1911',547,,58816,22,0,18 7,0,1811,,58810,22,,,0,69,,58814,22,,,0,30,,58815,22,,,0,70,,58812,22,,,0,30,,58813,22,,,0,70,,58811,22,,,0
14000001029,'1912',547,,58823,22,0,18 7,0,1811,,58817,22,,,0,69,,58821,22,,,0,30,,58822,22,,,0,70,,58819,22,,,0,30,,58820,22,,,0,70,,58818,22,,,0
