10019,'1907',737,,54449,8,,,0,70,,54450,8,,,0,30,,54451,8,,,0,70,,54452,8,,,0,30,,54453,8,,,0,70,,54454,8,,,0,30,,54455,8,,,0,70,,54456,8,,,0,30,,54457,8,,,0,71,,54458,8,,,0,30,,54459,8,,,0,70,,59947,8,,,0,30,,54461,8,,,0,70,,54462,8,,,0,30,,54463,8,,,0,70,,54464,8,,,0,30,,54465,8,,,0,70,,54466,8,,,0,30,,59948,8,,,0,70,,54468,8,,,0,30,,54469,8,,,0,69,,54470,8,,,0,30,,54471,8,,,0,70,,54472,8,,,0
10019,'1909',537,,59949,8,,,0,70,,54474,8,,,0,30,,59950,8,,,0,71,,54476,8,,,0,30,,59951,8,,,0,70,,54478,8,,,0,30,,54479,8,,,0,70,,54480,8,,,0,30,,54481,8,,,0,70,,54482,8,,,0,30,,54483,8,,,0,70,,59952,8,,,0,30,,54485,8,,,0,70,,54486,8,,,0,30,,54487,8,,,0,70,,54488,8,,,0,30,,54489,8,,,0,70,,59953,8,,,0,31,,59954,8,,,0,70,,59955,8,,,0,30,,59956,8,,,0,70,,59957,8,,,0,30,,59958,8,,,0,70,,59959,8,,,0,28,,59960,8,,,0,70,,59961,8,,,0,30,,54499,8,,,0,70,,59962,8,,,0,30,,54501,8,,,0,69,,54502,8,,,0,30,,54503,8,,,0,70,,54504,8,,,0,100,,54505,8,,,0
10019,'1910',637,,54506,8,,,0,70,,54507,8,,,0,30,,59963,8,,,0,70,,59964,8,,,0,30,,54510,8,,,0,70,,54511,8,,,0,30,,59965,8,,,0,71,,54513,8,,,0,30,,54514,8,,,0,70,,54515,8,,,0,30,,54516,8,,,0,70,,54517,8,,,0,30,,54518,8,,,0,70,,54519,8,,,0,30,,54520,8,,,0,70,,54521,8,,,0,30,,54522,8,,,0,70,,54523,8,,,0,30,,54524,8,,,0,70,,54525,8,,,0,30,,59966,8,,,0,70,,54527,8,,,0,30,,54528,8,,,0,70,,59967,8,,,0,30,,54530,8,,,0,69,,54531,8,,,0,100,,54532,8,,,0,100,,54533,8,,,0
10019,'1912',737,,54558,8,,,0,70,,54559,8,,,0,30,,54560,8,,,0,70,,54561,8,,,0,30,,54562,8,,,0,70,,54563,8,,,0,30,,54564,8,,,0,70,,54565,8,,,0,30,,54566,8,,,0,71,,54567,8,,,0,30,,54568,8,,,0,70,,59968,8,,,0,30,,54570,8,,,0,70,,54571,8,,,0,30,,54572,8,,,0,70,,54573,8,,,0,30,,54574,8,,,0,70,,54575,8,,,0,30,,59969,8,,,0,70,,54577,8,,,0,30,,54578,8,,,0,69,,54579,8,,,0,30,,54580,8,,,0,70,,54581,8,,,0
10019,'1924',737,,54534,8,,,0,70,,54535,8,,,0,30,,54536,8,,,0,70,,54537,8,,,0,30,,54538,8,,,0,70,,54539,8,,,0,30,,54540,8,,,0,70,,54541,8,,,0,30,,54542,8,,,0,71,,54543,8,,,0,30,,54544,8,,,0,70,,59970,8,,,0,30,,54546,8,,,0,70,,54547,8,,,0,30,,54548,8,,,0,70,,54549,8,,,0,30,,54550,8,,,0,70,,54551,8,,,0,30,,59971,8,,,0,70,,54553,8,,,0,30,,54554,8,,,0,69,,54555,8,,,0,30,,54556,8,,,0,70,,54557,8,,,0
10019,'1925',737,,59972,8,,,0,70,,59973,8,,,0,30,,59974,8,,,0,70,,59975,8,,,0,30,,59976,8,,,0,70,,59977,8,,,0,30,,59978,8,,,0,70,,59979,8,,,0,30,,59980,8,,,0,71,,59981,8,,,0,30,,59982,8,,,0,70,,59983,8,,,0,30,,59984,8,,,0,70,,59985,8,,,0,30,,59986,8,,,0,70,,59987,8,,,0,30,,59988,8,,,0,70,,59989,8,,,0,30,,59990,8,,,0,70,,59991,8,,,0,30,,59992,8,,,0,69,,59993,8,,,0,30,,59994,8,,,0,70,,59995,8,,,0
15019,'1907',718,,60228,18,,,0,100,,60226,18,,,0,100,,60229,18,,,0,101,,60227,18,,,0,100,,60224,18,,,0,100,,60222,18,,,0,101,,60225,18,,,0,100,,60223,18,,,0,100,,60220,18,,,0,100,,60221,18,,,0,100,,60218,18,,,0,100,,60219,18,,,0,100,,60217,18,,,0,98,,55095,18,,,0
15019,'1909',643,,55096,18,,,0,70,,60230,18,,,0,32,,55098,18,,,0,70,,55099,18,,,0,30,,55100,18,,,0,70,,55101,18,,,0,30,,60231,18,,,0,70,,60232,18,,,0,30,,60233,18,,,0,70,,55105,18,,,0,30,,60234,18,,,0,70,,60235,18,,,0,30,,55108,18,,,0,70,,55109,18,,,0,30,,55110,18,,,0,70,,55111,18,,,0,31,,55112,18,,,0,70,,55113,18,,,0,30,,55114,18,,,0,70,,60236,18,,,0,29,,55116,18,,,0,70,,55117,18,,,0,30,,55118,18,,,0,70,,60237,18,,,0,30,,55120,18,,,0,70,,55126,18,,,0,30,,55121,18,,,0,98,,60238,18,,,0,100,,55125,18,,,0,100,,55123,18,0,5 2 6 7,0
15019,'1910',718,,60239,18,,,0,100,,55128,18,,,0,100,,55129,18,,,0,101,,60240,18,,,0,100,,55131,18,,,0,100,,55132,18,,,0,102,,60241,18,,,0,100,,60242,18,,,0,100,,55135,18,,,0,100,,55136,18,,,0,100,,55137,18,,,0,98,,55138,18,,,0,100,,55139,18,,,0,99,,60243,18,,,0
15019,'1912',718,,60255,18,,,0,100,,60253,18,,,0,100,,60256,18,,,0,101,,60254,18,,,0,100,,60251,18,,,0,100,,60249,18,,,0,101,,60252,18,,,0,100,,60250,18,,,0,100,,60247,18,,,0,100,,60248,18,,,0,100,,60245,18,,,0,100,,60246,18,,,0,100,,60244,18,,,0,98,,55169,18,,,0
15019,'1924',718,,60268,18,,,0,100,,60266,18,,,0,100,,60269,18,,,0,101,,60267,18,,,0,100,,60264,18,,,0,100,,60262,18,,,0,101,,60265,18,,,0,100,,60263,18,,,0,100,,60260,18,,,0,100,,60261,18,,,0,100,,60258,18,,,0,100,,60259,18,,,0,100,,60257,18,,,0,98,,55155,18,,,0
15019,'1925',718,,60281,18,,,0,100,,60279,18,,,0,100,,60282,18,,,0,101,,60280,18,,,0,100,,60277,18,,,0,100,,60275,18,,,0,101,,60278,18,,,0,100,,60276,18,,,0,100,,60273,18,,,0,100,,60274,18,,,0,100,,60271,18,,,0,100,,60272,18,,,0,100,,60270,18,,,0,98,,60283,18,,,0
