2029,'1907',612,,59290,12,,,0,30,,59298,12,,,0,68,,59309,12,,,0,28,,59304,12,,,0,70,,59291,12,,,0,30,,59299,12,,,0,70,,59310,12,,,0,30,,59305,12,,,0,70,,59292,12,,,0,30,,59300,12,,,0,70,,59311,12,,,0,30,,59306,12,,,0,70,,59293,12,,,0,30,,59301,12,,,0,70,,59312,12,,,0,30,,59307,12,,,0,70,,59294,12,,,0,30,,59302,12,,,0,70,,59313,12,,,0,30,,59308,12,,,0,70,,59295,12,,,0,30,,59303,12,,,0,70,,59314,12,,,0,28,,59318,12,0,5 2 13 14,0,72,,59296,12,,,0,28,,59317,12,0,5 2 13 14,0,71,,59315,12,,,0,100,,59297,12,,,0,101,,59316,12,,,0,100,,59289,12,,,0,93,,59319,12,0,5 2 13 14,0,101,,59320,12,0,5 2 13 14,0
2029,'1909',539,,59321,12,,,0,70,,59322,12,,,0,26,,59323,12,,,0,70,,59324,12,,,0,29,,59325,12,,,0,70,,59326,12,,,0,30,,59327,12,,,0,73,,59328,12,,,0,31,,59329,12,,,0,71,,59352,12,,,0,30,,59348,12,,,0,70,,59354,12,,,0,30,,59350,12,,,0,70,,59351,12,,,0,30,,59347,12,,,0,70,,59353,12,,,0,30,,59349,12,,,0,70,,59355,12,,,0,30,,59330,12,,,0,74,,59331,12,,,0,30,,59332,12,,,0,70,,59333,12,,,0,30,,59334,12,,,0,70,,59335,12,,,0,28,,59336,12,,,0,67,,59337,12,,,0,30,,59341,12,,,0,70,,59342,12,,,0,29,,59345,12,0,5 2 13 14,0,71,,59343,12,,,0,97,,59344,12,,,0,100,,59340,12,,,0,99,,59339,12,0,5 2 13 14,0,98,,59346,12,0,5 2 13 14,0
2029,'1910',542,,59387,12,0,5 2 15 16 17,0,70,,59370,12,,,0,30,,59377,12,,,0,66,,59356,12,,,0,30,,59362,12,,,0,70,,59371,12,,,0,30,,59378,12,,,0,70,,59357,12,,,0,30,,59363,12,,,0,70,,59372,12,,,0,30,,59379,12,,,0,70,,59358,12,,,0,30,,59364,12,,,0,70,,59373,12,,,0,30,,59380,12,,,0,70,,59359,12,,,0,30,,59365,12,,,0,70,,59374,12,,,0,30,,59381,12,,,0,70,,59360,12,,,0,30,,59366,12,,,0,70,,59375,12,,,0,30,,59382,12,,,0,70,,59361,12,,,0,30,,59367,12,,,0,70,,59376,12,,,0,30,,59383,12,,,0,69,,59368,12,,,0,29,,59389,12,0,5 2 13 14,0,71,,59384,12,,,0,100,,59369,12,,,0,100,,59385,12,,,0,96,,59386,12,0,5 2 13 14,0,98,,59388,12,0,5 2 13 14,0
2029,'1912',612,,59391,12,,,0,30,,59399,12,,,0,68,,59410,12,,,0,28,,59405,12,,,0,70,,59392,12,,,0,30,,59400,12,,,0,70,,59411,12,,,0,30,,59406,12,,,0,70,,59393,12,,,0,30,,59401,12,,,0,70,,59412,12,,,0,30,,59407,12,,,0,70,,59394,12,,,0,30,,59402,12,,,0,70,,59413,12,,,0,30,,59408,12,,,0,70,,59395,12,,,0,30,,59403,12,,,0,70,,59414,12,,,0,30,,59409,12,,,0,70,,59396,12,,,0,30,,59404,12,,,0,70,,59415,12,,,0,28,,59419,12,0,5 2 13 14,0,72,,59397,12,,,0,28,,59418,12,0,5 2 13 14,0,71,,59416,12,,,0,100,,59398,12,,,0,101,,59417,12,,,0,100,,59390,12,,,0,93,,59420,12,0,5 2 13 14,0,101,,59421,12,0,5 2 13 14,0
2029,'1924',612,,59423,12,,,0,30,,59431,12,,,0,68,,59442,12,,,0,28,,59437,12,,,0,70,,59424,12,,,0,30,,59432,12,,,0,70,,59443,12,,,0,30,,59438,12,,,0,70,,59425,12,,,0,30,,59433,12,,,0,70,,59444,12,,,0,30,,59439,12,,,0,70,,59426,12,,,0,30,,59434,12,,,0,70,,59445,12,,,0,30,,59440,12,,,0,70,,59427,12,,,0,30,,59435,12,,,0,70,,59446,12,,,0,30,,59441,12,,,0,70,,59428,12,,,0,30,,59436,12,,,0,70,,59447,12,,,0,28,,59451,12,0,5 2 13 14,0,72,,59429,12,,,0,28,,59450,12,0,5 2 13 14,0,71,,59448,12,,,0,100,,59430,12,,,0,101,,59449,12,,,0,100,,59422,12,,,0,93,,59452,12,0,5 2 13 14,0,101,,59453,12,0,5 2 13 14,0
2029,'1925',612,,59455,12,,,0,30,,59463,12,,,0,68,,59474,12,,,0,28,,59469,12,,,0,70,,59456,12,,,0,30,,59464,12,,,0,70,,59475,12,,,0,30,,59470,12,,,0,70,,59457,12,,,0,30,,59465,12,,,0,70,,59476,12,,,0,30,,59471,12,,,0,70,,59458,12,,,0,30,,59466,12,,,0,70,,59477,12,,,0,30,,59472,12,,,0,70,,59459,12,,,0,30,,59467,12,,,0,70,,59478,12,,,0,30,,59473,12,,,0,70,,59460,12,,,0,30,,59468,12,,,0,70,,59479,12,,,0,28,,59483,12,0,5 2 13 14,0,72,,59461,12,,,0,28,,59482,12,0,5 2 13 14,0,71,,59480,12,,,0,100,,59462,12,,,0,101,,59481,12,,,0,100,,59454,12,,,0,93,,59484,12,0,5 2 13 14,0,101,,59485,12,0,5 2 13 14,0
7029,'1907',723,,59835,24,,,0,99,,59836,24,,,0,101,,59837,24,,,0,100,,59838,24,,,0,100,,59839,24,,,0,100,,59840,24,,,0,100,,59841,24,,,0,101,,59842,24,,,0,100,,59843,24,,,0,99,,59844,24,,,0,100,,59845,24,,,0,100,,59846,24,,,0,100,,59847,24,,,0,100,,59848,24,,,0,100,,59834,24,,,0
7029,'1909',521,,54343,24,,,0,101,,54313,24,,,0,31,,59856,24,,,0,72,,54315,24,,,0,30,,59857,24,,,0,70,,54317,24,,,0,30,,59858,24,,,0,70,,54319,24,,,0,30,,54320,24,,,0,70,,54321,24,,,0,30,,54322,24,,,0,70,,54323,24,,,0,30,,59859,24,,,0,70,,59854,24,,,0,30,,59855,24,,,0,70,,54311,24,,,0,31,,59853,24,,,0,70,,59852,24,,,0,32,,54312,24,,,0,68,,54325,24,,,0,30,,59860,24,,,0,70,,59861,24,,,0,29,,54328,24,,,0,70,,54329,24,,,0,30,,54330,24,,,0,70,,59862,24,,,0,30,,59863,24,,,0,70,,54333,24,,,0,30,,54334,24,,,0,70,,59864,24,,,0,99,,54336,24,,,0,99,,59865,24,,,0,100,,54344,24,,,0
7029,'1910',624,,59875,13,,,0,29,,59869,24,,,0,70,,54359,24,,,0,30,,54346,24,,,0,71,,54360,24,,,0,30,,54347,24,,,0,70,,59870,24,,,0,30,,54348,24,,,0,70,,54362,24,,,0,30,,54349,24,,,0,70,,54363,24,,,0,30,,54350,24,,,0,70,,59871,24,,,0,30,,54351,24,,,0,70,,59872,24,,,0,30,,54352,24,,,0,70,,54366,24,,,0,30,,54353,24,,,0,70,,54367,24,,,0,30,,54354,24,,,0,70,,54368,24,,,0,30,,54355,24,,,0,70,,54369,24,,,0,30,,54356,24,,,0,70,,54370,24,,,0,30,,54357,24,,,0,70,,59873,24,,,0,30,,54358,24,,,0,69,,54372,24,,,0,100,,54373,24,,,0,100,,59874,24,,,0,100,,54375,24,,,0
7029,'1912',723,,59878,24,,,0,99,,59879,24,,,0,101,,59880,24,,,0,100,,59881,24,,,0,100,,59882,24,,,0,100,,59883,24,,,0,100,,59884,24,,,0,101,,59885,24,,,0,100,,59886,24,,,0,99,,59887,24,,,0,100,,59888,24,,,0,100,,59889,24,,,0,100,,59890,24,,,0,100,,59891,24,,,0,100,,59877,24,,,0
7029,'1924',723,,59896,24,,,0,99,,59897,24,,,0,101,,59898,24,,,0,100,,59899,24,,,0,100,,59900,24,,,0,100,,59901,24,,,0,100,,59902,24,,,0,101,,59903,24,,,0,100,,59904,24,,,0,99,,59905,24,,,0,100,,59906,24,,,0,100,,59907,24,,,0,100,,59908,24,,,0,100,,59909,24,,,0,100,,59895,24,,,0
7029,'1925',723,,59914,24,,,0,99,,59915,24,,,0,101,,59916,24,,,0,100,,59917,24,,,0,100,,59918,24,,,0,100,,59919,24,,,0,100,,59920,24,,,0,101,,59921,24,,,0,100,,59922,24,,,0,99,,59923,24,,,0,100,,59924,24,,,0,100,,59925,24,,,0,100,,59926,24,,,0,100,,59927,24,,,0,100,,59913,24,,,0
