609,'1907',840,,53892,13,0,5 2 6 7,0,100,,53893,13,0,5 2 6 7,0,100,,53894,13,0,5 2 6 7,0,100,,53895,13,0,5 2 6 7,0,102,,53896,13,0,5 2 6 7,0,100,,53897,13,0,5 2 6 7,0,100,,53898,13,0,5 2 6 7,0,100,,53899,13,0,5 2 6 7,0,100,,53900,13,0,5 2 6 7,0,100,,53901,13,0,5 2 6 7,0,98,,53902,13,0,5 2 6 7,0,100,,53903,13,0,5 2 6 7,0
609,'1909',620,,53961,13,0,15 16 17,0,35,,53915,13,0,15 16 17,0,72,,53912,13,0,15 16 17,0,30,,53925,13,0,15 16 17,0,70,,53927,13,0,15 16 17,0,30,,53937,13,0,15 16 17,0,70,,53960,13,0,15 16 17,0,30,,53924,13,0,15 16 17,0,70,,53933,13,0,15 16 17,0,30,,53934,13,0,15 16 17,0,70,,53932,13,0,15 16 17,0,30,,53956,13,0,15 16 17,0,70,,53955,13,0,15 16 17,0,30,,53952,13,0,15 16 17,0,70,,53953,13,0,15 16 17,0,30,,53954,13,0,15 16 17,0,70,,53951,13,0,15 16 17,0,31,,53949,13,0,15 16 17,0,70,,53950,13,0,15 16 17,0,30,,53948,13,0,15 16 17,0,70,,53946,13,0,15 16 17,0,30,,53945,13,0,15 16 17,0,70,,53947,13,0,15 16 17,0,27,,53944,13,0,15 16 17,0,65,,53943,13,0,15 16 17,0,30,,53942,13,0,15 16 17,0,90,,53940,13,0,15 16 17,0,100,,53941,13,0,15 16 17,0,100,,53939,13,0,15 16 17,0,100,,53963,13,0,15 16 17,0
609,'1910',611,,54020,13,0,15 16 17,0,30,,53999,13,0,15 16 17,0,70,,53987,13,0,15 16 17,0,30,,54013,13,0,15 16 17,0,70,,53986,13,0,15 16 17,0,30,,53998,13,0,15 16 17,0,70,,53985,13,0,15 16 17,0,28,,54012,13,0,15 16 17,0,70,,53984,13,0,15 16 17,0,30,,53997,13,0,15 16 17,0,73,,53983,13,0,15 16 17,0,30,,54011,13,0,15 16 17,0,70,,53982,13,0,15 16 17,0,30,,53996,13,0,15 16 17,0,70,,53981,13,0,15 16 17,0,30,,54010,13,0,15 16 17,0,70,,53980,13,0,15 16 17,0,30,,53995,13,0,15 16 17,0,70,,53979,13,0,15 16 17,0,30,,54009,13,0,15 16 17,0,70,,53978,13,0,15 16 17,0,30,,53994,13,0,15 16 17,0,70,,53977,13,0,15 16 17,0,30,,54016,13,0,15 16 17,0,70,,54000,13,0,15 16 17,0,30,,54014,13,0,15 16 17,0,68,,54017,13,0,5 2 6 7,0,100,,54008,13,0,5 2 6 7,0,100,,54021,13,0,5 2 6 7,0
609,'1911',840,,54047,13,0,5 2 6 7,0,100,,54048,13,0,5 2 6 7,0,100,,54049,13,0,5 2 6 7,0,100,,54050,13,0,5 2 6 7,0,102,,54051,13,0,5 2 6 7,0,100,,54052,13,0,5 2 6 7,0,100,,54053,13,0,5 2 6 7,0,100,,54054,13,0,5 2 6 7,0,100,,54055,13,0,5 2 6 7,0,100,,54056,13,0,5 2 6 7,0,98,,54057,13,0,5 2 6 7,0,100,,54058,13,0,5 2 6 7,0
609,'1912',840,,54083,13,0,5 2 6 7,0,100,,54084,13,0,5 2 6 7,0,100,,54085,13,0,5 2 6 7,0,100,,54086,13,0,5 2 6 7,0,102,,54087,13,0,5 2 6 7,0,100,,54088,13,0,5 2 6 7,0,100,,54089,13,0,5 2 6 7,0,100,,54090,13,0,5 2 6 7,0,100,,54091,13,0,5 2 6 7,0,100,,54092,13,0,5 2 6 7,0,98,,54093,13,0,5 2 6 7,0,100,,54094,13,0,5 2 6 7,0
11029,'1907',811,,54785,6,,,0,100,,54786,6,,,0,103,,54787,6,,,0,100,,54788,6,,,0,100,,54789,6,,,0,100,,54790,6,,,0,100,,54791,6,,,0,100,,54792,6,,,0,100,,54793,6,,,0,99,,54794,6,,,0,100,,54795,6,,,0,99,,54796,6,,,0,100,,54797,6,,,0
11029,'1909',712,,54799,6,,,0,101,,54800,6,,,0,100,,54801,6,,,0,100,,54802,6,,,0,100,,54803,6,,,0,100,,54804,6,,,0,100,,54805,6,,,0,101,,54806,6,,,0,100,,54807,6,,,0,100,,54808,6,,,0,100,,54809,6,,,0,99,,54810,6,,,0,100,,54811,6,,,0,100,,54812,6,,,0,99,,54798,6,,,0
11029,'1910',712,,54827,6,,,0,100,,54814,6,,,0,100,,54815,6,,,0,103,,54816,6,,,0,100,,54817,6,,,0,100,,54818,6,,,0,100,,54819,6,,,0,100,,54820,6,,,0,100,,54821,6,,,0,100,,54822,6,,,0,98,,54823,6,,,0,100,,54824,6,,,0,99,,54825,6,,,0,100,,54826,6,,,0
11029,'1911',811,,54829,6,,,0,100,,54830,6,,,0,103,,54831,6,,,0,100,,54832,6,,,0,100,,54833,6,,,0,100,,54834,6,,,0,100,,54835,6,,,0,100,,54836,6,,,0,100,,54837,6,,,0,99,,54838,6,,,0,100,,54839,6,,,0,99,,54840,6,,,0,100,,54841,6,,,0
11029,'1912',811,,54842,6,,,0,100,,54843,6,,,0,103,,54844,6,,,0,100,,54845,6,,,0,100,,54846,6,,,0,100,,54847,6,,,0,100,,54848,6,,,0,100,,54849,6,,,0,100,,54850,6,,,0,99,,54851,6,,,0,100,,54852,6,,,0,99,,54853,6,,,0,100,,54854,6,,,0
702029,'1907',626,,58131,4,0,9 10,0,23,,58119,4,0,9 10,0,70,,58133,4,0,9 10,0,30,,58129,4,0,9 10,0,55,,58150,4,0,5 2 11 2 12,0,16,,58118,4,0,9 10,0,15,,58162,4,0,5 2 11 2 12,0,15,,58132,4,0,9 10,0,55,,58143,4,0,5 2 11 2 12,0,15,,58120,4,0,9 10,0,15,,58148,4,0,5 2 11 2 12,0,15,,58117,4,0,9 10,0,55,,58157,4,0,5 2 11 2 12,0,15,,58138,4,0,9 10,0,15,,58158,4,0,5 2 11 2 12,0,15,,58123,4,0,9 10,0,55,,58149,4,0,5 2 11 2 12,0,15,,58116,4,0,9 10,0,15,,58168,4,0,5 2 11 2 12,0,15,,58141,4,0,9 10,0,56,,58146,4,0,5 2 11 2 12,0,15,,58127,4,0,9 10,0,15,,58160,4,0,5 2 11 2 12,0,15,,58115,4,0,9 10,0,55,,58169,4,0,5 2 11 2 12,0,15,,58134,4,0,9 10,0,15,,58152,4,0,5 2 11 2 12,0,15,,58126,4,0,9 10,0,55,,58155,4,0,5 2 11 2 12,0,15,,58114,4,0,9 10,0,15,,58167,4,0,5 2 11 2 12,0,15,,58135,4,0,9 10,0,55,,58147,4,0,5 2 11 2 12,0,15,,58122,4,0,9 10,0,15,,58156,4,0,5 2 11 2 12,0,15,,58113,4,0,9 10,0,55,,58165,4,0,5 2 11 2 12,0,15,,58142,4,0,9 10,0,15,,58145,4,0,5 2 11 2 12,0,15,,58121,4,0,9 10,0,55,,58161,4,0,5 2 11 2 12,0,15,,58112,4,0,9 10,0,15,,58163,4,0,5 2 11 2 12,0,15,,58137,4,0,9 10,0,55,,58153,4,0,5 2 11 2 12,0,13,,58130,4,0,9 10,0,15,,58159,4,0,5 2 11 2 12,0,15,,58111,4,0,9 10,0,55,,58164,4,0,5 2 11 2 12,0,15,,58139,4,0,9 10,0,15,,58151,4,0,5 2 11 2 12,0,15,,58125,4,0,9 10,0,55,,58154,4,0,5 2 11 2 12,0,15,,58110,4,0,9 10,0,15,,58166,4,0,5 2 11 2 12,0,15,,58136,4,0,9 10,0,55,,58144,4,0,5 2 11 2 12,0,15,,58128,4,0,9 10,0,30,,58109,4,0,9 10,0,70,,58140,4,0,9 10,0,30,,58124,4,0,9 10,0,65,,58170,4,0,9 10,0,30,,58171,4,0,5 2 11 2 12,0
702029,'1909',609,,58172,4,0,9 10,0,20,,58173,4,0,9 10,0,30,,58229,4,0,9 10,0,57,,58174,4,0,9 10,0,15,,58175,4,0,9 10,0,21,,58176,4,0,9 10,0,55,,58177,4,0,9 10,0,15,,58227,4,0,9 10,0,15,,58205,4,0,5 2 11 2 12,0,15,,58228,4,0,9 10,0,60,,58178,4,0,9 10,0,15,,58207,4,0,5 2 11 2 12,0,15,,58179,4,0,9 10,0,15,,58208,4,0,5 2 11 2 12,0,55,,58236,4,0,9 10,0,15,,58209,4,0,5 2 11 2 12,0,15,,58180,4,0,9 10,0,15,,58210,4,0,5 2 11 2 12,0,55,,58181,4,0,9 10,0,15,,58211,4,0,5 2 11 2 12,0,15,,58182,4,0,9 10,0,15,,58212,4,0,5 2 11 2 12,0,55,,58183,4,0,9 10,0,15,,58213,4,0,5 2 11 2 12,0,15,,58184,4,0,9 10,0,15,,58214,4,0,5 2 11 2 12,0,55,,58185,4,0,9 10,0,15,,58215,4,0,5 2 11 2 12,0,15,,58186,4,0,9 10,0,15,,58216,4,0,5 2 11 2 12,0,55,,58187,4,0,9 10,0,15,,58206,4,0,5 2 11 2 12,0,10,,58231,4,0,9 10,0,15,,58217,4,0,5 2 11 2 12,0,55,,58188,4,0,9 10,0,15,,58232,4,0,9 10,0,15,,58189,4,0,9 10,0,15,,58218,4,0,5 2 11 2 12,0,55,,58191,4,0,9 10,0,15,,58190,4,0,9 10,0,15,,58233,4,0,9 10,0,15,,58234,4,0,5 2 11 2 12,0,55,,58192,4,0,9 10,0,15,,58193,4,0,9 10,0,13,,58219,4,0,5 2 11 2 12,0,15,,58194,4,0,9 10,0,55,,58220,4,0,5 2 11 2 12,0,15,,58235,4,0,9 10,0,15,,58221,4,0,5 2 11 2 12,0,15,,58195,4,0,9 10,0,55,,58222,4,0,5 2 11 2 12,0,15,,58196,4,0,9 10,0,15,,58223,4,0,5 2 11 2 12,0,15,,58197,4,0,9 10,0,54,,58224,4,0,5 2 11 2 12,0,15,,58198,4,0,9 10,0,15,,58225,4,0,5 2 11 2 12,0,15,,58199,4,0,9 10,0,55,,58226,4,0,5 2 11 2 12,0,15,,58200,4,0,9 10,0,30,,58201,4,0,9 10,0,70,,58202,4,0,9 10,0,30,,58203,4,0,9 10,0,65,,58230,4,0,9 10,0,30,,58204,4,0,5 2 11 2 12,0
702029,'1910',626,,58251,4,0,9 10,0,23,,58237,4,0,9 10,0,70,,58241,4,0,9 10,0,30,,58245,4,0,9 10,0,55,,58259,4,0,5 2 11 2 12,0,15,,58248,4,0,9 10,0,15,,58253,4,0,5 2 11 2 12,0,15,,58238,4,0,9 10,0,55,,58254,4,0,5 2 11 2 12,0,15,,58242,4,0,9 10,0,15,,58255,4,0,5 2 11 2 12,0,15,,58284,4,0,9 10,0,58,,58291,4,0,5 2 11 2 12,0,15,,58277,4,0,9 10,0,15,,58287,4,0,5 2 11 2 12,0,15,,58265,4,0,9 10,0,55,,58274,4,0,5 2 11 2 12,0,15,,58280,4,0,9 10,0,15,,58267,4,0,5 2 11 2 12,0,15,,58275,4,0,9 10,0,55,,58297,4,0,5 2 11 2 12,0,15,,58272,4,0,9 10,0,15,,58293,4,0,5 2 11 2 12,0,15,,58269,4,0,9 10,0,55,,58279,4,0,5 2 11 2 12,0,15,,58296,4,0,9 10,0,15,,58290,4,0,5 2 11 2 12,0,15,,58283,4,0,9 10,0,55,,58268,4,0,5 2 11 2 12,0,15,,58271,4,0,9 10,0,15,,58295,4,0,5 2 11 2 12,0,15,,58278,4,0,9 10,0,55,,58262,4,0,5 2 11 2 12,0,15,,58281,4,0,9 10,0,15,,58285,4,0,5 2 11 2 12,0,15,,58266,4,0,9 10,0,55,,58264,4,0,5 2 11 2 12,0,15,,58298,4,0,9 10,0,15,,58289,4,0,5 2 11 2 12,0,15,,58276,4,0,9 10,0,55,,58286,4,0,5 2 11 2 12,0,15,,58273,4,0,9 10,0,15,,58288,4,0,5 2 11 2 12,0,15,,58270,4,0,9 10,0,55,,58292,4,0,5 2 11 2 12,0,15,,58299,4,0,9 10,0,15,,58263,4,0,5 2 11 2 12,0,15,,58282,4,0,9 10,0,55,,58294,4,0,5 2 11 2 12,0,13,,58243,4,0,9 10,0,15,,58252,4,0,5 2 11 2 12,0,15,,58246,4,0,9 10,0,55,,58256,4,0,5 2 11 2 12,0,15,,58249,4,0,9 10,0,15,,58257,4,0,5 2 11 2 12,0,15,,58239,4,0,9 10,0,55,,58258,4,0,5 2 11 2 12,0,14,,58244,4,0,9 10,0,30,,58247,4,0,9 10,0,70,,58250,4,0,9 10,0,30,,58240,4,0,9 10,0,65,,58261,4,0,9 10,0,30,,58260,4,0,5 2 11 2 12,0
702029,'1911',626,,58322,4,0,9 10,0,23,,58310,4,0,9 10,0,70,,58324,4,0,9 10,0,30,,58320,4,0,9 10,0,55,,58341,4,0,5 2 11 2 12,0,16,,58309,4,0,9 10,0,15,,58353,4,0,5 2 11 2 12,0,15,,58323,4,0,9 10,0,55,,58334,4,0,5 2 11 2 12,0,15,,58311,4,0,9 10,0,15,,58339,4,0,5 2 11 2 12,0,15,,58308,4,0,9 10,0,55,,58348,4,0,5 2 11 2 12,0,15,,58329,4,0,9 10,0,15,,58349,4,0,5 2 11 2 12,0,15,,58314,4,0,9 10,0,55,,58340,4,0,5 2 11 2 12,0,15,,58307,4,0,9 10,0,15,,58359,4,0,5 2 11 2 12,0,15,,58332,4,0,9 10,0,56,,58337,4,0,5 2 11 2 12,0,15,,58318,4,0,9 10,0,15,,58351,4,0,5 2 11 2 12,0,15,,58306,4,0,9 10,0,55,,58360,4,0,5 2 11 2 12,0,15,,58325,4,0,9 10,0,15,,58343,4,0,5 2 11 2 12,0,15,,58317,4,0,9 10,0,55,,58346,4,0,5 2 11 2 12,0,15,,58305,4,0,9 10,0,15,,58358,4,0,5 2 11 2 12,0,15,,58326,4,0,9 10,0,55,,58338,4,0,5 2 11 2 12,0,15,,58313,4,0,9 10,0,15,,58347,4,0,5 2 11 2 12,0,15,,58304,4,0,9 10,0,55,,58356,4,0,5 2 11 2 12,0,15,,58333,4,0,9 10,0,15,,58336,4,0,5 2 11 2 12,0,15,,58312,4,0,9 10,0,55,,58352,4,0,5 2 11 2 12,0,15,,58303,4,0,9 10,0,15,,58354,4,0,5 2 11 2 12,0,15,,58328,4,0,9 10,0,55,,58344,4,0,5 2 11 2 12,0,13,,58321,4,0,9 10,0,15,,58350,4,0,5 2 11 2 12,0,15,,58302,4,0,9 10,0,55,,58355,4,0,5 2 11 2 12,0,15,,58330,4,0,9 10,0,15,,58342,4,0,5 2 11 2 12,0,15,,58316,4,0,9 10,0,55,,58345,4,0,5 2 11 2 12,0,15,,58301,4,0,9 10,0,15,,58357,4,0,5 2 11 2 12,0,15,,58327,4,0,9 10,0,55,,58335,4,0,5 2 11 2 12,0,15,,58319,4,0,9 10,0,30,,58300,4,0,9 10,0,70,,58331,4,0,9 10,0,30,,58315,4,0,9 10,0,65,,58361,4,0,9 10,0,30,,58362,4,0,5 2 11 2 12,0
702029,'1912',626,,58385,4,0,9 10,0,23,,58373,4,0,9 10,0,70,,58387,4,0,9 10,0,30,,58383,4,0,9 10,0,55,,58404,4,0,5 2 11 2 12,0,16,,58372,4,0,9 10,0,15,,58416,4,0,5 2 11 2 12,0,15,,58386,4,0,9 10,0,55,,58397,4,0,5 2 11 2 12,0,15,,58374,4,0,9 10,0,15,,58402,4,0,5 2 11 2 12,0,15,,58371,4,0,9 10,0,55,,58411,4,0,5 2 11 2 12,0,15,,58392,4,0,9 10,0,15,,58412,4,0,5 2 11 2 12,0,15,,58377,4,0,9 10,0,55,,58403,4,0,5 2 11 2 12,0,15,,58370,4,0,9 10,0,15,,58422,4,0,5 2 11 2 12,0,15,,58395,4,0,9 10,0,56,,58400,4,0,5 2 11 2 12,0,15,,58381,4,0,9 10,0,15,,58414,4,0,5 2 11 2 12,0,15,,58369,4,0,9 10,0,55,,58423,4,0,5 2 11 2 12,0,15,,58388,4,0,9 10,0,15,,58406,4,0,5 2 11 2 12,0,15,,58380,4,0,9 10,0,55,,58409,4,0,5 2 11 2 12,0,15,,58368,4,0,9 10,0,15,,58421,4,0,5 2 11 2 12,0,15,,58389,4,0,9 10,0,55,,58401,4,0,5 2 11 2 12,0,15,,58376,4,0,9 10,0,15,,58410,4,0,5 2 11 2 12,0,15,,58367,4,0,9 10,0,55,,58419,4,0,5 2 11 2 12,0,15,,58396,4,0,9 10,0,15,,58399,4,0,5 2 11 2 12,0,15,,58375,4,0,9 10,0,55,,58415,4,0,5 2 11 2 12,0,15,,58366,4,0,9 10,0,15,,58417,4,0,5 2 11 2 12,0,15,,58391,4,0,9 10,0,55,,58407,4,0,5 2 11 2 12,0,13,,58384,4,0,9 10,0,15,,58413,4,0,5 2 11 2 12,0,15,,58365,4,0,9 10,0,55,,58418,4,0,5 2 11 2 12,0,15,,58393,4,0,9 10,0,15,,58405,4,0,5 2 11 2 12,0,15,,58379,4,0,9 10,0,55,,58408,4,0,5 2 11 2 12,0,15,,58364,4,0,9 10,0,15,,58420,4,0,5 2 11 2 12,0,15,,58390,4,0,9 10,0,55,,58398,4,0,5 2 11 2 12,0,15,,58382,4,0,9 10,0,30,,58363,4,0,9 10,0,70,,58394,4,0,9 10,0,30,,58378,4,0,9 10,0,65,,58424,4,0,9 10,0,30,,58425,4,0,5 2 11 2 12,0
