609,'1907',834,,53892,4,0,5 2 6 7,0,100,,53893,4,0,5 2 6 7,0,100,,53894,4,0,5 2 6 7,0,100,,53895,4,0,5 2 6 7,0,101,,53896,4,0,5 2 6 7,0,100,,53897,4,0,5 2 6 7,0,100,,53898,4,0,5 2 6 7,0,100,,53899,4,0,5 2 6 7,0,100,,53900,4,0,5 2 6 7,0,100,,53901,4,0,5 2 6 7,0,99,,53902,4,0,5 2 6 7,0,100,,53903,4,0,5 2 6 7,0
609,'1909',614,,59635,4,0,15 16 17,0,35,,59613,4,0,15 16 17,0,71,,59611,4,0,15 16 17,0,30,,59616,4,0,15 16 17,0,70,,53927,4,0,15 16 17,0,30,,53937,4,0,15 16 17,0,70,,59634,4,0,15 16 17,0,30,,53924,4,0,15 16 17,0,70,,53933,4,0,15 16 17,0,30,,53934,4,0,15 16 17,0,70,,53932,4,0,15 16 17,0,30,,53956,4,0,15 16 17,0,70,,53955,4,0,15 16 17,0,30,,53952,4,0,15 16 17,0,70,,59629,4,0,15 16 17,0,30,,59630,4,0,15 16 17,0,70,,59628,4,0,15 16 17,0,30,,59626,4,0,15 16 17,0,70,,59627,4,0,15 16 17,0,30,,59625,4,0,15 16 17,0,70,,59624,4,0,15 16 17,0,30,,59623,4,0,15 16 17,0,70,,53947,4,0,15 16 17,0,29,,53944,4,0,15 16 17,0,65,,59622,4,0,15 16 17,0,30,,53942,4,0,15 16 17,0,90,,53940,4,0,15 16 17,0,100,,59621,4,0,15 16 17,0,100,,53939,4,0,15 16 17,0,100,,59637,4,0,15 16 17,0
609,'1910',606,,59687,4,0,15 16 17,0,30,,59668,4,0,15 16 17,0,70,,59658,4,0,15 16 17,0,30,,54013,4,0,15 16 17,0,70,,53986,4,0,15 16 17,0,30,,53998,4,0,15 16 17,0,70,,59657,4,0,15 16 17,0,28,,59681,4,0,15 16 17,0,70,,59656,4,0,15 16 17,0,30,,59667,4,0,15 16 17,0,71,,59655,4,0,15 16 17,0,30,,59680,4,0,15 16 17,0,70,,59654,4,0,15 16 17,0,30,,59666,4,0,15 16 17,0,70,,59653,4,0,15 16 17,0,30,,59679,4,0,15 16 17,0,70,,59652,4,0,15 16 17,0,30,,59665,4,0,15 16 17,0,70,,59651,4,0,15 16 17,0,30,,59678,4,0,15 16 17,0,70,,59650,4,0,15 16 17,0,30,,59664,4,0,15 16 17,0,70,,59649,4,0,15 16 17,0,30,,59684,4,0,15 16 17,0,70,,59669,4,0,15 16 17,0,30,,59682,4,0,15 16 17,0,69,,59685,4,0,5 2 6 7,0,100,,59677,4,0,5 2 6 7,0,100,,54021,4,0,5 2 6 7,0
609,'1912',834,,54083,4,0,5 2 6 7,0,100,,54084,4,0,5 2 6 7,0,100,,54085,4,0,5 2 6 7,0,100,,54086,4,0,5 2 6 7,0,101,,54087,4,0,5 2 6 7,0,100,,54088,4,0,5 2 6 7,0,100,,54089,4,0,5 2 6 7,0,100,,54090,4,0,5 2 6 7,0,100,,54091,4,0,5 2 6 7,0,100,,54092,4,0,5 2 6 7,0,99,,54093,4,0,5 2 6 7,0,100,,54094,4,0,5 2 6 7,0
609,'1924',834,,54047,4,0,5 2 6 7,0,100,,54048,4,0,5 2 6 7,0,100,,54049,4,0,5 2 6 7,0,100,,54050,4,0,5 2 6 7,0,101,,54051,4,0,5 2 6 7,0,100,,54052,4,0,5 2 6 7,0,100,,54053,4,0,5 2 6 7,0,100,,54054,4,0,5 2 6 7,0,100,,54055,4,0,5 2 6 7,0,100,,54056,4,0,5 2 6 7,0,99,,54057,4,0,5 2 6 7,0,100,,54058,4,0,5 2 6 7,0
609,'1925',834,,59712,4,0,5 2 6 7,0,100,,59713,4,0,5 2 6 7,0,100,,59714,4,0,5 2 6 7,0,100,,59715,4,0,5 2 6 7,0,101,,59716,4,0,5 2 6 7,0,100,,59717,4,0,5 2 6 7,0,100,,59718,4,0,5 2 6 7,0,100,,59719,4,0,5 2 6 7,0,100,,59720,4,0,5 2 6 7,0,100,,59721,4,0,5 2 6 7,0,99,,59722,4,0,5 2 6 7,0,100,,59723,4,0,5 2 6 7,0
15019,'1907',716,,60228,15,,,0,100,,60226,15,,,0,100,,60229,15,,,0,100,,60227,15,,,0,100,,60224,15,,,0,100,,60222,15,,,0,101,,60225,15,,,0,100,,60223,15,,,0,100,,60220,15,,,0,100,,60221,15,,,0,100,,60218,15,,,0,100,,60219,15,,,0,100,,60217,15,,,0,99,,55095,15,,,0
15019,'1909',641,,55096,15,,,0,70,,60230,15,,,0,31,,55098,15,,,0,70,,55099,15,,,0,30,,55100,15,,,0,70,,55101,15,,,0,30,,60231,15,,,0,70,,60232,15,,,0,30,,60233,15,,,0,70,,55105,15,,,0,30,,60234,15,,,0,70,,60235,15,,,0,30,,55108,15,,,0,70,,55109,15,,,0,30,,55110,15,,,0,70,,55111,15,,,0,31,,55112,15,,,0,70,,55113,15,,,0,30,,55114,15,,,0,70,,60236,15,,,0,29,,55116,15,,,0,70,,55117,15,,,0,30,,55118,15,,,0,70,,60237,15,,,0,30,,55120,15,,,0,70,,55126,15,,,0,30,,55121,15,,,0,99,,60238,15,,,0,100,,55125,15,,,0,100,,55123,15,0,5 2 6 7,0
15019,'1910',716,,60239,15,,,0,100,,55128,15,,,0,100,,55129,15,,,0,100,,60240,15,,,0,100,,55131,15,,,0,100,,55132,15,,,0,102,,60241,15,,,0,100,,60242,15,,,0,100,,55135,15,,,0,100,,55136,15,,,0,100,,55137,15,,,0,98,,55138,15,,,0,100,,55139,15,,,0,100,,60243,15,,,0
15019,'1912',716,,60255,15,,,0,100,,60253,15,,,0,100,,60256,15,,,0,100,,60254,15,,,0,100,,60251,15,,,0,100,,60249,15,,,0,101,,60252,15,,,0,100,,60250,15,,,0,100,,60247,15,,,0,100,,60248,15,,,0,100,,60245,15,,,0,100,,60246,15,,,0,100,,60244,15,,,0,99,,55169,15,,,0
15019,'1924',716,,60268,15,,,0,100,,60266,15,,,0,100,,60269,15,,,0,100,,60267,15,,,0,100,,60264,15,,,0,100,,60262,15,,,0,101,,60265,15,,,0,100,,60263,15,,,0,100,,60260,15,,,0,100,,60261,15,,,0,100,,60258,15,,,0,100,,60259,15,,,0,100,,60257,15,,,0,99,,55155,15,,,0
15019,'1925',716,,60281,15,,,0,100,,60279,15,,,0,100,,60282,15,,,0,100,,60280,15,,,0,100,,60277,15,,,0,100,,60275,15,,,0,101,,60278,15,,,0,100,,60276,15,,,0,100,,60273,15,,,0,100,,60274,15,,,0,100,,60271,15,,,0,100,,60272,15,,,0,100,,60270,15,,,0,99,,60283,15,,,0
502019,'1907',607,,56664,3,,,0,28,,56646,3,,,0,65,,56655,3,,,0,30,,56680,3,,,0,70,,56660,3,,,0,30,,56679,3,,,0,70,,56658,3,,,0,30,,56678,3,,,0,70,,56647,3,,,0,30,,56677,3,,,0,15,,56689,3,,,0,55,,56648,3,,,0,15,,56691,3,,,0,15,,56676,3,,,0,15,,56694,3,,,0,55,,61132,3,,,0,15,,56683,3,,,0,15,,56675,3,,,0,15,,56686,3,,,0,55,,56650,3,,,0,15,,56688,3,,,0,15,,56674,3,,,0,15,,56692,3,,,0,55,,56651,3,,,0,15,,61133,3,,,0,15,,56673,3,,,0,15,,56682,3,,,0,55,,56652,3,,,0,15,,56685,3,,,0,15,,56672,3,,,0,15,,56687,3,,,0,55,,56653,3,,,0,15,,56690,3,,,0,15,,56671,3,,,0,15,,56695,3,,,0,55,,56654,3,,,0,15,,56681,3,,,0,15,,56670,3,,,0,15,,56684,3,,,0,55,,56663,3,,,0,30,,56669,3,,,0,70,,56661,3,,,0,30,,56668,3,,,0,70,,56656,3,,,0,30,,56667,3,,,0,70,,56657,3,,,0,30,,56665,3,,,0,29,,56662,3,,,0,70,,56666,3,,,0,30,,56659,3,,,0
502019,'1909',530,,61134,3,,,0,15,,61135,3,,,0,55,,56698,3,,,0,15,,56699,3,,,0,7,,56700,3,,,0,8,,61136,3,,,0,15,,56702,3,,,0,12,,56703,3,,,0,52,,56704,3,,,0,12,,56705,3,,,0,6,,56706,3,,,0,6,,61137,3,,,0,12,,56708,3,,,0,6,,56709,3,,,0,6,,56710,3,,,0,52,,56711,3,,,0,12,,56712,3,,,0,12,,56713,3,,,0,12,,56714,3,,,0,55,,56715,3,,,0,15,,56716,3,,,0,15,,56717,3,,,0,15,,56718,3,,,0,55,,56719,3,,,0,15,,56720,3,,,0,15,,61138,3,,,0,15,,56722,3,,,0,55,,56723,3,,,0,15,,56724,3,,,0,15,,61139,3,,,0,15,,56726,3,,,0,55,,56727,3,,,0,15,,61140,3,,,0,15,,56729,3,,,0,15,,56730,3,,,0,55,,56731,3,,,0,15,,56732,3,,,0,15,,61141,3,,,0,15,,56734,3,,,0,55,,56735,3,,,0,15,,56736,3,,,0,15,,56737,3,,,0,16,,56738,3,,,0,55,,56739,3,,,0,15,,56740,3,,,0,12,,56741,3,,,0,12,,56742,3,,,0,12,,56743,3,,,0,52,,56744,3,,,0,12,,56745,3,,,0,12,,56746,3,,,0,12,,56747,3,,,0,12,,56748,3,,,0,52,,56749,3,,,0,11,,56750,3,,,0,12,,56751,3,,,0,12,,56752,3,,,0,12,,56753,3,,,0,52,,56754,3,,,0,12,,56755,3,,,0,15,,56756,3,,,0,15,,61142,3,,,0,55,,56757,3,,,0,30,,56758,3,,,0,70,,56759,3,,,0,30,,56760,3,,,0,70,,56761,3,,,0,30,,56762,3,,,0,70,,56763,3,,,0,30,,56764,3,,,0,70,,56765,3,,,0
502019,'1910',605,,56774,3,,,0,15,,61171,3,,,0,15,,56781,3,,,0,70,,61149,3,,,0,30,,56782,3,,,0,65,,61148,3,,,0,30,,61152,3,,,0,70,,61147,3,,,0,30,,61153,3,,,0,15,,56785,3,,,0,55,,61163,3,,,0,15,,56794,3,,,0,15,,61155,3,,,0,15,,56786,3,,,0,55,,61164,3,,,0,15,,56795,3,,,0,15,,61156,3,,,0,15,,56787,3,,,0,55,,61165,3,,,0,15,,56796,3,,,0,15,,61157,3,,,0,15,,56788,3,,,0,55,,61166,3,,,0,15,,56797,3,,,0,15,,61158,3,,,0,15,,56789,3,,,0,55,,61167,3,,,0,15,,56798,3,,,0,15,,61159,3,,,0,15,,56790,3,,,0,55,,61168,3,,,0,15,,56799,3,,,0,15,,61160,3,,,0,15,,56791,3,,,0,55,,61169,3,,,0,15,,56800,3,,,0,15,,61161,3,,,0,15,,56792,3,,,0,55,,61170,3,,,0,15,,56801,3,,,0,15,,61150,3,,,0,15,,61154,3,,,0,55,,61162,3,,,0,15,,56802,3,,,0,15,,56777,3,,,0,15,,56819,3,,,0,55,,61172,3,,,0,30,,56778,3,,,0,70,,61146,3,,,0,30,,56779,3,,,0,70,,61145,3,,,0,30,,56775,3,,,0,70,,61144,3,,,0,30,,61151,3,,,0,70,,61143,3,,,0
502019,'1912',607,,56890,3,,,0,28,,56872,3,,,0,65,,56881,3,,,0,30,,56906,3,,,0,70,,56886,3,,,0,30,,56905,3,,,0,70,,56884,3,,,0,30,,56904,3,,,0,70,,56873,3,,,0,30,,56903,3,,,0,15,,56915,3,,,0,55,,56874,3,,,0,15,,56917,3,,,0,15,,56902,3,,,0,15,,56920,3,,,0,55,,61173,3,,,0,15,,56909,3,,,0,15,,56901,3,,,0,15,,56912,3,,,0,55,,56876,3,,,0,15,,56914,3,,,0,15,,56900,3,,,0,15,,56918,3,,,0,55,,56877,3,,,0,15,,61174,3,,,0,15,,56899,3,,,0,15,,56908,3,,,0,55,,56878,3,,,0,15,,56911,3,,,0,15,,56898,3,,,0,15,,56913,3,,,0,55,,56879,3,,,0,15,,56916,3,,,0,15,,56897,3,,,0,15,,56921,3,,,0,55,,56880,3,,,0,15,,56907,3,,,0,15,,56896,3,,,0,15,,56910,3,,,0,55,,56889,3,,,0,30,,56895,3,,,0,70,,56887,3,,,0,30,,56894,3,,,0,70,,56882,3,,,0,30,,56893,3,,,0,70,,56883,3,,,0,30,,56891,3,,,0,29,,56888,3,,,0,70,,56892,3,,,0,30,,56885,3,,,0
502019,'1924',607,,56840,3,,,0,28,,56822,3,,,0,65,,56831,3,,,0,30,,56856,3,,,0,70,,56836,3,,,0,30,,56855,3,,,0,70,,56834,3,,,0,30,,56854,3,,,0,70,,56823,3,,,0,30,,56853,3,,,0,15,,56865,3,,,0,55,,56824,3,,,0,15,,56867,3,,,0,15,,56852,3,,,0,15,,56870,3,,,0,55,,61175,3,,,0,15,,56859,3,,,0,15,,56851,3,,,0,15,,56862,3,,,0,55,,56826,3,,,0,15,,56864,3,,,0,15,,56850,3,,,0,15,,56868,3,,,0,55,,56827,3,,,0,15,,61176,3,,,0,15,,56849,3,,,0,15,,56858,3,,,0,55,,56828,3,,,0,15,,56861,3,,,0,15,,56848,3,,,0,15,,56863,3,,,0,55,,56829,3,,,0,15,,56866,3,,,0,15,,56847,3,,,0,15,,56871,3,,,0,55,,56830,3,,,0,15,,56857,3,,,0,15,,56846,3,,,0,15,,56860,3,,,0,55,,56839,3,,,0,30,,56845,3,,,0,70,,56837,3,,,0,30,,56844,3,,,0,70,,56832,3,,,0,30,,56843,3,,,0,70,,56833,3,,,0,30,,56841,3,,,0,29,,56838,3,,,0,70,,56842,3,,,0,30,,56835,3,,,0
502019,'1925',607,,61195,3,,,0,28,,61177,3,,,0,65,,61186,3,,,0,30,,61211,3,,,0,70,,61191,3,,,0,30,,61210,3,,,0,70,,61189,3,,,0,30,,61209,3,,,0,70,,61178,3,,,0,30,,61208,3,,,0,15,,61220,3,,,0,55,,61179,3,,,0,15,,61222,3,,,0,15,,61207,3,,,0,15,,61225,3,,,0,55,,61180,3,,,0,15,,61214,3,,,0,15,,61206,3,,,0,15,,61217,3,,,0,55,,61181,3,,,0,15,,61219,3,,,0,15,,61205,3,,,0,15,,61223,3,,,0,55,,61182,3,,,0,15,,61224,3,,,0,15,,61204,3,,,0,15,,61213,3,,,0,55,,61183,3,,,0,15,,61216,3,,,0,15,,61203,3,,,0,15,,61218,3,,,0,55,,61184,3,,,0,15,,61221,3,,,0,15,,61202,3,,,0,15,,61226,3,,,0,55,,61185,3,,,0,15,,61212,3,,,0,15,,61201,3,,,0,15,,61215,3,,,0,55,,61194,3,,,0,30,,61200,3,,,0,70,,61192,3,,,0,30,,61199,3,,,0,70,,61187,3,,,0,30,,61198,3,,,0,70,,61188,3,,,0,30,,61196,3,,,0,29,,61193,3,,,0,70,,61197,3,,,0,30,,61190,3,,,0
