2029,'1907',621,,59290,21,,,0,30,,59298,21,,,0,68,,59309,21,,,0,30,,59304,21,,,0,70,,59291,21,,,0,30,,59299,21,,,0,71,,59310,21,,,0,30,,59305,21,,,0,55,,53432,6,0,12,0,15,,59292,21,,,0,30,,59300,21,,,0,70,,59311,21,,,0,30,,59306,21,,,0,70,,59293,21,,,0,30,,59301,21,,,0,70,,59312,21,,,0,30,,59307,21,,,0,70,,59294,21,,,0,30,,59302,21,,,0,70,,59313,21,,,0,30,,59308,21,,,0,70,,59295,21,,,0,30,,59303,21,,,0,70,,59314,21,,,0,100,,59296,21,,,0,97,,59315,21,,,0,100,,59297,21,,,0,101,,59316,21,,,0,100,,59289,21,,,0
2029,'1909',525,,59338,6,,,0,25,,59321,21,,,0,70,,59322,21,,,0,27,,59323,21,,,0,71,,59324,21,,,0,28,,59325,21,,,0,70,,59326,21,,,0,30,,59327,21,,,0,72,,59328,21,,,0,30,,59329,21,,,0,70,,59352,21,,,0,30,,59348,21,,,0,70,,59354,21,,,0,30,,59350,21,,,0,70,,59351,21,,,0,30,,59347,21,,,0,70,,59353,21,,,0,30,,59349,21,,,0,70,,59355,21,,,0,32,,59330,21,,,0,74,,59331,21,,,0,30,,59332,21,,,0,70,,59333,21,,,0,30,,59334,21,,,0,70,,59335,21,,,0,28,,59336,21,,,0,67,,59337,21,,,0,30,,59341,21,,,0,70,,59342,21,,,0,100,,59343,21,,,0,100,,59344,21,,,0,100,,59340,21,,,0
2029,'1910',551,,59387,21,0,5 2 15 16 17,0,70,,59370,21,,,0,30,,59377,21,,,0,68,,59356,21,,,0,30,,59362,21,,,0,70,,59371,21,,,0,30,,59378,21,,,0,71,,59357,21,,,0,30,,59363,21,,,0,70,,59372,21,,,0,30,,59379,21,,,0,70,,59358,21,,,0,30,,59364,21,,,0,70,,59373,21,,,0,30,,59380,21,,,0,70,,59359,21,,,0,30,,59365,21,,,0,70,,59374,21,,,0,30,,59381,21,,,0,70,,59360,21,,,0,30,,59366,21,,,0,70,,59375,21,,,0,30,,59382,21,,,0,70,,59361,21,,,0,30,,59367,21,,,0,70,,59376,21,,,0,30,,59383,21,,,0,69,,59368,21,,,0,100,,59384,21,,,0,100,,59369,21,,,0,100,,59385,21,,,0
2029,'1912',621,,59391,21,,,0,30,,59399,21,,,0,68,,59410,21,,,0,30,,59405,21,,,0,70,,59392,21,,,0,30,,59400,21,,,0,71,,59411,21,,,0,30,,59406,21,,,0,55,,53567,6,0,12,0,15,,59393,21,,,0,30,,59401,21,,,0,70,,59412,21,,,0,30,,59407,21,,,0,70,,59394,21,,,0,30,,59402,21,,,0,70,,59413,21,,,0,30,,59408,21,,,0,70,,59395,21,,,0,30,,59403,21,,,0,70,,59414,21,,,0,30,,59409,21,,,0,70,,59396,21,,,0,30,,59404,21,,,0,70,,59415,21,,,0,100,,59397,21,,,0,97,,59416,21,,,0,100,,59398,21,,,0,101,,59417,21,,,0,100,,59390,21,,,0
2029,'1924',621,,59423,21,,,0,30,,59431,21,,,0,68,,59442,21,,,0,30,,59437,21,,,0,70,,59424,21,,,0,30,,59432,21,,,0,71,,59443,21,,,0,30,,59438,21,,,0,55,,53534,6,0,12,0,15,,59425,21,,,0,30,,59433,21,,,0,70,,59444,21,,,0,30,,59439,21,,,0,70,,59426,21,,,0,30,,59434,21,,,0,70,,59445,21,,,0,30,,59440,21,,,0,70,,59427,21,,,0,30,,59435,21,,,0,70,,59446,21,,,0,30,,59441,21,,,0,70,,59428,21,,,0,30,,59436,21,,,0,70,,59447,21,,,0,100,,59429,21,,,0,97,,59448,21,,,0,100,,59430,21,,,0,101,,59449,21,,,0,100,,59422,21,,,0
2029,'1925',621,,59455,21,,,0,30,,59463,21,,,0,68,,59474,21,,,0,30,,59469,21,,,0,70,,59456,21,,,0,30,,59464,21,,,0,71,,59475,21,,,0,30,,59470,21,,,0,55,,59486,6,0,12,0,15,,59457,21,,,0,30,,59465,21,,,0,70,,59476,21,,,0,30,,59471,21,,,0,70,,59458,21,,,0,30,,59466,21,,,0,70,,59477,21,,,0,30,,59472,21,,,0,70,,59459,21,,,0,30,,59467,21,,,0,70,,59478,21,,,0,30,,59473,21,,,0,70,,59460,21,,,0,30,,59468,21,,,0,70,,59479,21,,,0,100,,59461,21,,,0,97,,59480,21,,,0,100,,59462,21,,,0,101,,59481,21,,,0,100,,59454,21,,,0
701019,'1907',608,,57471,5,,,0,28,,57504,5,,,0,69,,61385,5,,,0,30,,57468,5,,,0,70,,57495,5,,,0,30,,61380,5,,,0,70,,57467,5,,,0,30,,57497,5,,,0,70,,61381,5,,,0,30,,57464,5,,,0,70,,57499,5,,,0,30,,57474,5,,,0,70,,57463,5,,,0,30,,57494,5,,,0,70,,57478,5,,,0,30,,57461,5,,,0,70,,57498,5,,,0,30,,57477,5,,,0,70,,57459,5,,,0,30,,57496,5,,,0,70,,57473,5,,,0,30,,57457,5,,,0,70,,57500,5,,,0,30,,57483,5,,,0,70,,57454,5,,,0,30,,57513,5,,,0,70,,57486,5,,,0,30,,57452,5,,,0,70,,57508,5,,,0,30,,57489,5,,,0,70,,57449,5,,,0,30,,57503,5,,,0,69,,57487,5,,,0,30,,57451,5,,,0,70,,57507,5,,,0,25,,57519,5,,,0
701019,'1909',549,,57611,5,,,0,70,,57612,5,,,0,18,,57622,5,,,0,14,,57613,5,,,0,70,,57621,5,,,0,15,,57614,5,,,0,65,,57615,5,,,0,13,,61407,5,,,0,20,,57617,5,,,0,69,,57584,5,,,0,30,,61412,5,,,0,70,,61402,5,,,0,30,,57586,5,,,0,70,,57587,5,,,0,30,,61403,5,,,0,70,,57589,5,,,0,30,,57590,5,,,0,70,,61404,5,,,0,30,,61405,5,,,0,70,,57593,5,,,0,31,,57594,5,,,0,14,,57626,5,0,5 2 11 2 12,0,56,,61413,5,,,0,11,,57595,5,,,0,20,,61408,5,,,0,19,,57625,5,0,5 2 11 2 12,0,61,,57596,5,,,0,20,,57597,5,,,0,21,,57627,5,0,5 2 11 2 12,0,60,,57618,5,,,0,19,,57610,5,,,0,65,,57609,5,,,0,20,,61406,5,,,0,15,,57598,5,,,0,70,,57599,5,,,0,30,,57600,5,,,0,69,,57601,5,,,0,30,,57602,5,,,0,70,,57603,5,,,0,30,,57604,5,,,0,70,,57605,5,,,0,30,,57606,5,,,0,70,,57607,5,,,0,25,,61410,5,,,0
701019,'1910',608,,57660,5,,,0,28,,57640,5,,,0,68,,57657,5,,,0,30,,57653,5,,,0,71,,57655,5,,,0,30,,57656,5,,,0,70,,57658,5,,,0,30,,57654,5,,,0,70,,57690,5,,,0,30,,57699,5,,,0,70,,57686,5,,,0,30,,57695,5,,,0,70,,57691,5,,,0,30,,57684,5,,,0,70,,57729,5,,,0,30,,57683,5,,,0,70,,57685,5,,,0,30,,57713,5,,,0,70,,57709,5,,,0,30,,57702,5,,,0,70,,61419,5,,,0,30,,57710,5,,,0,70,,57727,5,,,0,30,,57675,5,,,0,70,,61417,5,,,0,30,,57682,5,,,0,70,,57711,5,,,0,30,,57635,5,,,0,70,,57641,5,,,0,30,,57648,5,,,0,70,,57631,5,,,0,30,,57636,5,,,0,70,,57642,5,,,0,30,,57649,5,,,0,70,,57632,5,,,0,25,,57673,5,,,0
701019,'1912',608,,57878,5,,,0,28,,57911,5,,,0,69,,61426,5,,,0,30,,57875,5,,,0,70,,57902,5,,,0,30,,61421,5,,,0,70,,57874,5,,,0,30,,57904,5,,,0,70,,61422,5,,,0,30,,57871,5,,,0,70,,57906,5,,,0,30,,57881,5,,,0,70,,57870,5,,,0,30,,57901,5,,,0,70,,57885,5,,,0,30,,57868,5,,,0,70,,57905,5,,,0,30,,57884,5,,,0,70,,57866,5,,,0,30,,57903,5,,,0,70,,57880,5,,,0,30,,57864,5,,,0,70,,57907,5,,,0,30,,57890,5,,,0,70,,57861,5,,,0,30,,57920,5,,,0,70,,57893,5,,,0,30,,57859,5,,,0,70,,57915,5,,,0,30,,57896,5,,,0,70,,57856,5,,,0,30,,57910,5,,,0,69,,57894,5,,,0,30,,57858,5,,,0,70,,57914,5,,,0,25,,57926,5,,,0
701019,'1924',608,,57779,5,,,0,28,,57812,5,,,0,69,,61432,5,,,0,30,,57776,5,,,0,70,,57803,5,,,0,30,,61427,5,,,0,70,,57775,5,,,0,30,,57805,5,,,0,70,,61428,5,,,0,30,,57772,5,,,0,70,,57807,5,,,0,30,,57782,5,,,0,70,,57771,5,,,0,30,,57802,5,,,0,70,,57786,5,,,0,30,,57769,5,,,0,70,,57806,5,,,0,30,,57785,5,,,0,70,,57767,5,,,0,30,,57804,5,,,0,70,,57781,5,,,0,30,,57765,5,,,0,70,,57808,5,,,0,30,,57791,5,,,0,70,,57762,5,,,0,30,,57821,5,,,0,70,,57794,5,,,0,30,,57760,5,,,0,70,,57816,5,,,0,30,,57797,5,,,0,70,,57757,5,,,0,30,,57811,5,,,0,69,,57795,5,,,0,30,,57759,5,,,0,70,,57815,5,,,0,25,,57827,5,,,0
701019,'1925',608,,61482,5,,,0,28,,61515,5,,,0,69,,61504,5,,,0,30,,61479,5,,,0,70,,61506,5,,,0,30,,61483,5,,,0,70,,61478,5,,,0,30,,61508,5,,,0,70,,61487,5,,,0,30,,61475,5,,,0,70,,61510,5,,,0,30,,61485,5,,,0,70,,61474,5,,,0,30,,61505,5,,,0,70,,61489,5,,,0,30,,61472,5,,,0,70,,61509,5,,,0,30,,61488,5,,,0,70,,61470,5,,,0,30,,61507,5,,,0,70,,61484,5,,,0,30,,61468,5,,,0,70,,61511,5,,,0,30,,61494,5,,,0,70,,61465,5,,,0,30,,61524,5,,,0,70,,61497,5,,,0,30,,61463,5,,,0,70,,61519,5,,,0,30,,61500,5,,,0,70,,61460,5,,,0,30,,61514,5,,,0,69,,61498,5,,,0,30,,61462,5,,,0,70,,61518,5,,,0,25,,61530,5,,,0
14000001029,'1907',533,,61816,6,0,18 7,0,1811,,61810,6,,,0,69,,61814,6,,,0,30,,61815,6,,,0,70,,61812,6,,,0,30,,61813,6,,,0,70,,61811,6,,,0
14000001029,'1909',431,,61817,6,0,18 7,0,102,,61818,6,0,18 7,0,1811,,61820,6,,,0,69,,61821,6,,,0,30,,61824,6,,,0,70,,61819,6,,,0,30,,61822,6,,,0,70,,61823,6,,,0
14000001029,'1910',533,,61829,6,0,18 7,0,1811,,61831,6,,,0,69,,61826,6,,,0,30,,61825,6,,,0,70,,61827,6,,,0,30,,61830,6,,,0,70,,61828,6,,,0
14000001029,'1912',533,,61838,6,0,18 7,0,1811,,61832,6,,,0,69,,61836,6,,,0,30,,61837,6,,,0,70,,61834,6,,,0,30,,61835,6,,,0,70,,61833,6,,,0
14000001029,'1924',533,,61845,6,0,18 7,0,1811,,61839,6,,,0,69,,61843,6,,,0,30,,61844,6,,,0,70,,61841,6,,,0,30,,61842,6,,,0,70,,61840,6,,,0
14000001029,'1925',533,,61852,6,0,18 7,0,1811,,61846,6,,,0,69,,61850,6,,,0,30,,61851,6,,,0,70,,61848,6,,,0,30,,61849,6,,,0,70,,61847,6,,,0
