4019,'1907',805,,53591,11,,,0,30,,53592,11,,,0,70,,53589,11,,,0,30,,53593,11,,,0,70,,53590,11,,,0,30,,53574,11,,,0,70,,53578,11,,,0,30,,53582,11,,,0,69,,53585,11,,,0,31,,53570,11,,,0,69,,53573,11,,,0,30,,53577,11,,,0,70,,53581,11,,,0,30,,53583,11,,,0,70,,59487,11,,,0,30,,53572,11,,,0,70,,53576,11,,,0,30,,53580,11,,,0,70,,53584,11,,,0,31,,53568,11,,,0,70,,53571,11,,,0,30,,53575,11,,,0,70,,53579,11,,,0,30,,53588,11,,,0,70,,53594,11,,,0,30,,53586,11,,,0,70,,53595,11,,,0,30,,53587,11,,,0
4019,'1909',634,,59491,11,,,0,71,,53628,11,,,0,30,,53603,11,,,0,67,,53604,11,,,0,36,,53605,11,,,0,64,,53606,11,,,0,36,,53607,11,,,0,67,,53608,11,,,0,29,,53609,11,,,0,70,,53610,11,,,0,30,,53611,11,,,0,72,,53612,11,,,0,30,,53613,11,,,0,70,,59492,11,,,0,30,,53615,11,,,0,71,,53616,11,,,0,30,,53617,11,,,0,74,,53618,11,,,0,30,,53619,11,,,0,71,,53620,11,,,0,24,,53621,11,,,0,75,,53622,11,,,0,22,,53623,11,,,0,76,,53624,11,,,0,21,,53625,11,,,0,75,,53626,11,,,0,29,,59493,11,,,0,70,,59488,11,,,0,30,,59489,11,,,0,70,,53598,11,,,0,30,,59490,11,,,0,70,,53600,11,,,0,30,,53601,11,,,0
4019,'1910',704,,59504,11,,,0,30,,59495,11,,,0,71,,53630,11,,,0,30,,59497,11,,,0,70,,59502,11,,,0,30,,53646,11,,,0,70,,53634,11,,,0,30,,53656,11,,,0,71,,53633,11,,,0,30,,53653,11,,,0,69,,53648,11,,,0,31,,53641,11,,,0,70,,53654,11,,,0,30,,53657,11,,,0,70,,53632,11,,,0,30,,53643,11,,,0,70,,53631,11,,,0,30,,53637,11,,,0,70,,53655,11,,,0,30,,53652,11,,,0,69,,53649,11,,,0,30,,53638,11,,,0,70,,53658,11,,,0,30,,59503,11,,,0,69,,53629,11,,,0,30,,53644,11,,,0,70,,59498,11,,,0,30,,59501,11,,,0,70,,59494,11,,,0,30,,59499,11,,,0,70,,59496,11,,,0,30,,59500,11,,,0
4019,'1912',805,,53712,11,,,0,30,,53713,11,,,0,70,,53710,11,,,0,30,,53714,11,,,0,70,,53711,11,,,0,30,,53695,11,,,0,70,,53699,11,,,0,30,,53703,11,,,0,69,,53706,11,,,0,31,,53691,11,,,0,69,,53694,11,,,0,30,,53698,11,,,0,70,,53702,11,,,0,30,,53704,11,,,0,70,,59505,11,,,0,30,,53693,11,,,0,70,,53697,11,,,0,30,,53701,11,,,0,70,,53705,11,,,0,31,,53689,11,,,0,70,,53692,11,,,0,30,,53696,11,,,0,70,,53700,11,,,0,30,,53709,11,,,0,70,,53715,11,,,0,30,,53707,11,,,0,70,,53716,11,,,0,30,,53708,11,,,0
4019,'1924',805,,53684,11,,,0,30,,53685,11,,,0,70,,53682,11,,,0,30,,53686,11,,,0,70,,53683,11,,,0,30,,53667,11,,,0,70,,53671,11,,,0,30,,53675,11,,,0,69,,53678,11,,,0,31,,53663,11,,,0,69,,53666,11,,,0,30,,53670,11,,,0,70,,53674,11,,,0,30,,53676,11,,,0,70,,59506,11,,,0,30,,53665,11,,,0,70,,53669,11,,,0,30,,53673,11,,,0,70,,53677,11,,,0,31,,53661,11,,,0,70,,53664,11,,,0,30,,53668,11,,,0,70,,53672,11,,,0,30,,53681,11,,,0,70,,53687,11,,,0,30,,53679,11,,,0,70,,53688,11,,,0,30,,53680,11,,,0
4019,'1925',805,,59530,11,,,0,30,,59531,11,,,0,70,,59528,11,,,0,30,,59532,11,,,0,70,,59529,11,,,0,30,,59513,11,,,0,70,,59517,11,,,0,30,,59521,11,,,0,69,,59524,11,,,0,31,,59509,11,,,0,69,,59512,11,,,0,30,,59516,11,,,0,70,,59520,11,,,0,30,,59522,11,,,0,70,,59508,11,,,0,30,,59511,11,,,0,70,,59515,11,,,0,30,,59519,11,,,0,70,,59523,11,,,0,31,,59507,11,,,0,70,,59510,11,,,0,30,,59514,11,,,0,70,,59518,11,,,0,30,,59527,11,,,0,70,,59533,11,,,0,30,,59525,11,,,0,70,,59534,11,,,0,30,,59526,11,,,0
502029,'1907',642,,56936,8,,,0,70,,56922,8,,,0,30,,56939,8,,,0,70,,56953,8,,,0,30,,56933,8,,,0,70,,56952,8,,,0,30,,56935,8,,,0,70,,56951,8,,,0,30,,56930,8,,,0,70,,56950,8,,,0,30,,56925,8,,,0,72,,56949,8,,,0,30,,61227,8,,,0,70,,56947,8,,,0,30,,56926,8,,,0,70,,56948,8,,,0,30,,56929,8,,,0,70,,56946,8,,,0,30,,56923,8,,,0,70,,56945,8,,,0,30,,56927,8,,,0,69,,56944,8,,,0,30,,56924,8,,,0,70,,56943,8,,,0,30,,56937,8,,,0,70,,56942,8,,,0,30,,56938,8,,,0,69,,56941,8,,,0,30,,56931,8,,,0,70,,56954,8,,,0,30,,56940,8,,,0,70,,56955,8,,,0,30,,56934,8,,,0,70,,56956,8,,,0,30,,56932,8,,,0
502029,'1909',612,,61228,8,,,0,30,,56958,8,,,0,65,,56998,8,,,0,10,,61229,8,,,0,26,,56960,8,,,0,64,,56961,8,,,0,12,,61230,8,,,0,24,,56963,8,,,0,64,,56964,8,,,0,12,,56965,8,,,0,24,,56966,8,,,0,72,,56967,8,,,0,30,,56968,8,,,0,70,,61231,8,,,0,30,,56970,8,,,0,70,,61232,8,,,0,30,,56972,8,,,0,70,,56973,8,,,0,30,,56974,8,,,0,70,,61233,8,,,0,35,,56976,8,,,0,70,,56977,8,,,0,30,,56978,8,,,0,68,,56979,8,,,0,24,,56980,8,,,0,12,,56981,8,,,0,62,,56982,8,,,0,5,,56999,8,,,0,17,,56983,8,,,0,12,,56984,8,,,0,64,,56985,8,,,0,22,,56986,8,,,0,12,,56987,8,,,0,65,,56988,8,,,0,30,,56989,8,,,0,69,,56990,8,,,0,30,,56991,8,,,0,70,,56992,8,,,0,30,,56993,8,,,0,70,,56994,8,,,0,30,,56995,8,,,0,70,,56996,8,,,0,30,,56997,8,,,0
502029,'1910',642,,57007,8,,,0,70,,57014,8,,,0,30,,61240,8,,,0,70,,57015,8,,,0,30,,61239,8,,,0,70,,61243,8,,,0,30,,61238,8,,,0,73,,61244,8,,,0,30,,61252,8,,,0,70,,61245,8,,,0,30,,61253,8,,,0,70,,61246,8,,,0,30,,61254,8,,,0,70,,61247,8,,,0,30,,61255,8,,,0,70,,61248,8,,,0,30,,61256,8,,,0,70,,61249,8,,,0,30,,61257,8,,,0,70,,61250,8,,,0,30,,61258,8,,,0,70,,61251,8,,,0,30,,61259,8,,,0,70,,61241,8,,,0,30,,61260,8,,,0,67,,57010,8,,,0,30,,61261,8,,,0,70,,57009,8,,,0,30,,61237,8,,,0,70,,57011,8,,,0,30,,61236,8,,,0,70,,57012,8,,,0,30,,61235,8,,,0,70,,61242,8,,,0,30,,61234,8,,,0
502029,'1912',642,,57084,8,,,0,70,,57070,8,,,0,30,,57087,8,,,0,70,,57101,8,,,0,30,,57081,8,,,0,70,,57100,8,,,0,30,,57083,8,,,0,70,,57099,8,,,0,30,,57078,8,,,0,70,,57098,8,,,0,30,,57073,8,,,0,72,,57097,8,,,0,30,,61262,8,,,0,70,,57095,8,,,0,30,,57074,8,,,0,70,,57096,8,,,0,30,,57077,8,,,0,70,,57094,8,,,0,30,,57071,8,,,0,70,,57093,8,,,0,30,,57075,8,,,0,69,,57092,8,,,0,30,,57072,8,,,0,70,,57091,8,,,0,30,,57085,8,,,0,70,,57090,8,,,0,30,,57086,8,,,0,69,,57089,8,,,0,30,,57079,8,,,0,70,,57102,8,,,0,30,,57088,8,,,0,70,,57103,8,,,0,30,,57082,8,,,0,70,,57104,8,,,0,30,,57080,8,,,0
502029,'1924',642,,57049,8,,,0,70,,57035,8,,,0,30,,57052,8,,,0,70,,57066,8,,,0,30,,57046,8,,,0,70,,57065,8,,,0,30,,57048,8,,,0,70,,57064,8,,,0,30,,57043,8,,,0,70,,57063,8,,,0,30,,57038,8,,,0,72,,57062,8,,,0,30,,61263,8,,,0,70,,57060,8,,,0,30,,57039,8,,,0,70,,57061,8,,,0,30,,57042,8,,,0,70,,57059,8,,,0,30,,57036,8,,,0,70,,57058,8,,,0,30,,57040,8,,,0,69,,57057,8,,,0,30,,57037,8,,,0,70,,57056,8,,,0,30,,57050,8,,,0,70,,57055,8,,,0,30,,57051,8,,,0,69,,57054,8,,,0,30,,57044,8,,,0,70,,57067,8,,,0,30,,57053,8,,,0,70,,57068,8,,,0,30,,57047,8,,,0,70,,57069,8,,,0,30,,57045,8,,,0
502029,'1925',642,,61278,8,,,0,70,,61264,8,,,0,30,,61281,8,,,0,70,,61295,8,,,0,30,,61275,8,,,0,70,,61294,8,,,0,30,,61277,8,,,0,70,,61293,8,,,0,30,,61272,8,,,0,70,,61292,8,,,0,30,,61267,8,,,0,72,,61291,8,,,0,30,,61270,8,,,0,70,,61289,8,,,0,30,,61268,8,,,0,70,,61290,8,,,0,30,,61271,8,,,0,70,,61288,8,,,0,30,,61265,8,,,0,70,,61287,8,,,0,30,,61269,8,,,0,69,,61286,8,,,0,30,,61266,8,,,0,70,,61285,8,,,0,30,,61279,8,,,0,70,,61284,8,,,0,30,,61280,8,,,0,69,,61283,8,,,0,30,,61273,8,,,0,70,,61296,8,,,0,30,,61282,8,,,0,70,,61297,8,,,0,30,,61276,8,,,0,70,,61298,8,,,0,30,,61274,8,,,0
14000001029,'1907',605,,61816,43,0,18 7,0,1811,,61810,43,,,0,29,,61814,43,,,0,70,,61815,43,,,0,30,,61812,43,,,0,70,,61813,43,,,0,30,,61811,43,,,0
14000001029,'1909',503,,61817,43,0,18 7,0,102,,61818,43,0,18 7,0,1811,,61820,43,,,0,29,,61821,43,,,0,70,,61824,43,,,0,30,,61819,43,,,0,70,,61822,43,,,0,30,,61823,43,,,0
14000001029,'1910',605,,61829,43,0,18 7,0,1811,,61831,43,,,0,29,,61826,43,,,0,70,,61825,43,,,0,30,,61827,43,,,0,70,,61830,43,,,0,30,,61828,43,,,0
14000001029,'1912',605,,61838,43,0,18 7,0,1811,,61832,43,,,0,29,,61836,43,,,0,70,,61837,43,,,0,30,,61834,43,,,0,70,,61835,43,,,0,30,,61833,43,,,0
14000001029,'1924',605,,61845,43,0,18 7,0,1811,,61839,43,,,0,29,,61843,43,,,0,70,,61844,43,,,0,30,,61841,43,,,0,70,,61842,43,,,0,30,,61840,43,,,0
14000001029,'1925',605,,61852,43,0,18 7,0,1811,,61846,43,,,0,29,,61850,43,,,0,70,,61851,43,,,0,30,,61848,43,,,0,70,,61849,43,,,0,30,,61847,43,,,0
