1019,'1907',631,,53000,39,,,0,100,,53001,39,,,0,101,,53002,39,,,0,100,,53003,39,,,0,100,,53004,39,,,0,102,,53005,39,,,0,100,,53006,39,,,0,100,,53007,39,,,0,100,,53008,39,,,0,100,,53009,39,,,0,100,,53010,39,,,0,100,,53011,39,,,0,100,,53012,39,,,0,98,,53013,39,,,0,100,,53014,39,,,0,100,,53015,39,,,0,102,,53016,39,,,0,95,,53017,39,,,0
1019,'1909',601,,53053,39,,,0,35,,53049,39,,,0,71,,53025,39,,,0,33,,53020,39,,,0,70,,53038,39,,,0,30,,53022,39,,,0,71,,53027,39,,,0,32,,53052,39,,,0,70,,53024,39,,,0,30,,53018,39,,,0,70,,53037,39,,,0,30,,53023,39,,,0,70,,53028,39,,,0,30,,53048,39,,,0,70,,53026,39,,,0,30,,53019,39,,,0,70,,53050,39,,,0,32,,53021,39,,,0,70,,53029,39,,,0,30,,53047,39,,,0,70,,53040,39,,,0,30,,53032,39,,,0,70,,53030,39,,,0,27,,53033,39,,,0,68,,53035,39,,,0,30,,53034,39,,,0,70,,53031,39,,,0,25,,53051,39,,,0,70,,53045,39,,,0,28,,53046,39,,,0,70,,53044,39,,,0,30,,53043,39,,,0,70,,53042,39,,,0,30,,53041,39,,,0,70,,53039,39,,,0,30,,53036,39,,,0
1019,'1910',602,,53089,39,,,0,30,,53078,39,,,0,70,,53064,39,,,0,30,,53083,39,,,0,70,,53073,39,,,0,30,,53058,39,,,0,70,,53079,39,,,0,30,,53081,39,,,0,70,,53063,39,,,0,32,,53084,39,,,0,70,,53072,39,,,0,30,,53057,39,,,0,70,,53067,39,,,0,30,,53077,39,,,0,70,,53062,39,,,0,30,,53085,39,,,0,70,,53071,39,,,0,30,,53056,39,,,0,70,,53066,39,,,0,30,,53076,39,,,0,70,,53061,39,,,0,30,,53086,39,,,0,70,,53070,39,,,0,30,,53055,39,,,0,70,,53065,39,,,0,30,,53075,39,,,0,70,,53059,39,,,0,28,,53087,39,,,0,70,,53068,39,,,0,30,,53054,39,,,0,70,,53060,39,,,0,30,,53074,39,,,0,74,,53069,39,,,0,30,,53088,39,,,0,70,,53082,39,,,0,25,,53080,39,,,0
1019,'1911',631,,53090,39,,,0,100,,53091,39,,,0,101,,53092,39,,,0,100,,53093,39,,,0,100,,53094,39,,,0,102,,53095,39,,,0,100,,53096,39,,,0,100,,53097,39,,,0,100,,53098,39,,,0,100,,53099,39,,,0,100,,53100,39,,,0,100,,53101,39,,,0,100,,53102,39,,,0,98,,53103,39,,,0,100,,53104,39,,,0,100,,53105,39,,,0,102,,53106,39,,,0,95,,53107,39,,,0
1019,'1912',631,,53108,39,,,0,100,,53109,39,,,0,101,,53110,39,,,0,100,,53111,39,,,0,100,,53112,39,,,0,102,,53113,39,,,0,100,,53114,39,,,0,100,,53115,39,,,0,100,,53116,39,,,0,100,,53117,39,,,0,100,,53118,39,,,0,100,,53119,39,,,0,100,,53120,39,,,0,98,,53121,39,,,0,100,,53122,39,,,0,100,,53123,39,,,0,102,,53124,39,,,0,95,,53125,39,,,0
7029,'1907',720,,54274,19,,,0,100,,54275,19,,,0,101,,54276,19,,,0,100,,54277,19,,,0,100,,54278,19,,,0,100,,54279,19,,,0,100,,54280,19,,,0,101,,54281,19,,,0,100,,54282,19,,,0,99,,54283,19,,,0,100,,54284,19,,,0,99,,54285,19,,,0,100,,54286,19,,,0,101,,54287,19,,,0,100,,54273,19,,,0
7029,'1909',518,,54343,19,,,0,101,,54313,19,,,0,32,,54314,19,,,0,72,,54315,19,,,0,30,,54316,19,,,0,70,,54317,19,,,0,30,,54318,19,,,0,70,,54319,19,,,0,30,,54320,19,,,0,70,,54321,19,,,0,30,,54322,19,,,0,70,,54323,19,,,0,30,,54324,19,,,0,70,,54309,19,,,0,30,,54310,19,,,0,70,,54311,19,,,0,31,,54308,19,,,0,70,,54307,19,,,0,31,,54312,19,,,0,69,,54325,19,,,0,30,,54326,19,,,0,70,,54327,19,,,0,29,,54328,19,,,0,70,,54329,19,,,0,30,,54330,19,,,0,70,,54331,19,,,0,29,,54332,19,,,0,70,,54333,19,,,0,30,,54334,19,,,0,70,,54335,19,,,0,100,,54336,19,,,0,99,,54337,19,,,0,100,,54344,19,,,0
7029,'1910',622,,54376,8,,,0,29,,54345,19,,,0,70,,54359,19,,,0,30,,54346,19,,,0,71,,54360,19,,,0,30,,54347,19,,,0,70,,54361,19,,,0,30,,54348,19,,,0,70,,54362,19,,,0,30,,54349,19,,,0,70,,54363,19,,,0,30,,54350,19,,,0,70,,54364,19,,,0,30,,54351,19,,,0,70,,54365,19,,,0,30,,54352,19,,,0,70,,54366,19,,,0,30,,54353,19,,,0,70,,54367,19,,,0,30,,54354,19,,,0,70,,54368,19,,,0,30,,54355,19,,,0,70,,54369,19,,,0,30,,54356,19,,,0,69,,54370,19,,,0,30,,54357,19,,,0,70,,54371,19,,,0,30,,54358,19,,,0,70,,54372,19,,,0,100,,54373,19,,,0,100,,54374,19,,,0,100,,54375,19,,,0
7029,'1911',720,,54382,19,,,0,100,,54383,19,,,0,101,,54384,19,,,0,100,,54385,19,,,0,100,,54386,19,,,0,100,,54387,19,,,0,100,,54388,19,,,0,101,,54389,19,,,0,100,,54390,19,,,0,99,,54391,19,,,0,100,,54392,19,,,0,99,,54393,19,,,0,100,,54394,19,,,0,101,,54395,19,,,0,100,,54381,19,,,0
7029,'1912',720,,54416,19,,,0,100,,54417,19,,,0,101,,54418,19,,,0,100,,54419,19,,,0,100,,54420,19,,,0,100,,54421,19,,,0,100,,54422,19,,,0,101,,54423,19,,,0,100,,54424,19,,,0,99,,54425,19,,,0,100,,54426,19,,,0,99,,54427,19,,,0,100,,54428,19,,,0,101,,54429,19,,,0,100,,54415,19,,,0
