11029,'1907',825,,54785,24,,,0,100,,54786,24,,,0,105,,54787,24,,,0,100,,54788,24,,,0,100,,54789,24,,,0,100,,54790,24,,,0,100,,54791,24,,,0,100,,54792,24,,,0,100,,54793,24,,,0,97,,54794,24,,,0,100,,54795,24,,,0,99,,54796,24,,,0,100,,54797,24,,,0
11029,'1909',627,,54813,17,,,0,99,,54799,24,,,0,103,,54800,24,,,0,100,,54801,24,,,0,101,,54802,24,,,0,100,,54803,24,,,0,100,,54804,24,,,0,100,,54805,24,,,0,101,,54806,24,,,0,100,,54807,24,,,0,100,,54808,24,,,0,100,,54809,24,,,0,96,,54810,24,,,0,100,,54811,24,,,0,100,,54812,24,,,0,99,,54798,24,,,0
11029,'1910',627,,54828,17,,,0,99,,54827,24,,,0,100,,54814,24,,,0,100,,54815,24,,,0,104,,54816,24,,,0,101,,54817,24,,,0,100,,54818,24,,,0,100,,54819,24,,,0,100,,54820,24,,,0,100,,54821,24,,,0,100,,54822,24,,,0,96,,54823,24,,,0,100,,54824,24,,,0,99,,54825,24,,,0,100,,54826,24,,,0
11029,'1911',825,,54829,24,,,0,100,,54830,24,,,0,105,,54831,24,,,0,100,,54832,24,,,0,100,,54833,24,,,0,100,,54834,24,,,0,100,,54835,24,,,0,100,,54836,24,,,0,100,,54837,24,,,0,97,,54838,24,,,0,100,,54839,24,,,0,99,,54840,24,,,0,100,,54841,24,,,0
11029,'1912',825,,54842,24,,,0,100,,54843,24,,,0,105,,54844,24,,,0,100,,54845,24,,,0,100,,54846,24,,,0,100,,54847,24,,,0,100,,54848,24,,,0,100,,54849,24,,,0,100,,54850,24,,,0,97,,54851,24,,,0,100,,54852,24,,,0,99,,54853,24,,,0,100,,54854,24,,,0
31019,'1907',638,,55842,12,,,0,100,,55843,12,,,0,101,,55844,12,,,0,100,,55845,12,,,0,100,,55846,12,,,0,101,,55847,12,,,0,100,,55848,12,,,0,100,,55849,12,,,0,100,,55850,12,,,0,100,,55851,12,,,0,100,,55852,12,,,0,100,,55853,12,,,0,100,,55854,12,,,0,99,,55855,12,,,0,100,,55856,12,,,0,99,,55857,12,,,0,100,,55858,12,,,0,95,,55860,12,0,5 2 8 7,0
31019,'1909',639,,55861,12,,,0,71,,55876,12,,,0,31,,55889,12,,,0,70,,55872,12,,,0,30,,55869,12,,,0,70,,55883,12,,,0,30,,55864,12,,,0,70,,55877,12,,,0,30,,55888,12,,,0,70,,55875,12,,,0,30,,55870,12,,,0,70,,55882,12,,,0,30,,55863,12,,,0,70,,55878,12,,,0,30,,55887,12,,,0,70,,55873,12,,,0,30,,55867,12,,,0,71,,55881,12,,,0,30,,55865,12,,,0,70,,55879,12,,,0,30,,55886,12,,,0,69,,55874,12,,,0,29,,55868,12,,,0,70,,55880,12,,,0,30,,55862,12,,,0,70,,55897,12,,,0,30,,55885,12,,,0,69,,55892,12,0,5 2 8 7,0,30,,55871,12,,,0,70,,55893,12,0,5 2 8 7,0,30,,55866,12,,,0,70,,55895,12,0,5 2 8 7,0,30,,55884,12,,,0,70,,55894,12,0,5 2 8 7,0,25,,55890,12,0,5 2 8 7,0
31019,'1910',638,,55903,12,,,0,70,,55919,12,,,0,30,,55932,12,,,0,70,,55915,12,,,0,30,,55909,12,,,0,71,,55925,12,,,0,30,,55902,12,,,0,71,,55918,12,,,0,30,,55927,12,,,0,70,,55914,12,,,0,30,,55908,12,,,0,70,,55924,12,,,0,30,,55901,12,,,0,70,,55917,12,,,0,30,,55930,12,,,0,70,,55913,12,,,0,30,,55907,12,,,0,70,,55923,12,,,0,30,,55900,12,,,0,70,,55916,12,,,0,30,,55929,12,,,0,70,,55912,12,,,0,30,,55906,12,,,0,70,,55922,12,,,0,30,,55899,12,,,0,69,,55934,12,,,0,30,,55928,12,,,0,70,,55911,12,0,5 2 8 7,0,30,,55905,12,,,0,69,,55921,12,0,5 2 8 7,0,30,,55898,12,,,0,70,,55910,12,0,5 2 8 7,0,30,,55931,12,,,0,70,,55920,12,0,5 2 8 7,0,30,,55904,12,0,5 2 8 7,0
31019,'1911',638,,55935,12,,,0,100,,55936,12,,,0,101,,55937,12,,,0,100,,55938,12,,,0,100,,55939,12,,,0,101,,55940,12,,,0,100,,55941,12,,,0,100,,55942,12,,,0,100,,55943,12,,,0,100,,55944,12,,,0,100,,55945,12,,,0,100,,55946,12,,,0,100,,55947,12,,,0,99,,55948,12,,,0,100,,55949,12,,,0,99,,55950,12,,,0,100,,55951,12,,,0,95,,55953,12,0,5 2 8 7,0
31019,'1912',638,,55954,12,,,0,100,,55955,12,,,0,101,,55956,12,,,0,100,,55957,12,,,0,100,,55958,12,,,0,101,,55959,12,,,0,100,,55960,12,,,0,100,,55961,12,,,0,100,,55962,12,,,0,100,,55963,12,,,0,100,,55964,12,,,0,100,,55965,12,,,0,100,,55966,12,,,0,99,,55967,12,,,0,100,,55968,12,,,0,99,,55969,12,,,0,100,,55970,12,,,0,95,,55972,12,0,5 2 8 7,0
