22019,'1907',659,,55639,12,0,19 2 36 26,0,99,,55638,12,0,19 2 36 26,0,100,,55632,14,,,0,94,,55633,14,,,0,100,,55626,14,,,0,100,,55631,14,,,0,100,,55627,14,,,0,100,,55628,14,,,0,100,,55625,14,,,0,100,,55629,14,,,0,99,,55630,14,,,0,101,,55634,12,0,19 2 36 26,0,99,,55635,12,0,19 2 36 26,0,100,,55636,12,0,19 2 36 26,0,108,,55637,12,0,19 2 36 26,0
22019,'1909',605,,60496,12,0,19 2 36 26,0,52,,55640,12,0,19 2 36 26,0,70,,55641,12,0,19 2 36 26,0,75,,60479,14,,,0,30,,60480,14,,,0,72,,60481,14,,,0,29,,55645,14,,,0,70,,55646,14,,,0,30,,60482,14,,,0,70,,55648,14,,,0,30,,55649,14,,,0,70,,55650,14,,,0,30,,55651,14,,,0,70,,55652,14,,,0,30,,55653,14,,,0,70,,55654,14,,,0,30,,60483,14,,,0,73,,60484,14,,,0,29,,60485,14,,,0,69,,60495,14,,,0,30,,60486,14,,,0,68,,60487,14,,,0,28,,60488,14,,,0,29,,60489,14,,,0,69,,60490,14,,,0,30,,60491,14,,,0,70,,60492,14,,,0,29,,55665,14,,,0,69,,60493,14,,,0,30,,60494,14,,,0,68,,55668,12,0,19 2 36 26,0
22019,'1910',631,,55701,12,0,19 2 36 26,0,23,,55694,12,0,19 2 36 26,0,70,,55690,12,0,19 2 36 26,0,30,,55695,12,0,19 2 36 26,0,70,,55691,12,0,19 2 36 26,0,31,,55671,14,,,0,72,,55672,14,,,0,30,,55673,14,,,0,70,,55674,14,,,0,30,,55675,14,,,0,70,,55676,14,,,0,30,,55677,14,,,0,70,,55678,14,,,0,31,,55679,14,,,0,70,,55680,14,,,0,30,,55681,14,,,0,70,,55682,14,,,0,31,,55683,14,,,0,70,,55684,14,,,0,30,,55685,14,,,0,70,,55686,14,,,0,29,,55687,14,,,0,70,,55688,14,,,0,29,,55696,12,0,19 2 36 26,0,70,,55692,12,0,19 2 36 26,0,30,,55697,12,0,19 2 36 26,0,67,,55689,12,0,19 2 36 26,0,30,,55698,12,0,19 2 36 26,0,69,,55693,12,0,19 2 36 26,0,30,,55699,12,0,19 2 36 26,0,70,,55700,12,0,19 2 36 26,0
22019,'1912',659,,55731,12,0,19 2 36 26,0,99,,55730,12,0,19 2 36 26,0,100,,55724,14,,,0,94,,55725,14,,,0,100,,55718,14,,,0,100,,55723,14,,,0,100,,55719,14,,,0,100,,55720,14,,,0,100,,55717,14,,,0,100,,55721,14,,,0,99,,55722,14,,,0,101,,55726,12,0,19 2 36 26,0,99,,55727,12,0,19 2 36 26,0,100,,55728,12,0,19 2 36 26,0,108,,55729,12,0,19 2 36 26,0
22019,'1924',659,,55716,12,0,19 2 36 26,0,99,,55715,12,0,19 2 36 26,0,100,,55709,14,,,0,94,,55710,14,,,0,100,,55703,14,,,0,100,,55708,14,,,0,100,,55704,14,,,0,100,,55705,14,,,0,100,,55702,14,,,0,100,,55706,14,,,0,99,,55707,14,,,0,101,,55711,12,0,19 2 36 26,0,99,,55712,12,0,19 2 36 26,0,100,,55713,12,0,19 2 36 26,0,108,,55714,12,0,19 2 36 26,0
22019,'1925',659,,60511,12,0,19 2 36 26,0,99,,60510,12,0,19 2 36 26,0,100,,60504,14,,,0,94,,60505,14,,,0,100,,60498,14,,,0,100,,60503,14,,,0,100,,60499,14,,,0,100,,60500,14,,,0,100,,60497,14,,,0,100,,60501,14,,,0,99,,60502,14,,,0,101,,60506,12,0,19 2 36 26,0,99,,60507,12,0,19 2 36 26,0,100,,60508,12,0,19 2 36 26,0,108,,60509,12,0,19 2 36 26,0
601019,'1907',609,,57122,2,,,0
601019,'1909',641,,57178,2,,,0,65,,57190,2,,,0,715,,57152,2,,,0,30,,57189,2,,,0
601019,'1910',609,,57209,2,,,0
601019,'1924',609,,57244,2,,,0
602019,'1907',636,,57299,16,,,0,67,,57295,17,,,0,30,,57294,17,,,0,70,,57293,17,,,0,30,,57289,17,,,0,70,,57288,17,,,0,30,,57286,17,,,0,70,,57285,17,,,0,30,,57291,17,,,0,70,,57292,17,,,0,32,,57290,17,,,0,71,,57287,17,,,0,30,,57284,17,,,0,70,,57281,17,,,0,30,,57280,17,,,0,70,,57279,17,,,0,30,,57278,17,,,0,70,,57269,17,,,0,30,,57271,17,,,0,70,,57277,17,,,0,30,,57276,17,,,0,70,,57273,17,,,0,30,,57272,17,,,0,70,,57267,17,,,0,30,,57266,17,,,0,70,,57274,17,,,0,29,,57275,17,,,0,70,,57268,17,,,0,30,,57270,17,,,0,70,,57265,17,,,0,30,,57296,17,,,0,70,,57298,17,,,0,30,,57282,17,,,0,70,,57283,17,,,0,30,,57297,17,,,0
602019,'1909',624,,61353,16,,,0,29,,61343,16,0,19 2 11 2 36 26,0,60,,61374,16,0,19 2 11 2 36 26,0,15,,57316,16,0,19 2 11 2 36 26,0,15,,61342,16,0,19 2 11 2 36 26,0,15,,57306,16,0,19 2 11 2 36 26,0,55,,61352,16,0,19 2 11 2 36 26,0,15,,57311,16,0,19 2 11 2 36 26,0,15,,61354,16,0,19 2 11 2 36 26,0,15,,57307,16,0,19 2 11 2 36 26,0,57,,61369,17,,,0,22,,61366,16,,,0,70,,61367,16,,,0,30,,61365,16,,,0,70,,61364,16,,,0,30,,61363,16,,,0,70,,61362,16,,,0,30,,61368,16,,,0,70,,61361,16,,,0,30,,61339,16,,,0,70,,61340,16,,,0,28,,61341,16,,,0,67,,61350,16,0,19 2 11 2 36 26,0,13,,57321,16,0,19 2 11 2 36 26,0,15,,61351,16,0,19 2 11 2 36 26,0,15,,57320,16,0,19 2 11 2 36 26,0,55,,61345,16,0,19 2 11 2 36 26,0,15,,57319,16,0,19 2 11 2 36 26,0,15,,61349,16,0,19 2 11 2 36 26,0,15,,57323,16,0,19 2 11 2 36 26,0,14,,61348,16,0,19 2 11 2 36 26,0,53,,57318,16,0,19 2 11 2 36 26,0,14,,61346,16,0,19 2 11 2 36 26,0,15,,57322,16,0,19 2 11 2 36 26,0,15,,61344,16,0,19 2 11 2 36 26,0,55,,57325,16,0,19 2 11 2 36 26,0,15,,61347,16,0,19 2 11 2 36 26,0,18,,57341,17,,,0,57,,61360,17,,,0,30,,61355,17,,,0,12,,57345,17,,,0,58,,61359,17,,,0,30,,61358,17,,,0,70,,61356,17,,,0,29,,61357,17,,,0,70,,61370,17,,,0,30,,61373,17,,,0,70,,61371,17,,,0,36,,61372,17,,,0
602019,'1910',638,,57383,16,,,0,67,,57381,17,,,0,30,,57382,17,,,0,70,,57372,17,,,0,30,,57373,17,,,0,72,,57371,17,,,0,31,,57370,17,,,0,70,,57369,17,,,0,30,,57368,17,,,0,70,,57379,17,,,0,30,,57378,17,,,0,70,,57377,17,,,0,30,,57376,17,,,0,70,,57375,17,,,0,30,,57374,17,,,0,70,,57366,17,,,0,30,,57367,17,,,0,70,,57380,17,,,0,30,,57365,17,,,0,70,,57364,17,,,0,30,,57363,17,,,0,70,,57362,17,,,0,30,,57361,17,,,0,70,,57359,17,,,0,30,,57360,17,,,0,70,,57358,17,,,0,30,,57351,17,,,0,69,,57352,17,,,0,29,,57350,17,,,0,70,,57353,17,,,0,30,,57356,17,,,0,70,,57357,17,,,0,30,,57355,17,,,0,70,,57354,17,,,0,28,,57349,17,,,0
602019,'1912',2235,,57419,17,,,0,70,,57420,17,,,0,30,,57421,17,,,0
602019,'1924',636,,57418,16,,,0,67,,57414,17,,,0,30,,57413,17,,,0,70,,57412,17,,,0,30,,57408,17,,,0,70,,57407,17,,,0,30,,57405,17,,,0,70,,57404,17,,,0,30,,57410,17,,,0,70,,57411,17,,,0,32,,57409,17,,,0,71,,57406,17,,,0,30,,57403,17,,,0,70,,57400,17,,,0,30,,57399,17,,,0,70,,57398,17,,,0,30,,57397,17,,,0,70,,57388,17,,,0,30,,57390,17,,,0,70,,57396,17,,,0,30,,57395,17,,,0,70,,57392,17,,,0,30,,57391,17,,,0,70,,57386,17,,,0,30,,57385,17,,,0,70,,57393,17,,,0,29,,57394,17,,,0,70,,57387,17,,,0,30,,57389,17,,,0,70,,57384,17,,,0,30,,57415,17,,,0,70,,57417,17,,,0,30,,57401,17,,,0,70,,57402,17,,,0,30,,57416,17,,,0
602019,'1925',2135,,61377,17,,,0,70,,61379,17,,,0,30,,61375,17,,,0,70,,61376,17,,,0,30,,61378,17,,,0
