2029,'1907',626,,53401,28,,,0,30,,53409,28,,,0,68,,53420,28,,,0,30,,53415,28,,,0,70,,53402,28,,,0,30,,53410,28,,,0,72,,53421,28,,,0,30,,53416,28,,,0,55,,53432,13,0,12,0,15,,53403,28,,,0,30,,53411,28,,,0,70,,53422,28,,,0,30,,53417,28,,,0,70,,53404,28,,,0,30,,53412,28,,,0,70,,53423,28,,,0,30,,53418,28,,,0,70,,53405,28,,,0,30,,53413,28,,,0,70,,53424,28,,,0,30,,53419,28,,,0,70,,53406,28,,,0,30,,53414,28,,,0,70,,53425,28,,,0,100,,53407,28,,,0,96,,53426,28,,,0,100,,53408,28,,,0,101,,53427,28,,,0,100,,53400,28,,,0
2029,'1909',530,,53450,13,,,0,25,,53433,28,,,0,70,,53434,28,,,0,28,,53435,28,,,0,72,,53436,28,,,0,29,,53437,28,,,0,70,,53438,28,,,0,30,,53439,28,,,0,70,,53440,28,,,0,30,,53441,28,,,0,70,,53464,28,,,0,30,,53460,28,,,0,70,,53466,28,,,0,30,,53462,28,,,0,70,,53463,28,,,0,30,,53459,28,,,0,70,,53465,28,,,0,30,,53461,28,,,0,70,,53467,28,,,0,33,,53442,28,,,0,74,,53443,28,,,0,70,,53444,28,,,0,30,,53445,28,,,0,70,,53446,28,,,0,29,,53447,28,,,0,28,,53448,28,,,0,67,,53449,28,,,0,30,,53453,28,,,0,70,,53454,28,,,0,99,,53455,28,,,0,100,,53456,28,,,0,100,,53452,28,,,0
2029,'1910',556,,53499,28,0,5 2 15 16 17,0,70,,53482,28,,,0,30,,53489,28,,,0,68,,53468,28,,,0,30,,53474,28,,,0,70,,53483,28,,,0,30,,53490,28,,,0,72,,53469,28,,,0,30,,53475,28,,,0,70,,53484,28,,,0,30,,53491,28,,,0,70,,53470,28,,,0,30,,53476,28,,,0,70,,53485,28,,,0,30,,53492,28,,,0,70,,53471,28,,,0,30,,53477,28,,,0,70,,53486,28,,,0,30,,53493,28,,,0,70,,53472,28,,,0,30,,53478,28,,,0,70,,53487,28,,,0,30,,53494,28,,,0,70,,53473,28,,,0,30,,53479,28,,,0,70,,53488,28,,,0,30,,53495,28,,,0,68,,53480,28,,,0,100,,53496,28,,,0,100,,53481,28,,,0,100,,53497,28,,,0
2029,'1911',626,,53503,28,,,0,30,,53511,28,,,0,68,,53522,28,,,0,30,,53517,28,,,0,70,,53504,28,,,0,30,,53512,28,,,0,72,,53523,28,,,0,30,,53518,28,,,0,55,,53534,13,0,12,0,15,,53505,28,,,0,30,,53513,28,,,0,70,,53524,28,,,0,30,,53519,28,,,0,70,,53506,28,,,0,30,,53514,28,,,0,70,,53525,28,,,0,30,,53520,28,,,0,70,,53507,28,,,0,30,,53515,28,,,0,70,,53526,28,,,0,30,,53521,28,,,0,70,,53508,28,,,0,30,,53516,28,,,0,70,,53527,28,,,0,100,,53509,28,,,0,96,,53528,28,,,0,100,,53510,28,,,0,101,,53529,28,,,0,100,,53502,28,,,0
2029,'1912',626,,53536,28,,,0,30,,53544,28,,,0,68,,53555,28,,,0,30,,53550,28,,,0,70,,53537,28,,,0,30,,53545,28,,,0,72,,53556,28,,,0,30,,53551,28,,,0,55,,53567,13,0,12,0,15,,53538,28,,,0,30,,53546,28,,,0,70,,53557,28,,,0,30,,53552,28,,,0,70,,53539,28,,,0,30,,53547,28,,,0,70,,53558,28,,,0,30,,53553,28,,,0,70,,53540,28,,,0,30,,53548,28,,,0,70,,53559,28,,,0,30,,53554,28,,,0,70,,53541,28,,,0,30,,53549,28,,,0,70,,53560,28,,,0,100,,53542,28,,,0,96,,53561,28,,,0,100,,53543,28,,,0,101,,53562,28,,,0,100,,53535,28,,,0
14000001029,'1907',538,,58794,13,0,18 7,0,1811,,58788,13,,,0,69,,58792,13,,,0,30,,58793,13,,,0,70,,58790,13,,,0,30,,58791,13,,,0,70,,58789,13,,,0
14000001029,'1909',436,,58795,13,0,18 7,0,102,,58796,13,0,18 7,0,1811,,58798,13,,,0,69,,58799,13,,,0,30,,58802,13,,,0,70,,58797,13,,,0,30,,58800,13,,,0,70,,58801,13,,,0
14000001029,'1910',538,,58807,13,0,18 7,0,1811,,58809,13,,,0,69,,58804,13,,,0,30,,58803,13,,,0,70,,58805,13,,,0,30,,58808,13,,,0,70,,58806,13,,,0
14000001029,'1911',538,,58816,13,0,18 7,0,1811,,58810,13,,,0,69,,58814,13,,,0,30,,58815,13,,,0,70,,58812,13,,,0,30,,58813,13,,,0,70,,58811,13,,,0
14000001029,'1912',538,,58823,13,0,18 7,0,1811,,58817,13,,,0,69,,58821,13,,,0,30,,58822,13,,,0,70,,58819,13,,,0,30,,58820,13,,,0,70,,58818,13,,,0
