609,'1909',625,,53961,19,0,15 16 17,0,75,,53915,19,0,15 16 17,0,32,,53912,19,0,15 16 17,0,70,,53925,19,0,15 16 17,0,30,,53927,19,0,15 16 17,0,70,,53937,19,0,15 16 17,0,30,,53960,19,0,15 16 17,0,70,,53924,19,0,15 16 17,0,30,,53933,19,0,15 16 17,0,70,,53934,19,0,15 16 17,0,30,,53932,19,0,15 16 17,0,70,,53956,19,0,15 16 17,0,30,,53955,19,0,15 16 17,0,70,,53952,19,0,15 16 17,0,30,,53953,19,0,15 16 17,0,70,,53954,19,0,15 16 17,0,31,,53951,19,0,15 16 17,0,71,,53949,19,0,15 16 17,0,30,,53950,19,0,15 16 17,0,70,,53948,19,0,15 16 17,0,30,,53946,19,0,15 16 17,0,70,,53945,19,0,15 16 17,0,29,,53947,19,0,15 16 17,0,67,,53944,19,0,15 16 17,0,25,,53943,19,0,15 16 17,0,30,,53942,19,0,15 16 17,0,90,,53940,19,0,15 16 17,0,99,,53941,19,0,15 16 17,0,100,,53939,19,0,15 16 17,0,100,,53963,19,0,15 16 17,0
609,'1910',616,,54020,19,0,15 16 17,0,30,,53999,19,0,15 16 17,0,70,,53987,19,0,15 16 17,0,30,,54013,19,0,15 16 17,0,70,,53986,19,0,15 16 17,0,30,,53998,19,0,15 16 17,0,70,,53985,19,0,15 16 17,0,28,,54012,19,0,15 16 17,0,70,,53984,19,0,15 16 17,0,30,,53997,19,0,15 16 17,0,73,,53983,19,0,15 16 17,0,30,,54011,19,0,15 16 17,0,70,,53982,19,0,15 16 17,0,30,,53996,19,0,15 16 17,0,70,,53981,19,0,15 16 17,0,30,,54010,19,0,15 16 17,0,70,,53980,19,0,15 16 17,0,30,,53995,19,0,15 16 17,0,70,,53979,19,0,15 16 17,0,30,,54009,19,0,15 16 17,0,70,,53978,19,0,15 16 17,0,30,,53994,19,0,15 16 17,0,70,,53977,19,0,15 16 17,0,30,,54016,19,0,15 16 17,0,70,,54000,19,0,15 16 17,0,30,,54014,19,0,15 16 17,0
15019,'1907',756,,55093,69,,,0,100,,55091,69,,,0,100,,55094,69,,,0,101,,55092,69,,,0,100,,55089,69,,,0,100,,55087,69,,,0,102,,55090,69,,,0,100,,55088,69,,,0,100,,55085,69,,,0,99,,55086,69,,,0,99,,55083,69,,,0,100,,55084,69,,,0,100,,55082,69,,,0,99,,55095,69,,,0
15019,'1909',721,,55096,69,,,0,31,,55097,69,,,0,75,,55098,69,,,0,29,,55099,69,,,0,68,,55100,69,,,0,30,,55101,69,,,0,70,,55102,69,,,0,30,,55103,69,,,0,70,,55104,69,,,0,30,,55105,69,,,0,70,,55106,69,,,0,30,,55107,69,,,0,70,,55108,69,,,0,30,,55109,69,,,0,70,,55110,69,,,0,32,,55111,69,,,0,73,,55112,69,,,0,30,,55113,69,,,0,70,,55114,69,,,0,29,,55115,69,,,0,68,,55116,69,,,0,27,,55117,69,,,0,69,,55118,69,,,0,30,,55119,69,,,0,70,,55120,69,,,0,30,,55126,69,,,0,69,,55121,69,,,0,98,,55122,69,,,0,100,,55125,69,,,0
15019,'1910',756,,55127,69,,,0,100,,55128,69,,,0,100,,55129,69,,,0,101,,55130,69,,,0,100,,55131,69,,,0,100,,55132,69,,,0,143,,55133,69,,,0,100,,55134,69,,,0,100,,55135,69,,,0,100,,55136,69,,,0,100,,55137,69,,,0,57,,55138,69,,,0,100,,55139,69,,,0,99,,55140,69,,,0
15019,'1911',756,,55153,69,,,0,100,,55151,69,,,0,100,,55154,69,,,0,101,,55152,69,,,0,100,,55149,69,,,0,100,,55147,69,,,0,102,,55150,69,,,0,100,,55148,69,,,0,100,,55145,69,,,0,99,,55146,69,,,0,99,,55143,69,,,0,100,,55144,69,,,0,100,,55142,69,,,0,99,,55155,69,,,0
15019,'1912',756,,55167,69,,,0,100,,55165,69,,,0,100,,55168,69,,,0,101,,55166,69,,,0,100,,55163,69,,,0,100,,55161,69,,,0,102,,55164,69,,,0,100,,55162,69,,,0,100,,55159,69,,,0,99,,55160,69,,,0,99,,55157,69,,,0,100,,55158,69,,,0,100,,55156,69,,,0,99,,55169,69,,,0
502019,'1907',614,,56664,8,,,0,28,,56646,8,,,0,65,,56655,8,,,0,30,,56680,8,,,0,71,,56660,8,,,0,30,,56679,8,,,0,70,,56658,8,,,0,30,,56678,8,,,0,70,,56647,8,,,0,30,,56677,8,,,0,15,,56689,8,,,0,55,,56648,8,,,0,15,,56691,8,,,0,15,,56676,8,,,0,15,,56694,8,,,0,57,,56649,8,,,0,15,,56683,8,,,0,15,,56675,8,,,0,15,,56686,8,,,0,55,,56650,8,,,0,15,,56688,8,,,0,15,,56674,8,,,0,15,,56692,8,,,0,55,,56651,8,,,0,15,,56693,8,,,0,15,,56673,8,,,0,15,,56682,8,,,0,55,,56652,8,,,0,15,,56685,8,,,0,15,,56672,8,,,0,15,,56687,8,,,0,55,,56653,8,,,0,14,,56690,8,,,0,15,,56671,8,,,0,15,,56695,8,,,0,55,,56654,8,,,0,15,,56681,8,,,0,15,,56670,8,,,0,15,,56684,8,,,0,55,,56663,8,,,0,29,,56669,8,,,0,70,,56661,8,,,0,30,,56668,8,,,0,70,,56656,8,,,0,30,,56667,8,,,0,70,,56657,8,,,0,30,,56665,8,,,0,69,,56662,8,,,0,30,,56666,8,,,0,70,,56659,8,,,0
502019,'1909',539,,56696,8,,,0,15,,56697,8,,,0,55,,56698,8,,,0,16,,56699,8,,,0,7,,56700,8,,,0,8,,56701,8,,,0,15,,56702,8,,,0,52,,56703,8,,,0,13,,56704,8,,,0,12,,56705,8,,,0,6,,56706,8,,,0,6,,56707,8,,,0,12,,56708,8,,,0,46,,56709,8,,,0,6,,56710,8,,,0,12,,56711,8,,,0,12,,56712,8,,,0,12,,56713,8,,,0,12,,56714,8,,,0,54,,56715,8,,,0,14,,56716,8,,,0,15,,56717,8,,,0,15,,56718,8,,,0,55,,56719,8,,,0,15,,56720,8,,,0,15,,56721,8,,,0,15,,56722,8,,,0,55,,56723,8,,,0,15,,56724,8,,,0,15,,56725,8,,,0,15,,56726,8,,,0,55,,56727,8,,,0,15,,56728,8,,,0,15,,56729,8,,,0,15,,56730,8,,,0,55,,56731,8,,,0,15,,56732,8,,,0,15,,56733,8,,,0,15,,56734,8,,,0,55,,56735,8,,,0,15,,56736,8,,,0,15,,56737,8,,,0,17,,56738,8,,,0,55,,56739,8,,,0,15,,56740,8,,,0,12,,56741,8,,,0,12,,56742,8,,,0,52,,56743,8,,,0,12,,56744,8,,,0,12,,56745,8,,,0,12,,56746,8,,,0,12,,56747,8,,,0,52,,56748,8,,,0,12,,56749,8,,,0,11,,56750,8,,,0,11,,56751,8,,,0,12,,56752,8,,,0,52,,56753,8,,,0,12,,56754,8,,,0,12,,56755,8,,,0,15,,56756,8,,,0,15,,56766,8,,,0,55,,56757,8,,,0,30,,56758,8,,,0,70,,56759,8,,,0,30,,56760,8,,,0,70,,56761,8,,,0,30,,56762,8,,,0,70,,56763,8,,,0,30,,56764,8,,,0,70,,56765,8,,,0
502019,'1910',612,,56774,8,,,0,15,,56820,8,,,0,15,,56781,8,,,0,70,,56773,8,,,0,30,,56782,8,,,0,65,,56772,8,,,0,30,,56783,8,,,0,71,,56771,8,,,0,30,,56784,8,,,0,15,,56785,8,,,0,57,,56811,8,,,0,15,,56794,8,,,0,15,,56803,8,,,0,15,,56786,8,,,0,55,,56812,8,,,0,15,,56795,8,,,0,15,,56804,8,,,0,15,,56787,8,,,0,55,,56813,8,,,0,15,,56796,8,,,0,15,,56805,8,,,0,15,,56788,8,,,0,55,,56814,8,,,0,15,,56797,8,,,0,15,,56806,8,,,0,15,,56789,8,,,0,55,,56815,8,,,0,15,,56798,8,,,0,15,,56807,8,,,0,15,,56790,8,,,0,55,,56816,8,,,0,15,,56799,8,,,0,15,,56808,8,,,0,15,,56791,8,,,0,55,,56817,8,,,0,15,,56800,8,,,0,15,,56809,8,,,0,15,,56792,8,,,0,55,,56818,8,,,0,15,,56801,8,,,0,15,,56776,8,,,0,15,,56793,8,,,0,55,,56810,8,,,0,15,,56802,8,,,0,15,,56777,8,,,0,15,,56819,8,,,0,54,,56821,8,,,0,30,,56778,8,,,0,69,,56770,8,,,0,30,,56779,8,,,0,70,,56769,8,,,0,30,,56775,8,,,0,69,,56768,8,,,0,30,,56780,8,,,0,70,,56767,8,,,0
502019,'1911',614,,56840,8,,,0,28,,56822,8,,,0,65,,56831,8,,,0,30,,56856,8,,,0,71,,56836,8,,,0,30,,56855,8,,,0,70,,56834,8,,,0,30,,56854,8,,,0,70,,56823,8,,,0,30,,56853,8,,,0,15,,56865,8,,,0,55,,56824,8,,,0,15,,56867,8,,,0,15,,56852,8,,,0,15,,56870,8,,,0,57,,56825,8,,,0,15,,56859,8,,,0,15,,56851,8,,,0,15,,56862,8,,,0,55,,56826,8,,,0,15,,56864,8,,,0,15,,56850,8,,,0,15,,56868,8,,,0,55,,56827,8,,,0,15,,56869,8,,,0,15,,56849,8,,,0,15,,56858,8,,,0,55,,56828,8,,,0,15,,56861,8,,,0,15,,56848,8,,,0,15,,56863,8,,,0,55,,56829,8,,,0,14,,56866,8,,,0,15,,56847,8,,,0,15,,56871,8,,,0,55,,56830,8,,,0,15,,56857,8,,,0,15,,56846,8,,,0,15,,56860,8,,,0,55,,56839,8,,,0,29,,56845,8,,,0,70,,56837,8,,,0,30,,56844,8,,,0,70,,56832,8,,,0,30,,56843,8,,,0,70,,56833,8,,,0,30,,56841,8,,,0,69,,56838,8,,,0,30,,56842,8,,,0,70,,56835,8,,,0
502019,'1912',614,,56890,8,,,0,28,,56872,8,,,0,65,,56881,8,,,0,30,,56906,8,,,0,71,,56886,8,,,0,30,,56905,8,,,0,70,,56884,8,,,0,30,,56904,8,,,0,70,,56873,8,,,0,30,,56903,8,,,0,15,,56915,8,,,0,55,,56874,8,,,0,15,,56917,8,,,0,15,,56902,8,,,0,15,,56920,8,,,0,57,,56875,8,,,0,15,,56909,8,,,0,15,,56901,8,,,0,15,,56912,8,,,0,55,,56876,8,,,0,15,,56914,8,,,0,15,,56900,8,,,0,15,,56918,8,,,0,55,,56877,8,,,0,15,,56919,8,,,0,15,,56899,8,,,0,15,,56908,8,,,0,55,,56878,8,,,0,15,,56911,8,,,0,15,,56898,8,,,0,15,,56913,8,,,0,55,,56879,8,,,0,14,,56916,8,,,0,15,,56897,8,,,0,15,,56921,8,,,0,55,,56880,8,,,0,15,,56907,8,,,0,15,,56896,8,,,0,15,,56910,8,,,0,55,,56889,8,,,0,29,,56895,8,,,0,70,,56887,8,,,0,30,,56894,8,,,0,70,,56882,8,,,0,30,,56893,8,,,0,70,,56883,8,,,0,30,,56891,8,,,0,69,,56888,8,,,0,30,,56892,8,,,0,70,,56885,8,,,0
