1029,'1907',620,,53126,40,,,0,100,,53127,40,,,0,100,,53128,40,,,0,100,,53129,40,,,0,101,,53130,40,,,0,100,,53131,40,,,0,100,,53132,40,,,0,100,,53133,40,,,0,100,,53134,40,,,0,100,,53135,40,,,0,100,,53136,40,,,0,100,,53137,40,,,0,100,,53138,40,,,0,100,,53139,40,,,0,100,,53140,40,,,0,100,,53141,40,,,0,101,,53142,40,,,0,94,,53143,40,,,0
1029,'1909',620,,53153,40,,,0,35,,53154,40,,,0,72,,53174,40,,,0,30,,53150,40,,,0,70,,53145,40,,,0,30,,53178,40,,,0,70,,53148,40,,,0,30,,53155,40,,,0,70,,53173,40,,,0,30,,53152,40,,,0,70,,53144,40,,,0,30,,53177,40,,,0,70,,53149,40,,,0,30,,53156,40,,,0,70,,53172,40,,,0,30,,53151,40,,,0,70,,53146,40,,,0,30,,53175,40,,,0,72,,53147,40,,,0,30,,53157,40,,,0,70,,53171,40,,,0,30,,53160,40,,,0,70,,53159,40,,,0,28,,53158,40,,,0,65,,53164,40,,,0,30,,53163,40,,,0,70,,53162,40,,,0,30,,53161,40,,,0,69,,53176,40,,,0,30,,53170,40,,,0,70,,53169,40,,,0,30,,53168,40,,,0,70,,53167,40,,,0,30,,53166,40,,,0,65,,53165,40,,,0
1029,'1910',620,,53184,40,,,0,30,,53196,40,,,0,70,,53203,40,,,0,30,,53191,40,,,0,70,,53212,40,,,0,30,,53200,40,,,0,72,,53183,40,,,0,29,,53195,40,,,0,70,,53206,40,,,0,30,,53190,40,,,0,70,,53213,40,,,0,30,,53199,40,,,0,70,,53182,40,,,0,30,,53194,40,,,0,70,,53205,40,,,0,30,,53189,40,,,0,70,,53185,40,,,0,30,,53198,40,,,0,70,,53181,40,,,0,30,,53193,40,,,0,70,,53201,40,,,0,30,,53188,40,,,0,70,,53210,40,,,0,30,,53197,40,,,0,69,,53180,40,,,0,31,,53192,40,,,0,70,,53204,40,,,0,30,,53186,40,,,0,70,,53208,40,,,0,30,,53207,40,,,0,70,,53179,40,,,0,30,,53187,40,,,0,70,,53202,40,,,0,30,,53211,40,,,0,67,,53209,40,,,0
1029,'1911',620,,53214,40,,,0,100,,53215,40,,,0,100,,53216,40,,,0,100,,53217,40,,,0,101,,53218,40,,,0,100,,53219,40,,,0,100,,53220,40,,,0,100,,53221,40,,,0,100,,53222,40,,,0,100,,53223,40,,,0,100,,53224,40,,,0,100,,53225,40,,,0,100,,53226,40,,,0,100,,53227,40,,,0,100,,53228,40,,,0,100,,53229,40,,,0,101,,53230,40,,,0,94,,53231,40,,,0
1029,'1912',620,,53232,40,,,0,100,,53233,40,,,0,100,,53234,40,,,0,100,,53235,40,,,0,101,,53236,40,,,0,100,,53237,40,,,0,100,,53238,40,,,0,100,,53239,40,,,0,100,,53240,40,,,0,100,,53241,40,,,0,100,,53242,40,,,0,100,,53243,40,,,0,100,,53244,40,,,0,100,,53245,40,,,0,100,,53246,40,,,0,100,,53247,40,,,0,101,,53248,40,,,0,94,,53249,40,,,0
2029,'1907',635,,53401,37,,,0,70,,53409,37,,,0,31,,53420,37,,,0,70,,53415,37,,,0,30,,53402,37,,,0,70,,53410,37,,,0,30,,53421,37,,,0,70,,53416,37,,,0,30,,53403,37,,,0,70,,53411,37,,,0,30,,53422,37,,,0,70,,53417,37,,,0,30,,53404,37,,,0,70,,53412,37,,,0,30,,53423,37,,,0,70,,53418,37,,,0,30,,53405,37,,,0,70,,53413,37,,,0,30,,53424,37,,,0,70,,53419,37,,,0,30,,53406,37,,,0,70,,53414,37,,,0,30,,53425,37,,,0,100,,53407,37,,,0,99,,53426,37,,,0,100,,53408,37,,,0,101,,53427,37,,,0,100,,53400,37,,,0
2029,'1909',540,,53450,22,,,0,65,,53433,37,,,0,30,,53434,37,,,0,72,,53435,37,,,0,29,,53436,37,,,0,71,,53437,37,,,0,30,,53438,37,,,0,70,,53439,37,,,0,30,,53440,37,,,0,70,,53441,37,,,0,30,,53464,37,,,0,70,,53460,37,,,0,30,,53466,37,,,0,70,,53462,37,,,0,30,,53463,37,,,0,70,,53459,37,,,0,30,,53465,37,,,0,70,,53461,37,,,0,30,,53467,37,,,0,71,,53442,37,,,0,34,,53443,37,,,0,70,,53444,37,,,0,30,,53445,37,,,0,70,,53446,37,,,0,30,,53447,37,,,0,65,,53448,37,,,0,29,,53449,37,,,0,70,,53453,37,,,0,30,,53454,37,,,0,100,,53455,37,,,0,100,,53456,37,,,0,100,,53452,37,,,0
2029,'1910',605,,53499,37,0,5 2 15 16 17,0,30,,53482,37,,,0,69,,53489,37,,,0,31,,53468,37,,,0,70,,53474,37,,,0,30,,53483,37,,,0,71,,53490,37,,,0,30,,53469,37,,,0,70,,53475,37,,,0,30,,53484,37,,,0,70,,53491,37,,,0,30,,53470,37,,,0,70,,53476,37,,,0,30,,53485,37,,,0,70,,53492,37,,,0,30,,53471,37,,,0,70,,53477,37,,,0,30,,53486,37,,,0,70,,53493,37,,,0,30,,53472,37,,,0,70,,53478,37,,,0,30,,53487,37,,,0,70,,53494,37,,,0,30,,53473,37,,,0,70,,53479,37,,,0,30,,53488,37,,,0,70,,53495,37,,,0,30,,53480,37,,,0,100,,53496,37,,,0,100,,53481,37,,,0,100,,53497,37,,,0
2029,'1911',635,,53503,37,,,0,70,,53511,37,,,0,31,,53522,37,,,0,70,,53517,37,,,0,30,,53504,37,,,0,70,,53512,37,,,0,30,,53523,37,,,0,70,,53518,37,,,0,30,,53505,37,,,0,70,,53513,37,,,0,30,,53524,37,,,0,70,,53519,37,,,0,30,,53506,37,,,0,70,,53514,37,,,0,30,,53525,37,,,0,70,,53520,37,,,0,30,,53507,37,,,0,70,,53515,37,,,0,30,,53526,37,,,0,70,,53521,37,,,0,30,,53508,37,,,0,70,,53516,37,,,0,30,,53527,37,,,0,100,,53509,37,,,0,99,,53528,37,,,0,100,,53510,37,,,0,101,,53529,37,,,0,100,,53502,37,,,0
2029,'1912',635,,53536,37,,,0,70,,53544,37,,,0,31,,53555,37,,,0,70,,53550,37,,,0,30,,53537,37,,,0,70,,53545,37,,,0,30,,53556,37,,,0,70,,53551,37,,,0,30,,53538,37,,,0,70,,53546,37,,,0,30,,53557,37,,,0,70,,53552,37,,,0,30,,53539,37,,,0,70,,53547,37,,,0,30,,53558,37,,,0,70,,53553,37,,,0,30,,53540,37,,,0,70,,53548,37,,,0,30,,53559,37,,,0,70,,53554,37,,,0,30,,53541,37,,,0,70,,53549,37,,,0,30,,53560,37,,,0,100,,53542,37,,,0,99,,53561,37,,,0,100,,53543,37,,,0,101,,53562,37,,,0,100,,53535,37,,,0
12029,'1909',645,,54902,16,,,0,71,,54899,16,,,0,30,,54892,16,,,0,69,,54900,16,,,0,31,,54893,16,,,0,71,,54879,7,,,0,30,,54880,7,,,0,70,,54881,7,,,0,30,,54882,7,,,0,70,,54883,7,,,0,30,,54884,7,,,0,70,,54885,7,,,0,30,,54886,7,,,0,70,,54887,7,,,0,30,,54888,7,,,0,70,,54889,7,,,0,29,,54895,16,,,0,71,,54898,16,,,0,30,,54890,16,,,0,70,,54897,16,,,0,30,,54891,16,,,0,70,,54901,16,,,0,30,,54894,16,,,0,70,,54896,16,,,0
14000001029,'1907',546,,58794,21,0,18 7,0,1811,,58788,21,,,0,69,,58792,21,,,0,30,,58793,21,,,0,70,,58790,21,,,0,30,,58791,21,,,0,70,,58789,21,,,0
14000001029,'1909',444,,58795,21,0,18 7,0,102,,58796,21,0,18 7,0,1811,,58798,21,,,0,69,,58799,21,,,0,30,,58802,21,,,0,70,,58797,21,,,0,30,,58800,21,,,0,70,,58801,21,,,0
14000001029,'1910',546,,58807,21,0,18 7,0,1811,,58809,21,,,0,69,,58804,21,,,0,30,,58803,21,,,0,70,,58805,21,,,0,30,,58808,21,,,0,70,,58806,21,,,0
14000001029,'1911',546,,58816,21,0,18 7,0,1811,,58810,21,,,0,69,,58814,21,,,0,30,,58815,21,,,0,70,,58812,21,,,0,30,,58813,21,,,0,70,,58811,21,,,0
14000001029,'1912',546,,58823,21,0,18 7,0,1811,,58817,21,,,0,69,,58821,21,,,0,30,,58822,21,,,0,70,,58819,21,,,0,30,,58820,21,,,0,70,,58818,21,,,0
