1029,'1907',623,,53126,45,,,0,100,,53127,45,,,0,100,,53128,45,,,0,101,,53129,45,,,0,101,,53130,45,,,0,100,,53131,45,,,0,100,,53132,45,,,0,100,,53133,45,,,0,100,,53134,45,,,0,100,,53135,45,,,0,100,,53136,45,,,0,100,,53137,45,,,0,100,,53138,45,,,0,100,,53139,45,,,0,100,,53140,45,,,0,100,,53141,45,,,0,100,,53142,45,,,0,95,,53143,45,,,0
1029,'1909',623,,53153,45,,,0,35,,53154,45,,,0,72,,53174,45,,,0,70,,53150,45,,,0,30,,53145,45,,,0,71,,53178,45,,,0,30,,53148,45,,,0,70,,53155,45,,,0,30,,53173,45,,,0,70,,53152,45,,,0,30,,53144,45,,,0,70,,53177,45,,,0,30,,53149,45,,,0,70,,53156,45,,,0,30,,53172,45,,,0,70,,53151,45,,,0,30,,53146,45,,,0,71,,53175,45,,,0,32,,53147,45,,,0,70,,53157,45,,,0,30,,53171,45,,,0,70,,53160,45,,,0,30,,53159,45,,,0,67,,53158,45,,,0,25,,53164,45,,,0,30,,53163,45,,,0,70,,53162,45,,,0,30,,53161,45,,,0,69,,53176,45,,,0,30,,53170,45,,,0,70,,53169,45,,,0,30,,53168,45,,,0,70,,53167,45,,,0,30,,53166,45,,,0,65,,53165,45,,,0
1029,'1910',623,,53184,45,,,0,30,,53196,45,,,0,70,,53203,45,,,0,30,,53191,45,,,0,70,,53212,45,,,0,30,,53200,45,,,0,72,,53183,45,,,0,30,,53195,45,,,0,70,,53206,45,,,0,30,,53190,45,,,0,70,,53213,45,,,0,30,,53199,45,,,0,70,,53182,45,,,0,30,,53194,45,,,0,70,,53205,45,,,0,30,,53189,45,,,0,70,,53185,45,,,0,30,,53198,45,,,0,70,,53181,45,,,0,30,,53193,45,,,0,70,,53201,45,,,0,30,,53188,45,,,0,70,,53210,45,,,0,30,,53197,45,,,0,69,,53180,45,,,0,31,,53192,45,,,0,70,,53204,45,,,0,30,,53186,45,,,0,70,,53208,45,,,0,30,,53207,45,,,0,70,,53179,45,,,0,30,,53187,45,,,0,70,,53202,45,,,0,30,,53211,45,,,0,68,,53209,45,,,0
1029,'1911',623,,53214,45,,,0,100,,53215,45,,,0,100,,53216,45,,,0,101,,53217,45,,,0,101,,53218,45,,,0,100,,53219,45,,,0,100,,53220,45,,,0,100,,53221,45,,,0,100,,53222,45,,,0,100,,53223,45,,,0,100,,53224,45,,,0,100,,53225,45,,,0,100,,53226,45,,,0,100,,53227,45,,,0,100,,53228,45,,,0,100,,53229,45,,,0,100,,53230,45,,,0,95,,53231,45,,,0
1029,'1912',623,,53232,45,,,0,100,,53233,45,,,0,100,,53234,45,,,0,101,,53235,45,,,0,101,,53236,45,,,0,100,,53237,45,,,0,100,,53238,45,,,0,100,,53239,45,,,0,100,,53240,45,,,0,100,,53241,45,,,0,100,,53242,45,,,0,100,,53243,45,,,0,100,,53244,45,,,0,100,,53245,45,,,0,100,,53246,45,,,0,100,,53247,45,,,0,100,,53248,45,,,0,95,,53249,45,,,0
2029,'1907',638,,53401,42,,,0,71,,53409,42,,,0,31,,53420,42,,,0,70,,53415,42,,,0,30,,53402,42,,,0,70,,53410,42,,,0,30,,53421,42,,,0,70,,53416,42,,,0,30,,53403,42,,,0,70,,53411,42,,,0,30,,53422,42,,,0,70,,53417,42,,,0,30,,53404,42,,,0,70,,53412,42,,,0,30,,53423,42,,,0,70,,53418,42,,,0,30,,53405,42,,,0,70,,53413,42,,,0,30,,53424,42,,,0,70,,53419,42,,,0,30,,53406,42,,,0,70,,53414,42,,,0,30,,53425,42,,,0,100,,53407,42,,,0,99,,53426,42,,,0,100,,53408,42,,,0,101,,53427,42,,,0,100,,53400,42,,,0
2029,'1909',543,,53450,27,,,0,65,,53433,42,,,0,30,,53434,42,,,0,72,,53435,42,,,0,30,,53436,42,,,0,71,,53437,42,,,0,30,,53438,42,,,0,70,,53439,42,,,0,30,,53440,42,,,0,70,,53441,42,,,0,30,,53464,42,,,0,70,,53460,42,,,0,30,,53466,42,,,0,70,,53462,42,,,0,30,,53463,42,,,0,70,,53459,42,,,0,30,,53465,42,,,0,70,,53461,42,,,0,31,,53467,42,,,0,71,,53442,42,,,0,34,,53443,42,,,0,70,,53444,42,,,0,30,,53445,42,,,0,70,,53446,42,,,0,28,,53447,42,,,0,66,,53448,42,,,0,29,,53449,42,,,0,70,,53453,42,,,0,30,,53454,42,,,0,100,,53455,42,,,0,100,,53456,42,,,0,100,,53452,42,,,0
2029,'1910',608,,53499,42,0,5 2 15 16 17,0,30,,53482,42,,,0,69,,53489,42,,,0,31,,53468,42,,,0,70,,53474,42,,,0,30,,53483,42,,,0,72,,53490,42,,,0,30,,53469,42,,,0,70,,53475,42,,,0,30,,53484,42,,,0,70,,53491,42,,,0,30,,53470,42,,,0,70,,53476,42,,,0,30,,53485,42,,,0,70,,53492,42,,,0,30,,53471,42,,,0,70,,53477,42,,,0,30,,53486,42,,,0,70,,53493,42,,,0,30,,53472,42,,,0,70,,53478,42,,,0,30,,53487,42,,,0,70,,53494,42,,,0,30,,53473,42,,,0,70,,53479,42,,,0,30,,53488,42,,,0,70,,53495,42,,,0,30,,53480,42,,,0,100,,53496,42,,,0,100,,53481,42,,,0,100,,53497,42,,,0
2029,'1911',638,,53503,42,,,0,71,,53511,42,,,0,31,,53522,42,,,0,70,,53517,42,,,0,30,,53504,42,,,0,70,,53512,42,,,0,30,,53523,42,,,0,70,,53518,42,,,0,30,,53505,42,,,0,70,,53513,42,,,0,30,,53524,42,,,0,70,,53519,42,,,0,30,,53506,42,,,0,70,,53514,42,,,0,30,,53525,42,,,0,70,,53520,42,,,0,30,,53507,42,,,0,70,,53515,42,,,0,30,,53526,42,,,0,70,,53521,42,,,0,30,,53508,42,,,0,70,,53516,42,,,0,30,,53527,42,,,0,100,,53509,42,,,0,99,,53528,42,,,0,100,,53510,42,,,0,101,,53529,42,,,0,100,,53502,42,,,0
2029,'1912',638,,53536,42,,,0,71,,53544,42,,,0,31,,53555,42,,,0,70,,53550,42,,,0,30,,53537,42,,,0,70,,53545,42,,,0,30,,53556,42,,,0,70,,53551,42,,,0,30,,53538,42,,,0,70,,53546,42,,,0,30,,53557,42,,,0,70,,53552,42,,,0,30,,53539,42,,,0,70,,53547,42,,,0,30,,53558,42,,,0,70,,53553,42,,,0,30,,53540,42,,,0,70,,53548,42,,,0,30,,53559,42,,,0,70,,53554,42,,,0,30,,53541,42,,,0,70,,53549,42,,,0,30,,53560,42,,,0,100,,53542,42,,,0,99,,53561,42,,,0,100,,53543,42,,,0,101,,53562,42,,,0,100,,53535,42,,,0
12029,'1909',648,,54902,21,,,0,72,,54899,21,,,0,30,,54892,21,,,0,69,,54900,21,,,0,31,,54893,21,,,0,71,,54879,12,,,0,30,,54880,12,,,0,70,,54881,12,,,0,30,,54882,12,,,0,70,,54883,12,,,0,30,,54884,12,,,0,70,,54885,12,,,0,30,,54886,12,,,0,70,,54887,12,,,0,30,,54888,12,,,0,70,,54889,12,,,0,30,,54895,21,,,0,71,,54898,21,,,0,30,,54890,21,,,0,70,,54897,21,,,0,30,,54891,21,,,0,70,,54901,21,,,0,29,,54894,21,,,0,70,,54896,21,,,0
14000001029,'1907',550,,58794,26,0,18 7,0,1851,,58788,26,,,0,29,,58792,26,,,0,70,,58793,26,,,0,30,,58790,26,,,0,70,,58791,26,,,0,30,,58789,26,,,0
14000001029,'1909',448,,58795,26,0,18 7,0,102,,58796,26,0,18 7,0,1851,,58798,26,,,0,29,,58799,26,,,0,70,,58802,26,,,0,30,,58797,26,,,0,70,,58800,26,,,0,30,,58801,26,,,0
14000001029,'1910',550,,58807,26,0,18 7,0,1851,,58809,26,,,0,29,,58804,26,,,0,70,,58803,26,,,0,30,,58805,26,,,0,70,,58808,26,,,0,30,,58806,26,,,0
14000001029,'1911',550,,58816,26,0,18 7,0,1851,,58810,26,,,0,29,,58814,26,,,0,70,,58815,26,,,0,30,,58812,26,,,0,70,,58813,26,,,0,30,,58811,26,,,0
14000001029,'1912',550,,58823,26,0,18 7,0,1851,,58817,26,,,0,29,,58821,26,,,0,70,,58822,26,,,0,30,,58819,26,,,0,70,,58820,26,,,0,30,,58818,26,,,0
