609,'1907',850,,53886,7,0,18 7,0,100,,53870,7,0,18 7,0,100,,53882,7,0,18 7,0,100,,53872,7,0,18 7,0,101,,53885,7,0,18 7,0,100,,53868,7,0,18 7,0,100,,53884,7,0,18 7,0,100,,53874,7,0,18 7,0,100,,53883,7,0,18 7,0,100,,53871,7,0,18 7,0,99,,53881,7,0,18 7,0,100,,53869,7,0,18 7,0
609,'1909',650,,59618,19,0,18 7,0,71,,59612,19,0,18 7,0,30,,53920,19,0,18 7,0,70,,53935,19,0,18 7,0,30,,53904,19,0,18 7,0,70,,59620,19,0,18 7,0,30,,59607,19,0,18 7,0,70,,59610,19,0,18 7,0,30,,53930,19,0,18 7,0,70,,53931,19,0,18 7,0,30,,59617,19,0,18 7,0,70,,53922,19,0,18 7,0,30,,53926,19,0,18 7,0,70,,53917,19,0,18 7,0,30,,53923,19,0,18 7,0,70,,53916,19,0,18 7,0,32,,53911,19,0,18 7,0,70,,53905,19,0,18 7,0,30,,59614,19,0,18 7,0,70,,53910,19,0,18 7,0,30,,59633,19,0,18 7,0,70,,59615,19,0,18 7,0,27,,59608,19,0,18 7,0,70,,59619,19,0,18 7,0,30,,59609,19,0,18 7,0,71,,59631,19,0,18 7,0,98,,53921,19,0,18 7,0,100,,59632,19,0,18 7,0,100,,53913,19,0,18 7,0,100,,59636,19,0,18 7,0
609,'1910',648,,59663,19,0,18 7,0,70,,59647,19,0,18 7,0,30,,59676,19,0,18 7,0,70,,53974,19,0,18 7,0,30,,53992,19,0,18 7,0,71,,53973,19,0,18 7,0,30,,59675,19,0,18 7,0,70,,59646,19,0,18 7,0,30,,59662,19,0,18 7,0,70,,59645,19,0,18 7,0,32,,59674,19,0,18 7,0,70,,59644,19,0,18 7,0,30,,59661,19,0,18 7,0,70,,59642,19,0,18 7,0,30,,59660,19,0,18 7,0,70,,59638,19,0,18 7,0,30,,59686,19,0,18 7,0,70,,59659,19,0,18 7,0,30,,59640,19,0,18 7,0,70,,59670,19,0,18 7,0,30,,59639,19,0,18 7,0,68,,59671,19,0,18 7,0,30,,59641,19,0,18 7,0,70,,59672,19,0,18 7,0,30,,59643,19,0,18 7,0,69,,59673,19,0,18 7,0,102,,59683,7,0,18 7,0,100,,54019,7,0,18 7,0
609,'1912',850,,54077,7,0,18 7,0,100,,54061,7,0,18 7,0,100,,54073,7,0,18 7,0,100,,54063,7,0,18 7,0,101,,54076,7,0,18 7,0,100,,54059,7,0,18 7,0,100,,54075,7,0,18 7,0,100,,54065,7,0,18 7,0,100,,54074,7,0,18 7,0,100,,54062,7,0,18 7,0,99,,54072,7,0,18 7,0,100,,54060,7,0,18 7,0
609,'1924',850,,54041,7,0,18 7,0,100,,54025,7,0,18 7,0,100,,54037,7,0,18 7,0,100,,54027,7,0,18 7,0,101,,54040,7,0,18 7,0,100,,54023,7,0,18 7,0,100,,54039,7,0,18 7,0,100,,54029,7,0,18 7,0,100,,54038,7,0,18 7,0,100,,54026,7,0,18 7,0,99,,54036,7,0,18 7,0,100,,54024,7,0,18 7,0
609,'1925',850,,59706,7,0,18 7,0,100,,59690,7,0,18 7,0,100,,59702,7,0,18 7,0,100,,59692,7,0,18 7,0,101,,59705,7,0,18 7,0,100,,59688,7,0,18 7,0,100,,59704,7,0,18 7,0,100,,59694,7,0,18 7,0,100,,59703,7,0,18 7,0,100,,59691,7,0,18 7,0,99,,59701,7,0,18 7,0,100,,59689,7,0,18 7,0
10019,'1907',735,,54449,6,,,0,70,,54450,6,,,0,30,,54451,6,,,0,70,,54452,6,,,0,30,,54453,6,,,0,70,,54454,6,,,0,30,,54455,6,,,0,70,,54456,6,,,0,30,,54457,6,,,0,71,,54458,6,,,0,30,,54459,6,,,0,70,,59947,6,,,0,30,,54461,6,,,0,70,,54462,6,,,0,30,,54463,6,,,0,70,,54464,6,,,0,30,,54465,6,,,0,70,,54466,6,,,0,30,,59948,6,,,0,70,,54468,6,,,0,30,,54469,6,,,0,69,,54470,6,,,0,30,,54471,6,,,0,70,,54472,6,,,0
10019,'1909',535,,59949,6,,,0,70,,54474,6,,,0,30,,59950,6,,,0,71,,54476,6,,,0,30,,59951,6,,,0,70,,54478,6,,,0,30,,54479,6,,,0,70,,54480,6,,,0,30,,54481,6,,,0,70,,54482,6,,,0,30,,54483,6,,,0,70,,59952,6,,,0,30,,54485,6,,,0,70,,54486,6,,,0,30,,54487,6,,,0,70,,54488,6,,,0,30,,54489,6,,,0,70,,59953,6,,,0,31,,59954,6,,,0,70,,59955,6,,,0,30,,59956,6,,,0,70,,59957,6,,,0,30,,59958,6,,,0,70,,59959,6,,,0,28,,59960,6,,,0,70,,59961,6,,,0,30,,54499,6,,,0,70,,59962,6,,,0,30,,54501,6,,,0,69,,54502,6,,,0,30,,54503,6,,,0,70,,54504,6,,,0,100,,54505,6,,,0
10019,'1910',635,,54506,6,,,0,70,,54507,6,,,0,30,,59963,6,,,0,70,,59964,6,,,0,30,,54510,6,,,0,70,,54511,6,,,0,30,,59965,6,,,0,71,,54513,6,,,0,30,,54514,6,,,0,70,,54515,6,,,0,30,,54516,6,,,0,70,,54517,6,,,0,30,,54518,6,,,0,70,,54519,6,,,0,30,,54520,6,,,0,70,,54521,6,,,0,30,,54522,6,,,0,70,,54523,6,,,0,30,,54524,6,,,0,70,,54525,6,,,0,30,,59966,6,,,0,70,,54527,6,,,0,30,,54528,6,,,0,70,,59967,6,,,0,30,,54530,6,,,0,69,,54531,6,,,0,100,,54532,6,,,0,100,,54533,6,,,0
10019,'1912',735,,54558,6,,,0,70,,54559,6,,,0,30,,54560,6,,,0,70,,54561,6,,,0,30,,54562,6,,,0,70,,54563,6,,,0,30,,54564,6,,,0,70,,54565,6,,,0,30,,54566,6,,,0,71,,54567,6,,,0,30,,54568,6,,,0,70,,59968,6,,,0,30,,54570,6,,,0,70,,54571,6,,,0,30,,54572,6,,,0,70,,54573,6,,,0,30,,54574,6,,,0,70,,54575,6,,,0,30,,59969,6,,,0,70,,54577,6,,,0,30,,54578,6,,,0,69,,54579,6,,,0,30,,54580,6,,,0,70,,54581,6,,,0
10019,'1924',735,,54534,6,,,0,70,,54535,6,,,0,30,,54536,6,,,0,70,,54537,6,,,0,30,,54538,6,,,0,70,,54539,6,,,0,30,,54540,6,,,0,70,,54541,6,,,0,30,,54542,6,,,0,71,,54543,6,,,0,30,,54544,6,,,0,70,,59970,6,,,0,30,,54546,6,,,0,70,,54547,6,,,0,30,,54548,6,,,0,70,,54549,6,,,0,30,,54550,6,,,0,70,,54551,6,,,0,30,,59971,6,,,0,70,,54553,6,,,0,30,,54554,6,,,0,69,,54555,6,,,0,30,,54556,6,,,0,70,,54557,6,,,0
10019,'1925',735,,59972,6,,,0,70,,59973,6,,,0,30,,59974,6,,,0,70,,59975,6,,,0,30,,59976,6,,,0,70,,59977,6,,,0,30,,59978,6,,,0,70,,59979,6,,,0,30,,59980,6,,,0,71,,59981,6,,,0,30,,59982,6,,,0,70,,59983,6,,,0,30,,59984,6,,,0,70,,59985,6,,,0,30,,59986,6,,,0,70,,59987,6,,,0,30,,59988,6,,,0,70,,59989,6,,,0,30,,59990,6,,,0,70,,59991,6,,,0,30,,59992,6,,,0,69,,59993,6,,,0,30,,59994,6,,,0,70,,59995,6,,,0
