1029,'1907',623,,58968,43,,,0,100,,58969,43,,,0,100,,58970,43,,,0,100,,58971,43,,,0,101,,58972,43,,,0,100,,58973,43,,,0,100,,58974,43,,,0,100,,58975,43,,,0,100,,58976,43,,,0,100,,58977,43,,,0,100,,58978,43,,,0,100,,58979,43,,,0,100,,58980,43,,,0,100,,58981,43,,,0,100,,58982,43,,,0,100,,58983,43,,,0,101,,58984,43,,,0,94,,58985,43,,,0
1029,'1909',623,,58995,43,,,0,35,,58996,43,,,0,72,,59016,43,,,0,70,,58992,43,,,0,30,,58987,43,,,0,70,,59020,43,,,0,30,,58990,43,,,0,70,,58997,43,,,0,30,,59015,43,,,0,70,,58994,43,,,0,30,,58986,43,,,0,70,,59019,43,,,0,30,,58991,43,,,0,70,,58998,43,,,0,30,,59014,43,,,0,70,,58993,43,,,0,30,,58988,43,,,0,71,,59017,43,,,0,32,,58989,43,,,0,70,,58999,43,,,0,30,,59013,43,,,0,70,,59002,43,,,0,30,,59001,43,,,0,67,,59000,43,,,0,25,,59006,43,,,0,30,,59005,43,,,0,70,,59004,43,,,0,30,,59003,43,,,0,69,,59018,43,,,0,30,,59012,43,,,0,70,,59011,43,,,0,30,,59010,43,,,0,70,,59009,43,,,0,30,,59008,43,,,0,65,,59007,43,,,0
1029,'1910',623,,59026,43,,,0,30,,59038,43,,,0,70,,59045,43,,,0,30,,59033,43,,,0,70,,59054,43,,,0,30,,59042,43,,,0,72,,59025,43,,,0,29,,59037,43,,,0,70,,59048,43,,,0,30,,59032,43,,,0,70,,59055,43,,,0,30,,59041,43,,,0,70,,59024,43,,,0,30,,59036,43,,,0,70,,59047,43,,,0,30,,59031,43,,,0,70,,59027,43,,,0,30,,59040,43,,,0,70,,59023,43,,,0,30,,59035,43,,,0,70,,59043,43,,,0,30,,59030,43,,,0,70,,59052,43,,,0,30,,59039,43,,,0,69,,59022,43,,,0,31,,59034,43,,,0,70,,59046,43,,,0,30,,59028,43,,,0,70,,59050,43,,,0,30,,59049,43,,,0,70,,59021,43,,,0,30,,59029,43,,,0,70,,59044,43,,,0,30,,59053,43,,,0,68,,59051,43,,,0
1029,'1912',623,,59056,43,,,0,100,,59057,43,,,0,100,,59058,43,,,0,100,,59059,43,,,0,101,,59060,43,,,0,100,,59061,43,,,0,100,,59062,43,,,0,100,,59063,43,,,0,100,,59064,43,,,0,100,,59065,43,,,0,100,,59066,43,,,0,100,,59067,43,,,0,100,,59068,43,,,0,100,,59069,43,,,0,100,,59070,43,,,0,100,,59071,43,,,0,101,,59072,43,,,0,94,,59073,43,,,0
1029,'1924',623,,59074,43,,,0,100,,59075,43,,,0,100,,59076,43,,,0,100,,59077,43,,,0,101,,59078,43,,,0,100,,59079,43,,,0,100,,59080,43,,,0,100,,59081,43,,,0,100,,59082,43,,,0,100,,59083,43,,,0,100,,59084,43,,,0,100,,59085,43,,,0,100,,59086,43,,,0,100,,59087,43,,,0,100,,59088,43,,,0,100,,59089,43,,,0,101,,59090,43,,,0,94,,59091,43,,,0
1029,'1925',623,,59092,43,,,0,100,,59093,43,,,0,100,,59094,43,,,0,100,,59095,43,,,0,101,,59096,43,,,0,100,,59097,43,,,0,100,,59098,43,,,0,100,,59099,43,,,0,100,,59100,43,,,0,100,,59101,43,,,0,100,,59102,43,,,0,100,,59103,43,,,0,100,,59104,43,,,0,100,,59105,43,,,0,100,,59106,43,,,0,100,,59107,43,,,0,101,,59108,43,,,0,94,,59109,43,,,0
2029,'1907',638,,59290,40,,,0,70,,59298,40,,,0,31,,59309,40,,,0,70,,59304,40,,,0,30,,59291,40,,,0,70,,59299,40,,,0,30,,59310,40,,,0,70,,59305,40,,,0,30,,59292,40,,,0,70,,59300,40,,,0,30,,59311,40,,,0,70,,59306,40,,,0,30,,59293,40,,,0,70,,59301,40,,,0,30,,59312,40,,,0,70,,59307,40,,,0,30,,59294,40,,,0,70,,59302,40,,,0,30,,59313,40,,,0,70,,59308,40,,,0,30,,59295,40,,,0,70,,59303,40,,,0,30,,59314,40,,,0,100,,59296,40,,,0,99,,59315,40,,,0,100,,59297,40,,,0,101,,59316,40,,,0,100,,59289,40,,,0
2029,'1909',543,,59338,25,,,0,65,,59321,40,,,0,30,,59322,40,,,0,72,,59323,40,,,0,30,,59324,40,,,0,70,,59325,40,,,0,30,,59326,40,,,0,70,,59327,40,,,0,30,,59328,40,,,0,70,,59329,40,,,0,30,,59352,40,,,0,70,,59348,40,,,0,30,,59354,40,,,0,70,,59350,40,,,0,30,,59351,40,,,0,70,,59347,40,,,0,30,,59353,40,,,0,70,,59349,40,,,0,31,,59355,40,,,0,71,,59330,40,,,0,34,,59331,40,,,0,70,,59332,40,,,0,30,,59333,40,,,0,70,,59334,40,,,0,29,,59335,40,,,0,65,,59336,40,,,0,29,,59337,40,,,0,70,,59341,40,,,0,30,,59342,40,,,0,100,,59343,40,,,0,100,,59344,40,,,0,100,,59340,40,,,0
2029,'1910',608,,59387,40,0,5 2 15 16 17,0,30,,59370,40,,,0,69,,59377,40,,,0,31,,59356,40,,,0,70,,59362,40,,,0,30,,59371,40,,,0,71,,59378,40,,,0,30,,59357,40,,,0,70,,59363,40,,,0,30,,59372,40,,,0,70,,59379,40,,,0,30,,59358,40,,,0,70,,59364,40,,,0,30,,59373,40,,,0,70,,59380,40,,,0,30,,59359,40,,,0,70,,59365,40,,,0,30,,59374,40,,,0,70,,59381,40,,,0,30,,59360,40,,,0,70,,59366,40,,,0,30,,59375,40,,,0,70,,59382,40,,,0,30,,59361,40,,,0,70,,59367,40,,,0,30,,59376,40,,,0,70,,59383,40,,,0,30,,59368,40,,,0,100,,59384,40,,,0,100,,59369,40,,,0,100,,59385,40,,,0
2029,'1912',638,,59391,40,,,0,70,,59399,40,,,0,31,,59410,40,,,0,70,,59405,40,,,0,30,,59392,40,,,0,70,,59400,40,,,0,30,,59411,40,,,0,70,,59406,40,,,0,30,,59393,40,,,0,70,,59401,40,,,0,30,,59412,40,,,0,70,,59407,40,,,0,30,,59394,40,,,0,70,,59402,40,,,0,30,,59413,40,,,0,70,,59408,40,,,0,30,,59395,40,,,0,70,,59403,40,,,0,30,,59414,40,,,0,70,,59409,40,,,0,30,,59396,40,,,0,70,,59404,40,,,0,30,,59415,40,,,0,100,,59397,40,,,0,99,,59416,40,,,0,100,,59398,40,,,0,101,,59417,40,,,0,100,,59390,40,,,0
2029,'1924',638,,59423,40,,,0,70,,59431,40,,,0,31,,59442,40,,,0,70,,59437,40,,,0,30,,59424,40,,,0,70,,59432,40,,,0,30,,59443,40,,,0,70,,59438,40,,,0,30,,59425,40,,,0,70,,59433,40,,,0,30,,59444,40,,,0,70,,59439,40,,,0,30,,59426,40,,,0,70,,59434,40,,,0,30,,59445,40,,,0,70,,59440,40,,,0,30,,59427,40,,,0,70,,59435,40,,,0,30,,59446,40,,,0,70,,59441,40,,,0,30,,59428,40,,,0,70,,59436,40,,,0,30,,59447,40,,,0,100,,59429,40,,,0,99,,59448,40,,,0,100,,59430,40,,,0,101,,59449,40,,,0,100,,59422,40,,,0
2029,'1925',638,,59455,40,,,0,70,,59463,40,,,0,31,,59474,40,,,0,70,,59469,40,,,0,30,,59456,40,,,0,70,,59464,40,,,0,30,,59475,40,,,0,70,,59470,40,,,0,30,,59457,40,,,0,70,,59465,40,,,0,30,,59476,40,,,0,70,,59471,40,,,0,30,,59458,40,,,0,70,,59466,40,,,0,30,,59477,40,,,0,70,,59472,40,,,0,30,,59459,40,,,0,70,,59467,40,,,0,30,,59478,40,,,0,70,,59473,40,,,0,30,,59460,40,,,0,70,,59468,40,,,0,30,,59479,40,,,0,100,,59461,40,,,0,99,,59480,40,,,0,100,,59462,40,,,0,101,,59481,40,,,0,100,,59454,40,,,0
12029,'1909',648,,60148,19,,,0,71,,60145,19,,,0,30,,60138,19,,,0,69,,60146,19,,,0,31,,60139,19,,,0,71,,60125,10,,,0,30,,60126,10,,,0,70,,60127,10,,,0,30,,60128,10,,,0,70,,60129,10,,,0,30,,60130,10,,,0,70,,60131,10,,,0,30,,60132,10,,,0,70,,60133,10,,,0,30,,60134,10,,,0,70,,60135,10,,,0,30,,60141,19,,,0,71,,60144,19,,,0,30,,60136,19,,,0,70,,60143,19,,,0,30,,60137,19,,,0,70,,60147,19,,,0,29,,60140,19,,,0,70,,60142,19,,,0
14000001029,'1907',549,,61816,24,0,18 7,0,1851,,61810,24,,,0,29,,61814,24,,,0,30,,61815,24,,,0,70,,61812,24,,,0,30,,61813,24,,,0,70,,61811,24,,,0
14000001029,'1909',447,,61817,24,0,18 7,0,102,,61818,24,0,18 7,0,1851,,61820,24,,,0,29,,61821,24,,,0,30,,61824,24,,,0,70,,61819,24,,,0,30,,61822,24,,,0,70,,61823,24,,,0
14000001029,'1910',549,,61829,24,0,18 7,0,1851,,61831,24,,,0,29,,61826,24,,,0,30,,61825,24,,,0,70,,61827,24,,,0,30,,61830,24,,,0,70,,61828,24,,,0
14000001029,'1912',549,,61838,24,0,18 7,0,1851,,61832,24,,,0,29,,61836,24,,,0,30,,61837,24,,,0,70,,61834,24,,,0,30,,61835,24,,,0,70,,61833,24,,,0
14000001029,'1924',549,,61845,24,0,18 7,0,1851,,61839,24,,,0,29,,61843,24,,,0,30,,61844,24,,,0,70,,61841,24,,,0,30,,61842,24,,,0,70,,61840,24,,,0
14000001029,'1925',549,,61852,24,0,18 7,0,1851,,61846,24,,,0,29,,61850,24,,,0,30,,61851,24,,,0,70,,61848,24,,,0,30,,61849,24,,,0,70,,61847,24,,,0
