1029,'1907',555,,53126,5,,,0,98,,53127,5,,,0,100,,53128,5,,,0,100,,53129,5,,,0,101,,53130,5,,,0,100,,53131,5,,,0,100,,53132,5,,,0,100,,53133,5,,,0,100,,53134,5,,,0,100,,53135,5,,,0,100,,53136,5,,,0,100,,53137,5,,,0,100,,53138,5,,,0,100,,53139,5,,,0,100,,53140,5,,,0,100,,53141,5,,,0,100,,53142,5,,,0,99,,53143,5,,,0
1029,'1909',553,,53153,5,,,0,75,,53154,5,,,0,25,,53174,5,,,0,69,,53150,5,,,0,30,,53145,5,,,0,70,,53178,5,,,0,33,,53148,5,,,0,70,,53155,5,,,0,30,,53173,5,,,0,70,,53152,5,,,0,30,,53144,5,,,0,70,,53177,5,,,0,30,,53149,5,,,0,70,,53156,5,,,0,30,,53172,5,,,0,70,,53151,5,,,0,30,,53146,5,,,0,70,,53175,5,,,0,31,,53147,5,,,0,70,,53157,5,,,0,30,,53171,5,,,0,70,,53160,5,,,0,30,,53159,5,,,0,70,,53158,5,,,0,28,,53164,5,,,0,70,,53163,5,,,0,30,,53162,5,,,0,70,,53161,5,,,0,30,,53176,5,,,0,69,,53170,5,,,0,30,,53169,5,,,0,70,,53168,5,,,0,30,,53167,5,,,0,70,,53166,5,,,0,25,,53165,5,,,0
1029,'1910',555,,53184,5,,,0,68,,53196,5,,,0,30,,53203,5,,,0,70,,53191,5,,,0,30,,53212,5,,,0,70,,53200,5,,,0,30,,53183,5,,,0,68,,53195,5,,,0,30,,53206,5,,,0,70,,53190,5,,,0,30,,53213,5,,,0,70,,53199,5,,,0,30,,53182,5,,,0,70,,53194,5,,,0,30,,53205,5,,,0,70,,53189,5,,,0,30,,53185,5,,,0,70,,53198,5,,,0,30,,53181,5,,,0,70,,53193,5,,,0,30,,53201,5,,,0,70,,53188,5,,,0,30,,53210,5,,,0,70,,53197,5,,,0,30,,53180,5,,,0,72,,53192,5,,,0,30,,53204,5,,,0,70,,53186,5,,,0,30,,53208,5,,,0,70,,53207,5,,,0,30,,53179,5,,,0,70,,53187,5,,,0,30,,53202,5,,,0,70,,53211,5,,,0,30,,53209,5,,,0
1029,'1911',555,,53214,5,,,0,98,,53215,5,,,0,100,,53216,5,,,0,100,,53217,5,,,0,101,,53218,5,,,0,100,,53219,5,,,0,100,,53220,5,,,0,100,,53221,5,,,0,100,,53222,5,,,0,100,,53223,5,,,0,100,,53224,5,,,0,100,,53225,5,,,0,100,,53226,5,,,0,100,,53227,5,,,0,100,,53228,5,,,0,100,,53229,5,,,0,100,,53230,5,,,0,99,,53231,5,,,0
1029,'1912',555,,53232,5,,,0,98,,53233,5,,,0,100,,53234,5,,,0,100,,53235,5,,,0,101,,53236,5,,,0,100,,53237,5,,,0,100,,53238,5,,,0,100,,53239,5,,,0,100,,53240,5,,,0,100,,53241,5,,,0,100,,53242,5,,,0,100,,53243,5,,,0,100,,53244,5,,,0,100,,53245,5,,,0,100,,53246,5,,,0,100,,53247,5,,,0,100,,53248,5,,,0,99,,53249,5,,,0
2029,'1907',607,,53401,4,,,0,30,,53409,4,,,0,66,,53420,4,,,0,28,,53415,4,,,0,70,,53402,4,,,0,30,,53410,4,,,0,70,,53421,4,,,0,30,,53416,4,,,0,70,,53403,4,,,0,30,,53411,4,,,0,70,,53422,4,,,0,30,,53417,4,,,0,70,,53404,4,,,0,30,,53412,4,,,0,70,,53423,4,,,0,30,,53418,4,,,0,70,,53405,4,,,0,30,,53413,4,,,0,70,,53424,4,,,0,30,,53419,4,,,0,70,,53406,4,,,0,30,,53414,4,,,0,70,,53425,4,,,0,30,,53429,4,0,5 2 13 14,0,70,,53407,4,,,0,30,,53428,4,0,5 2 13 14,0,70,,53426,4,,,0,100,,53408,4,,,0,101,,53427,4,,,0,100,,53400,4,,,0,54,,53430,4,0,5 2 13 14,0,100,,53431,4,0,5 2 13 14,0
2029,'1909',534,,53433,4,,,0,70,,53434,4,,,0,26,,53435,4,,,0,28,,53436,4,,,0,69,,53437,4,,,0,30,,53438,4,,,0,70,,53439,4,,,0,73,,53440,4,,,0,31,,53441,4,,,0,71,,53464,4,,,0,30,,53460,4,,,0,70,,53466,4,,,0,30,,53462,4,,,0,70,,53463,4,,,0,30,,53459,4,,,0,70,,53465,4,,,0,30,,53461,4,,,0,70,,53467,4,,,0,30,,53442,4,,,0,74,,53443,4,,,0,30,,53444,4,,,0,70,,53445,4,,,0,30,,53446,4,,,0,70,,53447,4,,,0,29,,53448,4,,,0,67,,53449,4,,,0,30,,53453,4,,,0,70,,53454,4,,,0,30,,53457,4,0,5 2 13 14,0,70,,53455,4,,,0,57,,53456,4,,,0,100,,53452,4,,,0,100,,53451,4,0,5 2 13 14,0,97,,53458,4,0,5 2 13 14,0
2029,'1910',537,,53499,4,0,5 2 15 16 17,0,70,,53482,4,,,0,30,,53489,4,,,0,64,,53468,4,,,0,30,,53474,4,,,0,70,,53483,4,,,0,30,,53490,4,,,0,70,,53469,4,,,0,30,,53475,4,,,0,70,,53484,4,,,0,30,,53491,4,,,0,70,,53470,4,,,0,30,,53476,4,,,0,70,,53485,4,,,0,30,,53492,4,,,0,70,,53471,4,,,0,30,,53477,4,,,0,70,,53486,4,,,0,30,,53493,4,,,0,70,,53472,4,,,0,30,,53478,4,,,0,70,,53487,4,,,0,30,,53494,4,,,0,70,,53473,4,,,0,30,,53479,4,,,0,70,,53488,4,,,0,30,,53495,4,,,0,70,,53480,4,,,0,30,,53501,4,0,5 2 13 14,0,70,,53496,4,,,0,100,,53481,4,,,0,100,,53497,4,,,0,56,,53498,4,0,5 2 13 14,0,98,,53500,4,0,5 2 13 14,0
2029,'1911',607,,53503,4,,,0,30,,53511,4,,,0,66,,53522,4,,,0,28,,53517,4,,,0,70,,53504,4,,,0,30,,53512,4,,,0,70,,53523,4,,,0,30,,53518,4,,,0,70,,53505,4,,,0,30,,53513,4,,,0,70,,53524,4,,,0,30,,53519,4,,,0,70,,53506,4,,,0,30,,53514,4,,,0,70,,53525,4,,,0,30,,53520,4,,,0,70,,53507,4,,,0,30,,53515,4,,,0,70,,53526,4,,,0,30,,53521,4,,,0,70,,53508,4,,,0,30,,53516,4,,,0,70,,53527,4,,,0,30,,53531,4,0,5 2 13 14,0,70,,53509,4,,,0,30,,53530,4,0,5 2 13 14,0,70,,53528,4,,,0,100,,53510,4,,,0,101,,53529,4,,,0,100,,53502,4,,,0,54,,53532,4,0,5 2 13 14,0,100,,53533,4,0,5 2 13 14,0
2029,'1912',607,,53536,4,,,0,30,,53544,4,,,0,66,,53555,4,,,0,28,,53550,4,,,0,70,,53537,4,,,0,30,,53545,4,,,0,70,,53556,4,,,0,30,,53551,4,,,0,70,,53538,4,,,0,30,,53546,4,,,0,70,,53557,4,,,0,30,,53552,4,,,0,70,,53539,4,,,0,30,,53547,4,,,0,70,,53558,4,,,0,30,,53553,4,,,0,70,,53540,4,,,0,30,,53548,4,,,0,70,,53559,4,,,0,30,,53554,4,,,0,70,,53541,4,,,0,30,,53549,4,,,0,70,,53560,4,,,0,30,,53564,4,0,5 2 13 14,0,70,,53542,4,,,0,30,,53563,4,0,5 2 13 14,0,70,,53561,4,,,0,100,,53543,4,,,0,101,,53562,4,,,0,100,,53535,4,,,0,54,,53565,4,0,5 2 13 14,0,100,,53566,4,0,5 2 13 14,0
