609,'1909',628,,59635,20,0,15 16 17,0,75,,59613,20,0,15 16 17,0,32,,59611,20,0,15 16 17,0,70,,59616,20,0,15 16 17,0,30,,53927,20,0,15 16 17,0,70,,53937,20,0,15 16 17,0,30,,59634,20,0,15 16 17,0,70,,53924,20,0,15 16 17,0,30,,53933,20,0,15 16 17,0,70,,53934,20,0,15 16 17,0,30,,53932,20,0,15 16 17,0,70,,53956,20,0,15 16 17,0,30,,53955,20,0,15 16 17,0,70,,53952,20,0,15 16 17,0,30,,59629,20,0,15 16 17,0,70,,59630,20,0,15 16 17,0,31,,59628,20,0,15 16 17,0,71,,59626,20,0,15 16 17,0,30,,59627,20,0,15 16 17,0,70,,59625,20,0,15 16 17,0,30,,59624,20,0,15 16 17,0,70,,59623,20,0,15 16 17,0,29,,53947,20,0,15 16 17,0,67,,53944,20,0,15 16 17,0,25,,59622,20,0,15 16 17,0,30,,53942,20,0,15 16 17,0,90,,53940,20,0,15 16 17,0,99,,59621,20,0,15 16 17,0,100,,53939,20,0,15 16 17,0,100,,59637,20,0,15 16 17,0
609,'1910',619,,59687,20,0,15 16 17,0,30,,59668,20,0,15 16 17,0,70,,59658,20,0,15 16 17,0,30,,54013,20,0,15 16 17,0,70,,53986,20,0,15 16 17,0,30,,53998,20,0,15 16 17,0,70,,59657,20,0,15 16 17,0,28,,59681,20,0,15 16 17,0,70,,59656,20,0,15 16 17,0,30,,59667,20,0,15 16 17,0,73,,59655,20,0,15 16 17,0,30,,59680,20,0,15 16 17,0,70,,59654,20,0,15 16 17,0,30,,59666,20,0,15 16 17,0,70,,59653,20,0,15 16 17,0,30,,59679,20,0,15 16 17,0,70,,59652,20,0,15 16 17,0,30,,59665,20,0,15 16 17,0,70,,59651,20,0,15 16 17,0,30,,59678,20,0,15 16 17,0,70,,59650,20,0,15 16 17,0,30,,59664,20,0,15 16 17,0,70,,59649,20,0,15 16 17,0,30,,59684,20,0,15 16 17,0,70,,59669,20,0,15 16 17,0,30,,59682,20,0,15 16 17,0
15019,'1907',758,,60228,70,4,,0,100,,60226,70,4,,0,100,,60229,70,4,,0,101,,60227,70,4,,0,100,,60224,70,4,,0,100,,60222,70,4,,0,142,,60225,70,4,,0,100,,60223,70,4,,0,100,,60220,70,4,,0,99,,60221,70,4,,0,59,,60218,70,4,,0,100,,60219,70,4,,0,100,,60217,70,4,,0,99,,55095,70,4,,0
15019,'1909',724,,55096,70,4,,0,31,,60230,70,4,,0,75,,55098,70,4,,0,28,,55099,70,4,,0,68,,55100,70,4,,0,30,,55101,70,4,,0,70,,60231,70,4,,0,30,,60232,70,4,,0,70,,60233,70,4,,0,30,,55105,70,4,,0,70,,60234,70,4,,0,30,,60235,70,4,,0,70,,55108,70,4,,0,30,,55109,70,4,,0,70,,55110,70,4,,0,33,,55111,70,4,,0,73,,55112,70,4,,0,70,,55113,70,4,,0,30,,55114,70,4,,0,68,,60236,70,4,,0,28,,55116,70,4,,0,27,,55117,70,4,,0,69,,55118,70,4,,0,30,,60237,70,4,,0,70,,55120,70,4,,0,30,,55126,70,4,,0,69,,55121,70,4,,0,98,,60238,70,4,,0,100,,55125,70,4,,0
15019,'1910',758,,60239,70,4,,0,100,,55128,70,4,,0,100,,55129,70,4,,0,101,,60240,70,4,,0,100,,55131,70,4,,0,100,,55132,70,4,,0,143,,60241,70,4,,0,100,,60242,70,4,,0,100,,55135,70,4,,0,100,,55136,70,4,,0,100,,55137,70,4,,0,57,,55138,70,4,,0,100,,55139,70,4,,0,99,,60243,70,4,,0
15019,'1912',758,,60255,70,4,,0,100,,60253,70,4,,0,100,,60256,70,4,,0,101,,60254,70,4,,0,100,,60251,70,4,,0,100,,60249,70,4,,0,142,,60252,70,4,,0,100,,60250,70,4,,0,100,,60247,70,4,,0,99,,60248,70,4,,0,59,,60245,70,4,,0,100,,60246,70,4,,0,100,,60244,70,4,,0,99,,55169,70,4,,0
15019,'1924',758,,60268,70,4,,0,100,,60266,70,4,,0,100,,60269,70,4,,0,101,,60267,70,4,,0,100,,60264,70,4,,0,100,,60262,70,4,,0,142,,60265,70,4,,0,100,,60263,70,4,,0,100,,60260,70,4,,0,99,,60261,70,4,,0,59,,60258,70,4,,0,100,,60259,70,4,,0,100,,60257,70,4,,0,99,,55155,70,4,,0
15019,'1925',758,,60281,70,4,,0,100,,60279,70,4,,0,100,,60282,70,4,,0,101,,60280,70,4,,0,100,,60277,70,4,,0,100,,60275,70,4,,0,142,,60278,70,4,,0,100,,60276,70,4,,0,100,,60273,70,4,,0,99,,60274,70,4,,0,59,,60271,70,4,,0,100,,60272,70,4,,0,100,,60270,70,4,,0,99,,60283,70,4,,0
15029,'1907',703,,60289,1,,,0,55,,60295,1,,,0,100,,60288,1,,,0,100,,60287,1,,,0,101,,60294,1,,,0,100,,60292,1,,,0,100,,60291,1,,,0,142,,60286,1,,,0,100,,60284,1,,,0,100,,60285,1,,,0,99,,60290,1,,,0,59,,60296,1,,,0,100,,60293,1,,,0,100,,60297,1,,,0
15029,'1909',625,,60299,1,,,0,75,,55187,1,,,0,24,,55188,1,,,0,31,,60300,1,,,0,75,,55190,1,,,0,28,,55191,1,,,0,68,,55192,1,,,0,30,,55193,1,,,0,70,,60301,1,,,0,30,,60302,1,,,0,70,,60303,1,,,0,30,,55197,1,,,0,70,,60304,1,,,0,30,,60305,1,,,0,70,,55200,1,,,0,30,,55201,1,,,0,70,,55202,1,,,0,33,,55203,1,,,0,73,,55204,1,,,0,70,,55205,1,,,0,30,,55206,1,,,0,68,,60306,1,,,0,28,,55208,1,,,0,27,,55209,1,,,0,69,,55210,1,,,0,30,,60307,1,,,0,70,,55212,1,,,0,30,,55216,1,,,0,69,,55213,1,,,0,98,,60308,1,,,0,100,,55215,1,,,0
15029,'1910',705,,55219,1,,,0,53,,60309,1,,,0,100,,55221,1,,,0,100,,55222,1,,,0,101,,60310,1,,,0,100,,55224,1,,,0,100,,55225,1,,,0,143,,60311,1,,,0,100,,60312,1,,,0,100,,55228,1,,,0,100,,55229,1,,,0,100,,55230,1,,,0,57,,55217,1,,,0,100,,55218,1,,,0
15029,'1912',703,,60318,1,,,0,55,,60324,1,,,0,100,,60317,1,,,0,100,,60316,1,,,0,101,,60323,1,,,0,100,,60321,1,,,0,100,,60320,1,,,0,142,,60315,1,,,0,100,,60313,1,,,0,100,,60314,1,,,0,99,,60319,1,,,0,59,,60325,1,,,0,100,,60322,1,,,0,100,,60326,1,,,0
15029,'1924',703,,60332,1,,,0,55,,60338,1,,,0,100,,60331,1,,,0,100,,60330,1,,,0,101,,60337,1,,,0,100,,60335,1,,,0,100,,60334,1,,,0,142,,60329,1,,,0,100,,60327,1,,,0,100,,60328,1,,,0,99,,60333,1,,,0,59,,60339,1,,,0,100,,60336,1,,,0,100,,60340,1,,,0
15029,'1925',703,,60346,1,,,0,55,,60352,1,,,0,100,,60345,1,,,0,100,,60344,1,,,0,101,,60351,1,,,0,100,,60349,1,,,0,100,,60348,1,,,0,142,,60343,1,,,0,100,,60341,1,,,0,100,,60342,1,,,0,99,,60347,1,,,0,59,,60353,1,,,0,100,,60350,1,,,0,100,,60354,1,,,0
502019,'1907',616,,56664,9,,,0,28,,56646,9,,,0,65,,56655,9,,,0,30,,56680,9,,,0,71,,56660,9,,,0,30,,56679,9,,,0,70,,56658,9,,,0,30,,56678,9,,,0,70,,56647,9,,,0,30,,56677,9,,,0,15,,56689,9,,,0,55,,56648,9,,,0,15,,56691,9,,,0,15,,56676,9,,,0,15,,56694,9,,,0,57,,61132,9,,,0,15,,56683,9,,,0,15,,56675,9,,,0,15,,56686,9,,,0,55,,56650,9,,,0,15,,56688,9,,,0,15,,56674,9,,,0,15,,56692,9,,,0,55,,56651,9,,,0,15,,61133,9,,,0,15,,56673,9,,,0,15,,56682,9,,,0,55,,56652,9,,,0,15,,56685,9,,,0,15,,56672,9,,,0,15,,56687,9,,,0,55,,56653,9,,,0,14,,56690,9,,,0,15,,56671,9,,,0,15,,56695,9,,,0,55,,56654,9,,,0,15,,56681,9,,,0,15,,56670,9,,,0,15,,56684,9,,,0,55,,56663,9,,,0,29,,56669,9,,,0,70,,56661,9,,,0,30,,56668,9,,,0,70,,56656,9,,,0,30,,56667,9,,,0,70,,56657,9,,,0,30,,56665,9,,,0,69,,56662,9,,,0,30,,56666,9,,,0,70,,56659,9,,,0
502019,'1909',542,,61134,9,,,0,15,,61135,9,,,0,55,,56698,9,,,0,16,,56699,9,,,0,7,,56700,9,,,0,8,,61136,9,,,0,15,,56702,9,,,0,52,,56703,9,,,0,13,,56704,9,,,0,12,,56705,9,,,0,6,,56706,9,,,0,6,,61137,9,,,0,12,,56708,9,,,0,46,,56709,9,,,0,6,,56710,9,,,0,12,,56711,9,,,0,12,,56712,9,,,0,12,,56713,9,,,0,12,,56714,9,,,0,54,,56715,9,,,0,14,,56716,9,,,0,15,,56717,9,,,0,15,,56718,9,,,0,55,,56719,9,,,0,15,,56720,9,,,0,15,,61138,9,,,0,15,,56722,9,,,0,55,,56723,9,,,0,15,,56724,9,,,0,15,,61139,9,,,0,15,,56726,9,,,0,55,,56727,9,,,0,15,,61140,9,,,0,15,,56729,9,,,0,15,,56730,9,,,0,55,,56731,9,,,0,15,,56732,9,,,0,15,,61141,9,,,0,15,,56734,9,,,0,55,,56735,9,,,0,15,,56736,9,,,0,15,,56737,9,,,0,17,,56738,9,,,0,55,,56739,9,,,0,15,,56740,9,,,0,12,,56741,9,,,0,12,,56742,9,,,0,52,,56743,9,,,0,12,,56744,9,,,0,12,,56745,9,,,0,12,,56746,9,,,0,12,,56747,9,,,0,52,,56748,9,,,0,12,,56749,9,,,0,11,,56750,9,,,0,11,,56751,9,,,0,12,,56752,9,,,0,51,,56753,9,,,0,12,,56754,9,,,0,12,,56755,9,,,0,15,,56756,9,,,0,15,,61142,9,,,0,55,,56757,9,,,0,30,,56758,9,,,0,70,,56759,9,,,0,30,,56760,9,,,0,70,,56761,9,,,0,30,,56762,9,,,0,70,,56763,9,,,0,30,,56764,9,,,0,70,,56765,9,,,0
502019,'1910',614,,56774,9,,,0,15,,61171,9,,,0,15,,56781,9,,,0,70,,61149,9,,,0,30,,56782,9,,,0,65,,61148,9,,,0,30,,61152,9,,,0,71,,61147,9,,,0,30,,61153,9,,,0,15,,56785,9,,,0,57,,61163,9,,,0,15,,56794,9,,,0,15,,61155,9,,,0,15,,56786,9,,,0,55,,61164,9,,,0,15,,56795,9,,,0,15,,61156,9,,,0,15,,56787,9,,,0,55,,61165,9,,,0,15,,56796,9,,,0,15,,61157,9,,,0,15,,56788,9,,,0,55,,61166,9,,,0,15,,56797,9,,,0,15,,61158,9,,,0,15,,56789,9,,,0,55,,61167,9,,,0,15,,56798,9,,,0,15,,61159,9,,,0,15,,56790,9,,,0,55,,61168,9,,,0,15,,56799,9,,,0,15,,61160,9,,,0,15,,56791,9,,,0,55,,61169,9,,,0,15,,56800,9,,,0,15,,61161,9,,,0,15,,56792,9,,,0,55,,61170,9,,,0,15,,56801,9,,,0,15,,61150,9,,,0,15,,61154,9,,,0,55,,61162,9,,,0,15,,56802,9,,,0,15,,56777,9,,,0,15,,56819,9,,,0,54,,61172,9,,,0,30,,56778,9,,,0,69,,61146,9,,,0,30,,56779,9,,,0,70,,61145,9,,,0,30,,56775,9,,,0,69,,61144,9,,,0,30,,61151,9,,,0,70,,61143,9,,,0
502019,'1912',616,,56890,9,,,0,28,,56872,9,,,0,65,,56881,9,,,0,30,,56906,9,,,0,71,,56886,9,,,0,30,,56905,9,,,0,70,,56884,9,,,0,30,,56904,9,,,0,70,,56873,9,,,0,30,,56903,9,,,0,15,,56915,9,,,0,55,,56874,9,,,0,15,,56917,9,,,0,15,,56902,9,,,0,15,,56920,9,,,0,57,,61173,9,,,0,15,,56909,9,,,0,15,,56901,9,,,0,15,,56912,9,,,0,55,,56876,9,,,0,15,,56914,9,,,0,15,,56900,9,,,0,15,,56918,9,,,0,55,,56877,9,,,0,15,,61174,9,,,0,15,,56899,9,,,0,15,,56908,9,,,0,55,,56878,9,,,0,15,,56911,9,,,0,15,,56898,9,,,0,15,,56913,9,,,0,55,,56879,9,,,0,14,,56916,9,,,0,15,,56897,9,,,0,15,,56921,9,,,0,55,,56880,9,,,0,15,,56907,9,,,0,15,,56896,9,,,0,15,,56910,9,,,0,55,,56889,9,,,0,29,,56895,9,,,0,70,,56887,9,,,0,30,,56894,9,,,0,70,,56882,9,,,0,30,,56893,9,,,0,70,,56883,9,,,0,30,,56891,9,,,0,69,,56888,9,,,0,30,,56892,9,,,0,70,,56885,9,,,0
502019,'1924',616,,56840,9,,,0,28,,56822,9,,,0,65,,56831,9,,,0,30,,56856,9,,,0,71,,56836,9,,,0,30,,56855,9,,,0,70,,56834,9,,,0,30,,56854,9,,,0,70,,56823,9,,,0,30,,56853,9,,,0,15,,56865,9,,,0,55,,56824,9,,,0,15,,56867,9,,,0,15,,56852,9,,,0,15,,56870,9,,,0,57,,61175,9,,,0,15,,56859,9,,,0,15,,56851,9,,,0,15,,56862,9,,,0,55,,56826,9,,,0,15,,56864,9,,,0,15,,56850,9,,,0,15,,56868,9,,,0,55,,56827,9,,,0,15,,61176,9,,,0,15,,56849,9,,,0,15,,56858,9,,,0,55,,56828,9,,,0,15,,56861,9,,,0,15,,56848,9,,,0,15,,56863,9,,,0,55,,56829,9,,,0,14,,56866,9,,,0,15,,56847,9,,,0,15,,56871,9,,,0,55,,56830,9,,,0,15,,56857,9,,,0,15,,56846,9,,,0,15,,56860,9,,,0,55,,56839,9,,,0,29,,56845,9,,,0,70,,56837,9,,,0,30,,56844,9,,,0,70,,56832,9,,,0,30,,56843,9,,,0,70,,56833,9,,,0,30,,56841,9,,,0,69,,56838,9,,,0,30,,56842,9,,,0,70,,56835,9,,,0
502019,'1925',616,,61195,9,,,0,28,,61177,9,,,0,65,,61186,9,,,0,30,,61211,9,,,0,71,,61191,9,,,0,30,,61210,9,,,0,70,,61189,9,,,0,30,,61209,9,,,0,70,,61178,9,,,0,30,,61208,9,,,0,15,,61220,9,,,0,55,,61179,9,,,0,15,,61222,9,,,0,15,,61207,9,,,0,15,,61225,9,,,0,57,,61180,9,,,0,15,,61214,9,,,0,15,,61206,9,,,0,15,,61217,9,,,0,55,,61181,9,,,0,15,,61219,9,,,0,15,,61205,9,,,0,15,,61223,9,,,0,55,,61182,9,,,0,15,,61224,9,,,0,15,,61204,9,,,0,15,,61213,9,,,0,55,,61183,9,,,0,15,,61216,9,,,0,15,,61203,9,,,0,15,,61218,9,,,0,55,,61184,9,,,0,14,,61221,9,,,0,15,,61202,9,,,0,15,,61226,9,,,0,55,,61185,9,,,0,15,,61212,9,,,0,15,,61201,9,,,0,15,,61215,9,,,0,55,,61194,9,,,0,29,,61200,9,,,0,70,,61192,9,,,0,30,,61199,9,,,0,70,,61187,9,,,0,30,,61198,9,,,0,70,,61188,9,,,0,30,,61196,9,,,0,69,,61193,9,,,0,30,,61197,9,,,0,70,,61190,9,,,0
