4029,'1907',731,,53738,12,,,0,70,,53740,12,,,0,30,,53736,12,,,0,70,,53739,12,,,0,30,,53737,12,,,0,70,,53729,12,,,0,29,,53732,12,,,0,70,,59535,12,,,0,30,,53722,12,,,0,70,,53725,12,,,0,30,,53728,12,,,0,70,,53730,12,,,0,30,,53718,12,,,0,70,,53721,12,,,0,30,,53724,12,,,0,70,,53727,12,,,0,30,,53731,12,,,0,70,,53719,12,,,0,30,,53720,12,,,0,70,,53723,12,,,0,30,,53726,12,,,0,70,,53744,12,,,0,30,,53743,12,,,0,71,,53745,12,,,0,30,,53742,12,,,0,70,,53735,12,,,0,30,,53741,12,,,0,70,,53733,12,,,0,100,,53734,12,,,0
4029,'1909',631,,59536,12,,,0,70,,59537,12,,,0,33,,53748,12,,,0,25,,59538,12,,,0,76,,53750,12,,,0,24,,53751,12,,,0,71,,59539,12,,,0,70,,59540,12,,,0,30,,59541,12,,,0,70,,53755,12,,,0,30,,53756,12,,,0,71,,53757,12,,,0,30,,53758,12,,,0,70,,53759,12,,,0,30,,53760,12,,,0,70,,59542,12,,,0,30,,53762,12,,,0,75,,59543,12,,,0,25,,53764,12,,,0,76,,53765,12,,,0,24,,53766,12,,,0,76,,53767,12,,,0,24,,53768,12,,,0,76,,53769,12,,,0,27,,53770,12,,,0,69,,59544,12,,,0,29,,59545,12,,,0,71,,59546,12,,,0,29,,53774,12,,,0,70,,59547,12,,,0,30,,53776,12,,,0,70,,53777,12,,,0
4029,'1910',633,,53802,12,,,0,68,,53803,12,,,0,30,,53804,12,,,0,70,,59572,12,,,0,30,,59573,12,,,0,70,,53807,12,,,0,30,,59574,12,,,0,71,,59565,12,,,0,29,,59559,12,,,0,70,,59552,12,,,0,30,,59563,12,,,0,70,,59569,12,,,0,30,,59564,12,,,0,70,,59551,12,,,0,30,,59556,12,,,0,70,,59567,12,,,0,30,,59550,12,,,0,70,,59566,12,,,0,30,,59561,12,,,0,70,,59553,12,,,0,30,,59548,12,,,0,70,,59568,12,,,0,30,,59571,12,,,0,70,,59562,12,,,0,30,,59557,12,,,0,70,,59575,12,,,0,31,,59554,12,,,0,70,,59549,12,,,0,29,,59555,12,,,0,70,,59560,12,,,0,30,,59570,12,,,0,70,,59558,12,,,0
4029,'1912',731,,53860,12,,,0,70,,53862,12,,,0,30,,53858,12,,,0,70,,53861,12,,,0,30,,53859,12,,,0,70,,53851,12,,,0,29,,53854,12,,,0,70,,59576,12,,,0,30,,53844,12,,,0,70,,53847,12,,,0,30,,53850,12,,,0,70,,53852,12,,,0,30,,53840,12,,,0,70,,53843,12,,,0,30,,53846,12,,,0,70,,53849,12,,,0,30,,53853,12,,,0,70,,53841,12,,,0,30,,53842,12,,,0,70,,53845,12,,,0,30,,53848,12,,,0,70,,53866,12,,,0,30,,53865,12,,,0,71,,53867,12,,,0,30,,53864,12,,,0,70,,53857,12,,,0,30,,53863,12,,,0,70,,53855,12,,,0,100,,53856,12,,,0
4029,'1924',731,,53831,12,,,0,70,,53833,12,,,0,30,,53829,12,,,0,70,,53832,12,,,0,30,,53830,12,,,0,70,,53822,12,,,0,29,,53825,12,,,0,70,,59577,12,,,0,30,,53815,12,,,0,70,,53818,12,,,0,30,,53821,12,,,0,70,,53823,12,,,0,30,,53811,12,,,0,70,,53814,12,,,0,30,,53817,12,,,0,70,,53820,12,,,0,30,,53824,12,,,0,70,,53812,12,,,0,30,,53813,12,,,0,70,,53816,12,,,0,30,,53819,12,,,0,70,,53837,12,,,0,30,,53836,12,,,0,71,,53838,12,,,0,30,,53835,12,,,0,70,,53828,12,,,0,30,,53834,12,,,0,70,,53826,12,,,0,100,,53827,12,,,0
4029,'1925',731,,59599,12,,,0,70,,59601,12,,,0,30,,59597,12,,,0,70,,59600,12,,,0,30,,59598,12,,,0,70,,59590,12,,,0,29,,59593,12,,,0,70,,59578,12,,,0,30,,59583,12,,,0,70,,59586,12,,,0,30,,59589,12,,,0,70,,59591,12,,,0,30,,59579,12,,,0,70,,59582,12,,,0,30,,59585,12,,,0,70,,59588,12,,,0,30,,59592,12,,,0,70,,59580,12,,,0,30,,59581,12,,,0,70,,59584,12,,,0,30,,59587,12,,,0,70,,59605,12,,,0,30,,59604,12,,,0,71,,59606,12,,,0,30,,59603,12,,,0,70,,59596,12,,,0,30,,59602,12,,,0,70,,59594,12,,,0,100,,59595,12,,,0
16019,'1907',759,,55260,12,,,0,143,,55263,12,,,0,100,,55273,12,,,0,100,,55272,12,,,0,100,,55261,12,,,0,101,,55264,12,,,0,100,,55266,12,,,0,101,,55269,12,,,0,100,,55268,12,,,0,99,,55262,12,,,0,99,,55270,12,,,0,99,,55271,12,,,0,99,,55267,12,,,0,100,,55265,12,,,0,100,,55274,12,,,0
16019,'1909',632,,55278,12,,,0,70,,55279,12,,,0,30,,60357,12,,,0,70,,60358,12,,,0,32,,60359,12,,,0,70,,55283,12,,,0,30,,55284,12,,,0,70,,60360,12,,,0,30,,55286,12,,,0,70,,55287,12,,,0,30,,55288,12,,,0,70,,55289,12,,,0,30,,55290,12,,,0,70,,55291,12,,,0,30,,55292,12,,,0,70,,60361,12,,,0,29,,60362,12,,,0,69,,60363,12,,,0,30,,60364,12,,,0,70,,60365,12,,,0,30,,60366,12,,,0,70,,60367,12,,,0,30,,60368,12,,,0,70,,60369,12,,,0,30,,60370,12,,,0,70,,60371,12,,,0,30,,55304,12,,,0,70,,60372,12,,,0,30,,60373,12,,,0,70,,55307,12,,,0,29,,60355,12,,,0,70,,60356,12,,,0,30,,55277,12,,,0
16019,'1910',631,,55331,12,,,0,70,,55327,12,,,0,30,,55335,12,,,0,70,,55319,12,,,0,30,,55333,12,,,0,71,,55314,12,,,0,30,,55312,12,,,0,70,,55309,12,,,0,30,,55320,12,,,0,70,,55330,12,,,0,30,,55324,12,,,0,70,,55332,12,,,0,30,,55316,12,,,0,70,,55334,12,,,0,30,,55311,12,,,0,70,,55322,12,,,0,30,,55321,12,,,0,70,,55325,12,,,0,30,,55326,12,,,0,70,,55310,12,,,0,30,,55318,12,,,0,70,,55328,12,,,0,30,,55313,12,,,0,70,,55317,12,,,0,30,,55323,12,,,0,69,,55337,12,,,0,30,,55329,12,,,0,70,,55336,12,,,0,30,,55315,12,,,0,70,,55339,12,,,0,100,,55338,12,,,0,30,,55308,12,,,0
16019,'1912',759,,55355,12,,,0,143,,55358,12,,,0,100,,55368,12,,,0,100,,55367,12,,,0,100,,55356,12,,,0,101,,55359,12,,,0,100,,55361,12,,,0,101,,55364,12,,,0,100,,55363,12,,,0,99,,55357,12,,,0,99,,55365,12,,,0,99,,55366,12,,,0,99,,55362,12,,,0,100,,55360,12,,,0,100,,55369,12,,,0
16019,'1924',759,,55340,12,,,0,143,,55343,12,,,0,100,,55353,12,,,0,100,,55352,12,,,0,100,,55341,12,,,0,101,,55344,12,,,0,100,,55346,12,,,0,101,,55349,12,,,0,100,,55348,12,,,0,99,,55342,12,,,0,99,,55350,12,,,0,99,,55351,12,,,0,99,,55347,12,,,0,100,,55345,12,,,0,100,,55354,12,,,0
16019,'1925',759,,60374,12,,,0,143,,60377,12,,,0,100,,60387,12,,,0,100,,60386,12,,,0,100,,60375,12,,,0,101,,60378,12,,,0,100,,60380,12,,,0,101,,60383,12,,,0,100,,60382,12,,,0,99,,60376,12,,,0,99,,60384,12,,,0,99,,60385,12,,,0,99,,60381,12,,,0,100,,60379,12,,,0,100,,60388,12,,,0
31019,'1907',556,,60562,2,,,0,90,,60545,14,,,0,100,,60546,14,,,0,100,,60547,14,,,0,100,,60548,14,,,0,100,,60549,14,,,0,99,,60550,14,,,0,100,,60551,14,,,0,100,,60552,14,,,0,100,,60553,14,,,0,100,,60554,14,,,0,100,,60555,14,,,0,100,,60556,14,,,0,100,,60557,14,,,0,101,,60558,14,,,0,100,,60559,14,,,0,100,,60560,14,,,0,100,,60561,14,,,0
31019,'1909',555,,60596,2,,,0,66,,60591,2,,,0,25,,60564,14,,,0,71,,60577,14,,,0,30,,60589,14,,,0,70,,60573,14,,,0,30,,60570,14,,,0,69,,60584,14,,,0,30,,60567,14,,,0,70,,60578,14,,,0,30,,60588,14,,,0,70,,60576,14,,,0,30,,60571,14,,,0,70,,60583,14,,,0,30,,60566,14,,,0,70,,60579,14,,,0,30,,60587,14,,,0,70,,60574,14,,,0,30,,55867,14,,,0,73,,60582,14,,,0,30,,55865,14,,,0,70,,60580,14,,,0,30,,55886,14,,,0,67,,60575,14,,,0,30,,60569,14,,,0,70,,60581,14,,,0,30,,60565,14,,,0,70,,60597,14,,,0,30,,60586,14,,,0,100,,60572,14,,,0,100,,60568,14,,,0,100,,60585,14,,,0
31019,'1910',556,,60633,2,,,0,66,,60626,2,,,0,24,,60603,14,,,0,70,,60619,14,,,0,30,,60632,14,,,0,70,,60615,14,,,0,30,,60609,14,,,0,70,,60625,14,,,0,30,,60602,14,,,0,70,,60618,14,,,0,30,,60627,14,,,0,70,,60614,14,,,0,30,,60608,14,,,0,70,,60624,14,,,0,30,,60601,14,,,0,70,,60617,14,,,0,30,,60630,14,,,0,70,,60613,14,,,0,30,,60607,14,,,0,70,,60623,14,,,0,30,,60600,14,,,0,70,,60616,14,,,0,30,,60629,14,,,0,70,,60612,14,,,0,30,,60606,14,,,0,70,,60622,14,,,0,30,,60599,14,,,0,70,,60634,14,,,0,30,,60628,14,,,0,100,,60605,14,,,0,100,,60598,14,,,0,100,,60631,14,,,0
31019,'1912',556,,60652,2,,,0,90,,60635,14,,,0,100,,60636,14,,,0,100,,60637,14,,,0,100,,60638,14,,,0,100,,60639,14,,,0,99,,60640,14,,,0,100,,60641,14,,,0,100,,60642,14,,,0,100,,60643,14,,,0,100,,60644,14,,,0,100,,60645,14,,,0,100,,60646,14,,,0,100,,60647,14,,,0,101,,60648,14,,,0,100,,60649,14,,,0,100,,60650,14,,,0,100,,60651,14,,,0
31019,'1924',556,,60671,2,,,0,90,,60654,14,,,0,100,,60655,14,,,0,100,,60656,14,,,0,100,,60657,14,,,0,100,,60658,14,,,0,99,,60659,14,,,0,100,,60660,14,,,0,100,,60661,14,,,0,100,,60662,14,,,0,100,,60663,14,,,0,100,,60664,14,,,0,100,,60665,14,,,0,100,,60666,14,,,0,101,,60667,14,,,0,100,,60668,14,,,0,100,,60669,14,,,0,100,,60670,14,,,0
31019,'1925',556,,60690,2,,,0,90,,60673,14,,,0,100,,60674,14,,,0,100,,60675,14,,,0,100,,60676,14,,,0,100,,60677,14,,,0,99,,60678,14,,,0,100,,60679,14,,,0,100,,60680,14,,,0,100,,60681,14,,,0,100,,60682,14,,,0,100,,60683,14,,,0,100,,60684,14,,,0,100,,60685,14,,,0,101,,60686,14,,,0,100,,60687,14,,,0,100,,60688,14,,,0,100,,60689,14,,,0
