13019,'1907',819,,54917,26,,,0,100,,54904,26,,,0,100,,54905,26,,,0,102,,54906,26,,,0,101,,54907,26,,,0,101,,54908,26,,,0,100,,54909,26,,,0,100,,54910,26,,,0,100,,60149,26,,,0,97,,54912,26,,,0,99,,54913,26,,,0,100,,54914,26,,,0,100,,54915,26,,,0,100,,54916,26,,,0,100,,54903,26,,,0
13019,'1909',631,,60150,26,,,0,70,,60151,26,,,0,29,,60152,26,,,0,70,,54921,26,,,0,56,,60153,26,,,0,101,,60154,26,,,0,100,,60155,26,,,0,100,,60156,26,,,0,100,,60157,26,,,0,100,,60158,26,,,0,70,,54928,26,,,0,73,,54929,26,,,0,30,,54930,26,,,0,70,,60163,26,,,0,30,,60159,26,,,0,70,,54938,26,,,0,30,,54932,26,,,0,27,,54939,26,,,0,100,,60162,26,,,0,100,,60161,26,,,0,99,,54936,26,,,0,98,,60160,26,,,0,71,,54933,5,,,0,29,,54934,26,,,0
13019,'1910',719,,54942,26,,,0,100,,54943,26,,,0,100,,54944,26,,,0,100,,54945,26,,,0,104,,54946,26,,,0,100,,54947,26,,,0,100,,54948,26,,,0,100,,54949,26,,,0,100,,54950,26,,,0,100,,54951,26,,,0,99,,54952,26,,,0,99,,54953,26,,,0,99,,60164,26,,,0,99,,54955,26,,,0,100,,60165,26,,,0,200,,60166,26,,,0
13019,'1912',819,,54987,26,,,0,100,,54974,26,,,0,100,,54975,26,,,0,102,,54976,26,,,0,101,,54977,26,,,0,101,,54978,26,,,0,100,,54979,26,,,0,100,,54980,26,,,0,100,,60167,26,,,0,97,,54982,26,,,0,99,,54983,26,,,0,100,,54984,26,,,0,100,,54985,26,,,0,100,,54986,26,,,0,100,,54973,26,,,0
13019,'1924',819,,54972,26,,,0,100,,54959,26,,,0,100,,54960,26,,,0,102,,54961,26,,,0,101,,54962,26,,,0,101,,54963,26,,,0,100,,54964,26,,,0,100,,54965,26,,,0,100,,60168,26,,,0,97,,54967,26,,,0,99,,54968,26,,,0,100,,54969,26,,,0,100,,54970,26,,,0,100,,54971,26,,,0,100,,54958,26,,,0
13019,'1925',819,,60183,26,,,0,100,,60170,26,,,0,100,,60171,26,,,0,102,,60172,26,,,0,101,,60173,26,,,0,101,,60174,26,,,0,100,,60175,26,,,0,100,,60176,26,,,0,100,,60177,26,,,0,97,,60178,26,,,0,99,,60179,26,,,0,100,,60180,26,,,0,100,,60181,26,,,0,100,,60182,26,,,0,100,,60169,26,,,0
15029,'1907',755,,60289,76,,,0,95,,60295,76,,,0,100,,60288,76,,,0,100,,60287,76,,,0,103,,60294,76,,,0,100,,60292,76,,,0,100,,60291,76,,,0,102,,60286,76,,,0,100,,60284,76,,,0,98,,60285,76,,,0,99,,60290,76,,,0,99,,60296,76,,,0,100,,60293,76,,,0,100,,60297,76,,,0
15029,'1909',626,,60298,36,,,0,20,,55185,36,,,0,72,,60299,76,,,0,37,,55187,76,,,0,70,,55188,76,,,0,31,,60300,76,,,0,71,,55190,76,,,0,28,,55191,76,,,0,68,,55192,76,,,0,30,,55193,76,,,0,70,,60301,76,,,0,30,,60302,76,,,0,70,,60303,76,,,0,30,,55197,76,,,0,70,,60304,76,,,0,30,,60305,76,,,0,70,,55200,76,,,0,33,,55201,76,,,0,74,,55202,76,,,0,73,,55203,76,,,0,33,,55204,76,,,0,68,,55205,76,,,0,26,,55206,76,,,0,26,,60306,76,,,0,68,,55208,76,,,0,27,,55209,76,,,0,69,,55210,76,,,0,30,,60307,76,,,0,70,,55212,76,,,0,30,,55216,76,,,0,69,,55213,76,,,0,97,,60308,76,,,0,100,,55215,76,,,0
15029,'1910',620,,55231,36,,,0,138,,55219,76,,,0,93,,60309,76,,,0,100,,55221,76,,,0,102,,55222,76,,,0,101,,60310,76,,,0,100,,55224,76,,,0,100,,55225,76,,,0,105,,60311,76,,,0,100,,60312,76,,,0,98,,55228,76,,,0,100,,55229,76,,,0,100,,55230,76,,,0,95,,55217,76,,,0,100,,55218,76,,,0
15029,'1912',755,,60318,76,,,0,95,,60324,76,,,0,100,,60317,76,,,0,100,,60316,76,,,0,103,,60323,76,,,0,100,,60321,76,,,0,100,,60320,76,,,0,102,,60315,76,,,0,100,,60313,76,,,0,98,,60314,76,,,0,99,,60319,76,,,0,99,,60325,76,,,0,100,,60322,76,,,0,100,,60326,76,,,0
15029,'1924',755,,60332,76,,,0,95,,60338,76,,,0,100,,60331,76,,,0,100,,60330,76,,,0,103,,60337,76,,,0,100,,60335,76,,,0,100,,60334,76,,,0,102,,60329,76,,,0,100,,60327,76,,,0,98,,60328,76,,,0,99,,60333,76,,,0,99,,60339,76,,,0,100,,60336,76,,,0,100,,60340,76,,,0
15029,'1925',755,,60346,76,,,0,95,,60352,76,,,0,100,,60345,76,,,0,100,,60344,76,,,0,103,,60351,76,,,0,100,,60349,76,,,0,100,,60348,76,,,0,102,,60343,76,,,0,100,,60341,76,,,0,98,,60342,76,,,0,99,,60347,76,,,0,99,,60353,76,,,0,100,,60350,76,,,0,100,,60354,76,,,0
19019,'1907',624,,55495,19,,,0,112,,55487,19,,,0,100,,55486,19,,,0,70,,55491,19,,,0,30,,55490,19,,,0,70,,55483,19,,,0,31,,55482,19,,,0,71,,55480,19,,,0,31,,55500,19,,,0,70,,55498,19,,,0,30,,55496,19,,,0,70,,55492,19,,,0,30,,55508,19,,,0,70,,55489,19,,,0,31,,55488,19,,,0,70,,55485,19,,,0,30,,60420,19,,,0,70,,55481,19,,,0,30,,55501,19,,,0,68,,55499,19,,,0,29,,55497,19,,,0,70,,55494,19,,,0,30,,55493,19,,,0,70,,55503,19,,,0,30,,55502,19,,,0,70,,55504,19,,,0,45,,55507,19,,,0,100,,55505,19,,,0,100,,55506,19,,,0,85,,55509,19,,,0
19019,'1909',839,,60434,19,,,0,70,,60424,19,,,0,30,,60425,19,,,0,70,,60422,19,,,0,30,,55530,19,,,0,70,,60423,19,,,0,30,,60430,19,,,0,70,,60421,19,,,0,30,,60433,19,,,0,70,,60426,19,,,0,30,,60427,19,,,0,70,,60429,19,,,0,31,,60428,19,,,0,72,,55511,19,,,0,30,,60435,19,,,0,297,,55527,19,,,0,70,,55521,19,,,0,30,,55522,19,,,0,98,,60432,19,,,0,100,,55525,19,,,0,100,,60431,19,,,0,100,,55524,19,,,0
19019,'1910',637,,55535,19,,,0,70,,55548,19,,,0,30,,60437,19,,,0,70,,60442,19,,,0,30,,55558,19,,,0,70,,60438,19,,,0,30,,60436,19,,,0,70,,60444,19,,,0,33,,55537,19,,,0,70,,55552,19,,,0,30,,55541,19,,,0,70,,55555,19,,,0,30,,55534,19,,,0,70,,55550,19,,,0,30,,55536,19,,,0,70,,55553,19,,,0,30,,55538,19,,,0,70,,55560,19,,,0,30,,55547,19,,,0,70,,55549,19,,,0,30,,55533,19,,,0,70,,60441,19,,,0,30,,55559,19,,,0,70,,55546,19,,,0,30,,55540,19,,,0,70,,60443,19,,,0,27,,60440,19,,,0,70,,55563,19,,,0,40,,60445,19,,,0,75,,55545,19,,,0,100,,55562,19,,,0,95,,60439,19,,,0,20,,60446,19,,,0
19019,'1912',624,,55610,19,,,0,112,,55602,19,,,0,100,,55601,19,,,0,70,,55606,19,,,0,30,,55605,19,,,0,70,,55598,19,,,0,31,,55597,19,,,0,71,,55595,19,,,0,31,,55615,19,,,0,70,,55613,19,,,0,30,,55611,19,,,0,70,,55607,19,,,0,30,,55623,19,,,0,70,,55604,19,,,0,31,,55603,19,,,0,70,,55600,19,,,0,30,,60447,19,,,0,70,,55596,19,,,0,30,,55616,19,,,0,68,,55614,19,,,0,29,,55612,19,,,0,70,,55609,19,,,0,30,,55608,19,,,0,70,,55618,19,,,0,30,,55617,19,,,0,70,,55619,19,,,0,45,,55622,19,,,0,100,,55620,19,,,0,100,,55621,19,,,0,85,,55624,19,,,0
19019,'1924',624,,55580,19,,,0,112,,55572,19,,,0,100,,55571,19,,,0,70,,55576,19,,,0,30,,55575,19,,,0,70,,55568,19,,,0,31,,55567,19,,,0,71,,55565,19,,,0,31,,55585,19,,,0,70,,55583,19,,,0,30,,55581,19,,,0,70,,55577,19,,,0,30,,55593,19,,,0,70,,55574,19,,,0,31,,55573,19,,,0,70,,55570,19,,,0,30,,60448,19,,,0,70,,55566,19,,,0,30,,55586,19,,,0,68,,55584,19,,,0,29,,55582,19,,,0,70,,55579,19,,,0,30,,55578,19,,,0,70,,55588,19,,,0,30,,55587,19,,,0,70,,55589,19,,,0,45,,55592,19,,,0,100,,55590,19,,,0,100,,55591,19,,,0,85,,55594,19,,,0
19019,'1925',624,,60464,19,,,0,112,,60456,19,,,0,100,,60455,19,,,0,70,,60460,19,,,0,30,,60459,19,,,0,70,,60452,19,,,0,31,,60451,19,,,0,71,,60449,19,,,0,31,,60469,19,,,0,70,,60467,19,,,0,30,,60465,19,,,0,70,,60461,19,,,0,30,,60477,19,,,0,70,,60458,19,,,0,31,,60457,19,,,0,70,,60454,19,,,0,30,,60453,19,,,0,70,,60450,19,,,0,30,,60470,19,,,0,68,,60468,19,,,0,29,,60466,19,,,0,70,,60463,19,,,0,30,,60462,19,,,0,70,,60472,19,,,0,30,,60471,19,,,0,70,,60473,19,,,0,45,,60476,19,,,0,100,,60474,19,,,0,100,,60475,19,,,0,85,,60478,19,,,0
10019019,'1909',613,,58709,12,,,0,25,,61775,12,,,0,70,,58716,12,,,0,32,,58717,12,,,0,70,,61776,12,,,0,803,,58714,12,,,0,30,,58712,12,,,0,70,,58710,12,,,0,28,,58715,12,,,0,69,,58711,12,,,0,209,,61774,12,,,0
