11019,'1907',906,,54715,14,,,0,100,,54716,14,,,0,100,,54717,14,,,0,101,,54718,14,,,0,100,,54719,14,,,0,100,,54720,14,,,0,100,,54721,14,,,0,99,,54722,14,,,0,100,,54723,14,,,0,100,,54724,14,,,0,100,,54725,14,,,0,100,,54727,14,,,0
11019,'1909',707,,54728,14,,,0,100,,54729,14,,,0,101,,54730,14,,,0,100,,54731,14,,,0,100,,54732,14,,,0,100,,54733,14,,,0,100,,54734,14,,,0,100,,54735,14,,,0,100,,54736,14,,,0,100,,54737,14,,,0,100,,54738,14,,,0,100,,54739,14,,,0,99,,54740,14,,,0,100,,54741,14,,,0,100,,54742,14,,,0
11019,'1910',707,,54746,14,,,0,100,,54747,14,,,0,100,,54748,14,,,0,100,,54749,14,,,0,100,,54750,14,,,0,100,,54751,14,,,0,100,,54752,14,,,0,100,,54753,14,,,0,100,,54754,14,,,0,100,,54755,14,,,0,100,,54756,14,,,0,100,,54757,14,,,0,100,,54744,14,,,0,100,,54745,14,,,0
11019,'1911',906,,54759,14,,,0,100,,54760,14,,,0,100,,54761,14,,,0,101,,54762,14,,,0,100,,54763,14,,,0,100,,54764,14,,,0,100,,54765,14,,,0,99,,54766,14,,,0,100,,54767,14,,,0,100,,54768,14,,,0,100,,54769,14,,,0,100,,54771,14,,,0
11019,'1912',906,,54772,14,,,0,100,,54773,14,,,0,100,,54774,14,,,0,101,,54775,14,,,0,100,,54776,14,,,0,100,,54777,14,,,0,100,,54778,14,,,0,99,,54779,14,,,0,100,,54780,14,,,0,100,,54781,14,,,0,100,,54782,14,,,0,100,,54784,14,,,0
701019,'1907',628,,57470,10,,,0,28,,57511,10,,,0,70,,57492,10,,,0,30,,57469,10,,,0,55,,57446,10,,,0,15,,57514,10,,,0,15,,57428,10,,,0,15,,57479,10,,,0,56,,57430,10,,,0,15,,57466,10,,,0,15,,57447,10,,,0,15,,57509,10,,,0,55,,57422,10,,,0,15,,57490,10,,,0,15,,57431,10,,,0,15,,57465,10,,,0,55,,57426,10,,,0,17,,57505,10,,,0,15,,57434,10,,,0,15,,57488,10,,,0,55,,57429,10,,,0,15,,57462,10,,,0,15,,57441,10,,,0,15,,57506,10,,,0,55,,57432,10,,,0,15,,57484,10,,,0,15,,57437,10,,,0,15,,57460,10,,,0,55,,57440,10,,,0,15,,57515,10,,,0,15,,57427,10,,,0,15,,57485,10,,,0,55,,57439,10,,,0,15,,57458,10,,,0,15,,57443,10,,,0,15,,57510,10,,,0,55,,57424,10,,,0,15,,57491,10,,,0,15,,57425,10,,,0,15,,57456,10,,,0,55,,57442,10,,,0,15,,57502,10,,,0,15,,57423,10,,,0,15,,57481,10,,,0,55,,57438,10,,,0,14,,57455,10,,,0,15,,57444,10,,,0,15,,57501,10,,,0,55,,57435,10,,,0,15,,57482,10,,,0,15,,57436,10,,,0,15,,57453,10,,,0,54,,57445,10,,,0,15,,57516,10,,,0,15,,57433,10,,,0,15,,57480,10,,,0,70,,57450,10,,,0,30,,57512,10,,,0,70,,57475,10,,,0,30,,57448,10,,,0,70,,57517,10,,,0,25,,57518,10,,,0,65,,57520,10,,,0
701019,'1909',608,,57521,10,,,0,30,,57522,10,,,0,18,,57523,10,,,0,57,,57524,10,,,0,15,,57525,10,,,0,15,,57526,10,,,0,15,,57527,10,,,0,55,,57528,10,,,0,15,,57529,10,,,0,15,,57530,10,,,0,15,,57531,10,,,0,56,,57532,10,,,0,15,,57533,10,,,0,15,,57534,10,,,0,15,,57628,10,,,0,55,,57535,10,,,0,15,,57536,10,,,0,15,,57537,10,,,0,15,,57538,10,,,0,55,,57539,10,,,0,15,,57540,10,,,0,15,,57541,10,,,0,15,,57542,10,,,0,55,,57543,10,,,0,15,,57544,10,,,0,15,,57545,10,,,0,15,,57546,10,,,0,55,,57547,10,,,0,15,,57548,10,,,0,15,,57549,10,,,0,15,,57550,10,,,0,55,,57551,10,,,0,16,,57552,10,,,0,17,,57553,10,,,0,55,,57554,10,,,0,15,,57620,10,,,0,15,,57555,10,,,0,15,,57556,10,,,0,55,,57557,10,,,0,15,,57558,10,,,0,15,,57623,10,,,0,15,,57559,10,,,0,55,,57560,10,,,0,15,,57561,10,,,0,14,,57562,10,,,0,13,,57563,10,,,0,15,,57564,10,,,0,55,,57565,10,,,0,15,,57566,10,,,0,15,,57567,10,,,0,15,,57568,10,,,0,55,,57569,10,,,0,15,,57570,10,,,0,15,,57571,10,,,0,14,,57572,10,,,0,54,,57573,10,,,0,15,,57574,10,,,0,15,,57575,10,,,0,15,,57576,10,,,0,70,,57577,10,,,0,30,,57578,10,,,0,70,,57579,10,,,0,30,,57580,10,,,0,70,,57581,10,,,0,25,,57582,10,,,0,65,,57583,10,,,0
701019,'1910',628,,57662,10,,,0,28,,57647,10,,,0,70,,57637,10,,,0,30,,57643,10,,,0,55,,57665,10,,,0,15,,57650,10,,,0,16,,57666,10,,,0,15,,57633,10,,,0,55,,57667,10,,,0,15,,57638,10,,,0,15,,57672,10,,,0,15,,57644,10,,,0,59,,57688,10,,,0,15,,57708,10,,,0,15,,57724,10,,,0,55,,57712,10,,,0,15,,57679,10,,,0,15,,57719,10,,,0,15,,57701,10,,,0,55,,57726,10,,,0,15,,57717,10,,,0,15,,57674,10,,,0,15,,57722,10,,,0,55,,57707,10,,,0,15,,57678,10,,,0,15,,57716,10,,,0,15,,57700,10,,,0,55,,57681,10,,,0,15,,57714,10,,,0,15,,57706,10,,,0,15,,57723,10,,,0,55,,57715,10,,,0,15,,57677,10,,,0,15,,57720,10,,,0,15,,57705,10,,,0,55,,57697,10,,,0,15,,57718,10,,,0,15,,57725,10,,,0,15,,57728,10,,,0,55,,57676,10,,,0,15,,57696,10,,,0,15,,57703,10,,,0,15,,57694,10,,,0,55,,57689,10,,,0,15,,57692,10,,,0,15,,57698,10,,,0,15,,57687,10,,,0,54,,57680,10,,,0,12,,57663,10,,,0,15,,57693,10,,,0,15,,57668,10,,,0,15,,57645,10,,,0,55,,57669,10,,,0,15,,57651,10,,,0,15,,57670,10,,,0,15,,57634,10,,,0,70,,57639,10,,,0,30,,57646,10,,,0,70,,57652,10,,,0,30,,57659,10,,,0,70,,57661,10,,,0,25,,57671,10,,,0,65,,57664,10,,,0
701019,'1911',628,,57778,10,,,0,28,,57819,10,,,0,70,,57800,10,,,0,30,,57777,10,,,0,55,,57754,10,,,0,15,,57822,10,,,0,15,,57736,10,,,0,15,,57787,10,,,0,56,,57738,10,,,0,15,,57774,10,,,0,15,,57755,10,,,0,15,,57817,10,,,0,55,,57730,10,,,0,15,,57798,10,,,0,15,,57739,10,,,0,15,,57773,10,,,0,55,,57734,10,,,0,17,,57813,10,,,0,15,,57742,10,,,0,15,,57796,10,,,0,55,,57737,10,,,0,15,,57770,10,,,0,15,,57749,10,,,0,15,,57814,10,,,0,55,,57740,10,,,0,15,,57792,10,,,0,15,,57745,10,,,0,15,,57768,10,,,0,55,,57748,10,,,0,15,,57823,10,,,0,15,,57735,10,,,0,15,,57793,10,,,0,55,,57747,10,,,0,15,,57766,10,,,0,15,,57751,10,,,0,15,,57818,10,,,0,55,,57732,10,,,0,15,,57799,10,,,0,15,,57733,10,,,0,15,,57764,10,,,0,55,,57750,10,,,0,15,,57810,10,,,0,15,,57731,10,,,0,15,,57789,10,,,0,55,,57746,10,,,0,14,,57763,10,,,0,15,,57752,10,,,0,15,,57809,10,,,0,55,,57743,10,,,0,15,,57790,10,,,0,15,,57744,10,,,0,15,,57761,10,,,0,54,,57753,10,,,0,15,,57824,10,,,0,15,,57741,10,,,0,15,,57788,10,,,0,70,,57758,10,,,0,30,,57820,10,,,0,70,,57783,10,,,0,30,,57756,10,,,0,70,,57825,10,,,0,25,,57826,10,,,0,65,,57828,10,,,0
701019,'1912',628,,57877,10,,,0,28,,57918,10,,,0,70,,57899,10,,,0,30,,57876,10,,,0,55,,57853,10,,,0,15,,57921,10,,,0,15,,57835,10,,,0,15,,57886,10,,,0,56,,57837,10,,,0,15,,57873,10,,,0,15,,57854,10,,,0,15,,57916,10,,,0,55,,57829,10,,,0,15,,57897,10,,,0,15,,57838,10,,,0,15,,57872,10,,,0,55,,57833,10,,,0,17,,57912,10,,,0,15,,57841,10,,,0,15,,57895,10,,,0,55,,57836,10,,,0,15,,57869,10,,,0,15,,57848,10,,,0,15,,57913,10,,,0,55,,57839,10,,,0,15,,57891,10,,,0,15,,57844,10,,,0,15,,57867,10,,,0,55,,57847,10,,,0,15,,57922,10,,,0,15,,57834,10,,,0,15,,57892,10,,,0,55,,57846,10,,,0,15,,57865,10,,,0,15,,57850,10,,,0,15,,57917,10,,,0,55,,57831,10,,,0,15,,57898,10,,,0,15,,57832,10,,,0,15,,57863,10,,,0,55,,57849,10,,,0,15,,57909,10,,,0,15,,57830,10,,,0,15,,57888,10,,,0,55,,57845,10,,,0,14,,57862,10,,,0,15,,57851,10,,,0,15,,57908,10,,,0,55,,57842,10,,,0,15,,57889,10,,,0,15,,57843,10,,,0,15,,57860,10,,,0,54,,57852,10,,,0,15,,57923,10,,,0,15,,57840,10,,,0,15,,57887,10,,,0,70,,57857,10,,,0,30,,57919,10,,,0,70,,57882,10,,,0,30,,57855,10,,,0,70,,57924,10,,,0,25,,57925,10,,,0,65,,57927,10,,,0
