2019,'1907',724,,53277,45,,,0,30,,53254,45,,,0,70,,53258,45,,,0,30,,53270,45,,,0,70,,53265,45,,,0,30,,53255,45,,,0,70,,53259,45,,,0,30,,53271,45,,,0,70,,53266,45,,,0,30,,53256,45,,,0,70,,53260,45,,,0,30,,53272,45,,,0,70,,53267,45,,,0,30,,53257,45,,,0,70,,53261,45,,,0,30,,53273,45,,,0,70,,53268,45,,,0,30,,53252,45,,,0,70,,53262,45,,,0,30,,53274,45,,,0,70,,53269,45,,,0,30,,53250,45,,,0,70,,53263,45,,,0,30,,53275,45,,,0,100,,53251,45,,,0,101,,53276,45,,,0,100,,53253,45,,,0,95,,53264,45,,,0,100,,53278,45,,,0
2019,'1909',651,,53279,45,,,0,69,,53280,45,,,0,30,,53281,45,,,0,70,,53282,45,,,0,33,,53283,45,,,0,71,,53284,45,,,0,31,,53301,45,,,0,70,,53302,45,,,0,30,,53303,45,,,0,70,,53304,45,,,0,30,,53305,45,,,0,70,,53306,45,,,0,30,,53307,45,,,0,70,,53308,45,,,0,30,,53309,45,,,0,70,,53299,45,,,0,33,,53300,45,,,0,70,,53285,45,,,0,30,,53286,45,,,0,70,,53287,45,,,0,30,,53288,45,,,0,70,,53289,45,,,0,27,,53290,45,,,0,70,,53291,45,,,0,30,,53292,45,,,0,70,,53298,45,,,0,30,,53293,45,,,0,97,,53294,45,,,0,100,,53295,45,,,0,100,,53296,45,,,0,97,,53297,45,,,0
2019,'1910',654,,53311,36,,,0,70,,53318,45,,,0,30,,53327,45,,,0,70,,53334,45,,,0,30,,53312,45,,,0,70,,53319,45,,,0,30,,53328,45,,,0,68,,53335,45,,,0,31,,53313,45,,,0,70,,53320,45,,,0,30,,53329,45,,,0,70,,53336,45,,,0,30,,53314,45,,,0,70,,53321,45,,,0,30,,53330,45,,,0,70,,53337,45,,,0,30,,53315,45,,,0,70,,53322,45,,,0,30,,53331,45,,,0,70,,53338,45,,,0,30,,53316,45,,,0,70,,53323,45,,,0,30,,53332,45,,,0,70,,53339,45,,,0,30,,53317,45,,,0,70,,53324,45,,,0,30,,53333,45,,,0,101,,53325,45,,,0,100,,53340,45,,,0,96,,53326,45,,,0,98,,53341,45,,,0
2019,'1911',724,,53369,45,,,0,30,,53346,45,,,0,70,,53350,45,,,0,30,,53362,45,,,0,70,,53357,45,,,0,30,,53347,45,,,0,70,,53351,45,,,0,30,,53363,45,,,0,70,,53358,45,,,0,30,,53348,45,,,0,70,,53352,45,,,0,30,,53364,45,,,0,70,,53359,45,,,0,30,,53349,45,,,0,70,,53353,45,,,0,30,,53365,45,,,0,70,,53360,45,,,0,30,,53344,45,,,0,70,,53354,45,,,0,30,,53366,45,,,0,70,,53361,45,,,0,30,,53342,45,,,0,70,,53355,45,,,0,30,,53367,45,,,0,100,,53343,45,,,0,101,,53368,45,,,0,100,,53345,45,,,0,95,,53356,45,,,0,100,,53370,45,,,0
2019,'1912',724,,53398,45,,,0,30,,53375,45,,,0,70,,53379,45,,,0,30,,53391,45,,,0,70,,53386,45,,,0,30,,53376,45,,,0,70,,53380,45,,,0,30,,53392,45,,,0,70,,53387,45,,,0,30,,53377,45,,,0,70,,53381,45,,,0,30,,53393,45,,,0,70,,53388,45,,,0,30,,53378,45,,,0,70,,53382,45,,,0,30,,53394,45,,,0,70,,53389,45,,,0,30,,53373,45,,,0,70,,53383,45,,,0,30,,53395,45,,,0,70,,53390,45,,,0,30,,53371,45,,,0,70,,53384,45,,,0,30,,53396,45,,,0,100,,53372,45,,,0,101,,53397,45,,,0,100,,53374,45,,,0,95,,53385,45,,,0,100,,53399,45,,,0
7019,'1907',736,,54100,10,,,0,101,,54101,10,,,0,100,,54109,10,,,0,100,,54102,10,,,0,100,,54103,10,,,0,100,,54104,10,,,0,100,,54105,10,,,0,101,,54106,10,,,0,100,,54107,10,,,0,99,,54108,10,,,0,100,,54096,10,,,0,99,,54097,10,,,0,100,,54095,10,,,0,100,,54099,10,,,0,100,,54098,10,,,0
7019,'1909',534,,54158,10,,,0,103,,54157,10,,,0,70,,54159,10,,,0,32,,54156,10,,,0,71,,54155,10,,,0,29,,54154,10,,,0,70,,54150,10,,,0,30,,54152,10,,,0,70,,54153,10,,,0,30,,54151,10,,,0,70,,54149,10,,,0,30,,54163,10,,,0,70,,54162,10,,,0,30,,54161,10,,,0,70,,54160,10,,,0,30,,54141,10,,,0,71,,54148,10,,,0,31,,54140,10,,,0,73,,54139,10,,,0,28,,54147,10,,,0,70,,54146,10,,,0,30,,54145,10,,,0,68,,54138,10,,,0,30,,54137,10,,,0,70,,54136,10,,,0,30,,54144,10,,,0,69,,54143,10,,,0,29,,54135,10,,,0,70,,54142,10,,,0,30,,54134,10,,,0,99,,54132,10,,,0,99,,54133,10,,,0,100,,54168,10,,,0
7019,'1910',637,,54181,10,,,0,69,,54174,10,,,0,30,,54182,10,,,0,70,,54175,10,,,0,32,,54183,10,,,0,70,,54176,10,,,0,30,,54184,10,,,0,70,,54177,10,,,0,30,,54185,10,,,0,70,,54178,10,,,0,30,,54186,10,,,0,70,,54179,10,,,0,30,,54187,10,,,0,70,,54180,10,,,0,30,,54188,10,,,0,70,,54193,10,,,0,30,,54189,10,,,0,70,,54195,10,,,0,30,,54190,10,,,0,70,,54194,10,,,0,30,,54191,10,,,0,70,,54196,10,,,0,30,,54192,10,,,0,70,,54199,10,,,0,29,,54169,10,,,0,70,,54197,10,,,0,30,,54170,10,,,0,70,,54198,10,,,0,30,,54171,10,,,0,99,,54172,10,,,0,100,,54173,10,,,0
7019,'1911',736,,54208,10,,,0,101,,54209,10,,,0,100,,54217,10,,,0,100,,54210,10,,,0,100,,54211,10,,,0,100,,54212,10,,,0,100,,54213,10,,,0,101,,54214,10,,,0,100,,54215,10,,,0,99,,54216,10,,,0,100,,54204,10,,,0,99,,54205,10,,,0,100,,54203,10,,,0,100,,54207,10,,,0,100,,54206,10,,,0
7019,'1912',736,,54243,10,,,0,101,,54244,10,,,0,100,,54252,10,,,0,100,,54245,10,,,0,100,,54246,10,,,0,100,,54247,10,,,0,100,,54248,10,,,0,101,,54249,10,,,0,100,,54250,10,,,0,99,,54251,10,,,0,100,,54239,10,,,0,99,,54240,10,,,0,100,,54238,10,,,0,100,,54242,10,,,0,100,,54241,10,,,0
