1029,'1907',622,,53126,43,,,0,100,,53127,43,,,0,100,,53128,43,,,0,100,,53129,43,,,0,101,,53130,43,,,0,100,,53131,43,,,0,100,,53132,43,,,0,100,,53133,43,,,0,100,,53134,43,,,0,100,,53135,43,,,0,100,,53136,43,,,0,100,,53137,43,,,0,100,,53138,43,,,0,100,,53139,43,,,0,100,,53140,43,,,0,100,,53141,43,,,0,101,,53142,43,,,0,94,,53143,43,,,0
1029,'1909',622,,53153,43,,,0,35,,53154,43,,,0,72,,53174,43,,,0,30,,53150,43,,,0,70,,53145,43,,,0,30,,53178,43,,,0,70,,53148,43,,,0,30,,53155,43,,,0,70,,53173,43,,,0,30,,53152,43,,,0,70,,53144,43,,,0,30,,53177,43,,,0,70,,53149,43,,,0,30,,53156,43,,,0,70,,53172,43,,,0,30,,53151,43,,,0,70,,53146,43,,,0,71,,53175,43,,,0,32,,53147,43,,,0,70,,53157,43,,,0,30,,53171,43,,,0,70,,53160,43,,,0,30,,53159,43,,,0,27,,53158,43,,,0,65,,53164,43,,,0,30,,53163,43,,,0,70,,53162,43,,,0,30,,53161,43,,,0,69,,53176,43,,,0,30,,53170,43,,,0,70,,53169,43,,,0,30,,53168,43,,,0,70,,53167,43,,,0,30,,53166,43,,,0,65,,53165,43,,,0
1029,'1910',622,,53184,43,,,0,30,,53196,43,,,0,70,,53203,43,,,0,30,,53191,43,,,0,70,,53212,43,,,0,30,,53200,43,,,0,72,,53183,43,,,0,29,,53195,43,,,0,70,,53206,43,,,0,30,,53190,43,,,0,70,,53213,43,,,0,30,,53199,43,,,0,70,,53182,43,,,0,30,,53194,43,,,0,70,,53205,43,,,0,30,,53189,43,,,0,70,,53185,43,,,0,30,,53198,43,,,0,70,,53181,43,,,0,30,,53193,43,,,0,70,,53201,43,,,0,30,,53188,43,,,0,70,,53210,43,,,0,30,,53197,43,,,0,69,,53180,43,,,0,31,,53192,43,,,0,70,,53204,43,,,0,30,,53186,43,,,0,70,,53208,43,,,0,30,,53207,43,,,0,70,,53179,43,,,0,30,,53187,43,,,0,70,,53202,43,,,0,30,,53211,43,,,0,67,,53209,43,,,0
1029,'1911',622,,53214,43,,,0,100,,53215,43,,,0,100,,53216,43,,,0,100,,53217,43,,,0,101,,53218,43,,,0,100,,53219,43,,,0,100,,53220,43,,,0,100,,53221,43,,,0,100,,53222,43,,,0,100,,53223,43,,,0,100,,53224,43,,,0,100,,53225,43,,,0,100,,53226,43,,,0,100,,53227,43,,,0,100,,53228,43,,,0,100,,53229,43,,,0,101,,53230,43,,,0,94,,53231,43,,,0
1029,'1912',622,,53232,43,,,0,100,,53233,43,,,0,100,,53234,43,,,0,100,,53235,43,,,0,101,,53236,43,,,0,100,,53237,43,,,0,100,,53238,43,,,0,100,,53239,43,,,0,100,,53240,43,,,0,100,,53241,43,,,0,100,,53242,43,,,0,100,,53243,43,,,0,100,,53244,43,,,0,100,,53245,43,,,0,100,,53246,43,,,0,100,,53247,43,,,0,101,,53248,43,,,0,94,,53249,43,,,0
2029,'1907',637,,53401,40,,,0,70,,53409,40,,,0,31,,53420,40,,,0,70,,53415,40,,,0,30,,53402,40,,,0,70,,53410,40,,,0,30,,53421,40,,,0,70,,53416,40,,,0,30,,53403,40,,,0,70,,53411,40,,,0,30,,53422,40,,,0,70,,53417,40,,,0,30,,53404,40,,,0,70,,53412,40,,,0,30,,53423,40,,,0,70,,53418,40,,,0,30,,53405,40,,,0,70,,53413,40,,,0,30,,53424,40,,,0,70,,53419,40,,,0,30,,53406,40,,,0,70,,53414,40,,,0,30,,53425,40,,,0,100,,53407,40,,,0,99,,53426,40,,,0,100,,53408,40,,,0,101,,53427,40,,,0,100,,53400,40,,,0
2029,'1909',542,,53450,25,,,0,65,,53433,40,,,0,30,,53434,40,,,0,72,,53435,40,,,0,30,,53436,40,,,0,70,,53437,40,,,0,30,,53438,40,,,0,70,,53439,40,,,0,30,,53440,40,,,0,70,,53441,40,,,0,30,,53464,40,,,0,70,,53460,40,,,0,30,,53466,40,,,0,70,,53462,40,,,0,30,,53463,40,,,0,70,,53459,40,,,0,30,,53465,40,,,0,70,,53461,40,,,0,31,,53467,40,,,0,71,,53442,40,,,0,34,,53443,40,,,0,70,,53444,40,,,0,30,,53445,40,,,0,70,,53446,40,,,0,29,,53447,40,,,0,65,,53448,40,,,0,29,,53449,40,,,0,70,,53453,40,,,0,30,,53454,40,,,0,100,,53455,40,,,0,100,,53456,40,,,0,100,,53452,40,,,0
2029,'1910',607,,53499,40,0,5 2 15 16 17,0,30,,53482,40,,,0,69,,53489,40,,,0,31,,53468,40,,,0,70,,53474,40,,,0,30,,53483,40,,,0,71,,53490,40,,,0,30,,53469,40,,,0,70,,53475,40,,,0,30,,53484,40,,,0,70,,53491,40,,,0,30,,53470,40,,,0,70,,53476,40,,,0,30,,53485,40,,,0,70,,53492,40,,,0,30,,53471,40,,,0,70,,53477,40,,,0,30,,53486,40,,,0,70,,53493,40,,,0,30,,53472,40,,,0,70,,53478,40,,,0,30,,53487,40,,,0,70,,53494,40,,,0,30,,53473,40,,,0,70,,53479,40,,,0,30,,53488,40,,,0,70,,53495,40,,,0,30,,53480,40,,,0,100,,53496,40,,,0,100,,53481,40,,,0,100,,53497,40,,,0
2029,'1911',637,,53503,40,,,0,70,,53511,40,,,0,31,,53522,40,,,0,70,,53517,40,,,0,30,,53504,40,,,0,70,,53512,40,,,0,30,,53523,40,,,0,70,,53518,40,,,0,30,,53505,40,,,0,70,,53513,40,,,0,30,,53524,40,,,0,70,,53519,40,,,0,30,,53506,40,,,0,70,,53514,40,,,0,30,,53525,40,,,0,70,,53520,40,,,0,30,,53507,40,,,0,70,,53515,40,,,0,30,,53526,40,,,0,70,,53521,40,,,0,30,,53508,40,,,0,70,,53516,40,,,0,30,,53527,40,,,0,100,,53509,40,,,0,99,,53528,40,,,0,100,,53510,40,,,0,101,,53529,40,,,0,100,,53502,40,,,0
2029,'1912',637,,53536,40,,,0,70,,53544,40,,,0,31,,53555,40,,,0,70,,53550,40,,,0,30,,53537,40,,,0,70,,53545,40,,,0,30,,53556,40,,,0,70,,53551,40,,,0,30,,53538,40,,,0,70,,53546,40,,,0,30,,53557,40,,,0,70,,53552,40,,,0,30,,53539,40,,,0,70,,53547,40,,,0,30,,53558,40,,,0,70,,53553,40,,,0,30,,53540,40,,,0,70,,53548,40,,,0,30,,53559,40,,,0,70,,53554,40,,,0,30,,53541,40,,,0,70,,53549,40,,,0,30,,53560,40,,,0,100,,53542,40,,,0,99,,53561,40,,,0,100,,53543,40,,,0,101,,53562,40,,,0,100,,53535,40,,,0
12029,'1909',647,,54902,19,,,0,71,,54899,19,,,0,30,,54892,19,,,0,69,,54900,19,,,0,31,,54893,19,,,0,71,,54879,10,,,0,30,,54880,10,,,0,70,,54881,10,,,0,30,,54882,10,,,0,70,,54883,10,,,0,30,,54884,10,,,0,70,,54885,10,,,0,30,,54886,10,,,0,70,,54887,10,,,0,30,,54888,10,,,0,70,,54889,10,,,0,30,,54895,19,,,0,71,,54898,19,,,0,30,,54890,19,,,0,70,,54897,19,,,0,30,,54891,19,,,0,70,,54901,19,,,0,29,,54894,19,,,0,70,,54896,19,,,0
14000001029,'1907',548,,58794,24,0,18 7,0,1811,,58788,24,,,0,69,,58792,24,,,0,30,,58793,24,,,0,70,,58790,24,,,0,30,,58791,24,,,0,70,,58789,24,,,0
14000001029,'1909',446,,58795,24,0,18 7,0,102,,58796,24,0,18 7,0,1811,,58798,24,,,0,69,,58799,24,,,0,30,,58802,24,,,0,70,,58797,24,,,0,30,,58800,24,,,0,70,,58801,24,,,0
14000001029,'1910',548,,58807,24,0,18 7,0,1811,,58809,24,,,0,69,,58804,24,,,0,30,,58803,24,,,0,70,,58805,24,,,0,30,,58808,24,,,0,70,,58806,24,,,0
14000001029,'1911',548,,58816,24,0,18 7,0,1811,,58810,24,,,0,69,,58814,24,,,0,30,,58815,24,,,0,70,,58812,24,,,0,30,,58813,24,,,0,70,,58811,24,,,0
14000001029,'1912',548,,58823,24,0,18 7,0,1811,,58817,24,,,0,69,,58821,24,,,0,30,,58822,24,,,0,70,,58819,24,,,0,30,,58820,24,,,0,70,,58818,24,,,0
