1029,'1907',559,,58968,12,,,0,98,,58969,12,,,0,100,,58970,12,,,0,100,,58971,12,,,0,100,,58972,12,,,0,100,,58973,12,,,0,100,,58974,12,,,0,100,,58975,12,,,0,100,,58976,12,,,0,100,,58977,12,,,0,100,,58978,12,,,0,100,,58979,12,,,0,100,,58980,12,,,0,100,,58981,12,,,0,100,,58982,12,,,0,100,,58983,12,,,0,100,,58984,12,,,0,100,,58985,12,,,0
1029,'1909',556,,58995,12,,,0,75,,58996,12,,,0,25,,59016,12,,,0,70,,58992,12,,,0,30,,58987,12,,,0,70,,59020,12,,,0,33,,58990,12,,,0,70,,58997,12,,,0,30,,59015,12,,,0,70,,58994,12,,,0,30,,58986,12,,,0,70,,59019,12,,,0,30,,58991,12,,,0,70,,58998,12,,,0,30,,59014,12,,,0,70,,58993,12,,,0,30,,58988,12,,,0,70,,59017,12,,,0,71,,58989,12,,,0,30,,58999,12,,,0,70,,59013,12,,,0,30,,59002,12,,,0,70,,59001,12,,,0,30,,59000,12,,,0,27,,59006,12,,,0,70,,59005,12,,,0,30,,59004,12,,,0,70,,59003,12,,,0,30,,59018,12,,,0,70,,59012,12,,,0,30,,59011,12,,,0,70,,59010,12,,,0,30,,59009,12,,,0,70,,59008,12,,,0,25,,59007,12,,,0
1029,'1910',559,,59026,12,,,0,68,,59038,12,,,0,30,,59045,12,,,0,70,,59033,12,,,0,30,,59054,12,,,0,70,,59042,12,,,0,30,,59025,12,,,0,68,,59037,12,,,0,30,,59048,12,,,0,70,,59032,12,,,0,30,,59055,12,,,0,70,,59041,12,,,0,30,,59024,12,,,0,70,,59036,12,,,0,30,,59047,12,,,0,70,,59031,12,,,0,30,,59027,12,,,0,70,,59040,12,,,0,30,,59023,12,,,0,70,,59035,12,,,0,30,,59043,12,,,0,70,,59030,12,,,0,30,,59052,12,,,0,70,,59039,12,,,0,30,,59022,12,,,0,72,,59034,12,,,0,30,,59046,12,,,0,70,,59028,12,,,0,30,,59050,12,,,0,70,,59049,12,,,0,30,,59021,12,,,0,70,,59029,12,,,0,30,,59044,12,,,0,70,,59053,12,,,0,30,,59051,12,,,0
1029,'1912',559,,59056,12,,,0,98,,59057,12,,,0,100,,59058,12,,,0,100,,59059,12,,,0,100,,59060,12,,,0,100,,59061,12,,,0,100,,59062,12,,,0,100,,59063,12,,,0,100,,59064,12,,,0,100,,59065,12,,,0,100,,59066,12,,,0,100,,59067,12,,,0,100,,59068,12,,,0,100,,59069,12,,,0,100,,59070,12,,,0,100,,59071,12,,,0,100,,59072,12,,,0,100,,59073,12,,,0
1029,'1924',559,,59074,12,,,0,98,,59075,12,,,0,100,,59076,12,,,0,100,,59077,12,,,0,100,,59078,12,,,0,100,,59079,12,,,0,100,,59080,12,,,0,100,,59081,12,,,0,100,,59082,12,,,0,100,,59083,12,,,0,100,,59084,12,,,0,100,,59085,12,,,0,100,,59086,12,,,0,100,,59087,12,,,0,100,,59088,12,,,0,100,,59089,12,,,0,100,,59090,12,,,0,100,,59091,12,,,0
1029,'1925',559,,59092,12,,,0,98,,59093,12,,,0,100,,59094,12,,,0,100,,59095,12,,,0,100,,59096,12,,,0,100,,59097,12,,,0,100,,59098,12,,,0,100,,59099,12,,,0,100,,59100,12,,,0,100,,59101,12,,,0,100,,59102,12,,,0,100,,59103,12,,,0,100,,59104,12,,,0,100,,59105,12,,,0,100,,59106,12,,,0,100,,59107,12,,,0,100,,59108,12,,,0,100,,59109,12,,,0
7019,'1907',737,,59729,14,,,0,101,,59730,14,,,0,100,,59738,14,,,0,101,,59731,14,,,0,100,,59732,14,,,0,100,,59733,14,,,0,100,,59734,14,,,0,101,,59735,14,,,0,100,,59736,14,,,0,99,,59737,14,,,0,100,,59725,14,,,0,99,,59726,14,,,0,99,,59724,14,,,0,100,,59728,14,,,0,100,,59727,14,,,0
7019,'1909',536,,54158,14,,,0,103,,54157,14,,,0,70,,59751,14,,,0,32,,54156,14,,,0,71,,59750,14,,,0,29,,54154,14,,,0,70,,59749,14,,,0,30,,54152,14,,,0,70,,54153,14,,,0,30,,54151,14,,,0,70,,54149,14,,,0,30,,54163,14,,,0,70,,59754,14,,,0,30,,59753,14,,,0,70,,59752,14,,,0,30,,54141,14,,,0,71,,59748,14,,,0,32,,59743,14,,,0,73,,54139,14,,,0,27,,54147,14,,,0,70,,59747,14,,,0,30,,59746,14,,,0,68,,54138,14,,,0,30,,54137,14,,,0,70,,54136,14,,,0,30,,59745,14,,,0,69,,59744,14,,,0,28,,54135,14,,,0,70,,54142,14,,,0,30,,59742,14,,,0,99,,54132,14,,,0,99,,59741,14,,,0,100,,54168,14,,,0
7019,'1910',638,,59761,14,,,0,69,,59760,14,,,0,30,,54182,14,,,0,70,,54175,14,,,0,32,,54183,14,,,0,70,,54176,14,,,0,30,,59762,14,,,0,71,,54177,14,,,0,30,,54185,14,,,0,70,,54178,14,,,0,30,,54186,14,,,0,70,,54179,14,,,0,30,,59763,14,,,0,70,,54180,14,,,0,30,,59764,14,,,0,70,,54193,14,,,0,30,,54189,14,,,0,70,,54195,14,,,0,30,,54190,14,,,0,70,,54194,14,,,0,30,,54191,14,,,0,70,,54196,14,,,0,30,,54192,14,,,0,70,,54199,14,,,0,29,,54169,14,,,0,69,,54197,14,,,0,30,,59758,14,,,0,70,,54198,14,,,0,30,,54171,14,,,0,99,,54172,14,,,0,100,,59759,14,,,0
7019,'1912',737,,59770,14,,,0,101,,59771,14,,,0,100,,59779,14,,,0,101,,59772,14,,,0,100,,59773,14,,,0,100,,59774,14,,,0,100,,59775,14,,,0,101,,59776,14,,,0,100,,59777,14,,,0,99,,59778,14,,,0,100,,59766,14,,,0,99,,59767,14,,,0,99,,59765,14,,,0,100,,59769,14,,,0,100,,59768,14,,,0
7019,'1924',737,,59787,14,,,0,101,,59788,14,,,0,100,,59796,14,,,0,101,,59789,14,,,0,100,,59790,14,,,0,100,,59791,14,,,0,100,,59792,14,,,0,101,,59793,14,,,0,100,,59794,14,,,0,99,,59795,14,,,0,100,,59783,14,,,0,99,,59784,14,,,0,99,,59782,14,,,0,100,,59786,14,,,0,100,,59785,14,,,0
7019,'1925',737,,59804,14,,,0,101,,59805,14,,,0,100,,59813,14,,,0,101,,59806,14,,,0,100,,59807,14,,,0,100,,59808,14,,,0,100,,59809,14,,,0,101,,59810,14,,,0,100,,59811,14,,,0,99,,59812,14,,,0,100,,59800,14,,,0,99,,59801,14,,,0,99,,59799,14,,,0,100,,59803,14,,,0,100,,59802,14,,,0
