22029,'1907',703,,55746,3,0,19 2 34 21,0,99,,55732,3,,,0,100,,55733,3,,,0,100,,55734,3,,,0,100,,55735,3,,,0,100,,55736,3,,,0,100,,55737,3,,,0,100,,55738,3,,,0,100,,55739,3,,,0,100,,55740,3,,,0,100,,55741,3,,,0,100,,55745,3,0,19 2 34 21,0,100,,55742,3,0,19 2 34 21,0,100,,55743,3,0,19 2 34 21,0,100,,55744,3,0,19 2 34 21,0
22029,'1909',636,,55748,3,0,19 2 34 21,0,72,,55749,3,0,19 2 34 21,0,30,,55750,3,0,19 2 34 21,0,73,,55751,3,0,19 2 34 21,0,30,,55752,3,0,19 2 34 21,0,70,,55753,3,,,0,28,,55754,3,,,0,70,,55759,3,,,0,30,,55755,3,,,0,70,,55760,3,,,0,30,,55756,3,,,0,70,,55747,3,,,0,30,,55757,3,,,0,70,,55758,3,,,0,31,,55761,3,,,0,70,,55762,3,,,0,30,,55763,3,,,0,68,,55764,3,,,0,32,,55765,3,,,0,70,,55766,3,,,0,30,,55767,3,,,0,69,,55768,3,,,0,30,,55769,3,,,0,70,,55770,3,,,0,28,,55771,3,,,0,70,,55772,3,,,0,30,,55773,3,,,0,65,,55774,3,,,0,30,,55775,3,,,0,70,,55776,3,,,0,30,,55777,3,0,19 2 34 21,0,172,,55779,3,0,19 2 34 21,0,36,,55778,3,0,19 2 34 21,0
22029,'1910',607,,55811,3,0,19 2 34 21,0,30,,55810,3,0,19 2 34 21,0,65,,55803,3,0,19 2 34 21,0,30,,55798,3,0,19 2 34 21,0,70,,55804,3,0,19 2 34 21,0,30,,55780,3,,,0,70,,55781,3,,,0,30,,55782,3,,,0,70,,55783,3,,,0,30,,55784,3,,,0,70,,55785,3,,,0,30,,55786,3,,,0,70,,55787,3,,,0,30,,55788,3,,,0,70,,55789,3,,,0,31,,55790,3,,,0,69,,55791,3,,,0,31,,55792,3,,,0,70,,55793,3,,,0,30,,55794,3,,,0,70,,55795,3,,,0,30,,55796,3,,,0,69,,55797,3,,,0,31,,55799,3,0,19 2 34 21,0,69,,55805,3,0,19 2 34 21,0,30,,55800,3,0,19 2 34 21,0,70,,55806,3,0,19 2 34 21,0,30,,55801,3,0,19 2 34 21,0,70,,55807,3,0,19 2 34 21,0,30,,55802,3,0,19 2 34 21,0,27,,55808,3,0,19 2 34 21,0,73,,55809,3,0,19 2 34 21,0
22029,'1911',703,,55826,3,0,19 2 34 21,0,99,,55812,3,,,0,100,,55813,3,,,0,100,,55814,3,,,0,100,,55815,3,,,0,100,,55816,3,,,0,100,,55817,3,,,0,100,,55818,3,,,0,100,,55819,3,,,0,100,,55820,3,,,0,100,,55821,3,,,0,100,,55825,3,0,19 2 34 21,0,100,,55822,3,0,19 2 34 21,0,100,,55823,3,0,19 2 34 21,0,100,,55824,3,0,19 2 34 21,0
22029,'1912',703,,55841,3,0,19 2 34 21,0,99,,55827,3,,,0,100,,55828,3,,,0,100,,55829,3,,,0,100,,55830,3,,,0,100,,55831,3,,,0,100,,55832,3,,,0,100,,55833,3,,,0,100,,55834,3,,,0,100,,55835,3,,,0,100,,55836,3,,,0,100,,55840,3,0,19 2 34 21,0,100,,55837,3,0,19 2 34 21,0,100,,55838,3,0,19 2 34 21,0,100,,55839,3,0,19 2 34 21,0
601019,'1907',612,,57121,3,,,0,30,,57139,3,,,0,70,,57120,3,,,0,30,,57138,3,,,0,70,,57119,3,,,0,30,,57137,3,,,0,70,,57118,3,,,0,30,,57136,3,,,0,70,,57116,3,,,0,30,,57135,3,,,0,70,,57117,3,,,0,30,,57134,3,,,0,70,,57115,3,,,0,30,,57133,3,,,0,70,,57111,3,,,0,30,,57132,3,,,0,70,,57114,3,,,0,30,,57131,3,,,0,70,,57112,3,,,0,30,,57130,3,,,0,70,,57110,3,,,0,30,,57129,3,,,0,70,,57113,3,,,0,30,,57128,3,,,0,70,,57107,3,,,0,30,,57127,3,,,0,70,,57108,3,,,0,30,,57126,3,,,0,70,,57109,3,,,0,30,,57125,3,,,0,70,,57106,3,,,0,30,,57124,3,,,0,70,,57105,3,,,0,30,,57123,3,,,0
601019,'1909',609,,57191,3,,,0,19,,57171,3,,,0,16,,57173,3,0,19 2 11 2 35,0,13,,57166,3,0,19 2 11 2 35,0,52,,57170,3,0,19 2 11 2 35,0,15,,57180,3,0,19 2 11 2 35,0,16,,57174,3,0,19 2 11 2 35,0,15,,57165,3,0,19 2 11 2 35,0,55,,57167,3,0,19 2 11 2 35,0,15,,57179,3,0,19 2 11 2 35,0,24,,57153,3,0,5 2 11 2 12,0,70,,57154,3,0,5 2 11 2 12,0,30,,57155,3,0,5 2 11 2 12,0,70,,57156,3,0,5 2 11 2 12,0,30,,57157,3,0,5 2 11 2 12,0,70,,57158,3,0,5 2 11 2 12,0,30,,57159,3,0,5 2 11 2 12,0,70,,57160,3,0,5 2 11 2 12,0,30,,57161,3,0,5 2 11 2 12,0,70,,57162,3,0,5 2 11 2 12,0,30,,57163,3,0,5 2 11 2 12,0,62,,57148,3,,,0,13,,57187,3,0,19 2 11 2 35,0,15,,57176,3,0,19 2 11 2 35,0,15,,57183,3,0,19 2 11 2 35,0,55,,57172,3,0,19 2 11 2 35,0,15,,57184,3,0,19 2 11 2 35,0,15,,57175,3,0,19 2 11 2 35,0,15,,57181,3,0,19 2 11 2 35,0,55,,57177,3,0,19 2 11 2 35,0,15,,57182,3,0,19 2 11 2 35,0,15,,57169,3,0,19 2 11 2 35,0,15,,57185,3,0,19 2 11 2 35,0,55,,57164,3,0,19 2 11 2 35,0,15,,57188,3,0,19 2 11 2 35,0,15,,57168,3,0,19 2 11 2 35,0,15,,57186,3,0,19 2 11 2 35,0,55,,57142,3,,,0,30,,57143,3,,,0,15,,57151,3,,,0,55,,57149,3,,,0,30,,57146,3,,,0,70,,57147,3,,,0,30,,57141,3,,,0,70,,57144,3,,,0,30,,57140,3,,,0,70,,57145,3,,,0,33,,57150,3,,,0
601019,'1910',612,,57208,3,,,0,30,,57226,3,,,0,70,,57207,3,,,0,30,,57225,3,,,0,70,,57206,3,,,0,30,,57224,3,,,0,70,,57205,3,,,0,30,,57223,3,,,0,70,,57203,3,,,0,30,,57221,3,,,0,70,,57204,3,,,0,30,,57222,3,,,0,70,,57202,3,,,0,30,,57220,3,,,0,70,,57193,3,,,0,30,,57219,3,,,0,70,,57201,3,,,0,30,,57218,3,,,0,70,,57199,3,,,0,30,,57217,3,,,0,70,,57194,3,,,0,30,,57215,3,,,0,70,,57196,3,,,0,30,,57216,3,,,0,70,,57200,3,,,0,30,,57214,3,,,0,70,,57195,3,,,0,30,,57213,3,,,0,70,,57198,3,,,0,30,,57212,3,,,0,70,,57197,3,,,0,30,,57211,3,,,0,70,,57192,3,,,0,30,,57210,3,,,0
601019,'1911',612,,57243,3,,,0,30,,57261,3,,,0,70,,57242,3,,,0,30,,57260,3,,,0,70,,57241,3,,,0,30,,57259,3,,,0,70,,57240,3,,,0,30,,57258,3,,,0,70,,57238,3,,,0,30,,57257,3,,,0,70,,57239,3,,,0,30,,57256,3,,,0,70,,57237,3,,,0,30,,57255,3,,,0,70,,57233,3,,,0,30,,57254,3,,,0,70,,57236,3,,,0,30,,57253,3,,,0,70,,57234,3,,,0,30,,57252,3,,,0,70,,57232,3,,,0,30,,57251,3,,,0,70,,57235,3,,,0,30,,57250,3,,,0,70,,57229,3,,,0,30,,57249,3,,,0,70,,57230,3,,,0,30,,57248,3,,,0,70,,57231,3,,,0,30,,57247,3,,,0,70,,57228,3,,,0,30,,57246,3,,,0,70,,57227,3,,,0,30,,57245,3,,,0
601019,'1912',2242,,57262,3,,,0
