31019,'1907',615,,55859,26,,,0,90,,55842,38,,,0,100,,55843,38,,,0,101,,55844,38,,,0,100,,55845,38,,,0,100,,55846,38,,,0,101,,55847,38,,,0,100,,55848,38,,,0,100,,55849,38,,,0,100,,55850,38,,,0,100,,55851,38,,,0,100,,55852,38,,,0,100,,55853,38,,,0,100,,55854,38,,,0,99,,55855,38,,,0,100,,55856,38,,,0,99,,55857,38,,,0,99,,55858,38,,,0
31019,'1909',614,,55896,26,,,0,26,,55891,26,,,0,66,,55861,38,,,0,34,,55876,38,,,0,70,,55889,38,,,0,30,,55872,38,,,0,70,,55869,38,,,0,29,,55883,38,,,0,70,,55864,38,,,0,30,,55877,38,,,0,70,,55888,38,,,0,30,,55875,38,,,0,70,,55870,38,,,0,30,,55882,38,,,0,70,,55863,38,,,0,30,,55878,38,,,0,70,,55887,38,,,0,30,,55873,38,,,0,71,,55867,38,,,0,33,,55881,38,,,0,70,,55865,38,,,0,30,,55879,38,,,0,68,,55886,38,,,0,27,,55874,38,,,0,69,,55868,38,,,0,30,,55880,38,,,0,70,,55862,38,,,0,30,,55897,38,,,0,68,,55885,38,,,0,100,,55871,38,,,0,100,,55866,38,,,0,100,,55884,38,,,0
31019,'1910',614,,55933,26,,,0,26,,55926,26,,,0,64,,55903,38,,,0,30,,55919,38,,,0,70,,55932,38,,,0,30,,55915,38,,,0,71,,55909,38,,,0,31,,55925,38,,,0,70,,55902,38,,,0,30,,55918,38,,,0,70,,55927,38,,,0,30,,55914,38,,,0,70,,55908,38,,,0,32,,55924,38,,,0,70,,55901,38,,,0,30,,55917,38,,,0,70,,55930,38,,,0,30,,55913,38,,,0,70,,55907,38,,,0,30,,55923,38,,,0,70,,55900,38,,,0,30,,55916,38,,,0,70,,55929,38,,,0,30,,55912,38,,,0,69,,55906,38,,,0,30,,55922,38,,,0,70,,55899,38,,,0,28,,55934,38,,,0,70,,55928,38,,,0,100,,55905,38,,,0,100,,55898,38,,,0,100,,55931,38,,,0
31019,'1911',615,,55952,26,,,0,90,,55935,38,,,0,100,,55936,38,,,0,101,,55937,38,,,0,100,,55938,38,,,0,100,,55939,38,,,0,101,,55940,38,,,0,100,,55941,38,,,0,100,,55942,38,,,0,100,,55943,38,,,0,100,,55944,38,,,0,100,,55945,38,,,0,100,,55946,38,,,0,100,,55947,38,,,0,99,,55948,38,,,0,100,,55949,38,,,0,99,,55950,38,,,0,99,,55951,38,,,0
31019,'1912',615,,55971,26,,,0,90,,55954,38,,,0,100,,55955,38,,,0,101,,55956,38,,,0,100,,55957,38,,,0,100,,55958,38,,,0,101,,55959,38,,,0,100,,55960,38,,,0,100,,55961,38,,,0,100,,55962,38,,,0,100,,55963,38,,,0,100,,55964,38,,,0,100,,55965,38,,,0,100,,55966,38,,,0,99,,55967,38,,,0,100,,55968,38,,,0,99,,55969,38,,,0,99,,55970,38,,,0
501029,'1907',631,,56369,3,,,0,70,,56380,3,,,0,30,,56368,3,,,0,70,,56379,3,,,0,30,,56367,3,,,0,70,,56382,3,,,0,30,,56370,3,,,0,75,,56378,3,,,0,15,,56398,3,,,0,15,,56359,3,,,0,15,,56402,3,,,0,56,,56371,3,,,0,15,,56404,3,,,0,15,,56360,3,,,0,15,,56391,3,,,0,55,,56372,3,,,0,15,,56394,3,,,0,15,,56354,3,,,0,15,,56397,3,,,0,55,,56377,3,,,0,15,,56400,3,,,0,15,,56355,3,,,0,15,,56405,3,,,0,55,,56376,3,,,0,15,,56390,3,,,0,15,,56357,3,,,0,15,,56393,3,,,0,55,,56374,3,,,0,15,,56396,3,,,0,15,,56353,3,,,0,15,,56401,3,,,0,55,,56373,3,,,0,15,,56403,3,,,0,15,,56358,3,,,0,15,,56389,3,,,0,55,,56375,3,,,0,15,,56392,3,,,0,15,,56356,3,,,0,15,,56395,3,,,0,55,,56385,3,,,0,30,,56366,3,,,0,71,,56388,3,,,0,15,,56399,3,,,0,10,,56365,3,,,0,69,,56384,3,,,0,29,,56364,3,,,0,70,,56386,3,,,0,30,,56363,3,,,0,70,,56387,3,,,0,30,,56362,3,,,0,70,,56383,3,,,0,26,,56361,3,,,0
501029,'1909',536,,56408,3,,,0,96,,56409,3,,,0,10,,56475,3,,,0,10,,56410,3,,,0,50,,56411,3,,,0,20,,56412,3,,,0,15,,56413,3,,,0,17,,56414,3,,,0,52,,56415,3,,,0,13,,56416,3,,,0,5,,56474,3,,,0,5,,56417,3,,,0,11,,56418,3,,,0,15,,56419,3,,,0,52,,56420,3,,,0,15,,56421,3,,,0,15,,56422,3,,,0,15,,56423,3,,,0,55,,56424,3,,,0,15,,56425,3,,,0,15,,56426,3,,,0,15,,56427,3,,,0,55,,56428,3,,,0,15,,56429,3,,,0,15,,56430,3,,,0,15,,56431,3,,,0,55,,56432,3,,,0,15,,56433,3,,,0,15,,56434,3,,,0,15,,56435,3,,,0,55,,56436,3,,,0,15,,56437,3,,,0,15,,56438,3,,,0,15,,56439,3,,,0,56,,56440,3,,,0,15,,56441,3,,,0,15,,56406,3,,,0,15,,56407,3,,,0,52,,56442,3,,,0,6,,56473,3,,,0,6,,56443,3,,,0,12,,56444,3,,,0,12,,56445,3,,,0,12,,56446,3,,,0,52,,56447,3,,,0,6,,56476,3,,,0,6,,56448,3,,,0,12,,56449,3,,,0,12,,56450,3,,,0,11,,56451,3,,,0,52,,56452,3,,,0,12,,56453,3,,,0,12,,56454,3,,,0,12,,56455,3,,,0,12,,56456,3,,,0,52,,56457,3,,,0,12,,56458,3,,,0,12,,56459,3,,,0,12,,56460,3,,,0,12,,56461,3,,,0,55,,56462,3,,,0,15,,56463,3,,,0,15,,56464,3,,,0,70,,56465,3,,,0,30,,56466,3,,,0,70,,56467,3,,,0,25,,56468,3,,,0,70,,56469,3,,,0,30,,56470,3,,,0,70,,56471,3,,,0,27,,56472,3,,,0
501029,'1910',631,,56489,3,,,0,75,,56494,3,,,0,15,,56529,3,,,0,15,,56488,3,,,0,70,,56495,3,,,0,30,,56487,3,,,0,70,,56493,3,,,0,30,,56486,3,,,0,15,,56479,3,,,0,55,,56492,3,,,0,15,,56491,3,,,0,16,,56504,3,,,0,15,,56513,3,,,0,55,,56530,3,,,0,15,,56522,3,,,0,15,,56505,3,,,0,15,,56514,3,,,0,56,,56531,3,,,0,15,,56523,3,,,0,15,,56506,3,,,0,15,,56515,3,,,0,55,,56532,3,,,0,15,,56524,3,,,0,15,,56507,3,,,0,15,,56516,3,,,0,55,,56533,3,,,0,15,,56525,3,,,0,15,,56508,3,,,0,15,,56517,3,,,0,55,,56534,3,,,0,15,,56526,3,,,0,15,,56509,3,,,0,15,,56518,3,,,0,55,,56535,3,,,0,15,,56527,3,,,0,15,,56510,3,,,0,15,,56519,3,,,0,55,,56512,3,,,0,15,,56528,3,,,0,15,,56511,3,,,0,15,,56520,3,,,0,55,,56501,3,,,0,15,,56503,3,,,0,15,,56485,3,,,0,15,,56521,3,,,0,54,,56502,3,,,0,15,,56537,3,,,0,15,,56484,3,,,0,69,,56499,3,,,0,25,,56483,3,,,0,70,,56500,3,,,0,30,,56482,3,,,0,70,,56498,3,,,0,30,,56481,3,,,0,70,,56497,3,,,0,27,,56480,3,,,0
501029,'1911',631,,56555,3,,,0,70,,56566,3,,,0,30,,56554,3,,,0,70,,56565,3,,,0,30,,56553,3,,,0,70,,56568,3,,,0,30,,56556,3,,,0,75,,56564,3,,,0,15,,56584,3,,,0,15,,56545,3,,,0,15,,56588,3,,,0,56,,56557,3,,,0,15,,56590,3,,,0,15,,56546,3,,,0,15,,56577,3,,,0,55,,56558,3,,,0,15,,56580,3,,,0,15,,56540,3,,,0,15,,56583,3,,,0,55,,56563,3,,,0,15,,56586,3,,,0,15,,56541,3,,,0,15,,56591,3,,,0,55,,56562,3,,,0,15,,56576,3,,,0,15,,56543,3,,,0,15,,56579,3,,,0,55,,56560,3,,,0,15,,56582,3,,,0,15,,56539,3,,,0,15,,56587,3,,,0,55,,56559,3,,,0,15,,56589,3,,,0,15,,56544,3,,,0,15,,56575,3,,,0,55,,56561,3,,,0,15,,56578,3,,,0,15,,56542,3,,,0,15,,56581,3,,,0,55,,56571,3,,,0,30,,56552,3,,,0,71,,56574,3,,,0,15,,56585,3,,,0,10,,56551,3,,,0,69,,56570,3,,,0,29,,56550,3,,,0,70,,56572,3,,,0,30,,56549,3,,,0,70,,56573,3,,,0,30,,56548,3,,,0,70,,56569,3,,,0,26,,56547,3,,,0
501029,'1912',631,,56609,3,,,0,70,,56620,3,,,0,30,,56608,3,,,0,70,,56619,3,,,0,30,,56607,3,,,0,70,,56622,3,,,0,30,,56610,3,,,0,75,,56618,3,,,0,15,,56638,3,,,0,15,,56599,3,,,0,15,,56642,3,,,0,56,,56611,3,,,0,15,,56644,3,,,0,15,,56600,3,,,0,15,,56631,3,,,0,55,,56612,3,,,0,15,,56634,3,,,0,15,,56594,3,,,0,15,,56637,3,,,0,55,,56617,3,,,0,15,,56640,3,,,0,15,,56595,3,,,0,15,,56645,3,,,0,55,,56616,3,,,0,15,,56630,3,,,0,15,,56597,3,,,0,15,,56633,3,,,0,55,,56614,3,,,0,15,,56636,3,,,0,15,,56593,3,,,0,15,,56641,3,,,0,55,,56613,3,,,0,15,,56643,3,,,0,15,,56598,3,,,0,15,,56629,3,,,0,55,,56615,3,,,0,15,,56632,3,,,0,15,,56596,3,,,0,15,,56635,3,,,0,55,,56625,3,,,0,30,,56606,3,,,0,71,,56628,3,,,0,15,,56639,3,,,0,10,,56605,3,,,0,69,,56624,3,,,0,29,,56604,3,,,0,70,,56626,3,,,0,30,,56603,3,,,0,70,,56627,3,,,0,30,,56602,3,,,0,70,,56623,3,,,0,26,,56601,3,,,0
