11019,'1907',905,,54715,13,,,0,100,,54716,13,,,0,100,,54717,13,,,0,101,,54718,13,,,0,100,,54719,13,,,0,100,,54720,13,,,0,100,,54721,13,,,0,99,,54722,13,,,0,100,,54723,13,,,0,100,,54724,13,,,0,100,,54725,13,,,0,100,,54727,13,,,0
11019,'1909',706,,54728,13,,,0,100,,54729,13,,,0,101,,54730,13,,,0,100,,54731,13,,,0,100,,54732,13,,,0,100,,54733,13,,,0,100,,54734,13,,,0,100,,54735,13,,,0,100,,54736,13,,,0,100,,54737,13,,,0,100,,54738,13,,,0,100,,54739,13,,,0,99,,54740,13,,,0,100,,54741,13,,,0,100,,54742,13,,,0
11019,'1910',706,,54746,13,,,0,100,,54747,13,,,0,100,,54748,13,,,0,100,,54749,13,,,0,100,,54750,13,,,0,100,,54751,13,,,0,100,,54752,13,,,0,100,,54753,13,,,0,100,,54754,13,,,0,100,,54755,13,,,0,100,,54756,13,,,0,100,,54757,13,,,0,100,,54744,13,,,0,100,,54745,13,,,0
11019,'1911',905,,54759,13,,,0,100,,54760,13,,,0,100,,54761,13,,,0,101,,54762,13,,,0,100,,54763,13,,,0,100,,54764,13,,,0,100,,54765,13,,,0,99,,54766,13,,,0,100,,54767,13,,,0,100,,54768,13,,,0,100,,54769,13,,,0,100,,54771,13,,,0
11019,'1912',905,,54772,13,,,0,100,,54773,13,,,0,100,,54774,13,,,0,101,,54775,13,,,0,100,,54776,13,,,0,100,,54777,13,,,0,100,,54778,13,,,0,99,,54779,13,,,0,100,,54780,13,,,0,100,,54781,13,,,0,100,,54782,13,,,0,100,,54784,13,,,0
32019,'1907',553,,55990,4,,,0,96,,55973,34,,,0,100,,55974,34,,,0,100,,55975,34,,,0,100,,55976,34,,,0,100,,55977,34,,,0,100,,55978,34,,,0,100,,55979,34,,,0,100,,55980,34,,,0,100,,55981,34,,,0,100,,55982,34,,,0,100,,55983,34,,,0,100,,55984,34,,,0,100,,55985,34,,,0,100,,55986,34,,,0,100,,55987,34,,,0,100,,55988,34,,,0,100,,55989,34,,,0
32019,'1909',433,,56028,4,,,0,88,,56029,4,,,0,30,,56027,4,,,0,68,,56025,4,,,0,32,,56000,34,,,0,69,,56016,34,,,0,30,,55995,34,,,0,70,,56011,34,,,0,30,,56021,34,,,0,70,,56005,34,,,0,29,,56003,34,,,0,70,,56015,34,,,0,30,,55993,34,,,0,70,,56009,34,,,0,30,,56020,34,,,0,70,,56007,34,,,0,30,,56002,34,,,0,70,,56014,34,,,0,30,,55996,34,,,0,70,,56008,34,,,0,31,,56019,34,,,0,70,,56006,34,,,0,30,,55999,34,,,0,70,,56013,34,,,0,30,,55992,34,,,0,70,,56010,34,,,0,28,,56018,34,,,0,71,,56004,34,,,0,30,,56001,34,,,0,70,,56012,34,,,0,30,,55997,34,,,0,70,,56022,4,,,0,30,,56017,34,,,0,70,,56024,4,,,0,30,,55998,34,,,0,70,,56023,4,,,0,30,,55994,34,,,0
32019,'1910',523,,56066,4,,,0,30,,56065,4,,,0,70,,56048,4,,,0,26,,56041,34,,,0,70,,56058,34,,,0,30,,56035,34,,,0,70,,56052,34,,,0,30,,56059,34,,,0,70,,56047,34,,,0,30,,56040,34,,,0,70,,56057,34,,,0,30,,56034,34,,,0,70,,56051,34,,,0,30,,56062,34,,,0,70,,56046,34,,,0,30,,56039,34,,,0,70,,56056,34,,,0,30,,56033,34,,,0,70,,56050,34,,,0,30,,56061,34,,,0,70,,56045,34,,,0,30,,56038,34,,,0,70,,56055,34,,,0,30,,56032,34,,,0,70,,56049,34,,,0,30,,56063,34,,,0,70,,56044,34,,,0,30,,56037,34,,,0,70,,56053,34,,,0,30,,56031,34,,,0,70,,56043,4,,,0,30,,56060,34,,,0,70,,56054,4,,,0,30,,56036,34,,,0,70,,56042,4,,,0,30,,56030,34,,,0
32019,'1911',553,,56084,4,,,0,96,,56067,34,,,0,100,,56068,34,,,0,100,,56069,34,,,0,100,,56070,34,,,0,100,,56071,34,,,0,100,,56072,34,,,0,100,,56073,34,,,0,100,,56074,34,,,0,100,,56075,34,,,0,100,,56076,34,,,0,100,,56077,34,,,0,100,,56078,34,,,0,100,,56079,34,,,0,100,,56080,34,,,0,100,,56081,34,,,0,100,,56082,34,,,0,100,,56083,34,,,0
32019,'1912',553,,56103,4,,,0,96,,56086,34,,,0,100,,56087,34,,,0,100,,56088,34,,,0,100,,56089,34,,,0,100,,56090,34,,,0,100,,56091,34,,,0,100,,56092,34,,,0,100,,56093,34,,,0,100,,56094,34,,,0,100,,56095,34,,,0,100,,56096,34,,,0,100,,56097,34,,,0,100,,56098,34,,,0,100,,56099,34,,,0,100,,56100,34,,,0,100,,56101,34,,,0,100,,56102,34,,,0
