2019,'1907',707,,59137,33,,,0,30,,59114,33,,,0,70,,59118,33,,,0,30,,59130,33,,,0,72,,59125,33,,,0,30,,59115,33,,,0,70,,59119,33,,,0,30,,59131,33,,,0,70,,59126,33,,,0,30,,59116,33,,,0,70,,59120,33,,,0,30,,59132,33,,,0,70,,59127,33,,,0,30,,59117,33,,,0,70,,59121,33,,,0,30,,59133,33,,,0,70,,59128,33,,,0,30,,59112,33,,,0,70,,59122,33,,,0,30,,59134,33,,,0,70,,59129,33,,,0,30,,59110,33,,,0,70,,59123,33,,,0,30,,59135,33,,,0,100,,59111,33,,,0,99,,59136,33,,,0,100,,59113,33,,,0,100,,59124,33,,,0,99,,59138,33,,,0
2019,'1909',502,,59170,24,0,5 2 13 14,0,136,,59139,33,,,0,70,,59140,33,,,0,30,,59141,33,,,0,70,,59142,33,,,0,31,,59143,33,,,0,71,,59144,33,,,0,31,,59161,33,,,0,70,,59162,33,,,0,30,,59163,33,,,0,70,,59164,33,,,0,30,,59165,33,,,0,70,,59166,33,,,0,30,,59167,33,,,0,70,,59168,33,,,0,30,,59169,33,,,0,70,,59159,33,,,0,32,,59160,33,,,0,71,,59145,33,,,0,30,,59146,33,,,0,70,,59147,33,,,0,30,,59148,33,,,0,70,,59149,33,,,0,29,,59150,33,,,0,69,,59151,33,,,0,30,,59152,33,,,0,70,,59158,33,,,0,30,,59153,33,,,0,97,,59154,33,,,0,100,,59155,33,,,0,100,,59156,33,,,0,100,,59157,33,,,0
2019,'1910',637,,59171,24,,,0,70,,59178,33,,,0,30,,59187,33,,,0,70,,59194,33,,,0,30,,59172,33,,,0,70,,59179,33,,,0,30,,59188,33,,,0,71,,59195,33,,,0,31,,59173,33,,,0,70,,59180,33,,,0,30,,59189,33,,,0,70,,59196,33,,,0,30,,59174,33,,,0,70,,59181,33,,,0,30,,59190,33,,,0,70,,59197,33,,,0,30,,59175,33,,,0,70,,59182,33,,,0,30,,59191,33,,,0,70,,59198,33,,,0,30,,59176,33,,,0,70,,59183,33,,,0,30,,59192,33,,,0,70,,59199,33,,,0,30,,59177,33,,,0,70,,59184,33,,,0,30,,59193,33,,,0,99,,59185,33,,,0,100,,59200,33,,,0,100,,59186,33,,,0,100,,59201,33,,,0
2019,'1912',707,,59229,33,,,0,30,,59206,33,,,0,70,,59210,33,,,0,30,,59222,33,,,0,72,,59217,33,,,0,30,,59207,33,,,0,70,,59211,33,,,0,30,,59223,33,,,0,70,,59218,33,,,0,30,,59208,33,,,0,70,,59212,33,,,0,30,,59224,33,,,0,70,,59219,33,,,0,30,,59209,33,,,0,70,,59213,33,,,0,30,,59225,33,,,0,70,,59220,33,,,0,30,,59204,33,,,0,70,,59214,33,,,0,30,,59226,33,,,0,70,,59221,33,,,0,30,,59202,33,,,0,70,,59215,33,,,0,30,,59227,33,,,0,100,,59203,33,,,0,99,,59228,33,,,0,100,,59205,33,,,0,100,,59216,33,,,0,99,,59230,33,,,0
2019,'1924',707,,59258,33,,,0,30,,59235,33,,,0,70,,59239,33,,,0,30,,59251,33,,,0,72,,59246,33,,,0,30,,59236,33,,,0,70,,59240,33,,,0,30,,59252,33,,,0,70,,59247,33,,,0,30,,59237,33,,,0,70,,59241,33,,,0,30,,59253,33,,,0,70,,59248,33,,,0,30,,59238,33,,,0,70,,59242,33,,,0,30,,59254,33,,,0,70,,59249,33,,,0,30,,59233,33,,,0,70,,59243,33,,,0,30,,59255,33,,,0,70,,59250,33,,,0,30,,59231,33,,,0,70,,59244,33,,,0,30,,59256,33,,,0,100,,59232,33,,,0,99,,59257,33,,,0,100,,59234,33,,,0,100,,59245,33,,,0,99,,59259,33,,,0
2019,'1925',707,,59287,33,,,0,30,,59264,33,,,0,70,,59268,33,,,0,30,,59280,33,,,0,72,,59275,33,,,0,30,,59265,33,,,0,70,,59269,33,,,0,30,,59281,33,,,0,70,,59276,33,,,0,30,,59266,33,,,0,70,,59270,33,,,0,30,,59282,33,,,0,70,,59277,33,,,0,30,,59267,33,,,0,70,,59271,33,,,0,30,,59283,33,,,0,70,,59278,33,,,0,30,,59262,33,,,0,70,,59272,33,,,0,30,,59284,33,,,0,70,,59279,33,,,0,30,,59260,33,,,0,70,,59273,33,,,0,30,,59285,33,,,0,100,,59261,33,,,0,99,,59286,33,,,0,100,,59263,33,,,0,100,,59274,33,,,0,99,,59288,33,,,0
14000001019,'1907',2428,,61782,40,,,0,30,,61781,40,,,0,70,,61780,40,,,0,30,,61783,40,,,0,70,,61784,40,,,0
14000001019,'1909',2428,,61788,40,,,0,30,,61785,40,,,0,70,,61786,40,,,0,30,,61787,40,,,0,70,,61789,40,,,0
14000001019,'1910',2428,,61793,40,,,0,30,,61790,40,,,0,70,,61792,40,,,0,30,,61791,40,,,0,70,,61794,40,,,0
14000001019,'1912',2428,,61797,40,,,0,30,,61796,40,,,0,70,,61795,40,,,0,30,,61798,40,,,0,70,,61799,40,,,0
14000001019,'1924',2428,,61802,40,,,0,30,,61801,40,,,0,70,,61800,40,,,0,30,,61803,40,,,0,70,,61804,40,,,0
14000001019,'1925',2428,,61807,40,,,0,30,,61806,40,,,0,70,,61805,40,,,0,30,,61808,40,,,0,70,,61809,40,,,0
