10019,'1907',736,,54449,7,,,0,70,,54450,7,,,0,30,,54451,7,,,0,70,,54452,7,,,0,30,,54453,7,,,0,70,,54454,7,,,0,30,,54455,7,,,0,70,,54456,7,,,0,30,,54457,7,,,0,71,,54458,7,,,0,30,,54459,7,,,0,70,,59947,7,,,0,30,,54461,7,,,0,70,,54462,7,,,0,30,,54463,7,,,0,70,,54464,7,,,0,30,,54465,7,,,0,70,,54466,7,,,0,30,,59948,7,,,0,70,,54468,7,,,0,30,,54469,7,,,0,69,,54470,7,,,0,30,,54471,7,,,0,70,,54472,7,,,0
10019,'1909',536,,59949,7,,,0,70,,54474,7,,,0,30,,59950,7,,,0,71,,54476,7,,,0,30,,59951,7,,,0,70,,54478,7,,,0,30,,54479,7,,,0,70,,54480,7,,,0,30,,54481,7,,,0,70,,54482,7,,,0,30,,54483,7,,,0,70,,59952,7,,,0,30,,54485,7,,,0,70,,54486,7,,,0,30,,54487,7,,,0,70,,54488,7,,,0,30,,54489,7,,,0,70,,59953,7,,,0,31,,59954,7,,,0,70,,59955,7,,,0,30,,59956,7,,,0,70,,59957,7,,,0,30,,59958,7,,,0,70,,59959,7,,,0,28,,59960,7,,,0,70,,59961,7,,,0,30,,54499,7,,,0,70,,59962,7,,,0,30,,54501,7,,,0,69,,54502,7,,,0,30,,54503,7,,,0,70,,54504,7,,,0,100,,54505,7,,,0
10019,'1910',636,,54506,7,,,0,70,,54507,7,,,0,30,,59963,7,,,0,70,,59964,7,,,0,30,,54510,7,,,0,70,,54511,7,,,0,30,,59965,7,,,0,71,,54513,7,,,0,30,,54514,7,,,0,70,,54515,7,,,0,30,,54516,7,,,0,70,,54517,7,,,0,30,,54518,7,,,0,70,,54519,7,,,0,30,,54520,7,,,0,70,,54521,7,,,0,30,,54522,7,,,0,70,,54523,7,,,0,30,,54524,7,,,0,70,,54525,7,,,0,30,,59966,7,,,0,70,,54527,7,,,0,30,,54528,7,,,0,70,,59967,7,,,0,30,,54530,7,,,0,69,,54531,7,,,0,100,,54532,7,,,0,100,,54533,7,,,0
10019,'1912',736,,54558,7,,,0,70,,54559,7,,,0,30,,54560,7,,,0,70,,54561,7,,,0,30,,54562,7,,,0,70,,54563,7,,,0,30,,54564,7,,,0,70,,54565,7,,,0,30,,54566,7,,,0,71,,54567,7,,,0,30,,54568,7,,,0,70,,59968,7,,,0,30,,54570,7,,,0,70,,54571,7,,,0,30,,54572,7,,,0,70,,54573,7,,,0,30,,54574,7,,,0,70,,54575,7,,,0,30,,59969,7,,,0,70,,54577,7,,,0,30,,54578,7,,,0,69,,54579,7,,,0,30,,54580,7,,,0,70,,54581,7,,,0
10019,'1924',736,,54534,7,,,0,70,,54535,7,,,0,30,,54536,7,,,0,70,,54537,7,,,0,30,,54538,7,,,0,70,,54539,7,,,0,30,,54540,7,,,0,70,,54541,7,,,0,30,,54542,7,,,0,71,,54543,7,,,0,30,,54544,7,,,0,70,,59970,7,,,0,30,,54546,7,,,0,70,,54547,7,,,0,30,,54548,7,,,0,70,,54549,7,,,0,30,,54550,7,,,0,70,,54551,7,,,0,30,,59971,7,,,0,70,,54553,7,,,0,30,,54554,7,,,0,69,,54555,7,,,0,30,,54556,7,,,0,70,,54557,7,,,0
10019,'1925',736,,59972,7,,,0,70,,59973,7,,,0,30,,59974,7,,,0,70,,59975,7,,,0,30,,59976,7,,,0,70,,59977,7,,,0,30,,59978,7,,,0,70,,59979,7,,,0,30,,59980,7,,,0,71,,59981,7,,,0,30,,59982,7,,,0,70,,59983,7,,,0,30,,59984,7,,,0,70,,59985,7,,,0,30,,59986,7,,,0,70,,59987,7,,,0,30,,59988,7,,,0,70,,59989,7,,,0,30,,59990,7,,,0,70,,59991,7,,,0,30,,59992,7,,,0,69,,59993,7,,,0,30,,59994,7,,,0,70,,59995,7,,,0
15019,'1907',717,,60228,17,,,0,100,,60226,17,,,0,100,,60229,17,,,0,101,,60227,17,,,0,100,,60224,17,,,0,100,,60222,17,,,0,101,,60225,17,,,0,100,,60223,17,,,0,100,,60220,17,,,0,100,,60221,17,,,0,100,,60218,17,,,0,100,,60219,17,,,0,100,,60217,17,,,0,98,,55095,17,,,0
15019,'1909',642,,55096,17,,,0,70,,60230,17,,,0,32,,55098,17,,,0,70,,55099,17,,,0,30,,55100,17,,,0,70,,55101,17,,,0,30,,60231,17,,,0,70,,60232,17,,,0,30,,60233,17,,,0,70,,55105,17,,,0,30,,60234,17,,,0,70,,60235,17,,,0,30,,55108,17,,,0,70,,55109,17,,,0,30,,55110,17,,,0,70,,55111,17,,,0,31,,55112,17,,,0,70,,55113,17,,,0,30,,55114,17,,,0,70,,60236,17,,,0,29,,55116,17,,,0,70,,55117,17,,,0,30,,55118,17,,,0,70,,60237,17,,,0,30,,55120,17,,,0,70,,55126,17,,,0,30,,55121,17,,,0,98,,60238,17,,,0,100,,55125,17,,,0,100,,55123,17,0,5 2 6 7,0
15019,'1910',717,,60239,17,,,0,100,,55128,17,,,0,100,,55129,17,,,0,101,,60240,17,,,0,100,,55131,17,,,0,100,,55132,17,,,0,102,,60241,17,,,0,100,,60242,17,,,0,100,,55135,17,,,0,100,,55136,17,,,0,100,,55137,17,,,0,98,,55138,17,,,0,100,,55139,17,,,0,99,,60243,17,,,0
15019,'1912',717,,60255,17,,,0,100,,60253,17,,,0,100,,60256,17,,,0,101,,60254,17,,,0,100,,60251,17,,,0,100,,60249,17,,,0,101,,60252,17,,,0,100,,60250,17,,,0,100,,60247,17,,,0,100,,60248,17,,,0,100,,60245,17,,,0,100,,60246,17,,,0,100,,60244,17,,,0,98,,55169,17,,,0
15019,'1924',717,,60268,17,,,0,100,,60266,17,,,0,100,,60269,17,,,0,101,,60267,17,,,0,100,,60264,17,,,0,100,,60262,17,,,0,101,,60265,17,,,0,100,,60263,17,,,0,100,,60260,17,,,0,100,,60261,17,,,0,100,,60258,17,,,0,100,,60259,17,,,0,100,,60257,17,,,0,98,,55155,17,,,0
15019,'1925',717,,60281,17,,,0,100,,60279,17,,,0,100,,60282,17,,,0,101,,60280,17,,,0,100,,60277,17,,,0,100,,60275,17,,,0,101,,60278,17,,,0,100,,60276,17,,,0,100,,60273,17,,,0,100,,60274,17,,,0,100,,60271,17,,,0,100,,60272,17,,,0,100,,60270,17,,,0,98,,60283,17,,,0
