1019,'1907',618,,58824,20,,,0,100,,58825,20,,,0,101,,58826,20,,,0,100,,58827,20,,,0,100,,58828,20,,,0,100,,58829,20,,,0,100,,58830,20,,,0,100,,58831,20,,,0,100,,58832,20,,,0,100,,58833,20,,,0,100,,58834,20,,,0,100,,58835,20,,,0,100,,58836,20,,,0,100,,58837,20,,,0,100,,58838,20,,,0,100,,58839,20,,,0,103,,58840,20,,,0,95,,58841,20,,,0
1019,'1909',548,,58877,20,,,0,75,,58873,20,,,0,30,,58849,20,,,0,73,,58844,20,,,0,30,,58862,20,,,0,70,,58846,20,,,0,30,,58851,20,,,0,71,,58876,20,,,0,30,,58848,20,,,0,70,,58842,20,,,0,30,,58861,20,,,0,70,,58847,20,,,0,30,,58852,20,,,0,70,,58872,20,,,0,30,,58850,20,,,0,70,,58843,20,,,0,30,,58874,20,,,0,70,,58845,20,,,0,30,,58853,20,,,0,70,,58871,20,,,0,30,,58864,20,,,0,70,,58856,20,,,0,30,,58854,20,,,0,70,,58857,20,,,0,29,,58859,20,,,0,70,,58858,20,,,0,30,,58855,20,,,0,65,,58875,20,,,0,30,,58869,20,,,0,68,,58870,20,,,0,30,,58868,20,,,0,70,,58867,20,,,0,30,,58866,20,,,0,70,,58865,20,,,0,30,,58863,20,,,0,70,,58860,20,,,0
1019,'1910',549,,58913,20,,,0,70,,58902,20,,,0,30,,58888,20,,,0,70,,58907,20,,,0,30,,58897,20,,,0,70,,58882,20,,,0,30,,58903,20,,,0,70,,58905,20,,,0,30,,58887,20,,,0,70,,58908,20,,,0,30,,58896,20,,,0,70,,58881,20,,,0,30,,58891,20,,,0,70,,58901,20,,,0,30,,58886,20,,,0,70,,58909,20,,,0,30,,58895,20,,,0,70,,58880,20,,,0,30,,58890,20,,,0,70,,58900,20,,,0,30,,58885,20,,,0,70,,58910,20,,,0,30,,58894,20,,,0,70,,58879,20,,,0,30,,58889,20,,,0,70,,58899,20,,,0,30,,58883,20,,,0,70,,58911,20,,,0,30,,58892,20,,,0,70,,58878,20,,,0,30,,58884,20,,,0,70,,58898,20,,,0,34,,58893,20,,,0,70,,58912,20,,,0,30,,58906,20,,,0,65,,58904,20,,,0
1019,'1912',618,,58914,20,,,0,100,,58915,20,,,0,101,,58916,20,,,0,100,,58917,20,,,0,100,,58918,20,,,0,100,,58919,20,,,0,100,,58920,20,,,0,100,,58921,20,,,0,100,,58922,20,,,0,100,,58923,20,,,0,100,,58924,20,,,0,100,,58925,20,,,0,100,,58926,20,,,0,100,,58927,20,,,0,100,,58928,20,,,0,100,,58929,20,,,0,103,,58930,20,,,0,95,,58931,20,,,0
1019,'1924',618,,58932,20,,,0,100,,58933,20,,,0,101,,58934,20,,,0,100,,58935,20,,,0,100,,58936,20,,,0,100,,58937,20,,,0,100,,58938,20,,,0,100,,58939,20,,,0,100,,58940,20,,,0,100,,58941,20,,,0,100,,58942,20,,,0,100,,58943,20,,,0,100,,58944,20,,,0,100,,58945,20,,,0,100,,58946,20,,,0,100,,58947,20,,,0,103,,58948,20,,,0,95,,58949,20,,,0
1019,'1925',618,,58950,20,,,0,100,,58951,20,,,0,101,,58952,20,,,0,100,,58953,20,,,0,100,,58954,20,,,0,100,,58955,20,,,0,100,,58956,20,,,0,100,,58957,20,,,0,100,,58958,20,,,0,100,,58959,20,,,0,100,,58960,20,,,0,100,,58961,20,,,0,100,,58962,20,,,0,100,,58963,20,,,0,100,,58964,20,,,0,100,,58965,20,,,0,103,,58966,20,,,0,95,,58967,20,,,0
32019,'1907',634,,60692,20,,,0,95,,60693,20,,,0,100,,60694,20,,,0,100,,60695,20,,,0,100,,60696,20,,,0,101,,60697,20,,,0,102,,60698,20,,,0,100,,60699,20,,,0,100,,60700,20,,,0,100,,60701,20,,,0,100,,60702,20,,,0,100,,60703,20,,,0,98,,60704,20,,,0,100,,60705,20,,,0,100,,60706,20,,,0,100,,60707,20,,,0,100,,60708,20,,,0,95,,60710,20,0,5 2 8 7,0
32019,'1909',634,,60719,20,,,0,66,,60735,20,,,0,32,,60714,20,,,0,71,,60730,20,,,0,30,,60740,20,,,0,70,,60724,20,,,0,29,,60722,20,,,0,70,,60734,20,,,0,30,,60712,20,,,0,70,,60728,20,,,0,30,,60739,20,,,0,70,,60726,20,,,0,30,,60721,20,,,0,70,,60733,20,,,0,30,,60715,20,,,0,70,,60727,20,,,0,27,,60738,20,,,0,30,,60725,20,,,0,70,,60718,20,,,0,30,,60732,20,,,0,70,,60711,20,,,0,30,,60729,20,,,0,72,,60737,20,,,0,71,,60723,20,,,0,30,,60720,20,,,0,70,,60731,20,,,0,30,,60716,20,,,0,99,,60736,20,,,0,100,,60717,20,,,0,100,,60713,20,,,0,95,,60745,20,0,5 2 8 7,0
32019,'1910',633,,60760,20,,,0,25,,60777,20,,,0,70,,60754,20,,,0,30,,60771,20,,,0,70,,60778,20,,,0,72,,60766,20,,,0,30,,60759,20,,,0,70,,60776,20,,,0,30,,60753,20,,,0,70,,60770,20,,,0,30,,60781,20,,,0,70,,60765,20,,,0,30,,60758,20,,,0,71,,60775,20,,,0,30,,60752,20,,,0,70,,60769,20,,,0,30,,60780,20,,,0,70,,60764,20,,,0,30,,60757,20,,,0,70,,60774,20,,,0,30,,60751,20,,,0,70,,60768,20,,,0,30,,60782,20,,,0,70,,60763,20,,,0,30,,60756,20,,,0,69,,60772,20,,,0,30,,60750,20,,,0,100,,60779,20,,,0,98,,60755,20,,,0,100,,60749,20,,,0,100,,60783,20,0,5 2 8 7,0
32019,'1912',634,,60786,20,,,0,95,,60787,20,,,0,100,,60788,20,,,0,100,,60789,20,,,0,100,,60790,20,,,0,101,,60791,20,,,0,102,,60792,20,,,0,100,,60793,20,,,0,100,,60794,20,,,0,100,,60795,20,,,0,100,,60796,20,,,0,100,,60797,20,,,0,98,,60798,20,,,0,100,,60799,20,,,0,100,,60800,20,,,0,100,,60801,20,,,0,100,,60802,20,,,0,95,,60804,20,0,5 2 8 7,0
32019,'1924',634,,60805,20,,,0,95,,60806,20,,,0,100,,60807,20,,,0,100,,60808,20,,,0,100,,60809,20,,,0,101,,60810,20,,,0,102,,60811,20,,,0,100,,60812,20,,,0,100,,60813,20,,,0,100,,60814,20,,,0,100,,60815,20,,,0,100,,60816,20,,,0,98,,60817,20,,,0,100,,60818,20,,,0,100,,60819,20,,,0,100,,60820,20,,,0,100,,60821,20,,,0,95,,60823,20,0,5 2 8 7,0
32019,'1925',634,,60824,20,,,0,95,,60825,20,,,0,100,,60826,20,,,0,100,,60827,20,,,0,100,,60828,20,,,0,101,,60829,20,,,0,102,,60830,20,,,0,100,,60831,20,,,0,100,,60832,20,,,0,100,,60833,20,,,0,100,,60834,20,,,0,100,,60835,20,,,0,98,,60836,20,,,0,100,,60837,20,,,0,100,,60838,20,,,0,100,,60839,20,,,0,100,,60840,20,,,0,95,,60842,20,0,5 2 8 7,0
