11019,'1907',904,,54715,12,,,0,100,,54716,12,,,0,100,,54717,12,,,0,101,,54718,12,,,0,100,,54719,12,,,0,100,,54720,12,,,0,100,,54721,12,,,0,99,,54722,12,,,0,100,,54723,12,,,0,100,,54724,12,,,0,100,,54725,12,,,0,100,,54727,12,,,0
11019,'1909',705,,54728,12,,,0,100,,54729,12,,,0,100,,54730,12,,,0,100,,54731,12,,,0,100,,54732,12,,,0,100,,54733,12,,,0,100,,54734,12,,,0,100,,54735,12,,,0,100,,54736,12,,,0,100,,54737,12,,,0,100,,54738,12,,,0,100,,54739,12,,,0,100,,54740,12,,,0,100,,54741,12,,,0,100,,54742,12,,,0
11019,'1910',705,,54746,12,,,0,100,,54747,12,,,0,100,,54748,12,,,0,100,,54749,12,,,0,100,,54750,12,,,0,100,,54751,12,,,0,100,,54752,12,,,0,100,,54753,12,,,0,100,,54754,12,,,0,100,,54755,12,,,0,100,,54756,12,,,0,100,,54757,12,,,0,100,,54744,12,,,0,100,,54745,12,,,0
11019,'1911',904,,54759,12,,,0,100,,54760,12,,,0,100,,54761,12,,,0,101,,54762,12,,,0,100,,54763,12,,,0,100,,54764,12,,,0,100,,54765,12,,,0,99,,54766,12,,,0,100,,54767,12,,,0,100,,54768,12,,,0,100,,54769,12,,,0,100,,54771,12,,,0
11019,'1912',904,,54772,12,,,0,100,,54773,12,,,0,100,,54774,12,,,0,101,,54775,12,,,0,100,,54776,12,,,0,100,,54777,12,,,0,100,,54778,12,,,0,99,,54779,12,,,0,100,,54780,12,,,0,100,,54781,12,,,0,100,,54782,12,,,0,100,,54784,12,,,0
32019,'1907',551,,55990,3,,,0,96,,55973,33,,,0,100,,55974,33,,,0,100,,55975,33,,,0,100,,55976,33,,,0,100,,55977,33,,,0,101,,55978,33,,,0,100,,55979,33,,,0,100,,55980,33,,,0,100,,55981,33,,,0,100,,55982,33,,,0,100,,55983,33,,,0,100,,55984,33,,,0,99,,55985,33,,,0,100,,55986,33,,,0,100,,55987,33,,,0,100,,55988,33,,,0,100,,55989,33,,,0
32019,'1909',431,,56028,3,,,0,88,,56029,3,,,0,30,,56027,3,,,0,68,,56025,3,,,0,32,,56000,33,,,0,69,,56016,33,,,0,30,,55995,33,,,0,70,,56011,33,,,0,30,,56021,33,,,0,70,,56005,33,,,0,29,,56003,33,,,0,70,,56015,33,,,0,30,,55993,33,,,0,70,,56009,33,,,0,30,,56020,33,,,0,70,,56007,33,,,0,30,,56002,33,,,0,70,,56014,33,,,0,30,,55996,33,,,0,70,,56008,33,,,0,31,,56019,33,,,0,70,,56006,33,,,0,30,,55999,33,,,0,70,,56013,33,,,0,30,,55992,33,,,0,70,,56010,33,,,0,29,,56018,33,,,0,71,,56004,33,,,0,30,,56001,33,,,0,70,,56012,33,,,0,30,,55997,33,,,0,69,,56022,3,,,0,30,,56017,33,,,0,70,,56024,3,,,0,30,,55998,33,,,0,70,,56023,3,,,0,30,,55994,33,,,0
32019,'1910',521,,56066,3,,,0,30,,56065,3,,,0,70,,56048,3,,,0,26,,56041,33,,,0,70,,56058,33,,,0,30,,56035,33,,,0,70,,56052,33,,,0,30,,56059,33,,,0,70,,56047,33,,,0,30,,56040,33,,,0,71,,56057,33,,,0,30,,56034,33,,,0,70,,56051,33,,,0,30,,56062,33,,,0,70,,56046,33,,,0,30,,56039,33,,,0,70,,56056,33,,,0,30,,56033,33,,,0,70,,56050,33,,,0,30,,56061,33,,,0,70,,56045,33,,,0,30,,56038,33,,,0,70,,56055,33,,,0,30,,56032,33,,,0,70,,56049,33,,,0,30,,56063,33,,,0,70,,56044,33,,,0,29,,56037,33,,,0,70,,56053,33,,,0,30,,56031,33,,,0,70,,56043,3,,,0,30,,56060,33,,,0,70,,56054,3,,,0,30,,56036,33,,,0,70,,56042,3,,,0,30,,56030,33,,,0
32019,'1911',551,,56084,3,,,0,96,,56067,33,,,0,100,,56068,33,,,0,100,,56069,33,,,0,100,,56070,33,,,0,100,,56071,33,,,0,101,,56072,33,,,0,100,,56073,33,,,0,100,,56074,33,,,0,100,,56075,33,,,0,100,,56076,33,,,0,100,,56077,33,,,0,100,,56078,33,,,0,99,,56079,33,,,0,100,,56080,33,,,0,100,,56081,33,,,0,100,,56082,33,,,0,100,,56083,33,,,0
32019,'1912',551,,56103,3,,,0,96,,56086,33,,,0,100,,56087,33,,,0,100,,56088,33,,,0,100,,56089,33,,,0,100,,56090,33,,,0,101,,56091,33,,,0,100,,56092,33,,,0,100,,56093,33,,,0,100,,56094,33,,,0,100,,56095,33,,,0,100,,56096,33,,,0,100,,56097,33,,,0,99,,56098,33,,,0,100,,56099,33,,,0,100,,56100,33,,,0,100,,56101,33,,,0,100,,56102,33,,,0
701019,'1907',626,,57470,9,,,0,28,,57511,9,,,0,70,,57492,9,,,0,30,,57469,9,,,0,55,,57446,9,,,0,15,,57514,9,,,0,15,,57428,9,,,0,15,,57479,9,,,0,57,,57430,9,,,0,15,,57466,9,,,0,15,,57447,9,,,0,15,,57509,9,,,0,55,,57422,9,,,0,15,,57490,9,,,0,15,,57431,9,,,0,15,,57465,9,,,0,55,,57426,9,,,0,16,,57505,9,,,0,15,,57434,9,,,0,15,,57488,9,,,0,55,,57429,9,,,0,15,,57462,9,,,0,15,,57441,9,,,0,15,,57506,9,,,0,55,,57432,9,,,0,15,,57484,9,,,0,15,,57437,9,,,0,15,,57460,9,,,0,55,,57440,9,,,0,15,,57515,9,,,0,15,,57427,9,,,0,15,,57485,9,,,0,55,,57439,9,,,0,15,,57458,9,,,0,15,,57443,9,,,0,15,,57510,9,,,0,55,,57424,9,,,0,15,,57491,9,,,0,15,,57425,9,,,0,15,,57456,9,,,0,55,,57442,9,,,0,15,,57502,9,,,0,15,,57423,9,,,0,15,,57481,9,,,0,55,,57438,9,,,0,15,,57455,9,,,0,15,,57444,9,,,0,15,,57501,9,,,0,55,,57435,9,,,0,15,,57482,9,,,0,15,,57436,9,,,0,15,,57453,9,,,0,54,,57445,9,,,0,15,,57516,9,,,0,15,,57433,9,,,0,15,,57480,9,,,0,70,,57450,9,,,0,30,,57512,9,,,0,70,,57475,9,,,0,29,,57448,9,,,0,70,,57517,9,,,0,25,,57518,9,,,0,65,,57520,9,,,0
701019,'1909',606,,57521,9,,,0,30,,57522,9,,,0,18,,57523,9,,,0,57,,57524,9,,,0,15,,57525,9,,,0,15,,57526,9,,,0,15,,57527,9,,,0,55,,57528,9,,,0,15,,57529,9,,,0,15,,57530,9,,,0,15,,57531,9,,,0,56,,57532,9,,,0,15,,57533,9,,,0,15,,57534,9,,,0,15,,57628,9,,,0,55,,57535,9,,,0,15,,57536,9,,,0,15,,57537,9,,,0,15,,57538,9,,,0,55,,57539,9,,,0,15,,57540,9,,,0,15,,57541,9,,,0,15,,57542,9,,,0,55,,57543,9,,,0,15,,57544,9,,,0,15,,57545,9,,,0,15,,57546,9,,,0,55,,57547,9,,,0,15,,57548,9,,,0,15,,57549,9,,,0,15,,57550,9,,,0,55,,57551,9,,,0,15,,57552,9,,,0,17,,57553,9,,,0,15,,57554,9,,,0,55,,57620,9,,,0,15,,57555,9,,,0,15,,57556,9,,,0,15,,57557,9,,,0,55,,57558,9,,,0,15,,57623,9,,,0,15,,57559,9,,,0,15,,57560,9,,,0,55,,57561,9,,,0,15,,57562,9,,,0,13,,57563,9,,,0,15,,57564,9,,,0,55,,57565,9,,,0,15,,57566,9,,,0,15,,57567,9,,,0,15,,57568,9,,,0,55,,57569,9,,,0,15,,57570,9,,,0,15,,57571,9,,,0,15,,57572,9,,,0,53,,57573,9,,,0,15,,57574,9,,,0,15,,57575,9,,,0,15,,57576,9,,,0,70,,57577,9,,,0,30,,57578,9,,,0,70,,57579,9,,,0,30,,57580,9,,,0,70,,57581,9,,,0,25,,57582,9,,,0,65,,57583,9,,,0
701019,'1910',626,,57662,9,,,0,28,,57647,9,,,0,70,,57637,9,,,0,30,,57643,9,,,0,55,,57665,9,,,0,15,,57650,9,,,0,16,,57666,9,,,0,15,,57633,9,,,0,55,,57667,9,,,0,15,,57638,9,,,0,15,,57672,9,,,0,15,,57644,9,,,0,59,,57688,9,,,0,15,,57708,9,,,0,15,,57724,9,,,0,15,,57712,9,,,0,55,,57679,9,,,0,15,,57719,9,,,0,15,,57701,9,,,0,15,,57726,9,,,0,55,,57717,9,,,0,15,,57674,9,,,0,15,,57722,9,,,0,15,,57707,9,,,0,55,,57678,9,,,0,15,,57716,9,,,0,15,,57700,9,,,0,15,,57681,9,,,0,55,,57714,9,,,0,15,,57706,9,,,0,15,,57723,9,,,0,15,,57715,9,,,0,55,,57677,9,,,0,15,,57720,9,,,0,15,,57705,9,,,0,15,,57697,9,,,0,55,,57718,9,,,0,15,,57725,9,,,0,15,,57728,9,,,0,15,,57676,9,,,0,55,,57696,9,,,0,15,,57703,9,,,0,15,,57694,9,,,0,15,,57689,9,,,0,55,,57692,9,,,0,15,,57698,9,,,0,15,,57687,9,,,0,15,,57680,9,,,0,52,,57663,9,,,0,15,,57693,9,,,0,15,,57668,9,,,0,15,,57645,9,,,0,55,,57669,9,,,0,15,,57651,9,,,0,15,,57670,9,,,0,15,,57634,9,,,0,69,,57639,9,,,0,30,,57646,9,,,0,70,,57652,9,,,0,30,,57659,9,,,0,70,,57661,9,,,0,25,,57671,9,,,0,65,,57664,9,,,0
701019,'1911',626,,57778,9,,,0,28,,57819,9,,,0,70,,57800,9,,,0,30,,57777,9,,,0,55,,57754,9,,,0,15,,57822,9,,,0,15,,57736,9,,,0,15,,57787,9,,,0,57,,57738,9,,,0,15,,57774,9,,,0,15,,57755,9,,,0,15,,57817,9,,,0,55,,57730,9,,,0,15,,57798,9,,,0,15,,57739,9,,,0,15,,57773,9,,,0,55,,57734,9,,,0,16,,57813,9,,,0,15,,57742,9,,,0,15,,57796,9,,,0,55,,57737,9,,,0,15,,57770,9,,,0,15,,57749,9,,,0,15,,57814,9,,,0,55,,57740,9,,,0,15,,57792,9,,,0,15,,57745,9,,,0,15,,57768,9,,,0,55,,57748,9,,,0,15,,57823,9,,,0,15,,57735,9,,,0,15,,57793,9,,,0,55,,57747,9,,,0,15,,57766,9,,,0,15,,57751,9,,,0,15,,57818,9,,,0,55,,57732,9,,,0,15,,57799,9,,,0,15,,57733,9,,,0,15,,57764,9,,,0,55,,57750,9,,,0,15,,57810,9,,,0,15,,57731,9,,,0,15,,57789,9,,,0,55,,57746,9,,,0,15,,57763,9,,,0,15,,57752,9,,,0,15,,57809,9,,,0,55,,57743,9,,,0,15,,57790,9,,,0,15,,57744,9,,,0,15,,57761,9,,,0,54,,57753,9,,,0,15,,57824,9,,,0,15,,57741,9,,,0,15,,57788,9,,,0,70,,57758,9,,,0,30,,57820,9,,,0,70,,57783,9,,,0,29,,57756,9,,,0,70,,57825,9,,,0,25,,57826,9,,,0,65,,57828,9,,,0
701019,'1912',626,,57877,9,,,0,28,,57918,9,,,0,70,,57899,9,,,0,30,,57876,9,,,0,55,,57853,9,,,0,15,,57921,9,,,0,15,,57835,9,,,0,15,,57886,9,,,0,57,,57837,9,,,0,15,,57873,9,,,0,15,,57854,9,,,0,15,,57916,9,,,0,55,,57829,9,,,0,15,,57897,9,,,0,15,,57838,9,,,0,15,,57872,9,,,0,55,,57833,9,,,0,16,,57912,9,,,0,15,,57841,9,,,0,15,,57895,9,,,0,55,,57836,9,,,0,15,,57869,9,,,0,15,,57848,9,,,0,15,,57913,9,,,0,55,,57839,9,,,0,15,,57891,9,,,0,15,,57844,9,,,0,15,,57867,9,,,0,55,,57847,9,,,0,15,,57922,9,,,0,15,,57834,9,,,0,15,,57892,9,,,0,55,,57846,9,,,0,15,,57865,9,,,0,15,,57850,9,,,0,15,,57917,9,,,0,55,,57831,9,,,0,15,,57898,9,,,0,15,,57832,9,,,0,15,,57863,9,,,0,55,,57849,9,,,0,15,,57909,9,,,0,15,,57830,9,,,0,15,,57888,9,,,0,55,,57845,9,,,0,15,,57862,9,,,0,15,,57851,9,,,0,15,,57908,9,,,0,55,,57842,9,,,0,15,,57889,9,,,0,15,,57843,9,,,0,15,,57860,9,,,0,54,,57852,9,,,0,15,,57923,9,,,0,15,,57840,9,,,0,15,,57887,9,,,0,70,,57857,9,,,0,30,,57919,9,,,0,70,,57882,9,,,0,29,,57855,9,,,0,70,,57924,9,,,0,25,,57925,9,,,0,65,,57927,9,,,0
