609,'1907',835,,53892,5,0,5 2 6 7,0,100,,53893,5,0,5 2 6 7,0,100,,53894,5,0,5 2 6 7,0,100,,53895,5,0,5 2 6 7,0,101,,53896,5,0,5 2 6 7,0,100,,53897,5,0,5 2 6 7,0,100,,53898,5,0,5 2 6 7,0,100,,53899,5,0,5 2 6 7,0,100,,53900,5,0,5 2 6 7,0,100,,53901,5,0,5 2 6 7,0,99,,53902,5,0,5 2 6 7,0,100,,53903,5,0,5 2 6 7,0
609,'1909',615,,53961,5,0,15 16 17,0,35,,53915,5,0,15 16 17,0,71,,53912,5,0,15 16 17,0,30,,53925,5,0,15 16 17,0,70,,53927,5,0,15 16 17,0,30,,53937,5,0,15 16 17,0,70,,53960,5,0,15 16 17,0,30,,53924,5,0,15 16 17,0,70,,53933,5,0,15 16 17,0,30,,53934,5,0,15 16 17,0,70,,53932,5,0,15 16 17,0,30,,53956,5,0,15 16 17,0,70,,53955,5,0,15 16 17,0,30,,53952,5,0,15 16 17,0,70,,53953,5,0,15 16 17,0,30,,53954,5,0,15 16 17,0,70,,53951,5,0,15 16 17,0,30,,53949,5,0,15 16 17,0,70,,53950,5,0,15 16 17,0,30,,53948,5,0,15 16 17,0,70,,53946,5,0,15 16 17,0,30,,53945,5,0,15 16 17,0,70,,53947,5,0,15 16 17,0,29,,53944,5,0,15 16 17,0,65,,53943,5,0,15 16 17,0,30,,53942,5,0,15 16 17,0,90,,53940,5,0,15 16 17,0,100,,53941,5,0,15 16 17,0,100,,53939,5,0,15 16 17,0,100,,53963,5,0,15 16 17,0
609,'1910',606,,54020,5,0,15 16 17,0,30,,53999,5,0,15 16 17,0,70,,53987,5,0,15 16 17,0,30,,54013,5,0,15 16 17,0,70,,53986,5,0,15 16 17,0,30,,53998,5,0,15 16 17,0,70,,53985,5,0,15 16 17,0,28,,54012,5,0,15 16 17,0,70,,53984,5,0,15 16 17,0,30,,53997,5,0,15 16 17,0,72,,53983,5,0,15 16 17,0,30,,54011,5,0,15 16 17,0,70,,53982,5,0,15 16 17,0,30,,53996,5,0,15 16 17,0,70,,53981,5,0,15 16 17,0,30,,54010,5,0,15 16 17,0,70,,53980,5,0,15 16 17,0,30,,53995,5,0,15 16 17,0,70,,53979,5,0,15 16 17,0,30,,54009,5,0,15 16 17,0,70,,53978,5,0,15 16 17,0,30,,53994,5,0,15 16 17,0,70,,53977,5,0,15 16 17,0,30,,54016,5,0,15 16 17,0,70,,54000,5,0,15 16 17,0,30,,54014,5,0,15 16 17,0,68,,54017,5,0,5 2 6 7,0,100,,54008,5,0,5 2 6 7,0,100,,54021,5,0,5 2 6 7,0
609,'1911',835,,54047,5,0,5 2 6 7,0,100,,54048,5,0,5 2 6 7,0,100,,54049,5,0,5 2 6 7,0,100,,54050,5,0,5 2 6 7,0,101,,54051,5,0,5 2 6 7,0,100,,54052,5,0,5 2 6 7,0,100,,54053,5,0,5 2 6 7,0,100,,54054,5,0,5 2 6 7,0,100,,54055,5,0,5 2 6 7,0,100,,54056,5,0,5 2 6 7,0,99,,54057,5,0,5 2 6 7,0,100,,54058,5,0,5 2 6 7,0
609,'1912',835,,54083,5,0,5 2 6 7,0,100,,54084,5,0,5 2 6 7,0,100,,54085,5,0,5 2 6 7,0,100,,54086,5,0,5 2 6 7,0,101,,54087,5,0,5 2 6 7,0,100,,54088,5,0,5 2 6 7,0,100,,54089,5,0,5 2 6 7,0,100,,54090,5,0,5 2 6 7,0,100,,54091,5,0,5 2 6 7,0,100,,54092,5,0,5 2 6 7,0,99,,54093,5,0,5 2 6 7,0,100,,54094,5,0,5 2 6 7,0
15019,'1907',716,,55093,16,,,0,100,,55091,16,,,0,100,,55094,16,,,0,101,,55092,16,,,0,100,,55089,16,,,0,100,,55087,16,,,0,101,,55090,16,,,0,100,,55088,16,,,0,100,,55085,16,,,0,100,,55086,16,,,0,100,,55083,16,,,0,100,,55084,16,,,0,100,,55082,16,,,0,98,,55095,16,,,0
15019,'1909',641,,55096,16,,,0,70,,55097,16,,,0,32,,55098,16,,,0,70,,55099,16,,,0,30,,55100,16,,,0,70,,55101,16,,,0,30,,55102,16,,,0,70,,55103,16,,,0,30,,55104,16,,,0,70,,55105,16,,,0,30,,55106,16,,,0,70,,55107,16,,,0,30,,55108,16,,,0,70,,55109,16,,,0,30,,55110,16,,,0,70,,55111,16,,,0,31,,55112,16,,,0,70,,55113,16,,,0,30,,55114,16,,,0,70,,55115,16,,,0,29,,55116,16,,,0,70,,55117,16,,,0,30,,55118,16,,,0,70,,55119,16,,,0,30,,55120,16,,,0,70,,55126,16,,,0,30,,55121,16,,,0,98,,55122,16,,,0,100,,55125,16,,,0,100,,55123,16,0,5 2 6 7,0
15019,'1910',716,,55127,16,,,0,100,,55128,16,,,0,100,,55129,16,,,0,101,,55130,16,,,0,100,,55131,16,,,0,100,,55132,16,,,0,102,,55133,16,,,0,100,,55134,16,,,0,100,,55135,16,,,0,100,,55136,16,,,0,100,,55137,16,,,0,98,,55138,16,,,0,100,,55139,16,,,0,99,,55140,16,,,0
15019,'1911',716,,55153,16,,,0,100,,55151,16,,,0,100,,55154,16,,,0,101,,55152,16,,,0,100,,55149,16,,,0,100,,55147,16,,,0,101,,55150,16,,,0,100,,55148,16,,,0,100,,55145,16,,,0,100,,55146,16,,,0,100,,55143,16,,,0,100,,55144,16,,,0,100,,55142,16,,,0,98,,55155,16,,,0
15019,'1912',716,,55167,16,,,0,100,,55165,16,,,0,100,,55168,16,,,0,101,,55166,16,,,0,100,,55163,16,,,0,100,,55161,16,,,0,101,,55164,16,,,0,100,,55162,16,,,0,100,,55159,16,,,0,100,,55160,16,,,0,100,,55157,16,,,0,100,,55158,16,,,0,100,,55156,16,,,0,98,,55169,16,,,0
