1019,'1907',619,,58824,22,,,0,100,,58825,22,,,0,101,,58826,22,,,0,100,,58827,22,,,0,100,,58828,22,,,0,100,,58829,22,,,0,100,,58830,22,,,0,100,,58831,22,,,0,100,,58832,22,,,0,100,,58833,22,,,0,100,,58834,22,,,0,100,,58835,22,,,0,100,,58836,22,,,0,100,,58837,22,,,0,100,,58838,22,,,0,100,,58839,22,,,0,104,,58840,22,,,0,95,,58841,22,,,0
1019,'1909',549,,58877,22,,,0,75,,58873,22,,,0,30,,58849,22,,,0,73,,58844,22,,,0,30,,58862,22,,,0,70,,58846,22,,,0,30,,58851,22,,,0,72,,58876,22,,,0,30,,58848,22,,,0,70,,58842,22,,,0,30,,58861,22,,,0,70,,58847,22,,,0,30,,58852,22,,,0,70,,58872,22,,,0,30,,58850,22,,,0,70,,58843,22,,,0,30,,58874,22,,,0,70,,58845,22,,,0,30,,58853,22,,,0,70,,58871,22,,,0,30,,58864,22,,,0,70,,58856,22,,,0,30,,58854,22,,,0,70,,58857,22,,,0,28,,58859,22,,,0,70,,58858,22,,,0,30,,58855,22,,,0,65,,58875,22,,,0,30,,58869,22,,,0,68,,58870,22,,,0,30,,58868,22,,,0,70,,58867,22,,,0,30,,58866,22,,,0,70,,58865,22,,,0,30,,58863,22,,,0,70,,58860,22,,,0
1019,'1910',550,,58913,22,,,0,70,,58902,22,,,0,30,,58888,22,,,0,70,,58907,22,,,0,30,,58897,22,,,0,70,,58882,22,,,0,30,,58903,22,,,0,70,,58905,22,,,0,30,,58887,22,,,0,70,,58908,22,,,0,30,,58896,22,,,0,70,,58881,22,,,0,30,,58891,22,,,0,70,,58901,22,,,0,30,,58886,22,,,0,70,,58909,22,,,0,30,,58895,22,,,0,70,,58880,22,,,0,30,,58890,22,,,0,70,,58900,22,,,0,30,,58885,22,,,0,70,,58910,22,,,0,30,,58894,22,,,0,70,,58879,22,,,0,30,,58889,22,,,0,70,,58899,22,,,0,30,,58883,22,,,0,70,,58911,22,,,0,30,,58892,22,,,0,70,,58878,22,,,0,30,,58884,22,,,0,70,,58898,22,,,0,34,,58893,22,,,0,70,,58912,22,,,0,30,,58906,22,,,0,65,,58904,22,,,0
1019,'1912',619,,58914,22,,,0,100,,58915,22,,,0,101,,58916,22,,,0,100,,58917,22,,,0,100,,58918,22,,,0,100,,58919,22,,,0,100,,58920,22,,,0,100,,58921,22,,,0,100,,58922,22,,,0,100,,58923,22,,,0,100,,58924,22,,,0,100,,58925,22,,,0,100,,58926,22,,,0,100,,58927,22,,,0,100,,58928,22,,,0,100,,58929,22,,,0,104,,58930,22,,,0,95,,58931,22,,,0
1019,'1924',619,,58932,22,,,0,100,,58933,22,,,0,101,,58934,22,,,0,100,,58935,22,,,0,100,,58936,22,,,0,100,,58937,22,,,0,100,,58938,22,,,0,100,,58939,22,,,0,100,,58940,22,,,0,100,,58941,22,,,0,100,,58942,22,,,0,100,,58943,22,,,0,100,,58944,22,,,0,100,,58945,22,,,0,100,,58946,22,,,0,100,,58947,22,,,0,104,,58948,22,,,0,95,,58949,22,,,0
1019,'1925',619,,58950,22,,,0,100,,58951,22,,,0,101,,58952,22,,,0,100,,58953,22,,,0,100,,58954,22,,,0,100,,58955,22,,,0,100,,58956,22,,,0,100,,58957,22,,,0,100,,58958,22,,,0,100,,58959,22,,,0,100,,58960,22,,,0,100,,58961,22,,,0,100,,58962,22,,,0,100,,58963,22,,,0,100,,58964,22,,,0,100,,58965,22,,,0,104,,58966,22,,,0,95,,58967,22,,,0
32019,'1907',636,,60692,22,,,0,95,,60693,22,,,0,100,,60694,22,,,0,100,,60695,22,,,0,100,,60696,22,,,0,101,,60697,22,,,0,102,,60698,22,,,0,100,,60699,22,,,0,100,,60700,22,,,0,100,,60701,22,,,0,100,,60702,22,,,0,100,,60703,22,,,0,97,,60704,22,,,0,100,,60705,22,,,0,100,,60706,22,,,0,100,,60707,22,,,0,100,,60708,22,,,0,95,,60710,22,0,5 2 8 7,0
32019,'1909',636,,60719,22,,,0,66,,60735,22,,,0,31,,60714,22,,,0,71,,60730,22,,,0,30,,60740,22,,,0,70,,60724,22,,,0,29,,60722,22,,,0,70,,60734,22,,,0,30,,60712,22,,,0,70,,60728,22,,,0,30,,60739,22,,,0,70,,60726,22,,,0,30,,60721,22,,,0,70,,60733,22,,,0,30,,60715,22,,,0,70,,60727,22,,,0,28,,60738,22,,,0,70,,60725,22,,,0,30,,60718,22,,,0,70,,60732,22,,,0,30,,60711,22,,,0,70,,60729,22,,,0,32,,60737,22,,,0,71,,60723,22,,,0,29,,60720,22,,,0,70,,60731,22,,,0,30,,60716,22,,,0,99,,60736,22,,,0,100,,60717,22,,,0,100,,60713,22,,,0,95,,60745,22,0,5 2 8 7,0
32019,'1910',635,,60760,22,,,0,65,,60777,22,,,0,30,,60754,22,,,0,70,,60771,22,,,0,30,,60778,22,,,0,71,,60766,22,,,0,30,,60759,22,,,0,70,,60776,22,,,0,30,,60753,22,,,0,70,,60770,22,,,0,30,,60781,22,,,0,71,,60765,22,,,0,30,,60758,22,,,0,71,,60775,22,,,0,30,,60752,22,,,0,70,,60769,22,,,0,30,,60780,22,,,0,70,,60764,22,,,0,30,,60757,22,,,0,70,,60774,22,,,0,30,,60751,22,,,0,70,,60768,22,,,0,30,,60782,22,,,0,70,,60763,22,,,0,30,,60756,22,,,0,68,,60772,22,,,0,30,,60750,22,,,0,100,,60779,22,,,0,99,,60755,22,,,0,100,,60749,22,,,0,100,,60783,22,0,5 2 8 7,0
32019,'1912',636,,60786,22,,,0,95,,60787,22,,,0,100,,60788,22,,,0,100,,60789,22,,,0,100,,60790,22,,,0,101,,60791,22,,,0,102,,60792,22,,,0,100,,60793,22,,,0,100,,60794,22,,,0,100,,60795,22,,,0,100,,60796,22,,,0,100,,60797,22,,,0,97,,60798,22,,,0,100,,60799,22,,,0,100,,60800,22,,,0,100,,60801,22,,,0,100,,60802,22,,,0,95,,60804,22,0,5 2 8 7,0
32019,'1924',636,,60805,22,,,0,95,,60806,22,,,0,100,,60807,22,,,0,100,,60808,22,,,0,100,,60809,22,,,0,101,,60810,22,,,0,102,,60811,22,,,0,100,,60812,22,,,0,100,,60813,22,,,0,100,,60814,22,,,0,100,,60815,22,,,0,100,,60816,22,,,0,97,,60817,22,,,0,100,,60818,22,,,0,100,,60819,22,,,0,100,,60820,22,,,0,100,,60821,22,,,0,95,,60823,22,0,5 2 8 7,0
32019,'1925',636,,60824,22,,,0,95,,60825,22,,,0,100,,60826,22,,,0,100,,60827,22,,,0,100,,60828,22,,,0,101,,60829,22,,,0,102,,60830,22,,,0,100,,60831,22,,,0,100,,60832,22,,,0,100,,60833,22,,,0,100,,60834,22,,,0,100,,60835,22,,,0,97,,60836,22,,,0,100,,60837,22,,,0,100,,60838,22,,,0,100,,60839,22,,,0,100,,60840,22,,,0,95,,60842,22,0,5 2 8 7,0
802019,'1907',832,,58586,3,,,0,70,,58584,3,,,0,30,,58585,3,,,0,70,,58589,3,,,0,30,,58575,3,,,0,70,,58581,3,,,0,30,,58580,3,,,0,70,,58565,3,,,0,30,,58579,3,,,0,70,,58573,3,,,0,30,,58574,3,,,0,70,,58591,3,,,0,30,,58587,3,,,0,70,,58577,3,,,0,30,,58572,3,,,0,70,,58588,3,,,0,30,,58578,3,,,0,70,,58566,3,,,0,30,,58567,3,,,0,70,,58582,3,,,0,30,,58576,3,,,0,70,,58571,3,,,0,30,,58569,3,,,0,70,,58583,3,,,0,30,,58570,3,,,0,70,,58568,3,,,0,30,,58590,3,,,0
802019,'1909',607,,61742,3,,,0,45,,58623,3,,,0,70,,58621,3,,,0,20,,58625,3,,,0,60,,58592,3,,,0,30,,58620,3,,,0,70,,58593,3,,,0,28,,61727,3,,,0,70,,58595,3,,,0,30,,58596,3,,,0,70,,61728,3,,,0,30,,61729,3,,,0,70,,58599,3,,,0,30,,58600,3,,,0,70,,61730,3,,,0,30,,58602,3,,,0,70,,58603,3,,,0,33,,61731,3,,,0,70,,61732,3,,,0,20,,58606,3,,,0,20,,61733,3,,,0,60,,58622,3,,,0,20,,58608,3,,,0,20,,58609,3,,,0,60,,61734,3,,,0,19,,61735,3,,,0,20,,61741,3,,,0,60,,61736,3,,,0,20,,61743,3,,,0,20,,58613,3,,,0,60,,61737,3,,,0,30,,61738,3,,,0,70,,58616,3,,,0,25,,61739,3,,,0,30,,61740,3,,,0,70,,58619,3,,,0
802019,'1910',832,,58651,3,,,0,70,,58649,3,,,0,30,,58653,3,,,0,70,,58654,3,,,0,30,,58638,3,,,0,70,,58642,3,,,0,30,,58629,3,,,0,70,,58640,3,,,0,30,,58643,3,,,0,70,,58641,3,,,0,30,,61744,3,,,0,70,,58645,3,,,0,30,,58639,3,,,0,70,,58637,3,,,0,30,,58633,3,,,0,70,,58635,3,,,0,30,,58630,3,,,0,70,,58636,3,,,0,30,,58634,3,,,0,70,,58631,3,,,0,30,,58632,3,,,0,70,,58644,3,,,0,30,,58648,3,,,0,70,,61746,3,,,0,30,,58650,3,,,0,70,,58646,3,,,0,30,,61745,3,,,0
802019,'1912',832,,58703,3,,,0,70,,58701,3,,,0,30,,58702,3,,,0,70,,58706,3,,,0,30,,58692,3,,,0,70,,58698,3,,,0,30,,58697,3,,,0,70,,58682,3,,,0,30,,58696,3,,,0,70,,58690,3,,,0,30,,58691,3,,,0,70,,58708,3,,,0,30,,58704,3,,,0,70,,58694,3,,,0,30,,58689,3,,,0,70,,58705,3,,,0,30,,58695,3,,,0,70,,58683,3,,,0,30,,58684,3,,,0,70,,58699,3,,,0,30,,58693,3,,,0,70,,58688,3,,,0,30,,58686,3,,,0,70,,58700,3,,,0,30,,58687,3,,,0,70,,58685,3,,,0,30,,58707,3,,,0
802019,'1924',832,,58676,3,,,0,70,,58674,3,,,0,30,,58675,3,,,0,70,,58679,3,,,0,30,,58665,3,,,0,70,,58671,3,,,0,30,,58670,3,,,0,70,,58655,3,,,0,30,,58669,3,,,0,70,,58663,3,,,0,30,,58664,3,,,0,70,,58681,3,,,0,30,,58677,3,,,0,70,,58667,3,,,0,30,,58662,3,,,0,70,,58678,3,,,0,30,,58668,3,,,0,70,,58656,3,,,0,30,,58657,3,,,0,70,,58672,3,,,0,30,,58666,3,,,0,70,,58661,3,,,0,30,,58659,3,,,0,70,,58673,3,,,0,30,,58660,3,,,0,70,,58658,3,,,0,30,,58680,3,,,0
802019,'1925',832,,61768,3,,,0,70,,61766,3,,,0,30,,61767,3,,,0,70,,61771,3,,,0,30,,61757,3,,,0,70,,61763,3,,,0,30,,61762,3,,,0,70,,61747,3,,,0,30,,61761,3,,,0,70,,61755,3,,,0,30,,61756,3,,,0,70,,61773,3,,,0,30,,61769,3,,,0,70,,61759,3,,,0,30,,61754,3,,,0,70,,61770,3,,,0,30,,61760,3,,,0,70,,61748,3,,,0,30,,61749,3,,,0,70,,61764,3,,,0,30,,61758,3,,,0,70,,61753,3,,,0,30,,61751,3,,,0,70,,61765,3,,,0,30,,61752,3,,,0,70,,61750,3,,,0,30,,61772,3,,,0
