4019,'1907',754,,53591,6,,,0,70,,53592,6,,,0,30,,53589,6,,,0,70,,53593,6,,,0,30,,53590,6,,,0,72,,53574,6,,,0,30,,53578,6,,,0,70,,53582,6,,,0,30,,53585,6,,,0,70,,53570,6,,,0,30,,53573,6,,,0,70,,53577,6,,,0,30,,53581,6,,,0,70,,53583,6,,,0,30,,59487,6,,,0,70,,53572,6,,,0,30,,53576,6,,,0,70,,53580,6,,,0,30,,53584,6,,,0,70,,53568,6,,,0,30,,53571,6,,,0,70,,53575,6,,,0,29,,53579,6,,,0,70,,53588,6,,,0,30,,53594,6,,,0,70,,53586,6,,,0,30,,53595,6,,,0,70,,53587,6,,,0
4019,'1909',624,,59491,6,,,0,30,,53628,6,,,0,72,,53603,6,,,0,27,,53604,6,,,0,76,,53605,6,,,0,24,,53606,6,,,0,76,,53607,6,,,0,27,,53608,6,,,0,70,,53609,6,,,0,30,,53610,6,,,0,70,,53611,6,,,0,32,,53612,6,,,0,70,,53613,6,,,0,30,,59492,6,,,0,70,,53615,6,,,0,30,,53616,6,,,0,70,,53617,6,,,0,73,,53618,6,,,0,30,,53619,6,,,0,71,,53620,6,,,0,24,,53621,6,,,0,76,,53622,6,,,0,22,,53623,6,,,0,76,,53624,6,,,0,21,,53625,6,,,0,35,,53626,6,,,0,70,,59493,6,,,0,30,,59488,6,,,0,70,,59489,6,,,0,30,,53598,6,,,0,69,,59490,6,,,0,30,,53600,6,,,0,70,,53601,6,,,0
4019,'1910',654,,59504,6,,,0,70,,59495,6,,,0,30,,53630,6,,,0,71,,59497,6,,,0,30,,59502,6,,,0,70,,53646,6,,,0,30,,53634,6,,,0,71,,53656,6,,,0,30,,53633,6,,,0,70,,53653,6,,,0,30,,53648,6,,,0,70,,53641,6,,,0,30,,53654,6,,,0,70,,53657,6,,,0,30,,53632,6,,,0,70,,53643,6,,,0,30,,53631,6,,,0,70,,53637,6,,,0,30,,53655,6,,,0,70,,53652,6,,,0,30,,53649,6,,,0,70,,53638,6,,,0,30,,53658,6,,,0,70,,59503,6,,,0,30,,53629,6,,,0,70,,53644,6,,,0,30,,59498,6,,,0,70,,59501,6,,,0,30,,59494,6,,,0,70,,59499,6,,,0,30,,59496,6,,,0,70,,59500,6,,,0
4019,'1912',754,,53712,6,,,0,70,,53713,6,,,0,30,,53710,6,,,0,70,,53714,6,,,0,30,,53711,6,,,0,72,,53695,6,,,0,30,,53699,6,,,0,70,,53703,6,,,0,30,,53706,6,,,0,70,,53691,6,,,0,30,,53694,6,,,0,70,,53698,6,,,0,30,,53702,6,,,0,70,,53704,6,,,0,30,,59505,6,,,0,70,,53693,6,,,0,30,,53697,6,,,0,70,,53701,6,,,0,30,,53705,6,,,0,70,,53689,6,,,0,30,,53692,6,,,0,70,,53696,6,,,0,29,,53700,6,,,0,70,,53709,6,,,0,30,,53715,6,,,0,70,,53707,6,,,0,30,,53716,6,,,0,70,,53708,6,,,0
4019,'1924',754,,53684,6,,,0,70,,53685,6,,,0,30,,53682,6,,,0,70,,53686,6,,,0,30,,53683,6,,,0,72,,53667,6,,,0,30,,53671,6,,,0,70,,53675,6,,,0,30,,53678,6,,,0,70,,53663,6,,,0,30,,53666,6,,,0,70,,53670,6,,,0,30,,53674,6,,,0,70,,53676,6,,,0,30,,59506,6,,,0,70,,53665,6,,,0,30,,53669,6,,,0,70,,53673,6,,,0,30,,53677,6,,,0,70,,53661,6,,,0,30,,53664,6,,,0,70,,53668,6,,,0,29,,53672,6,,,0,70,,53681,6,,,0,30,,53687,6,,,0,70,,53679,6,,,0,30,,53688,6,,,0,70,,53680,6,,,0
4019,'1925',754,,59530,6,,,0,70,,59531,6,,,0,30,,59528,6,,,0,70,,59532,6,,,0,30,,59529,6,,,0,72,,59513,6,,,0,30,,59517,6,,,0,70,,59521,6,,,0,30,,59524,6,,,0,70,,59509,6,,,0,30,,59512,6,,,0,70,,59516,6,,,0,30,,59520,6,,,0,70,,59522,6,,,0,30,,59508,6,,,0,70,,59511,6,,,0,30,,59515,6,,,0,70,,59519,6,,,0,30,,59523,6,,,0,70,,59507,6,,,0,30,,59510,6,,,0,70,,59514,6,,,0,29,,59518,6,,,0,70,,59527,6,,,0,30,,59533,6,,,0,70,,59525,6,,,0,30,,59534,6,,,0,70,,59526,6,,,0
16029,'1907',727,,55384,11,,,0,102,,55373,11,,,0,97,,55371,11,,,0,103,,55379,11,,,0,98,,55382,11,,,0,100,,55378,11,,,0,101,,55380,11,,,0,100,,55370,11,,,0,100,,55372,11,,,0,99,,55375,11,,,0,99,,55374,11,,,0,100,,55381,11,,,0,100,,55376,11,,,0,102,,55377,11,,,0,97,,55383,11,,,0
16029,'1909',558,,55417,11,,,0,70,,55385,11,,,0,73,,55386,11,,,0,36,,55387,11,,,0,71,,55388,11,,,0,32,,60389,11,,,0,70,,60390,11,,,0,29,,60391,11,,,0,67,,55392,11,,,0,30,,55393,11,,,0,70,,60392,11,,,0,30,,55395,11,,,0,70,,55396,11,,,0,30,,55397,11,,,0,70,,55398,11,,,0,30,,55399,11,,,0,71,,55400,11,,,0,32,,55401,11,,,0,71,,60393,11,,,0,29,,55403,11,,,0,72,,60394,11,,,0,30,,60395,11,,,0,69,,60396,11,,,0,28,,60397,11,,,0,69,,60398,11,,,0,30,,60404,11,,,0,67,,60399,11,,,0,30,,60400,11,,,0,70,,60401,11,,,0,24,,55412,11,,,0,29,,60402,11,,,0,70,,60403,11,,,0,27,,55415,11,,,0
16029,'1910',600,,55449,11,,,0,27,,55448,11,,,0,30,,55432,11,,,0,67,,55418,11,,,0,30,,55425,11,,,0,71,,55439,11,,,0,30,,55433,11,,,0,70,,55419,11,,,0,32,,55426,11,,,0,70,,55440,11,,,0,30,,55434,11,,,0,70,,55420,11,,,0,30,,55427,11,,,0,70,,55441,11,,,0,32,,55435,11,,,0,70,,55421,11,,,0,30,,55428,11,,,0,70,,55442,11,,,0,30,,55436,11,,,0,70,,55422,11,,,0,30,,55429,11,,,0,70,,55443,11,,,0,29,,55437,11,,,0,70,,55423,11,,,0,30,,55430,11,,,0,69,,55444,11,,,0,29,,55438,11,,,0,70,,55424,11,,,0,29,,55431,11,,,0,70,,55445,11,,,0,99,,55446,11,,,0,30,,55447,11,,,0
16029,'1912',727,,55479,11,,,0,102,,55468,11,,,0,97,,55466,11,,,0,103,,55474,11,,,0,98,,55477,11,,,0,100,,55473,11,,,0,101,,55475,11,,,0,100,,55465,11,,,0,100,,55467,11,,,0,99,,55470,11,,,0,99,,55469,11,,,0,100,,55476,11,,,0,100,,55471,11,,,0,102,,55472,11,,,0,97,,55478,11,,,0
16029,'1924',727,,55464,11,,,0,102,,55453,11,,,0,97,,55451,11,,,0,103,,55459,11,,,0,98,,55462,11,,,0,100,,55458,11,,,0,101,,55460,11,,,0,100,,55450,11,,,0,100,,55452,11,,,0,99,,55455,11,,,0,99,,55454,11,,,0,100,,55461,11,,,0,100,,55456,11,,,0,102,,55457,11,,,0,97,,55463,11,,,0
16029,'1925',727,,60419,11,,,0,102,,60408,11,,,0,97,,60406,11,,,0,103,,60414,11,,,0,98,,60417,11,,,0,100,,60413,11,,,0,101,,60415,11,,,0,100,,60405,11,,,0,100,,60407,11,,,0,99,,60410,11,,,0,99,,60409,11,,,0,100,,60416,11,,,0,100,,60411,11,,,0,102,,60412,11,,,0,97,,60418,11,,,0
32019,'1907',642,,60692,30,,,0,95,,60693,30,,,0,100,,60694,30,,,0,100,,60695,30,,,0,100,,60696,30,,,0,101,,60697,30,,,0,103,,60698,30,,,0,100,,60699,30,,,0,100,,60700,30,,,0,100,,60701,30,,,0,100,,60702,30,,,0,100,,60703,30,,,0,97,,60704,30,,,0,100,,60705,30,,,0,100,,60706,30,,,0,100,,60707,30,,,0,100,,60708,30,,,0,95,,60710,30,0,5 2 8 7,0
32019,'1909',642,,60719,30,,,0,66,,60735,30,,,0,34,,60714,30,,,0,71,,60730,30,,,0,30,,60740,30,,,0,69,,60724,30,,,0,29,,60722,30,,,0,70,,60734,30,,,0,30,,60712,30,,,0,70,,60728,30,,,0,30,,60739,30,,,0,70,,60726,30,,,0,30,,60721,30,,,0,70,,60733,30,,,0,30,,60715,30,,,0,70,,60727,30,,,0,30,,60738,30,,,0,70,,60725,30,,,0,30,,60718,30,,,0,70,,60732,30,,,0,30,,60711,30,,,0,70,,60729,30,,,0,30,,60737,30,,,0,71,,60723,30,,,0,28,,60720,30,,,0,70,,60731,30,,,0,30,,60716,30,,,0,99,,60736,30,,,0,100,,60717,30,,,0,100,,60713,30,,,0,95,,60745,30,0,5 2 8 7,0
32019,'1910',641,,60760,30,,,0,65,,60777,30,,,0,30,,60754,30,,,0,70,,60771,30,,,0,30,,60778,30,,,0,72,,60766,30,,,0,30,,60759,30,,,0,70,,60776,30,,,0,30,,60753,30,,,0,70,,60770,30,,,0,30,,60781,30,,,0,71,,60765,30,,,0,30,,60758,30,,,0,72,,60775,30,,,0,30,,60752,30,,,0,70,,60769,30,,,0,30,,60780,30,,,0,70,,60764,30,,,0,30,,60757,30,,,0,70,,60774,30,,,0,30,,60751,30,,,0,70,,60768,30,,,0,30,,60782,30,,,0,69,,60763,30,,,0,30,,60756,30,,,0,68,,60772,30,,,0,30,,60750,30,,,0,100,,60779,30,,,0,98,,60755,30,,,0,100,,60749,30,,,0,100,,60783,30,0,5 2 8 7,0
32019,'1912',642,,60786,30,,,0,95,,60787,30,,,0,100,,60788,30,,,0,100,,60789,30,,,0,100,,60790,30,,,0,101,,60791,30,,,0,103,,60792,30,,,0,100,,60793,30,,,0,100,,60794,30,,,0,100,,60795,30,,,0,100,,60796,30,,,0,100,,60797,30,,,0,97,,60798,30,,,0,100,,60799,30,,,0,100,,60800,30,,,0,100,,60801,30,,,0,100,,60802,30,,,0,95,,60804,30,0,5 2 8 7,0
32019,'1924',642,,60805,30,,,0,95,,60806,30,,,0,100,,60807,30,,,0,100,,60808,30,,,0,100,,60809,30,,,0,101,,60810,30,,,0,103,,60811,30,,,0,100,,60812,30,,,0,100,,60813,30,,,0,100,,60814,30,,,0,100,,60815,30,,,0,100,,60816,30,,,0,97,,60817,30,,,0,100,,60818,30,,,0,100,,60819,30,,,0,100,,60820,30,,,0,100,,60821,30,,,0,95,,60823,30,0,5 2 8 7,0
32019,'1925',642,,60824,30,,,0,95,,60825,30,,,0,100,,60826,30,,,0,100,,60827,30,,,0,100,,60828,30,,,0,101,,60829,30,,,0,103,,60830,30,,,0,100,,60831,30,,,0,100,,60832,30,,,0,100,,60833,30,,,0,100,,60834,30,,,0,100,,60835,30,,,0,97,,60836,30,,,0,100,,60837,30,,,0,100,,60838,30,,,0,100,,60839,30,,,0,100,,60840,30,,,0,95,,60842,30,0,5 2 8 7,0
