1019,'1907',604,,53000,6,,,0,100,,53001,6,,,0,100,,53002,6,,,0,100,,53003,6,,,0,100,,53004,6,,,0,100,,53005,6,,,0,100,,53006,6,,,0,100,,53007,6,,,0,100,,53008,6,,,0,100,,53009,6,,,0,100,,53010,6,,,0,100,,53011,6,,,0,100,,53012,6,,,0,100,,53013,6,,,0,100,,53014,6,,,0,100,,53015,6,,,0,100,,53016,6,,,0,100,,53017,6,,,0
1019,'1909',533,,53053,6,,,0,75,,53049,6,,,0,30,,53025,6,,,0,71,,53020,6,,,0,30,,53038,6,,,0,70,,53022,6,,,0,30,,53027,6,,,0,70,,53052,6,,,0,30,,53024,6,,,0,70,,53018,6,,,0,30,,53037,6,,,0,70,,53023,6,,,0,30,,53028,6,,,0,70,,53048,6,,,0,30,,53026,6,,,0,70,,53019,6,,,0,30,,53050,6,,,0,70,,53021,6,,,0,30,,53029,6,,,0,70,,53047,6,,,0,30,,53040,6,,,0,70,,53032,6,,,0,30,,53030,6,,,0,70,,53033,6,,,0,30,,53035,6,,,0,70,,53034,6,,,0,30,,53031,6,,,0,65,,53051,6,,,0,30,,53045,6,,,0,69,,53046,6,,,0,30,,53044,6,,,0,70,,53043,6,,,0,30,,53042,6,,,0,70,,53041,6,,,0,30,,53039,6,,,0,70,,53036,6,,,0
1019,'1910',533,,53089,6,,,0,70,,53078,6,,,0,30,,53064,6,,,0,70,,53083,6,,,0,30,,53073,6,,,0,70,,53058,6,,,0,30,,53079,6,,,0,70,,53081,6,,,0,30,,53063,6,,,0,71,,53084,6,,,0,30,,53072,6,,,0,70,,53057,6,,,0,30,,53067,6,,,0,70,,53077,6,,,0,30,,53062,6,,,0,70,,53085,6,,,0,30,,53071,6,,,0,70,,53056,6,,,0,30,,53066,6,,,0,70,,53076,6,,,0,30,,53061,6,,,0,70,,53086,6,,,0,30,,53070,6,,,0,70,,53055,6,,,0,30,,53065,6,,,0,70,,53075,6,,,0,30,,53059,6,,,0,70,,53087,6,,,0,30,,53068,6,,,0,70,,53054,6,,,0,30,,53060,6,,,0,70,,53074,6,,,0,30,,53069,6,,,0,70,,53088,6,,,0,30,,53082,6,,,0,70,,53080,6,,,0
1019,'1911',604,,53090,6,,,0,100,,53091,6,,,0,100,,53092,6,,,0,100,,53093,6,,,0,100,,53094,6,,,0,100,,53095,6,,,0,100,,53096,6,,,0,100,,53097,6,,,0,100,,53098,6,,,0,100,,53099,6,,,0,100,,53100,6,,,0,100,,53101,6,,,0,100,,53102,6,,,0,100,,53103,6,,,0,100,,53104,6,,,0,100,,53105,6,,,0,100,,53106,6,,,0,100,,53107,6,,,0
1019,'1912',604,,53108,6,,,0,100,,53109,6,,,0,100,,53110,6,,,0,100,,53111,6,,,0,100,,53112,6,,,0,100,,53113,6,,,0,100,,53114,6,,,0,100,,53115,6,,,0,100,,53116,6,,,0,100,,53117,6,,,0,100,,53118,6,,,0,100,,53119,6,,,0,100,,53120,6,,,0,100,,53121,6,,,0,100,,53122,6,,,0,100,,53123,6,,,0,100,,53124,6,,,0,100,,53125,6,,,0
2019,'1907',649,,53277,15,,,0,70,,53254,15,,,0,30,,53258,15,,,0,70,,53270,15,,,0,30,,53265,15,,,0,70,,53255,15,,,0,30,,53259,15,,,0,70,,53271,15,,,0,30,,53266,15,,,0,70,,53256,15,,,0,30,,53260,15,,,0,70,,53272,15,,,0,30,,53267,15,,,0,70,,53257,15,,,0,30,,53261,15,,,0,70,,53273,15,,,0,30,,53268,15,,,0,70,,53252,15,,,0,30,,53262,15,,,0,70,,53274,15,,,0,30,,53269,15,,,0,70,,53250,15,,,0,30,,53263,15,,,0,70,,53275,15,,,0,100,,53251,15,,,0,100,,53276,15,,,0,100,,53253,15,,,0,100,,53264,15,,,0,99,,53278,15,,,0
2019,'1909',445,,53310,6,0,5 2 13 14,0,173,,53279,15,,,0,30,,53280,15,,,0,71,,53281,15,,,0,30,,53282,15,,,0,70,,53283,15,,,0,30,,53284,15,,,0,70,,53301,15,,,0,30,,53302,15,,,0,70,,53303,15,,,0,30,,53304,15,,,0,70,,53305,15,,,0,30,,53306,15,,,0,70,,53307,15,,,0,30,,53308,15,,,0,70,,53309,15,,,0,30,,53299,15,,,0,70,,53300,15,,,0,30,,53285,15,,,0,70,,53286,15,,,0,30,,53287,15,,,0,70,,53288,15,,,0,30,,53289,15,,,0,70,,53290,15,,,0,30,,53291,15,,,0,70,,53292,15,,,0,30,,53298,15,,,0,70,,53293,15,,,0,99,,53294,15,,,0,100,,53295,15,,,0,100,,53296,15,,,0,100,,53297,15,,,0
2019,'1910',618,,53311,6,,,0,30,,53318,15,,,0,70,,53327,15,,,0,30,,53334,15,,,0,70,,53312,15,,,0,30,,53319,15,,,0,70,,53328,15,,,0,30,,53335,15,,,0,71,,53313,15,,,0,30,,53320,15,,,0,70,,53329,15,,,0,30,,53336,15,,,0,70,,53314,15,,,0,30,,53321,15,,,0,70,,53330,15,,,0,30,,53337,15,,,0,70,,53315,15,,,0,30,,53322,15,,,0,70,,53331,15,,,0,30,,53338,15,,,0,70,,53316,15,,,0,30,,53323,15,,,0,70,,53332,15,,,0,30,,53339,15,,,0,70,,53317,15,,,0,30,,53324,15,,,0,70,,53333,15,,,0,100,,53325,15,,,0,100,,53340,15,,,0,100,,53326,15,,,0,100,,53341,15,,,0
2019,'1911',649,,53369,15,,,0,70,,53346,15,,,0,30,,53350,15,,,0,70,,53362,15,,,0,30,,53357,15,,,0,70,,53347,15,,,0,30,,53351,15,,,0,70,,53363,15,,,0,30,,53358,15,,,0,70,,53348,15,,,0,30,,53352,15,,,0,70,,53364,15,,,0,30,,53359,15,,,0,70,,53349,15,,,0,30,,53353,15,,,0,70,,53365,15,,,0,30,,53360,15,,,0,70,,53344,15,,,0,30,,53354,15,,,0,70,,53366,15,,,0,30,,53361,15,,,0,70,,53342,15,,,0,30,,53355,15,,,0,70,,53367,15,,,0,100,,53343,15,,,0,100,,53368,15,,,0,100,,53345,15,,,0,100,,53356,15,,,0,99,,53370,15,,,0
2019,'1912',649,,53398,15,,,0,70,,53375,15,,,0,30,,53379,15,,,0,70,,53391,15,,,0,30,,53386,15,,,0,70,,53376,15,,,0,30,,53380,15,,,0,70,,53392,15,,,0,30,,53387,15,,,0,70,,53377,15,,,0,30,,53381,15,,,0,70,,53393,15,,,0,30,,53388,15,,,0,70,,53378,15,,,0,30,,53382,15,,,0,70,,53394,15,,,0,30,,53389,15,,,0,70,,53373,15,,,0,30,,53383,15,,,0,70,,53395,15,,,0,30,,53390,15,,,0,70,,53371,15,,,0,30,,53384,15,,,0,70,,53396,15,,,0,100,,53372,15,,,0,100,,53397,15,,,0,100,,53374,15,,,0,100,,53385,15,,,0,99,,53399,15,,,0
12019,'1909',628,,54873,6,,,0,31,,54876,6,,,0,70,,54869,6,,,0,30,,54877,6,,,0,70,,54878,6,,,0,30,,54875,6,0,5 2 12,0,70,,54864,6,0,5 2 12,0,30,,54865,6,0,5 2 12,0,70,,54855,6,0,5 2 12,0,30,,54856,6,0,5 2 12,0,70,,54857,6,0,5 2 12,0,30,,54858,6,0,5 2 12,0,70,,54859,6,0,5 2 12,0,30,,54860,6,0,5 2 12,0,70,,54861,6,0,5 2 12,0,30,,54862,6,0,5 2 12,0,70,,54863,6,,,0,30,,54872,6,,,0,70,,54868,6,,,0,30,,54870,6,,,0,70,,54867,6,,,0,30,,54871,6,,,0,70,,54866,6,,,0,30,,54874,6,,,0
14000001019,'1907',2413,,58765,22,,,0,30,,58764,22,,,0,70,,58763,22,,,0,30,,58766,22,,,0,70,,58767,22,,,0
14000001019,'1909',2413,,58771,22,,,0,30,,58768,22,,,0,70,,58769,22,,,0,30,,58770,22,,,0,70,,58772,22,,,0
14000001019,'1910',2413,,58776,22,,,0,30,,58773,22,,,0,70,,58775,22,,,0,30,,58774,22,,,0,70,,58777,22,,,0
14000001019,'1911',2413,,58780,22,,,0,30,,58779,22,,,0,70,,58778,22,,,0,30,,58781,22,,,0,70,,58782,22,,,0
14000001019,'1912',2413,,58785,22,,,0,30,,58784,22,,,0,70,,58783,22,,,0,30,,58786,22,,,0,70,,58787,22,,,0
