1029,'1907',624,,53126,46,,,0,100,,53127,46,,,0,100,,53128,46,,,0,101,,53129,46,,,0,101,,53130,46,,,0,100,,53131,46,,,0,100,,53132,46,,,0,100,,53133,46,,,0,100,,53134,46,,,0,100,,53135,46,,,0,100,,53136,46,,,0,100,,53137,46,,,0,100,,53138,46,,,0,100,,53139,46,,,0,100,,53140,46,,,0,100,,53141,46,,,0,100,,53142,46,,,0,95,,53143,46,,,0
1029,'1909',624,,53153,46,,,0,35,,53154,46,,,0,72,,53174,46,,,0,70,,53150,46,,,0,30,,53145,46,,,0,71,,53178,46,,,0,30,,53148,46,,,0,70,,53155,46,,,0,30,,53173,46,,,0,70,,53152,46,,,0,30,,53144,46,,,0,70,,53177,46,,,0,30,,53149,46,,,0,70,,53156,46,,,0,30,,53172,46,,,0,70,,53151,46,,,0,30,,53146,46,,,0,71,,53175,46,,,0,32,,53147,46,,,0,70,,53157,46,,,0,30,,53171,46,,,0,70,,53160,46,,,0,30,,53159,46,,,0,67,,53158,46,,,0,25,,53164,46,,,0,30,,53163,46,,,0,70,,53162,46,,,0,30,,53161,46,,,0,69,,53176,46,,,0,30,,53170,46,,,0,70,,53169,46,,,0,30,,53168,46,,,0,70,,53167,46,,,0,30,,53166,46,,,0,65,,53165,46,,,0
1029,'1910',624,,53184,46,,,0,30,,53196,46,,,0,70,,53203,46,,,0,30,,53191,46,,,0,70,,53212,46,,,0,30,,53200,46,,,0,72,,53183,46,,,0,30,,53195,46,,,0,70,,53206,46,,,0,30,,53190,46,,,0,70,,53213,46,,,0,30,,53199,46,,,0,70,,53182,46,,,0,30,,53194,46,,,0,70,,53205,46,,,0,30,,53189,46,,,0,70,,53185,46,,,0,30,,53198,46,,,0,70,,53181,46,,,0,30,,53193,46,,,0,70,,53201,46,,,0,30,,53188,46,,,0,70,,53210,46,,,0,30,,53197,46,,,0,69,,53180,46,,,0,31,,53192,46,,,0,70,,53204,46,,,0,30,,53186,46,,,0,70,,53208,46,,,0,30,,53207,46,,,0,70,,53179,46,,,0,30,,53187,46,,,0,70,,53202,46,,,0,30,,53211,46,,,0,68,,53209,46,,,0
1029,'1911',624,,53214,46,,,0,100,,53215,46,,,0,100,,53216,46,,,0,101,,53217,46,,,0,101,,53218,46,,,0,100,,53219,46,,,0,100,,53220,46,,,0,100,,53221,46,,,0,100,,53222,46,,,0,100,,53223,46,,,0,100,,53224,46,,,0,100,,53225,46,,,0,100,,53226,46,,,0,100,,53227,46,,,0,100,,53228,46,,,0,100,,53229,46,,,0,100,,53230,46,,,0,95,,53231,46,,,0
1029,'1912',624,,53232,46,,,0,100,,53233,46,,,0,100,,53234,46,,,0,101,,53235,46,,,0,101,,53236,46,,,0,100,,53237,46,,,0,100,,53238,46,,,0,100,,53239,46,,,0,100,,53240,46,,,0,100,,53241,46,,,0,100,,53242,46,,,0,100,,53243,46,,,0,100,,53244,46,,,0,100,,53245,46,,,0,100,,53246,46,,,0,100,,53247,46,,,0,100,,53248,46,,,0,95,,53249,46,,,0
2029,'1907',639,,53401,43,,,0,71,,53409,43,,,0,31,,53420,43,,,0,70,,53415,43,,,0,30,,53402,43,,,0,70,,53410,43,,,0,30,,53421,43,,,0,70,,53416,43,,,0,30,,53403,43,,,0,70,,53411,43,,,0,30,,53422,43,,,0,70,,53417,43,,,0,30,,53404,43,,,0,70,,53412,43,,,0,30,,53423,43,,,0,70,,53418,43,,,0,30,,53405,43,,,0,70,,53413,43,,,0,30,,53424,43,,,0,70,,53419,43,,,0,30,,53406,43,,,0,70,,53414,43,,,0,30,,53425,43,,,0,100,,53407,43,,,0,99,,53426,43,,,0,100,,53408,43,,,0,101,,53427,43,,,0,100,,53400,43,,,0
2029,'1909',544,,53450,28,,,0,65,,53433,43,,,0,30,,53434,43,,,0,72,,53435,43,,,0,30,,53436,43,,,0,71,,53437,43,,,0,30,,53438,43,,,0,70,,53439,43,,,0,30,,53440,43,,,0,70,,53441,43,,,0,30,,53464,43,,,0,70,,53460,43,,,0,30,,53466,43,,,0,70,,53462,43,,,0,30,,53463,43,,,0,70,,53459,43,,,0,30,,53465,43,,,0,70,,53461,43,,,0,31,,53467,43,,,0,71,,53442,43,,,0,34,,53443,43,,,0,70,,53444,43,,,0,30,,53445,43,,,0,70,,53446,43,,,0,28,,53447,43,,,0,66,,53448,43,,,0,29,,53449,43,,,0,70,,53453,43,,,0,30,,53454,43,,,0,100,,53455,43,,,0,100,,53456,43,,,0,100,,53452,43,,,0
2029,'1910',609,,53499,43,0,5 2 15 16 17,0,30,,53482,43,,,0,69,,53489,43,,,0,31,,53468,43,,,0,70,,53474,43,,,0,30,,53483,43,,,0,72,,53490,43,,,0,30,,53469,43,,,0,70,,53475,43,,,0,30,,53484,43,,,0,70,,53491,43,,,0,30,,53470,43,,,0,70,,53476,43,,,0,30,,53485,43,,,0,70,,53492,43,,,0,30,,53471,43,,,0,70,,53477,43,,,0,30,,53486,43,,,0,70,,53493,43,,,0,30,,53472,43,,,0,70,,53478,43,,,0,30,,53487,43,,,0,70,,53494,43,,,0,30,,53473,43,,,0,70,,53479,43,,,0,30,,53488,43,,,0,70,,53495,43,,,0,30,,53480,43,,,0,100,,53496,43,,,0,100,,53481,43,,,0,100,,53497,43,,,0
2029,'1911',639,,53503,43,,,0,71,,53511,43,,,0,31,,53522,43,,,0,70,,53517,43,,,0,30,,53504,43,,,0,70,,53512,43,,,0,30,,53523,43,,,0,70,,53518,43,,,0,30,,53505,43,,,0,70,,53513,43,,,0,30,,53524,43,,,0,70,,53519,43,,,0,30,,53506,43,,,0,70,,53514,43,,,0,30,,53525,43,,,0,70,,53520,43,,,0,30,,53507,43,,,0,70,,53515,43,,,0,30,,53526,43,,,0,70,,53521,43,,,0,30,,53508,43,,,0,70,,53516,43,,,0,30,,53527,43,,,0,100,,53509,43,,,0,99,,53528,43,,,0,100,,53510,43,,,0,101,,53529,43,,,0,100,,53502,43,,,0
2029,'1912',639,,53536,43,,,0,71,,53544,43,,,0,31,,53555,43,,,0,70,,53550,43,,,0,30,,53537,43,,,0,70,,53545,43,,,0,30,,53556,43,,,0,70,,53551,43,,,0,30,,53538,43,,,0,70,,53546,43,,,0,30,,53557,43,,,0,70,,53552,43,,,0,30,,53539,43,,,0,70,,53547,43,,,0,30,,53558,43,,,0,70,,53553,43,,,0,30,,53540,43,,,0,70,,53548,43,,,0,30,,53559,43,,,0,70,,53554,43,,,0,30,,53541,43,,,0,70,,53549,43,,,0,30,,53560,43,,,0,100,,53542,43,,,0,99,,53561,43,,,0,100,,53543,43,,,0,101,,53562,43,,,0,100,,53535,43,,,0
12029,'1909',649,,54902,22,,,0,72,,54899,22,,,0,30,,54892,22,,,0,69,,54900,22,,,0,31,,54893,22,,,0,71,,54879,13,,,0,30,,54880,13,,,0,70,,54881,13,,,0,30,,54882,13,,,0,70,,54883,13,,,0,30,,54884,13,,,0,70,,54885,13,,,0,30,,54886,13,,,0,70,,54887,13,,,0,30,,54888,13,,,0,70,,54889,13,,,0,30,,54895,22,,,0,71,,54898,22,,,0,30,,54890,22,,,0,70,,54897,22,,,0,30,,54891,22,,,0,70,,54901,22,,,0,29,,54894,22,,,0,70,,54896,22,,,0
14000001029,'1907',551,,58794,27,0,18 7,0,1851,,58788,27,,,0,29,,58792,27,,,0,70,,58793,27,,,0,30,,58790,27,,,0,70,,58791,27,,,0,30,,58789,27,,,0
14000001029,'1909',449,,58795,27,0,18 7,0,102,,58796,27,0,18 7,0,1851,,58798,27,,,0,29,,58799,27,,,0,70,,58802,27,,,0,30,,58797,27,,,0,70,,58800,27,,,0,30,,58801,27,,,0
14000001029,'1910',551,,58807,27,0,18 7,0,1851,,58809,27,,,0,29,,58804,27,,,0,70,,58803,27,,,0,30,,58805,27,,,0,70,,58808,27,,,0,30,,58806,27,,,0
14000001029,'1911',551,,58816,27,0,18 7,0,1851,,58810,27,,,0,29,,58814,27,,,0,70,,58815,27,,,0,30,,58812,27,,,0,70,,58813,27,,,0,30,,58811,27,,,0
14000001029,'1912',551,,58823,27,0,18 7,0,1851,,58817,27,,,0,29,,58821,27,,,0,70,,58822,27,,,0,30,,58819,27,,,0,70,,58820,27,,,0,30,,58818,27,,,0
