2029,'1907',627,,59290,29,,,0,30,,59298,29,,,0,68,,59309,29,,,0,30,,59304,29,,,0,70,,59291,29,,,0,30,,59299,29,,,0,72,,59310,29,,,0,30,,59305,29,,,0,55,,53432,14,0,12,0,15,,59292,29,,,0,30,,59300,29,,,0,70,,59311,29,,,0,30,,59306,29,,,0,70,,59293,29,,,0,30,,59301,29,,,0,70,,59312,29,,,0,30,,59307,29,,,0,70,,59294,29,,,0,30,,59302,29,,,0,70,,59313,29,,,0,30,,59308,29,,,0,70,,59295,29,,,0,30,,59303,29,,,0,70,,59314,29,,,0,100,,59296,29,,,0,96,,59315,29,,,0,100,,59297,29,,,0,101,,59316,29,,,0,100,,59289,29,,,0
2029,'1909',531,,59338,14,,,0,25,,59321,29,,,0,70,,59322,29,,,0,29,,59323,29,,,0,71,,59324,29,,,0,29,,59325,29,,,0,70,,59326,29,,,0,30,,59327,29,,,0,70,,59328,29,,,0,30,,59329,29,,,0,70,,59352,29,,,0,30,,59348,29,,,0,70,,59354,29,,,0,30,,59350,29,,,0,70,,59351,29,,,0,30,,59347,29,,,0,70,,59353,29,,,0,30,,59349,29,,,0,70,,59355,29,,,0,33,,59330,29,,,0,74,,59331,29,,,0,70,,59332,29,,,0,30,,59333,29,,,0,70,,59334,29,,,0,29,,59335,29,,,0,28,,59336,29,,,0,67,,59337,29,,,0,30,,59341,29,,,0,70,,59342,29,,,0,99,,59343,29,,,0,100,,59344,29,,,0,100,,59340,29,,,0
2029,'1910',557,,59387,29,0,5 2 15 16 17,0,70,,59370,29,,,0,30,,59377,29,,,0,68,,59356,29,,,0,30,,59362,29,,,0,70,,59371,29,,,0,30,,59378,29,,,0,72,,59357,29,,,0,30,,59363,29,,,0,70,,59372,29,,,0,30,,59379,29,,,0,70,,59358,29,,,0,30,,59364,29,,,0,70,,59373,29,,,0,30,,59380,29,,,0,70,,59359,29,,,0,30,,59365,29,,,0,70,,59374,29,,,0,30,,59381,29,,,0,70,,59360,29,,,0,30,,59366,29,,,0,70,,59375,29,,,0,30,,59382,29,,,0,70,,59361,29,,,0,30,,59367,29,,,0,70,,59376,29,,,0,30,,59383,29,,,0,68,,59368,29,,,0,100,,59384,29,,,0,100,,59369,29,,,0,100,,59385,29,,,0
2029,'1912',627,,59391,29,,,0,30,,59399,29,,,0,68,,59410,29,,,0,30,,59405,29,,,0,70,,59392,29,,,0,30,,59400,29,,,0,72,,59411,29,,,0,30,,59406,29,,,0,55,,53567,14,0,12,0,15,,59393,29,,,0,30,,59401,29,,,0,70,,59412,29,,,0,30,,59407,29,,,0,70,,59394,29,,,0,30,,59402,29,,,0,70,,59413,29,,,0,30,,59408,29,,,0,70,,59395,29,,,0,30,,59403,29,,,0,70,,59414,29,,,0,30,,59409,29,,,0,70,,59396,29,,,0,30,,59404,29,,,0,70,,59415,29,,,0,100,,59397,29,,,0,96,,59416,29,,,0,100,,59398,29,,,0,101,,59417,29,,,0,100,,59390,29,,,0
2029,'1924',627,,59423,29,,,0,30,,59431,29,,,0,68,,59442,29,,,0,30,,59437,29,,,0,70,,59424,29,,,0,30,,59432,29,,,0,72,,59443,29,,,0,30,,59438,29,,,0,55,,53534,14,0,12,0,15,,59425,29,,,0,30,,59433,29,,,0,70,,59444,29,,,0,30,,59439,29,,,0,70,,59426,29,,,0,30,,59434,29,,,0,70,,59445,29,,,0,30,,59440,29,,,0,70,,59427,29,,,0,30,,59435,29,,,0,70,,59446,29,,,0,30,,59441,29,,,0,70,,59428,29,,,0,30,,59436,29,,,0,70,,59447,29,,,0,100,,59429,29,,,0,96,,59448,29,,,0,100,,59430,29,,,0,101,,59449,29,,,0,100,,59422,29,,,0
2029,'1925',627,,59455,29,,,0,30,,59463,29,,,0,68,,59474,29,,,0,30,,59469,29,,,0,70,,59456,29,,,0,30,,59464,29,,,0,72,,59475,29,,,0,30,,59470,29,,,0,55,,59486,14,0,12,0,15,,59457,29,,,0,30,,59465,29,,,0,70,,59476,29,,,0,30,,59471,29,,,0,70,,59458,29,,,0,30,,59466,29,,,0,70,,59477,29,,,0,30,,59472,29,,,0,70,,59459,29,,,0,30,,59467,29,,,0,70,,59478,29,,,0,30,,59473,29,,,0,70,,59460,29,,,0,30,,59468,29,,,0,70,,59479,29,,,0,100,,59461,29,,,0,96,,59480,29,,,0,100,,59462,29,,,0,101,,59481,29,,,0,100,,59454,29,,,0
4029,'1907',738,,53738,16,,,0,70,,53740,16,,,0,30,,53736,16,,,0,70,,53739,16,,,0,32,,53737,16,,,0,70,,53729,16,,,0,29,,53732,16,,,0,70,,59535,16,,,0,30,,53722,16,,,0,70,,53725,16,,,0,30,,53728,16,,,0,70,,53730,16,,,0,30,,53718,16,,,0,70,,53721,16,,,0,30,,53724,16,,,0,70,,53727,16,,,0,30,,53731,16,,,0,70,,53719,16,,,0,30,,53720,16,,,0,70,,53723,16,,,0,30,,53726,16,,,0,70,,53744,16,,,0,30,,53743,16,,,0,71,,53745,16,,,0,30,,53742,16,,,0,70,,53735,16,,,0,30,,53741,16,,,0,70,,53733,16,,,0,100,,53734,16,,,0
4029,'1909',639,,59536,16,,,0,70,,59537,16,,,0,35,,53748,16,,,0,66,,59538,16,,,0,36,,53750,16,,,0,64,,53751,16,,,0,31,,59539,16,,,0,70,,59540,16,,,0,30,,59541,16,,,0,70,,53755,16,,,0,30,,53756,16,,,0,71,,53757,16,,,0,30,,53758,16,,,0,70,,53759,16,,,0,30,,53760,16,,,0,70,,59542,16,,,0,30,,53762,16,,,0,75,,59543,16,,,0,25,,53764,16,,,0,76,,53765,16,,,0,24,,53766,16,,,0,76,,53767,16,,,0,24,,53768,16,,,0,74,,53769,16,,,0,27,,53770,16,,,0,69,,59544,16,,,0,30,,59545,16,,,0,70,,59546,16,,,0,29,,53774,16,,,0,70,,59547,16,,,0,30,,53776,16,,,0,70,,53777,16,,,0
4029,'1910',640,,53802,16,,,0,68,,53803,16,,,0,30,,53804,16,,,0,70,,59572,16,,,0,30,,59573,16,,,0,72,,53807,16,,,0,30,,59574,16,,,0,72,,59565,16,,,0,29,,59559,16,,,0,70,,59552,16,,,0,30,,59563,16,,,0,70,,59569,16,,,0,30,,59564,16,,,0,70,,59551,16,,,0,30,,59556,16,,,0,70,,59567,16,,,0,30,,59550,16,,,0,70,,59566,16,,,0,30,,59561,16,,,0,70,,59553,16,,,0,30,,59548,16,,,0,70,,59568,16,,,0,30,,59571,16,,,0,70,,59562,16,,,0,30,,59557,16,,,0,69,,59575,16,,,0,31,,59554,16,,,0,70,,59549,16,,,0,29,,59555,16,,,0,70,,59560,16,,,0,30,,59570,16,,,0,70,,59558,16,,,0
4029,'1912',738,,53860,16,,,0,70,,53862,16,,,0,30,,53858,16,,,0,70,,53861,16,,,0,32,,53859,16,,,0,70,,53851,16,,,0,29,,53854,16,,,0,70,,59576,16,,,0,30,,53844,16,,,0,70,,53847,16,,,0,30,,53850,16,,,0,70,,53852,16,,,0,30,,53840,16,,,0,70,,53843,16,,,0,30,,53846,16,,,0,70,,53849,16,,,0,30,,53853,16,,,0,70,,53841,16,,,0,30,,53842,16,,,0,70,,53845,16,,,0,30,,53848,16,,,0,70,,53866,16,,,0,30,,53865,16,,,0,71,,53867,16,,,0,30,,53864,16,,,0,70,,53857,16,,,0,30,,53863,16,,,0,70,,53855,16,,,0,100,,53856,16,,,0
4029,'1924',738,,53831,16,,,0,70,,53833,16,,,0,30,,53829,16,,,0,70,,53832,16,,,0,32,,53830,16,,,0,70,,53822,16,,,0,29,,53825,16,,,0,70,,59577,16,,,0,30,,53815,16,,,0,70,,53818,16,,,0,30,,53821,16,,,0,70,,53823,16,,,0,30,,53811,16,,,0,70,,53814,16,,,0,30,,53817,16,,,0,70,,53820,16,,,0,30,,53824,16,,,0,70,,53812,16,,,0,30,,53813,16,,,0,70,,53816,16,,,0,30,,53819,16,,,0,70,,53837,16,,,0,30,,53836,16,,,0,71,,53838,16,,,0,30,,53835,16,,,0,70,,53828,16,,,0,30,,53834,16,,,0,70,,53826,16,,,0,100,,53827,16,,,0
4029,'1925',738,,59599,16,,,0,70,,59601,16,,,0,30,,59597,16,,,0,70,,59600,16,,,0,32,,59598,16,,,0,70,,59590,16,,,0,29,,59593,16,,,0,70,,59578,16,,,0,30,,59583,16,,,0,70,,59586,16,,,0,30,,59589,16,,,0,70,,59591,16,,,0,30,,59579,16,,,0,70,,59582,16,,,0,30,,59585,16,,,0,70,,59588,16,,,0,30,,59592,16,,,0,70,,59580,16,,,0,30,,59581,16,,,0,70,,59584,16,,,0,30,,59587,16,,,0,70,,59605,16,,,0,30,,59604,16,,,0,71,,59606,16,,,0,30,,59603,16,,,0,70,,59596,16,,,0,30,,59602,16,,,0,70,,59594,16,,,0,100,,59595,16,,,0
501019,'1907',622,,56185,11,,,0,30,,56199,11,,,0,67,,56184,11,,,0,30,,56198,11,,,0,70,,56187,11,,,0,30,,56200,11,,,0,71,,56188,11,,,0,30,,56197,11,,,0,70,,56176,11,,,0,30,,56189,11,,,0,74,,56175,11,,,0,30,,56190,11,,,0,70,,56178,11,,,0,30,,56191,11,,,0,70,,56174,11,,,0,30,,56196,11,,,0,70,,56173,11,,,0,30,,56195,11,,,0,70,,56172,11,,,0,30,,56192,11,,,0,70,,56171,11,,,0,30,,56194,11,,,0,70,,56177,11,,,0,30,,56193,11,,,0,68,,56186,11,,,0,30,,56201,11,,,0,70,,56183,11,,,0,30,,60909,11,,,0,68,,56182,11,,,0,30,,60904,11,,,0,70,,56181,11,,,0,30,,60907,11,,,0,69,,60906,11,,,0,30,,60908,11,,,0,70,,60905,11,,,0
501019,'1909',527,,56205,5,,,0,93,,56206,11,,,0,30,,56207,11,,,0,76,,56208,11,,,0,25,,56209,11,,,0,64,,60910,11,,,0,12,,56211,11,,,0,24,,56212,11,,,0,63,,60911,11,,,0,11,,60912,11,,,0,30,,56215,11,,,0,70,,56216,11,,,0,30,,56217,11,,,0,70,,56218,11,,,0,30,,56219,11,,,0,70,,56220,11,,,0,30,,60913,11,,,0,70,,56222,11,,,0,30,,56223,11,,,0,70,,56224,11,,,0,27,,56225,11,,,0,52,,56226,11,,,0,22,,56227,11,,,0,24,,56228,11,,,0,52,,56229,11,,,0,24,,56230,11,,,0,24,,60914,11,,,0,52,,56232,11,,,0,23,,60915,11,,,0,23,,56234,11,,,0,52,,60916,11,,,0,26,,60917,11,,,0,28,,56237,11,,,0,70,,56238,11,,,0,28,,60918,11,,,0,70,,56240,11,,,0,30,,56241,11,,,0,68,,56242,11,,,0,30,,56243,11,,,0,70,,56244,11,,,0,30,,56245,11,,,0,70,,60919,11,,,0
501019,'1910',623,,56256,11,,,0,30,,60925,11,,,0,67,,56255,11,,,0,30,,56258,11,,,0,70,,56254,11,,,0,30,,56260,11,,,0,70,,60924,11,,,0,30,,56257,11,,,0,73,,60929,11,,,0,33,,60939,11,,,0,70,,60930,11,,,0,30,,60940,11,,,0,70,,60931,11,,,0,30,,60941,11,,,0,70,,60932,11,,,0,30,,60942,11,,,0,70,,60933,11,,,0,30,,60943,11,,,0,70,,60934,11,,,0,30,,60944,11,,,0,70,,60935,11,,,0,30,,60937,11,,,0,70,,60936,11,,,0,30,,60938,11,,,0,70,,60923,11,,,0,27,,60928,11,,,0,67,,56251,11,,,0,30,,60926,11,,,0,70,,56250,11,,,0,30,,60927,11,,,0,70,,60922,11,,,0,30,,56261,11,,,0,70,,60921,11,,,0,30,,56262,11,,,0,69,,60920,11,,,0
501019,'1912',622,,56332,11,,,0,30,,56346,11,,,0,67,,56331,11,,,0,30,,56345,11,,,0,70,,56334,11,,,0,30,,56347,11,,,0,71,,56335,11,,,0,30,,56344,11,,,0,70,,56323,11,,,0,30,,56336,11,,,0,74,,56322,11,,,0,30,,56337,11,,,0,70,,56325,11,,,0,30,,56338,11,,,0,70,,56321,11,,,0,30,,56343,11,,,0,70,,56320,11,,,0,30,,56342,11,,,0,70,,56319,11,,,0,30,,56339,11,,,0,70,,56318,11,,,0,30,,56341,11,,,0,70,,56324,11,,,0,30,,56340,11,,,0,68,,56333,11,,,0,30,,56348,11,,,0,70,,56330,11,,,0,30,,60950,11,,,0,68,,56329,11,,,0,30,,60945,11,,,0,70,,56328,11,,,0,30,,60948,11,,,0,69,,60947,11,,,0,30,,60949,11,,,0,70,,60946,11,,,0
501019,'1924',622,,56297,11,,,0,30,,56311,11,,,0,67,,56296,11,,,0,30,,56310,11,,,0,70,,56299,11,,,0,30,,56312,11,,,0,71,,56300,11,,,0,30,,56309,11,,,0,70,,56288,11,,,0,30,,56301,11,,,0,74,,56287,11,,,0,30,,56302,11,,,0,70,,56290,11,,,0,30,,56303,11,,,0,70,,56286,11,,,0,30,,56308,11,,,0,70,,56285,11,,,0,30,,56307,11,,,0,70,,56284,11,,,0,30,,56304,11,,,0,70,,56283,11,,,0,30,,56306,11,,,0,70,,56289,11,,,0,30,,56305,11,,,0,68,,56298,11,,,0,30,,56313,11,,,0,70,,56295,11,,,0,30,,60956,11,,,0,68,,56294,11,,,0,30,,60951,11,,,0,70,,56293,11,,,0,30,,60954,11,,,0,69,,60953,11,,,0,30,,60955,11,,,0,70,,60952,11,,,0
501019,'1925',622,,60972,11,,,0,30,,60986,11,,,0,67,,60971,11,,,0,30,,60985,11,,,0,70,,60974,11,,,0,30,,60987,11,,,0,71,,60975,11,,,0,30,,60984,11,,,0,70,,60963,11,,,0,30,,60976,11,,,0,74,,60962,11,,,0,30,,60977,11,,,0,70,,60965,11,,,0,30,,60978,11,,,0,70,,60961,11,,,0,30,,60983,11,,,0,70,,60960,11,,,0,30,,60982,11,,,0,70,,60959,11,,,0,30,,60979,11,,,0,70,,60958,11,,,0,30,,60981,11,,,0,70,,60964,11,,,0,30,,60980,11,,,0,68,,60973,11,,,0,30,,60988,11,,,0,70,,60970,11,,,0,30,,60991,11,,,0,68,,60969,11,,,0,30,,60957,11,,,0,70,,60968,11,,,0,30,,60989,11,,,0,69,,60967,11,,,0,30,,60990,11,,,0,70,,60966,11,,,0
701019,'1907',614,,57471,8,,,0,28,,57504,8,,,0,69,,61385,8,,,0,30,,57468,8,,,0,70,,57495,8,,,0,30,,61380,8,,,0,70,,57467,8,,,0,30,,57497,8,,,0,70,,61381,8,,,0,30,,57464,8,,,0,70,,57499,8,,,0,30,,57474,8,,,0,70,,57463,8,,,0,30,,57494,8,,,0,70,,57478,8,,,0,30,,57461,8,,,0,70,,57498,8,,,0,30,,57477,8,,,0,70,,57459,8,,,0,30,,57496,8,,,0,70,,57473,8,,,0,30,,57457,8,,,0,70,,57500,8,,,0,30,,57483,8,,,0,70,,57454,8,,,0,30,,57513,8,,,0,70,,57486,8,,,0,30,,57452,8,,,0,70,,57508,8,,,0,30,,57489,8,,,0,70,,57449,8,,,0,30,,57503,8,,,0,69,,57487,8,,,0,30,,57451,8,,,0,70,,57507,8,,,0,25,,57519,8,,,0
701019,'1909',555,,57611,8,,,0,70,,57612,8,,,0,18,,57622,8,,,0,14,,57613,8,,,0,70,,57621,8,,,0,15,,57614,8,,,0,65,,57615,8,,,0,13,,61407,8,,,0,20,,57617,8,,,0,69,,57584,8,,,0,30,,61412,8,,,0,70,,61402,8,,,0,30,,57586,8,,,0,70,,57587,8,,,0,30,,61403,8,,,0,70,,57589,8,,,0,30,,57590,8,,,0,70,,61404,8,,,0,30,,61405,8,,,0,70,,57593,8,,,0,31,,57594,8,,,0,15,,57626,8,0,5 2 11 2 12,0,55,,61413,8,,,0,11,,57595,8,,,0,20,,61408,8,,,0,60,,57625,8,0,5 2 11 2 12,0,20,,57596,8,,,0,20,,57597,8,,,0,61,,57627,8,0,5 2 11 2 12,0,20,,57618,8,,,0,19,,57610,8,,,0,65,,57609,8,,,0,20,,61406,8,,,0,15,,57598,8,,,0,70,,57599,8,,,0,30,,57600,8,,,0,69,,57601,8,,,0,30,,57602,8,,,0,70,,57603,8,,,0,30,,57604,8,,,0,70,,57605,8,,,0,30,,57606,8,,,0,70,,57607,8,,,0,25,,61410,8,,,0
701019,'1910',613,,57660,8,,,0,28,,57640,8,,,0,68,,57657,8,,,0,30,,57653,8,,,0,72,,57655,8,,,0,30,,57656,8,,,0,70,,57658,8,,,0,30,,57654,8,,,0,71,,57690,8,,,0,30,,57699,8,,,0,70,,57686,8,,,0,30,,57695,8,,,0,70,,57691,8,,,0,30,,57684,8,,,0,70,,57729,8,,,0,30,,57683,8,,,0,70,,57685,8,,,0,30,,57713,8,,,0,70,,57709,8,,,0,30,,57702,8,,,0,70,,61419,8,,,0,30,,57710,8,,,0,70,,57727,8,,,0,30,,57675,8,,,0,70,,61417,8,,,0,30,,57682,8,,,0,69,,57711,8,,,0,30,,57635,8,,,0,70,,57641,8,,,0,30,,57648,8,,,0,70,,57631,8,,,0,30,,57636,8,,,0,70,,57642,8,,,0,30,,57649,8,,,0,70,,57632,8,,,0,25,,57673,8,,,0
701019,'1912',614,,57878,8,,,0,28,,57911,8,,,0,69,,61426,8,,,0,30,,57875,8,,,0,70,,57902,8,,,0,30,,61421,8,,,0,70,,57874,8,,,0,30,,57904,8,,,0,70,,61422,8,,,0,30,,57871,8,,,0,70,,57906,8,,,0,30,,57881,8,,,0,70,,57870,8,,,0,30,,57901,8,,,0,70,,57885,8,,,0,30,,57868,8,,,0,70,,57905,8,,,0,30,,57884,8,,,0,70,,57866,8,,,0,30,,57903,8,,,0,70,,57880,8,,,0,30,,57864,8,,,0,70,,57907,8,,,0,30,,57890,8,,,0,70,,57861,8,,,0,30,,57920,8,,,0,70,,57893,8,,,0,30,,57859,8,,,0,70,,57915,8,,,0,30,,57896,8,,,0,70,,57856,8,,,0,30,,57910,8,,,0,69,,57894,8,,,0,30,,57858,8,,,0,70,,57914,8,,,0,25,,57926,8,,,0
701019,'1924',614,,57779,8,,,0,28,,57812,8,,,0,69,,61432,8,,,0,30,,57776,8,,,0,70,,57803,8,,,0,30,,61427,8,,,0,70,,57775,8,,,0,30,,57805,8,,,0,70,,61428,8,,,0,30,,57772,8,,,0,70,,57807,8,,,0,30,,57782,8,,,0,70,,57771,8,,,0,30,,57802,8,,,0,70,,57786,8,,,0,30,,57769,8,,,0,70,,57806,8,,,0,30,,57785,8,,,0,70,,57767,8,,,0,30,,57804,8,,,0,70,,57781,8,,,0,30,,57765,8,,,0,70,,57808,8,,,0,30,,57791,8,,,0,70,,57762,8,,,0,30,,57821,8,,,0,70,,57794,8,,,0,30,,57760,8,,,0,70,,57816,8,,,0,30,,57797,8,,,0,70,,57757,8,,,0,30,,57811,8,,,0,69,,57795,8,,,0,30,,57759,8,,,0,70,,57815,8,,,0,25,,57827,8,,,0
701019,'1925',614,,61482,8,,,0,28,,61515,8,,,0,69,,61504,8,,,0,30,,61479,8,,,0,70,,61506,8,,,0,30,,61483,8,,,0,70,,61478,8,,,0,30,,61508,8,,,0,70,,61487,8,,,0,30,,61475,8,,,0,70,,61510,8,,,0,30,,61485,8,,,0,70,,61474,8,,,0,30,,61505,8,,,0,70,,61489,8,,,0,30,,61472,8,,,0,70,,61509,8,,,0,30,,61488,8,,,0,70,,61470,8,,,0,30,,61507,8,,,0,70,,61484,8,,,0,30,,61468,8,,,0,70,,61511,8,,,0,30,,61494,8,,,0,70,,61465,8,,,0,30,,61524,8,,,0,70,,61497,8,,,0,30,,61463,8,,,0,70,,61519,8,,,0,30,,61500,8,,,0,70,,61460,8,,,0,30,,61514,8,,,0,69,,61498,8,,,0,30,,61462,8,,,0,70,,61518,8,,,0,25,,61530,8,,,0
14000001029,'1907',539,,61816,14,0,18 7,0,1811,,61810,14,,,0,69,,61814,14,,,0,30,,61815,14,,,0,70,,61812,14,,,0,30,,61813,14,,,0,70,,61811,14,,,0
14000001029,'1909',437,,61817,14,0,18 7,0,102,,61818,14,0,18 7,0,1811,,61820,14,,,0,69,,61821,14,,,0,30,,61824,14,,,0,70,,61819,14,,,0,30,,61822,14,,,0,70,,61823,14,,,0
14000001029,'1910',539,,61829,14,0,18 7,0,1811,,61831,14,,,0,69,,61826,14,,,0,30,,61825,14,,,0,70,,61827,14,,,0,30,,61830,14,,,0,70,,61828,14,,,0
14000001029,'1912',539,,61838,14,0,18 7,0,1811,,61832,14,,,0,69,,61836,14,,,0,30,,61837,14,,,0,70,,61834,14,,,0,30,,61835,14,,,0,70,,61833,14,,,0
14000001029,'1924',539,,61845,14,0,18 7,0,1811,,61839,14,,,0,69,,61843,14,,,0,30,,61844,14,,,0,70,,61841,14,,,0,30,,61842,14,,,0,70,,61840,14,,,0
14000001029,'1925',539,,61852,14,0,18 7,0,1811,,61846,14,,,0,69,,61850,14,,,0,30,,61851,14,,,0,70,,61848,14,,,0,30,,61849,14,,,0,70,,61847,14,,,0
