2019,'1907',708,,59137,35,,,0,30,,59114,35,,,0,70,,59118,35,,,0,30,,59130,35,,,0,72,,59125,35,,,0,30,,59115,35,,,0,70,,59119,35,,,0,30,,59131,35,,,0,70,,59126,35,,,0,30,,59116,35,,,0,70,,59120,35,,,0,30,,59132,35,,,0,70,,59127,35,,,0,30,,59117,35,,,0,70,,59121,35,,,0,30,,59133,35,,,0,70,,59128,35,,,0,30,,59112,35,,,0,70,,59122,35,,,0,30,,59134,35,,,0,70,,59129,35,,,0,30,,59110,35,,,0,70,,59123,35,,,0,30,,59135,35,,,0,100,,59111,35,,,0,99,,59136,35,,,0,100,,59113,35,,,0,100,,59124,35,,,0,99,,59138,35,,,0
2019,'1909',503,,59170,26,0,5 2 13 14,0,136,,59139,35,,,0,70,,59140,35,,,0,30,,59141,35,,,0,70,,59142,35,,,0,31,,59143,35,,,0,71,,59144,35,,,0,31,,59161,35,,,0,70,,59162,35,,,0,30,,59163,35,,,0,70,,59164,35,,,0,30,,59165,35,,,0,70,,59166,35,,,0,30,,59167,35,,,0,70,,59168,35,,,0,30,,59169,35,,,0,70,,59159,35,,,0,32,,59160,35,,,0,71,,59145,35,,,0,30,,59146,35,,,0,70,,59147,35,,,0,30,,59148,35,,,0,70,,59149,35,,,0,29,,59150,35,,,0,69,,59151,35,,,0,30,,59152,35,,,0,70,,59158,35,,,0,30,,59153,35,,,0,97,,59154,35,,,0,100,,59155,35,,,0,100,,59156,35,,,0,100,,59157,35,,,0
2019,'1910',638,,59171,26,,,0,70,,59178,35,,,0,30,,59187,35,,,0,70,,59194,35,,,0,30,,59172,35,,,0,70,,59179,35,,,0,30,,59188,35,,,0,71,,59195,35,,,0,31,,59173,35,,,0,70,,59180,35,,,0,30,,59189,35,,,0,70,,59196,35,,,0,30,,59174,35,,,0,70,,59181,35,,,0,30,,59190,35,,,0,70,,59197,35,,,0,30,,59175,35,,,0,70,,59182,35,,,0,30,,59191,35,,,0,70,,59198,35,,,0,30,,59176,35,,,0,70,,59183,35,,,0,30,,59192,35,,,0,70,,59199,35,,,0,30,,59177,35,,,0,70,,59184,35,,,0,30,,59193,35,,,0,99,,59185,35,,,0,100,,59200,35,,,0,100,,59186,35,,,0,100,,59201,35,,,0
2019,'1912',708,,59229,35,,,0,30,,59206,35,,,0,70,,59210,35,,,0,30,,59222,35,,,0,72,,59217,35,,,0,30,,59207,35,,,0,70,,59211,35,,,0,30,,59223,35,,,0,70,,59218,35,,,0,30,,59208,35,,,0,70,,59212,35,,,0,30,,59224,35,,,0,70,,59219,35,,,0,30,,59209,35,,,0,70,,59213,35,,,0,30,,59225,35,,,0,70,,59220,35,,,0,30,,59204,35,,,0,70,,59214,35,,,0,30,,59226,35,,,0,70,,59221,35,,,0,30,,59202,35,,,0,70,,59215,35,,,0,30,,59227,35,,,0,100,,59203,35,,,0,99,,59228,35,,,0,100,,59205,35,,,0,100,,59216,35,,,0,99,,59230,35,,,0
2019,'1924',708,,59258,35,,,0,30,,59235,35,,,0,70,,59239,35,,,0,30,,59251,35,,,0,72,,59246,35,,,0,30,,59236,35,,,0,70,,59240,35,,,0,30,,59252,35,,,0,70,,59247,35,,,0,30,,59237,35,,,0,70,,59241,35,,,0,30,,59253,35,,,0,70,,59248,35,,,0,30,,59238,35,,,0,70,,59242,35,,,0,30,,59254,35,,,0,70,,59249,35,,,0,30,,59233,35,,,0,70,,59243,35,,,0,30,,59255,35,,,0,70,,59250,35,,,0,30,,59231,35,,,0,70,,59244,35,,,0,30,,59256,35,,,0,100,,59232,35,,,0,99,,59257,35,,,0,100,,59234,35,,,0,100,,59245,35,,,0,99,,59259,35,,,0
2019,'1925',708,,59287,35,,,0,30,,59264,35,,,0,70,,59268,35,,,0,30,,59280,35,,,0,72,,59275,35,,,0,30,,59265,35,,,0,70,,59269,35,,,0,30,,59281,35,,,0,70,,59276,35,,,0,30,,59266,35,,,0,70,,59270,35,,,0,30,,59282,35,,,0,70,,59277,35,,,0,30,,59267,35,,,0,70,,59271,35,,,0,30,,59283,35,,,0,70,,59278,35,,,0,30,,59262,35,,,0,70,,59272,35,,,0,30,,59284,35,,,0,70,,59279,35,,,0,30,,59260,35,,,0,70,,59273,35,,,0,30,,59285,35,,,0,100,,59261,35,,,0,99,,59286,35,,,0,100,,59263,35,,,0,100,,59274,35,,,0,99,,59288,35,,,0
702019,'1907',652,,61534,5,,,0,70,,57938,5,,,0,30,,57960,5,,,0,70,,61532,5,,,0,30,,57937,5,,,0,70,,57959,5,,,0,31,,61533,5,,,0,70,,57936,5,,,0,30,,57954,5,,,0,70,,57944,5,,,0,30,,57935,5,,,0,70,,57950,5,,,0,30,,57939,5,,,0,70,,57934,5,,,0,30,,57958,5,,,0,70,,57943,5,,,0,30,,57933,5,,,0,70,,57955,5,,,0,30,,57947,5,,,0,70,,57932,5,,,0,30,,57953,5,,,0,70,,57942,5,,,0,30,,57931,5,,,0,69,,57952,5,,,0,30,,57941,5,,,0,70,,57930,5,,,0,30,,57957,5,,,0,70,,57940,5,,,0,30,,57929,5,,,0,70,,57956,5,,,0,30,,57946,5,,,0,70,,57928,5,,,0,30,,57951,5,,,0,65,,57961,5,,,0,25,,57962,5,,,0
702019,'1909',636,,57963,5,,,0,65,,57964,5,,,0,24,,57998,5,,,0,22,,57965,5,,,0,55,,61535,5,,,0,23,,57967,5,,,0,17,,57999,5,,,0,12,,57997,5,,,0,72,,57968,5,,,0,20,,61536,5,,,0,70,,57970,5,,,0,30,,58003,5,,,0,70,,61537,5,,,0,30,,57972,5,,,0,70,,57973,5,,,0,30,,61538,5,,,0,70,,61539,5,,,0,30,,57976,5,,,0,70,,57977,5,,,0,31,,61540,5,,,0,70,,61543,5,,,0,22,,57979,5,,,0,20,,57980,5,,,0,60,,57981,5,,,0,20,,57982,5,,,0,20,,58001,5,,,0,60,,57983,5,,,0,18,,57984,5,,,0,20,,61541,5,,,0,65,,57986,5,,,0,30,,57987,5,,,0,70,,57988,5,,,0,30,,57989,5,,,0,70,,57990,5,,,0,30,,57991,5,,,0,70,,57992,5,,,0,30,,57993,5,,,0,69,,57994,5,,,0,30,,57995,5,,,0,65,,61542,5,,,0,25,,58002,5,,,0
702019,'1910',651,,58014,5,,,0,70,,58016,5,,,0,30,,58018,5,,,0,70,,58013,5,,,0,30,,58015,5,,,0,71,,58017,5,,,0,30,,58019,5,,,0,71,,58030,5,,,0,30,,58028,5,,,0,70,,58034,5,,,0,30,,58025,5,,,0,70,,58038,5,,,0,30,,58027,5,,,0,70,,58036,5,,,0,30,,58033,5,,,0,70,,58032,5,,,0,30,,58029,5,,,0,70,,58022,5,,,0,30,,61545,5,,,0,70,,58021,5,,,0,30,,58031,5,,,0,70,,58024,5,,,0,30,,61544,5,,,0,70,,58035,5,,,0,30,,58026,5,,,0,70,,58008,5,,,0,30,,58011,5,,,0,70,,58004,5,,,0,29,,58006,5,,,0,70,,58009,5,,,0,30,,58012,5,,,0,70,,58005,5,,,0,30,,58007,5,,,0,65,,58010,5,,,0,25,,58020,5,,,0
702019,'1912',652,,61548,5,,,0,70,,58084,5,,,0,30,,58106,5,,,0,70,,61546,5,,,0,30,,58083,5,,,0,70,,58105,5,,,0,31,,61547,5,,,0,70,,58082,5,,,0,30,,58100,5,,,0,70,,58090,5,,,0,30,,58081,5,,,0,70,,58096,5,,,0,30,,58085,5,,,0,70,,58080,5,,,0,30,,58104,5,,,0,70,,58089,5,,,0,30,,58079,5,,,0,70,,58101,5,,,0,30,,58093,5,,,0,70,,58078,5,,,0,30,,58099,5,,,0,70,,58088,5,,,0,30,,58077,5,,,0,69,,58098,5,,,0,30,,58087,5,,,0,70,,58076,5,,,0,30,,58103,5,,,0,70,,58086,5,,,0,30,,58075,5,,,0,70,,58102,5,,,0,30,,58092,5,,,0,70,,58074,5,,,0,30,,58097,5,,,0,65,,58107,5,,,0,25,,58108,5,,,0
702019,'1924',652,,61551,5,,,0,70,,58049,5,,,0,30,,58071,5,,,0,70,,61549,5,,,0,30,,58048,5,,,0,70,,58070,5,,,0,31,,61550,5,,,0,70,,58047,5,,,0,30,,58065,5,,,0,70,,58055,5,,,0,30,,58046,5,,,0,70,,58061,5,,,0,30,,58050,5,,,0,70,,58045,5,,,0,30,,58069,5,,,0,70,,58054,5,,,0,30,,58044,5,,,0,70,,58066,5,,,0,30,,58058,5,,,0,70,,58043,5,,,0,30,,58064,5,,,0,70,,58053,5,,,0,30,,58042,5,,,0,69,,58063,5,,,0,30,,58052,5,,,0,70,,58041,5,,,0,30,,58068,5,,,0,70,,58051,5,,,0,30,,58040,5,,,0,70,,58067,5,,,0,30,,58057,5,,,0,70,,58039,5,,,0,30,,58062,5,,,0,65,,58072,5,,,0,25,,58073,5,,,0
702019,'1925',652,,61573,5,,,0,70,,61562,5,,,0,30,,61584,5,,,0,70,,61569,5,,,0,30,,61561,5,,,0,70,,61583,5,,,0,31,,61572,5,,,0,70,,61560,5,,,0,30,,61578,5,,,0,70,,61568,5,,,0,30,,61559,5,,,0,70,,61574,5,,,0,30,,61563,5,,,0,70,,61558,5,,,0,30,,61582,5,,,0,70,,61567,5,,,0,30,,61557,5,,,0,70,,61579,5,,,0,30,,61571,5,,,0,70,,61556,5,,,0,30,,61577,5,,,0,70,,61566,5,,,0,30,,61555,5,,,0,69,,61576,5,,,0,30,,61565,5,,,0,70,,61554,5,,,0,30,,61581,5,,,0,70,,61564,5,,,0,30,,61553,5,,,0,70,,61580,5,,,0,30,,61570,5,,,0,70,,61552,5,,,0,30,,61575,5,,,0,65,,61585,5,,,0,25,,61586,5,,,0
14000001019,'1907',2429,,61782,42,,,0,30,,61781,42,,,0,70,,61780,42,,,0,30,,61783,42,,,0,70,,61784,42,,,0
14000001019,'1909',2429,,61788,42,,,0,30,,61785,42,,,0,70,,61786,42,,,0,30,,61787,42,,,0,70,,61789,42,,,0
14000001019,'1910',2429,,61793,42,,,0,30,,61790,42,,,0,70,,61792,42,,,0,30,,61791,42,,,0,70,,61794,42,,,0
14000001019,'1912',2429,,61797,42,,,0,30,,61796,42,,,0,70,,61795,42,,,0,30,,61798,42,,,0,70,,61799,42,,,0
14000001019,'1924',2429,,61802,42,,,0,30,,61801,42,,,0,70,,61800,42,,,0,30,,61803,42,,,0,70,,61804,42,,,0
14000001019,'1925',2429,,61807,42,,,0,30,,61806,42,,,0,70,,61805,42,,,0,30,,61808,42,,,0,70,,61809,42,,,0
