2019,'1907',706,,59137,32,,,0,30,,59114,32,,,0,70,,59118,32,,,0,30,,59130,32,,,0,72,,59125,32,,,0,30,,59115,32,,,0,70,,59119,32,,,0,30,,59131,32,,,0,70,,59126,32,,,0,30,,59116,32,,,0,70,,59120,32,,,0,30,,59132,32,,,0,70,,59127,32,,,0,30,,59117,32,,,0,70,,59121,32,,,0,30,,59133,32,,,0,70,,59128,32,,,0,30,,59112,32,,,0,70,,59122,32,,,0,30,,59134,32,,,0,70,,59129,32,,,0,30,,59110,32,,,0,70,,59123,32,,,0,30,,59135,32,,,0,100,,59111,32,,,0,99,,59136,32,,,0,100,,59113,32,,,0,100,,59124,32,,,0,99,,59138,32,,,0
2019,'1909',501,,59170,23,0,5 2 13 14,0,136,,59139,32,,,0,70,,59140,32,,,0,30,,59141,32,,,0,70,,59142,32,,,0,31,,59143,32,,,0,71,,59144,32,,,0,31,,59161,32,,,0,70,,59162,32,,,0,30,,59163,32,,,0,70,,59164,32,,,0,30,,59165,32,,,0,70,,59166,32,,,0,30,,59167,32,,,0,70,,59168,32,,,0,30,,59169,32,,,0,70,,59159,32,,,0,32,,59160,32,,,0,71,,59145,32,,,0,30,,59146,32,,,0,70,,59147,32,,,0,30,,59148,32,,,0,70,,59149,32,,,0,29,,59150,32,,,0,69,,59151,32,,,0,30,,59152,32,,,0,70,,59158,32,,,0,30,,59153,32,,,0,97,,59154,32,,,0,100,,59155,32,,,0,100,,59156,32,,,0,100,,59157,32,,,0
2019,'1910',636,,59171,23,,,0,70,,59178,32,,,0,30,,59187,32,,,0,70,,59194,32,,,0,30,,59172,32,,,0,70,,59179,32,,,0,30,,59188,32,,,0,71,,59195,32,,,0,31,,59173,32,,,0,70,,59180,32,,,0,30,,59189,32,,,0,70,,59196,32,,,0,30,,59174,32,,,0,70,,59181,32,,,0,30,,59190,32,,,0,70,,59197,32,,,0,30,,59175,32,,,0,70,,59182,32,,,0,30,,59191,32,,,0,70,,59198,32,,,0,30,,59176,32,,,0,70,,59183,32,,,0,30,,59192,32,,,0,70,,59199,32,,,0,30,,59177,32,,,0,70,,59184,32,,,0,30,,59193,32,,,0,99,,59185,32,,,0,100,,59200,32,,,0,100,,59186,32,,,0,100,,59201,32,,,0
2019,'1912',706,,59229,32,,,0,30,,59206,32,,,0,70,,59210,32,,,0,30,,59222,32,,,0,72,,59217,32,,,0,30,,59207,32,,,0,70,,59211,32,,,0,30,,59223,32,,,0,70,,59218,32,,,0,30,,59208,32,,,0,70,,59212,32,,,0,30,,59224,32,,,0,70,,59219,32,,,0,30,,59209,32,,,0,70,,59213,32,,,0,30,,59225,32,,,0,70,,59220,32,,,0,30,,59204,32,,,0,70,,59214,32,,,0,30,,59226,32,,,0,70,,59221,32,,,0,30,,59202,32,,,0,70,,59215,32,,,0,30,,59227,32,,,0,100,,59203,32,,,0,99,,59228,32,,,0,100,,59205,32,,,0,100,,59216,32,,,0,99,,59230,32,,,0
2019,'1924',706,,59258,32,,,0,30,,59235,32,,,0,70,,59239,32,,,0,30,,59251,32,,,0,72,,59246,32,,,0,30,,59236,32,,,0,70,,59240,32,,,0,30,,59252,32,,,0,70,,59247,32,,,0,30,,59237,32,,,0,70,,59241,32,,,0,30,,59253,32,,,0,70,,59248,32,,,0,30,,59238,32,,,0,70,,59242,32,,,0,30,,59254,32,,,0,70,,59249,32,,,0,30,,59233,32,,,0,70,,59243,32,,,0,30,,59255,32,,,0,70,,59250,32,,,0,30,,59231,32,,,0,70,,59244,32,,,0,30,,59256,32,,,0,100,,59232,32,,,0,99,,59257,32,,,0,100,,59234,32,,,0,100,,59245,32,,,0,99,,59259,32,,,0
2019,'1925',706,,59287,32,,,0,30,,59264,32,,,0,70,,59268,32,,,0,30,,59280,32,,,0,72,,59275,32,,,0,30,,59265,32,,,0,70,,59269,32,,,0,30,,59281,32,,,0,70,,59276,32,,,0,30,,59266,32,,,0,70,,59270,32,,,0,30,,59282,32,,,0,70,,59277,32,,,0,30,,59267,32,,,0,70,,59271,32,,,0,30,,59283,32,,,0,70,,59278,32,,,0,30,,59262,32,,,0,70,,59272,32,,,0,30,,59284,32,,,0,70,,59279,32,,,0,30,,59260,32,,,0,70,,59273,32,,,0,30,,59285,32,,,0,100,,59261,32,,,0,99,,59286,32,,,0,100,,59263,32,,,0,100,,59274,32,,,0,99,,59288,32,,,0
702019,'1907',650,,61534,4,,,0,70,,57938,4,,,0,30,,57960,4,,,0,70,,61532,4,,,0,30,,57937,4,,,0,70,,57959,4,,,0,31,,61533,4,,,0,70,,57936,4,,,0,30,,57954,4,,,0,70,,57944,4,,,0,30,,57935,4,,,0,70,,57950,4,,,0,30,,57939,4,,,0,70,,57934,4,,,0,30,,57958,4,,,0,70,,57943,4,,,0,30,,57933,4,,,0,70,,57955,4,,,0,30,,57947,4,,,0,70,,57932,4,,,0,30,,57953,4,,,0,70,,57942,4,,,0,30,,57931,4,,,0,69,,57952,4,,,0,30,,57941,4,,,0,70,,57930,4,,,0,30,,57957,4,,,0,70,,57940,4,,,0,30,,57929,4,,,0,70,,57956,4,,,0,30,,57946,4,,,0,70,,57928,4,,,0,30,,57951,4,,,0,65,,57961,4,,,0,25,,57962,4,,,0
702019,'1909',634,,57963,4,,,0,25,,57964,4,,,0,64,,57998,4,,,0,22,,57965,4,,,0,55,,61535,4,,,0,23,,57967,4,,,0,17,,57999,4,,,0,12,,57997,4,,,0,72,,57968,4,,,0,20,,61536,4,,,0,70,,57970,4,,,0,30,,58003,4,,,0,70,,61537,4,,,0,30,,57972,4,,,0,70,,57973,4,,,0,30,,61538,4,,,0,70,,61539,4,,,0,30,,57976,4,,,0,70,,57977,4,,,0,31,,61540,4,,,0,70,,61543,4,,,0,22,,57979,4,,,0,20,,57980,4,,,0,60,,57981,4,,,0,20,,57982,4,,,0,20,,58001,4,,,0,60,,57983,4,,,0,18,,57984,4,,,0,20,,61541,4,,,0,65,,57986,4,,,0,30,,57987,4,,,0,70,,57988,4,,,0,30,,57989,4,,,0,70,,57990,4,,,0,30,,57991,4,,,0,70,,57992,4,,,0,30,,57993,4,,,0,69,,57994,4,,,0,30,,57995,4,,,0,65,,61542,4,,,0,25,,58002,4,,,0
702019,'1910',650,,58014,4,,,0,70,,58016,4,,,0,30,,58018,4,,,0,70,,58013,4,,,0,30,,58015,4,,,0,70,,58017,4,,,0,30,,58019,4,,,0,71,,58030,4,,,0,30,,58028,4,,,0,70,,58034,4,,,0,30,,58025,4,,,0,70,,58038,4,,,0,30,,58027,4,,,0,70,,58036,4,,,0,30,,58033,4,,,0,70,,58032,4,,,0,30,,58029,4,,,0,70,,58022,4,,,0,30,,61545,4,,,0,70,,58021,4,,,0,30,,58031,4,,,0,70,,58024,4,,,0,30,,61544,4,,,0,70,,58035,4,,,0,30,,58026,4,,,0,70,,58008,4,,,0,30,,58011,4,,,0,70,,58004,4,,,0,29,,58006,4,,,0,70,,58009,4,,,0,30,,58012,4,,,0,70,,58005,4,,,0,30,,58007,4,,,0,65,,58010,4,,,0,25,,58020,4,,,0
702019,'1912',650,,61548,4,,,0,70,,58084,4,,,0,30,,58106,4,,,0,70,,61546,4,,,0,30,,58083,4,,,0,70,,58105,4,,,0,31,,61547,4,,,0,70,,58082,4,,,0,30,,58100,4,,,0,70,,58090,4,,,0,30,,58081,4,,,0,70,,58096,4,,,0,30,,58085,4,,,0,70,,58080,4,,,0,30,,58104,4,,,0,70,,58089,4,,,0,30,,58079,4,,,0,70,,58101,4,,,0,30,,58093,4,,,0,70,,58078,4,,,0,30,,58099,4,,,0,70,,58088,4,,,0,30,,58077,4,,,0,69,,58098,4,,,0,30,,58087,4,,,0,70,,58076,4,,,0,30,,58103,4,,,0,70,,58086,4,,,0,30,,58075,4,,,0,70,,58102,4,,,0,30,,58092,4,,,0,70,,58074,4,,,0,30,,58097,4,,,0,65,,58107,4,,,0,25,,58108,4,,,0
702019,'1924',650,,61551,4,,,0,70,,58049,4,,,0,30,,58071,4,,,0,70,,61549,4,,,0,30,,58048,4,,,0,70,,58070,4,,,0,31,,61550,4,,,0,70,,58047,4,,,0,30,,58065,4,,,0,70,,58055,4,,,0,30,,58046,4,,,0,70,,58061,4,,,0,30,,58050,4,,,0,70,,58045,4,,,0,30,,58069,4,,,0,70,,58054,4,,,0,30,,58044,4,,,0,70,,58066,4,,,0,30,,58058,4,,,0,70,,58043,4,,,0,30,,58064,4,,,0,70,,58053,4,,,0,30,,58042,4,,,0,69,,58063,4,,,0,30,,58052,4,,,0,70,,58041,4,,,0,30,,58068,4,,,0,70,,58051,4,,,0,30,,58040,4,,,0,70,,58067,4,,,0,30,,58057,4,,,0,70,,58039,4,,,0,30,,58062,4,,,0,65,,58072,4,,,0,25,,58073,4,,,0
702019,'1925',650,,61573,4,,,0,70,,61562,4,,,0,30,,61584,4,,,0,70,,61569,4,,,0,30,,61561,4,,,0,70,,61583,4,,,0,31,,61572,4,,,0,70,,61560,4,,,0,30,,61578,4,,,0,70,,61568,4,,,0,30,,61559,4,,,0,70,,61574,4,,,0,30,,61563,4,,,0,70,,61558,4,,,0,30,,61582,4,,,0,70,,61567,4,,,0,30,,61557,4,,,0,70,,61579,4,,,0,30,,61571,4,,,0,70,,61556,4,,,0,30,,61577,4,,,0,70,,61566,4,,,0,30,,61555,4,,,0,69,,61576,4,,,0,30,,61565,4,,,0,70,,61554,4,,,0,30,,61581,4,,,0,70,,61564,4,,,0,30,,61553,4,,,0,70,,61580,4,,,0,30,,61570,4,,,0,70,,61552,4,,,0,30,,61575,4,,,0,65,,61585,4,,,0,25,,61586,4,,,0
14000001019,'1907',2428,,61782,39,,,0,30,,61781,39,,,0,70,,61780,39,,,0,30,,61783,39,,,0,70,,61784,39,,,0
14000001019,'1909',2428,,61788,39,,,0,30,,61785,39,,,0,70,,61786,39,,,0,30,,61787,39,,,0,70,,61789,39,,,0
14000001019,'1910',2428,,61793,39,,,0,30,,61790,39,,,0,70,,61792,39,,,0,30,,61791,39,,,0,70,,61794,39,,,0
14000001019,'1912',2428,,61797,39,,,0,30,,61796,39,,,0,70,,61795,39,,,0,30,,61798,39,,,0,70,,61799,39,,,0
14000001019,'1924',2428,,61802,39,,,0,30,,61801,39,,,0,70,,61800,39,,,0,30,,61803,39,,,0,70,,61804,39,,,0
14000001019,'1925',2428,,61807,39,,,0,30,,61806,39,,,0,70,,61805,39,,,0,30,,61808,39,,,0,70,,61809,39,,,0
