1029,'1907',613,,58968,32,,,0,98,,58969,32,,,0,100,,58970,32,,,0,101,,58971,32,,,0,101,,58972,32,,,0,100,,58973,32,,,0,100,,58974,32,,,0,100,,58975,32,,,0,100,,58976,32,,,0,100,,58977,32,,,0,99,,58978,32,,,0,100,,58979,32,,,0,100,,58980,32,,,0,100,,58981,32,,,0,100,,58982,32,,,0,100,,58983,32,,,0,97,,58984,32,,,0,100,,58985,32,,,0
1029,'1909',611,,58995,32,,,0,35,,58996,32,,,0,68,,59016,32,,,0,30,,58992,32,,,0,70,,58987,32,,,0,30,,59020,32,,,0,72,,58990,32,,,0,30,,58997,32,,,0,70,,59015,32,,,0,30,,58994,32,,,0,70,,58986,32,,,0,30,,59019,32,,,0,70,,58991,32,,,0,30,,58998,32,,,0,70,,59014,32,,,0,30,,58993,32,,,0,70,,58988,32,,,0,31,,59017,32,,,0,71,,58989,32,,,0,30,,58999,32,,,0,70,,59013,32,,,0,30,,59002,32,,,0,70,,59001,32,,,0,27,,59000,32,,,0,67,,59006,32,,,0,30,,59005,32,,,0,70,,59004,32,,,0,30,,59003,32,,,0,70,,59018,32,,,0,29,,59012,32,,,0,70,,59011,32,,,0,30,,59010,32,,,0,70,,59009,32,,,0,30,,59008,32,,,0,65,,59007,32,,,0
1029,'1910',612,,59026,32,,,0,28,,59038,32,,,0,70,,59045,32,,,0,30,,59033,32,,,0,70,,59054,32,,,0,30,,59042,32,,,0,72,,59025,32,,,0,29,,59037,32,,,0,70,,59048,32,,,0,30,,59032,32,,,0,70,,59055,32,,,0,30,,59041,32,,,0,70,,59024,32,,,0,30,,59036,32,,,0,70,,59047,32,,,0,30,,59031,32,,,0,70,,59027,32,,,0,30,,59040,32,,,0,70,,59023,32,,,0,30,,59035,32,,,0,70,,59043,32,,,0,30,,59030,32,,,0,70,,59052,32,,,0,30,,59039,32,,,0,69,,59022,32,,,0,31,,59034,32,,,0,70,,59046,32,,,0,30,,59028,32,,,0,70,,59050,32,,,0,30,,59049,32,,,0,70,,59021,32,,,0,30,,59029,32,,,0,70,,59044,32,,,0,30,,59053,32,,,0,69,,59051,32,,,0
1029,'1912',613,,59056,32,,,0,98,,59057,32,,,0,100,,59058,32,,,0,101,,59059,32,,,0,101,,59060,32,,,0,100,,59061,32,,,0,100,,59062,32,,,0,100,,59063,32,,,0,100,,59064,32,,,0,100,,59065,32,,,0,99,,59066,32,,,0,100,,59067,32,,,0,100,,59068,32,,,0,100,,59069,32,,,0,100,,59070,32,,,0,100,,59071,32,,,0,97,,59072,32,,,0,100,,59073,32,,,0
1029,'1924',613,,59074,32,,,0,98,,59075,32,,,0,100,,59076,32,,,0,101,,59077,32,,,0,101,,59078,32,,,0,100,,59079,32,,,0,100,,59080,32,,,0,100,,59081,32,,,0,100,,59082,32,,,0,100,,59083,32,,,0,99,,59084,32,,,0,100,,59085,32,,,0,100,,59086,32,,,0,100,,59087,32,,,0,100,,59088,32,,,0,100,,59089,32,,,0,97,,59090,32,,,0,100,,59091,32,,,0
1029,'1925',613,,59092,32,,,0,98,,59093,32,,,0,100,,59094,32,,,0,101,,59095,32,,,0,101,,59096,32,,,0,100,,59097,32,,,0,100,,59098,32,,,0,100,,59099,32,,,0,100,,59100,32,,,0,100,,59101,32,,,0,99,,59102,32,,,0,100,,59103,32,,,0,100,,59104,32,,,0,100,,59105,32,,,0,100,,59106,32,,,0,100,,59107,32,,,0,97,,59108,32,,,0,100,,59109,32,,,0
31019,'1907',605,,60562,12,,,0,50,,60545,24,,,0,100,,60546,24,,,0,101,,60547,24,,,0,100,,60548,24,,,0,100,,60549,24,,,0,101,,60550,24,,,0,100,,60551,24,,,0,100,,60552,24,,,0,100,,60553,24,,,0,100,,60554,24,,,0,100,,60555,24,,,0,100,,60556,24,,,0,100,,60557,24,,,0,99,,60558,24,,,0,100,,60559,24,,,0,100,,60560,24,,,0,99,,60561,24,,,0
31019,'1909',605,,60596,12,,,0,26,,60591,12,,,0,25,,60564,24,,,0,73,,60577,24,,,0,30,,60589,24,,,0,70,,60573,24,,,0,30,,60570,24,,,0,69,,60584,24,,,0,30,,60567,24,,,0,70,,60578,24,,,0,30,,60588,24,,,0,70,,60576,24,,,0,30,,60571,24,,,0,70,,60583,24,,,0,30,,60566,24,,,0,70,,60579,24,,,0,30,,60587,24,,,0,70,,60574,24,,,0,30,,55867,24,,,0,73,,60582,24,,,0,70,,55865,24,,,0,30,,60580,24,,,0,69,,55886,24,,,0,27,,60575,24,,,0,29,,60569,24,,,0,70,,60581,24,,,0,30,,60565,24,,,0,70,,60597,24,,,0,30,,60586,24,,,0,100,,60572,24,,,0,100,,60568,24,,,0,100,,60585,24,,,0
31019,'1910',605,,60633,12,,,0,26,,60626,12,,,0,24,,60603,24,,,0,70,,60619,24,,,0,30,,60632,24,,,0,70,,60615,24,,,0,30,,60609,24,,,0,71,,60625,24,,,0,30,,60602,24,,,0,70,,60618,24,,,0,30,,60627,24,,,0,70,,60614,24,,,0,30,,60608,24,,,0,72,,60624,24,,,0,30,,60601,24,,,0,70,,60617,24,,,0,30,,60630,24,,,0,70,,60613,24,,,0,30,,60607,24,,,0,70,,60623,24,,,0,30,,60600,24,,,0,70,,60616,24,,,0,30,,60629,24,,,0,70,,60612,24,,,0,29,,60606,24,,,0,70,,60622,24,,,0,30,,60599,24,,,0,69,,60634,24,,,0,30,,60628,24,,,0,100,,60605,24,,,0,100,,60598,24,,,0,100,,60631,24,,,0
31019,'1912',605,,60652,12,,,0,50,,60635,24,,,0,100,,60636,24,,,0,101,,60637,24,,,0,100,,60638,24,,,0,100,,60639,24,,,0,101,,60640,24,,,0,100,,60641,24,,,0,100,,60642,24,,,0,100,,60643,24,,,0,100,,60644,24,,,0,100,,60645,24,,,0,100,,60646,24,,,0,100,,60647,24,,,0,99,,60648,24,,,0,100,,60649,24,,,0,100,,60650,24,,,0,99,,60651,24,,,0
31019,'1924',605,,60671,12,,,0,50,,60654,24,,,0,100,,60655,24,,,0,101,,60656,24,,,0,100,,60657,24,,,0,100,,60658,24,,,0,101,,60659,24,,,0,100,,60660,24,,,0,100,,60661,24,,,0,100,,60662,24,,,0,100,,60663,24,,,0,100,,60664,24,,,0,100,,60665,24,,,0,100,,60666,24,,,0,99,,60667,24,,,0,100,,60668,24,,,0,100,,60669,24,,,0,99,,60670,24,,,0
31019,'1925',605,,60690,12,,,0,50,,60673,24,,,0,100,,60674,24,,,0,101,,60675,24,,,0,100,,60676,24,,,0,100,,60677,24,,,0,101,,60678,24,,,0,100,,60679,24,,,0,100,,60680,24,,,0,100,,60681,24,,,0,100,,60682,24,,,0,100,,60683,24,,,0,100,,60684,24,,,0,100,,60685,24,,,0,99,,60686,24,,,0,100,,60687,24,,,0,100,,60688,24,,,0,99,,60689,24,,,0
