2019,'1907',643,,59137,9,,,0,70,,59114,9,,,0,30,,59118,9,,,0,70,,59130,9,,,0,30,,59125,9,,,0,70,,59115,9,,,0,30,,59119,9,,,0,70,,59131,9,,,0,30,,59126,9,,,0,70,,59116,9,,,0,30,,59120,9,,,0,70,,59132,9,,,0,30,,59127,9,,,0,70,,59117,9,,,0,30,,59121,9,,,0,70,,59133,9,,,0,30,,59128,9,,,0,70,,59112,9,,,0,30,,59122,9,,,0,70,,59134,9,,,0,30,,59129,9,,,0,70,,59110,9,,,0,30,,59123,9,,,0,70,,59135,9,,,0,100,,59111,9,,,0,100,,59136,9,,,0,100,,59113,9,,,0,100,,59124,9,,,0,99,,59138,9,,,0
2019,'1909',614,,59139,9,,,0,28,,59140,9,,,0,71,,59141,9,,,0,30,,59142,9,,,0,70,,59143,9,,,0,30,,59144,9,,,0,69,,59161,9,,,0,30,,59162,9,,,0,70,,59163,9,,,0,30,,59164,9,,,0,70,,59165,9,,,0,30,,59166,9,,,0,70,,59167,9,,,0,30,,59168,9,,,0,70,,59169,9,,,0,30,,59159,9,,,0,70,,59160,9,,,0,30,,59145,9,,,0,70,,59146,9,,,0,30,,59147,9,,,0,70,,59148,9,,,0,30,,59149,9,,,0,70,,59150,9,,,0,29,,59151,9,,,0,70,,59152,9,,,0,30,,59158,9,,,0,70,,59153,9,,,0,100,,59154,9,,,0,100,,59155,9,,,0,100,,59156,9,,,0,100,,59157,9,,,0
2019,'1910',642,,59178,9,,,0,70,,59187,9,,,0,30,,59194,9,,,0,70,,59172,9,,,0,30,,59179,9,,,0,70,,59188,9,,,0,30,,59195,9,,,0,71,,59173,9,,,0,30,,59180,9,,,0,70,,59189,9,,,0,30,,59196,9,,,0,70,,59174,9,,,0,30,,59181,9,,,0,70,,59190,9,,,0,30,,59197,9,,,0,70,,59175,9,,,0,30,,59182,9,,,0,70,,59191,9,,,0,30,,59198,9,,,0,70,,59176,9,,,0,30,,59183,9,,,0,70,,59192,9,,,0,30,,59199,9,,,0,70,,59177,9,,,0,30,,59184,9,,,0,70,,59193,9,,,0,100,,59185,9,,,0,100,,59200,9,,,0,100,,59186,9,,,0,100,,59201,9,,,0
2019,'1912',643,,59229,9,,,0,70,,59206,9,,,0,30,,59210,9,,,0,70,,59222,9,,,0,30,,59217,9,,,0,70,,59207,9,,,0,30,,59211,9,,,0,70,,59223,9,,,0,30,,59218,9,,,0,70,,59208,9,,,0,30,,59212,9,,,0,70,,59224,9,,,0,30,,59219,9,,,0,70,,59209,9,,,0,30,,59213,9,,,0,70,,59225,9,,,0,30,,59220,9,,,0,70,,59204,9,,,0,30,,59214,9,,,0,70,,59226,9,,,0,30,,59221,9,,,0,70,,59202,9,,,0,30,,59215,9,,,0,70,,59227,9,,,0,100,,59203,9,,,0,100,,59228,9,,,0,100,,59205,9,,,0,100,,59216,9,,,0,99,,59230,9,,,0
2019,'1924',643,,59258,9,,,0,70,,59235,9,,,0,30,,59239,9,,,0,70,,59251,9,,,0,30,,59246,9,,,0,70,,59236,9,,,0,30,,59240,9,,,0,70,,59252,9,,,0,30,,59247,9,,,0,70,,59237,9,,,0,30,,59241,9,,,0,70,,59253,9,,,0,30,,59248,9,,,0,70,,59238,9,,,0,30,,59242,9,,,0,70,,59254,9,,,0,30,,59249,9,,,0,70,,59233,9,,,0,30,,59243,9,,,0,70,,59255,9,,,0,30,,59250,9,,,0,70,,59231,9,,,0,30,,59244,9,,,0,70,,59256,9,,,0,100,,59232,9,,,0,100,,59257,9,,,0,100,,59234,9,,,0,100,,59245,9,,,0,99,,59259,9,,,0
2019,'1925',643,,59287,9,,,0,70,,59264,9,,,0,30,,59268,9,,,0,70,,59280,9,,,0,30,,59275,9,,,0,70,,59265,9,,,0,30,,59269,9,,,0,70,,59281,9,,,0,30,,59276,9,,,0,70,,59266,9,,,0,30,,59270,9,,,0,70,,59282,9,,,0,30,,59277,9,,,0,70,,59267,9,,,0,30,,59271,9,,,0,70,,59283,9,,,0,30,,59278,9,,,0,70,,59262,9,,,0,30,,59272,9,,,0,70,,59284,9,,,0,30,,59279,9,,,0,70,,59260,9,,,0,30,,59273,9,,,0,70,,59285,9,,,0,100,,59261,9,,,0,100,,59286,9,,,0,100,,59263,9,,,0,100,,59274,9,,,0,99,,59288,9,,,0
32019,'1907',558,,60709,11,,,0,96,,60692,41,,,0,100,,60693,41,,,0,100,,60694,41,,,0,100,,60695,41,,,0,100,,60696,41,,,0,102,,60697,41,,,0,100,,60698,41,,,0,100,,60699,41,,,0,100,,60700,41,,,0,100,,60701,41,,,0,100,,60702,41,,,0,100,,60703,41,,,0,99,,60704,41,,,0,100,,60705,41,,,0,100,,60706,41,,,0,99,,60707,41,,,0,100,,60708,41,,,0
32019,'1909',438,,60747,11,,,0,88,,60748,11,,,0,30,,60746,11,,,0,68,,60744,11,,,0,32,,60719,41,,,0,72,,60735,41,,,0,30,,60714,41,,,0,69,,60730,41,,,0,30,,60740,41,,,0,70,,60724,41,,,0,29,,60722,41,,,0,70,,60734,41,,,0,30,,60712,41,,,0,70,,60728,41,,,0,30,,60739,41,,,0,70,,60726,41,,,0,30,,60721,41,,,0,70,,60733,41,,,0,30,,60715,41,,,0,70,,60727,41,,,0,32,,60738,41,,,0,70,,60725,41,,,0,30,,60718,41,,,0,70,,60732,41,,,0,30,,60711,41,,,0,70,,60729,41,,,0,27,,60737,41,,,0,71,,60723,41,,,0,30,,60720,41,,,0,70,,60731,41,,,0,30,,60716,41,,,0,69,,60741,11,,,0,30,,60736,41,,,0,70,,60743,11,,,0,30,,60717,41,,,0,70,,60742,11,,,0,30,,60713,41,,,0
32019,'1910',528,,60785,11,,,0,30,,60784,11,,,0,70,,60767,11,,,0,26,,60760,41,,,0,70,,60777,41,,,0,30,,60754,41,,,0,70,,60771,41,,,0,30,,60778,41,,,0,70,,60766,41,,,0,30,,60759,41,,,0,72,,60776,41,,,0,30,,60753,41,,,0,70,,60770,41,,,0,30,,60781,41,,,0,70,,60765,41,,,0,30,,60758,41,,,0,70,,60775,41,,,0,30,,60752,41,,,0,70,,60769,41,,,0,30,,60780,41,,,0,70,,60764,41,,,0,30,,60757,41,,,0,70,,60774,41,,,0,30,,60751,41,,,0,70,,60768,41,,,0,30,,60782,41,,,0,70,,60763,41,,,0,29,,60756,41,,,0,70,,60772,41,,,0,30,,60750,41,,,0,70,,60762,11,,,0,30,,60779,41,,,0,70,,60773,11,,,0,30,,60755,41,,,0,70,,60761,11,,,0,30,,60749,41,,,0
32019,'1912',558,,60803,11,,,0,96,,60786,41,,,0,100,,60787,41,,,0,100,,60788,41,,,0,100,,60789,41,,,0,100,,60790,41,,,0,102,,60791,41,,,0,100,,60792,41,,,0,100,,60793,41,,,0,100,,60794,41,,,0,100,,60795,41,,,0,100,,60796,41,,,0,100,,60797,41,,,0,99,,60798,41,,,0,100,,60799,41,,,0,100,,60800,41,,,0,99,,60801,41,,,0,100,,60802,41,,,0
32019,'1924',558,,60822,11,,,0,96,,60805,41,,,0,100,,60806,41,,,0,100,,60807,41,,,0,100,,60808,41,,,0,100,,60809,41,,,0,102,,60810,41,,,0,100,,60811,41,,,0,100,,60812,41,,,0,100,,60813,41,,,0,100,,60814,41,,,0,100,,60815,41,,,0,100,,60816,41,,,0,99,,60817,41,,,0,100,,60818,41,,,0,100,,60819,41,,,0,99,,60820,41,,,0,100,,60821,41,,,0
32019,'1925',558,,60841,11,,,0,96,,60824,41,,,0,100,,60825,41,,,0,100,,60826,41,,,0,100,,60827,41,,,0,100,,60828,41,,,0,102,,60829,41,,,0,100,,60830,41,,,0,100,,60831,41,,,0,100,,60832,41,,,0,100,,60833,41,,,0,100,,60834,41,,,0,100,,60835,41,,,0,99,,60836,41,,,0,100,,60837,41,,,0,100,,60838,41,,,0,99,,60839,41,,,0,100,,60840,41,,,0
14000001019,'1907',2409,,61782,16,,,0,30,,61781,16,,,0,70,,61780,16,,,0,30,,61783,16,,,0,70,,61784,16,,,0
14000001019,'1909',2409,,61788,16,,,0,30,,61785,16,,,0,70,,61786,16,,,0,30,,61787,16,,,0,70,,61789,16,,,0
14000001019,'1910',2409,,61793,16,,,0,30,,61790,16,,,0,70,,61792,16,,,0,30,,61791,16,,,0,70,,61794,16,,,0
14000001019,'1912',2409,,61797,16,,,0,30,,61796,16,,,0,70,,61795,16,,,0,30,,61798,16,,,0,70,,61799,16,,,0
14000001019,'1924',2409,,61802,16,,,0,30,,61801,16,,,0,70,,61800,16,,,0,30,,61803,16,,,0,70,,61804,16,,,0
14000001019,'1925',2409,,61807,16,,,0,30,,61806,16,,,0,70,,61805,16,,,0,30,,61808,16,,,0,70,,61809,16,,,0
