11019,'1907',916,,54715,24,,,0,100,,54716,24,,,0,100,,54717,24,,,0,101,,54718,24,,,0,100,,54719,24,,,0,100,,54720,24,,,0,100,,54721,24,,,0,99,,54722,24,,,0,100,,54723,24,,,0,100,,54724,24,,,0,99,,60045,24,,,0,100,,54727,24,,,0
11019,'1909',717,,54728,24,,,0,101,,60046,24,,,0,101,,60047,24,,,0,100,,60048,24,,,0,100,,60049,24,,,0,100,,60050,24,,,0,100,,60051,24,,,0,100,,60052,24,,,0,100,,60053,24,,,0,100,,54737,24,,,0,100,,60054,24,,,0,99,,60055,24,,,0,99,,54740,24,,,0,100,,60056,24,,,0,100,,54742,24,,,0
11019,'1910',716,,54746,24,,,0,100,,54747,24,,,0,101,,60057,24,,,0,100,,54749,24,,,0,100,,54750,24,,,0,100,,54751,24,,,0,100,,54752,24,,,0,100,,54753,24,,,0,100,,54754,24,,,0,100,,60058,24,,,0,100,,54756,24,,,0,100,,54757,24,,,0,99,,54744,24,,,0,100,,54745,24,,,0
11019,'1912',916,,54772,24,,,0,100,,54773,24,,,0,100,,54774,24,,,0,101,,54775,24,,,0,100,,54776,24,,,0,100,,54777,24,,,0,100,,54778,24,,,0,99,,54779,24,,,0,100,,54780,24,,,0,100,,54781,24,,,0,99,,60059,24,,,0,100,,54784,24,,,0
11019,'1924',916,,54759,24,,,0,100,,54760,24,,,0,100,,54761,24,,,0,101,,54762,24,,,0,100,,54763,24,,,0,100,,54764,24,,,0,100,,54765,24,,,0,99,,54766,24,,,0,100,,54767,24,,,0,100,,54768,24,,,0,99,,60060,24,,,0,100,,54771,24,,,0
11019,'1925',916,,60061,24,,,0,100,,60062,24,,,0,100,,60063,24,,,0,101,,60064,24,,,0,100,,60065,24,,,0,100,,60066,24,,,0,100,,60067,24,,,0,99,,60068,24,,,0,100,,60069,24,,,0,100,,60070,24,,,0,99,,60071,24,,,0,100,,60073,24,,,0
701019,'1907',632,,57470,15,,,0,68,,57511,15,,,0,30,,61384,15,,,0,70,,57469,15,,,0,15,,57446,15,,,0,15,,57514,15,,,0,15,,57428,15,,,0,55,,61382,15,,,0,17,,57430,15,,,0,15,,57466,15,,,0,15,,57447,15,,,0,55,,57509,15,,,0,15,,57422,15,,,0,15,,61383,15,,,0,15,,57431,15,,,0,55,,57465,15,,,0,15,,57426,15,,,0,17,,57505,15,,,0,15,,57434,15,,,0,55,,57488,15,,,0,15,,57429,15,,,0,15,,57462,15,,,0,15,,57441,15,,,0,55,,57506,15,,,0,15,,57432,15,,,0,15,,57484,15,,,0,15,,57437,15,,,0,55,,57460,15,,,0,15,,57440,15,,,0,15,,57515,15,,,0,15,,57427,15,,,0,55,,57485,15,,,0,15,,57439,15,,,0,15,,57458,15,,,0,15,,57443,15,,,0,55,,57510,15,,,0,15,,57424,15,,,0,15,,57491,15,,,0,15,,57425,15,,,0,55,,57456,15,,,0,15,,57442,15,,,0,15,,57502,15,,,0,15,,57423,15,,,0,55,,57481,15,,,0,15,,57438,15,,,0,14,,57455,15,,,0,15,,57444,15,,,0,55,,57501,15,,,0,15,,57435,15,,,0,15,,57482,15,,,0,15,,57436,15,,,0,55,,57453,15,,,0,14,,57445,15,,,0,15,,57516,15,,,0,15,,57433,15,,,0,55,,57480,15,,,0,30,,57450,15,,,0,70,,57512,15,,,0,30,,57475,15,,,0,69,,57448,15,,,0,30,,57517,15,,,0,25,,57518,15,,,0,65,,57520,15,,,0
701019,'1909',612,,57521,15,,,0,30,,57522,15,,,0,58,,57523,15,,,0,18,,57524,15,,,0,15,,57525,15,,,0,15,,57526,15,,,0,55,,57527,15,,,0,15,,57528,15,,,0,15,,57529,15,,,0,15,,61386,15,,,0,55,,57531,15,,,0,17,,57532,15,,,0,15,,57533,15,,,0,15,,57534,15,,,0,55,,61411,15,,,0,15,,61387,15,,,0,15,,61388,15,,,0,15,,57537,15,,,0,55,,57538,15,,,0,15,,57539,15,,,0,15,,57540,15,,,0,15,,61389,15,,,0,55,,61390,15,,,0,15,,61391,15,,,0,15,,57544,15,,,0,15,,57545,15,,,0,55,,57546,15,,,0,15,,57547,15,,,0,15,,61392,15,,,0,15,,61393,15,,,0,55,,61394,15,,,0,15,,57551,15,,,0,17,,57552,15,,,0,18,,57553,15,,,0,55,,57554,15,,,0,15,,57620,15,,,0,15,,61395,15,,,0,15,,57556,15,,,0,55,,61396,15,,,0,15,,57558,15,,,0,15,,61409,15,,,0,15,,57559,15,,,0,55,,57560,15,,,0,15,,57561,15,,,0,12,,57562,15,,,0,12,,57563,15,,,0,55,,57564,15,,,0,15,,61397,15,,,0,15,,57566,15,,,0,15,,61398,15,,,0,55,,57568,15,,,0,15,,57569,15,,,0,15,,57570,15,,,0,15,,61399,15,,,0,54,,57572,15,,,0,13,,61400,15,,,0,15,,57574,15,,,0,15,,57575,15,,,0,55,,57576,15,,,0,30,,57577,15,,,0,70,,57578,15,,,0,30,,57579,15,,,0,70,,57580,15,,,0,30,,57581,15,,,0,25,,61401,15,,,0,65,,57583,15,,,0
701019,'1910',632,,57662,15,,,0,68,,57647,15,,,0,30,,57637,15,,,0,70,,57643,15,,,0,15,,61414,15,,,0,15,,57650,15,,,0,17,,57666,15,,,0,55,,57633,15,,,0,15,,57667,15,,,0,15,,57638,15,,,0,15,,57672,15,,,0,55,,57644,15,,,0,19,,57688,15,,,0,15,,57708,15,,,0,15,,57724,15,,,0,56,,57712,15,,,0,15,,57679,15,,,0,15,,57719,15,,,0,15,,57701,15,,,0,55,,57726,15,,,0,15,,57717,15,,,0,15,,57674,15,,,0,15,,57722,15,,,0,55,,57707,15,,,0,15,,57678,15,,,0,15,,57716,15,,,0,15,,57700,15,,,0,55,,57681,15,,,0,15,,61418,15,,,0,15,,57706,15,,,0,15,,57723,15,,,0,55,,57715,15,,,0,15,,57677,15,,,0,15,,57720,15,,,0,15,,57705,15,,,0,55,,57697,15,,,0,15,,57718,15,,,0,15,,61420,15,,,0,15,,57728,15,,,0,54,,57676,15,,,0,15,,57696,15,,,0,15,,57703,15,,,0,15,,57694,15,,,0,55,,57689,15,,,0,15,,57692,15,,,0,15,,61416,15,,,0,15,,57687,15,,,0,54,,57680,15,,,0,12,,57663,15,,,0,15,,57693,15,,,0,15,,57668,15,,,0,55,,57645,15,,,0,15,,57669,15,,,0,15,,57651,15,,,0,15,,61415,15,,,0,55,,57634,15,,,0,29,,57639,15,,,0,70,,57646,15,,,0,30,,57652,15,,,0,70,,57659,15,,,0,30,,57661,15,,,0,25,,57671,15,,,0,65,,57664,15,,,0
701019,'1912',632,,57877,15,,,0,68,,57918,15,,,0,30,,61425,15,,,0,70,,57876,15,,,0,15,,57853,15,,,0,15,,57921,15,,,0,15,,57835,15,,,0,55,,61423,15,,,0,17,,57837,15,,,0,15,,57873,15,,,0,15,,57854,15,,,0,55,,57916,15,,,0,15,,57829,15,,,0,15,,61424,15,,,0,15,,57838,15,,,0,55,,57872,15,,,0,15,,57833,15,,,0,17,,57912,15,,,0,15,,57841,15,,,0,55,,57895,15,,,0,15,,57836,15,,,0,15,,57869,15,,,0,15,,57848,15,,,0,55,,57913,15,,,0,15,,57839,15,,,0,15,,57891,15,,,0,15,,57844,15,,,0,55,,57867,15,,,0,15,,57847,15,,,0,15,,57922,15,,,0,15,,57834,15,,,0,55,,57892,15,,,0,15,,57846,15,,,0,15,,57865,15,,,0,15,,57850,15,,,0,55,,57917,15,,,0,15,,57831,15,,,0,15,,57898,15,,,0,15,,57832,15,,,0,55,,57863,15,,,0,15,,57849,15,,,0,15,,57909,15,,,0,15,,57830,15,,,0,55,,57888,15,,,0,15,,57845,15,,,0,14,,57862,15,,,0,15,,57851,15,,,0,55,,57908,15,,,0,15,,57842,15,,,0,15,,57889,15,,,0,15,,57843,15,,,0,55,,57860,15,,,0,14,,57852,15,,,0,15,,57923,15,,,0,15,,57840,15,,,0,55,,57887,15,,,0,30,,57857,15,,,0,70,,57919,15,,,0,30,,57882,15,,,0,69,,57855,15,,,0,30,,57924,15,,,0,25,,57925,15,,,0,65,,57927,15,,,0
701019,'1924',632,,57778,15,,,0,68,,57819,15,,,0,30,,61431,15,,,0,70,,57777,15,,,0,15,,57754,15,,,0,15,,57822,15,,,0,15,,57736,15,,,0,55,,61429,15,,,0,17,,57738,15,,,0,15,,57774,15,,,0,15,,57755,15,,,0,55,,57817,15,,,0,15,,57730,15,,,0,15,,61430,15,,,0,15,,57739,15,,,0,55,,57773,15,,,0,15,,57734,15,,,0,17,,57813,15,,,0,15,,57742,15,,,0,55,,57796,15,,,0,15,,57737,15,,,0,15,,57770,15,,,0,15,,57749,15,,,0,55,,57814,15,,,0,15,,57740,15,,,0,15,,57792,15,,,0,15,,57745,15,,,0,55,,57768,15,,,0,15,,57748,15,,,0,15,,57823,15,,,0,15,,57735,15,,,0,55,,57793,15,,,0,15,,57747,15,,,0,15,,57766,15,,,0,15,,57751,15,,,0,55,,57818,15,,,0,15,,57732,15,,,0,15,,57799,15,,,0,15,,57733,15,,,0,55,,57764,15,,,0,15,,57750,15,,,0,15,,57810,15,,,0,15,,57731,15,,,0,55,,57789,15,,,0,15,,57746,15,,,0,14,,57763,15,,,0,15,,57752,15,,,0,55,,57809,15,,,0,15,,57743,15,,,0,15,,57790,15,,,0,15,,57744,15,,,0,55,,57761,15,,,0,14,,57753,15,,,0,15,,57824,15,,,0,15,,57741,15,,,0,55,,57788,15,,,0,30,,57758,15,,,0,70,,57820,15,,,0,30,,57783,15,,,0,69,,57756,15,,,0,30,,57825,15,,,0,25,,57826,15,,,0,65,,57828,15,,,0
701019,'1925',632,,61481,15,,,0,68,,61522,15,,,0,30,,61503,15,,,0,70,,61480,15,,,0,15,,61457,15,,,0,15,,61525,15,,,0,15,,61439,15,,,0,55,,61490,15,,,0,17,,61441,15,,,0,15,,61477,15,,,0,15,,61458,15,,,0,55,,61520,15,,,0,15,,61433,15,,,0,15,,61501,15,,,0,15,,61442,15,,,0,55,,61476,15,,,0,15,,61437,15,,,0,17,,61516,15,,,0,15,,61445,15,,,0,55,,61499,15,,,0,15,,61440,15,,,0,15,,61473,15,,,0,15,,61452,15,,,0,55,,61517,15,,,0,15,,61443,15,,,0,15,,61495,15,,,0,15,,61448,15,,,0,55,,61471,15,,,0,15,,61451,15,,,0,15,,61526,15,,,0,15,,61438,15,,,0,55,,61496,15,,,0,15,,61450,15,,,0,15,,61469,15,,,0,15,,61454,15,,,0,55,,61521,15,,,0,15,,61435,15,,,0,15,,61502,15,,,0,15,,61436,15,,,0,55,,61467,15,,,0,15,,61453,15,,,0,15,,61513,15,,,0,15,,61434,15,,,0,55,,61492,15,,,0,15,,61449,15,,,0,14,,61466,15,,,0,15,,61455,15,,,0,55,,61512,15,,,0,15,,61446,15,,,0,15,,61493,15,,,0,15,,61447,15,,,0,55,,61464,15,,,0,14,,61456,15,,,0,15,,61527,15,,,0,15,,61444,15,,,0,55,,61491,15,,,0,30,,61461,15,,,0,70,,61523,15,,,0,30,,61486,15,,,0,69,,61459,15,,,0,30,,61528,15,,,0,25,,61529,15,,,0,65,,61531,15,,,0
