1029,'1907',619,,53126,39,,,0,100,,53127,39,,,0,100,,53128,39,,,0,100,,53129,39,,,0,101,,53130,39,,,0,100,,53131,39,,,0,100,,53132,39,,,0,100,,53133,39,,,0,100,,53134,39,,,0,100,,53135,39,,,0,100,,53136,39,,,0,100,,53137,39,,,0,100,,53138,39,,,0,100,,53139,39,,,0,100,,53140,39,,,0,100,,53141,39,,,0,100,,53142,39,,,0,95,,53143,39,,,0
1029,'1909',619,,53153,39,,,0,35,,53154,39,,,0,71,,53174,39,,,0,30,,53150,39,,,0,70,,53145,39,,,0,30,,53178,39,,,0,70,,53148,39,,,0,30,,53155,39,,,0,70,,53173,39,,,0,30,,53152,39,,,0,70,,53144,39,,,0,30,,53177,39,,,0,70,,53149,39,,,0,30,,53156,39,,,0,70,,53172,39,,,0,30,,53151,39,,,0,70,,53146,39,,,0,31,,53175,39,,,0,72,,53147,39,,,0,30,,53157,39,,,0,70,,53171,39,,,0,30,,53160,39,,,0,70,,53159,39,,,0,27,,53158,39,,,0,65,,53164,39,,,0,30,,53163,39,,,0,70,,53162,39,,,0,30,,53161,39,,,0,70,,53176,39,,,0,30,,53170,39,,,0,70,,53169,39,,,0,30,,53168,39,,,0,70,,53167,39,,,0,30,,53166,39,,,0,65,,53165,39,,,0
1029,'1910',619,,53184,39,,,0,30,,53196,39,,,0,70,,53203,39,,,0,30,,53191,39,,,0,70,,53212,39,,,0,30,,53200,39,,,0,71,,53183,39,,,0,30,,53195,39,,,0,70,,53206,39,,,0,30,,53190,39,,,0,70,,53213,39,,,0,30,,53199,39,,,0,70,,53182,39,,,0,30,,53194,39,,,0,70,,53205,39,,,0,30,,53189,39,,,0,70,,53185,39,,,0,30,,53198,39,,,0,70,,53181,39,,,0,30,,53193,39,,,0,70,,53201,39,,,0,30,,53188,39,,,0,70,,53210,39,,,0,30,,53197,39,,,0,69,,53180,39,,,0,31,,53192,39,,,0,70,,53204,39,,,0,30,,53186,39,,,0,70,,53208,39,,,0,30,,53207,39,,,0,70,,53179,39,,,0,30,,53187,39,,,0,70,,53202,39,,,0,30,,53211,39,,,0,68,,53209,39,,,0
1029,'1911',619,,53214,39,,,0,100,,53215,39,,,0,100,,53216,39,,,0,100,,53217,39,,,0,101,,53218,39,,,0,100,,53219,39,,,0,100,,53220,39,,,0,100,,53221,39,,,0,100,,53222,39,,,0,100,,53223,39,,,0,100,,53224,39,,,0,100,,53225,39,,,0,100,,53226,39,,,0,100,,53227,39,,,0,100,,53228,39,,,0,100,,53229,39,,,0,100,,53230,39,,,0,95,,53231,39,,,0
1029,'1912',619,,53232,39,,,0,100,,53233,39,,,0,100,,53234,39,,,0,100,,53235,39,,,0,101,,53236,39,,,0,100,,53237,39,,,0,100,,53238,39,,,0,100,,53239,39,,,0,100,,53240,39,,,0,100,,53241,39,,,0,100,,53242,39,,,0,100,,53243,39,,,0,100,,53244,39,,,0,100,,53245,39,,,0,100,,53246,39,,,0,100,,53247,39,,,0,100,,53248,39,,,0,95,,53249,39,,,0
2029,'1907',634,,53401,36,,,0,70,,53409,36,,,0,31,,53420,36,,,0,70,,53415,36,,,0,30,,53402,36,,,0,70,,53410,36,,,0,30,,53421,36,,,0,70,,53416,36,,,0,30,,53403,36,,,0,70,,53411,36,,,0,30,,53422,36,,,0,70,,53417,36,,,0,30,,53404,36,,,0,70,,53412,36,,,0,30,,53423,36,,,0,70,,53418,36,,,0,30,,53405,36,,,0,70,,53413,36,,,0,30,,53424,36,,,0,70,,53419,36,,,0,30,,53406,36,,,0,70,,53414,36,,,0,30,,53425,36,,,0,100,,53407,36,,,0,99,,53426,36,,,0,100,,53408,36,,,0,101,,53427,36,,,0,100,,53400,36,,,0
2029,'1909',539,,53450,21,,,0,65,,53433,36,,,0,30,,53434,36,,,0,71,,53435,36,,,0,30,,53436,36,,,0,70,,53437,36,,,0,30,,53438,36,,,0,70,,53439,36,,,0,30,,53440,36,,,0,70,,53441,36,,,0,30,,53464,36,,,0,70,,53460,36,,,0,30,,53466,36,,,0,70,,53462,36,,,0,30,,53463,36,,,0,70,,53459,36,,,0,30,,53465,36,,,0,70,,53461,36,,,0,31,,53467,36,,,0,71,,53442,36,,,0,34,,53443,36,,,0,70,,53444,36,,,0,30,,53445,36,,,0,70,,53446,36,,,0,29,,53447,36,,,0,66,,53448,36,,,0,29,,53449,36,,,0,70,,53453,36,,,0,30,,53454,36,,,0,100,,53455,36,,,0,100,,53456,36,,,0,100,,53452,36,,,0
2029,'1910',604,,53499,36,0,5 2 15 16 17,0,30,,53482,36,,,0,69,,53489,36,,,0,31,,53468,36,,,0,70,,53474,36,,,0,30,,53483,36,,,0,71,,53490,36,,,0,30,,53469,36,,,0,70,,53475,36,,,0,30,,53484,36,,,0,70,,53491,36,,,0,30,,53470,36,,,0,70,,53476,36,,,0,30,,53485,36,,,0,70,,53492,36,,,0,30,,53471,36,,,0,70,,53477,36,,,0,30,,53486,36,,,0,70,,53493,36,,,0,30,,53472,36,,,0,70,,53478,36,,,0,30,,53487,36,,,0,70,,53494,36,,,0,30,,53473,36,,,0,70,,53479,36,,,0,30,,53488,36,,,0,70,,53495,36,,,0,30,,53480,36,,,0,100,,53496,36,,,0,100,,53481,36,,,0,100,,53497,36,,,0
2029,'1911',634,,53503,36,,,0,70,,53511,36,,,0,31,,53522,36,,,0,70,,53517,36,,,0,30,,53504,36,,,0,70,,53512,36,,,0,30,,53523,36,,,0,70,,53518,36,,,0,30,,53505,36,,,0,70,,53513,36,,,0,30,,53524,36,,,0,70,,53519,36,,,0,30,,53506,36,,,0,70,,53514,36,,,0,30,,53525,36,,,0,70,,53520,36,,,0,30,,53507,36,,,0,70,,53515,36,,,0,30,,53526,36,,,0,70,,53521,36,,,0,30,,53508,36,,,0,70,,53516,36,,,0,30,,53527,36,,,0,100,,53509,36,,,0,99,,53528,36,,,0,100,,53510,36,,,0,101,,53529,36,,,0,100,,53502,36,,,0
2029,'1912',634,,53536,36,,,0,70,,53544,36,,,0,31,,53555,36,,,0,70,,53550,36,,,0,30,,53537,36,,,0,70,,53545,36,,,0,30,,53556,36,,,0,70,,53551,36,,,0,30,,53538,36,,,0,70,,53546,36,,,0,30,,53557,36,,,0,70,,53552,36,,,0,30,,53539,36,,,0,70,,53547,36,,,0,30,,53558,36,,,0,70,,53553,36,,,0,30,,53540,36,,,0,70,,53548,36,,,0,30,,53559,36,,,0,70,,53554,36,,,0,30,,53541,36,,,0,70,,53549,36,,,0,30,,53560,36,,,0,100,,53542,36,,,0,99,,53561,36,,,0,100,,53543,36,,,0,101,,53562,36,,,0,100,,53535,36,,,0
12029,'1909',644,,54902,15,,,0,71,,54899,15,,,0,30,,54892,15,,,0,69,,54900,15,,,0,31,,54893,15,,,0,70,,54879,6,,,0,30,,54880,6,,,0,70,,54881,6,,,0,30,,54882,6,,,0,70,,54883,6,,,0,30,,54884,6,,,0,70,,54885,6,,,0,30,,54886,6,,,0,70,,54887,6,,,0,30,,54888,6,,,0,70,,54889,6,,,0,30,,54895,15,,,0,71,,54898,15,,,0,30,,54890,15,,,0,70,,54897,15,,,0,30,,54891,15,,,0,70,,54901,15,,,0,29,,54894,15,,,0,70,,54896,15,,,0
501029,'1907',629,,56369,2,,,0,30,,56380,2,,,0,70,,56368,2,,,0,30,,56379,2,,,0,70,,56367,2,,,0,30,,56382,2,,,0,70,,56370,2,,,0,75,,56378,2,,,0,15,,56398,2,,,0,15,,56359,2,,,0,15,,56402,2,,,0,55,,56371,2,,,0,15,,56404,2,,,0,15,,56360,2,,,0,15,,56391,2,,,0,55,,56372,2,,,0,15,,56394,2,,,0,15,,56354,2,,,0,15,,56397,2,,,0,55,,56377,2,,,0,15,,56400,2,,,0,15,,56355,2,,,0,15,,56405,2,,,0,55,,56376,2,,,0,15,,56390,2,,,0,15,,56357,2,,,0,15,,56393,2,,,0,55,,56374,2,,,0,15,,56396,2,,,0,15,,56353,2,,,0,15,,56401,2,,,0,55,,56373,2,,,0,15,,56403,2,,,0,15,,56358,2,,,0,15,,56389,2,,,0,55,,56375,2,,,0,15,,56392,2,,,0,15,,56356,2,,,0,15,,56395,2,,,0,55,,56385,2,,,0,30,,56366,2,,,0,71,,56388,2,,,0,15,,56399,2,,,0,10,,56365,2,,,0,70,,56384,2,,,0,29,,56364,2,,,0,30,,56386,2,,,0,70,,56363,2,,,0,30,,56387,2,,,0,70,,56362,2,,,0,30,,56383,2,,,0,66,,56361,2,,,0
501029,'1909',534,,56408,2,,,0,95,,56409,2,,,0,10,,56475,2,,,0,10,,56410,2,,,0,10,,56411,2,,,0,60,,56412,2,,,0,15,,56413,2,,,0,17,,56414,2,,,0,52,,56415,2,,,0,13,,56416,2,,,0,5,,56474,2,,,0,5,,56417,2,,,0,11,,56418,2,,,0,15,,56419,2,,,0,52,,56420,2,,,0,15,,56421,2,,,0,15,,56422,2,,,0,15,,56423,2,,,0,55,,56424,2,,,0,15,,56425,2,,,0,15,,56426,2,,,0,15,,56427,2,,,0,55,,56428,2,,,0,15,,56429,2,,,0,15,,56430,2,,,0,15,,56431,2,,,0,55,,56432,2,,,0,15,,56433,2,,,0,15,,56434,2,,,0,15,,56435,2,,,0,55,,56436,2,,,0,15,,56437,2,,,0,15,,56438,2,,,0,15,,56439,2,,,0,56,,56440,2,,,0,15,,56441,2,,,0,15,,56406,2,,,0,15,,56407,2,,,0,52,,56442,2,,,0,6,,56473,2,,,0,6,,56443,2,,,0,12,,56444,2,,,0,12,,56445,2,,,0,12,,56446,2,,,0,52,,56447,2,,,0,6,,56476,2,,,0,6,,56448,2,,,0,12,,56449,2,,,0,12,,56450,2,,,0,11,,56451,2,,,0,52,,56452,2,,,0,12,,56453,2,,,0,12,,56454,2,,,0,12,,56455,2,,,0,12,,56456,2,,,0,52,,56457,2,,,0,12,,56458,2,,,0,12,,56459,2,,,0,12,,56460,2,,,0,12,,56461,2,,,0,55,,56462,2,,,0,15,,56463,2,,,0,15,,56464,2,,,0,70,,56465,2,,,0,30,,56466,2,,,0,70,,56467,2,,,0,25,,56468,2,,,0,30,,56469,2,,,0,70,,56470,2,,,0,30,,56471,2,,,0,67,,56472,2,,,0
501029,'1910',629,,56489,2,,,0,18,,56536,2,4,,0,57,,56494,2,,,0,15,,56529,2,,,0,15,,56488,2,,,0,70,,56495,2,,,0,30,,56487,2,,,0,70,,56493,2,,,0,30,,56486,2,,,0,15,,56479,2,,,0,55,,56492,2,,,0,15,,56491,2,,,0,15,,56504,2,,,0,15,,56513,2,,,0,55,,56530,2,,,0,15,,56522,2,,,0,15,,56505,2,,,0,15,,56514,2,,,0,56,,56531,2,,,0,15,,56523,2,,,0,15,,56506,2,,,0,15,,56515,2,,,0,55,,56532,2,,,0,15,,56524,2,,,0,15,,56507,2,,,0,15,,56516,2,,,0,55,,56533,2,,,0,15,,56525,2,,,0,15,,56508,2,,,0,15,,56517,2,,,0,55,,56534,2,,,0,15,,56526,2,,,0,15,,56509,2,,,0,15,,56518,2,,,0,55,,56535,2,,,0,15,,56527,2,,,0,15,,56510,2,,,0,15,,56519,2,,,0,55,,56512,2,,,0,15,,56528,2,,,0,15,,56511,2,,,0,15,,56520,2,,,0,55,,56501,2,,,0,15,,56503,2,,,0,15,,56485,2,,,0,15,,56521,2,,,0,54,,56502,2,,,0,15,,56537,2,,,0,15,,56484,2,,,0,70,,56499,2,,,0,25,,56483,2,,,0,30,,56500,2,,,0,70,,56482,2,,,0,30,,56498,2,,,0,70,,56481,2,,,0,30,,56497,2,,,0,67,,56480,2,,,0
501029,'1911',629,,56555,2,,,0,30,,56566,2,,,0,70,,56554,2,,,0,30,,56565,2,,,0,70,,56553,2,,,0,30,,56568,2,,,0,70,,56556,2,,,0,75,,56564,2,,,0,15,,56584,2,,,0,15,,56545,2,,,0,15,,56588,2,,,0,55,,56557,2,,,0,15,,56590,2,,,0,15,,56546,2,,,0,15,,56577,2,,,0,55,,56558,2,,,0,15,,56580,2,,,0,15,,56540,2,,,0,15,,56583,2,,,0,55,,56563,2,,,0,15,,56586,2,,,0,15,,56541,2,,,0,15,,56591,2,,,0,55,,56562,2,,,0,15,,56576,2,,,0,15,,56543,2,,,0,15,,56579,2,,,0,55,,56560,2,,,0,15,,56582,2,,,0,15,,56539,2,,,0,15,,56587,2,,,0,55,,56559,2,,,0,15,,56589,2,,,0,15,,56544,2,,,0,15,,56575,2,,,0,55,,56561,2,,,0,15,,56578,2,,,0,15,,56542,2,,,0,15,,56581,2,,,0,55,,56571,2,,,0,30,,56552,2,,,0,71,,56574,2,,,0,15,,56585,2,,,0,10,,56551,2,,,0,70,,56570,2,,,0,29,,56550,2,,,0,30,,56572,2,,,0,70,,56549,2,,,0,30,,56573,2,,,0,70,,56548,2,,,0,30,,56569,2,,,0,66,,56547,2,,,0
501029,'1912',629,,56609,2,,,0,30,,56620,2,,,0,70,,56608,2,,,0,30,,56619,2,,,0,70,,56607,2,,,0,30,,56622,2,,,0,70,,56610,2,,,0,75,,56618,2,,,0,15,,56638,2,,,0,15,,56599,2,,,0,15,,56642,2,,,0,55,,56611,2,,,0,15,,56644,2,,,0,15,,56600,2,,,0,15,,56631,2,,,0,55,,56612,2,,,0,15,,56634,2,,,0,15,,56594,2,,,0,15,,56637,2,,,0,55,,56617,2,,,0,15,,56640,2,,,0,15,,56595,2,,,0,15,,56645,2,,,0,55,,56616,2,,,0,15,,56630,2,,,0,15,,56597,2,,,0,15,,56633,2,,,0,55,,56614,2,,,0,15,,56636,2,,,0,15,,56593,2,,,0,15,,56641,2,,,0,55,,56613,2,,,0,15,,56643,2,,,0,15,,56598,2,,,0,15,,56629,2,,,0,55,,56615,2,,,0,15,,56632,2,,,0,15,,56596,2,,,0,15,,56635,2,,,0,55,,56625,2,,,0,30,,56606,2,,,0,71,,56628,2,,,0,15,,56639,2,,,0,10,,56605,2,,,0,70,,56624,2,,,0,29,,56604,2,,,0,30,,56626,2,,,0,70,,56603,2,,,0,30,,56627,2,,,0,70,,56602,2,,,0,30,,56623,2,,,0,66,,56601,2,,,0
14000001029,'1907',545,,58794,20,0,18 7,0,1811,,58788,20,,,0,69,,58792,20,,,0,30,,58793,20,,,0,70,,58790,20,,,0,30,,58791,20,,,0,70,,58789,20,,,0
14000001029,'1909',443,,58795,20,0,18 7,0,102,,58796,20,0,18 7,0,1811,,58798,20,,,0,69,,58799,20,,,0,30,,58802,20,,,0,70,,58797,20,,,0,30,,58800,20,,,0,70,,58801,20,,,0
14000001029,'1910',545,,58807,20,0,18 7,0,1811,,58809,20,,,0,69,,58804,20,,,0,30,,58803,20,,,0,70,,58805,20,,,0,30,,58808,20,,,0,70,,58806,20,,,0
14000001029,'1911',545,,58816,20,0,18 7,0,1811,,58810,20,,,0,69,,58814,20,,,0,30,,58815,20,,,0,70,,58812,20,,,0,30,,58813,20,,,0,70,,58811,20,,,0
14000001029,'1912',545,,58823,20,0,18 7,0,1811,,58817,20,,,0,69,,58821,20,,,0,30,,58822,20,,,0,70,,58819,20,,,0,30,,58820,20,,,0,70,,58818,20,,,0
