16019,'1907',754,,55260,10,,,0,100,,55263,10,,,0,101,,55273,10,,,0,100,,55272,10,,,0,100,,55261,10,,,0,100,,55264,10,,,0,100,,55266,10,,,0,100,,55269,10,,,0,100,,55268,10,,,0,100,,55262,10,,,0,99,,55270,10,,,0,100,,55271,10,,,0,100,,55267,10,,,0,100,,55265,10,,,0,100,,55274,10,,,0
16019,'1909',625,,55278,10,,,0,30,,55279,10,,,0,71,,55280,10,,,0,31,,55281,10,,,0,72,,55282,10,,,0,30,,55283,10,,,0,69,,55284,10,,,0,30,,55285,10,,,0,70,,55286,10,,,0,30,,55287,10,,,0,70,,55288,10,,,0,30,,55289,10,,,0,70,,55290,10,,,0,30,,55291,10,,,0,70,,55292,10,,,0,30,,55293,10,,,0,70,,55294,10,,,0,29,,55295,10,,,0,70,,55296,10,,,0,30,,55297,10,,,0,70,,55298,10,,,0,30,,55299,10,,,0,69,,55300,10,,,0,30,,55301,10,,,0,70,,55302,10,,,0,30,,55303,10,,,0,70,,55304,10,,,0,30,,55305,10,,,0,69,,55306,10,,,0,30,,55307,10,,,0,70,,55275,10,,,0,30,,55276,10,,,0,70,,55277,10,,,0
16019,'1910',625,,55331,10,,,0,30,,55327,10,,,0,70,,55335,10,,,0,30,,55319,10,,,0,71,,55333,10,,,0,30,,55314,10,,,0,70,,55312,10,,,0,30,,55309,10,,,0,70,,55320,10,,,0,30,,55330,10,,,0,70,,55324,10,,,0,30,,55332,10,,,0,70,,55316,10,,,0,30,,55334,10,,,0,70,,55311,10,,,0,30,,55322,10,,,0,70,,55321,10,,,0,30,,55325,10,,,0,70,,55326,10,,,0,30,,55310,10,,,0,70,,55318,10,,,0,30,,55328,10,,,0,70,,55313,10,,,0,30,,55317,10,,,0,70,,55323,10,,,0,30,,55337,10,,,0,70,,55329,10,,,0,29,,55336,10,,,0,70,,55315,10,,,0,30,,55339,10,,,0,100,,55338,10,,,0,70,,55308,10,,,0
16019,'1911',754,,55340,10,,,0,100,,55343,10,,,0,101,,55353,10,,,0,100,,55352,10,,,0,100,,55341,10,,,0,100,,55344,10,,,0,100,,55346,10,,,0,100,,55349,10,,,0,100,,55348,10,,,0,100,,55342,10,,,0,99,,55350,10,,,0,100,,55351,10,,,0,100,,55347,10,,,0,100,,55345,10,,,0,100,,55354,10,,,0
16019,'1912',754,,55355,10,,,0,100,,55358,10,,,0,101,,55368,10,,,0,100,,55367,10,,,0,100,,55356,10,,,0,100,,55359,10,,,0,100,,55361,10,,,0,100,,55364,10,,,0,100,,55363,10,,,0,100,,55357,10,,,0,99,,55365,10,,,0,100,,55366,10,,,0,100,,55362,10,,,0,100,,55360,10,,,0,100,,55369,10,,,0
14000001029,'1907',601,,58794,40,0,18 7,0,1811,,58788,40,,,0,29,,58792,40,,,0,70,,58793,40,,,0,30,,58790,40,,,0,70,,58791,40,,,0,30,,58789,40,,,0
14000001029,'1909',459,,58795,40,0,18 7,0,142,,58796,40,0,18 7,0,1811,,58798,40,,,0,29,,58799,40,,,0,70,,58802,40,,,0,30,,58797,40,,,0,70,,58800,40,,,0,30,,58801,40,,,0
14000001029,'1910',601,,58807,40,0,18 7,0,1811,,58809,40,,,0,29,,58804,40,,,0,70,,58803,40,,,0,30,,58805,40,,,0,70,,58808,40,,,0,30,,58806,40,,,0
14000001029,'1911',601,,58816,40,0,18 7,0,1811,,58810,40,,,0,29,,58814,40,,,0,70,,58815,40,,,0,30,,58812,40,,,0,70,,58813,40,,,0,30,,58811,40,,,0
14000001029,'1912',601,,58823,40,0,18 7,0,1811,,58817,40,,,0,29,,58821,40,,,0,70,,58822,40,,,0,30,,58819,40,,,0,70,,58820,40,,,0,30,,58818,40,,,0
