1029,'1907',610,,58968,28,,,0,98,,58969,28,,,0,100,,58970,28,,,0,101,,58971,28,,,0,101,,58972,28,,,0,100,,58973,28,,,0,100,,58974,28,,,0,100,,58975,28,,,0,100,,58976,28,,,0,100,,58977,28,,,0,99,,58978,28,,,0,100,,58979,28,,,0,100,,58980,28,,,0,100,,58981,28,,,0,100,,58982,28,,,0,100,,58983,28,,,0,98,,58984,28,,,0,99,,58985,28,,,0
1029,'1909',608,,58995,28,,,0,35,,58996,28,,,0,67,,59016,28,,,0,30,,58992,28,,,0,70,,58987,28,,,0,30,,59020,28,,,0,73,,58990,28,,,0,30,,58997,28,,,0,70,,59015,28,,,0,30,,58994,28,,,0,70,,58986,28,,,0,30,,59019,28,,,0,70,,58991,28,,,0,30,,58998,28,,,0,70,,59014,28,,,0,30,,58993,28,,,0,70,,58988,28,,,0,30,,59017,28,,,0,71,,58989,28,,,0,30,,58999,28,,,0,70,,59013,28,,,0,30,,59002,28,,,0,70,,59001,28,,,0,28,,59000,28,,,0,67,,59006,28,,,0,30,,59005,28,,,0,70,,59004,28,,,0,30,,59003,28,,,0,70,,59018,28,,,0,29,,59012,28,,,0,70,,59011,28,,,0,30,,59010,28,,,0,70,,59009,28,,,0,30,,59008,28,,,0,65,,59007,28,,,0
1029,'1910',609,,59026,28,,,0,28,,59038,28,,,0,70,,59045,28,,,0,30,,59033,28,,,0,70,,59054,28,,,0,30,,59042,28,,,0,72,,59025,28,,,0,29,,59037,28,,,0,70,,59048,28,,,0,30,,59032,28,,,0,70,,59055,28,,,0,30,,59041,28,,,0,70,,59024,28,,,0,30,,59036,28,,,0,70,,59047,28,,,0,30,,59031,28,,,0,70,,59027,28,,,0,30,,59040,28,,,0,70,,59023,28,,,0,30,,59035,28,,,0,70,,59043,28,,,0,30,,59030,28,,,0,70,,59052,28,,,0,30,,59039,28,,,0,69,,59022,28,,,0,31,,59034,28,,,0,70,,59046,28,,,0,30,,59028,28,,,0,70,,59050,28,,,0,30,,59049,28,,,0,70,,59021,28,,,0,30,,59029,28,,,0,70,,59044,28,,,0,30,,59053,28,,,0,69,,59051,28,,,0
1029,'1912',610,,59056,28,,,0,98,,59057,28,,,0,100,,59058,28,,,0,101,,59059,28,,,0,101,,59060,28,,,0,100,,59061,28,,,0,100,,59062,28,,,0,100,,59063,28,,,0,100,,59064,28,,,0,100,,59065,28,,,0,99,,59066,28,,,0,100,,59067,28,,,0,100,,59068,28,,,0,100,,59069,28,,,0,100,,59070,28,,,0,100,,59071,28,,,0,98,,59072,28,,,0,99,,59073,28,,,0
1029,'1924',610,,59074,28,,,0,98,,59075,28,,,0,100,,59076,28,,,0,101,,59077,28,,,0,101,,59078,28,,,0,100,,59079,28,,,0,100,,59080,28,,,0,100,,59081,28,,,0,100,,59082,28,,,0,100,,59083,28,,,0,99,,59084,28,,,0,100,,59085,28,,,0,100,,59086,28,,,0,100,,59087,28,,,0,100,,59088,28,,,0,100,,59089,28,,,0,98,,59090,28,,,0,99,,59091,28,,,0
1029,'1925',610,,59092,28,,,0,98,,59093,28,,,0,100,,59094,28,,,0,101,,59095,28,,,0,101,,59096,28,,,0,100,,59097,28,,,0,100,,59098,28,,,0,100,,59099,28,,,0,100,,59100,28,,,0,100,,59101,28,,,0,99,,59102,28,,,0,100,,59103,28,,,0,100,,59104,28,,,0,100,,59105,28,,,0,100,,59106,28,,,0,100,,59107,28,,,0,98,,59108,28,,,0,99,,59109,28,,,0
31019,'1907',602,,60562,8,,,0,50,,60545,20,,,0,100,,60546,20,,,0,101,,60547,20,,,0,100,,60548,20,,,0,100,,60549,20,,,0,100,,60550,20,,,0,100,,60551,20,,,0,100,,60552,20,,,0,100,,60553,20,,,0,100,,60554,20,,,0,100,,60555,20,,,0,100,,60556,20,,,0,100,,60557,20,,,0,100,,60558,20,,,0,100,,60559,20,,,0,100,,60560,20,,,0,99,,60561,20,,,0
31019,'1909',602,,60596,8,,,0,26,,60591,8,,,0,25,,60564,20,,,0,72,,60577,20,,,0,30,,60589,20,,,0,70,,60573,20,,,0,30,,60570,20,,,0,69,,60584,20,,,0,30,,60567,20,,,0,70,,60578,20,,,0,30,,60588,20,,,0,70,,60576,20,,,0,30,,60571,20,,,0,70,,60583,20,,,0,30,,60566,20,,,0,70,,60579,20,,,0,30,,60587,20,,,0,70,,60574,20,,,0,30,,55867,20,,,0,73,,60582,20,,,0,30,,55865,20,,,0,70,,60580,20,,,0,30,,55886,20,,,0,67,,60575,20,,,0,29,,60569,20,,,0,70,,60581,20,,,0,30,,60565,20,,,0,70,,60597,20,,,0,30,,60586,20,,,0,100,,60572,20,,,0,100,,60568,20,,,0,100,,60585,20,,,0
31019,'1910',602,,60633,8,,,0,26,,60626,8,,,0,24,,60603,20,,,0,70,,60619,20,,,0,30,,60632,20,,,0,70,,60615,20,,,0,30,,60609,20,,,0,71,,60625,20,,,0,30,,60602,20,,,0,70,,60618,20,,,0,30,,60627,20,,,0,70,,60614,20,,,0,30,,60608,20,,,0,71,,60624,20,,,0,30,,60601,20,,,0,70,,60617,20,,,0,30,,60630,20,,,0,70,,60613,20,,,0,30,,60607,20,,,0,70,,60623,20,,,0,30,,60600,20,,,0,70,,60616,20,,,0,30,,60629,20,,,0,70,,60612,20,,,0,29,,60606,20,,,0,70,,60622,20,,,0,30,,60599,20,,,0,70,,60634,20,,,0,30,,60628,20,,,0,100,,60605,20,,,0,100,,60598,20,,,0,100,,60631,20,,,0
31019,'1912',602,,60652,8,,,0,50,,60635,20,,,0,100,,60636,20,,,0,101,,60637,20,,,0,100,,60638,20,,,0,100,,60639,20,,,0,100,,60640,20,,,0,100,,60641,20,,,0,100,,60642,20,,,0,100,,60643,20,,,0,100,,60644,20,,,0,100,,60645,20,,,0,100,,60646,20,,,0,100,,60647,20,,,0,100,,60648,20,,,0,100,,60649,20,,,0,100,,60650,20,,,0,99,,60651,20,,,0
31019,'1924',602,,60671,8,,,0,50,,60654,20,,,0,100,,60655,20,,,0,101,,60656,20,,,0,100,,60657,20,,,0,100,,60658,20,,,0,100,,60659,20,,,0,100,,60660,20,,,0,100,,60661,20,,,0,100,,60662,20,,,0,100,,60663,20,,,0,100,,60664,20,,,0,100,,60665,20,,,0,100,,60666,20,,,0,100,,60667,20,,,0,100,,60668,20,,,0,100,,60669,20,,,0,99,,60670,20,,,0
31019,'1925',602,,60690,8,,,0,50,,60673,20,,,0,100,,60674,20,,,0,101,,60675,20,,,0,100,,60676,20,,,0,100,,60677,20,,,0,100,,60678,20,,,0,100,,60679,20,,,0,100,,60680,20,,,0,100,,60681,20,,,0,100,,60682,20,,,0,100,,60683,20,,,0,100,,60684,20,,,0,100,,60685,20,,,0,100,,60686,20,,,0,100,,60687,20,,,0,100,,60688,20,,,0,99,,60689,20,,,0
