4019,'1907',1943,,53588,17,4,,0,100,,53586,17,4,,0,100,,53587,17,4,,0
4019,'1910',1943,,53644,17,4,,0,70,,53642,17,4,,0,30,,53650,17,4,,0,70,,53635,17,4,,0,30,,53645,17,4,,0,100,,53647,17,4,,0
4019,'1911',1943,,53681,17,4,,0,100,,53679,17,4,,0,100,,53680,17,4,,0
4019,'1912',1943,,53709,17,4,,0,100,,53707,17,4,,0,100,,53708,17,4,,0
4029,'1907',715,,53738,1,,,0,30,,53740,1,,,0,70,,53736,1,,,0,30,,53739,1,,,0,69,,53737,1,,,0,30,,53729,1,,,0,68,,53732,1,,,0,30,,53717,1,,,0,70,,53722,1,,,0,30,,53725,1,,,0,68,,53728,1,,,0,30,,53730,1,,,0,70,,53718,1,,,0,30,,53721,1,,,0,70,,53724,1,,,0,30,,53727,1,,,0,70,,53731,1,,,0,30,,53719,1,,,0,70,,53720,1,,,0,30,,53723,1,,,0,70,,53726,1,,,0,30,,53744,1,,,0,70,,53743,1,,,0,35,,53745,1,,,0,70,,53742,1,,,0,30,,53735,1,,,0,70,,53741,1,,,0,30,,53733,1,,,0,100,,53734,1,,,0
4029,'1909',615,,53746,1,,,0,30,,53747,1,,,0,70,,53748,1,,,0,24,,53749,1,,,0,76,,53750,1,,,0,24,,53751,1,,,0,71,,53752,1,,,0,30,,53753,1,,,0,70,,53754,1,,,0,30,,53755,1,,,0,70,,53756,1,,,0,30,,53757,1,,,0,70,,53758,1,,,0,30,,53759,1,,,0,70,,53760,1,,,0,30,,53761,1,,,0,70,,53762,1,,,0,35,,53763,1,,,0,65,,53764,1,,,0,36,,53765,1,,,0,64,,53766,1,,,0,36,,53767,1,,,0,64,,53768,1,,,0,36,,53769,1,,,0,68,,53770,1,,,0,29,,53771,1,,,0,70,,53772,1,,,0,30,,53773,1,,,0,72,,53774,1,,,0,30,,53775,1,,,0,70,,53776,1,,,0,30,,53777,1,,,0
4029,'1910',617,,53802,1,,,0,28,,53803,1,,,0,70,,53804,1,,,0,30,,53805,1,,,0,70,,53806,1,,,0,30,,53807,1,,,0,69,,53808,1,,,0,30,,53795,1,,,0,66,,53789,1,,,0,30,,53782,1,,,0,70,,53793,1,,,0,30,,53799,1,,,0,70,,53794,1,,,0,30,,53781,1,,,0,70,,53786,1,,,0,30,,53797,1,,,0,70,,53780,1,,,0,30,,53796,1,,,0,70,,53791,1,,,0,30,,53783,1,,,0,70,,53778,1,,,0,30,,53798,1,,,0,70,,53801,1,,,0,30,,53792,1,,,0,70,,53787,1,,,0,30,,53809,1,,,0,73,,53784,1,,,0,30,,53779,1,,,0,72,,53785,1,,,0,30,,53790,1,,,0,70,,53800,1,,,0,30,,53788,1,,,0
4029,'1911',715,,53831,1,,,0,30,,53833,1,,,0,70,,53829,1,,,0,30,,53832,1,,,0,69,,53830,1,,,0,30,,53822,1,,,0,68,,53825,1,,,0,30,,53810,1,,,0,70,,53815,1,,,0,30,,53818,1,,,0,68,,53821,1,,,0,30,,53823,1,,,0,70,,53811,1,,,0,30,,53814,1,,,0,70,,53817,1,,,0,30,,53820,1,,,0,70,,53824,1,,,0,30,,53812,1,,,0,70,,53813,1,,,0,30,,53816,1,,,0,70,,53819,1,,,0,30,,53837,1,,,0,70,,53836,1,,,0,35,,53838,1,,,0,70,,53835,1,,,0,30,,53828,1,,,0,70,,53834,1,,,0,30,,53826,1,,,0,100,,53827,1,,,0
4029,'1912',715,,53860,1,,,0,30,,53862,1,,,0,70,,53858,1,,,0,30,,53861,1,,,0,69,,53859,1,,,0,30,,53851,1,,,0,68,,53854,1,,,0,30,,53839,1,,,0,70,,53844,1,,,0,30,,53847,1,,,0,68,,53850,1,,,0,30,,53852,1,,,0,70,,53840,1,,,0,30,,53843,1,,,0,70,,53846,1,,,0,30,,53849,1,,,0,70,,53853,1,,,0,30,,53841,1,,,0,70,,53842,1,,,0,30,,53845,1,,,0,70,,53848,1,,,0,30,,53866,1,,,0,70,,53865,1,,,0,35,,53867,1,,,0,70,,53864,1,,,0,30,,53857,1,,,0,70,,53863,1,,,0,30,,53855,1,,,0,100,,53856,1,,,0
501019,'1907',603,,56185,1,,,0,30,,56199,1,,,0,67,,56184,1,,,0,30,,56198,1,,,0,70,,56187,1,,,0,30,,56200,1,,,0,70,,56188,1,,,0,30,,56197,1,,,0,70,,56176,1,,,0,30,,56189,1,,,0,70,,56175,1,,,0,30,,56190,1,,,0,70,,56178,1,,,0,30,,56191,1,,,0,70,,56174,1,,,0,30,,56196,1,,,0,70,,56173,1,,,0,30,,56195,1,,,0,70,,56172,1,,,0,30,,56192,1,,,0,70,,56171,1,,,0,30,,56194,1,,,0,70,,56177,1,,,0,30,,56193,1,,,0,70,,56186,1,,,0,30,,56201,1,,,0,70,,56183,1,,,0,30,,56204,1,,,0,70,,56182,1,,,0,30,,56170,1,,,0,70,,56181,1,,,0,30,,56202,1,,,0,70,,56180,1,,,0,30,,56203,1,,,0,70,,56179,1,,,0
501019,'1909',600,,56206,1,,,0,30,,56207,1,,,0,73,,56208,1,,,0,24,,56209,1,,,0,24,,56210,1,,,0,52,,56211,1,,,0,24,,56212,1,,,0,22,,56213,1,,,0,51,,56214,1,,,0,30,,56215,1,,,0,70,,56216,1,,,0,30,,56217,1,,,0,70,,56218,1,,,0,30,,56219,1,,,0,70,,56220,1,,,0,30,,56221,1,,,0,70,,56222,1,,,0,30,,56223,1,,,0,70,,56224,1,,,0,26,,56225,1,,,0,12,,56226,1,,,0,62,,56227,1,,,0,24,,56228,1,,,0,12,,56229,1,,,0,64,,56230,1,,,0,24,,56231,1,,,0,12,,56232,1,,,0,64,,56233,1,,,0,24,,56234,1,,,0,12,,56235,1,,,0,66,,56236,1,,,0,28,,56237,1,,,0,70,,56238,1,,,0,30,,56239,1,,,0,70,,56240,1,,,0,30,,56241,1,,,0,70,,56242,1,,,0,30,,56243,1,,,0,70,,56244,1,,,0,30,,56245,1,,,0,70,,56246,1,,,0
501019,'1910',603,,56256,1,,,0,30,,56259,1,,,0,67,,56255,1,,,0,30,,56258,1,,,0,70,,56254,1,,,0,30,,56260,1,,,0,70,,56253,1,,,0,30,,56257,1,,,0,70,,56266,1,,,0,30,,56276,1,,,0,70,,56267,1,,,0,30,,56277,1,,,0,70,,56268,1,,,0,30,,56278,1,,,0,70,,56269,1,,,0,30,,56279,1,,,0,70,,56270,1,,,0,30,,56280,1,,,0,70,,56271,1,,,0,30,,56281,1,,,0,70,,56272,1,,,0,30,,56274,1,,,0,70,,56273,1,,,0,30,,56275,1,,,0,70,,56252,1,,,0,30,,56265,1,,,0,70,,56251,1,,,0,30,,56263,1,,,0,70,,56250,1,,,0,30,,56264,1,,,0,70,,56249,1,,,0,30,,56261,1,,,0,70,,56248,1,,,0,30,,56262,1,,,0,70,,56247,1,,,0
501019,'1911',603,,56297,1,,,0,30,,56311,1,,,0,67,,56296,1,,,0,30,,56310,1,,,0,70,,56299,1,,,0,30,,56312,1,,,0,70,,56300,1,,,0,30,,56309,1,,,0,70,,56288,1,,,0,30,,56301,1,,,0,70,,56287,1,,,0,30,,56302,1,,,0,70,,56290,1,,,0,30,,56303,1,,,0,70,,56286,1,,,0,30,,56308,1,,,0,70,,56285,1,,,0,30,,56307,1,,,0,70,,56284,1,,,0,30,,56304,1,,,0,70,,56283,1,,,0,30,,56306,1,,,0,70,,56289,1,,,0,30,,56305,1,,,0,70,,56298,1,,,0,30,,56313,1,,,0,70,,56295,1,,,0,30,,56316,1,,,0,70,,56294,1,,,0,30,,56282,1,,,0,70,,56293,1,,,0,30,,56314,1,,,0,70,,56292,1,,,0,30,,56315,1,,,0,70,,56291,1,,,0
501019,'1912',603,,56332,1,,,0,30,,56346,1,,,0,67,,56331,1,,,0,30,,56345,1,,,0,70,,56334,1,,,0,30,,56347,1,,,0,70,,56335,1,,,0,30,,56344,1,,,0,70,,56323,1,,,0,30,,56336,1,,,0,70,,56322,1,,,0,30,,56337,1,,,0,70,,56325,1,,,0,30,,56338,1,,,0,70,,56321,1,,,0,30,,56343,1,,,0,70,,56320,1,,,0,30,,56342,1,,,0,70,,56319,1,,,0,30,,56339,1,,,0,70,,56318,1,,,0,30,,56341,1,,,0,70,,56324,1,,,0,30,,56340,1,,,0,70,,56333,1,,,0,30,,56348,1,,,0,70,,56330,1,,,0,30,,56351,1,,,0,70,,56329,1,,,0,30,,56317,1,,,0,70,,56328,1,,,0,30,,56349,1,,,0,70,,56327,1,,,0,30,,56350,1,,,0,70,,56326,1,,,0
501029,'1907',602,,56352,4,4,,0,30,,56381,4,4,,0,20,,56369,16,4,,0,70,,56380,16,4,,0,30,,56368,16,4,,0,70,,56379,16,4,,0,30,,56367,16,4,,0,70,,56382,16,4,,0,31,,56370,16,4,,0,75,,56378,16,4,,0,15,,56398,16,4,,0,15,,56359,16,4,,0,56,,56402,16,4,,0,16,,56371,16,4,,0,15,,56404,16,4,,0,55,,56360,16,4,,0,15,,56391,16,4,,0,15,,56372,16,4,,0,15,,56394,16,4,,0,55,,56354,16,4,,0,15,,56397,16,4,,0,15,,56377,16,4,,0,15,,56400,16,4,,0,55,,56355,16,4,,0,15,,56405,16,4,,0,15,,56376,16,4,,0,15,,56390,16,4,,0,55,,56357,16,4,,0,15,,56393,16,4,,0,15,,56374,16,4,,0,15,,56396,16,4,,0,55,,56353,16,4,,0,15,,56401,16,4,,0,15,,56373,16,4,,0,15,,56403,16,4,,0,55,,56358,16,4,,0,15,,56389,16,4,,0,14,,56375,16,4,,0,15,,56392,16,4,,0,15,,56356,16,4,,0,55,,56395,16,4,,0,15,,56385,16,4,,0,30,,56366,16,4,,0,71,,56388,16,4,,0,15,,56399,16,4,,0,10,,56365,16,4,,0,68,,56384,16,4,,0,29,,56364,16,4,,0,70,,56386,16,4,,0,30,,56363,16,4,,0,70,,56387,16,4,,0,30,,56362,16,4,,0,70,,56383,16,4,,0,26,,56361,16,4,,0
501029,'1909',558,,56408,16,4,,0,71,,56477,4,4,,0,27,,56409,16,4,,0,50,,56475,16,4,,0,10,,56410,16,4,,0,10,,56411,16,4,,0,20,,56412,16,4,,0,55,,56413,16,4,,0,17,,56414,16,4,,0,12,,56415,16,4,,0,13,,56416,16,4,,0,5,,56474,16,4,,0,5,,56417,16,4,,0,51,,56418,16,4,,0,15,,56419,16,4,,0,12,,56420,16,4,,0,15,,56421,16,4,,0,55,,56422,16,4,,0,15,,56423,16,4,,0,15,,56424,16,4,,0,15,,56425,16,4,,0,55,,56426,16,4,,0,15,,56427,16,4,,0,16,,56428,16,4,,0,15,,56429,16,4,,0,55,,56430,16,4,,0,15,,56431,16,4,,0,15,,56432,16,4,,0,15,,56433,16,4,,0,55,,56434,16,4,,0,15,,56435,16,4,,0,15,,56436,16,4,,0,15,,56437,16,4,,0,56,,56438,16,4,,0,15,,56439,16,4,,0,16,,56440,16,4,,0,16,,56441,16,4,,0,9,,56478,4,4,,0,48,,56406,16,4,,0,15,,56407,16,4,,0,12,,56442,16,4,,0,6,,56473,16,4,,0,6,,56443,16,4,,0,12,,56444,16,4,,0,52,,56445,16,4,,0,12,,56446,16,4,,0,12,,56447,16,4,,0,6,,56476,16,4,,0,6,,56448,16,4,,0,12,,56449,16,4,,0,52,,56450,16,4,,0,9,,56451,16,4,,0,12,,56452,16,4,,0,10,,56453,16,4,,0,10,,56454,16,4,,0,52,,56455,16,4,,0,12,,56456,16,4,,0,12,,56457,16,4,,0,12,,56458,16,4,,0,12,,56459,16,4,,0,52,,56460,16,4,,0,12,,56461,16,4,,0,15,,56462,16,4,,0,15,,56463,16,4,,0,55,,56464,16,4,,0,30,,56465,16,4,,0,70,,56466,16,4,,0,28,,56467,16,4,,0,25,,56468,16,4,,0,70,,56469,16,4,,0,30,,56470,16,4,,0,70,,56471,16,4,,0,26,,56472,16,4,,0
501029,'1910',602,,56490,4,4,,0,30,,56496,4,4,,0,21,,56489,16,4,,0,75,,56494,16,4,,0,15,,56529,16,4,,0,15,,56488,16,4,,0,70,,56495,16,4,,0,30,,56487,16,4,,0,70,,56493,16,4,,0,30,,56486,16,4,,0,55,,56479,16,4,,0,15,,56492,16,4,,0,16,,56491,16,4,,0,56,,56504,16,4,,0,15,,56513,16,4,,0,15,,56530,16,4,,0,15,,56522,16,4,,0,55,,56505,16,4,,0,16,,56514,16,4,,0,16,,56531,16,4,,0,15,,56523,16,4,,0,55,,56506,16,4,,0,15,,56515,16,4,,0,15,,56532,16,4,,0,15,,56524,16,4,,0,55,,56507,16,4,,0,15,,56516,16,4,,0,15,,56533,16,4,,0,15,,56525,16,4,,0,55,,56508,16,4,,0,15,,56517,16,4,,0,15,,56534,16,4,,0,15,,56526,16,4,,0,55,,56509,16,4,,0,15,,56518,16,4,,0,15,,56535,16,4,,0,15,,56527,16,4,,0,55,,56510,16,4,,0,15,,56519,16,4,,0,15,,56512,16,4,,0,15,,56528,16,4,,0,55,,56511,16,4,,0,15,,56520,16,4,,0,15,,56501,16,4,,0,15,,56503,16,4,,0,55,,56485,16,4,,0,14,,56521,16,4,,0,14,,56502,16,4,,0,15,,56537,16,4,,0,55,,56484,16,4,,0,28,,56499,16,4,,0,25,,56483,16,4,,0,70,,56500,16,4,,0,30,,56482,16,4,,0,70,,56498,16,4,,0,28,,56481,16,4,,0,70,,56497,16,4,,0,27,,56480,16,4,,0
501029,'1911',602,,56538,4,4,,0,30,,56567,4,4,,0,20,,56555,16,4,,0,70,,56566,16,4,,0,30,,56554,16,4,,0,70,,56565,16,4,,0,30,,56553,16,4,,0,70,,56568,16,4,,0,31,,56556,16,4,,0,75,,56564,16,4,,0,15,,56584,16,4,,0,15,,56545,16,4,,0,56,,56588,16,4,,0,16,,56557,16,4,,0,15,,56590,16,4,,0,55,,56546,16,4,,0,15,,56577,16,4,,0,15,,56558,16,4,,0,15,,56580,16,4,,0,55,,56540,16,4,,0,15,,56583,16,4,,0,15,,56563,16,4,,0,15,,56586,16,4,,0,55,,56541,16,4,,0,15,,56591,16,4,,0,15,,56562,16,4,,0,15,,56576,16,4,,0,55,,56543,16,4,,0,15,,56579,16,4,,0,15,,56560,16,4,,0,15,,56582,16,4,,0,55,,56539,16,4,,0,15,,56587,16,4,,0,15,,56559,16,4,,0,15,,56589,16,4,,0,55,,56544,16,4,,0,15,,56575,16,4,,0,14,,56561,16,4,,0,15,,56578,16,4,,0,15,,56542,16,4,,0,55,,56581,16,4,,0,15,,56571,16,4,,0,30,,56552,16,4,,0,71,,56574,16,4,,0,15,,56585,16,4,,0,10,,56551,16,4,,0,68,,56570,16,4,,0,29,,56550,16,4,,0,70,,56572,16,4,,0,30,,56549,16,4,,0,70,,56573,16,4,,0,30,,56548,16,4,,0,70,,56569,16,4,,0,26,,56547,16,4,,0
501029,'1912',602,,56592,4,4,,0,30,,56621,4,4,,0,20,,56609,16,4,,0,70,,56620,16,4,,0,30,,56608,16,4,,0,70,,56619,16,4,,0,30,,56607,16,4,,0,70,,56622,16,4,,0,31,,56610,16,4,,0,75,,56618,16,4,,0,15,,56638,16,4,,0,15,,56599,16,4,,0,56,,56642,16,4,,0,16,,56611,16,4,,0,15,,56644,16,4,,0,55,,56600,16,4,,0,15,,56631,16,4,,0,15,,56612,16,4,,0,15,,56634,16,4,,0,55,,56594,16,4,,0,15,,56637,16,4,,0,15,,56617,16,4,,0,15,,56640,16,4,,0,55,,56595,16,4,,0,15,,56645,16,4,,0,15,,56616,16,4,,0,15,,56630,16,4,,0,55,,56597,16,4,,0,15,,56633,16,4,,0,15,,56614,16,4,,0,15,,56636,16,4,,0,55,,56593,16,4,,0,15,,56641,16,4,,0,15,,56613,16,4,,0,15,,56643,16,4,,0,55,,56598,16,4,,0,15,,56629,16,4,,0,14,,56615,16,4,,0,15,,56632,16,4,,0,15,,56596,16,4,,0,55,,56635,16,4,,0,15,,56625,16,4,,0,30,,56606,16,4,,0,71,,56628,16,4,,0,15,,56639,16,4,,0,10,,56605,16,4,,0,68,,56624,16,4,,0,29,,56604,16,4,,0,70,,56626,16,4,,0,30,,56603,16,4,,0,70,,56627,16,4,,0,30,,56602,16,4,,0,70,,56623,16,4,,0,26,,56601,16,4,,0
