1019,'1907',627,,58824,33,,,0,100,,58825,33,,,0,101,,58826,33,,,0,100,,58827,33,,,0,100,,58828,33,,,0,101,,58829,33,,,0,100,,58830,33,,,0,100,,58831,33,,,0,100,,58832,33,,,0,100,,58833,33,,,0,100,,58834,33,,,0,100,,58835,33,,,0,100,,58836,33,,,0,99,,58837,33,,,0,100,,58838,33,,,0,100,,58839,33,,,0,102,,58840,33,,,0,95,,58841,33,,,0
1019,'1909',557,,58877,33,,,0,75,,58873,33,,,0,71,,58849,33,,,0,33,,58844,33,,,0,70,,58862,33,,,0,30,,58846,33,,,0,70,,58851,33,,,0,32,,58876,33,,,0,70,,58848,33,,,0,30,,58842,33,,,0,70,,58861,33,,,0,30,,58847,33,,,0,70,,58852,33,,,0,30,,58872,33,,,0,70,,58850,33,,,0,30,,58843,33,,,0,70,,58874,33,,,0,31,,58845,33,,,0,70,,58853,33,,,0,30,,58871,33,,,0,70,,58864,33,,,0,30,,58856,33,,,0,70,,58854,33,,,0,29,,58857,33,,,0,68,,58859,33,,,0,30,,58858,33,,,0,70,,58855,33,,,0,25,,58875,33,,,0,70,,58869,33,,,0,28,,58870,33,,,0,30,,58868,33,,,0,70,,58867,33,,,0,30,,58866,33,,,0,70,,58865,33,,,0,30,,58863,33,,,0,70,,58860,33,,,0
1019,'1910',558,,58913,33,,,0,70,,58902,33,,,0,30,,58888,33,,,0,70,,58907,33,,,0,30,,58897,33,,,0,70,,58882,33,,,0,30,,58903,33,,,0,70,,58905,33,,,0,30,,58887,33,,,0,71,,58908,33,,,0,30,,58896,33,,,0,70,,58881,33,,,0,30,,58891,33,,,0,70,,58901,33,,,0,30,,58886,33,,,0,70,,58909,33,,,0,30,,58895,33,,,0,70,,58880,33,,,0,30,,58890,33,,,0,70,,58900,33,,,0,30,,58885,33,,,0,70,,58910,33,,,0,30,,58894,33,,,0,70,,58879,33,,,0,30,,58889,33,,,0,70,,58899,33,,,0,30,,58883,33,,,0,69,,58911,33,,,0,30,,58892,33,,,0,70,,58878,33,,,0,30,,58884,33,,,0,70,,58898,33,,,0,74,,58893,33,,,0,30,,58912,33,,,0,70,,58906,33,,,0,25,,58904,33,,,0
1019,'1912',627,,58914,33,,,0,100,,58915,33,,,0,101,,58916,33,,,0,100,,58917,33,,,0,100,,58918,33,,,0,101,,58919,33,,,0,100,,58920,33,,,0,100,,58921,33,,,0,100,,58922,33,,,0,100,,58923,33,,,0,100,,58924,33,,,0,100,,58925,33,,,0,100,,58926,33,,,0,99,,58927,33,,,0,100,,58928,33,,,0,100,,58929,33,,,0,102,,58930,33,,,0,95,,58931,33,,,0
1019,'1924',627,,58932,33,,,0,100,,58933,33,,,0,101,,58934,33,,,0,100,,58935,33,,,0,100,,58936,33,,,0,101,,58937,33,,,0,100,,58938,33,,,0,100,,58939,33,,,0,100,,58940,33,,,0,100,,58941,33,,,0,100,,58942,33,,,0,100,,58943,33,,,0,100,,58944,33,,,0,99,,58945,33,,,0,100,,58946,33,,,0,100,,58947,33,,,0,102,,58948,33,,,0,95,,58949,33,,,0
1019,'1925',627,,58950,33,,,0,100,,58951,33,,,0,101,,58952,33,,,0,100,,58953,33,,,0,100,,58954,33,,,0,101,,58955,33,,,0,100,,58956,33,,,0,100,,58957,33,,,0,100,,58958,33,,,0,100,,58959,33,,,0,100,,58960,33,,,0,100,,58961,33,,,0,100,,58962,33,,,0,99,,58963,33,,,0,100,,58964,33,,,0,100,,58965,33,,,0,102,,58966,33,,,0,95,,58967,33,,,0
22029,'1907',713,,55746,12,0,19 2 34 21,0,100,,55732,14,,,0,100,,55733,14,,,0,100,,55734,14,,,0,100,,55735,14,,,0,100,,55736,14,,,0,100,,55737,14,,,0,100,,55738,14,,,0,100,,55739,14,,,0,100,,55740,14,,,0,100,,55741,14,,,0,99,,55745,12,0,19 2 34 21,0,100,,55742,12,0,19 2 34 21,0,100,,55743,12,0,19 2 34 21,0,100,,55744,12,0,19 2 34 21,0
22029,'1909',648,,55748,12,0,19 2 34 21,0,72,,55749,12,0,19 2 34 21,0,30,,55750,12,0,19 2 34 21,0,73,,60512,12,0,19 2 34 21,0,30,,60513,12,0,19 2 34 21,0,71,,60514,14,,,0,27,,55754,14,,,0,70,,55759,14,,,0,30,,60515,14,,,0,70,,55760,14,,,0,30,,55756,14,,,0,70,,55747,14,,,0,30,,55757,14,,,0,70,,55758,14,,,0,31,,55761,14,,,0,70,,55762,14,,,0,30,,60516,14,,,0,70,,55764,14,,,0,32,,60517,14,,,0,70,,60518,14,,,0,30,,60519,14,,,0,67,,60520,14,,,0,30,,60521,14,,,0,70,,60522,14,,,0,28,,60523,14,,,0,70,,60524,14,,,0,30,,60525,14,,,0,64,,55774,14,,,0,30,,60526,14,,,0,70,,60527,14,,,0,28,,55777,12,0,19 2 34 21,0,172,,60529,12,0,19 2 34 21,0,36,,60528,12,0,19 2 34 21,0
22029,'1910',615,,55811,12,0,19 2 34 21,0,30,,55810,12,0,19 2 34 21,0,65,,55803,12,0,19 2 34 21,0,30,,55798,12,0,19 2 34 21,0,70,,55804,12,0,19 2 34 21,0,31,,55780,14,,,0,70,,55781,14,,,0,30,,55782,14,,,0,72,,55783,14,,,0,30,,55784,14,,,0,70,,55785,14,,,0,30,,55786,14,,,0,70,,55787,14,,,0,31,,55788,14,,,0,70,,55789,14,,,0,31,,55790,14,,,0,69,,55791,14,,,0,31,,55792,14,,,0,70,,55793,14,,,0,30,,55794,14,,,0,70,,55795,14,,,0,29,,55796,14,,,0,69,,55797,14,,,0,29,,55799,12,0,19 2 34 21,0,69,,55805,12,0,19 2 34 21,0,30,,55800,12,0,19 2 34 21,0,70,,55806,12,0,19 2 34 21,0,30,,55801,12,0,19 2 34 21,0,70,,55807,12,0,19 2 34 21,0,30,,55802,12,0,19 2 34 21,0,67,,55808,12,0,19 2 34 21,0,33,,55809,12,0,19 2 34 21,0
22029,'1912',713,,55841,12,0,19 2 34 21,0,100,,55827,14,,,0,100,,55828,14,,,0,100,,55829,14,,,0,100,,55830,14,,,0,100,,55831,14,,,0,100,,55832,14,,,0,100,,55833,14,,,0,100,,55834,14,,,0,100,,55835,14,,,0,100,,55836,14,,,0,99,,55840,12,0,19 2 34 21,0,100,,55837,12,0,19 2 34 21,0,100,,55838,12,0,19 2 34 21,0,100,,55839,12,0,19 2 34 21,0
22029,'1924',713,,55826,12,0,19 2 34 21,0,100,,55812,14,,,0,100,,55813,14,,,0,100,,55814,14,,,0,100,,55815,14,,,0,100,,55816,14,,,0,100,,55817,14,,,0,100,,55818,14,,,0,100,,55819,14,,,0,100,,55820,14,,,0,100,,55821,14,,,0,99,,55825,12,0,19 2 34 21,0,100,,55822,12,0,19 2 34 21,0,100,,55823,12,0,19 2 34 21,0,100,,55824,12,0,19 2 34 21,0
22029,'1925',713,,60544,12,0,19 2 34 21,0,100,,60530,14,,,0,100,,60531,14,,,0,100,,60532,14,,,0,100,,60533,14,,,0,100,,60534,14,,,0,100,,60535,14,,,0,100,,60536,14,,,0,100,,60537,14,,,0,100,,60538,14,,,0,100,,60539,14,,,0,99,,60543,12,0,19 2 34 21,0,100,,60540,12,0,19 2 34 21,0,100,,60541,12,0,19 2 34 21,0,100,,60542,12,0,19 2 34 21,0
