2029,'1907',1741,,59318,16,4,,0,100,,59317,16,4,,0,465,,59319,16,4,,0
2029,'1909',1942,,59345,16,4,,0,367,,59339,16,4,,0
2029,'1910',1941,,59389,16,4,,0,367,,59386,16,4,,0
2029,'1912',1741,,59419,16,4,,0,100,,59418,16,4,,0,465,,59420,16,4,,0
2029,'1924',1741,,59451,16,4,,0,100,,59450,16,4,,0,465,,59452,16,4,,0
2029,'1925',1741,,59483,16,4,,0,100,,59482,16,4,,0,465,,59484,16,4,,0
7029,'1907',943,,54298,12,4,,0,100,,54293,12,4,,0,100,,54302,12,4,,0,101,,54292,12,4,,0,100,,54301,12,4,,0,100,,54291,12,4,,0,100,,54297,12,4,,0,100,,59850,12,4,,0,100,,54299,12,4,,0,99,,54289,12,4,,0,100,,54300,12,4,,0,199,,54295,12,4,,0,170,,54303,12,4,,0
7029,'1909',2042,,59867,12,4,,0,100,,54338,12,4,,0,100,,54340,12,4,,0
7029,'1910',2042,,54380,12,4,,0,100,,54379,12,4,,0,100,,54378,12,4,,0
7029,'1912',943,,54440,12,4,,0,100,,54435,12,4,,0,100,,54444,12,4,,0,101,,54434,12,4,,0,100,,54443,12,4,,0,100,,54433,12,4,,0,100,,54439,12,4,,0,100,,59893,12,4,,0,100,,54441,12,4,,0,99,,54431,12,4,,0,100,,54442,12,4,,0,199,,54437,12,4,,0,170,,54445,12,4,,0
7029,'1924',943,,54406,12,4,,0,100,,54401,12,4,,0,100,,54410,12,4,,0,101,,54400,12,4,,0,100,,54409,12,4,,0,100,,54399,12,4,,0,100,,54405,12,4,,0,100,,59911,12,4,,0,100,,54407,12,4,,0,99,,54397,12,4,,0,100,,54408,12,4,,0,199,,54403,12,4,,0,170,,54411,12,4,,0
7029,'1925',943,,59938,12,4,,0,100,,59933,12,4,,0,100,,59942,12,4,,0,101,,59932,12,4,,0,100,,59941,12,4,,0,100,,59931,12,4,,0,100,,59937,12,4,,0,100,,59930,12,4,,0,100,,59939,12,4,,0,99,,59929,12,4,,0,100,,59940,12,4,,0,199,,59935,12,4,,0,170,,59943,12,4,,0
