2029,'1907',623,,53401,24,,,0,30,,53409,24,,,0,68,,53420,24,,,0,30,,53415,24,,,0,70,,53402,24,,,0,30,,53410,24,,,0,71,,53421,24,,,0,30,,53416,24,,,0,55,,53432,9,0,12,0,15,,53403,24,,,0,30,,53411,24,,,0,70,,53422,24,,,0,30,,53417,24,,,0,70,,53404,24,,,0,30,,53412,24,,,0,70,,53423,24,,,0,30,,53418,24,,,0,70,,53405,24,,,0,30,,53413,24,,,0,70,,53424,24,,,0,30,,53419,24,,,0,70,,53406,24,,,0,30,,53414,24,,,0,70,,53425,24,,,0,100,,53407,24,,,0,97,,53426,24,,,0,100,,53408,24,,,0,101,,53427,24,,,0,100,,53400,24,,,0
2029,'1909',527,,53450,9,,,0,25,,53433,24,,,0,70,,53434,24,,,0,26,,53435,24,,,0,73,,53436,24,,,0,28,,53437,24,,,0,70,,53438,24,,,0,30,,53439,24,,,0,71,,53440,24,,,0,30,,53441,24,,,0,70,,53464,24,,,0,30,,53460,24,,,0,70,,53466,24,,,0,30,,53462,24,,,0,70,,53463,24,,,0,30,,53459,24,,,0,70,,53465,24,,,0,30,,53461,24,,,0,70,,53467,24,,,0,32,,53442,24,,,0,74,,53443,24,,,0,30,,53444,24,,,0,70,,53445,24,,,0,30,,53446,24,,,0,70,,53447,24,,,0,28,,53448,24,,,0,67,,53449,24,,,0,30,,53453,24,,,0,70,,53454,24,,,0,100,,53455,24,,,0,100,,53456,24,,,0,100,,53452,24,,,0
2029,'1910',553,,53499,24,0,5 2 15 16 17,0,70,,53482,24,,,0,30,,53489,24,,,0,68,,53468,24,,,0,30,,53474,24,,,0,70,,53483,24,,,0,30,,53490,24,,,0,71,,53469,24,,,0,30,,53475,24,,,0,70,,53484,24,,,0,30,,53491,24,,,0,70,,53470,24,,,0,30,,53476,24,,,0,70,,53485,24,,,0,30,,53492,24,,,0,70,,53471,24,,,0,30,,53477,24,,,0,70,,53486,24,,,0,30,,53493,24,,,0,70,,53472,24,,,0,30,,53478,24,,,0,70,,53487,24,,,0,30,,53494,24,,,0,70,,53473,24,,,0,30,,53479,24,,,0,70,,53488,24,,,0,30,,53495,24,,,0,69,,53480,24,,,0,100,,53496,24,,,0,100,,53481,24,,,0,100,,53497,24,,,0
2029,'1911',623,,53503,24,,,0,30,,53511,24,,,0,68,,53522,24,,,0,30,,53517,24,,,0,70,,53504,24,,,0,30,,53512,24,,,0,71,,53523,24,,,0,30,,53518,24,,,0,55,,53534,9,0,12,0,15,,53505,24,,,0,30,,53513,24,,,0,70,,53524,24,,,0,30,,53519,24,,,0,70,,53506,24,,,0,30,,53514,24,,,0,70,,53525,24,,,0,30,,53520,24,,,0,70,,53507,24,,,0,30,,53515,24,,,0,70,,53526,24,,,0,30,,53521,24,,,0,70,,53508,24,,,0,30,,53516,24,,,0,70,,53527,24,,,0,100,,53509,24,,,0,97,,53528,24,,,0,100,,53510,24,,,0,101,,53529,24,,,0,100,,53502,24,,,0
2029,'1912',623,,53536,24,,,0,30,,53544,24,,,0,68,,53555,24,,,0,30,,53550,24,,,0,70,,53537,24,,,0,30,,53545,24,,,0,71,,53556,24,,,0,30,,53551,24,,,0,55,,53567,9,0,12,0,15,,53538,24,,,0,30,,53546,24,,,0,70,,53557,24,,,0,30,,53552,24,,,0,70,,53539,24,,,0,30,,53547,24,,,0,70,,53558,24,,,0,30,,53553,24,,,0,70,,53540,24,,,0,30,,53548,24,,,0,70,,53559,24,,,0,30,,53554,24,,,0,70,,53541,24,,,0,30,,53549,24,,,0,70,,53560,24,,,0,100,,53542,24,,,0,97,,53561,24,,,0,100,,53543,24,,,0,101,,53562,24,,,0,100,,53535,24,,,0
701019,'1907',610,,57471,6,,,0,28,,57504,6,,,0,69,,57493,6,,,0,30,,57468,6,,,0,70,,57495,6,,,0,30,,57472,6,,,0,70,,57467,6,,,0,30,,57497,6,,,0,70,,57476,6,,,0,30,,57464,6,,,0,70,,57499,6,,,0,30,,57474,6,,,0,70,,57463,6,,,0,30,,57494,6,,,0,70,,57478,6,,,0,30,,57461,6,,,0,70,,57498,6,,,0,30,,57477,6,,,0,70,,57459,6,,,0,30,,57496,6,,,0,70,,57473,6,,,0,30,,57457,6,,,0,70,,57500,6,,,0,30,,57483,6,,,0,70,,57454,6,,,0,30,,57513,6,,,0,70,,57486,6,,,0,30,,57452,6,,,0,70,,57508,6,,,0,30,,57489,6,,,0,70,,57449,6,,,0,30,,57503,6,,,0,69,,57487,6,,,0,30,,57451,6,,,0,70,,57507,6,,,0,25,,57519,6,,,0
701019,'1909',551,,57611,6,,,0,70,,57612,6,,,0,18,,57622,6,,,0,14,,57613,6,,,0,70,,57621,6,,,0,15,,57614,6,,,0,65,,57615,6,,,0,13,,57616,6,,,0,20,,57617,6,,,0,69,,57584,6,,,0,30,,57629,6,,,0,70,,57585,6,,,0,30,,57586,6,,,0,70,,57587,6,,,0,30,,57588,6,,,0,70,,57589,6,,,0,30,,57590,6,,,0,70,,57591,6,,,0,30,,57592,6,,,0,70,,57593,6,,,0,31,,57594,6,,,0,14,,57626,6,0,5 2 11 2 12,0,56,,57630,6,,,0,11,,57595,6,,,0,20,,57619,6,,,0,19,,57625,6,0,5 2 11 2 12,0,61,,57596,6,,,0,20,,57597,6,,,0,21,,57627,6,0,5 2 11 2 12,0,60,,57618,6,,,0,19,,57610,6,,,0,65,,57609,6,,,0,20,,57608,6,,,0,15,,57598,6,,,0,70,,57599,6,,,0,30,,57600,6,,,0,69,,57601,6,,,0,30,,57602,6,,,0,70,,57603,6,,,0,30,,57604,6,,,0,70,,57605,6,,,0,30,,57606,6,,,0,70,,57607,6,,,0,25,,57624,6,,,0
701019,'1910',610,,57660,6,,,0,28,,57640,6,,,0,68,,57657,6,,,0,30,,57653,6,,,0,71,,57655,6,,,0,30,,57656,6,,,0,70,,57658,6,,,0,30,,57654,6,,,0,70,,57690,6,,,0,30,,57699,6,,,0,70,,57686,6,,,0,30,,57695,6,,,0,70,,57691,6,,,0,30,,57684,6,,,0,70,,57729,6,,,0,30,,57683,6,,,0,70,,57685,6,,,0,30,,57713,6,,,0,70,,57709,6,,,0,30,,57702,6,,,0,70,,57721,6,,,0,30,,57710,6,,,0,70,,57727,6,,,0,30,,57675,6,,,0,70,,57704,6,,,0,30,,57682,6,,,0,70,,57711,6,,,0,30,,57635,6,,,0,70,,57641,6,,,0,30,,57648,6,,,0,70,,57631,6,,,0,30,,57636,6,,,0,70,,57642,6,,,0,30,,57649,6,,,0,70,,57632,6,,,0,25,,57673,6,,,0
701019,'1911',610,,57779,6,,,0,28,,57812,6,,,0,69,,57801,6,,,0,30,,57776,6,,,0,70,,57803,6,,,0,30,,57780,6,,,0,70,,57775,6,,,0,30,,57805,6,,,0,70,,57784,6,,,0,30,,57772,6,,,0,70,,57807,6,,,0,30,,57782,6,,,0,70,,57771,6,,,0,30,,57802,6,,,0,70,,57786,6,,,0,30,,57769,6,,,0,70,,57806,6,,,0,30,,57785,6,,,0,70,,57767,6,,,0,30,,57804,6,,,0,70,,57781,6,,,0,30,,57765,6,,,0,70,,57808,6,,,0,30,,57791,6,,,0,70,,57762,6,,,0,30,,57821,6,,,0,70,,57794,6,,,0,30,,57760,6,,,0,70,,57816,6,,,0,30,,57797,6,,,0,70,,57757,6,,,0,30,,57811,6,,,0,69,,57795,6,,,0,30,,57759,6,,,0,70,,57815,6,,,0,25,,57827,6,,,0
701019,'1912',610,,57878,6,,,0,28,,57911,6,,,0,69,,57900,6,,,0,30,,57875,6,,,0,70,,57902,6,,,0,30,,57879,6,,,0,70,,57874,6,,,0,30,,57904,6,,,0,70,,57883,6,,,0,30,,57871,6,,,0,70,,57906,6,,,0,30,,57881,6,,,0,70,,57870,6,,,0,30,,57901,6,,,0,70,,57885,6,,,0,30,,57868,6,,,0,70,,57905,6,,,0,30,,57884,6,,,0,70,,57866,6,,,0,30,,57903,6,,,0,70,,57880,6,,,0,30,,57864,6,,,0,70,,57907,6,,,0,30,,57890,6,,,0,70,,57861,6,,,0,30,,57920,6,,,0,70,,57893,6,,,0,30,,57859,6,,,0,70,,57915,6,,,0,30,,57896,6,,,0,70,,57856,6,,,0,30,,57910,6,,,0,69,,57894,6,,,0,30,,57858,6,,,0,70,,57914,6,,,0,25,,57926,6,,,0
14000001029,'1907',535,,58794,9,0,18 7,0,1811,,58788,9,,,0,69,,58792,9,,,0,30,,58793,9,,,0,70,,58790,9,,,0,30,,58791,9,,,0,70,,58789,9,,,0
14000001029,'1909',433,,58795,9,0,18 7,0,102,,58796,9,0,18 7,0,1811,,58798,9,,,0,69,,58799,9,,,0,30,,58802,9,,,0,70,,58797,9,,,0,30,,58800,9,,,0,70,,58801,9,,,0
14000001029,'1910',535,,58807,9,0,18 7,0,1811,,58809,9,,,0,69,,58804,9,,,0,30,,58803,9,,,0,70,,58805,9,,,0,30,,58808,9,,,0,70,,58806,9,,,0
14000001029,'1911',535,,58816,9,0,18 7,0,1811,,58810,9,,,0,69,,58814,9,,,0,30,,58815,9,,,0,70,,58812,9,,,0,30,,58813,9,,,0,70,,58811,9,,,0
14000001029,'1912',535,,58823,9,0,18 7,0,1811,,58817,9,,,0,69,,58821,9,,,0,30,,58822,9,,,0,70,,58819,9,,,0,30,,58820,9,,,0,70,,58818,9,,,0
