16029,'1907',718,,55384,2,,,0,102,,55373,2,,,0,97,,55371,2,,,0,103,,55379,2,,,0,98,,55382,2,,,0,100,,55378,2,,,0,101,,55380,2,,,0,100,,55370,2,,,0,100,,55372,2,,,0,99,,55375,2,,,0,99,,55374,2,,,0,100,,55381,2,,,0,100,,55376,2,,,0,102,,55377,2,,,0,97,,55383,2,,,0
16029,'1909',549,,55417,2,,,0,70,,55385,2,,,0,33,,55386,2,,,0,74,,55387,2,,,0,30,,55388,2,,,0,73,,55389,2,,,0,30,,55390,2,,,0,71,,55391,2,,,0,27,,55392,2,,,0,70,,55393,2,,,0,30,,55394,2,,,0,70,,55395,2,,,0,30,,55396,2,,,0,70,,55397,2,,,0,30,,55398,2,,,0,70,,55399,2,,,0,31,,55400,2,,,0,70,,55401,2,,,0,30,,55402,2,,,0,70,,55403,2,,,0,72,,55404,2,,,0,30,,55405,2,,,0,70,,55406,2,,,0,28,,55407,2,,,0,30,,55408,2,,,0,70,,55416,2,,,0,27,,55409,2,,,0,70,,55410,2,,,0,30,,55411,2,,,0,64,,55412,2,,,0,29,,55413,2,,,0,70,,55414,2,,,0,27,,55415,2,,,0
16029,'1910',552,,55449,2,,,0,67,,55448,2,,,0,30,,55432,2,,,0,67,,55418,2,,,0,30,,55425,2,,,0,71,,55439,2,,,0,30,,55433,2,,,0,70,,55419,2,,,0,31,,55426,2,,,0,70,,55440,2,,,0,30,,55434,2,,,0,70,,55420,2,,,0,30,,55427,2,,,0,70,,55441,2,,,0,32,,55435,2,,,0,70,,55421,2,,,0,30,,55428,2,,,0,70,,55442,2,,,0,30,,55436,2,,,0,70,,55422,2,,,0,30,,55429,2,,,0,70,,55443,2,,,0,29,,55437,2,,,0,70,,55423,2,,,0,30,,55430,2,,,0,69,,55444,2,,,0,29,,55438,2,,,0,70,,55424,2,,,0,29,,55431,2,,,0,70,,55445,2,,,0,100,,55446,2,,,0,30,,55447,2,,,0
16029,'1911',718,,55464,2,,,0,102,,55453,2,,,0,97,,55451,2,,,0,103,,55459,2,,,0,98,,55462,2,,,0,100,,55458,2,,,0,101,,55460,2,,,0,100,,55450,2,,,0,100,,55452,2,,,0,99,,55455,2,,,0,99,,55454,2,,,0,100,,55461,2,,,0,100,,55456,2,,,0,102,,55457,2,,,0,97,,55463,2,,,0
16029,'1912',718,,55479,2,,,0,102,,55468,2,,,0,97,,55466,2,,,0,103,,55474,2,,,0,98,,55477,2,,,0,100,,55473,2,,,0,101,,55475,2,,,0,100,,55465,2,,,0,100,,55467,2,,,0,99,,55470,2,,,0,99,,55469,2,,,0,100,,55476,2,,,0,100,,55471,2,,,0,102,,55472,2,,,0,97,,55478,2,,,0
701019,'1907',607,,57471,3,,,0,28,,57504,3,,,0,69,,57493,3,,,0,30,,57468,3,,,0,70,,57495,3,,,0,30,,57472,3,,,0,70,,57467,3,,,0,30,,57497,3,,,0,70,,57476,3,,,0,30,,57464,3,,,0,70,,57499,3,,,0,30,,57474,3,,,0,70,,57463,3,,,0,30,,57494,3,,,0,70,,57478,3,,,0,30,,57461,3,,,0,70,,57498,3,,,0,30,,57477,3,,,0,70,,57459,3,,,0,30,,57496,3,,,0,70,,57473,3,,,0,30,,57457,3,,,0,70,,57500,3,,,0,30,,57483,3,,,0,70,,57454,3,,,0,30,,57513,3,,,0,70,,57486,3,,,0,30,,57452,3,,,0,70,,57508,3,,,0,30,,57489,3,,,0,70,,57449,3,,,0,30,,57503,3,,,0,69,,57487,3,,,0,30,,57451,3,,,0,70,,57507,3,,,0,25,,57519,3,,,0
701019,'1909',548,,57611,3,,,0,70,,57612,3,,,0,18,,57622,3,,,0,14,,57613,3,,,0,69,,57621,3,,,0,15,,57614,3,,,0,25,,57615,3,,,0,53,,57616,3,,,0,20,,57617,3,,,0,70,,57584,3,,,0,30,,57629,3,,,0,70,,57585,3,,,0,30,,57586,3,,,0,70,,57587,3,,,0,30,,57588,3,,,0,70,,57589,3,,,0,30,,57590,3,,,0,70,,57591,3,,,0,30,,57592,3,,,0,70,,57593,3,,,0,30,,57594,3,,,0,14,,57626,3,0,5 2 11 2 12,0,56,,57630,3,,,0,11,,57595,3,,,0,20,,57619,3,,,0,19,,57625,3,0,5 2 11 2 12,0,61,,57596,3,,,0,20,,57597,3,,,0,21,,57627,3,0,5 2 11 2 12,0,60,,57618,3,,,0,20,,57610,3,,,0,25,,57609,3,,,0,60,,57608,3,,,0,15,,57598,3,,,0,70,,57599,3,,,0,30,,57600,3,,,0,69,,57601,3,,,0,30,,57602,3,,,0,70,,57603,3,,,0,30,,57604,3,,,0,70,,57605,3,,,0,30,,57606,3,,,0,70,,57607,3,,,0,25,,57624,3,,,0
701019,'1910',607,,57660,3,,,0,28,,57640,3,,,0,68,,57657,3,,,0,30,,57653,3,,,0,71,,57655,3,,,0,30,,57656,3,,,0,70,,57658,3,,,0,30,,57654,3,,,0,70,,57690,3,,,0,30,,57699,3,,,0,70,,57686,3,,,0,30,,57695,3,,,0,70,,57691,3,,,0,30,,57684,3,,,0,70,,57729,3,,,0,30,,57683,3,,,0,70,,57685,3,,,0,30,,57713,3,,,0,70,,57709,3,,,0,30,,57702,3,,,0,70,,57721,3,,,0,30,,57710,3,,,0,70,,57727,3,,,0,30,,57675,3,,,0,70,,57704,3,,,0,30,,57682,3,,,0,70,,57711,3,,,0,30,,57635,3,,,0,70,,57641,3,,,0,30,,57648,3,,,0,70,,57631,3,,,0,30,,57636,3,,,0,70,,57642,3,,,0,30,,57649,3,,,0,70,,57632,3,,,0,25,,57673,3,,,0
701019,'1911',607,,57779,3,,,0,28,,57812,3,,,0,69,,57801,3,,,0,30,,57776,3,,,0,70,,57803,3,,,0,30,,57780,3,,,0,70,,57775,3,,,0,30,,57805,3,,,0,70,,57784,3,,,0,30,,57772,3,,,0,70,,57807,3,,,0,30,,57782,3,,,0,70,,57771,3,,,0,30,,57802,3,,,0,70,,57786,3,,,0,30,,57769,3,,,0,70,,57806,3,,,0,30,,57785,3,,,0,70,,57767,3,,,0,30,,57804,3,,,0,70,,57781,3,,,0,30,,57765,3,,,0,70,,57808,3,,,0,30,,57791,3,,,0,70,,57762,3,,,0,30,,57821,3,,,0,70,,57794,3,,,0,30,,57760,3,,,0,70,,57816,3,,,0,30,,57797,3,,,0,70,,57757,3,,,0,30,,57811,3,,,0,69,,57795,3,,,0,30,,57759,3,,,0,70,,57815,3,,,0,25,,57827,3,,,0
701019,'1912',607,,57878,3,,,0,28,,57911,3,,,0,69,,57900,3,,,0,30,,57875,3,,,0,70,,57902,3,,,0,30,,57879,3,,,0,70,,57874,3,,,0,30,,57904,3,,,0,70,,57883,3,,,0,30,,57871,3,,,0,70,,57906,3,,,0,30,,57881,3,,,0,70,,57870,3,,,0,30,,57901,3,,,0,70,,57885,3,,,0,30,,57868,3,,,0,70,,57905,3,,,0,30,,57884,3,,,0,70,,57866,3,,,0,30,,57903,3,,,0,70,,57880,3,,,0,30,,57864,3,,,0,70,,57907,3,,,0,30,,57890,3,,,0,70,,57861,3,,,0,30,,57920,3,,,0,70,,57893,3,,,0,30,,57859,3,,,0,70,,57915,3,,,0,30,,57896,3,,,0,70,,57856,3,,,0,30,,57910,3,,,0,69,,57894,3,,,0,30,,57858,3,,,0,70,,57914,3,,,0,25,,57926,3,,,0
