1029,'1907',558,,58968,11,,,0,98,,58969,11,,,0,100,,58970,11,,,0,100,,58971,11,,,0,101,,58972,11,,,0,100,,58973,11,,,0,100,,58974,11,,,0,100,,58975,11,,,0,100,,58976,11,,,0,100,,58977,11,,,0,100,,58978,11,,,0,100,,58979,11,,,0,100,,58980,11,,,0,100,,58981,11,,,0,100,,58982,11,,,0,100,,58983,11,,,0,100,,58984,11,,,0,99,,58985,11,,,0
1029,'1909',556,,58995,11,,,0,75,,58996,11,,,0,25,,59016,11,,,0,69,,58992,11,,,0,30,,58987,11,,,0,70,,59020,11,,,0,33,,58990,11,,,0,70,,58997,11,,,0,30,,59015,11,,,0,70,,58994,11,,,0,30,,58986,11,,,0,70,,59019,11,,,0,30,,58991,11,,,0,70,,58998,11,,,0,30,,59014,11,,,0,70,,58993,11,,,0,30,,58988,11,,,0,70,,59017,11,,,0,31,,58989,11,,,0,70,,58999,11,,,0,30,,59013,11,,,0,70,,59002,11,,,0,30,,59001,11,,,0,70,,59000,11,,,0,28,,59006,11,,,0,70,,59005,11,,,0,30,,59004,11,,,0,70,,59003,11,,,0,30,,59018,11,,,0,69,,59012,11,,,0,30,,59011,11,,,0,70,,59010,11,,,0,30,,59009,11,,,0,70,,59008,11,,,0,25,,59007,11,,,0
1029,'1910',558,,59026,11,,,0,68,,59038,11,,,0,30,,59045,11,,,0,70,,59033,11,,,0,30,,59054,11,,,0,70,,59042,11,,,0,30,,59025,11,,,0,68,,59037,11,,,0,30,,59048,11,,,0,70,,59032,11,,,0,30,,59055,11,,,0,70,,59041,11,,,0,30,,59024,11,,,0,70,,59036,11,,,0,30,,59047,11,,,0,70,,59031,11,,,0,30,,59027,11,,,0,70,,59040,11,,,0,30,,59023,11,,,0,70,,59035,11,,,0,30,,59043,11,,,0,70,,59030,11,,,0,30,,59052,11,,,0,70,,59039,11,,,0,30,,59022,11,,,0,72,,59034,11,,,0,30,,59046,11,,,0,70,,59028,11,,,0,30,,59050,11,,,0,70,,59049,11,,,0,30,,59021,11,,,0,70,,59029,11,,,0,30,,59044,11,,,0,70,,59053,11,,,0,30,,59051,11,,,0
1029,'1912',558,,59056,11,,,0,98,,59057,11,,,0,100,,59058,11,,,0,100,,59059,11,,,0,101,,59060,11,,,0,100,,59061,11,,,0,100,,59062,11,,,0,100,,59063,11,,,0,100,,59064,11,,,0,100,,59065,11,,,0,100,,59066,11,,,0,100,,59067,11,,,0,100,,59068,11,,,0,100,,59069,11,,,0,100,,59070,11,,,0,100,,59071,11,,,0,100,,59072,11,,,0,99,,59073,11,,,0
1029,'1924',558,,59074,11,,,0,98,,59075,11,,,0,100,,59076,11,,,0,100,,59077,11,,,0,101,,59078,11,,,0,100,,59079,11,,,0,100,,59080,11,,,0,100,,59081,11,,,0,100,,59082,11,,,0,100,,59083,11,,,0,100,,59084,11,,,0,100,,59085,11,,,0,100,,59086,11,,,0,100,,59087,11,,,0,100,,59088,11,,,0,100,,59089,11,,,0,100,,59090,11,,,0,99,,59091,11,,,0
1029,'1925',558,,59092,11,,,0,98,,59093,11,,,0,100,,59094,11,,,0,100,,59095,11,,,0,101,,59096,11,,,0,100,,59097,11,,,0,100,,59098,11,,,0,100,,59099,11,,,0,100,,59100,11,,,0,100,,59101,11,,,0,100,,59102,11,,,0,100,,59103,11,,,0,100,,59104,11,,,0,100,,59105,11,,,0,100,,59106,11,,,0,100,,59107,11,,,0,100,,59108,11,,,0,99,,59109,11,,,0
7019,'1907',737,,59729,13,,,0,101,,59730,13,,,0,100,,59738,13,,,0,101,,59731,13,,,0,100,,59732,13,,,0,100,,59733,13,,,0,100,,59734,13,,,0,101,,59735,13,,,0,100,,59736,13,,,0,99,,59737,13,,,0,100,,59725,13,,,0,99,,59726,13,,,0,99,,59724,13,,,0,100,,59728,13,,,0,100,,59727,13,,,0
7019,'1909',536,,54158,13,,,0,103,,54157,13,,,0,70,,59751,13,,,0,32,,54156,13,,,0,71,,59750,13,,,0,29,,54154,13,,,0,70,,59749,13,,,0,30,,54152,13,,,0,70,,54153,13,,,0,30,,54151,13,,,0,70,,54149,13,,,0,30,,54163,13,,,0,70,,59754,13,,,0,30,,59753,13,,,0,70,,59752,13,,,0,30,,54141,13,,,0,71,,59748,13,,,0,31,,59743,13,,,0,73,,54139,13,,,0,28,,54147,13,,,0,70,,59747,13,,,0,30,,59746,13,,,0,68,,54138,13,,,0,30,,54137,13,,,0,70,,54136,13,,,0,30,,59745,13,,,0,69,,59744,13,,,0,28,,54135,13,,,0,70,,54142,13,,,0,30,,59742,13,,,0,99,,54132,13,,,0,99,,59741,13,,,0,100,,54168,13,,,0
7019,'1910',638,,59761,13,,,0,69,,59760,13,,,0,30,,54182,13,,,0,70,,54175,13,,,0,32,,54183,13,,,0,70,,54176,13,,,0,30,,59762,13,,,0,71,,54177,13,,,0,30,,54185,13,,,0,70,,54178,13,,,0,30,,54186,13,,,0,70,,54179,13,,,0,30,,59763,13,,,0,70,,54180,13,,,0,30,,59764,13,,,0,70,,54193,13,,,0,30,,54189,13,,,0,70,,54195,13,,,0,30,,54190,13,,,0,70,,54194,13,,,0,30,,54191,13,,,0,70,,54196,13,,,0,30,,54192,13,,,0,70,,54199,13,,,0,29,,54169,13,,,0,69,,54197,13,,,0,30,,59758,13,,,0,70,,54198,13,,,0,30,,54171,13,,,0,99,,54172,13,,,0,100,,59759,13,,,0
7019,'1912',737,,59770,13,,,0,101,,59771,13,,,0,100,,59779,13,,,0,101,,59772,13,,,0,100,,59773,13,,,0,100,,59774,13,,,0,100,,59775,13,,,0,101,,59776,13,,,0,100,,59777,13,,,0,99,,59778,13,,,0,100,,59766,13,,,0,99,,59767,13,,,0,99,,59765,13,,,0,100,,59769,13,,,0,100,,59768,13,,,0
7019,'1924',737,,59787,13,,,0,101,,59788,13,,,0,100,,59796,13,,,0,101,,59789,13,,,0,100,,59790,13,,,0,100,,59791,13,,,0,100,,59792,13,,,0,101,,59793,13,,,0,100,,59794,13,,,0,99,,59795,13,,,0,100,,59783,13,,,0,99,,59784,13,,,0,99,,59782,13,,,0,100,,59786,13,,,0,100,,59785,13,,,0
7019,'1925',737,,59804,13,,,0,101,,59805,13,,,0,100,,59813,13,,,0,101,,59806,13,,,0,100,,59807,13,,,0,100,,59808,13,,,0,100,,59809,13,,,0,101,,59810,13,,,0,100,,59811,13,,,0,99,,59812,13,,,0,100,,59800,13,,,0,99,,59801,13,,,0,99,,59799,13,,,0,100,,59803,13,,,0,100,,59802,13,,,0
