1029,'1907',626,,58968,49,,,0,100,,58969,49,,,0,100,,58970,49,,,0,102,,58971,49,,,0,100,,58972,49,,,0,100,,58973,49,,,0,100,,58974,49,,,0,100,,58975,49,,,0,100,,58976,49,,,0,100,,58977,49,,,0,100,,58978,49,,,0,100,,58979,49,,,0,100,,58980,49,,,0,100,,58981,49,,,0,100,,58982,49,,,0,100,,58983,49,,,0,100,,58984,49,,,0,95,,58985,49,,,0
1029,'1909',626,,58995,49,,,0,75,,58996,49,,,0,32,,59016,49,,,0,70,,58992,49,,,0,30,,58987,49,,,0,71,,59020,49,,,0,30,,58990,49,,,0,70,,58997,49,,,0,30,,59015,49,,,0,70,,58994,49,,,0,30,,58986,49,,,0,70,,59019,49,,,0,30,,58991,49,,,0,70,,58998,49,,,0,30,,59014,49,,,0,70,,58993,49,,,0,31,,58988,49,,,0,71,,59017,49,,,0,32,,58989,49,,,0,70,,58999,49,,,0,30,,59013,49,,,0,70,,59002,49,,,0,29,,59001,49,,,0,67,,59000,49,,,0,25,,59006,49,,,0,30,,59005,49,,,0,70,,59004,49,,,0,30,,59003,49,,,0,69,,59018,49,,,0,30,,59012,49,,,0,70,,59011,49,,,0,30,,59010,49,,,0,70,,59009,49,,,0,30,,59008,49,,,0,65,,59007,49,,,0
1029,'1910',626,,59026,49,,,0,30,,59038,49,,,0,70,,59045,49,,,0,30,,59033,49,,,0,70,,59054,49,,,0,30,,59042,49,,,0,72,,59025,49,,,0,30,,59037,49,,,0,70,,59048,49,,,0,30,,59032,49,,,0,70,,59055,49,,,0,30,,59041,49,,,0,70,,59024,49,,,0,30,,59036,49,,,0,70,,59047,49,,,0,30,,59031,49,,,0,70,,59027,49,,,0,30,,59040,49,,,0,70,,59023,49,,,0,30,,59035,49,,,0,70,,59043,49,,,0,30,,59030,49,,,0,70,,59052,49,,,0,30,,59039,49,,,0,69,,59022,49,,,0,31,,59034,49,,,0,70,,59046,49,,,0,30,,59028,49,,,0,70,,59050,49,,,0,30,,59049,49,,,0,70,,59021,49,,,0,30,,59029,49,,,0,70,,59044,49,,,0,30,,59053,49,,,0,69,,59051,49,,,0
1029,'1912',626,,59056,49,,,0,100,,59057,49,,,0,100,,59058,49,,,0,102,,59059,49,,,0,100,,59060,49,,,0,100,,59061,49,,,0,100,,59062,49,,,0,100,,59063,49,,,0,100,,59064,49,,,0,100,,59065,49,,,0,100,,59066,49,,,0,100,,59067,49,,,0,100,,59068,49,,,0,100,,59069,49,,,0,100,,59070,49,,,0,100,,59071,49,,,0,100,,59072,49,,,0,95,,59073,49,,,0
1029,'1924',626,,59074,49,,,0,100,,59075,49,,,0,100,,59076,49,,,0,102,,59077,49,,,0,100,,59078,49,,,0,100,,59079,49,,,0,100,,59080,49,,,0,100,,59081,49,,,0,100,,59082,49,,,0,100,,59083,49,,,0,100,,59084,49,,,0,100,,59085,49,,,0,100,,59086,49,,,0,100,,59087,49,,,0,100,,59088,49,,,0,100,,59089,49,,,0,100,,59090,49,,,0,95,,59091,49,,,0
1029,'1925',626,,59092,49,,,0,100,,59093,49,,,0,100,,59094,49,,,0,102,,59095,49,,,0,100,,59096,49,,,0,100,,59097,49,,,0,100,,59098,49,,,0,100,,59099,49,,,0,100,,59100,49,,,0,100,,59101,49,,,0,100,,59102,49,,,0,100,,59103,49,,,0,100,,59104,49,,,0,100,,59105,49,,,0,100,,59106,49,,,0,100,,59107,49,,,0,100,,59108,49,,,0,95,,59109,49,,,0
2029,'1907',641,,59290,46,,,0,71,,59298,46,,,0,31,,59309,46,,,0,70,,59304,46,,,0,30,,59291,46,,,0,70,,59299,46,,,0,30,,59310,46,,,0,70,,59305,46,,,0,30,,59292,46,,,0,70,,59300,46,,,0,30,,59311,46,,,0,70,,59306,46,,,0,30,,59293,46,,,0,70,,59301,46,,,0,30,,59312,46,,,0,70,,59307,46,,,0,30,,59294,46,,,0,70,,59302,46,,,0,30,,59313,46,,,0,70,,59308,46,,,0,30,,59295,46,,,0,70,,59303,46,,,0,30,,59314,46,,,0,100,,59296,46,,,0,99,,59315,46,,,0,100,,59297,46,,,0,101,,59316,46,,,0,100,,59289,46,,,0
2029,'1909',546,,59338,31,,,0,65,,59321,46,,,0,30,,59322,46,,,0,72,,59323,46,,,0,30,,59324,46,,,0,71,,59325,46,,,0,30,,59326,46,,,0,70,,59327,46,,,0,30,,59328,46,,,0,70,,59329,46,,,0,30,,59352,46,,,0,70,,59348,46,,,0,30,,59354,46,,,0,70,,59350,46,,,0,30,,59351,46,,,0,70,,59347,46,,,0,30,,59353,46,,,0,70,,59349,46,,,0,32,,59355,46,,,0,71,,59330,46,,,0,34,,59331,46,,,0,70,,59332,46,,,0,30,,59333,46,,,0,70,,59334,46,,,0,27,,59335,46,,,0,66,,59336,46,,,0,29,,59337,46,,,0,70,,59341,46,,,0,30,,59342,46,,,0,100,,59343,46,,,0,100,,59344,46,,,0,100,,59340,46,,,0
2029,'1910',611,,59387,46,0,5 2 15 16 17,0,30,,59370,46,,,0,69,,59377,46,,,0,31,,59356,46,,,0,70,,59362,46,,,0,30,,59371,46,,,0,72,,59378,46,,,0,30,,59357,46,,,0,70,,59363,46,,,0,30,,59372,46,,,0,70,,59379,46,,,0,30,,59358,46,,,0,70,,59364,46,,,0,30,,59373,46,,,0,70,,59380,46,,,0,30,,59359,46,,,0,70,,59365,46,,,0,30,,59374,46,,,0,70,,59381,46,,,0,30,,59360,46,,,0,70,,59366,46,,,0,30,,59375,46,,,0,70,,59382,46,,,0,30,,59361,46,,,0,70,,59367,46,,,0,30,,59376,46,,,0,70,,59383,46,,,0,30,,59368,46,,,0,100,,59384,46,,,0,100,,59369,46,,,0,100,,59385,46,,,0
2029,'1912',641,,59391,46,,,0,71,,59399,46,,,0,31,,59410,46,,,0,70,,59405,46,,,0,30,,59392,46,,,0,70,,59400,46,,,0,30,,59411,46,,,0,70,,59406,46,,,0,30,,59393,46,,,0,70,,59401,46,,,0,30,,59412,46,,,0,70,,59407,46,,,0,30,,59394,46,,,0,70,,59402,46,,,0,30,,59413,46,,,0,70,,59408,46,,,0,30,,59395,46,,,0,70,,59403,46,,,0,30,,59414,46,,,0,70,,59409,46,,,0,30,,59396,46,,,0,70,,59404,46,,,0,30,,59415,46,,,0,100,,59397,46,,,0,99,,59416,46,,,0,100,,59398,46,,,0,101,,59417,46,,,0,100,,59390,46,,,0
2029,'1924',641,,59423,46,,,0,71,,59431,46,,,0,31,,59442,46,,,0,70,,59437,46,,,0,30,,59424,46,,,0,70,,59432,46,,,0,30,,59443,46,,,0,70,,59438,46,,,0,30,,59425,46,,,0,70,,59433,46,,,0,30,,59444,46,,,0,70,,59439,46,,,0,30,,59426,46,,,0,70,,59434,46,,,0,30,,59445,46,,,0,70,,59440,46,,,0,30,,59427,46,,,0,70,,59435,46,,,0,30,,59446,46,,,0,70,,59441,46,,,0,30,,59428,46,,,0,70,,59436,46,,,0,30,,59447,46,,,0,100,,59429,46,,,0,99,,59448,46,,,0,100,,59430,46,,,0,101,,59449,46,,,0,100,,59422,46,,,0
2029,'1925',641,,59455,46,,,0,71,,59463,46,,,0,31,,59474,46,,,0,70,,59469,46,,,0,30,,59456,46,,,0,70,,59464,46,,,0,30,,59475,46,,,0,70,,59470,46,,,0,30,,59457,46,,,0,70,,59465,46,,,0,30,,59476,46,,,0,70,,59471,46,,,0,30,,59458,46,,,0,70,,59466,46,,,0,30,,59477,46,,,0,70,,59472,46,,,0,30,,59459,46,,,0,70,,59467,46,,,0,30,,59478,46,,,0,70,,59473,46,,,0,30,,59460,46,,,0,70,,59468,46,,,0,30,,59479,46,,,0,100,,59461,46,,,0,99,,59480,46,,,0,100,,59462,46,,,0,101,,59481,46,,,0,100,,59454,46,,,0
12029,'1909',651,,60148,25,,,0,72,,60145,25,,,0,30,,60138,25,,,0,69,,60146,25,,,0,31,,60139,25,,,0,71,,60125,16,,,0,30,,60126,16,,,0,70,,60127,16,,,0,30,,60128,16,,,0,70,,60129,16,,,0,30,,60130,16,,,0,70,,60131,16,,,0,30,,60132,16,,,0,70,,60133,16,,,0,30,,60134,16,,,0,70,,60135,16,,,0,31,,60141,25,,,0,71,,60144,25,,,0,30,,60136,25,,,0,70,,60143,25,,,0,30,,60137,25,,,0,70,,60147,25,,,0,28,,60140,25,,,0,70,,60142,25,,,0
14000001029,'1907',553,,61816,30,0,18 7,0,1851,,61810,30,,,0,29,,61814,30,,,0,70,,61815,30,,,0,30,,61812,30,,,0,70,,61813,30,,,0,30,,61811,30,,,0
14000001029,'1909',451,,61817,30,0,18 7,0,102,,61818,30,0,18 7,0,1851,,61820,30,,,0,29,,61821,30,,,0,70,,61824,30,,,0,30,,61819,30,,,0,70,,61822,30,,,0,30,,61823,30,,,0
14000001029,'1910',553,,61829,30,0,18 7,0,1851,,61831,30,,,0,29,,61826,30,,,0,70,,61825,30,,,0,30,,61827,30,,,0,70,,61830,30,,,0,30,,61828,30,,,0
14000001029,'1912',553,,61838,30,0,18 7,0,1851,,61832,30,,,0,29,,61836,30,,,0,70,,61837,30,,,0,30,,61834,30,,,0,70,,61835,30,,,0,30,,61833,30,,,0
14000001029,'1924',553,,61845,30,0,18 7,0,1851,,61839,30,,,0,29,,61843,30,,,0,70,,61844,30,,,0,30,,61841,30,,,0,70,,61842,30,,,0,30,,61840,30,,,0
14000001029,'1925',553,,61852,30,0,18 7,0,1851,,61846,30,,,0,29,,61850,30,,,0,70,,61851,30,,,0,30,,61848,30,,,0,70,,61849,30,,,0,30,,61847,30,,,0
