609,'1907',833,,53892,3,0,5 2 6 7,0,100,,53893,3,0,5 2 6 7,0,100,,53894,3,0,5 2 6 7,0,100,,53895,3,0,5 2 6 7,0,100,,53896,3,0,5 2 6 7,0,100,,53897,3,0,5 2 6 7,0,100,,53898,3,0,5 2 6 7,0,100,,53899,3,0,5 2 6 7,0,100,,53900,3,0,5 2 6 7,0,100,,53901,3,0,5 2 6 7,0,100,,53902,3,0,5 2 6 7,0,100,,53903,3,0,5 2 6 7,0
609,'1909',613,,53961,3,0,15 16 17,0,35,,53915,3,0,15 16 17,0,70,,53912,3,0,15 16 17,0,30,,53925,3,0,15 16 17,0,70,,53927,3,0,15 16 17,0,30,,53937,3,0,15 16 17,0,70,,53960,3,0,15 16 17,0,30,,53924,3,0,15 16 17,0,70,,53933,3,0,15 16 17,0,30,,53934,3,0,15 16 17,0,70,,53932,3,0,15 16 17,0,30,,53956,3,0,15 16 17,0,70,,53955,3,0,15 16 17,0,30,,53952,3,0,15 16 17,0,70,,53953,3,0,15 16 17,0,30,,53954,3,0,15 16 17,0,70,,53951,3,0,15 16 17,0,30,,53949,3,0,15 16 17,0,70,,53950,3,0,15 16 17,0,30,,53948,3,0,15 16 17,0,70,,53946,3,0,15 16 17,0,30,,53945,3,0,15 16 17,0,70,,53947,3,0,15 16 17,0,30,,53944,3,0,15 16 17,0,65,,53943,3,0,15 16 17,0,30,,53942,3,0,15 16 17,0,90,,53940,3,0,15 16 17,0,100,,53941,3,0,15 16 17,0,100,,53939,3,0,15 16 17,0,100,,53963,3,0,15 16 17,0
609,'1910',604,,54020,3,0,15 16 17,0,30,,53999,3,0,15 16 17,0,70,,53987,3,0,15 16 17,0,30,,54013,3,0,15 16 17,0,70,,53986,3,0,15 16 17,0,30,,53998,3,0,15 16 17,0,70,,53985,3,0,15 16 17,0,28,,54012,3,0,15 16 17,0,70,,53984,3,0,15 16 17,0,30,,53997,3,0,15 16 17,0,71,,53983,3,0,15 16 17,0,30,,54011,3,0,15 16 17,0,70,,53982,3,0,15 16 17,0,30,,53996,3,0,15 16 17,0,70,,53981,3,0,15 16 17,0,30,,54010,3,0,15 16 17,0,70,,53980,3,0,15 16 17,0,30,,53995,3,0,15 16 17,0,70,,53979,3,0,15 16 17,0,30,,54009,3,0,15 16 17,0,70,,53978,3,0,15 16 17,0,30,,53994,3,0,15 16 17,0,70,,53977,3,0,15 16 17,0,30,,54016,3,0,15 16 17,0,70,,54000,3,0,15 16 17,0,30,,54014,3,0,15 16 17,0,69,,54017,3,0,5 2 6 7,0,100,,54008,3,0,5 2 6 7,0,100,,54021,3,0,5 2 6 7,0
609,'1911',833,,54047,3,0,5 2 6 7,0,100,,54048,3,0,5 2 6 7,0,100,,54049,3,0,5 2 6 7,0,100,,54050,3,0,5 2 6 7,0,100,,54051,3,0,5 2 6 7,0,100,,54052,3,0,5 2 6 7,0,100,,54053,3,0,5 2 6 7,0,100,,54054,3,0,5 2 6 7,0,100,,54055,3,0,5 2 6 7,0,100,,54056,3,0,5 2 6 7,0,100,,54057,3,0,5 2 6 7,0,100,,54058,3,0,5 2 6 7,0
609,'1912',833,,54083,3,0,5 2 6 7,0,100,,54084,3,0,5 2 6 7,0,100,,54085,3,0,5 2 6 7,0,100,,54086,3,0,5 2 6 7,0,100,,54087,3,0,5 2 6 7,0,100,,54088,3,0,5 2 6 7,0,100,,54089,3,0,5 2 6 7,0,100,,54090,3,0,5 2 6 7,0,100,,54091,3,0,5 2 6 7,0,100,,54092,3,0,5 2 6 7,0,100,,54093,3,0,5 2 6 7,0,100,,54094,3,0,5 2 6 7,0
502019,'1907',605,,56664,2,,,0,28,,56646,2,,,0,25,,56655,2,,,0,70,,56680,2,,,0,30,,56660,2,,,0,70,,56679,2,,,0,30,,56658,2,,,0,70,,56678,2,,,0,30,,56647,2,,,0,70,,56677,2,,,0,15,,56689,2,,,0,15,,56648,2,,,0,55,,56691,2,,,0,15,,56676,2,,,0,15,,56694,2,,,0,15,,56649,2,,,0,55,,56683,2,,,0,15,,56675,2,,,0,15,,56686,2,,,0,15,,56650,2,,,0,55,,56688,2,,,0,15,,56674,2,,,0,15,,56692,2,,,0,15,,56651,2,,,0,55,,56693,2,,,0,15,,56673,2,,,0,15,,56682,2,,,0,15,,56652,2,,,0,55,,56685,2,,,0,15,,56672,2,,,0,15,,56687,2,,,0,15,,56653,2,,,0,55,,56690,2,,,0,15,,56671,2,,,0,15,,56695,2,,,0,15,,56654,2,,,0,55,,56681,2,,,0,15,,56670,2,,,0,15,,56684,2,,,0,15,,56663,2,,,0,70,,56669,2,,,0,30,,56661,2,,,0,70,,56668,2,,,0,30,,56656,2,,,0,70,,56667,2,,,0,30,,56657,2,,,0,70,,56665,2,,,0,29,,56662,2,,,0,70,,56666,2,,,0,30,,56659,2,,,0
502019,'1909',528,,56696,2,,,0,15,,56697,2,,,0,15,,56698,2,,,0,55,,56699,2,,,0,7,,56700,2,,,0,8,,56701,2,,,0,15,,56702,2,,,0,12,,56703,2,,,0,52,,56704,2,,,0,12,,56705,2,,,0,6,,56706,2,,,0,6,,56707,2,,,0,12,,56708,2,,,0,6,,56709,2,,,0,6,,56710,2,,,0,52,,56711,2,,,0,12,,56712,2,,,0,12,,56713,2,,,0,12,,56714,2,,,0,15,,56715,2,,,0,55,,56716,2,,,0,15,,56717,2,,,0,15,,56718,2,,,0,15,,56719,2,,,0,55,,56720,2,,,0,15,,56721,2,,,0,15,,56722,2,,,0,15,,56723,2,,,0,55,,56724,2,,,0,15,,56725,2,,,0,15,,56726,2,,,0,15,,56727,2,,,0,55,,56728,2,,,0,15,,56729,2,,,0,15,,56730,2,,,0,15,,56731,2,,,0,55,,56732,2,,,0,15,,56733,2,,,0,15,,56734,2,,,0,15,,56735,2,,,0,55,,56736,2,,,0,15,,56737,2,,,0,16,,56738,2,,,0,15,,56739,2,,,0,55,,56740,2,,,0,12,,56741,2,,,0,12,,56742,2,,,0,12,,56743,2,,,0,52,,56744,2,,,0,12,,56745,2,,,0,12,,56746,2,,,0,12,,56747,2,,,0,12,,56748,2,,,0,52,,56749,2,,,0,11,,56750,2,,,0,12,,56751,2,,,0,12,,56752,2,,,0,12,,56753,2,,,0,52,,56754,2,,,0,12,,56755,2,,,0,15,,56756,2,,,0,15,,56766,2,,,0,15,,56757,2,,,0,70,,56758,2,,,0,30,,56759,2,,,0,70,,56760,2,,,0,30,,56761,2,,,0,70,,56762,2,,,0,30,,56763,2,,,0,70,,56764,2,,,0,30,,56765,2,,,0
502019,'1910',603,,56774,2,,,0,15,,56820,2,,,0,15,,56781,2,,,0,70,,56773,2,,,0,30,,56782,2,,,0,25,,56772,2,,,0,70,,56783,2,,,0,30,,56771,2,,,0,70,,56784,2,,,0,15,,56785,2,,,0,15,,56811,2,,,0,55,,56794,2,,,0,15,,56803,2,,,0,15,,56786,2,,,0,15,,56812,2,,,0,55,,56795,2,,,0,15,,56804,2,,,0,15,,56787,2,,,0,15,,56813,2,,,0,55,,56796,2,,,0,15,,56805,2,,,0,15,,56788,2,,,0,15,,56814,2,,,0,55,,56797,2,,,0,15,,56806,2,,,0,15,,56789,2,,,0,15,,56815,2,,,0,55,,56798,2,,,0,15,,56807,2,,,0,15,,56790,2,,,0,15,,56816,2,,,0,55,,56799,2,,,0,15,,56808,2,,,0,15,,56791,2,,,0,15,,56817,2,,,0,55,,56800,2,,,0,15,,56809,2,,,0,15,,56792,2,,,0,15,,56818,2,,,0,55,,56801,2,,,0,15,,56776,2,,,0,15,,56793,2,,,0,15,,56810,2,,,0,55,,56802,2,,,0,15,,56777,2,,,0,15,,56819,2,,,0,15,,56821,2,,,0,70,,56778,2,,,0,30,,56770,2,,,0,70,,56779,2,,,0,30,,56769,2,,,0,70,,56775,2,,,0,30,,56768,2,,,0,70,,56780,2,,,0,30,,56767,2,,,0
502019,'1911',605,,56840,2,,,0,28,,56822,2,,,0,25,,56831,2,,,0,70,,56856,2,,,0,30,,56836,2,,,0,70,,56855,2,,,0,30,,56834,2,,,0,70,,56854,2,,,0,30,,56823,2,,,0,70,,56853,2,,,0,15,,56865,2,,,0,15,,56824,2,,,0,55,,56867,2,,,0,15,,56852,2,,,0,15,,56870,2,,,0,15,,56825,2,,,0,55,,56859,2,,,0,15,,56851,2,,,0,15,,56862,2,,,0,15,,56826,2,,,0,55,,56864,2,,,0,15,,56850,2,,,0,15,,56868,2,,,0,15,,56827,2,,,0,55,,56869,2,,,0,15,,56849,2,,,0,15,,56858,2,,,0,15,,56828,2,,,0,55,,56861,2,,,0,15,,56848,2,,,0,15,,56863,2,,,0,15,,56829,2,,,0,55,,56866,2,,,0,15,,56847,2,,,0,15,,56871,2,,,0,15,,56830,2,,,0,55,,56857,2,,,0,15,,56846,2,,,0,15,,56860,2,,,0,15,,56839,2,,,0,70,,56845,2,,,0,30,,56837,2,,,0,70,,56844,2,,,0,30,,56832,2,,,0,70,,56843,2,,,0,30,,56833,2,,,0,70,,56841,2,,,0,29,,56838,2,,,0,70,,56842,2,,,0,30,,56835,2,,,0
502019,'1912',605,,56890,2,,,0,28,,56872,2,,,0,25,,56881,2,,,0,70,,56906,2,,,0,30,,56886,2,,,0,70,,56905,2,,,0,30,,56884,2,,,0,70,,56904,2,,,0,30,,56873,2,,,0,70,,56903,2,,,0,15,,56915,2,,,0,15,,56874,2,,,0,55,,56917,2,,,0,15,,56902,2,,,0,15,,56920,2,,,0,15,,56875,2,,,0,55,,56909,2,,,0,15,,56901,2,,,0,15,,56912,2,,,0,15,,56876,2,,,0,55,,56914,2,,,0,15,,56900,2,,,0,15,,56918,2,,,0,15,,56877,2,,,0,55,,56919,2,,,0,15,,56899,2,,,0,15,,56908,2,,,0,15,,56878,2,,,0,55,,56911,2,,,0,15,,56898,2,,,0,15,,56913,2,,,0,15,,56879,2,,,0,55,,56916,2,,,0,15,,56897,2,,,0,15,,56921,2,,,0,15,,56880,2,,,0,55,,56907,2,,,0,15,,56896,2,,,0,15,,56910,2,,,0,15,,56889,2,,,0,70,,56895,2,,,0,30,,56887,2,,,0,70,,56894,2,,,0,30,,56882,2,,,0,70,,56893,2,,,0,30,,56883,2,,,0,70,,56891,2,,,0,29,,56888,2,,,0,70,,56892,2,,,0,30,,56885,2,,,0
