2029,'1907',617,,53401,16,,,0,30,,53409,16,,,0,68,,53420,16,,,0,30,2,53415,16,,,0,70,2,53402,16,,,0,30,2,53410,16,,,0,70,2,53421,16,,,0,30,2,53416,16,,,0,55,,53432,1,0,12,0,15,2,53403,16,,,0,30,2,53411,16,,,0,70,2,53422,16,,,0,30,2,53417,16,,,0,70,2,53404,16,,,0,30,2,53412,16,,,0,70,2,53423,16,,,0,30,2,53418,16,,,0,70,2,53405,16,,,0,30,2,53413,16,,,0,70,2,53424,16,,,0,30,2,53419,16,,,0,70,2,53406,16,,,0,30,2,53414,16,,,0,70,2,53425,16,,,0,100,2,53407,16,,,0,99,2,53426,16,,,0,100,2,53408,16,,,0,101,2,53427,16,,,0,100,2,53400,16,,,0,192,,53431,16,4,,0
2029,'1909',520,,53450,1,,,0,25,,53433,16,,,0,70,,53434,16,,,0,30,5,53435,16,,,0,68,3,53436,16,,,0,28,,53437,16,,,0,70,,53438,16,,,0,30,,53439,16,,,0,73,2,53440,16,,,0,30,,53441,16,,,0,70,,53464,16,,,0,30,,53460,16,,,0,70,,53466,16,,,0,30,,53462,16,,,0,70,,53463,16,,,0,30,,53459,16,,,0,70,,53465,16,,,0,30,,53461,16,,,0,70,,53467,16,,,0,31,,53442,16,,,0,74,,53443,16,,,0,30,,53444,16,,,0,70,,53445,16,,,0,30,,53446,16,,,0,70,,53447,16,,,0,28,,53448,16,,,0,67,,53449,16,,,0,30,,53453,16,,,0,70,,53454,16,,,0,101,2,53455,16,,,0,100,5,53456,16,,,0,100,5,53452,16,,,0,192,,53458,16,4,,0
2029,'1910',547,,53499,16,0,5 2 15 16 17,0,70,,53482,16,,,0,30,,53489,16,,,0,68,2,53468,16,,,0,30,2,53474,16,,,0,70,2,53483,16,,,0,30,2,53490,16,,,0,70,2,53469,16,,,0,30,2,53475,16,,,0,70,2,53484,16,,,0,30,2,53491,16,,,0,70,2,53470,16,,,0,30,2,53476,16,,,0,70,2,53485,16,,,0,30,2,53492,16,,,0,70,2,53471,16,,,0,30,2,53477,16,,,0,70,2,53486,16,,,0,30,2,53493,16,,,0,70,2,53472,16,,,0,30,2,53478,16,,,0,70,2,53487,16,,,0,30,2,53494,16,,,0,70,2,53473,16,,,0,30,2,53479,16,,,0,70,2,53488,16,,,0,30,2,53495,16,,,0,70,3,53480,16,,,0,100,3,53496,16,,,0,100,3,53481,16,,,0,100,3,53497,16,,,0,191,,53500,16,4,,0
2029,'1911',617,,53503,16,,,0,30,,53511,16,,,0,68,,53522,16,,,0,30,2,53517,16,,,0,70,2,53504,16,,,0,30,2,53512,16,,,0,70,2,53523,16,,,0,30,2,53518,16,,,0,55,,53534,1,0,12,0,15,2,53505,16,,,0,30,2,53513,16,,,0,70,2,53524,16,,,0,30,2,53519,16,,,0,70,2,53506,16,,,0,30,2,53514,16,,,0,70,2,53525,16,,,0,30,2,53520,16,,,0,70,2,53507,16,,,0,30,2,53515,16,,,0,70,2,53526,16,,,0,30,2,53521,16,,,0,70,2,53508,16,,,0,30,2,53516,16,,,0,70,2,53527,16,,,0,100,2,53509,16,,,0,99,2,53528,16,,,0,100,2,53510,16,,,0,101,2,53529,16,,,0,100,2,53502,16,,,0,192,,53533,16,4,,0
2029,'1912',617,,53536,16,,,0,30,,53544,16,,,0,68,,53555,16,,,0,30,2,53550,16,,,0,70,2,53537,16,,,0,30,2,53545,16,,,0,70,2,53556,16,,,0,30,2,53551,16,,,0,55,,53567,1,0,12,0,15,2,53538,16,,,0,30,2,53546,16,,,0,70,2,53557,16,,,0,30,2,53552,16,,,0,70,2,53539,16,,,0,30,2,53547,16,,,0,70,2,53558,16,,,0,30,2,53553,16,,,0,70,2,53540,16,,,0,30,2,53548,16,,,0,70,2,53559,16,,,0,30,2,53554,16,,,0,70,2,53541,16,,,0,30,2,53549,16,,,0,70,2,53560,16,,,0,100,2,53542,16,,,0,99,2,53561,16,,,0,100,2,53543,16,,,0,101,2,53562,16,,,0,100,2,53535,16,,,0,192,,53566,16,4,,0
7029,'1907',715,3,54274,12,,,0,99,2,54275,12,,,0,100,,54276,12,,,0,100,,54277,12,,,0,100,,54278,12,,,0,100,,54279,12,,,0,100,,54280,12,,,0,101,,54281,12,,,0,100,,54282,12,,,0,99,,54283,12,,,0,100,,54284,12,,,0,100,,54285,12,,,0,100,,54286,12,,,0,101,3,54287,12,,,0,27,,54294,12,0,13 33,0,73,3,54273,12,,,0,226,,54288,12,4,,0
7029,'1909',512,,54343,12,,,0,35,,54342,12,0,13 33,0,68,3,54313,12,,,0,28,,54314,12,,,0,72,,54315,12,,,0,30,,54316,12,,,0,70,,54317,12,,,0,30,,54318,12,,,0,70,,54319,12,,,0,30,,54320,12,,,0,70,,54321,12,,,0,30,,54322,12,,,0,70,,54323,12,,,0,30,,54324,12,,,0,70,,54309,12,,,0,30,,54310,12,,,0,70,,54311,12,,,0,31,,54308,12,,,0,70,,54307,12,,,0,30,,54312,12,,,0,70,,54325,12,,,0,30,,54326,12,,,0,70,,54327,12,,,0,29,,54328,12,,,0,70,,54329,12,,,0,30,,54330,12,,,0,70,,54331,12,,,0,30,,54332,12,,,0,70,,54333,12,,,0,30,,54334,12,,,0,70,,54335,12,,,0,100,3,54336,12,,,0,100,3,54337,12,,,0,100,3,54344,12,,,0,26,,54339,12,4,,0
7029,'1910',616,,54376,1,,,0,29,,54345,12,,,0,70,,54359,12,,,0,30,,54346,12,,,0,70,2,54360,12,,,0,30,2,54347,12,,,0,70,2,54361,12,,,0,30,2,54348,12,,,0,70,,54362,12,,,0,30,,54349,12,,,0,70,,54363,12,,,0,30,,54350,12,,,0,70,,54364,12,,,0,30,,54351,12,,,0,70,,54365,12,,,0,30,,54352,12,,,0,70,,54366,12,,,0,30,,54353,12,,,0,70,,54367,12,,,0,30,,54354,12,,,0,70,,54368,12,,,0,30,,54355,12,,,0,70,,54369,12,,,0,30,,54356,12,,,0,70,,54370,12,,,0,30,,54357,12,,,0,70,3,54371,12,,,0,30,3,54358,12,,,0,70,3,54372,12,,,0,100,3,54373,12,,,0,100,3,54374,12,,,0,100,3,54375,12,,,0,26,,54377,12,4,,0
7029,'1911',715,3,54382,12,,,0,99,2,54383,12,,,0,100,,54384,12,,,0,100,,54385,12,,,0,100,,54386,12,,,0,100,,54387,12,,,0,100,,54388,12,,,0,101,,54389,12,,,0,100,,54390,12,,,0,99,,54391,12,,,0,100,,54392,12,,,0,100,,54393,12,,,0,100,,54394,12,,,0,101,3,54395,12,,,0,27,,54402,12,0,13 33,0,73,3,54381,12,,,0,226,,54396,12,4,,0
7029,'1912',715,3,54416,12,,,0,99,2,54417,12,,,0,100,,54418,12,,,0,100,,54419,12,,,0,100,,54420,12,,,0,100,,54421,12,,,0,100,,54422,12,,,0,101,,54423,12,,,0,100,,54424,12,,,0,99,,54425,12,,,0,100,,54426,12,,,0,100,,54427,12,,,0,100,,54428,12,,,0,101,3,54429,12,,,0,27,,54436,12,0,13 33,0,73,3,54415,12,,,0,226,,54430,12,4,,0
14000001019,'1907',2435,,58765,47,4,,0,70,,58764,47,4,,0,30,,58763,47,4,,0,70,,58766,47,4,,0,30,,58767,47,4,,0
14000001019,'1909',2435,,58771,47,4,,0,70,,58768,47,4,,0,30,,58769,47,4,,0,70,,58770,47,4,,0,30,,58772,47,4,,0
14000001019,'1910',2435,,58776,47,4,,0,70,,58773,47,4,,0,30,,58775,47,4,,0,70,,58774,47,4,,0,30,,58777,47,4,,0
14000001019,'1911',2435,,58780,47,4,,0,70,,58779,47,4,,0,30,,58778,47,4,,0,70,,58781,47,4,,0,30,,58782,47,4,,0
14000001019,'1912',2435,,58785,47,4,,0,70,,58784,47,4,,0,30,,58783,47,4,,0,70,,58786,47,4,,0,30,,58787,47,4,,0
14000001029,'1907',530,,58794,1,0,18 7,0,1811,,58788,1,,,0,69,,58792,1,,,0,30,,58793,1,,,0,70,,58790,1,,,0,30,,58791,1,,,0,70,,58789,1,,,0
14000001029,'1909',428,,58795,1,0,18 7,0,102,,58796,1,0,18 7,0,1811,,58798,1,,,0,69,,58799,1,,,0,30,,58802,1,,,0,70,,58797,1,,,0,30,,58800,1,,,0,70,,58801,1,,,0
14000001029,'1910',530,,58807,1,0,18 7,0,1811,,58809,1,,,0,69,,58804,1,,,0,30,,58803,1,,,0,70,,58805,1,,,0,30,,58808,1,,,0,70,,58806,1,,,0
14000001029,'1911',530,,58816,1,0,18 7,0,1811,,58810,1,,,0,69,,58814,1,,,0,30,,58815,1,,,0,70,,58812,1,,,0,30,,58813,1,,,0,70,,58811,1,,,0
14000001029,'1912',530,,58823,1,0,18 7,0,1811,,58817,1,,,0,69,,58821,1,,,0,30,,58822,1,,,0,70,,58819,1,,,0,30,,58820,1,,,0,70,,58818,1,,,0
