11029,'1907',813,,54785,8,,,0,100,,54786,8,,,0,104,,54787,8,,,0,100,,54788,8,,,0,100,,54789,8,,,0,100,,54790,8,,,0,100,,54791,8,,,0,100,,54792,8,,,0,100,,54793,8,,,0,98,,54794,8,,,0,100,,60074,8,,,0,99,,54796,8,,,0,100,,54797,8,,,0
11029,'1909',615,,54813,1,,,0,99,,60075,8,,,0,101,,54800,8,,,0,100,,60076,8,,,0,101,,60077,8,,,0,100,,60078,8,,,0,100,,60079,8,,,0,100,,60080,8,,,0,101,,60081,8,,,0,100,,54807,8,,,0,100,,60082,8,,,0,100,,60083,8,,,0,98,,54810,8,,,0,100,,60084,8,,,0,100,,54812,8,,,0,99,,54798,8,,,0
11029,'1910',615,,54828,1,,,0,99,,54827,8,,,0,100,,60085,8,,,0,100,,54815,8,,,0,104,,54816,8,,,0,100,,54817,8,,,0,100,,54818,8,,,0,100,,54819,8,,,0,100,,54820,8,,,0,100,,60086,8,,,0,100,,54822,8,,,0,97,,54823,8,,,0,100,,54824,8,,,0,99,,54825,8,,,0,100,,54826,8,,,0
11029,'1912',813,,54842,8,,,0,100,,54843,8,,,0,104,,54844,8,,,0,100,,54845,8,,,0,100,,54846,8,,,0,100,,54847,8,,,0,100,,54848,8,,,0,100,,54849,8,,,0,100,,54850,8,,,0,98,,54851,8,,,0,100,,60087,8,,,0,99,,54853,8,,,0,100,,54854,8,,,0
11029,'1924',813,,54829,8,,,0,100,,54830,8,,,0,104,,54831,8,,,0,100,,54832,8,,,0,100,,54833,8,,,0,100,,54834,8,,,0,100,,54835,8,,,0,100,,54836,8,,,0,100,,54837,8,,,0,98,,54838,8,,,0,100,,60088,8,,,0,99,,54840,8,,,0,100,,54841,8,,,0
11029,'1925',813,,60089,8,,,0,100,,60090,8,,,0,104,,60091,8,,,0,100,,60092,8,,,0,100,,60093,8,,,0,100,,60094,8,,,0,100,,60095,8,,,0,100,,60096,8,,,0,100,,60097,8,,,0,98,,60098,8,,,0,100,,60099,8,,,0,99,,60100,8,,,0,100,,60101,8,,,0
15019,'1907',742,3,60228,53,,,0,100,3,60226,53,,,0,100,3,60229,53,,,0,101,2,60227,53,,,0,100,2,60224,53,,,0,100,2,60222,53,,,0,102,,60225,53,,,0,100,,60223,53,,,0,100,,60220,53,,,0,99,,60221,53,,,0,99,,60218,53,,,0,100,,60219,53,,,0,100,,60217,53,,,0,99,2,55095,53,,,0
15019,'1909',613,,55124,19,4,,0,94,,55096,53,,,0,31,2,60230,53,,,0,75,2,55098,53,,,0,29,,55099,53,,,0,68,,55100,53,,,0,30,,55101,53,,,0,70,,60231,53,,,0,30,,60232,53,,,0,70,,60233,53,,,0,30,,55105,53,,,0,70,,60234,53,,,0,30,,60235,53,,,0,70,,55108,53,,,0,30,,55109,53,,,0,70,,55110,53,,,0,31,2,55111,53,,,0,73,2,55112,53,,,0,30,2,55113,53,,,0,70,2,55114,53,,,0,30,3,60236,53,,,0,68,3,55116,53,,,0,27,,55117,53,,,0,69,,55118,53,,,0,30,,60237,53,,,0,70,,55120,53,,,0,30,,55126,53,,,0,70,,55121,53,,,0,98,,60238,53,,,0,100,,55125,53,,,0,100,,55123,53,4,,0
15019,'1910',615,,55141,19,4,,0,128,3,60239,53,,,0,100,3,55128,53,,,0,100,3,55129,53,,,0,100,,60240,53,,,0,100,,55131,53,,,0,100,,55132,53,,,0,103,,60241,53,,,0,100,,60242,53,,,0,100,,55135,53,,,0,100,,55136,53,,,0,100,,55137,53,,,0,98,,55138,53,,,0,100,,55139,53,,,0,99,4,60243,53,,,0
15019,'1912',742,3,60255,53,,,0,100,3,60253,53,,,0,100,3,60256,53,,,0,101,2,60254,53,,,0,100,2,60251,53,,,0,100,2,60249,53,,,0,102,,60252,53,,,0,100,,60250,53,,,0,100,,60247,53,,,0,99,,60248,53,,,0,99,,60245,53,,,0,100,,60246,53,,,0,100,,60244,53,,,0,99,2,55169,53,,,0
15019,'1924',742,3,60268,53,,,0,100,3,60266,53,,,0,100,3,60269,53,,,0,101,2,60267,53,,,0,100,2,60264,53,,,0,100,2,60262,53,,,0,102,,60265,53,,,0,100,,60263,53,,,0,100,,60260,53,,,0,99,,60261,53,,,0,99,,60258,53,,,0,100,,60259,53,,,0,100,,60257,53,,,0,99,2,55155,53,,,0
15019,'1925',742,3,60281,53,,,0,100,3,60279,53,,,0,100,3,60282,53,,,0,101,2,60280,53,,,0,100,2,60277,53,,,0,100,2,60275,53,,,0,102,,60278,53,,,0,100,,60276,53,,,0,100,,60273,53,,,0,99,,60274,53,,,0,99,,60271,53,,,0,100,,60272,53,,,0,100,,60270,53,,,0,99,2,60283,53,,,0
