16019,'1907',752,,55260,9,,,0,100,,55263,9,,,0,101,,55273,9,,,0,100,,55272,9,,,0,100,,55261,9,,,0,100,,55264,9,,,0,100,,55266,9,,,0,100,,55269,9,,,0,100,,55268,9,,,0,100,,55262,9,,,0,99,,55270,9,,,0,100,,55271,9,,,0,100,,55267,9,,,0,100,,55265,9,,,0,100,,55274,9,,,0
16019,'1909',623,,55278,9,,,0,30,,55279,9,,,0,71,,55280,9,,,0,30,,55281,9,,,0,72,,55282,9,,,0,30,,55283,9,,,0,70,,55284,9,,,0,30,,55285,9,,,0,70,,55286,9,,,0,30,,55287,9,,,0,70,,55288,9,,,0,30,,55289,9,,,0,70,,55290,9,,,0,30,,55291,9,,,0,70,,55292,9,,,0,30,,55293,9,,,0,70,,55294,9,,,0,28,,55295,9,,,0,70,,55296,9,,,0,30,,55297,9,,,0,70,,55298,9,,,0,30,,55299,9,,,0,70,,55300,9,,,0,30,,55301,9,,,0,70,,55302,9,,,0,30,,55303,9,,,0,70,,55304,9,,,0,30,,55305,9,,,0,69,,55306,9,,,0,30,,55307,9,,,0,70,,55275,9,,,0,30,,55276,9,,,0,70,,55277,9,,,0
16019,'1910',623,,55331,9,,,0,30,,55327,9,,,0,70,,55335,9,,,0,30,,55319,9,,,0,71,,55333,9,,,0,30,,55314,9,,,0,70,,55312,9,,,0,30,,55309,9,,,0,70,,55320,9,,,0,30,,55330,9,,,0,70,,55324,9,,,0,30,,55332,9,,,0,70,,55316,9,,,0,30,,55334,9,,,0,70,,55311,9,,,0,30,,55322,9,,,0,70,,55321,9,,,0,30,,55325,9,,,0,70,,55326,9,,,0,30,,55310,9,,,0,70,,55318,9,,,0,30,,55328,9,,,0,70,,55313,9,,,0,30,,55317,9,,,0,70,,55323,9,,,0,30,,55337,9,,,0,70,,55329,9,,,0,29,,55336,9,,,0,70,,55315,9,,,0,30,,55339,9,,,0,100,,55338,9,,,0,70,,55308,9,,,0
16019,'1911',752,,55340,9,,,0,100,,55343,9,,,0,101,,55353,9,,,0,100,,55352,9,,,0,100,,55341,9,,,0,100,,55344,9,,,0,100,,55346,9,,,0,100,,55349,9,,,0,100,,55348,9,,,0,100,,55342,9,,,0,99,,55350,9,,,0,100,,55351,9,,,0,100,,55347,9,,,0,100,,55345,9,,,0,100,,55354,9,,,0
16019,'1912',752,,55355,9,,,0,100,,55358,9,,,0,101,,55368,9,,,0,100,,55367,9,,,0,100,,55356,9,,,0,100,,55359,9,,,0,100,,55361,9,,,0,100,,55364,9,,,0,100,,55363,9,,,0,100,,55357,9,,,0,99,,55365,9,,,0,100,,55366,9,,,0,100,,55362,9,,,0,100,,55360,9,,,0,100,,55369,9,,,0
14000001029,'1907',600,,58794,39,0,18 7,0,1811,,58788,39,,,0,29,,58792,39,,,0,70,,58793,39,,,0,30,,58790,39,,,0,70,,58791,39,,,0,30,,58789,39,,,0
14000001029,'1909',458,,58795,39,0,18 7,0,142,,58796,39,0,18 7,0,1811,,58798,39,,,0,29,,58799,39,,,0,70,,58802,39,,,0,30,,58797,39,,,0,70,,58800,39,,,0,30,,58801,39,,,0
14000001029,'1910',600,,58807,39,0,18 7,0,1811,,58809,39,,,0,29,,58804,39,,,0,70,,58803,39,,,0,30,,58805,39,,,0,70,,58808,39,,,0,30,,58806,39,,,0
14000001029,'1911',600,,58816,39,0,18 7,0,1811,,58810,39,,,0,29,,58814,39,,,0,70,,58815,39,,,0,30,,58812,39,,,0,70,,58813,39,,,0,30,,58811,39,,,0
14000001029,'1912',600,,58823,39,0,18 7,0,1811,,58817,39,,,0,29,,58821,39,,,0,70,,58822,39,,,0,30,,58819,39,,,0,70,,58820,39,,,0,30,,58818,39,,,0
