2029,'1907',648,,53401,53,,,0,69,,53409,53,,,0,31,,53420,53,,,0,70,,53415,53,,,0,30,,53402,53,,,0,70,,53410,53,,,0,30,,53421,53,,,0,70,,53416,53,,,0,30,,53403,53,,,0,70,,53411,53,,,0,30,,53422,53,,,0,70,,53417,53,,,0,30,,53404,53,,,0,70,,53412,53,,,0,30,,53423,53,,,0,70,,53418,53,,,0,30,,53405,53,,,0,70,,53413,53,,,0,30,,53424,53,,,0,70,,53419,53,,,0,30,,53406,53,,,0,70,,53414,53,,,0,30,,53425,53,,,0,100,,53407,53,,,0,99,,53426,53,,,0,100,,53408,53,,,0,101,,53427,53,,,0,100,,53400,53,,,0
2029,'1909',550,,53450,38,,,0,67,,53433,53,,,0,30,,53434,53,,,0,72,,53435,53,,,0,30,,53436,53,,,0,70,,53437,53,,,0,30,,53438,53,,,0,71,,53439,53,,,0,30,,53440,53,,,0,70,,53441,53,,,0,30,,53464,53,,,0,70,,53460,53,,,0,30,,53466,53,,,0,70,,53462,53,,,0,30,,53463,53,,,0,70,,53459,53,,,0,30,,53465,53,,,0,70,,53461,53,,,0,32,,53467,53,,,0,71,,53442,53,,,0,34,,53443,53,,,0,70,,53444,53,,,0,30,,53445,53,,,0,70,,53446,53,,,0,27,,53447,53,,,0,66,,53448,53,,,0,29,,53449,53,,,0,70,,53453,53,,,0,30,,53454,53,,,0,99,,53455,53,,,0,100,,53456,53,,,0,100,,53452,53,,,0
2029,'1910',648,,53482,53,,,0,69,,53489,53,,,0,31,,53468,53,,,0,70,,53474,53,,,0,30,,53483,53,,,0,70,,53490,53,,,0,30,,53469,53,,,0,70,,53475,53,,,0,30,,53484,53,,,0,70,,53491,53,,,0,30,,53470,53,,,0,70,,53476,53,,,0,30,,53485,53,,,0,70,,53492,53,,,0,30,,53471,53,,,0,70,,53477,53,,,0,30,,53486,53,,,0,70,,53493,53,,,0,30,,53472,53,,,0,70,,53478,53,,,0,30,,53487,53,,,0,70,,53494,53,,,0,30,,53473,53,,,0,70,,53479,53,,,0,30,,53488,53,,,0,70,,53495,53,,,0,30,,53480,53,,,0,100,,53496,53,,,0,100,,53481,53,,,0,99,,53497,53,,,0
2029,'1911',648,,53503,53,,,0,69,,53511,53,,,0,31,,53522,53,,,0,70,,53517,53,,,0,30,,53504,53,,,0,70,,53512,53,,,0,30,,53523,53,,,0,70,,53518,53,,,0,30,,53505,53,,,0,70,,53513,53,,,0,30,,53524,53,,,0,70,,53519,53,,,0,30,,53506,53,,,0,70,,53514,53,,,0,30,,53525,53,,,0,70,,53520,53,,,0,30,,53507,53,,,0,70,,53515,53,,,0,30,,53526,53,,,0,70,,53521,53,,,0,30,,53508,53,,,0,70,,53516,53,,,0,30,,53527,53,,,0,100,,53509,53,,,0,99,,53528,53,,,0,100,,53510,53,,,0,101,,53529,53,,,0,100,,53502,53,,,0
2029,'1912',648,,53536,53,,,0,69,,53544,53,,,0,31,,53555,53,,,0,70,,53550,53,,,0,30,,53537,53,,,0,70,,53545,53,,,0,30,,53556,53,,,0,70,,53551,53,,,0,30,,53538,53,,,0,70,,53546,53,,,0,30,,53557,53,,,0,70,,53552,53,,,0,30,,53539,53,,,0,70,,53547,53,,,0,30,,53558,53,,,0,70,,53553,53,,,0,30,,53540,53,,,0,70,,53548,53,,,0,30,,53559,53,,,0,70,,53554,53,,,0,30,,53541,53,,,0,70,,53549,53,,,0,30,,53560,53,,,0,100,,53542,53,,,0,99,,53561,53,,,0,100,,53543,53,,,0,101,,53562,53,,,0,100,,53535,53,,,0
31019,'1907',632,,55842,4,,,0,100,,55843,4,,,0,100,,55844,4,,,0,100,,55845,4,,,0,100,,55846,4,,,0,100,,55847,4,,,0,100,,55848,4,,,0,100,,55849,4,,,0,100,,55850,4,,,0,100,,55851,4,,,0,100,,55852,4,,,0,100,,55853,4,,,0,100,,55854,4,,,0,100,,55855,4,,,0,100,,55856,4,,,0,100,,55857,4,,,0,100,,55858,4,,,0,95,,55860,4,0,5 2 8 7,0
31019,'1909',632,,55861,4,,,0,70,,55876,4,,,0,31,,55889,4,,,0,70,,55872,4,,,0,30,,55869,4,,,0,69,,55883,4,,,0,30,,55864,4,,,0,70,,55877,4,,,0,30,,55888,4,,,0,70,,55875,4,,,0,30,,55870,4,,,0,70,,55882,4,,,0,30,,55863,4,,,0,70,,55878,4,,,0,30,,55887,4,,,0,70,,55873,4,,,0,30,,55867,4,,,0,71,,55881,4,,,0,30,,55865,4,,,0,70,,55879,4,,,0,30,,55886,4,,,0,69,,55874,4,,,0,30,,55868,4,,,0,70,,55880,4,,,0,30,,55862,4,,,0,70,,55897,4,,,0,30,,55885,4,,,0,70,,55892,4,0,5 2 8 7,0,30,,55871,4,,,0,70,,55893,4,0,5 2 8 7,0,30,,55866,4,,,0,70,,55895,4,0,5 2 8 7,0,30,,55884,4,,,0,70,,55894,4,0,5 2 8 7,0,25,,55890,4,0,5 2 8 7,0
31019,'1910',632,,55903,4,,,0,70,,55919,4,,,0,30,,55932,4,,,0,70,,55915,4,,,0,30,,55909,4,,,0,70,,55925,4,,,0,30,,55902,4,,,0,70,,55918,4,,,0,30,,55927,4,,,0,70,,55914,4,,,0,30,,55908,4,,,0,70,,55924,4,,,0,30,,55901,4,,,0,70,,55917,4,,,0,30,,55930,4,,,0,70,,55913,4,,,0,30,,55907,4,,,0,70,,55923,4,,,0,30,,55900,4,,,0,70,,55916,4,,,0,30,,55929,4,,,0,70,,55912,4,,,0,30,,55906,4,,,0,70,,55922,4,,,0,30,,55899,4,,,0,70,,55934,4,,,0,30,,55928,4,,,0,70,,55911,4,0,5 2 8 7,0,30,,55905,4,,,0,70,,55921,4,0,5 2 8 7,0,30,,55898,4,,,0,70,,55910,4,0,5 2 8 7,0,30,,55931,4,,,0,70,,55920,4,0,5 2 8 7,0,30,,55904,4,0,5 2 8 7,0
31019,'1911',632,,55935,4,,,0,100,,55936,4,,,0,100,,55937,4,,,0,100,,55938,4,,,0,100,,55939,4,,,0,100,,55940,4,,,0,100,,55941,4,,,0,100,,55942,4,,,0,100,,55943,4,,,0,100,,55944,4,,,0,100,,55945,4,,,0,100,,55946,4,,,0,100,,55947,4,,,0,100,,55948,4,,,0,100,,55949,4,,,0,100,,55950,4,,,0,100,,55951,4,,,0,95,,55953,4,0,5 2 8 7,0
31019,'1912',632,,55954,4,,,0,100,,55955,4,,,0,100,,55956,4,,,0,100,,55957,4,,,0,100,,55958,4,,,0,100,,55959,4,,,0,100,,55960,4,,,0,100,,55961,4,,,0,100,,55962,4,,,0,100,,55963,4,,,0,100,,55964,4,,,0,100,,55965,4,,,0,100,,55966,4,,,0,100,,55967,4,,,0,100,,55968,4,,,0,100,,55969,4,,,0,100,,55970,4,,,0,95,,55972,4,0,5 2 8 7,0
14000001029,'1907',557,,58794,37,0,18 7,0,1851,,58788,37,,,0,29,,58792,37,,,0,70,,58793,37,,,0,30,,58790,37,,,0,70,,58791,37,,,0,30,,58789,37,,,0
14000001029,'1909',455,,58795,37,0,18 7,0,102,,58796,37,0,18 7,0,1851,,58798,37,,,0,29,,58799,37,,,0,70,,58802,37,,,0,30,,58797,37,,,0,70,,58800,37,,,0,30,,58801,37,,,0
14000001029,'1910',557,,58807,37,0,18 7,0,1851,,58809,37,,,0,29,,58804,37,,,0,70,,58803,37,,,0,30,,58805,37,,,0,70,,58808,37,,,0,30,,58806,37,,,0
14000001029,'1911',557,,58816,37,0,18 7,0,1851,,58810,37,,,0,29,,58814,37,,,0,70,,58815,37,,,0,30,,58812,37,,,0,70,,58813,37,,,0,30,,58811,37,,,0
14000001029,'1912',557,,58823,37,0,18 7,0,1851,,58817,37,,,0,29,,58821,37,,,0,70,,58822,37,,,0,30,,58819,37,,,0,70,,58820,37,,,0,30,,58818,37,,,0
