12019,'1909',641,,60120,18,,,0,70,,60122,18,,,0,31,,60116,18,,,0,70,,60123,18,,,0,30,,60124,18,,,0,602,,60110,18,,,0,69,,60119,18,,,0,29,,60115,18,,,0,70,,60117,18,,,0,30,,60114,18,,,0,70,,60118,18,,,0,30,,60113,18,,,0,70,,54874,18,,,0
31019,'1907',607,,60562,14,,,0,50,,60545,26,,,0,100,,60546,26,,,0,101,,60547,26,,,0,100,,60548,26,,,0,100,,60549,26,,,0,101,,60550,26,,,0,100,,60551,26,,,0,100,,60552,26,,,0,100,,60553,26,,,0,100,,60554,26,,,0,100,,60555,26,,,0,100,,60556,26,,,0,100,,60557,26,,,0,99,,60558,26,,,0,100,,60559,26,,,0,100,,60560,26,,,0,99,,60561,26,,,0
31019,'1909',606,,60596,14,,,0,26,,60591,14,,,0,25,,60564,26,,,0,74,,60577,26,,,0,70,,60589,26,,,0,30,,60573,26,,,0,70,,60570,26,,,0,29,,60584,26,,,0,70,,60567,26,,,0,30,,60578,26,,,0,70,,60588,26,,,0,30,,60576,26,,,0,70,,60571,26,,,0,30,,60583,26,,,0,70,,60566,26,,,0,30,,60579,26,,,0,70,,60587,26,,,0,30,,60574,26,,,0,70,,55867,26,,,0,33,,60582,26,,,0,70,,55865,26,,,0,30,,60580,26,,,0,69,,55886,26,,,0,27,,60575,26,,,0,29,,60569,26,,,0,70,,60581,26,,,0,30,,60565,26,,,0,70,,60597,26,,,0,30,,60586,26,,,0,100,,60572,26,,,0,100,,60568,26,,,0,100,,60585,26,,,0
31019,'1910',607,,60633,14,,,0,26,,60626,14,,,0,24,,60603,26,,,0,70,,60619,26,,,0,30,,60632,26,,,0,70,,60615,26,,,0,30,,60609,26,,,0,71,,60625,26,,,0,30,,60602,26,,,0,70,,60618,26,,,0,30,,60627,26,,,0,70,,60614,26,,,0,30,,60608,26,,,0,72,,60624,26,,,0,70,,60601,26,,,0,30,,60617,26,,,0,70,,60630,26,,,0,30,,60613,26,,,0,70,,60607,26,,,0,30,,60623,26,,,0,70,,60600,26,,,0,30,,60616,26,,,0,70,,60629,26,,,0,30,,60612,26,,,0,29,,60606,26,,,0,70,,60622,26,,,0,30,,60599,26,,,0,68,,60634,26,,,0,30,,60628,26,,,0,100,,60605,26,,,0,100,,60598,26,,,0,100,,60631,26,,,0
31019,'1912',607,,60652,14,,,0,50,,60635,26,,,0,100,,60636,26,,,0,101,,60637,26,,,0,100,,60638,26,,,0,100,,60639,26,,,0,101,,60640,26,,,0,100,,60641,26,,,0,100,,60642,26,,,0,100,,60643,26,,,0,100,,60644,26,,,0,100,,60645,26,,,0,100,,60646,26,,,0,100,,60647,26,,,0,99,,60648,26,,,0,100,,60649,26,,,0,100,,60650,26,,,0,99,,60651,26,,,0
31019,'1924',607,,60671,14,,,0,50,,60654,26,,,0,100,,60655,26,,,0,101,,60656,26,,,0,100,,60657,26,,,0,100,,60658,26,,,0,101,,60659,26,,,0,100,,60660,26,,,0,100,,60661,26,,,0,100,,60662,26,,,0,100,,60663,26,,,0,100,,60664,26,,,0,100,,60665,26,,,0,100,,60666,26,,,0,99,,60667,26,,,0,100,,60668,26,,,0,100,,60669,26,,,0,99,,60670,26,,,0
31019,'1925',607,,60690,14,,,0,50,,60673,26,,,0,100,,60674,26,,,0,101,,60675,26,,,0,100,,60676,26,,,0,100,,60677,26,,,0,101,,60678,26,,,0,100,,60679,26,,,0,100,,60680,26,,,0,100,,60681,26,,,0,100,,60682,26,,,0,100,,60683,26,,,0,100,,60684,26,,,0,100,,60685,26,,,0,99,,60686,26,,,0,100,,60687,26,,,0,100,,60688,26,,,0,99,,60689,26,,,0
602019,'1907',621,,57299,2,,,0,27,,57295,3,,,0,70,,57294,3,,,0,30,,57293,3,,,0,70,,57289,3,,,0,30,,57288,3,,,0,70,,57286,3,,,0,30,,57285,3,,,0,70,,57291,3,,,0,30,,57292,3,,,0,70,,57290,3,,,0,30,,57287,3,,,0,70,,57284,3,,,0,30,,57281,3,,,0,70,,57280,3,,,0,30,,57279,3,,,0,70,,57278,3,,,0,30,,57269,3,,,0,70,,57271,3,,,0,30,,57277,3,,,0,70,,57276,3,,,0,30,,57273,3,,,0,70,,57272,3,,,0,30,,57267,3,,,0,70,,57266,3,,,0,30,,57274,3,,,0,70,,57275,3,,,0,30,,57268,3,,,0,70,,57270,3,,,0,30,,57265,3,,,0,70,,57296,3,,,0,30,,57298,3,,,0,70,,57282,3,,,0,30,,57283,3,,,0,70,,57297,3,,,0
602019,'1909',607,,61353,2,,,0,30,,61343,3,0,19 2 11 2 36 26,0,19,,61374,3,0,19 2 11 2 36 26,0,54,,57316,3,0,19 2 11 2 36 26,0,15,,61342,3,0,19 2 11 2 36 26,0,15,,57306,3,0,19 2 11 2 36 26,0,15,,61352,3,0,19 2 11 2 36 26,0,55,,57311,3,0,19 2 11 2 36 26,0,15,,61354,3,0,19 2 11 2 36 26,0,15,,57307,3,0,19 2 11 2 36 26,0,15,,61369,3,,,0,61,,61366,2,,,0,30,,61367,2,,,0,70,,61365,2,,,0,30,,61364,2,,,0,70,,61363,2,,,0,30,,61362,2,,,0,70,,61368,2,,,0,30,,61361,2,,,0,70,,61339,2,,,0,30,,61340,2,,,0,68,,61341,2,,,0,26,,61350,3,0,19 2 11 2 36 26,0,13,,57321,3,0,19 2 11 2 36 26,0,55,,61351,3,0,19 2 11 2 36 26,0,15,,57320,3,0,19 2 11 2 36 26,0,15,,61345,3,0,19 2 11 2 36 26,0,15,,57319,3,0,19 2 11 2 36 26,0,55,,61349,3,0,19 2 11 2 36 26,0,15,,57323,3,0,19 2 11 2 36 26,0,15,,61348,3,0,19 2 11 2 36 26,0,15,,57318,3,0,19 2 11 2 36 26,0,55,,61346,3,0,19 2 11 2 36 26,0,15,,57322,3,0,19 2 11 2 36 26,0,15,,61344,3,0,19 2 11 2 36 26,0,15,,57325,3,0,19 2 11 2 36 26,0,55,,61347,3,0,19 2 11 2 36 26,0,17,,57341,3,,,0,17,,61360,3,,,0,70,,61355,3,,,0,12,,57345,3,,,0,18,,61359,3,,,0,70,,61358,3,,,0,30,,61356,3,,,0,70,,61357,3,,,0,30,,61370,3,,,0,70,,61373,3,,,0,30,,61371,3,,,0,76,,61372,3,,,0
602019,'1910',621,,57383,2,,,0,27,,57381,3,,,0,70,,57382,3,,,0,30,,57372,3,,,0,70,,57373,3,,,0,30,,57371,3,,,0,70,,57370,3,,,0,30,,57369,3,,,0,70,,57368,3,,,0,30,,57379,3,,,0,70,,57378,3,,,0,30,,57377,3,,,0,70,,57376,3,,,0,30,,57375,3,,,0,70,,57374,3,,,0,30,,57366,3,,,0,70,,57367,3,,,0,30,,57380,3,,,0,70,,57365,3,,,0,30,,57364,3,,,0,70,,57363,3,,,0,30,,57362,3,,,0,70,,57361,3,,,0,30,,57359,3,,,0,70,,57360,3,,,0,30,,57358,3,,,0,70,,57351,3,,,0,30,,57352,3,,,0,70,,57350,3,,,0,30,,57353,3,,,0,70,,57356,3,,,0,30,,57357,3,,,0,70,,57355,3,,,0,30,,57354,3,,,0,68,,57349,3,,,0
602019,'1912',2218,,57419,3,,,0,30,,57420,3,,,0,70,,57421,3,,,0
602019,'1924',621,,57418,2,,,0,27,,57414,3,,,0,70,,57413,3,,,0,30,,57412,3,,,0,70,,57408,3,,,0,30,,57407,3,,,0,70,,57405,3,,,0,30,,57404,3,,,0,70,,57410,3,,,0,30,,57411,3,,,0,70,,57409,3,,,0,30,,57406,3,,,0,70,,57403,3,,,0,30,,57400,3,,,0,70,,57399,3,,,0,30,,57398,3,,,0,70,,57397,3,,,0,30,,57388,3,,,0,70,,57390,3,,,0,30,,57396,3,,,0,70,,57395,3,,,0,30,,57392,3,,,0,70,,57391,3,,,0,30,,57386,3,,,0,70,,57385,3,,,0,30,,57393,3,,,0,70,,57394,3,,,0,30,,57387,3,,,0,70,,57389,3,,,0,30,,57384,3,,,0,70,,57415,3,,,0,30,,57417,3,,,0,70,,57401,3,,,0,30,,57402,3,,,0,70,,57416,3,,,0
602019,'1925',2118,,61377,3,,,0,30,,61379,3,,,0,70,,61375,3,,,0,30,,61376,3,,,0,70,,61378,3,,,0
