16029,'1907',730,,55384,12,,,0,103,2,55373,12,,,0,95,,55371,12,,,0,104,,55379,12,,,0,98,,55382,12,,,0,100,,55378,12,,,0,101,,55380,12,,,0,100,,55370,12,,,0,100,,55372,12,,,0,99,,55375,12,,,0,99,,55374,12,,,0,101,2,55381,12,,,0,100,2,55376,12,,,0,103,3,55377,12,,,0,97,3,55383,12,,,0
16029,'1909',601,,55417,12,,,0,30,,55385,12,,,0,73,,55386,12,,,0,36,,55387,12,,,0,70,,55388,12,,,0,33,,55389,12,,,0,70,,55390,12,,,0,29,,55391,12,,,0,67,,55392,12,,,0,30,,55393,12,,,0,70,,55394,12,,,0,30,,55395,12,,,0,70,,55396,12,,,0,30,,55397,12,,,0,70,,55398,12,,,0,30,,55399,12,,,0,71,,55400,12,,,0,32,,55401,12,,,0,71,,55402,12,,,0,29,,55403,12,,,0,72,,55404,12,,,0,30,,55405,12,,,0,69,,55406,12,,,0,28,,55407,12,,,0,69,,55408,12,,,0,30,,55416,12,,,0,67,,55409,12,,,0,30,,55410,12,,,0,70,,55411,12,,,0,24,,55412,12,,,0,70,42,55413,12,,,0,30,2,55414,12,,,0,69,44,55415,12,,,0
16029,'1910',603,,55449,12,,,0,27,,55448,12,,,0,70,41,55432,12,,,0,30,4,55418,12,,,0,70,44,55425,12,,,0,30,3,55439,12,,,0,70,43,55433,12,,,0,30,3,55419,12,,,0,70,41,55426,12,,,0,30,,55440,12,,,0,70,41,55434,12,,,0,30,,55420,12,,,0,70,41,55427,12,,,0,30,,55441,12,,,0,72,,55435,12,,,0,30,,55421,12,,,0,70,,55428,12,,,0,30,,55442,12,,,0,70,,55436,12,,,0,30,,55422,12,,,0,70,,55429,12,,,0,30,,55443,12,,,0,69,,55437,12,,,0,30,,55423,12,,,0,70,,55430,12,,,0,30,2,55444,12,,,0,69,42,55438,12,,,0,30,2,55424,12,,,0,70,43,55431,12,,,0,30,3,55445,12,,,0,100,4,55446,12,,,0,70,44,55447,12,,,0
16029,'1911',730,,55464,12,,,0,103,2,55453,12,,,0,95,,55451,12,,,0,104,,55459,12,,,0,98,,55462,12,,,0,100,,55458,12,,,0,101,,55460,12,,,0,100,,55450,12,,,0,100,,55452,12,,,0,99,,55455,12,,,0,99,,55454,12,,,0,101,2,55461,12,,,0,100,2,55456,12,,,0,103,3,55457,12,,,0,97,3,55463,12,,,0
16029,'1912',730,,55479,12,,,0,103,2,55468,12,,,0,95,,55466,12,,,0,104,,55474,12,,,0,98,,55477,12,,,0,100,,55473,12,,,0,101,,55475,12,,,0,100,,55465,12,,,0,100,,55467,12,,,0,99,,55470,12,,,0,99,,55469,12,,,0,101,2,55476,12,,,0,100,2,55471,12,,,0,103,3,55472,12,,,0,97,3,55478,12,,,0
31019,'1907',555,,55859,1,,,0,90,5,55842,13,,,0,100,5,55843,13,,,0,100,4,55844,13,,,0,100,4,55845,13,,,0,100,4,55846,13,,,0,99,2,55847,13,,,0,100,2,55848,13,,,0,100,2,55849,13,,,0,100,2,55850,13,,,0,100,2,55851,13,,,0,100,2,55852,13,,,0,100,2,55853,13,,,0,100,2,55854,13,,,0,101,4,55855,13,,,0,100,4,55856,13,,,0,100,5,55857,13,,,0,100,5,55858,13,,,0,90,,55860,13,4,,0
31019,'1909',554,,55896,1,,,0,66,,55891,1,,,0,25,4,55861,13,,,0,70,3,55876,13,,,0,30,,55889,13,,,0,70,,55872,13,,,0,30,,55869,13,,,0,70,2,55883,13,,,0,30,2,55864,13,,,0,70,2,55877,13,,,0,30,2,55888,13,,,0,70,2,55875,13,,,0,30,2,55870,13,,,0,70,2,55882,13,,,0,30,2,55863,13,,,0,70,2,55878,13,,,0,30,2,55887,13,,,0,70,2,55873,13,,,0,30,2,55867,13,,,0,72,2,55881,13,,,0,30,2,55865,13,,,0,70,2,55879,13,,,0,30,2,55886,13,,,0,68,2,55874,13,,,0,30,3,55868,13,,,0,70,3,55880,13,,,0,30,3,55862,13,,,0,70,3,55897,13,,,0,30,3,55885,13,,,0,66,,55892,13,4,,0,34,4,55871,13,,,0,66,,55893,13,4,,0,34,4,55866,13,,,0,66,,55895,13,4,,0,34,4,55884,13,,,0,66,,55894,13,4,,0,25,,55890,13,4,,0
31019,'1910',555,,55933,1,,,0,66,,55926,1,,,0,24,5,55903,13,,,0,70,5,55919,13,,,0,30,5,55932,13,,,0,70,5,55915,13,,,0,30,5,55909,13,,,0,70,4,55925,13,,,0,30,4,55902,13,,,0,70,3,55918,13,,,0,30,3,55927,13,,,0,70,3,55914,13,,,0,30,3,55908,13,,,0,70,3,55924,13,,,0,30,3,55901,13,,,0,70,3,55917,13,,,0,30,3,55930,13,,,0,70,3,55913,13,,,0,30,3,55907,13,,,0,70,3,55923,13,,,0,30,3,55900,13,,,0,70,3,55916,13,,,0,30,3,55929,13,,,0,70,3,55912,13,,,0,30,3,55906,13,,,0,70,3,55922,13,,,0,30,3,55899,13,,,0,70,4,55934,13,,,0,30,4,55928,13,,,0,66,,55911,13,4,,0,34,4,55905,13,,,0,65,,55921,13,4,,0,35,5,55898,13,,,0,65,,55910,13,4,,0,35,5,55931,13,,,0,65,,55920,13,4,,0,30,,55904,13,4,,0
31019,'1911',555,,55952,1,,,0,90,5,55935,13,,,0,100,5,55936,13,,,0,100,4,55937,13,,,0,100,4,55938,13,,,0,100,4,55939,13,,,0,99,2,55940,13,,,0,100,2,55941,13,,,0,100,2,55942,13,,,0,100,2,55943,13,,,0,100,2,55944,13,,,0,100,2,55945,13,,,0,100,2,55946,13,,,0,100,2,55947,13,,,0,101,4,55948,13,,,0,100,4,55949,13,,,0,100,5,55950,13,,,0,100,5,55951,13,,,0,90,,55953,13,4,,0
31019,'1912',555,,55971,1,,,0,90,5,55954,13,,,0,100,5,55955,13,,,0,100,4,55956,13,,,0,100,4,55957,13,,,0,100,4,55958,13,,,0,99,2,55959,13,,,0,100,2,55960,13,,,0,100,2,55961,13,,,0,100,2,55962,13,,,0,100,2,55963,13,,,0,100,2,55964,13,,,0,100,2,55965,13,,,0,100,2,55966,13,,,0,101,4,55967,13,,,0,100,4,55968,13,,,0,100,5,55969,13,,,0,100,5,55970,13,,,0,90,,55972,13,4,,0
