22029,'1907',704,,55746,4,0,19 2 34 21,0,99,,55732,4,,,0,100,,55733,4,,,0,100,,55734,4,,,0,100,,55735,4,,,0,100,,55736,4,,,0,100,,55737,4,,,0,100,,55738,4,,,0,100,,55739,4,,,0,100,,55740,4,,,0,100,,55741,4,,,0,100,,55745,4,0,19 2 34 21,0,100,,55742,4,0,19 2 34 21,0,100,,55743,4,0,19 2 34 21,0,100,,55744,4,0,19 2 34 21,0
22029,'1909',637,,55748,4,0,19 2 34 21,0,71,,55749,4,0,19 2 34 21,0,30,,55750,4,0,19 2 34 21,0,73,,55751,4,0,19 2 34 21,0,30,,55752,4,0,19 2 34 21,0,70,,55753,4,,,0,29,,55754,4,,,0,70,,55759,4,,,0,30,,55755,4,,,0,70,,55760,4,,,0,30,,55756,4,,,0,70,,55747,4,,,0,30,,55757,4,,,0,70,,55758,4,,,0,31,,55761,4,,,0,70,,55762,4,,,0,30,,55763,4,,,0,68,,55764,4,,,0,32,,55765,4,,,0,70,,55766,4,,,0,30,,55767,4,,,0,69,,55768,4,,,0,30,,55769,4,,,0,70,,55770,4,,,0,28,,55771,4,,,0,70,,55772,4,,,0,30,,55773,4,,,0,65,,55774,4,,,0,30,,55775,4,,,0,70,,55776,4,,,0,30,,55777,4,0,19 2 34 21,0,172,,55779,4,0,19 2 34 21,0,36,,55778,4,0,19 2 34 21,0
22029,'1910',607,,55811,4,0,19 2 34 21,0,30,,55810,4,0,19 2 34 21,0,65,,55803,4,0,19 2 34 21,0,30,,55798,4,0,19 2 34 21,0,70,,55804,4,0,19 2 34 21,0,30,,55780,4,,,0,70,,55781,4,,,0,30,,55782,4,,,0,71,,55783,4,,,0,30,,55784,4,,,0,70,,55785,4,,,0,30,,55786,4,,,0,70,,55787,4,,,0,30,,55788,4,,,0,70,,55789,4,,,0,31,,55790,4,,,0,69,,55791,4,,,0,31,,55792,4,,,0,70,,55793,4,,,0,30,,55794,4,,,0,70,,55795,4,,,0,30,,55796,4,,,0,69,,55797,4,,,0,31,,55799,4,0,19 2 34 21,0,69,,55805,4,0,19 2 34 21,0,30,,55800,4,0,19 2 34 21,0,70,,55806,4,0,19 2 34 21,0,30,,55801,4,0,19 2 34 21,0,70,,55807,4,0,19 2 34 21,0,30,,55802,4,0,19 2 34 21,0,67,,55808,4,0,19 2 34 21,0,33,,55809,4,0,19 2 34 21,0
22029,'1911',704,,55826,4,0,19 2 34 21,0,99,,55812,4,,,0,100,,55813,4,,,0,100,,55814,4,,,0,100,,55815,4,,,0,100,,55816,4,,,0,100,,55817,4,,,0,100,,55818,4,,,0,100,,55819,4,,,0,100,,55820,4,,,0,100,,55821,4,,,0,100,,55825,4,0,19 2 34 21,0,100,,55822,4,0,19 2 34 21,0,100,,55823,4,0,19 2 34 21,0,100,,55824,4,0,19 2 34 21,0
22029,'1912',704,,55841,4,0,19 2 34 21,0,99,,55827,4,,,0,100,,55828,4,,,0,100,,55829,4,,,0,100,,55830,4,,,0,100,,55831,4,,,0,100,,55832,4,,,0,100,,55833,4,,,0,100,,55834,4,,,0,100,,55835,4,,,0,100,,55836,4,,,0,100,,55840,4,0,19 2 34 21,0,100,,55837,4,0,19 2 34 21,0,100,,55838,4,0,19 2 34 21,0,100,,55839,4,0,19 2 34 21,0
601019,'1907',613,,57121,4,,,0,30,,57139,4,,,0,70,,57120,4,,,0,30,,57138,4,,,0,70,,57119,4,,,0,30,,57137,4,,,0,70,,57118,4,,,0,30,,57136,4,,,0,70,,57116,4,,,0,30,,57135,4,,,0,70,,57117,4,,,0,30,,57134,4,,,0,70,,57115,4,,,0,30,,57133,4,,,0,70,,57111,4,,,0,30,,57132,4,,,0,70,,57114,4,,,0,30,,57131,4,,,0,70,,57112,4,,,0,30,,57130,4,,,0,70,,57110,4,,,0,30,,57129,4,,,0,70,,57113,4,,,0,30,,57128,4,,,0,70,,57107,4,,,0,30,,57127,4,,,0,70,,57108,4,,,0,30,,57126,4,,,0,70,,57109,4,,,0,30,,57125,4,,,0,70,,57106,4,,,0,30,,57124,4,,,0,70,,57105,4,,,0,30,,57123,4,,,0
601019,'1909',610,,57191,4,,,0,19,,57171,4,,,0,16,,57173,4,0,19 2 11 2 35,0,13,,57166,4,0,19 2 11 2 35,0,52,,57170,4,0,19 2 11 2 35,0,15,,57180,4,0,19 2 11 2 35,0,16,,57174,4,0,19 2 11 2 35,0,15,,57165,4,0,19 2 11 2 35,0,55,,57167,4,0,19 2 11 2 35,0,15,,57179,4,0,19 2 11 2 35,0,24,,57153,4,0,5 2 11 2 12,0,70,,57154,4,0,5 2 11 2 12,0,30,,57155,4,0,5 2 11 2 12,0,70,,57156,4,0,5 2 11 2 12,0,30,,57157,4,0,5 2 11 2 12,0,70,,57158,4,0,5 2 11 2 12,0,30,,57159,4,0,5 2 11 2 12,0,70,,57160,4,0,5 2 11 2 12,0,30,,57161,4,0,5 2 11 2 12,0,70,,57162,4,0,5 2 11 2 12,0,30,,57163,4,0,5 2 11 2 12,0,62,,57148,4,,,0,13,,57187,4,0,19 2 11 2 35,0,15,,57176,4,0,19 2 11 2 35,0,15,,57183,4,0,19 2 11 2 35,0,55,,57172,4,0,19 2 11 2 35,0,15,,57184,4,0,19 2 11 2 35,0,15,,57175,4,0,19 2 11 2 35,0,15,,57181,4,0,19 2 11 2 35,0,55,,57177,4,0,19 2 11 2 35,0,15,,57182,4,0,19 2 11 2 35,0,15,,57169,4,0,19 2 11 2 35,0,15,,57185,4,0,19 2 11 2 35,0,55,,57164,4,0,19 2 11 2 35,0,15,,57188,4,0,19 2 11 2 35,0,15,,57168,4,0,19 2 11 2 35,0,15,,57186,4,0,19 2 11 2 35,0,55,,57142,4,,,0,30,,57143,4,,,0,15,,57151,4,,,0,55,,57149,4,,,0,30,,57146,4,,,0,70,,57147,4,,,0,30,,57141,4,,,0,70,,57144,4,,,0,30,,57140,4,,,0,70,,57145,4,,,0,33,,57150,4,,,0
601019,'1910',613,,57208,4,,,0,30,,57226,4,,,0,70,,57207,4,,,0,30,,57225,4,,,0,70,,57206,4,,,0,30,,57224,4,,,0,70,,57205,4,,,0,30,,57223,4,,,0,70,,57203,4,,,0,30,,57221,4,,,0,70,,57204,4,,,0,30,,57222,4,,,0,70,,57202,4,,,0,30,,57220,4,,,0,70,,57193,4,,,0,30,,57219,4,,,0,70,,57201,4,,,0,30,,57218,4,,,0,70,,57199,4,,,0,30,,57217,4,,,0,70,,57194,4,,,0,30,,57215,4,,,0,70,,57196,4,,,0,30,,57216,4,,,0,70,,57200,4,,,0,30,,57214,4,,,0,70,,57195,4,,,0,30,,57213,4,,,0,70,,57198,4,,,0,30,,57212,4,,,0,70,,57197,4,,,0,30,,57211,4,,,0,70,,57192,4,,,0,30,,57210,4,,,0
601019,'1911',613,,57243,4,,,0,30,,57261,4,,,0,70,,57242,4,,,0,30,,57260,4,,,0,70,,57241,4,,,0,30,,57259,4,,,0,70,,57240,4,,,0,30,,57258,4,,,0,70,,57238,4,,,0,30,,57257,4,,,0,70,,57239,4,,,0,30,,57256,4,,,0,70,,57237,4,,,0,30,,57255,4,,,0,70,,57233,4,,,0,30,,57254,4,,,0,70,,57236,4,,,0,30,,57253,4,,,0,70,,57234,4,,,0,30,,57252,4,,,0,70,,57232,4,,,0,30,,57251,4,,,0,70,,57235,4,,,0,30,,57250,4,,,0,70,,57229,4,,,0,30,,57249,4,,,0,70,,57230,4,,,0,30,,57248,4,,,0,70,,57231,4,,,0,30,,57247,4,,,0,70,,57228,4,,,0,30,,57246,4,,,0,70,,57227,4,,,0,30,,57245,4,,,0
601019,'1912',2243,,57262,4,,,0
