1019,'1907',625,,58824,31,,,0,100,,58825,31,,,0,101,,58826,31,,,0,100,,58827,31,,,0,100,,58828,31,,,0,101,,58829,31,,,0,100,,58830,31,,,0,100,,58831,31,,,0,100,,58832,31,,,0,100,,58833,31,,,0,100,,58834,31,,,0,100,,58835,31,,,0,100,,58836,31,,,0,99,,58837,31,,,0,100,,58838,31,,,0,100,,58839,31,,,0,102,,58840,31,,,0,95,,58841,31,,,0
1019,'1909',555,,58877,31,,,0,75,,58873,31,,,0,70,,58849,31,,,0,33,,58844,31,,,0,70,,58862,31,,,0,30,,58846,31,,,0,71,,58851,31,,,0,32,,58876,31,,,0,70,,58848,31,,,0,30,,58842,31,,,0,70,,58861,31,,,0,30,,58847,31,,,0,70,,58852,31,,,0,30,,58872,31,,,0,70,,58850,31,,,0,30,,58843,31,,,0,70,,58874,31,,,0,30,,58845,31,,,0,70,,58853,31,,,0,30,,58871,31,,,0,70,,58864,31,,,0,30,,58856,31,,,0,70,,58854,31,,,0,29,,58857,31,,,0,68,,58859,31,,,0,30,,58858,31,,,0,70,,58855,31,,,0,25,,58875,31,,,0,30,,58869,31,,,0,68,,58870,31,,,0,30,,58868,31,,,0,70,,58867,31,,,0,30,,58866,31,,,0,70,,58865,31,,,0,30,,58863,31,,,0,70,,58860,31,,,0
1019,'1910',556,,58913,31,,,0,70,,58902,31,,,0,30,,58888,31,,,0,70,,58907,31,,,0,30,,58897,31,,,0,70,,58882,31,,,0,30,,58903,31,,,0,70,,58905,31,,,0,30,,58887,31,,,0,71,,58908,31,,,0,30,,58896,31,,,0,70,,58881,31,,,0,30,,58891,31,,,0,70,,58901,31,,,0,30,,58886,31,,,0,70,,58909,31,,,0,30,,58895,31,,,0,70,,58880,31,,,0,30,,58890,31,,,0,70,,58900,31,,,0,30,,58885,31,,,0,70,,58910,31,,,0,30,,58894,31,,,0,70,,58879,31,,,0,30,,58889,31,,,0,70,,58899,31,,,0,30,,58883,31,,,0,69,,58911,31,,,0,30,,58892,31,,,0,70,,58878,31,,,0,30,,58884,31,,,0,70,,58898,31,,,0,74,,58893,31,,,0,30,,58912,31,,,0,70,,58906,31,,,0,25,,58904,31,,,0
1019,'1912',625,,58914,31,,,0,100,,58915,31,,,0,101,,58916,31,,,0,100,,58917,31,,,0,100,,58918,31,,,0,101,,58919,31,,,0,100,,58920,31,,,0,100,,58921,31,,,0,100,,58922,31,,,0,100,,58923,31,,,0,100,,58924,31,,,0,100,,58925,31,,,0,100,,58926,31,,,0,99,,58927,31,,,0,100,,58928,31,,,0,100,,58929,31,,,0,102,,58930,31,,,0,95,,58931,31,,,0
1019,'1924',625,,58932,31,,,0,100,,58933,31,,,0,101,,58934,31,,,0,100,,58935,31,,,0,100,,58936,31,,,0,101,,58937,31,,,0,100,,58938,31,,,0,100,,58939,31,,,0,100,,58940,31,,,0,100,,58941,31,,,0,100,,58942,31,,,0,100,,58943,31,,,0,100,,58944,31,,,0,99,,58945,31,,,0,100,,58946,31,,,0,100,,58947,31,,,0,102,,58948,31,,,0,95,,58949,31,,,0
1019,'1925',625,,58950,31,,,0,100,,58951,31,,,0,101,,58952,31,,,0,100,,58953,31,,,0,100,,58954,31,,,0,101,,58955,31,,,0,100,,58956,31,,,0,100,,58957,31,,,0,100,,58958,31,,,0,100,,58959,31,,,0,100,,58960,31,,,0,100,,58961,31,,,0,100,,58962,31,,,0,99,,58963,31,,,0,100,,58964,31,,,0,100,,58965,31,,,0,102,,58966,31,,,0,95,,58967,31,,,0
22029,'1907',711,,55746,10,0,19 2 34 21,0,99,,55732,10,,,0,100,,55733,10,,,0,100,,55734,10,,,0,100,,55735,10,,,0,100,,55736,10,,,0,100,,55737,10,,,0,100,,55738,10,,,0,100,,55739,10,,,0,100,,55740,10,,,0,100,,55741,10,,,0,100,,55745,10,0,19 2 34 21,0,100,,55742,10,0,19 2 34 21,0,100,,55743,10,0,19 2 34 21,0,100,,55744,10,0,19 2 34 21,0
22029,'1909',646,,55748,10,0,19 2 34 21,0,72,,55749,10,0,19 2 34 21,0,30,,55750,10,0,19 2 34 21,0,73,,60512,10,0,19 2 34 21,0,30,,60513,10,0,19 2 34 21,0,70,,60514,10,,,0,27,,55754,10,,,0,70,,55759,10,,,0,30,,60515,10,,,0,70,,55760,10,,,0,30,,55756,10,,,0,70,,55747,10,,,0,30,,55757,10,,,0,70,,55758,10,,,0,31,,55761,10,,,0,70,,55762,10,,,0,30,,60516,10,,,0,70,,55764,10,,,0,32,,60517,10,,,0,70,,60518,10,,,0,30,,60519,10,,,0,67,,60520,10,,,0,30,,60521,10,,,0,70,,60522,10,,,0,28,,60523,10,,,0,70,,60524,10,,,0,30,,60525,10,,,0,64,,55774,10,,,0,30,,60526,10,,,0,70,,60527,10,,,0,30,,55777,10,0,19 2 34 21,0,172,,60529,10,0,19 2 34 21,0,36,,60528,10,0,19 2 34 21,0
22029,'1910',614,,55811,10,0,19 2 34 21,0,30,,55810,10,0,19 2 34 21,0,65,,55803,10,0,19 2 34 21,0,30,,55798,10,0,19 2 34 21,0,70,,55804,10,0,19 2 34 21,0,30,,55780,10,,,0,70,,55781,10,,,0,30,,55782,10,,,0,71,,55783,10,,,0,30,,55784,10,,,0,70,,55785,10,,,0,30,,55786,10,,,0,70,,55787,10,,,0,31,,55788,10,,,0,70,,55789,10,,,0,31,,55790,10,,,0,69,,55791,10,,,0,31,,55792,10,,,0,70,,55793,10,,,0,30,,55794,10,,,0,70,,55795,10,,,0,29,,55796,10,,,0,69,,55797,10,,,0,31,,55799,10,0,19 2 34 21,0,69,,55805,10,0,19 2 34 21,0,30,,55800,10,0,19 2 34 21,0,70,,55806,10,0,19 2 34 21,0,30,,55801,10,0,19 2 34 21,0,70,,55807,10,0,19 2 34 21,0,30,,55802,10,0,19 2 34 21,0,67,,55808,10,0,19 2 34 21,0,33,,55809,10,0,19 2 34 21,0
22029,'1912',711,,55841,10,0,19 2 34 21,0,99,,55827,10,,,0,100,,55828,10,,,0,100,,55829,10,,,0,100,,55830,10,,,0,100,,55831,10,,,0,100,,55832,10,,,0,100,,55833,10,,,0,100,,55834,10,,,0,100,,55835,10,,,0,100,,55836,10,,,0,100,,55840,10,0,19 2 34 21,0,100,,55837,10,0,19 2 34 21,0,100,,55838,10,0,19 2 34 21,0,100,,55839,10,0,19 2 34 21,0
22029,'1924',711,,55826,10,0,19 2 34 21,0,99,,55812,10,,,0,100,,55813,10,,,0,100,,55814,10,,,0,100,,55815,10,,,0,100,,55816,10,,,0,100,,55817,10,,,0,100,,55818,10,,,0,100,,55819,10,,,0,100,,55820,10,,,0,100,,55821,10,,,0,100,,55825,10,0,19 2 34 21,0,100,,55822,10,0,19 2 34 21,0,100,,55823,10,0,19 2 34 21,0,100,,55824,10,0,19 2 34 21,0
22029,'1925',711,,60544,10,0,19 2 34 21,0,99,,60530,10,,,0,100,,60531,10,,,0,100,,60532,10,,,0,100,,60533,10,,,0,100,,60534,10,,,0,100,,60535,10,,,0,100,,60536,10,,,0,100,,60537,10,,,0,100,,60538,10,,,0,100,,60539,10,,,0,100,,60543,10,0,19 2 34 21,0,100,,60540,10,0,19 2 34 21,0,100,,60541,10,0,19 2 34 21,0,100,,60542,10,0,19 2 34 21,0
