1019,'1907',629,,53000,36,,,0,100,,53001,36,,,0,101,,53002,36,,,0,100,,53003,36,,,0,100,,53004,36,,,0,102,,53005,36,,,0,100,,53006,36,,,0,100,,53007,36,,,0,100,,53008,36,,,0,100,,53009,36,,,0,100,,53010,36,,,0,100,,53011,36,,,0,100,,53012,36,,,0,98,,53013,36,,,0,100,,53014,36,,,0,100,,53015,36,,,0,102,,53016,36,,,0,95,,53017,36,,,0
1019,'1909',559,,53053,36,,,0,75,,53049,36,,,0,71,,53025,36,,,0,33,,53020,36,,,0,70,,53038,36,,,0,30,,53022,36,,,0,71,,53027,36,,,0,32,,53052,36,,,0,70,,53024,36,,,0,30,,53018,36,,,0,70,,53037,36,,,0,30,,53023,36,,,0,70,,53028,36,,,0,30,,53048,36,,,0,70,,53026,36,,,0,30,,53019,36,,,0,70,,53050,36,,,0,31,,53021,36,,,0,70,,53029,36,,,0,30,,53047,36,,,0,70,,53040,36,,,0,30,,53032,36,,,0,70,,53030,36,,,0,28,,53033,36,,,0,68,,53035,36,,,0,30,,53034,36,,,0,70,,53031,36,,,0,25,,53051,36,,,0,70,,53045,36,,,0,28,,53046,36,,,0,70,,53044,36,,,0,30,,53043,36,,,0,70,,53042,36,,,0,30,,53041,36,,,0,70,,53039,36,,,0,30,,53036,36,,,0
1019,'1910',600,,53089,36,,,0,30,,53078,36,,,0,70,,53064,36,,,0,30,,53083,36,,,0,70,,53073,36,,,0,30,,53058,36,,,0,70,,53079,36,,,0,30,,53081,36,,,0,70,,53063,36,,,0,32,,53084,36,,,0,70,,53072,36,,,0,30,,53057,36,,,0,70,,53067,36,,,0,30,,53077,36,,,0,70,,53062,36,,,0,30,,53085,36,,,0,70,,53071,36,,,0,30,,53056,36,,,0,70,,53066,36,,,0,30,,53076,36,,,0,70,,53061,36,,,0,30,,53086,36,,,0,70,,53070,36,,,0,30,,53055,36,,,0,70,,53065,36,,,0,30,,53075,36,,,0,70,,53059,36,,,0,28,,53087,36,,,0,70,,53068,36,,,0,30,,53054,36,,,0,70,,53060,36,,,0,30,,53074,36,,,0,74,,53069,36,,,0,30,,53088,36,,,0,70,,53082,36,,,0,25,,53080,36,,,0
1019,'1911',629,,53090,36,,,0,100,,53091,36,,,0,101,,53092,36,,,0,100,,53093,36,,,0,100,,53094,36,,,0,102,,53095,36,,,0,100,,53096,36,,,0,100,,53097,36,,,0,100,,53098,36,,,0,100,,53099,36,,,0,100,,53100,36,,,0,100,,53101,36,,,0,100,,53102,36,,,0,98,,53103,36,,,0,100,,53104,36,,,0,100,,53105,36,,,0,102,,53106,36,,,0,95,,53107,36,,,0
1019,'1912',629,,53108,36,,,0,100,,53109,36,,,0,101,,53110,36,,,0,100,,53111,36,,,0,100,,53112,36,,,0,102,,53113,36,,,0,100,,53114,36,,,0,100,,53115,36,,,0,100,,53116,36,,,0,100,,53117,36,,,0,100,,53118,36,,,0,100,,53119,36,,,0,100,,53120,36,,,0,98,,53121,36,,,0,100,,53122,36,,,0,100,,53123,36,,,0,102,,53124,36,,,0,95,,53125,36,,,0
1029,'1907',600,,53126,14,,,0,58,,53127,14,,,0,100,,53128,14,,,0,100,,53129,14,,,0,101,,53130,14,,,0,100,,53131,14,,,0,100,,53132,14,,,0,100,,53133,14,,,0,100,,53134,14,,,0,100,,53135,14,,,0,100,,53136,14,,,0,100,,53137,14,,,0,100,,53138,14,,,0,100,,53139,14,,,0,100,,53140,14,,,0,100,,53141,14,,,0,100,,53142,14,,,0,99,,53143,14,,,0
1029,'1909',558,,53153,14,,,0,75,,53154,14,,,0,25,,53174,14,,,0,70,,53150,14,,,0,30,,53145,14,,,0,70,,53178,14,,,0,73,,53148,14,,,0,30,,53155,14,,,0,70,,53173,14,,,0,30,,53152,14,,,0,70,,53144,14,,,0,30,,53177,14,,,0,70,,53149,14,,,0,30,,53156,14,,,0,70,,53172,14,,,0,30,,53151,14,,,0,70,,53146,14,,,0,30,,53175,14,,,0,71,,53147,14,,,0,30,,53157,14,,,0,70,,53171,14,,,0,30,,53160,14,,,0,70,,53159,14,,,0,30,,53158,14,,,0,27,,53164,14,,,0,70,,53163,14,,,0,30,,53162,14,,,0,70,,53161,14,,,0,30,,53176,14,,,0,69,,53170,14,,,0,30,,53169,14,,,0,70,,53168,14,,,0,30,,53167,14,,,0,70,,53166,14,,,0,25,,53165,14,,,0
1029,'1910',600,,53184,14,,,0,28,,53196,14,,,0,30,,53203,14,,,0,70,,53191,14,,,0,30,,53212,14,,,0,70,,53200,14,,,0,30,,53183,14,,,0,69,,53195,14,,,0,30,,53206,14,,,0,70,,53190,14,,,0,30,,53213,14,,,0,70,,53199,14,,,0,30,,53182,14,,,0,70,,53194,14,,,0,30,,53205,14,,,0,70,,53189,14,,,0,30,,53185,14,,,0,70,,53198,14,,,0,30,,53181,14,,,0,70,,53193,14,,,0,30,,53201,14,,,0,70,,53188,14,,,0,30,,53210,14,,,0,70,,53197,14,,,0,30,,53180,14,,,0,71,,53192,14,,,0,30,,53204,14,,,0,70,,53186,14,,,0,30,,53208,14,,,0,70,,53207,14,,,0,30,,53179,14,,,0,70,,53187,14,,,0,30,,53202,14,,,0,70,,53211,14,,,0,30,,53209,14,,,0
1029,'1911',600,,53214,14,,,0,58,,53215,14,,,0,100,,53216,14,,,0,100,,53217,14,,,0,101,,53218,14,,,0,100,,53219,14,,,0,100,,53220,14,,,0,100,,53221,14,,,0,100,,53222,14,,,0,100,,53223,14,,,0,100,,53224,14,,,0,100,,53225,14,,,0,100,,53226,14,,,0,100,,53227,14,,,0,100,,53228,14,,,0,100,,53229,14,,,0,100,,53230,14,,,0,99,,53231,14,,,0
1029,'1912',600,,53232,14,,,0,58,,53233,14,,,0,100,,53234,14,,,0,100,,53235,14,,,0,101,,53236,14,,,0,100,,53237,14,,,0,100,,53238,14,,,0,100,,53239,14,,,0,100,,53240,14,,,0,100,,53241,14,,,0,100,,53242,14,,,0,100,,53243,14,,,0,100,,53244,14,,,0,100,,53245,14,,,0,100,,53246,14,,,0,100,,53247,14,,,0,100,,53248,14,,,0,99,,53249,14,,,0
2019,'1907',721,,53277,42,,,0,30,,53254,42,,,0,70,,53258,42,,,0,30,,53270,42,,,0,70,,53265,42,,,0,30,,53255,42,,,0,70,,53259,42,,,0,30,,53271,42,,,0,70,,53266,42,,,0,30,,53256,42,,,0,70,,53260,42,,,0,30,,53272,42,,,0,70,,53267,42,,,0,30,,53257,42,,,0,70,,53261,42,,,0,30,,53273,42,,,0,70,,53268,42,,,0,30,,53252,42,,,0,70,,53262,42,,,0,30,,53274,42,,,0,70,,53269,42,,,0,30,,53250,42,,,0,70,,53263,42,,,0,30,,53275,42,,,0,100,,53251,42,,,0,102,,53276,42,,,0,100,,53253,42,,,0,95,,53264,42,,,0,100,,53278,42,,,0
2019,'1909',648,,53279,42,,,0,69,,53280,42,,,0,30,,53281,42,,,0,70,,53282,42,,,0,33,,53283,42,,,0,71,,53284,42,,,0,31,,53301,42,,,0,70,,53302,42,,,0,30,,53303,42,,,0,70,,53304,42,,,0,30,,53305,42,,,0,70,,53306,42,,,0,30,,53307,42,,,0,70,,53308,42,,,0,30,,53309,42,,,0,70,,53299,42,,,0,34,,53300,42,,,0,70,,53285,42,,,0,30,,53286,42,,,0,70,,53287,42,,,0,30,,53288,42,,,0,69,,53289,42,,,0,27,,53290,42,,,0,70,,53291,42,,,0,30,,53292,42,,,0,70,,53298,42,,,0,30,,53293,42,,,0,98,,53294,42,,,0,100,,53295,42,,,0,100,,53296,42,,,0,97,,53297,42,,,0
2019,'1910',651,,53311,33,,,0,70,,53318,42,,,0,30,,53327,42,,,0,70,,53334,42,,,0,30,,53312,42,,,0,70,,53319,42,,,0,30,,53328,42,,,0,69,,53335,42,,,0,31,,53313,42,,,0,70,,53320,42,,,0,30,,53329,42,,,0,70,,53336,42,,,0,30,,53314,42,,,0,70,,53321,42,,,0,30,,53330,42,,,0,70,,53337,42,,,0,30,,53315,42,,,0,70,,53322,42,,,0,30,,53331,42,,,0,70,,53338,42,,,0,30,,53316,42,,,0,70,,53323,42,,,0,30,,53332,42,,,0,70,,53339,42,,,0,30,,53317,42,,,0,70,,53324,42,,,0,30,,53333,42,,,0,100,,53325,42,,,0,100,,53340,42,,,0,97,,53326,42,,,0,98,,53341,42,,,0
2019,'1911',721,,53369,42,,,0,30,,53346,42,,,0,70,,53350,42,,,0,30,,53362,42,,,0,70,,53357,42,,,0,30,,53347,42,,,0,70,,53351,42,,,0,30,,53363,42,,,0,70,,53358,42,,,0,30,,53348,42,,,0,70,,53352,42,,,0,30,,53364,42,,,0,70,,53359,42,,,0,30,,53349,42,,,0,70,,53353,42,,,0,30,,53365,42,,,0,70,,53360,42,,,0,30,,53344,42,,,0,70,,53354,42,,,0,30,,53366,42,,,0,70,,53361,42,,,0,30,,53342,42,,,0,70,,53355,42,,,0,30,,53367,42,,,0,100,,53343,42,,,0,102,,53368,42,,,0,100,,53345,42,,,0,95,,53356,42,,,0,100,,53370,42,,,0
2019,'1912',721,,53398,42,,,0,30,,53375,42,,,0,70,,53379,42,,,0,30,,53391,42,,,0,70,,53386,42,,,0,30,,53376,42,,,0,70,,53380,42,,,0,30,,53392,42,,,0,70,,53387,42,,,0,30,,53377,42,,,0,70,,53381,42,,,0,30,,53393,42,,,0,70,,53388,42,,,0,30,,53378,42,,,0,70,,53382,42,,,0,30,,53394,42,,,0,70,,53389,42,,,0,30,,53373,42,,,0,70,,53383,42,,,0,30,,53395,42,,,0,70,,53390,42,,,0,30,,53371,42,,,0,70,,53384,42,,,0,30,,53396,42,,,0,100,,53372,42,,,0,102,,53397,42,,,0,100,,53374,42,,,0,95,,53385,42,,,0,100,,53399,42,,,0
7029,'1907',719,,54274,16,,,0,99,,54275,16,,,0,100,,54276,16,,,0,100,,54277,16,,,0,100,,54278,16,,,0,100,,54279,16,,,0,100,,54280,16,,,0,101,,54281,16,,,0,100,,54282,16,,,0,99,,54283,16,,,0,100,,54284,16,,,0,100,,54285,16,,,0,100,,54286,16,,,0,101,,54287,16,,,0,27,,54294,16,0,13 33,0,73,,54273,16,,,0
7029,'1909',516,,54343,16,,,0,35,,54342,16,0,13 33,0,66,,54313,16,,,0,31,,54314,16,,,0,72,,54315,16,,,0,30,,54316,16,,,0,70,,54317,16,,,0,30,,54318,16,,,0,70,,54319,16,,,0,30,,54320,16,,,0,70,,54321,16,,,0,30,,54322,16,,,0,70,,54323,16,,,0,30,,54324,16,,,0,70,,54309,16,,,0,30,,54310,16,,,0,70,,54311,16,,,0,31,,54308,16,,,0,70,,54307,16,,,0,31,,54312,16,,,0,69,,54325,16,,,0,30,,54326,16,,,0,70,,54327,16,,,0,29,,54328,16,,,0,70,,54329,16,,,0,30,,54330,16,,,0,70,,54331,16,,,0,30,,54332,16,,,0,70,,54333,16,,,0,30,,54334,16,,,0,70,,54335,16,,,0,100,,54336,16,,,0,99,,54337,16,,,0,100,,54344,16,,,0
7029,'1910',620,,54376,5,,,0,29,,54345,16,,,0,70,,54359,16,,,0,30,,54346,16,,,0,70,,54360,16,,,0,30,,54347,16,,,0,70,,54361,16,,,0,30,,54348,16,,,0,70,,54362,16,,,0,30,,54349,16,,,0,70,,54363,16,,,0,30,,54350,16,,,0,70,,54364,16,,,0,30,,54351,16,,,0,70,,54365,16,,,0,30,,54352,16,,,0,70,,54366,16,,,0,30,,54353,16,,,0,70,,54367,16,,,0,30,,54354,16,,,0,70,,54368,16,,,0,30,,54355,16,,,0,70,,54369,16,,,0,30,,54356,16,,,0,70,,54370,16,,,0,30,,54357,16,,,0,70,,54371,16,,,0,30,,54358,16,,,0,70,,54372,16,,,0,100,,54373,16,,,0,100,,54374,16,,,0,100,,54375,16,,,0
7029,'1911',719,,54382,16,,,0,99,,54383,16,,,0,100,,54384,16,,,0,100,,54385,16,,,0,100,,54386,16,,,0,100,,54387,16,,,0,100,,54388,16,,,0,101,,54389,16,,,0,100,,54390,16,,,0,99,,54391,16,,,0,100,,54392,16,,,0,100,,54393,16,,,0,100,,54394,16,,,0,101,,54395,16,,,0,27,,54402,16,0,13 33,0,73,,54381,16,,,0
7029,'1912',719,,54416,16,,,0,99,,54417,16,,,0,100,,54418,16,,,0,100,,54419,16,,,0,100,,54420,16,,,0,100,,54421,16,,,0,100,,54422,16,,,0,101,,54423,16,,,0,100,,54424,16,,,0,99,,54425,16,,,0,100,,54426,16,,,0,100,,54427,16,,,0,100,,54428,16,,,0,101,,54429,16,,,0,27,,54436,16,0,13 33,0,73,,54415,16,,,0
16019,'1909',644,,55278,23,,,0,70,,55279,23,,,0,32,,55280,23,,,0,70,,55281,23,,,0,32,,55282,23,,,0,70,,55283,23,,,0,30,,55284,23,,,0,70,,55285,23,,,0,30,,55286,23,,,0,70,,55287,23,,,0,30,,55288,23,,,0,70,,55289,23,,,0,30,,55290,23,,,0,70,,55291,23,,,0,30,,55292,23,,,0,70,,55293,23,,,0,30,,55294,23,,,0,69,,55295,23,,,0,29,,55296,23,,,0,70,,55297,23,,,0,30,,55298,23,,,0,69,,55299,23,,,0,30,,55300,23,,,0,69,,55301,23,,,0,30,,55302,23,,,0,70,,55303,23,,,0,30,,55304,23,,,0,69,,55305,23,,,0,30,,55306,23,,,0,70,,55307,23,,,0
16019,'1910',641,,55331,23,,,0,70,,55327,23,,,0,30,,55335,23,,,0,70,,55319,23,,,0,30,,55333,23,,,0,72,,55314,23,,,0,30,,55312,23,,,0,70,,55309,23,,,0,30,,55320,23,,,0,70,,55330,23,,,0,30,,55324,23,,,0,70,,55332,23,,,0,31,,55316,23,,,0,70,,55334,23,,,0,30,,55311,23,,,0,70,,55322,23,,,0,31,,55321,23,,,0,70,,55325,23,,,0,30,,55326,23,,,0,70,,55310,23,,,0,29,,55318,23,,,0,70,,55328,23,,,0,29,,55313,23,,,0,70,,55317,23,,,0,30,,55323,23,,,0,69,,55337,23,,,0,30,,55329,23,,,0,69,,55336,23,,,0,30,,55315,23,,,0,70,,55339,23,,,0
