609,'1907',843,,53873,2,0,5 2 6 7,0,100,,53878,2,0,5 2 6 7,0,100,,53889,2,0,5 2 6 7,0,100,,53879,2,0,5 2 6 7,0,101,,53890,2,0,5 2 6 7,0,100,,53877,2,0,5 2 6 7,0,100,,53888,2,0,5 2 6 7,0,100,,53876,2,0,5 2 6 7,0,100,,53887,2,0,5 2 6 7,0,100,,53875,2,0,5 2 6 7,0,99,,53891,2,0,5 2 6 7,0,100,,53880,2,0,5 2 6 7,0
609,'1910',2013,,59648,2,0,5 2 6 7,0,100,,54022,2,0,5 2 6 7,0
609,'1912',843,,54064,2,0,5 2 6 7,0,100,,54069,2,0,5 2 6 7,0,100,,54080,2,0,5 2 6 7,0,100,,54070,2,0,5 2 6 7,0,101,,54081,2,0,5 2 6 7,0,100,,54068,2,0,5 2 6 7,0,100,,54079,2,0,5 2 6 7,0,100,,54067,2,0,5 2 6 7,0,100,,54078,2,0,5 2 6 7,0,100,,54066,2,0,5 2 6 7,0,99,,54082,2,0,5 2 6 7,0,100,,54071,2,0,5 2 6 7,0
609,'1924',843,,54028,2,0,5 2 6 7,0,100,,54033,2,0,5 2 6 7,0,100,,54044,2,0,5 2 6 7,0,100,,54034,2,0,5 2 6 7,0,101,,54045,2,0,5 2 6 7,0,100,,54032,2,0,5 2 6 7,0,100,,54043,2,0,5 2 6 7,0,100,,54031,2,0,5 2 6 7,0,100,,54042,2,0,5 2 6 7,0,100,,54030,2,0,5 2 6 7,0,99,,54046,2,0,5 2 6 7,0,100,,54035,2,0,5 2 6 7,0
609,'1925',843,,59693,2,0,5 2 6 7,0,100,,59698,2,0,5 2 6 7,0,100,,59709,2,0,5 2 6 7,0,100,,59699,2,0,5 2 6 7,0,101,,59710,2,0,5 2 6 7,0,100,,59697,2,0,5 2 6 7,0,100,,59708,2,0,5 2 6 7,0,100,,59696,2,0,5 2 6 7,0,100,,59707,2,0,5 2 6 7,0,100,,59695,2,0,5 2 6 7,0,99,,59711,2,0,5 2 6 7,0,100,,59700,2,0,5 2 6 7,0
11019,'1907',917,,54715,25,,,0,100,,54716,25,,,0,100,,54717,25,,,0,101,,54718,25,,,0,100,,54719,25,,,0,100,,54720,25,,,0,100,,54721,25,,,0,99,,54722,25,,,0,100,,54723,25,,,0,100,,54724,25,,,0,99,,60045,25,,,0,100,,54727,25,,,0
11019,'1909',718,,54728,25,,,0,101,,60046,25,,,0,101,,60047,25,,,0,100,,60048,25,,,0,100,,60049,25,,,0,100,,60050,25,,,0,100,,60051,25,,,0,100,,60052,25,,,0,100,,60053,25,,,0,100,,54737,25,,,0,100,,60054,25,,,0,99,,60055,25,,,0,99,,54740,25,,,0,100,,60056,25,,,0,100,,54742,25,,,0
11019,'1910',717,,54746,25,,,0,100,,54747,25,,,0,101,,60057,25,,,0,100,,54749,25,,,0,100,,54750,25,,,0,100,,54751,25,,,0,100,,54752,25,,,0,100,,54753,25,,,0,100,,54754,25,,,0,100,,60058,25,,,0,100,,54756,25,,,0,100,,54757,25,,,0,99,,54744,25,,,0,100,,54745,25,,,0
11019,'1912',917,,54772,25,,,0,100,,54773,25,,,0,100,,54774,25,,,0,101,,54775,25,,,0,100,,54776,25,,,0,100,,54777,25,,,0,100,,54778,25,,,0,99,,54779,25,,,0,100,,54780,25,,,0,100,,54781,25,,,0,99,,60059,25,,,0,100,,54784,25,,,0
11019,'1924',917,,54759,25,,,0,100,,54760,25,,,0,100,,54761,25,,,0,101,,54762,25,,,0,100,,54763,25,,,0,100,,54764,25,,,0,100,,54765,25,,,0,99,,54766,25,,,0,100,,54767,25,,,0,100,,54768,25,,,0,99,,60060,25,,,0,100,,54771,25,,,0
11019,'1925',917,,60061,25,,,0,100,,60062,25,,,0,100,,60063,25,,,0,101,,60064,25,,,0,100,,60065,25,,,0,100,,60066,25,,,0,100,,60067,25,,,0,99,,60068,25,,,0,100,,60069,25,,,0,100,,60070,25,,,0,99,,60071,25,,,0,100,,60073,25,,,0
15029,'1907',721,,60289,25,,,0,95,,60295,25,,,0,100,,60288,25,,,0,100,,60287,25,,,0,101,,60294,25,,,0,100,,60292,25,,,0,100,,60291,25,,,0,102,,60286,25,,,0,100,,60284,25,,,0,100,,60285,25,,,0,99,,60290,25,,,0,99,,60296,25,,,0,100,,60293,25,,,0,100,,60297,25,,,0
15029,'1909',645,,60299,25,,,0,75,,55187,25,,,0,29,2,55188,25,,,0,71,2,60300,25,,,0,32,,55190,25,,,0,68,,55191,25,,,0,28,,55192,25,,,0,70,,55193,25,,,0,30,,60301,25,,,0,70,,60302,25,,,0,30,,60303,25,,,0,70,,55197,25,,,0,30,,60304,25,,,0,70,,60305,25,,,0,30,,55200,25,,,0,70,,55201,25,,,0,33,2,55202,25,,,0,73,2,55203,25,,,0,33,2,55204,25,,,0,70,2,55205,25,,,0,30,2,55206,25,,,0,66,2,60306,25,,,0,28,2,55208,25,,,0,67,2,55209,25,,,0,29,2,55210,25,,,0,70,2,60307,25,,,0,30,2,55212,25,,,0,70,2,55216,25,,,0,29,2,55213,25,,,0,97,2,60308,25,,,0,100,2,55215,25,,,0
15029,'1910',726,,55219,25,,,0,93,,60309,25,,,0,100,,55221,25,,,0,101,,55222,25,,,0,101,,60310,25,,,0,100,,55224,25,,,0,100,,55225,25,,,0,103,,60311,25,,,0,100,,60312,25,,,0,100,,55228,25,,,0,100,,55229,25,,,0,100,,55230,25,,,0,96,,55217,25,,,0,100,,55218,25,,,0
15029,'1912',721,,60318,25,,,0,95,,60324,25,,,0,100,,60317,25,,,0,100,,60316,25,,,0,101,,60323,25,,,0,100,,60321,25,,,0,100,,60320,25,,,0,102,,60315,25,,,0,100,,60313,25,,,0,100,,60314,25,,,0,99,,60319,25,,,0,99,,60325,25,,,0,100,,60322,25,,,0,100,,60326,25,,,0
15029,'1924',721,,60332,25,,,0,95,,60338,25,,,0,100,,60331,25,,,0,100,,60330,25,,,0,101,,60337,25,,,0,100,,60335,25,,,0,100,,60334,25,,,0,102,,60329,25,,,0,100,,60327,25,,,0,100,,60328,25,,,0,99,,60333,25,,,0,99,,60339,25,,,0,100,,60336,25,,,0,100,,60340,25,,,0
15029,'1925',721,,60346,25,,,0,95,,60352,25,,,0,100,,60345,25,,,0,100,,60344,25,,,0,101,,60351,25,,,0,100,,60349,25,,,0,100,,60348,25,,,0,102,,60343,25,,,0,100,,60341,25,,,0,100,,60342,25,,,0,99,,60347,25,,,0,99,,60353,25,,,0,100,,60350,25,,,0,100,,60354,25,,,0
10090019,'1908',700,,58734,7,4,,0,100,,58732,7,4,,0,100,,58731,7,4,,0,100,,58733,7,4,,0,430,,58736,7,4,,0,100,,58737,7,4,,0,100,,58738,7,4,,0,100,,58735,7,4,,0
10090029,'1908',700,,58746,1,,,0,100,,58739,1,,,0,100,,58741,1,,,0,100,,58740,1,,,0,430,,58745,1,,,0,100,,58743,1,,,0,100,,58742,1,,,0,100,,58744,1,,,0
