4029,'1907',718,,53738,2,,,0,30,,53740,2,,,0,70,,53736,2,,,0,30,,53739,2,,,0,69,,53737,2,,,0,30,,53729,2,,,0,69,,53732,2,,,0,30,,53717,2,,,0,70,,53722,2,,,0,30,,53725,2,,,0,68,,53728,2,,,0,30,,53730,2,,,0,70,,53718,2,,,0,30,,53721,2,,,0,70,,53724,2,,,0,30,,53727,2,,,0,70,,53731,2,,,0,30,,53719,2,,,0,70,,53720,2,,,0,30,,53723,2,,,0,70,,53726,2,,,0,30,,53744,2,,,0,70,,53743,2,,,0,34,,53745,2,,,0,70,,53742,2,,,0,30,,53735,2,,,0,70,,53741,2,,,0,30,,53733,2,,,0,100,,53734,2,,,0
4029,'1909',618,,53746,2,,,0,30,,53747,2,,,0,71,,53748,2,,,0,24,,53749,2,,,0,76,,53750,2,,,0,24,,53751,2,,,0,71,,53752,2,,,0,30,,53753,2,,,0,70,,53754,2,,,0,30,,53755,2,,,0,70,,53756,2,,,0,30,,53757,2,,,0,70,,53758,2,,,0,30,,53759,2,,,0,70,,53760,2,,,0,30,,53761,2,,,0,70,,53762,2,,,0,35,,53763,2,,,0,65,,53764,2,,,0,36,,53765,2,,,0,64,,53766,2,,,0,36,,53767,2,,,0,64,,53768,2,,,0,36,,53769,2,,,0,67,,53770,2,,,0,29,,53771,2,,,0,70,,53772,2,,,0,30,,53773,2,,,0,72,,53774,2,,,0,30,,53775,2,,,0,70,,53776,2,,,0,30,,53777,2,,,0
4029,'1910',620,,53802,2,,,0,28,,53803,2,,,0,70,,53804,2,,,0,30,,53805,2,,,0,70,,53806,2,,,0,30,,53807,2,,,0,69,,53808,2,,,0,30,,53795,2,,,0,67,,53789,2,,,0,30,,53782,2,,,0,70,,53793,2,,,0,30,,53799,2,,,0,70,,53794,2,,,0,30,,53781,2,,,0,70,,53786,2,,,0,30,,53797,2,,,0,70,,53780,2,,,0,30,,53796,2,,,0,70,,53791,2,,,0,30,,53783,2,,,0,70,,53778,2,,,0,30,,53798,2,,,0,70,,53801,2,,,0,30,,53792,2,,,0,70,,53787,2,,,0,30,,53809,2,,,0,72,,53784,2,,,0,30,,53779,2,,,0,72,,53785,2,,,0,30,,53790,2,,,0,70,,53800,2,,,0,30,,53788,2,,,0
4029,'1911',718,,53831,2,,,0,30,,53833,2,,,0,70,,53829,2,,,0,30,,53832,2,,,0,69,,53830,2,,,0,30,,53822,2,,,0,69,,53825,2,,,0,30,,53810,2,,,0,70,,53815,2,,,0,30,,53818,2,,,0,68,,53821,2,,,0,30,,53823,2,,,0,70,,53811,2,,,0,30,,53814,2,,,0,70,,53817,2,,,0,30,,53820,2,,,0,70,,53824,2,,,0,30,,53812,2,,,0,70,,53813,2,,,0,30,,53816,2,,,0,70,,53819,2,,,0,30,,53837,2,,,0,70,,53836,2,,,0,34,,53838,2,,,0,70,,53835,2,,,0,30,,53828,2,,,0,70,,53834,2,,,0,30,,53826,2,,,0,100,,53827,2,,,0
4029,'1912',718,,53860,2,,,0,30,,53862,2,,,0,70,,53858,2,,,0,30,,53861,2,,,0,69,,53859,2,,,0,30,,53851,2,,,0,69,,53854,2,,,0,30,,53839,2,,,0,70,,53844,2,,,0,30,,53847,2,,,0,68,,53850,2,,,0,30,,53852,2,,,0,70,,53840,2,,,0,30,,53843,2,,,0,70,,53846,2,,,0,30,,53849,2,,,0,70,,53853,2,,,0,30,,53841,2,,,0,70,,53842,2,,,0,30,,53845,2,,,0,70,,53848,2,,,0,30,,53866,2,,,0,70,,53865,2,,,0,34,,53867,2,,,0,70,,53864,2,,,0,30,,53857,2,,,0,70,,53863,2,,,0,30,,53855,2,,,0,100,,53856,2,,,0
7029,'1907',633,,54296,2,0,13 33,0,70,,54274,2,,,0,100,,54275,2,,,0,30,,54305,2,0,13 33,0,70,,54276,2,,,0,30,,54298,2,0,13 33,0,70,,54277,2,,,0,30,,54293,2,0,13 33,0,70,,54278,2,,,0,30,,54302,2,0,13 33,0,70,,54279,2,,,0,30,,54292,2,0,13 33,0,70,,54280,2,,,0,30,,54301,2,0,13 33,0,70,,54281,2,,,0,30,,54291,2,0,13 33,0,70,,54282,2,,,0,30,,54297,2,0,13 33,0,70,,54283,2,,,0,30,,54290,2,0,13 33,0,70,,54284,2,,,0,30,,54299,2,0,13 33,0,70,,54285,2,,,0,30,,54289,2,0,13 33,0,70,,54286,2,,,0,30,,54300,2,0,13 33,0,70,,54287,2,,,0,30,,54294,2,0,13 33,0,70,,54273,2,,,0,30,,54295,2,0,13 33,0,70,,54306,2,0,13 33,0,30,,54304,2,0,13 33,0,70,,54303,2,0,13 33,0,29,,54288,2,0,13 33,0
7029,'1909',503,,54343,2,,,0,35,,54342,2,0,13 33,0,65,,54313,2,,,0,30,,54314,2,,,0,70,,54315,2,,,0,30,,54316,2,,,0,70,,54317,2,,,0,30,,54318,2,,,0,70,,54319,2,,,0,30,,54320,2,,,0,70,,54321,2,,,0,30,,54322,2,,,0,70,,54323,2,,,0,30,,54324,2,,,0,70,,54309,2,,,0,30,,54310,2,,,0,70,,54311,2,,,0,30,,54308,2,,,0,70,,54307,2,,,0,30,,54312,2,,,0,70,,54325,2,,,0,30,,54326,2,,,0,70,,54327,2,,,0,30,,54328,2,,,0,70,,54329,2,,,0,30,,54330,2,,,0,70,,54331,2,,,0,30,,54332,2,,,0,70,,54333,2,,,0,30,,54334,2,,,0,70,,54335,2,,,0,30,,54341,2,0,13 33,0,70,,54336,2,,,0,30,,54338,2,0,13 33,0,70,,54337,2,,,0,30,,54340,2,0,13 33,0,70,,54344,2,,,0,29,,54339,2,0,13 33,0
7029,'1910',634,,54345,2,,,0,70,,54359,2,,,0,30,,54346,2,,,0,69,,54360,2,,,0,30,,54347,2,,,0,70,,54361,2,,,0,30,,54348,2,,,0,70,,54362,2,,,0,30,,54349,2,,,0,70,,54363,2,,,0,30,,54350,2,,,0,70,,54364,2,,,0,30,,54351,2,,,0,70,,54365,2,,,0,30,,54352,2,,,0,70,,54366,2,,,0,30,,54353,2,,,0,70,,54367,2,,,0,30,,54354,2,,,0,70,,54368,2,,,0,30,,54355,2,,,0,70,,54369,2,,,0,30,,54356,2,,,0,70,,54370,2,,,0,30,,54357,2,,,0,70,,54371,2,,,0,30,,54358,2,,,0,70,,54372,2,,,0,30,,54380,2,0,13 33,0,70,,54373,2,,,0,30,,54379,2,0,13 33,0,70,,54374,2,,,0,30,,54378,2,0,13 33,0,70,,54375,2,,,0,29,,54377,2,0,13 33,0
7029,'1911',633,,54404,2,0,13 33,0,70,,54382,2,,,0,100,,54383,2,,,0,30,,54413,2,0,13 33,0,70,,54384,2,,,0,30,,54406,2,0,13 33,0,70,,54385,2,,,0,30,,54401,2,0,13 33,0,70,,54386,2,,,0,30,,54410,2,0,13 33,0,70,,54387,2,,,0,30,,54400,2,0,13 33,0,70,,54388,2,,,0,30,,54409,2,0,13 33,0,70,,54389,2,,,0,30,,54399,2,0,13 33,0,70,,54390,2,,,0,30,,54405,2,0,13 33,0,70,,54391,2,,,0,30,,54398,2,0,13 33,0,70,,54392,2,,,0,30,,54407,2,0,13 33,0,70,,54393,2,,,0,30,,54397,2,0,13 33,0,70,,54394,2,,,0,30,,54408,2,0,13 33,0,70,,54395,2,,,0,30,,54402,2,0,13 33,0,70,,54381,2,,,0,30,,54403,2,0,13 33,0,70,,54414,2,0,13 33,0,30,,54412,2,0,13 33,0,70,,54411,2,0,13 33,0,29,,54396,2,0,13 33,0
7029,'1912',633,,54438,2,0,13 33,0,70,,54416,2,,,0,100,,54417,2,,,0,30,,54447,2,0,13 33,0,70,,54418,2,,,0,30,,54440,2,0,13 33,0,70,,54419,2,,,0,30,,54435,2,0,13 33,0,70,,54420,2,,,0,30,,54444,2,0,13 33,0,70,,54421,2,,,0,30,,54434,2,0,13 33,0,70,,54422,2,,,0,30,,54443,2,0,13 33,0,70,,54423,2,,,0,30,,54433,2,0,13 33,0,70,,54424,2,,,0,30,,54439,2,0,13 33,0,70,,54425,2,,,0,30,,54432,2,0,13 33,0,70,,54426,2,,,0,30,,54441,2,0,13 33,0,70,,54427,2,,,0,30,,54431,2,0,13 33,0,70,,54428,2,,,0,30,,54442,2,0,13 33,0,70,,54429,2,,,0,30,,54436,2,0,13 33,0,70,,54415,2,,,0,30,,54437,2,0,13 33,0,70,,54448,2,0,13 33,0,30,,54446,2,0,13 33,0,70,,54445,2,0,13 33,0,29,,54430,2,0,13 33,0
14000001019,'1907',2356,,58765,4,,,0,70,,58764,4,,,0,30,,58763,4,,,0,70,,58766,4,,,0,30,,58767,4,,,0
14000001019,'1909',2356,,58771,4,,,0,70,,58768,4,,,0,30,,58769,4,,,0,70,,58770,4,,,0,30,,58772,4,,,0
14000001019,'1910',2356,,58776,4,,,0,70,,58773,4,,,0,30,,58775,4,,,0,70,,58774,4,,,0,30,,58777,4,,,0
14000001019,'1911',2356,,58780,4,,,0,70,,58779,4,,,0,30,,58778,4,,,0,70,,58781,4,,,0,30,,58782,4,,,0
14000001019,'1912',2356,,58785,4,,,0,70,,58784,4,,,0,30,,58783,4,,,0,70,,58786,4,,,0,30,,58787,4,,,0
