1029,'1907',558,,53126,10,,,0,98,,53127,10,,,0,100,,53128,10,,,0,100,,53129,10,,,0,100,,53130,10,,,0,100,,53131,10,,,0,100,,53132,10,,,0,100,,53133,10,,,0,100,,53134,10,,,0,100,,53135,10,,,0,100,,53136,10,,,0,100,,53137,10,,,0,100,,53138,10,,,0,100,,53139,10,,,0,100,,53140,10,,,0,100,,53141,10,,,0,100,,53142,10,,,0,100,,53143,10,,,0
1029,'1909',555,,53153,10,,,0,75,,53154,10,,,0,25,,53174,10,,,0,70,,53150,10,,,0,30,,53145,10,,,0,70,,53178,10,,,0,33,,53148,10,,,0,70,,53155,10,,,0,30,,53173,10,,,0,70,,53152,10,,,0,30,,53144,10,,,0,70,,53177,10,,,0,30,,53149,10,,,0,70,,53156,10,,,0,30,,53172,10,,,0,70,,53151,10,,,0,30,,53146,10,,,0,70,,53175,10,,,0,31,,53147,10,,,0,70,,53157,10,,,0,30,,53171,10,,,0,70,,53160,10,,,0,30,,53159,10,,,0,70,,53158,10,,,0,27,,53164,10,,,0,70,,53163,10,,,0,30,,53162,10,,,0,70,,53161,10,,,0,30,,53176,10,,,0,70,,53170,10,,,0,30,,53169,10,,,0,70,,53168,10,,,0,30,,53167,10,,,0,70,,53166,10,,,0,25,,53165,10,,,0
1029,'1910',558,,53184,10,,,0,68,,53196,10,,,0,30,,53203,10,,,0,70,,53191,10,,,0,30,,53212,10,,,0,70,,53200,10,,,0,30,,53183,10,,,0,68,,53195,10,,,0,30,,53206,10,,,0,70,,53190,10,,,0,30,,53213,10,,,0,70,,53199,10,,,0,30,,53182,10,,,0,70,,53194,10,,,0,30,,53205,10,,,0,70,,53189,10,,,0,30,,53185,10,,,0,70,,53198,10,,,0,30,,53181,10,,,0,70,,53193,10,,,0,30,,53201,10,,,0,70,,53188,10,,,0,30,,53210,10,,,0,70,,53197,10,,,0,30,,53180,10,,,0,72,,53192,10,,,0,30,,53204,10,,,0,70,,53186,10,,,0,30,,53208,10,,,0,70,,53207,10,,,0,30,,53179,10,,,0,70,,53187,10,,,0,30,,53202,10,,,0,70,,53211,10,,,0,30,,53209,10,,,0
1029,'1911',558,,53214,10,,,0,98,,53215,10,,,0,100,,53216,10,,,0,100,,53217,10,,,0,100,,53218,10,,,0,100,,53219,10,,,0,100,,53220,10,,,0,100,,53221,10,,,0,100,,53222,10,,,0,100,,53223,10,,,0,100,,53224,10,,,0,100,,53225,10,,,0,100,,53226,10,,,0,100,,53227,10,,,0,100,,53228,10,,,0,100,,53229,10,,,0,100,,53230,10,,,0,100,,53231,10,,,0
1029,'1912',558,,53232,10,,,0,98,,53233,10,,,0,100,,53234,10,,,0,100,,53235,10,,,0,100,,53236,10,,,0,100,,53237,10,,,0,100,,53238,10,,,0,100,,53239,10,,,0,100,,53240,10,,,0,100,,53241,10,,,0,100,,53242,10,,,0,100,,53243,10,,,0,100,,53244,10,,,0,100,,53245,10,,,0,100,,53246,10,,,0,100,,53247,10,,,0,100,,53248,10,,,0,100,,53249,10,,,0
7019,'1907',737,,54100,12,,,0,101,,54101,12,,,0,100,,54109,12,,,0,100,,54102,12,,,0,100,,54103,12,,,0,100,,54104,12,,,0,100,,54105,12,,,0,101,,54106,12,,,0,100,,54107,12,,,0,99,,54108,12,,,0,100,,54096,12,,,0,99,,54097,12,,,0,100,,54095,12,,,0,100,,54099,12,,,0,100,,54098,12,,,0
7019,'1909',535,,54158,12,,,0,103,,54157,12,,,0,70,,54159,12,,,0,32,,54156,12,,,0,71,,54155,12,,,0,29,,54154,12,,,0,70,,54150,12,,,0,30,,54152,12,,,0,70,,54153,12,,,0,30,,54151,12,,,0,70,,54149,12,,,0,30,,54163,12,,,0,70,,54162,12,,,0,30,,54161,12,,,0,70,,54160,12,,,0,30,,54141,12,,,0,71,,54148,12,,,0,32,,54140,12,,,0,73,,54139,12,,,0,27,,54147,12,,,0,70,,54146,12,,,0,30,,54145,12,,,0,68,,54138,12,,,0,30,,54137,12,,,0,70,,54136,12,,,0,30,,54144,12,,,0,69,,54143,12,,,0,29,,54135,12,,,0,70,,54142,12,,,0,30,,54134,12,,,0,99,,54132,12,,,0,99,,54133,12,,,0,100,,54168,12,,,0
7019,'1910',638,,54181,12,,,0,69,,54174,12,,,0,30,,54182,12,,,0,70,,54175,12,,,0,32,,54183,12,,,0,70,,54176,12,,,0,30,,54184,12,,,0,70,,54177,12,,,0,30,,54185,12,,,0,70,,54178,12,,,0,30,,54186,12,,,0,70,,54179,12,,,0,30,,54187,12,,,0,70,,54180,12,,,0,30,,54188,12,,,0,70,,54193,12,,,0,30,,54189,12,,,0,70,,54195,12,,,0,30,,54190,12,,,0,70,,54194,12,,,0,30,,54191,12,,,0,70,,54196,12,,,0,30,,54192,12,,,0,70,,54199,12,,,0,29,,54169,12,,,0,70,,54197,12,,,0,30,,54170,12,,,0,70,,54198,12,,,0,30,,54171,12,,,0,99,,54172,12,,,0,100,,54173,12,,,0
7019,'1911',737,,54208,12,,,0,101,,54209,12,,,0,100,,54217,12,,,0,100,,54210,12,,,0,100,,54211,12,,,0,100,,54212,12,,,0,100,,54213,12,,,0,101,,54214,12,,,0,100,,54215,12,,,0,99,,54216,12,,,0,100,,54204,12,,,0,99,,54205,12,,,0,100,,54203,12,,,0,100,,54207,12,,,0,100,,54206,12,,,0
7019,'1912',737,,54243,12,,,0,101,,54244,12,,,0,100,,54252,12,,,0,100,,54245,12,,,0,100,,54246,12,,,0,100,,54247,12,,,0,100,,54248,12,,,0,101,,54249,12,,,0,100,,54250,12,,,0,99,,54251,12,,,0,100,,54239,12,,,0,99,,54240,12,,,0,100,,54238,12,,,0,100,,54242,12,,,0,100,,54241,12,,,0
