1019,'1907',601,,53000,2,,,0,100,,53001,2,,,0,100,,53002,2,,,0,100,,53003,2,,,0,100,,53004,2,,,0,100,,53005,2,,,0,100,,53006,2,,,0,100,,53007,2,,,0,100,,53008,2,,,0,100,,53009,2,,,0,100,,53010,2,,,0,100,,53011,2,,,0,100,,53012,2,,,0,100,,53013,2,,,0,100,,53014,2,,,0,100,,53015,2,,,0,100,,53016,2,,,0,100,,53017,2,,,0
1019,'1909',531,,53053,2,,,0,75,,53049,2,,,0,30,,53025,2,,,0,70,,53020,2,,,0,30,,53038,2,,,0,70,,53022,2,,,0,30,,53027,2,,,0,70,,53052,2,,,0,30,,53024,2,,,0,70,,53018,2,,,0,30,,53037,2,,,0,70,,53023,2,,,0,30,,53028,2,,,0,70,,53048,2,,,0,30,,53026,2,,,0,70,,53019,2,,,0,30,,53050,2,,,0,70,,53021,2,,,0,30,,53029,2,,,0,70,,53047,2,,,0,30,,53040,2,,,0,70,,53032,2,,,0,30,,53030,2,,,0,70,,53033,2,,,0,30,,53035,2,,,0,70,,53034,2,,,0,30,,53031,2,,,0,65,,53051,2,,,0,30,,53045,2,,,0,70,,53046,2,,,0,30,,53044,2,,,0,70,,53043,2,,,0,30,,53042,2,,,0,70,,53041,2,,,0,30,,53039,2,,,0,70,,53036,2,,,0
1019,'1910',531,,53089,2,,,0,70,,53078,2,,,0,30,,53064,2,,,0,70,,53083,2,,,0,30,,53073,2,,,0,70,,53058,2,,,0,30,,53079,2,,,0,70,,53081,2,,,0,30,,53063,2,,,0,70,,53084,2,,,0,30,,53072,2,,,0,70,,53057,2,,,0,30,,53067,2,,,0,70,,53077,2,,,0,30,,53062,2,,,0,70,,53085,2,,,0,30,,53071,2,,,0,70,,53056,2,,,0,30,,53066,2,,,0,70,,53076,2,,,0,30,,53061,2,,,0,70,,53086,2,,,0,30,,53070,2,,,0,70,,53055,2,,,0,30,,53065,2,,,0,70,,53075,2,,,0,30,,53059,2,,,0,70,,53087,2,,,0,30,,53068,2,,,0,70,,53054,2,,,0,30,,53060,2,,,0,70,,53074,2,,,0,30,,53069,2,,,0,70,,53088,2,,,0,30,,53082,2,,,0,70,,53080,2,,,0
1019,'1911',601,,53090,2,,,0,100,,53091,2,,,0,100,,53092,2,,,0,100,,53093,2,,,0,100,,53094,2,,,0,100,,53095,2,,,0,100,,53096,2,,,0,100,,53097,2,,,0,100,,53098,2,,,0,100,,53099,2,,,0,100,,53100,2,,,0,100,,53101,2,,,0,100,,53102,2,,,0,100,,53103,2,,,0,100,,53104,2,,,0,100,,53105,2,,,0,100,,53106,2,,,0,100,,53107,2,,,0
1019,'1912',601,,53108,2,,,0,100,,53109,2,,,0,100,,53110,2,,,0,100,,53111,2,,,0,100,,53112,2,,,0,100,,53113,2,,,0,100,,53114,2,,,0,100,,53115,2,,,0,100,,53116,2,,,0,100,,53117,2,,,0,100,,53118,2,,,0,100,,53119,2,,,0,100,,53120,2,,,0,100,,53121,2,,,0,100,,53122,2,,,0,100,,53123,2,,,0,100,,53124,2,,,0,100,,53125,2,,,0
2019,'1907',646,,53277,11,,,0,70,,53254,11,,,0,30,,53258,11,,,0,70,,53270,11,,,0,30,,53265,11,,,0,70,,53255,11,,,0,30,,53259,11,,,0,70,,53271,11,,,0,30,,53266,11,,,0,70,,53256,11,,,0,30,,53260,11,,,0,70,,53272,11,,,0,30,,53267,11,,,0,70,,53257,11,,,0,30,,53261,11,,,0,70,,53273,11,,,0,30,,53268,11,,,0,70,,53252,11,,,0,30,,53262,11,,,0,70,,53274,11,,,0,30,,53269,11,,,0,70,,53250,11,,,0,30,,53263,11,,,0,70,,53275,11,,,0,100,,53251,11,,,0,100,,53276,11,,,0,100,,53253,11,,,0,100,,53264,11,,,0,99,,53278,11,,,0
2019,'1909',443,,53310,2,0,5 2 13 14,0,173,,53279,11,,,0,30,,53280,11,,,0,70,,53281,11,,,0,30,,53282,11,,,0,70,,53283,11,,,0,30,,53284,11,,,0,70,,53301,11,,,0,30,,53302,11,,,0,70,,53303,11,,,0,30,,53304,11,,,0,70,,53305,11,,,0,30,,53306,11,,,0,70,,53307,11,,,0,30,,53308,11,,,0,70,,53309,11,,,0,30,,53299,11,,,0,70,,53300,11,,,0,30,,53285,11,,,0,70,,53286,11,,,0,30,,53287,11,,,0,70,,53288,11,,,0,30,,53289,11,,,0,70,,53290,11,,,0,30,,53291,11,,,0,70,,53292,11,,,0,30,,53298,11,,,0,70,,53293,11,,,0,100,,53294,11,,,0,100,,53295,11,,,0,100,,53296,11,,,0,100,,53297,11,,,0
2019,'1910',616,,53311,2,,,0,30,,53318,11,,,0,70,,53327,11,,,0,30,,53334,11,,,0,70,,53312,11,,,0,30,,53319,11,,,0,70,,53328,11,,,0,30,,53335,11,,,0,70,,53313,11,,,0,30,,53320,11,,,0,70,,53329,11,,,0,30,,53336,11,,,0,70,,53314,11,,,0,30,,53321,11,,,0,70,,53330,11,,,0,30,,53337,11,,,0,70,,53315,11,,,0,30,,53322,11,,,0,70,,53331,11,,,0,30,,53338,11,,,0,70,,53316,11,,,0,30,,53323,11,,,0,70,,53332,11,,,0,30,,53339,11,,,0,70,,53317,11,,,0,30,,53324,11,,,0,70,,53333,11,,,0,100,,53325,11,,,0,100,,53340,11,,,0,100,,53326,11,,,0,100,,53341,11,,,0
2019,'1911',646,,53369,11,,,0,70,,53346,11,,,0,30,,53350,11,,,0,70,,53362,11,,,0,30,,53357,11,,,0,70,,53347,11,,,0,30,,53351,11,,,0,70,,53363,11,,,0,30,,53358,11,,,0,70,,53348,11,,,0,30,,53352,11,,,0,70,,53364,11,,,0,30,,53359,11,,,0,70,,53349,11,,,0,30,,53353,11,,,0,70,,53365,11,,,0,30,,53360,11,,,0,70,,53344,11,,,0,30,,53354,11,,,0,70,,53366,11,,,0,30,,53361,11,,,0,70,,53342,11,,,0,30,,53355,11,,,0,70,,53367,11,,,0,100,,53343,11,,,0,100,,53368,11,,,0,100,,53345,11,,,0,100,,53356,11,,,0,99,,53370,11,,,0
2019,'1912',646,,53398,11,,,0,70,,53375,11,,,0,30,,53379,11,,,0,70,,53391,11,,,0,30,,53386,11,,,0,70,,53376,11,,,0,30,,53380,11,,,0,70,,53392,11,,,0,30,,53387,11,,,0,70,,53377,11,,,0,30,,53381,11,,,0,70,,53393,11,,,0,30,,53388,11,,,0,70,,53378,11,,,0,30,,53382,11,,,0,70,,53394,11,,,0,30,,53389,11,,,0,70,,53373,11,,,0,30,,53383,11,,,0,70,,53395,11,,,0,30,,53390,11,,,0,70,,53371,11,,,0,30,,53384,11,,,0,70,,53396,11,,,0,100,,53372,11,,,0,100,,53397,11,,,0,100,,53374,11,,,0,100,,53385,11,,,0,99,,53399,11,,,0
609,'1909',631,,53929,2,0,18 7,0,70,,53914,2,0,18 7,0,30,,53920,2,0,18 7,0,70,,53935,2,0,18 7,0,30,,53904,2,0,18 7,0,70,,53938,2,0,18 7,0,30,,53906,2,0,18 7,0,70,,53909,2,0,18 7,0,30,,53930,2,0,18 7,0,70,,53931,2,0,18 7,0,30,,53928,2,0,18 7,0,70,,53922,2,0,18 7,0,30,,53926,2,0,18 7,0,70,,53917,2,0,18 7,0,30,,53923,2,0,18 7,0,70,,53916,2,0,18 7,0,30,,53911,2,0,18 7,0,70,,53905,2,0,18 7,0,30,,53918,2,0,18 7,0,70,,53910,2,0,18 7,0,30,,53959,2,0,18 7,0,70,,53919,2,0,18 7,0,30,,53907,2,0,18 7,0,70,,53936,2,0,18 7,0,30,,53908,2,0,18 7,0,71,,53957,2,0,18 7,0,98,,53921,2,0,18 7,0,100,,53958,2,0,18 7,0,100,,53913,2,0,18 7,0,100,,53962,2,0,18 7,0
609,'1910',630,,53993,2,0,18 7,0,70,,53975,2,0,18 7,0,30,,54007,2,0,18 7,0,70,,53974,2,0,18 7,0,30,,53992,2,0,18 7,0,70,,53973,2,0,18 7,0,30,,54006,2,0,18 7,0,70,,53972,2,0,18 7,0,30,,53991,2,0,18 7,0,70,,53971,2,0,18 7,0,30,,54005,2,0,18 7,0,70,,53970,2,0,18 7,0,30,,53990,2,0,18 7,0,70,,53968,2,0,18 7,0,30,,53989,2,0,18 7,0,70,,53964,2,0,18 7,0,30,,54018,2,0,18 7,0,70,,53988,2,0,18 7,0,30,,53966,2,0,18 7,0,70,,54001,2,0,18 7,0,30,,53965,2,0,18 7,0,70,,54002,2,0,18 7,0,30,,53967,2,0,18 7,0,70,,54003,2,0,18 7,0,30,,53969,2,0,18 7,0,70,,54004,2,0,18 7,0
12019,'1909',626,,54873,2,,,0,30,,54876,2,,,0,70,,54869,2,,,0,30,,54877,2,,,0,70,,54878,2,,,0,30,,54875,2,0,5 2 12,0,70,,54864,2,0,5 2 12,0,30,,54865,2,0,5 2 12,0,70,,54855,2,0,5 2 12,0,30,,54856,2,0,5 2 12,0,70,,54857,2,0,5 2 12,0,30,,54858,2,0,5 2 12,0,70,,54859,2,0,5 2 12,0,30,,54860,2,0,5 2 12,0,70,,54861,2,0,5 2 12,0,30,,54862,2,0,5 2 12,0,70,,54863,2,,,0,30,,54872,2,,,0,70,,54868,2,,,0,30,,54870,2,,,0,70,,54867,2,,,0,30,,54871,2,,,0,70,,54866,2,,,0,30,,54874,2,,,0
14000001019,'1907',2411,,58765,18,,,0,30,,58764,18,,,0,70,,58763,18,,,0,30,,58766,18,,,0,70,,58767,18,,,0
14000001019,'1909',2411,,58771,18,,,0,30,,58768,18,,,0,70,,58769,18,,,0,30,,58770,18,,,0,70,,58772,18,,,0
14000001019,'1910',2411,,58776,18,,,0,30,,58773,18,,,0,70,,58775,18,,,0,30,,58774,18,,,0,70,,58777,18,,,0
14000001019,'1911',2411,,58780,18,,,0,30,,58779,18,,,0,70,,58778,18,,,0,30,,58781,18,,,0,70,,58782,18,,,0
14000001019,'1912',2411,,58785,18,,,0,30,,58784,18,,,0,70,,58783,18,,,0,30,,58786,18,,,0,70,,58787,18,,,0
