13019,'1907',819,,54917,25,,,0,100,,54904,25,,,0,100,,54905,25,,,0,101,,54906,25,,,0,101,,54907,25,,,0,101,,54908,25,,,0,100,,54909,25,,,0,100,,54910,25,,,0,100,,54911,25,,,0,98,,54912,25,,,0,99,,54913,25,,,0,100,,54914,25,,,0,100,,54915,25,,,0,100,,54916,25,,,0,100,,54903,25,,,0
13019,'1909',630,,54918,25,,,0,70,,54919,25,,,0,30,,54920,25,,,0,70,,54921,25,,,0,56,,54922,25,,,0,101,,54923,25,,,0,100,,54924,25,,,0,100,,54925,25,,,0,100,,54926,25,,,0,100,,54927,25,,,0,70,,54928,25,,,0,32,,54929,25,,,0,70,,54930,25,,,0,30,,54941,25,,,0,70,,54931,25,,,0,30,,54938,25,,,0,70,,54932,25,,,0,28,,54939,25,,,0,100,,54940,25,,,0,100,,54937,25,,,0,99,,54936,25,,,0,98,,54935,25,,,0,71,,54933,4,,,0,29,,54934,25,,,0
13019,'1910',719,,54942,25,,,0,100,,54943,25,,,0,100,,54944,25,,,0,100,,54945,25,,,0,104,,54946,25,,,0,100,,54947,25,,,0,100,,54948,25,,,0,100,,54949,25,,,0,100,,54950,25,,,0,100,,54951,25,,,0,99,,54952,25,,,0,99,,54953,25,,,0,99,,54954,25,,,0,99,,54955,25,,,0,100,,54956,25,,,0,200,,54957,25,,,0
13019,'1911',819,,54972,25,,,0,100,,54959,25,,,0,100,,54960,25,,,0,101,,54961,25,,,0,101,,54962,25,,,0,101,,54963,25,,,0,100,,54964,25,,,0,100,,54965,25,,,0,100,,54966,25,,,0,98,,54967,25,,,0,99,,54968,25,,,0,100,,54969,25,,,0,100,,54970,25,,,0,100,,54971,25,,,0,100,,54958,25,,,0
13019,'1912',819,,54987,25,,,0,100,,54974,25,,,0,100,,54975,25,,,0,101,,54976,25,,,0,101,,54977,25,,,0,101,,54978,25,,,0,100,,54979,25,,,0,100,,54980,25,,,0,100,,54981,25,,,0,98,,54982,25,,,0,99,,54983,25,,,0,100,,54984,25,,,0,100,,54985,25,,,0,100,,54986,25,,,0,100,,54973,25,,,0
15029,'1907',754,,55175,75,,,0,95,,55181,75,,,0,100,,55174,75,,,0,100,,55173,75,,,0,103,,55180,75,,,0,100,,55178,75,,,0,100,,55177,75,,,0,102,,55172,75,,,0,100,,55170,75,,,0,98,,55171,75,,,0,99,,55176,75,,,0,99,,55182,75,,,0,100,,55179,75,,,0,100,,55183,75,,,0
15029,'1909',625,,55184,35,,,0,20,,55185,35,,,0,72,,55186,75,,,0,38,,55187,75,,,0,70,,55188,75,,,0,31,,55189,75,,,0,71,,55190,75,,,0,28,,55191,75,,,0,68,,55192,75,,,0,30,,55193,75,,,0,70,,55194,75,,,0,30,,55195,75,,,0,70,,55196,75,,,0,30,,55197,75,,,0,70,,55198,75,,,0,30,,55199,75,,,0,70,,55200,75,,,0,32,,55201,75,,,0,74,,55202,75,,,0,73,,55203,75,,,0,33,,55204,75,,,0,68,,55205,75,,,0,26,,55206,75,,,0,26,,55207,75,,,0,68,,55208,75,,,0,27,,55209,75,,,0,69,,55210,75,,,0,30,,55211,75,,,0,70,,55212,75,,,0,30,,55216,75,,,0,69,,55213,75,,,0,97,,55214,75,,,0,100,,55215,75,,,0
15029,'1910',619,,55231,35,,,0,138,,55219,75,,,0,93,,55220,75,,,0,100,,55221,75,,,0,103,,55222,75,,,0,101,,55223,75,,,0,100,,55224,75,,,0,100,,55225,75,,,0,104,,55226,75,,,0,100,,55227,75,,,0,99,,55228,75,,,0,100,,55229,75,,,0,100,,55230,75,,,0,94,,55217,75,,,0,100,,55218,75,,,0
15029,'1911',754,,55237,75,,,0,95,,55243,75,,,0,100,,55236,75,,,0,100,,55235,75,,,0,103,,55242,75,,,0,100,,55240,75,,,0,100,,55239,75,,,0,102,,55234,75,,,0,100,,55232,75,,,0,98,,55233,75,,,0,99,,55238,75,,,0,99,,55244,75,,,0,100,,55241,75,,,0,100,,55245,75,,,0
15029,'1912',754,,55251,75,,,0,95,,55257,75,,,0,100,,55250,75,,,0,100,,55249,75,,,0,103,,55256,75,,,0,100,,55254,75,,,0,100,,55253,75,,,0,102,,55248,75,,,0,100,,55246,75,,,0,98,,55247,75,,,0,99,,55252,75,,,0,99,,55258,75,,,0,100,,55255,75,,,0,100,,55259,75,,,0
19019,'1907',623,,55495,18,,,0,112,,55487,18,,,0,100,,55486,18,,,0,70,,55491,18,,,0,30,,55490,18,,,0,70,,55483,18,,,0,31,,55482,18,,,0,71,,55480,18,,,0,31,,55500,18,,,0,70,,55498,18,,,0,30,,55496,18,,,0,70,,55492,18,,,0,30,,55508,18,,,0,70,,55489,18,,,0,31,,55488,18,,,0,70,,55485,18,,,0,30,,55484,18,,,0,70,,55481,18,,,0,30,,55501,18,,,0,68,,55499,18,,,0,29,,55497,18,,,0,70,,55494,18,,,0,30,,55493,18,,,0,70,,55503,18,,,0,30,,55502,18,,,0,70,,55504,18,,,0,45,,55507,18,,,0,100,,55505,18,,,0,100,,55506,18,,,0,85,,55509,18,,,0
19019,'1909',838,,55529,18,,,0,70,,55514,18,,,0,30,,55515,18,,,0,70,,55512,18,,,0,30,,55530,18,,,0,70,,55513,18,,,0,30,,55520,18,,,0,70,,55510,18,,,0,30,,55528,18,,,0,70,,55516,18,,,0,30,,55517,18,,,0,70,,55519,18,,,0,31,,55518,18,,,0,72,,55511,18,,,0,30,,55531,18,,,0,297,,55527,18,,,0,70,,55521,18,,,0,30,,55522,18,,,0,99,,55526,18,,,0,100,,55525,18,,,0,100,,55523,18,,,0,100,,55524,18,,,0
19019,'1910',636,,55535,18,,,0,70,,55548,18,,,0,30,,55539,18,,,0,70,,55554,18,,,0,30,,55558,18,,,0,70,,55542,18,,,0,30,,55532,18,,,0,70,,55557,18,,,0,33,,55537,18,,,0,70,,55552,18,,,0,30,,55541,18,,,0,70,,55555,18,,,0,30,,55534,18,,,0,70,,55550,18,,,0,30,,55536,18,,,0,70,,55553,18,,,0,30,,55538,18,,,0,70,,55560,18,,,0,30,,55547,18,,,0,70,,55549,18,,,0,30,,55533,18,,,0,70,,55551,18,,,0,30,,55559,18,,,0,70,,55546,18,,,0,30,,55540,18,,,0,70,,55556,18,,,0,27,,55544,18,,,0,70,,55563,18,,,0,40,,55561,18,,,0,75,,55545,18,,,0,100,,55562,18,,,0,95,,55543,18,,,0,20,,55564,18,,,0
19019,'1911',623,,55580,18,,,0,112,,55572,18,,,0,100,,55571,18,,,0,70,,55576,18,,,0,30,,55575,18,,,0,70,,55568,18,,,0,31,,55567,18,,,0,71,,55565,18,,,0,31,,55585,18,,,0,70,,55583,18,,,0,30,,55581,18,,,0,70,,55577,18,,,0,30,,55593,18,,,0,70,,55574,18,,,0,31,,55573,18,,,0,70,,55570,18,,,0,30,,55569,18,,,0,70,,55566,18,,,0,30,,55586,18,,,0,68,,55584,18,,,0,29,,55582,18,,,0,70,,55579,18,,,0,30,,55578,18,,,0,70,,55588,18,,,0,30,,55587,18,,,0,70,,55589,18,,,0,45,,55592,18,,,0,100,,55590,18,,,0,100,,55591,18,,,0,85,,55594,18,,,0
19019,'1912',623,,55610,18,,,0,112,,55602,18,,,0,100,,55601,18,,,0,70,,55606,18,,,0,30,,55605,18,,,0,70,,55598,18,,,0,31,,55597,18,,,0,71,,55595,18,,,0,31,,55615,18,,,0,70,,55613,18,,,0,30,,55611,18,,,0,70,,55607,18,,,0,30,,55623,18,,,0,70,,55604,18,,,0,31,,55603,18,,,0,70,,55600,18,,,0,30,,55599,18,,,0,70,,55596,18,,,0,30,,55616,18,,,0,68,,55614,18,,,0,29,,55612,18,,,0,70,,55609,18,,,0,30,,55608,18,,,0,70,,55618,18,,,0,30,,55617,18,,,0,70,,55619,18,,,0,45,,55622,18,,,0,100,,55620,18,,,0,100,,55621,18,,,0,85,,55624,18,,,0
10019019,'1909',612,,58709,11,,,0,25,,58718,11,,,0,70,,58716,11,,,0,32,,58717,11,,,0,70,,58719,11,,,0,803,,58714,11,,,0,30,,58712,11,,,0,70,,58710,11,,,0,28,,58715,11,,,0,69,,58711,11,,,0,210,,58713,11,,,0
