22019,'1907',656,,55639,9,0,19 2 36 26,0,100,,55638,9,0,19 2 36 26,0,100,,55632,11,,,0,93,,55633,11,,,0,100,,55626,11,,,0,100,,55631,11,,,0,100,,55627,11,,,0,100,,55628,11,,,0,100,,55625,11,,,0,100,,55629,11,,,0,100,,55630,11,,,0,100,,55634,9,0,19 2 36 26,0,100,,55635,9,0,19 2 36 26,0,100,,55636,9,0,19 2 36 26,0,107,,55637,9,0,19 2 36 26,0
22019,'1909',602,,60496,9,0,19 2 36 26,0,52,,55640,9,0,19 2 36 26,0,70,,55641,9,0,19 2 36 26,0,35,,60479,11,,,0,70,,60480,11,,,0,72,,60481,11,,,0,29,,55645,11,,,0,70,,55646,11,,,0,30,,60482,11,,,0,70,,55648,11,,,0,30,,55649,11,,,0,70,,55650,11,,,0,30,,55651,11,,,0,70,,55652,11,,,0,30,,55653,11,,,0,70,,55654,11,,,0,30,,60483,11,,,0,73,,60484,11,,,0,29,,60485,11,,,0,69,,60495,11,,,0,30,,60486,11,,,0,28,,60487,11,,,0,68,,60488,11,,,0,29,,60489,11,,,0,69,,60490,11,,,0,30,,60491,11,,,0,70,,60492,11,,,0,30,,55665,11,,,0,69,,60493,11,,,0,30,,60494,11,,,0,68,,55668,9,0,19 2 36 26,0
22019,'1910',628,,55701,9,0,19 2 36 26,0,23,,55694,9,0,19 2 36 26,0,70,,55690,9,0,19 2 36 26,0,30,,55695,9,0,19 2 36 26,0,70,,55691,9,0,19 2 36 26,0,31,,55671,11,,,0,72,,55672,11,,,0,30,,55673,11,,,0,70,,55674,11,,,0,30,,55675,11,,,0,70,,55676,11,,,0,30,,55677,11,,,0,70,,55678,11,,,0,31,,55679,11,,,0,70,,55680,11,,,0,30,,55681,11,,,0,70,,55682,11,,,0,31,,55683,11,,,0,70,,55684,11,,,0,30,,55685,11,,,0,70,,55686,11,,,0,29,,55687,11,,,0,70,,55688,11,,,0,29,,55696,9,0,19 2 36 26,0,70,,55692,9,0,19 2 36 26,0,30,,55697,9,0,19 2 36 26,0,68,,55689,9,0,19 2 36 26,0,30,,55698,9,0,19 2 36 26,0,69,,55693,9,0,19 2 36 26,0,30,,55699,9,0,19 2 36 26,0,70,,55700,9,0,19 2 36 26,0
22019,'1912',656,,55731,9,0,19 2 36 26,0,100,,55730,9,0,19 2 36 26,0,100,,55724,11,,,0,93,,55725,11,,,0,100,,55718,11,,,0,100,,55723,11,,,0,100,,55719,11,,,0,100,,55720,11,,,0,100,,55717,11,,,0,100,,55721,11,,,0,100,,55722,11,,,0,100,,55726,9,0,19 2 36 26,0,100,,55727,9,0,19 2 36 26,0,100,,55728,9,0,19 2 36 26,0,107,,55729,9,0,19 2 36 26,0
22019,'1924',656,,55716,9,0,19 2 36 26,0,100,,55715,9,0,19 2 36 26,0,100,,55709,11,,,0,93,,55710,11,,,0,100,,55703,11,,,0,100,,55708,11,,,0,100,,55704,11,,,0,100,,55705,11,,,0,100,,55702,11,,,0,100,,55706,11,,,0,100,,55707,11,,,0,100,,55711,9,0,19 2 36 26,0,100,,55712,9,0,19 2 36 26,0,100,,55713,9,0,19 2 36 26,0,107,,55714,9,0,19 2 36 26,0
22019,'1925',656,,60511,9,0,19 2 36 26,0,100,,60510,9,0,19 2 36 26,0,100,,60504,11,,,0,93,,60505,11,,,0,100,,60498,11,,,0,100,,60503,11,,,0,100,,60499,11,,,0,100,,60500,11,,,0,100,,60497,11,,,0,100,,60501,11,,,0,100,,60502,11,,,0,100,,60506,9,0,19 2 36 26,0,100,,60507,9,0,19 2 36 26,0,100,,60508,9,0,19 2 36 26,0,107,,60509,9,0,19 2 36 26,0
602019,'1907',634,,57299,13,,,0,67,,57295,14,,,0,30,,57294,14,,,0,70,,57293,14,,,0,30,,57289,14,,,0,70,,57288,14,,,0,30,,57286,14,,,0,70,,57285,14,,,0,30,,57291,14,,,0,70,,57292,14,,,0,31,,57290,14,,,0,71,,57287,14,,,0,30,,57284,14,,,0,70,,57281,14,,,0,30,,57280,14,,,0,70,,57279,14,,,0,30,,57278,14,,,0,70,,57269,14,,,0,30,,57271,14,,,0,70,,57277,14,,,0,30,,57276,14,,,0,70,,57273,14,,,0,30,,57272,14,,,0,70,,57267,14,,,0,30,,57266,14,,,0,70,,57274,14,,,0,30,,57275,14,,,0,70,,57268,14,,,0,30,,57270,14,,,0,70,,57265,14,,,0,30,,57296,14,,,0,70,,57298,14,,,0,30,,57282,14,,,0,70,,57283,14,,,0,30,,57297,14,,,0
602019,'1909',621,,61353,13,,,0,28,,61343,13,0,19 2 11 2 36 26,0,60,,61374,13,0,19 2 11 2 36 26,0,15,,57316,13,0,19 2 11 2 36 26,0,15,,61342,13,0,19 2 11 2 36 26,0,15,,57306,13,0,19 2 11 2 36 26,0,55,,61352,13,0,19 2 11 2 36 26,0,15,,57311,13,0,19 2 11 2 36 26,0,15,,61354,13,0,19 2 11 2 36 26,0,15,,57307,13,0,19 2 11 2 36 26,0,57,,61369,14,,,0,22,,61366,13,,,0,70,,61367,13,,,0,30,,61365,13,,,0,70,,61364,13,,,0,30,,61363,13,,,0,70,,61362,13,,,0,30,,61368,13,,,0,70,,61361,13,,,0,30,,61339,13,,,0,70,,61340,13,,,0,28,,61341,13,,,0,26,,61350,13,0,19 2 11 2 36 26,0,53,,57321,13,0,19 2 11 2 36 26,0,15,,61351,13,0,19 2 11 2 36 26,0,15,,57320,13,0,19 2 11 2 36 26,0,15,,61345,13,0,19 2 11 2 36 26,0,55,,57319,13,0,19 2 11 2 36 26,0,15,,61349,13,0,19 2 11 2 36 26,0,15,,57323,13,0,19 2 11 2 36 26,0,14,,61348,13,0,19 2 11 2 36 26,0,54,,57318,13,0,19 2 11 2 36 26,0,14,,61346,13,0,19 2 11 2 36 26,0,15,,57322,13,0,19 2 11 2 36 26,0,15,,61344,13,0,19 2 11 2 36 26,0,55,,57325,13,0,19 2 11 2 36 26,0,15,,61347,13,0,19 2 11 2 36 26,0,18,,57341,14,,,0,17,,61360,14,,,0,70,,61355,14,,,0,12,,57345,14,,,0,18,,61359,14,,,0,70,,61358,14,,,0,30,,61356,14,,,0,70,,61357,14,,,0,30,,61370,14,,,0,70,,61373,14,,,0,30,,61371,14,,,0,76,,61372,14,,,0
602019,'1910',636,,57383,13,,,0,67,,57381,14,,,0,30,,57382,14,,,0,70,,57372,14,,,0,30,,57373,14,,,0,70,,57371,14,,,0,31,,57370,14,,,0,70,,57369,14,,,0,30,,57368,14,,,0,70,,57379,14,,,0,30,,57378,14,,,0,70,,57377,14,,,0,30,,57376,14,,,0,70,,57375,14,,,0,30,,57374,14,,,0,70,,57366,14,,,0,30,,57367,14,,,0,70,,57380,14,,,0,30,,57365,14,,,0,70,,57364,14,,,0,30,,57363,14,,,0,70,,57362,14,,,0,30,,57361,14,,,0,70,,57359,14,,,0,30,,57360,14,,,0,70,,57358,14,,,0,30,,57351,14,,,0,70,,57352,14,,,0,29,,57350,14,,,0,70,,57353,14,,,0,30,,57356,14,,,0,70,,57357,14,,,0,30,,57355,14,,,0,70,,57354,14,,,0,28,,57349,14,,,0
602019,'1912',2233,,57419,14,,,0,70,,57420,14,,,0,30,,57421,14,,,0
602019,'1924',634,,57418,13,,,0,67,,57414,14,,,0,30,,57413,14,,,0,70,,57412,14,,,0,30,,57408,14,,,0,70,,57407,14,,,0,30,,57405,14,,,0,70,,57404,14,,,0,30,,57410,14,,,0,70,,57411,14,,,0,31,,57409,14,,,0,71,,57406,14,,,0,30,,57403,14,,,0,70,,57400,14,,,0,30,,57399,14,,,0,70,,57398,14,,,0,30,,57397,14,,,0,70,,57388,14,,,0,30,,57390,14,,,0,70,,57396,14,,,0,30,,57395,14,,,0,70,,57392,14,,,0,30,,57391,14,,,0,70,,57386,14,,,0,30,,57385,14,,,0,70,,57393,14,,,0,30,,57394,14,,,0,70,,57387,14,,,0,30,,57389,14,,,0,70,,57384,14,,,0,30,,57415,14,,,0,70,,57417,14,,,0,30,,57401,14,,,0,70,,57402,14,,,0,30,,57416,14,,,0
602019,'1925',2133,,61377,14,,,0,70,,61379,14,,,0,30,,61375,14,,,0,70,,61376,14,,,0,30,,61378,14,,,0
