2029,'1907',622,,59290,22,,,0,30,,59298,22,,,0,68,,59309,22,,,0,30,,59304,22,,,0,70,,59291,22,,,0,30,,59299,22,,,0,71,,59310,22,,,0,30,,59305,22,,,0,55,,53432,7,0,12,0,15,,59292,22,,,0,30,,59300,22,,,0,70,,59311,22,,,0,30,,59306,22,,,0,70,,59293,22,,,0,30,,59301,22,,,0,70,,59312,22,,,0,30,,59307,22,,,0,70,,59294,22,,,0,30,,59302,22,,,0,70,,59313,22,,,0,30,,59308,22,,,0,70,,59295,22,,,0,30,,59303,22,,,0,70,,59314,22,,,0,100,,59296,22,,,0,97,,59315,22,,,0,100,,59297,22,,,0,101,,59316,22,,,0,100,,59289,22,,,0
2029,'1909',526,,59338,7,,,0,25,,59321,22,,,0,70,,59322,22,,,0,26,,59323,22,,,0,72,,59324,22,,,0,28,,59325,22,,,0,70,,59326,22,,,0,30,,59327,22,,,0,72,,59328,22,,,0,30,,59329,22,,,0,70,,59352,22,,,0,30,,59348,22,,,0,70,,59354,22,,,0,30,,59350,22,,,0,70,,59351,22,,,0,30,,59347,22,,,0,70,,59353,22,,,0,30,,59349,22,,,0,70,,59355,22,,,0,32,,59330,22,,,0,74,,59331,22,,,0,30,,59332,22,,,0,70,,59333,22,,,0,30,,59334,22,,,0,70,,59335,22,,,0,28,,59336,22,,,0,67,,59337,22,,,0,30,,59341,22,,,0,70,,59342,22,,,0,100,,59343,22,,,0,100,,59344,22,,,0,100,,59340,22,,,0
2029,'1910',552,,59387,22,0,5 2 15 16 17,0,70,,59370,22,,,0,30,,59377,22,,,0,68,,59356,22,,,0,30,,59362,22,,,0,70,,59371,22,,,0,30,,59378,22,,,0,71,,59357,22,,,0,30,,59363,22,,,0,70,,59372,22,,,0,30,,59379,22,,,0,70,,59358,22,,,0,30,,59364,22,,,0,70,,59373,22,,,0,30,,59380,22,,,0,70,,59359,22,,,0,30,,59365,22,,,0,70,,59374,22,,,0,30,,59381,22,,,0,70,,59360,22,,,0,30,,59366,22,,,0,70,,59375,22,,,0,30,,59382,22,,,0,70,,59361,22,,,0,30,,59367,22,,,0,70,,59376,22,,,0,30,,59383,22,,,0,69,,59368,22,,,0,100,,59384,22,,,0,100,,59369,22,,,0,100,,59385,22,,,0
2029,'1912',622,,59391,22,,,0,30,,59399,22,,,0,68,,59410,22,,,0,30,,59405,22,,,0,70,,59392,22,,,0,30,,59400,22,,,0,71,,59411,22,,,0,30,,59406,22,,,0,55,,53567,7,0,12,0,15,,59393,22,,,0,30,,59401,22,,,0,70,,59412,22,,,0,30,,59407,22,,,0,70,,59394,22,,,0,30,,59402,22,,,0,70,,59413,22,,,0,30,,59408,22,,,0,70,,59395,22,,,0,30,,59403,22,,,0,70,,59414,22,,,0,30,,59409,22,,,0,70,,59396,22,,,0,30,,59404,22,,,0,70,,59415,22,,,0,100,,59397,22,,,0,97,,59416,22,,,0,100,,59398,22,,,0,101,,59417,22,,,0,100,,59390,22,,,0
2029,'1924',622,,59423,22,,,0,30,,59431,22,,,0,68,,59442,22,,,0,30,,59437,22,,,0,70,,59424,22,,,0,30,,59432,22,,,0,71,,59443,22,,,0,30,,59438,22,,,0,55,,53534,7,0,12,0,15,,59425,22,,,0,30,,59433,22,,,0,70,,59444,22,,,0,30,,59439,22,,,0,70,,59426,22,,,0,30,,59434,22,,,0,70,,59445,22,,,0,30,,59440,22,,,0,70,,59427,22,,,0,30,,59435,22,,,0,70,,59446,22,,,0,30,,59441,22,,,0,70,,59428,22,,,0,30,,59436,22,,,0,70,,59447,22,,,0,100,,59429,22,,,0,97,,59448,22,,,0,100,,59430,22,,,0,101,,59449,22,,,0,100,,59422,22,,,0
2029,'1925',622,,59455,22,,,0,30,,59463,22,,,0,68,,59474,22,,,0,30,,59469,22,,,0,70,,59456,22,,,0,30,,59464,22,,,0,71,,59475,22,,,0,30,,59470,22,,,0,55,,59486,7,0,12,0,15,,59457,22,,,0,30,,59465,22,,,0,70,,59476,22,,,0,30,,59471,22,,,0,70,,59458,22,,,0,30,,59466,22,,,0,70,,59477,22,,,0,30,,59472,22,,,0,70,,59459,22,,,0,30,,59467,22,,,0,70,,59478,22,,,0,30,,59473,22,,,0,70,,59460,22,,,0,30,,59468,22,,,0,70,,59479,22,,,0,100,,59461,22,,,0,97,,59480,22,,,0,100,,59462,22,,,0,101,,59481,22,,,0,100,,59454,22,,,0
14000001029,'1907',534,,61816,7,0,18 7,0,1811,,61810,7,,,0,69,,61814,7,,,0,30,,61815,7,,,0,70,,61812,7,,,0,30,,61813,7,,,0,70,,61811,7,,,0
14000001029,'1909',432,,61817,7,0,18 7,0,102,,61818,7,0,18 7,0,1811,,61820,7,,,0,69,,61821,7,,,0,30,,61824,7,,,0,70,,61819,7,,,0,30,,61822,7,,,0,70,,61823,7,,,0
14000001029,'1910',534,,61829,7,0,18 7,0,1811,,61831,7,,,0,69,,61826,7,,,0,30,,61825,7,,,0,70,,61827,7,,,0,30,,61830,7,,,0,70,,61828,7,,,0
14000001029,'1912',534,,61838,7,0,18 7,0,1811,,61832,7,,,0,69,,61836,7,,,0,30,,61837,7,,,0,70,,61834,7,,,0,30,,61835,7,,,0,70,,61833,7,,,0
14000001029,'1924',534,,61845,7,0,18 7,0,1811,,61839,7,,,0,69,,61843,7,,,0,30,,61844,7,,,0,70,,61841,7,,,0,30,,61842,7,,,0,70,,61840,7,,,0
14000001029,'1925',534,,61852,7,0,18 7,0,1811,,61846,7,,,0,69,,61850,7,,,0,30,,61851,7,,,0,70,,61848,7,,,0,30,,61849,7,,,0,70,,61847,7,,,0
