609,'1907',840,,53892,12,0,5 2 6 7,0,100,,53893,12,0,5 2 6 7,0,100,,53894,12,0,5 2 6 7,0,100,,53895,12,0,5 2 6 7,0,102,,53896,12,0,5 2 6 7,0,100,,53897,12,0,5 2 6 7,0,100,,53898,12,0,5 2 6 7,0,100,,53899,12,0,5 2 6 7,0,100,,53900,12,0,5 2 6 7,0,100,,53901,12,0,5 2 6 7,0,98,,53902,12,0,5 2 6 7,0,100,,53903,12,0,5 2 6 7,0
609,'1909',620,,53961,12,0,15 16 17,0,35,,53915,12,0,15 16 17,0,72,,53912,12,0,15 16 17,0,30,,53925,12,0,15 16 17,0,70,,53927,12,0,15 16 17,0,30,,53937,12,0,15 16 17,0,70,,53960,12,0,15 16 17,0,30,,53924,12,0,15 16 17,0,70,,53933,12,0,15 16 17,0,30,,53934,12,0,15 16 17,0,70,,53932,12,0,15 16 17,0,30,,53956,12,0,15 16 17,0,70,,53955,12,0,15 16 17,0,30,,53952,12,0,15 16 17,0,70,,53953,12,0,15 16 17,0,30,,53954,12,0,15 16 17,0,70,,53951,12,0,15 16 17,0,30,,53949,12,0,15 16 17,0,70,,53950,12,0,15 16 17,0,30,,53948,12,0,15 16 17,0,70,,53946,12,0,15 16 17,0,30,,53945,12,0,15 16 17,0,70,,53947,12,0,15 16 17,0,28,,53944,12,0,15 16 17,0,65,,53943,12,0,15 16 17,0,30,,53942,12,0,15 16 17,0,90,,53940,12,0,15 16 17,0,100,,53941,12,0,15 16 17,0,100,,53939,12,0,15 16 17,0,100,,53963,12,0,15 16 17,0
609,'1910',611,,54020,12,0,15 16 17,0,30,,53999,12,0,15 16 17,0,70,,53987,12,0,15 16 17,0,30,,54013,12,0,15 16 17,0,70,,53986,12,0,15 16 17,0,30,,53998,12,0,15 16 17,0,70,,53985,12,0,15 16 17,0,28,,54012,12,0,15 16 17,0,70,,53984,12,0,15 16 17,0,30,,53997,12,0,15 16 17,0,73,,53983,12,0,15 16 17,0,30,,54011,12,0,15 16 17,0,70,,53982,12,0,15 16 17,0,30,,53996,12,0,15 16 17,0,70,,53981,12,0,15 16 17,0,30,,54010,12,0,15 16 17,0,70,,53980,12,0,15 16 17,0,30,,53995,12,0,15 16 17,0,70,,53979,12,0,15 16 17,0,30,,54009,12,0,15 16 17,0,70,,53978,12,0,15 16 17,0,30,,53994,12,0,15 16 17,0,70,,53977,12,0,15 16 17,0,30,,54016,12,0,15 16 17,0,70,,54000,12,0,15 16 17,0,30,,54014,12,0,15 16 17,0,68,,54017,12,0,5 2 6 7,0,100,,54008,12,0,5 2 6 7,0,100,,54021,12,0,5 2 6 7,0
609,'1911',840,,54047,12,0,5 2 6 7,0,100,,54048,12,0,5 2 6 7,0,100,,54049,12,0,5 2 6 7,0,100,,54050,12,0,5 2 6 7,0,102,,54051,12,0,5 2 6 7,0,100,,54052,12,0,5 2 6 7,0,100,,54053,12,0,5 2 6 7,0,100,,54054,12,0,5 2 6 7,0,100,,54055,12,0,5 2 6 7,0,100,,54056,12,0,5 2 6 7,0,98,,54057,12,0,5 2 6 7,0,100,,54058,12,0,5 2 6 7,0
609,'1912',840,,54083,12,0,5 2 6 7,0,100,,54084,12,0,5 2 6 7,0,100,,54085,12,0,5 2 6 7,0,100,,54086,12,0,5 2 6 7,0,102,,54087,12,0,5 2 6 7,0,100,,54088,12,0,5 2 6 7,0,100,,54089,12,0,5 2 6 7,0,100,,54090,12,0,5 2 6 7,0,100,,54091,12,0,5 2 6 7,0,100,,54092,12,0,5 2 6 7,0,98,,54093,12,0,5 2 6 7,0,100,,54094,12,0,5 2 6 7,0
702029,'1907',626,,58131,3,0,9 10,0,23,,58119,3,0,9 10,0,70,,58133,3,0,9 10,0,30,,58129,3,0,9 10,0,55,,58150,3,0,5 2 11 2 12,0,15,,58118,3,0,9 10,0,15,,58162,3,0,5 2 11 2 12,0,15,,58132,3,0,9 10,0,55,,58143,3,0,5 2 11 2 12,0,15,,58120,3,0,9 10,0,15,,58148,3,0,5 2 11 2 12,0,15,,58117,3,0,9 10,0,55,,58157,3,0,5 2 11 2 12,0,15,,58138,3,0,9 10,0,15,,58158,3,0,5 2 11 2 12,0,15,,58123,3,0,9 10,0,55,,58149,3,0,5 2 11 2 12,0,15,,58116,3,0,9 10,0,15,,58168,3,0,5 2 11 2 12,0,15,,58141,3,0,9 10,0,56,,58146,3,0,5 2 11 2 12,0,15,,58127,3,0,9 10,0,15,,58160,3,0,5 2 11 2 12,0,15,,58115,3,0,9 10,0,55,,58169,3,0,5 2 11 2 12,0,15,,58134,3,0,9 10,0,15,,58152,3,0,5 2 11 2 12,0,15,,58126,3,0,9 10,0,55,,58155,3,0,5 2 11 2 12,0,15,,58114,3,0,9 10,0,15,,58167,3,0,5 2 11 2 12,0,15,,58135,3,0,9 10,0,55,,58147,3,0,5 2 11 2 12,0,15,,58122,3,0,9 10,0,15,,58156,3,0,5 2 11 2 12,0,15,,58113,3,0,9 10,0,55,,58165,3,0,5 2 11 2 12,0,15,,58142,3,0,9 10,0,15,,58145,3,0,5 2 11 2 12,0,15,,58121,3,0,9 10,0,55,,58161,3,0,5 2 11 2 12,0,15,,58112,3,0,9 10,0,15,,58163,3,0,5 2 11 2 12,0,15,,58137,3,0,9 10,0,55,,58153,3,0,5 2 11 2 12,0,14,,58130,3,0,9 10,0,15,,58159,3,0,5 2 11 2 12,0,15,,58111,3,0,9 10,0,55,,58164,3,0,5 2 11 2 12,0,15,,58139,3,0,9 10,0,15,,58151,3,0,5 2 11 2 12,0,15,,58125,3,0,9 10,0,55,,58154,3,0,5 2 11 2 12,0,15,,58110,3,0,9 10,0,15,,58166,3,0,5 2 11 2 12,0,15,,58136,3,0,9 10,0,55,,58144,3,0,5 2 11 2 12,0,15,,58128,3,0,9 10,0,30,,58109,3,0,9 10,0,70,,58140,3,0,9 10,0,30,,58124,3,0,9 10,0,65,,58170,3,0,9 10,0,30,,58171,3,0,5 2 11 2 12,0
702029,'1909',609,,58172,3,0,9 10,0,20,,58173,3,0,9 10,0,30,,58229,3,0,9 10,0,56,,58174,3,0,9 10,0,15,,58175,3,0,9 10,0,21,,58176,3,0,9 10,0,55,,58177,3,0,9 10,0,15,,58227,3,0,9 10,0,15,,58205,3,0,5 2 11 2 12,0,15,,58228,3,0,9 10,0,60,,58178,3,0,9 10,0,15,,58207,3,0,5 2 11 2 12,0,15,,58179,3,0,9 10,0,15,,58208,3,0,5 2 11 2 12,0,55,,58236,3,0,9 10,0,15,,58209,3,0,5 2 11 2 12,0,15,,58180,3,0,9 10,0,15,,58210,3,0,5 2 11 2 12,0,55,,58181,3,0,9 10,0,15,,58211,3,0,5 2 11 2 12,0,15,,58182,3,0,9 10,0,15,,58212,3,0,5 2 11 2 12,0,55,,58183,3,0,9 10,0,15,,58213,3,0,5 2 11 2 12,0,15,,58184,3,0,9 10,0,15,,58214,3,0,5 2 11 2 12,0,55,,58185,3,0,9 10,0,15,,58215,3,0,5 2 11 2 12,0,15,,58186,3,0,9 10,0,15,,58216,3,0,5 2 11 2 12,0,55,,58187,3,0,9 10,0,15,,58206,3,0,5 2 11 2 12,0,10,,58231,3,0,9 10,0,15,,58217,3,0,5 2 11 2 12,0,55,,58188,3,0,9 10,0,15,,58232,3,0,9 10,0,15,,58189,3,0,9 10,0,15,,58218,3,0,5 2 11 2 12,0,55,,58191,3,0,9 10,0,15,,58190,3,0,9 10,0,15,,58233,3,0,9 10,0,15,,58234,3,0,5 2 11 2 12,0,55,,58192,3,0,9 10,0,15,,58193,3,0,9 10,0,13,,58219,3,0,5 2 11 2 12,0,15,,58194,3,0,9 10,0,55,,58220,3,0,5 2 11 2 12,0,15,,58235,3,0,9 10,0,15,,58221,3,0,5 2 11 2 12,0,15,,58195,3,0,9 10,0,55,,58222,3,0,5 2 11 2 12,0,15,,58196,3,0,9 10,0,15,,58223,3,0,5 2 11 2 12,0,15,,58197,3,0,9 10,0,55,,58224,3,0,5 2 11 2 12,0,15,,58198,3,0,9 10,0,15,,58225,3,0,5 2 11 2 12,0,15,,58199,3,0,9 10,0,55,,58226,3,0,5 2 11 2 12,0,15,,58200,3,0,9 10,0,30,,58201,3,0,9 10,0,70,,58202,3,0,9 10,0,30,,58203,3,0,9 10,0,65,,58230,3,0,9 10,0,30,,58204,3,0,5 2 11 2 12,0
702029,'1910',625,,58251,3,0,9 10,0,23,,58237,3,0,9 10,0,70,,58241,3,0,9 10,0,30,,58245,3,0,9 10,0,56,,58259,3,0,5 2 11 2 12,0,15,,58248,3,0,9 10,0,15,,58253,3,0,5 2 11 2 12,0,15,,58238,3,0,9 10,0,55,,58254,3,0,5 2 11 2 12,0,15,,58242,3,0,9 10,0,15,,58255,3,0,5 2 11 2 12,0,15,,58284,3,0,9 10,0,57,,58291,3,0,5 2 11 2 12,0,15,,58277,3,0,9 10,0,15,,58287,3,0,5 2 11 2 12,0,15,,58265,3,0,9 10,0,55,,58274,3,0,5 2 11 2 12,0,15,,58280,3,0,9 10,0,15,,58267,3,0,5 2 11 2 12,0,15,,58275,3,0,9 10,0,55,,58297,3,0,5 2 11 2 12,0,15,,58272,3,0,9 10,0,15,,58293,3,0,5 2 11 2 12,0,15,,58269,3,0,9 10,0,55,,58279,3,0,5 2 11 2 12,0,15,,58296,3,0,9 10,0,15,,58290,3,0,5 2 11 2 12,0,15,,58283,3,0,9 10,0,55,,58268,3,0,5 2 11 2 12,0,15,,58271,3,0,9 10,0,15,,58295,3,0,5 2 11 2 12,0,15,,58278,3,0,9 10,0,55,,58262,3,0,5 2 11 2 12,0,15,,58281,3,0,9 10,0,15,,58285,3,0,5 2 11 2 12,0,15,,58266,3,0,9 10,0,55,,58264,3,0,5 2 11 2 12,0,15,,58298,3,0,9 10,0,15,,58289,3,0,5 2 11 2 12,0,15,,58276,3,0,9 10,0,55,,58286,3,0,5 2 11 2 12,0,15,,58273,3,0,9 10,0,15,,58288,3,0,5 2 11 2 12,0,15,,58270,3,0,9 10,0,55,,58292,3,0,5 2 11 2 12,0,15,,58299,3,0,9 10,0,15,,58263,3,0,5 2 11 2 12,0,15,,58282,3,0,9 10,0,55,,58294,3,0,5 2 11 2 12,0,13,,58243,3,0,9 10,0,15,,58252,3,0,5 2 11 2 12,0,15,,58246,3,0,9 10,0,55,,58256,3,0,5 2 11 2 12,0,15,,58249,3,0,9 10,0,15,,58257,3,0,5 2 11 2 12,0,15,,58239,3,0,9 10,0,55,,58258,3,0,5 2 11 2 12,0,15,,58244,3,0,9 10,0,30,,58247,3,0,9 10,0,70,,58250,3,0,9 10,0,30,,58240,3,0,9 10,0,65,,58261,3,0,9 10,0,30,,58260,3,0,5 2 11 2 12,0
702029,'1911',626,,58322,3,0,9 10,0,23,,58310,3,0,9 10,0,70,,58324,3,0,9 10,0,30,,58320,3,0,9 10,0,55,,58341,3,0,5 2 11 2 12,0,15,,58309,3,0,9 10,0,15,,58353,3,0,5 2 11 2 12,0,15,,58323,3,0,9 10,0,55,,58334,3,0,5 2 11 2 12,0,15,,58311,3,0,9 10,0,15,,58339,3,0,5 2 11 2 12,0,15,,58308,3,0,9 10,0,55,,58348,3,0,5 2 11 2 12,0,15,,58329,3,0,9 10,0,15,,58349,3,0,5 2 11 2 12,0,15,,58314,3,0,9 10,0,55,,58340,3,0,5 2 11 2 12,0,15,,58307,3,0,9 10,0,15,,58359,3,0,5 2 11 2 12,0,15,,58332,3,0,9 10,0,56,,58337,3,0,5 2 11 2 12,0,15,,58318,3,0,9 10,0,15,,58351,3,0,5 2 11 2 12,0,15,,58306,3,0,9 10,0,55,,58360,3,0,5 2 11 2 12,0,15,,58325,3,0,9 10,0,15,,58343,3,0,5 2 11 2 12,0,15,,58317,3,0,9 10,0,55,,58346,3,0,5 2 11 2 12,0,15,,58305,3,0,9 10,0,15,,58358,3,0,5 2 11 2 12,0,15,,58326,3,0,9 10,0,55,,58338,3,0,5 2 11 2 12,0,15,,58313,3,0,9 10,0,15,,58347,3,0,5 2 11 2 12,0,15,,58304,3,0,9 10,0,55,,58356,3,0,5 2 11 2 12,0,15,,58333,3,0,9 10,0,15,,58336,3,0,5 2 11 2 12,0,15,,58312,3,0,9 10,0,55,,58352,3,0,5 2 11 2 12,0,15,,58303,3,0,9 10,0,15,,58354,3,0,5 2 11 2 12,0,15,,58328,3,0,9 10,0,55,,58344,3,0,5 2 11 2 12,0,14,,58321,3,0,9 10,0,15,,58350,3,0,5 2 11 2 12,0,15,,58302,3,0,9 10,0,55,,58355,3,0,5 2 11 2 12,0,15,,58330,3,0,9 10,0,15,,58342,3,0,5 2 11 2 12,0,15,,58316,3,0,9 10,0,55,,58345,3,0,5 2 11 2 12,0,15,,58301,3,0,9 10,0,15,,58357,3,0,5 2 11 2 12,0,15,,58327,3,0,9 10,0,55,,58335,3,0,5 2 11 2 12,0,15,,58319,3,0,9 10,0,30,,58300,3,0,9 10,0,70,,58331,3,0,9 10,0,30,,58315,3,0,9 10,0,65,,58361,3,0,9 10,0,30,,58362,3,0,5 2 11 2 12,0
702029,'1912',626,,58385,3,0,9 10,0,23,,58373,3,0,9 10,0,70,,58387,3,0,9 10,0,30,,58383,3,0,9 10,0,55,,58404,3,0,5 2 11 2 12,0,15,,58372,3,0,9 10,0,15,,58416,3,0,5 2 11 2 12,0,15,,58386,3,0,9 10,0,55,,58397,3,0,5 2 11 2 12,0,15,,58374,3,0,9 10,0,15,,58402,3,0,5 2 11 2 12,0,15,,58371,3,0,9 10,0,55,,58411,3,0,5 2 11 2 12,0,15,,58392,3,0,9 10,0,15,,58412,3,0,5 2 11 2 12,0,15,,58377,3,0,9 10,0,55,,58403,3,0,5 2 11 2 12,0,15,,58370,3,0,9 10,0,15,,58422,3,0,5 2 11 2 12,0,15,,58395,3,0,9 10,0,56,,58400,3,0,5 2 11 2 12,0,15,,58381,3,0,9 10,0,15,,58414,3,0,5 2 11 2 12,0,15,,58369,3,0,9 10,0,55,,58423,3,0,5 2 11 2 12,0,15,,58388,3,0,9 10,0,15,,58406,3,0,5 2 11 2 12,0,15,,58380,3,0,9 10,0,55,,58409,3,0,5 2 11 2 12,0,15,,58368,3,0,9 10,0,15,,58421,3,0,5 2 11 2 12,0,15,,58389,3,0,9 10,0,55,,58401,3,0,5 2 11 2 12,0,15,,58376,3,0,9 10,0,15,,58410,3,0,5 2 11 2 12,0,15,,58367,3,0,9 10,0,55,,58419,3,0,5 2 11 2 12,0,15,,58396,3,0,9 10,0,15,,58399,3,0,5 2 11 2 12,0,15,,58375,3,0,9 10,0,55,,58415,3,0,5 2 11 2 12,0,15,,58366,3,0,9 10,0,15,,58417,3,0,5 2 11 2 12,0,15,,58391,3,0,9 10,0,55,,58407,3,0,5 2 11 2 12,0,14,,58384,3,0,9 10,0,15,,58413,3,0,5 2 11 2 12,0,15,,58365,3,0,9 10,0,55,,58418,3,0,5 2 11 2 12,0,15,,58393,3,0,9 10,0,15,,58405,3,0,5 2 11 2 12,0,15,,58379,3,0,9 10,0,55,,58408,3,0,5 2 11 2 12,0,15,,58364,3,0,9 10,0,15,,58420,3,0,5 2 11 2 12,0,15,,58390,3,0,9 10,0,55,,58398,3,0,5 2 11 2 12,0,15,,58382,3,0,9 10,0,30,,58363,3,0,9 10,0,70,,58394,3,0,9 10,0,30,,58378,3,0,9 10,0,65,,58424,3,0,9 10,0,30,,58425,3,0,5 2 11 2 12,0
