1019,'1907',606,,53000,8,,,0,100,,53001,8,,,0,100,,53002,8,,,0,100,,53003,8,,,0,100,,53004,8,,,0,100,,53005,8,,,0,100,,53006,8,,,0,100,,53007,8,,,0,100,,53008,8,,,0,100,,53009,8,,,0,100,,53010,8,,,0,100,,53011,8,,,0,100,,53012,8,,,0,100,,53013,8,,,0,100,,53014,8,,,0,100,,53015,8,,,0,100,,53016,8,,,0,100,,53017,8,,,0
1019,'1909',535,,53053,8,,,0,75,,53049,8,,,0,30,,53025,8,,,0,72,,53020,8,,,0,30,,53038,8,,,0,70,,53022,8,,,0,30,,53027,8,,,0,70,,53052,8,,,0,30,,53024,8,,,0,70,,53018,8,,,0,30,,53037,8,,,0,70,,53023,8,,,0,30,,53028,8,,,0,70,,53048,8,,,0,30,,53026,8,,,0,70,,53019,8,,,0,30,,53050,8,,,0,70,,53021,8,,,0,30,,53029,8,,,0,70,,53047,8,,,0,30,,53040,8,,,0,70,,53032,8,,,0,30,,53030,8,,,0,70,,53033,8,,,0,30,,53035,8,,,0,70,,53034,8,,,0,30,,53031,8,,,0,65,,53051,8,,,0,30,,53045,8,,,0,68,,53046,8,,,0,30,,53044,8,,,0,70,,53043,8,,,0,30,,53042,8,,,0,70,,53041,8,,,0,30,,53039,8,,,0,70,,53036,8,,,0
1019,'1910',535,,53089,8,,,0,70,,53078,8,,,0,30,,53064,8,,,0,70,,53083,8,,,0,30,,53073,8,,,0,70,,53058,8,,,0,30,,53079,8,,,0,70,,53081,8,,,0,30,,53063,8,,,0,72,,53084,8,,,0,30,,53072,8,,,0,70,,53057,8,,,0,30,,53067,8,,,0,70,,53077,8,,,0,30,,53062,8,,,0,70,,53085,8,,,0,30,,53071,8,,,0,70,,53056,8,,,0,30,,53066,8,,,0,70,,53076,8,,,0,30,,53061,8,,,0,70,,53086,8,,,0,30,,53070,8,,,0,70,,53055,8,,,0,30,,53065,8,,,0,70,,53075,8,,,0,30,,53059,8,,,0,69,,53087,8,,,0,30,,53068,8,,,0,70,,53054,8,,,0,30,,53060,8,,,0,70,,53074,8,,,0,30,,53069,8,,,0,70,,53088,8,,,0,30,,53082,8,,,0,70,,53080,8,,,0
1019,'1911',606,,53090,8,,,0,100,,53091,8,,,0,100,,53092,8,,,0,100,,53093,8,,,0,100,,53094,8,,,0,100,,53095,8,,,0,100,,53096,8,,,0,100,,53097,8,,,0,100,,53098,8,,,0,100,,53099,8,,,0,100,,53100,8,,,0,100,,53101,8,,,0,100,,53102,8,,,0,100,,53103,8,,,0,100,,53104,8,,,0,100,,53105,8,,,0,100,,53106,8,,,0,100,,53107,8,,,0
1019,'1912',606,,53108,8,,,0,100,,53109,8,,,0,100,,53110,8,,,0,100,,53111,8,,,0,100,,53112,8,,,0,100,,53113,8,,,0,100,,53114,8,,,0,100,,53115,8,,,0,100,,53116,8,,,0,100,,53117,8,,,0,100,,53118,8,,,0,100,,53119,8,,,0,100,,53120,8,,,0,100,,53121,8,,,0,100,,53122,8,,,0,100,,53123,8,,,0,100,,53124,8,,,0,100,,53125,8,,,0
2019,'1907',651,,53277,17,,,0,70,,53254,17,,,0,30,,53258,17,,,0,70,,53270,17,,,0,30,,53265,17,,,0,70,,53255,17,,,0,30,,53259,17,,,0,70,,53271,17,,,0,30,,53266,17,,,0,70,,53256,17,,,0,30,,53260,17,,,0,70,,53272,17,,,0,30,,53267,17,,,0,70,,53257,17,,,0,30,,53261,17,,,0,70,,53273,17,,,0,30,,53268,17,,,0,70,,53252,17,,,0,30,,53262,17,,,0,70,,53274,17,,,0,30,,53269,17,,,0,70,,53250,17,,,0,30,,53263,17,,,0,70,,53275,17,,,0,100,,53251,17,,,0,100,,53276,17,,,0,100,,53253,17,,,0,100,,53264,17,,,0,99,,53278,17,,,0
2019,'1909',447,,53310,8,0,5 2 13 14,0,173,,53279,17,,,0,30,,53280,17,,,0,72,,53281,17,,,0,30,,53282,17,,,0,70,,53283,17,,,0,30,,53284,17,,,0,70,,53301,17,,,0,30,,53302,17,,,0,70,,53303,17,,,0,30,,53304,17,,,0,70,,53305,17,,,0,30,,53306,17,,,0,70,,53307,17,,,0,30,,53308,17,,,0,70,,53309,17,,,0,30,,53299,17,,,0,70,,53300,17,,,0,30,,53285,17,,,0,70,,53286,17,,,0,30,,53287,17,,,0,70,,53288,17,,,0,30,,53289,17,,,0,70,,53290,17,,,0,30,,53291,17,,,0,70,,53292,17,,,0,30,,53298,17,,,0,70,,53293,17,,,0,98,,53294,17,,,0,100,,53295,17,,,0,100,,53296,17,,,0,100,,53297,17,,,0
2019,'1910',620,,53311,8,,,0,30,,53318,17,,,0,70,,53327,17,,,0,30,,53334,17,,,0,70,,53312,17,,,0,30,,53319,17,,,0,70,,53328,17,,,0,30,,53335,17,,,0,72,,53313,17,,,0,30,,53320,17,,,0,70,,53329,17,,,0,30,,53336,17,,,0,70,,53314,17,,,0,30,,53321,17,,,0,70,,53330,17,,,0,30,,53337,17,,,0,70,,53315,17,,,0,30,,53322,17,,,0,70,,53331,17,,,0,30,,53338,17,,,0,70,,53316,17,,,0,30,,53323,17,,,0,70,,53332,17,,,0,30,,53339,17,,,0,70,,53317,17,,,0,30,,53324,17,,,0,70,,53333,17,,,0,99,,53325,17,,,0,100,,53340,17,,,0,100,,53326,17,,,0,100,,53341,17,,,0
2019,'1911',651,,53369,17,,,0,70,,53346,17,,,0,30,,53350,17,,,0,70,,53362,17,,,0,30,,53357,17,,,0,70,,53347,17,,,0,30,,53351,17,,,0,70,,53363,17,,,0,30,,53358,17,,,0,70,,53348,17,,,0,30,,53352,17,,,0,70,,53364,17,,,0,30,,53359,17,,,0,70,,53349,17,,,0,30,,53353,17,,,0,70,,53365,17,,,0,30,,53360,17,,,0,70,,53344,17,,,0,30,,53354,17,,,0,70,,53366,17,,,0,30,,53361,17,,,0,70,,53342,17,,,0,30,,53355,17,,,0,70,,53367,17,,,0,100,,53343,17,,,0,100,,53368,17,,,0,100,,53345,17,,,0,100,,53356,17,,,0,99,,53370,17,,,0
2019,'1912',651,,53398,17,,,0,70,,53375,17,,,0,30,,53379,17,,,0,70,,53391,17,,,0,30,,53386,17,,,0,70,,53376,17,,,0,30,,53380,17,,,0,70,,53392,17,,,0,30,,53387,17,,,0,70,,53377,17,,,0,30,,53381,17,,,0,70,,53393,17,,,0,30,,53388,17,,,0,70,,53378,17,,,0,30,,53382,17,,,0,70,,53394,17,,,0,30,,53389,17,,,0,70,,53373,17,,,0,30,,53383,17,,,0,70,,53395,17,,,0,30,,53390,17,,,0,70,,53371,17,,,0,30,,53384,17,,,0,70,,53396,17,,,0,100,,53372,17,,,0,100,,53397,17,,,0,100,,53374,17,,,0,100,,53385,17,,,0,99,,53399,17,,,0
12019,'1909',630,,54873,8,,,0,71,,54876,8,,,0,31,,54869,8,,,0,70,,54877,8,,,0,30,,54878,8,,,0,70,,54875,8,0,5 2 12,0,30,,54864,8,0,5 2 12,0,70,,54865,8,0,5 2 12,0,30,,54855,8,0,5 2 12,0,70,,54856,8,0,5 2 12,0,30,,54857,8,0,5 2 12,0,70,,54858,8,0,5 2 12,0,30,,54859,8,0,5 2 12,0,70,,54860,8,0,5 2 12,0,30,,54861,8,0,5 2 12,0,70,,54862,8,0,5 2 12,0,30,,54863,8,,,0,69,,54872,8,,,0,30,,54868,8,,,0,70,,54870,8,,,0,30,,54867,8,,,0,70,,54871,8,,,0,30,,54866,8,,,0,70,,54874,8,,,0
14000001019,'1907',2414,,58765,24,,,0,30,,58764,24,,,0,70,,58763,24,,,0,30,,58766,24,,,0,70,,58767,24,,,0
14000001019,'1909',2414,,58771,24,,,0,30,,58768,24,,,0,70,,58769,24,,,0,30,,58770,24,,,0,70,,58772,24,,,0
14000001019,'1910',2414,,58776,24,,,0,30,,58773,24,,,0,70,,58775,24,,,0,30,,58774,24,,,0,70,,58777,24,,,0
14000001019,'1911',2414,,58780,24,,,0,30,,58779,24,,,0,70,,58778,24,,,0,30,,58781,24,,,0,70,,58782,24,,,0
14000001019,'1912',2414,,58785,24,,,0,30,,58784,24,,,0,70,,58783,24,,,0,30,,58786,24,,,0,70,,58787,24,,,0
