2019,'1907',707,,59137,34,,,0,30,,59114,34,,,0,70,,59118,34,,,0,30,,59130,34,,,0,72,,59125,34,,,0,30,,59115,34,,,0,70,,59119,34,,,0,30,,59131,34,,,0,70,,59126,34,,,0,30,,59116,34,,,0,70,,59120,34,,,0,30,,59132,34,,,0,70,,59127,34,,,0,30,,59117,34,,,0,70,,59121,34,,,0,30,,59133,34,,,0,70,,59128,34,,,0,30,,59112,34,,,0,70,,59122,34,,,0,30,,59134,34,,,0,70,,59129,34,,,0,30,,59110,34,,,0,70,,59123,34,,,0,30,,59135,34,,,0,100,,59111,34,,,0,99,,59136,34,,,0,100,,59113,34,,,0,100,,59124,34,,,0,99,,59138,34,,,0
2019,'1909',502,,59170,25,0,5 2 13 14,0,136,,59139,34,,,0,70,,59140,34,,,0,30,,59141,34,,,0,70,,59142,34,,,0,31,,59143,34,,,0,71,,59144,34,,,0,31,,59161,34,,,0,70,,59162,34,,,0,30,,59163,34,,,0,70,,59164,34,,,0,30,,59165,34,,,0,70,,59166,34,,,0,30,,59167,34,,,0,70,,59168,34,,,0,30,,59169,34,,,0,70,,59159,34,,,0,33,,59160,34,,,0,71,,59145,34,,,0,30,,59146,34,,,0,70,,59147,34,,,0,30,,59148,34,,,0,70,,59149,34,,,0,28,,59150,34,,,0,69,,59151,34,,,0,30,,59152,34,,,0,70,,59158,34,,,0,30,,59153,34,,,0,97,,59154,34,,,0,100,,59155,34,,,0,100,,59156,34,,,0,100,,59157,34,,,0
2019,'1910',637,,59171,25,,,0,70,,59178,34,,,0,30,,59187,34,,,0,70,,59194,34,,,0,30,,59172,34,,,0,70,,59179,34,,,0,30,,59188,34,,,0,71,,59195,34,,,0,31,,59173,34,,,0,70,,59180,34,,,0,30,,59189,34,,,0,70,,59196,34,,,0,30,,59174,34,,,0,70,,59181,34,,,0,30,,59190,34,,,0,70,,59197,34,,,0,30,,59175,34,,,0,70,,59182,34,,,0,30,,59191,34,,,0,70,,59198,34,,,0,30,,59176,34,,,0,70,,59183,34,,,0,30,,59192,34,,,0,70,,59199,34,,,0,30,,59177,34,,,0,70,,59184,34,,,0,30,,59193,34,,,0,99,,59185,34,,,0,100,,59200,34,,,0,100,,59186,34,,,0,100,,59201,34,,,0
2019,'1912',707,,59229,34,,,0,30,,59206,34,,,0,70,,59210,34,,,0,30,,59222,34,,,0,72,,59217,34,,,0,30,,59207,34,,,0,70,,59211,34,,,0,30,,59223,34,,,0,70,,59218,34,,,0,30,,59208,34,,,0,70,,59212,34,,,0,30,,59224,34,,,0,70,,59219,34,,,0,30,,59209,34,,,0,70,,59213,34,,,0,30,,59225,34,,,0,70,,59220,34,,,0,30,,59204,34,,,0,70,,59214,34,,,0,30,,59226,34,,,0,70,,59221,34,,,0,30,,59202,34,,,0,70,,59215,34,,,0,30,,59227,34,,,0,100,,59203,34,,,0,99,,59228,34,,,0,100,,59205,34,,,0,100,,59216,34,,,0,99,,59230,34,,,0
2019,'1924',707,,59258,34,,,0,30,,59235,34,,,0,70,,59239,34,,,0,30,,59251,34,,,0,72,,59246,34,,,0,30,,59236,34,,,0,70,,59240,34,,,0,30,,59252,34,,,0,70,,59247,34,,,0,30,,59237,34,,,0,70,,59241,34,,,0,30,,59253,34,,,0,70,,59248,34,,,0,30,,59238,34,,,0,70,,59242,34,,,0,30,,59254,34,,,0,70,,59249,34,,,0,30,,59233,34,,,0,70,,59243,34,,,0,30,,59255,34,,,0,70,,59250,34,,,0,30,,59231,34,,,0,70,,59244,34,,,0,30,,59256,34,,,0,100,,59232,34,,,0,99,,59257,34,,,0,100,,59234,34,,,0,100,,59245,34,,,0,99,,59259,34,,,0
2019,'1925',707,,59287,34,,,0,30,,59264,34,,,0,70,,59268,34,,,0,30,,59280,34,,,0,72,,59275,34,,,0,30,,59265,34,,,0,70,,59269,34,,,0,30,,59281,34,,,0,70,,59276,34,,,0,30,,59266,34,,,0,70,,59270,34,,,0,30,,59282,34,,,0,70,,59277,34,,,0,30,,59267,34,,,0,70,,59271,34,,,0,30,,59283,34,,,0,70,,59278,34,,,0,30,,59262,34,,,0,70,,59272,34,,,0,30,,59284,34,,,0,70,,59279,34,,,0,30,,59260,34,,,0,70,,59273,34,,,0,30,,59285,34,,,0,100,,59261,34,,,0,99,,59286,34,,,0,100,,59263,34,,,0,100,,59274,34,,,0,99,,59288,34,,,0
14000001019,'1907',2429,,61782,41,,,0,30,,61781,41,,,0,70,,61780,41,,,0,30,,61783,41,,,0,70,,61784,41,,,0
14000001019,'1909',2429,,61788,41,,,0,30,,61785,41,,,0,70,,61786,41,,,0,30,,61787,41,,,0,70,,61789,41,,,0
14000001019,'1910',2429,,61793,41,,,0,30,,61790,41,,,0,70,,61792,41,,,0,30,,61791,41,,,0,70,,61794,41,,,0
14000001019,'1912',2429,,61797,41,,,0,30,,61796,41,,,0,70,,61795,41,,,0,30,,61798,41,,,0,70,,61799,41,,,0
14000001019,'1924',2429,,61802,41,,,0,30,,61801,41,,,0,70,,61800,41,,,0,30,,61803,41,,,0,70,,61804,41,,,0
14000001019,'1925',2429,,61807,41,,,0,30,,61806,41,,,0,70,,61805,41,,,0,30,,61808,41,,,0,70,,61809,41,,,0
