10019,'1907',739,,54449,10,,,0,70,,54450,10,,,0,30,,54451,10,,,0,70,,54452,10,,,0,30,,54453,10,,,0,70,,54454,10,,,0,30,,54455,10,,,0,70,,54456,10,,,0,30,,54457,10,,,0,71,,54458,10,,,0,30,,54459,10,,,0,70,,59947,10,,,0,30,,54461,10,,,0,70,,54462,10,,,0,30,,54463,10,,,0,70,,54464,10,,,0,30,,54465,10,,,0,70,,54466,10,,,0,30,,59948,10,,,0,70,,54468,10,,,0,30,,54469,10,,,0,69,,54470,10,,,0,30,,54471,10,,,0,70,,54472,10,,,0
10019,'1909',539,,59949,10,,,0,70,,54474,10,,,0,30,,59950,10,,,0,71,,54476,10,,,0,30,,59951,10,,,0,70,,54478,10,,,0,30,,54479,10,,,0,71,,54480,10,,,0,30,,54481,10,,,0,70,,54482,10,,,0,30,,54483,10,,,0,70,,59952,10,,,0,30,,54485,10,,,0,70,,54486,10,,,0,30,,54487,10,,,0,70,,54488,10,,,0,30,,54489,10,,,0,70,,59953,10,,,0,32,,59954,10,,,0,70,,59955,10,,,0,30,,59956,10,,,0,70,,59957,10,,,0,30,,59958,10,,,0,70,,59959,10,,,0,27,,59960,10,,,0,70,,59961,10,,,0,30,,54499,10,,,0,70,,59962,10,,,0,30,,54501,10,,,0,68,,54502,10,,,0,30,,54503,10,,,0,70,,54504,10,,,0,100,,54505,10,,,0
10019,'1910',639,,54506,10,,,0,70,,54507,10,,,0,30,,59963,10,,,0,70,,59964,10,,,0,30,,54510,10,,,0,70,,54511,10,,,0,30,,59965,10,,,0,71,,54513,10,,,0,30,,54514,10,,,0,70,,54515,10,,,0,30,,54516,10,,,0,70,,54517,10,,,0,30,,54518,10,,,0,70,,54519,10,,,0,30,,54520,10,,,0,70,,54521,10,,,0,30,,54522,10,,,0,70,,54523,10,,,0,30,,54524,10,,,0,70,,54525,10,,,0,30,,59966,10,,,0,70,,54527,10,,,0,30,,54528,10,,,0,70,,59967,10,,,0,30,,54530,10,,,0,69,,54531,10,,,0,100,,54532,10,,,0,100,,54533,10,,,0
10019,'1912',739,,54558,10,,,0,70,,54559,10,,,0,30,,54560,10,,,0,70,,54561,10,,,0,30,,54562,10,,,0,70,,54563,10,,,0,30,,54564,10,,,0,70,,54565,10,,,0,30,,54566,10,,,0,71,,54567,10,,,0,30,,54568,10,,,0,70,,59968,10,,,0,30,,54570,10,,,0,70,,54571,10,,,0,30,,54572,10,,,0,70,,54573,10,,,0,30,,54574,10,,,0,70,,54575,10,,,0,30,,59969,10,,,0,70,,54577,10,,,0,30,,54578,10,,,0,69,,54579,10,,,0,30,,54580,10,,,0,70,,54581,10,,,0
10019,'1924',739,,54534,10,,,0,70,,54535,10,,,0,30,,54536,10,,,0,70,,54537,10,,,0,30,,54538,10,,,0,70,,54539,10,,,0,30,,54540,10,,,0,70,,54541,10,,,0,30,,54542,10,,,0,71,,54543,10,,,0,30,,54544,10,,,0,70,,59970,10,,,0,30,,54546,10,,,0,70,,54547,10,,,0,30,,54548,10,,,0,70,,54549,10,,,0,30,,54550,10,,,0,70,,54551,10,,,0,30,,59971,10,,,0,70,,54553,10,,,0,30,,54554,10,,,0,69,,54555,10,,,0,30,,54556,10,,,0,70,,54557,10,,,0
10019,'1925',739,,59972,10,,,0,70,,59973,10,,,0,30,,59974,10,,,0,70,,59975,10,,,0,30,,59976,10,,,0,70,,59977,10,,,0,30,,59978,10,,,0,70,,59979,10,,,0,30,,59980,10,,,0,71,,59981,10,,,0,30,,59982,10,,,0,70,,59983,10,,,0,30,,59984,10,,,0,70,,59985,10,,,0,30,,59986,10,,,0,70,,59987,10,,,0,30,,59988,10,,,0,70,,59989,10,,,0,30,,59990,10,,,0,70,,59991,10,,,0,30,,59992,10,,,0,69,,59993,10,,,0,30,,59994,10,,,0,70,,59995,10,,,0
15019,'1907',725,,60228,32,,,0,100,,60226,32,,,0,100,,60229,32,,,0,101,,60227,32,,,0,100,,60224,32,,,0,100,,60222,32,,,0,102,,60225,32,,,0,100,,60223,32,,,0,100,,60220,32,,,0,100,,60221,32,,,0,100,,60218,32,,,0,100,,60219,32,,,0,100,,60217,32,,,0,97,,55095,32,,,0
15019,'1909',651,,55096,32,,,0,70,,60230,32,,,0,34,,55098,32,,,0,70,,55099,32,,,0,28,,55100,32,,,0,70,,55101,32,,,0,30,,60231,32,,,0,70,,60232,32,,,0,30,,60233,32,,,0,70,,55105,32,,,0,30,,60234,32,,,0,70,,60235,32,,,0,30,,55108,32,,,0,70,,55109,32,,,0,30,,55110,32,,,0,70,,55111,32,,,0,33,,55112,32,,,0,70,,55113,32,,,0,30,,55114,32,,,0,70,,60236,32,,,0,28,,55116,32,,,0,70,,55117,32,,,0,29,,55118,32,,,0,70,,60237,32,,,0,30,,55120,32,,,0,70,,55126,32,,,0,30,,55121,32,,,0,98,,60238,32,,,0,100,,55125,32,,,0,100,,55123,32,0,5 2 6 7,0
15019,'1910',725,,60239,32,,,0,100,,55128,32,,,0,100,,55129,32,,,0,102,,60240,32,,,0,100,,55131,32,,,0,100,,55132,32,,,0,103,,60241,32,,,0,100,,60242,32,,,0,100,,55135,32,,,0,100,,55136,32,,,0,100,,55137,32,,,0,98,,55138,32,,,0,100,,55139,32,,,0,97,,60243,32,,,0
15019,'1912',725,,60255,32,,,0,100,,60253,32,,,0,100,,60256,32,,,0,101,,60254,32,,,0,100,,60251,32,,,0,100,,60249,32,,,0,102,,60252,32,,,0,100,,60250,32,,,0,100,,60247,32,,,0,100,,60248,32,,,0,100,,60245,32,,,0,100,,60246,32,,,0,100,,60244,32,,,0,97,,55169,32,,,0
15019,'1924',725,,60268,32,,,0,100,,60266,32,,,0,100,,60269,32,,,0,101,,60267,32,,,0,100,,60264,32,,,0,100,,60262,32,,,0,102,,60265,32,,,0,100,,60263,32,,,0,100,,60260,32,,,0,100,,60261,32,,,0,100,,60258,32,,,0,100,,60259,32,,,0,100,,60257,32,,,0,97,,55155,32,,,0
15019,'1925',725,,60281,32,,,0,100,,60279,32,,,0,100,,60282,32,,,0,101,,60280,32,,,0,100,,60277,32,,,0,100,,60275,32,,,0,102,,60278,32,,,0,100,,60276,32,,,0,100,,60273,32,,,0,100,,60274,32,,,0,100,,60271,32,,,0,100,,60272,32,,,0,100,,60270,32,,,0,97,,60283,32,,,0
