1019,'1907',631,,58824,38,,,0,100,,58825,38,,,0,101,,58826,38,,,0,100,,58827,38,,,0,100,,58828,38,,,0,102,,58829,38,,,0,100,,58830,38,,,0,100,,58831,38,,,0,100,,58832,38,,,0,100,,58833,38,,,0,100,,58834,38,,,0,100,,58835,38,,,0,100,,58836,38,,,0,98,,58837,38,,,0,100,,58838,38,,,0,100,,58839,38,,,0,102,,58840,38,,,0,95,,58841,38,,,0
1019,'1909',601,,58877,38,,,0,35,,58873,38,,,0,71,,58849,38,,,0,33,,58844,38,,,0,70,,58862,38,,,0,30,,58846,38,,,0,71,,58851,38,,,0,32,,58876,38,,,0,70,,58848,38,,,0,30,,58842,38,,,0,70,,58861,38,,,0,30,,58847,38,,,0,70,,58852,38,,,0,30,,58872,38,,,0,70,,58850,38,,,0,30,,58843,38,,,0,70,,58874,38,,,0,31,,58845,38,,,0,70,,58853,38,,,0,30,,58871,38,,,0,70,,58864,38,,,0,30,,58856,38,,,0,70,,58854,38,,,0,28,,58857,38,,,0,68,,58859,38,,,0,30,,58858,38,,,0,70,,58855,38,,,0,25,,58875,38,,,0,70,,58869,38,,,0,28,,58870,38,,,0,70,,58868,38,,,0,30,,58867,38,,,0,70,,58866,38,,,0,30,,58865,38,,,0,70,,58863,38,,,0,30,,58860,38,,,0
1019,'1910',602,,58913,38,,,0,30,,58902,38,,,0,70,,58888,38,,,0,30,,58907,38,,,0,70,,58897,38,,,0,30,,58882,38,,,0,70,,58903,38,,,0,30,,58905,38,,,0,70,,58887,38,,,0,32,,58908,38,,,0,70,,58896,38,,,0,30,,58881,38,,,0,70,,58891,38,,,0,30,,58901,38,,,0,70,,58886,38,,,0,30,,58909,38,,,0,70,,58895,38,,,0,30,,58880,38,,,0,70,,58890,38,,,0,30,,58900,38,,,0,70,,58885,38,,,0,30,,58910,38,,,0,70,,58894,38,,,0,30,,58879,38,,,0,70,,58889,38,,,0,30,,58899,38,,,0,70,,58883,38,,,0,28,,58911,38,,,0,70,,58892,38,,,0,30,,58878,38,,,0,70,,58884,38,,,0,30,,58898,38,,,0,74,,58893,38,,,0,30,,58912,38,,,0,70,,58906,38,,,0,25,,58904,38,,,0
1019,'1912',631,,58914,38,,,0,100,,58915,38,,,0,101,,58916,38,,,0,100,,58917,38,,,0,100,,58918,38,,,0,102,,58919,38,,,0,100,,58920,38,,,0,100,,58921,38,,,0,100,,58922,38,,,0,100,,58923,38,,,0,100,,58924,38,,,0,100,,58925,38,,,0,100,,58926,38,,,0,98,,58927,38,,,0,100,,58928,38,,,0,100,,58929,38,,,0,102,,58930,38,,,0,95,,58931,38,,,0
1019,'1924',631,,58932,38,,,0,100,,58933,38,,,0,101,,58934,38,,,0,100,,58935,38,,,0,100,,58936,38,,,0,102,,58937,38,,,0,100,,58938,38,,,0,100,,58939,38,,,0,100,,58940,38,,,0,100,,58941,38,,,0,100,,58942,38,,,0,100,,58943,38,,,0,100,,58944,38,,,0,98,,58945,38,,,0,100,,58946,38,,,0,100,,58947,38,,,0,102,,58948,38,,,0,95,,58949,38,,,0
1019,'1925',631,,58950,38,,,0,100,,58951,38,,,0,101,,58952,38,,,0,100,,58953,38,,,0,100,,58954,38,,,0,102,,58955,38,,,0,100,,58956,38,,,0,100,,58957,38,,,0,100,,58958,38,,,0,100,,58959,38,,,0,100,,58960,38,,,0,100,,58961,38,,,0,100,,58962,38,,,0,98,,58963,38,,,0,100,,58964,38,,,0,100,,58965,38,,,0,102,,58966,38,,,0,95,,58967,38,,,0
1029,'1907',602,,58968,16,,,0,98,,58969,16,,,0,100,,58970,16,,,0,100,,58971,16,,,0,101,,58972,16,,,0,100,,58973,16,,,0,100,,58974,16,,,0,100,,58975,16,,,0,100,,58976,16,,,0,100,,58977,16,,,0,100,,58978,16,,,0,100,,58979,16,,,0,100,,58980,16,,,0,100,,58981,16,,,0,100,,58982,16,,,0,100,,58983,16,,,0,100,,58984,16,,,0,99,,58985,16,,,0
1029,'1909',600,,58995,16,,,0,35,,58996,16,,,0,65,,59016,16,,,0,30,,58992,16,,,0,70,,58987,16,,,0,30,,59020,16,,,0,73,,58990,16,,,0,30,,58997,16,,,0,70,,59015,16,,,0,30,,58994,16,,,0,70,,58986,16,,,0,30,,59019,16,,,0,70,,58991,16,,,0,30,,58998,16,,,0,70,,59014,16,,,0,30,,58993,16,,,0,70,,58988,16,,,0,30,,59017,16,,,0,71,,58989,16,,,0,30,,58999,16,,,0,70,,59013,16,,,0,30,,59002,16,,,0,70,,59001,16,,,0,30,,59000,16,,,0,67,,59006,16,,,0,30,,59005,16,,,0,70,,59004,16,,,0,30,,59003,16,,,0,70,,59018,16,,,0,29,,59012,16,,,0,70,,59011,16,,,0,30,,59010,16,,,0,70,,59009,16,,,0,30,,59008,16,,,0,25,,59007,16,,,0
1029,'1910',602,,59026,16,,,0,28,,59038,16,,,0,70,,59045,16,,,0,30,,59033,16,,,0,70,,59054,16,,,0,30,,59042,16,,,0,70,,59025,16,,,0,29,,59037,16,,,0,30,,59048,16,,,0,70,,59032,16,,,0,30,,59055,16,,,0,70,,59041,16,,,0,30,,59024,16,,,0,70,,59036,16,,,0,30,,59047,16,,,0,70,,59031,16,,,0,30,,59027,16,,,0,70,,59040,16,,,0,30,,59023,16,,,0,70,,59035,16,,,0,30,,59043,16,,,0,70,,59030,16,,,0,30,,59052,16,,,0,70,,59039,16,,,0,30,,59022,16,,,0,71,,59034,16,,,0,70,,59046,16,,,0,30,,59028,16,,,0,70,,59050,16,,,0,30,,59049,16,,,0,70,,59021,16,,,0,30,,59029,16,,,0,70,,59044,16,,,0,30,,59053,16,,,0,70,,59051,16,,,0
1029,'1912',602,,59056,16,,,0,98,,59057,16,,,0,100,,59058,16,,,0,100,,59059,16,,,0,101,,59060,16,,,0,100,,59061,16,,,0,100,,59062,16,,,0,100,,59063,16,,,0,100,,59064,16,,,0,100,,59065,16,,,0,100,,59066,16,,,0,100,,59067,16,,,0,100,,59068,16,,,0,100,,59069,16,,,0,100,,59070,16,,,0,100,,59071,16,,,0,100,,59072,16,,,0,99,,59073,16,,,0
1029,'1924',602,,59074,16,,,0,98,,59075,16,,,0,100,,59076,16,,,0,100,,59077,16,,,0,101,,59078,16,,,0,100,,59079,16,,,0,100,,59080,16,,,0,100,,59081,16,,,0,100,,59082,16,,,0,100,,59083,16,,,0,100,,59084,16,,,0,100,,59085,16,,,0,100,,59086,16,,,0,100,,59087,16,,,0,100,,59088,16,,,0,100,,59089,16,,,0,100,,59090,16,,,0,99,,59091,16,,,0
1029,'1925',602,,59092,16,,,0,98,,59093,16,,,0,100,,59094,16,,,0,100,,59095,16,,,0,101,,59096,16,,,0,100,,59097,16,,,0,100,,59098,16,,,0,100,,59099,16,,,0,100,,59100,16,,,0,100,,59101,16,,,0,100,,59102,16,,,0,100,,59103,16,,,0,100,,59104,16,,,0,100,,59105,16,,,0,100,,59106,16,,,0,100,,59107,16,,,0,100,,59108,16,,,0,99,,59109,16,,,0
7029,'1907',720,,59835,18,,,0,100,,59836,18,,,0,100,,59837,18,,,0,100,,59838,18,,,0,100,,59839,18,,,0,100,,59840,18,,,0,100,,59841,18,,,0,101,,59842,18,,,0,100,,59843,18,,,0,99,,59844,18,,,0,100,,59845,18,,,0,100,,59846,18,,,0,100,,59847,18,,,0,101,,59848,18,,,0,100,,59834,18,,,0
7029,'1909',518,,54343,18,,,0,100,,54313,18,,,0,32,,59856,18,,,0,72,,54315,18,,,0,30,,59857,18,,,0,70,,54317,18,,,0,30,,59858,18,,,0,70,,54319,18,,,0,30,,54320,18,,,0,70,,54321,18,,,0,30,,54322,18,,,0,70,,54323,18,,,0,30,,59859,18,,,0,70,,59854,18,,,0,30,,59855,18,,,0,70,,54311,18,,,0,31,,59853,18,,,0,70,,59852,18,,,0,31,,54312,18,,,0,69,,54325,18,,,0,30,,59860,18,,,0,70,,59861,18,,,0,29,,54328,18,,,0,70,,54329,18,,,0,30,,54330,18,,,0,70,,59862,18,,,0,30,,59863,18,,,0,70,,54333,18,,,0,30,,54334,18,,,0,70,,59864,18,,,0,100,,54336,18,,,0,99,,59865,18,,,0,100,,54344,18,,,0
7029,'1910',622,,59875,7,,,0,29,,59869,18,,,0,70,,54359,18,,,0,30,,54346,18,,,0,70,,54360,18,,,0,30,,54347,18,,,0,70,,59870,18,,,0,30,,54348,18,,,0,70,,54362,18,,,0,30,,54349,18,,,0,70,,54363,18,,,0,30,,54350,18,,,0,70,,59871,18,,,0,30,,54351,18,,,0,70,,59872,18,,,0,30,,54352,18,,,0,70,,54366,18,,,0,30,,54353,18,,,0,70,,54367,18,,,0,30,,54354,18,,,0,70,,54368,18,,,0,30,,54355,18,,,0,70,,54369,18,,,0,30,,54356,18,,,0,70,,54370,18,,,0,30,,54357,18,,,0,70,,59873,18,,,0,30,,54358,18,,,0,70,,54372,18,,,0,100,,54373,18,,,0,100,,59874,18,,,0,100,,54375,18,,,0
7029,'1912',720,,59878,18,,,0,100,,59879,18,,,0,100,,59880,18,,,0,100,,59881,18,,,0,100,,59882,18,,,0,100,,59883,18,,,0,100,,59884,18,,,0,101,,59885,18,,,0,100,,59886,18,,,0,99,,59887,18,,,0,100,,59888,18,,,0,100,,59889,18,,,0,100,,59890,18,,,0,101,,59891,18,,,0,100,,59877,18,,,0
7029,'1924',720,,59896,18,,,0,100,,59897,18,,,0,100,,59898,18,,,0,100,,59899,18,,,0,100,,59900,18,,,0,100,,59901,18,,,0,100,,59902,18,,,0,101,,59903,18,,,0,100,,59904,18,,,0,99,,59905,18,,,0,100,,59906,18,,,0,100,,59907,18,,,0,100,,59908,18,,,0,101,,59909,18,,,0,100,,59895,18,,,0
7029,'1925',720,,59914,18,,,0,100,,59915,18,,,0,100,,59916,18,,,0,100,,59917,18,,,0,100,,59918,18,,,0,100,,59919,18,,,0,100,,59920,18,,,0,101,,59921,18,,,0,100,,59922,18,,,0,99,,59923,18,,,0,100,,59924,18,,,0,100,,59925,18,,,0,100,,59926,18,,,0,101,,59927,18,,,0,100,,59913,18,,,0
22019,'1907',647,,55639,2,0,19 2 36 26,0,100,,55638,2,0,19 2 36 26,0,100,,55632,2,,,0,92,,55633,2,,,0,100,,55626,2,,,0,100,,55631,2,,,0,100,,55627,2,,,0,100,,55628,2,,,0,100,,55625,2,,,0,100,,55629,2,,,0,100,,55630,2,,,0,100,,55634,2,0,19 2 36 26,0,100,,55635,2,0,19 2 36 26,0,100,,55636,2,0,19 2 36 26,0,108,,55637,2,0,19 2 36 26,0
22019,'1909',553,,60496,2,0,19 2 36 26,0,92,,55640,2,0,19 2 36 26,0,70,,55641,2,0,19 2 36 26,0,32,,60479,2,,,0,70,,60480,2,,,0,32,,60481,2,,,0,70,,55645,2,,,0,30,,55646,2,,,0,70,,60482,2,,,0,30,,55648,2,,,0,70,,55649,2,,,0,30,,55650,2,,,0,70,,55651,2,,,0,30,,55652,2,,,0,70,,55653,2,,,0,30,,55654,2,,,0,70,,60483,2,,,0,31,,60484,2,,,0,69,,60485,2,,,0,29,,60495,2,,,0,70,,60486,2,,,0,30,,60487,2,,,0,68,,60488,2,,,0,30,,60489,2,,,0,69,,60490,2,,,0,30,,60491,2,,,0,70,,60492,2,,,0,30,,55665,2,,,0,69,,60493,2,,,0,30,,60494,2,,,0,70,,55668,2,0,19 2 36 26,0
22019,'1910',619,,55701,2,0,19 2 36 26,0,23,,55694,2,0,19 2 36 26,0,70,,55690,2,0,19 2 36 26,0,30,,55695,2,0,19 2 36 26,0,70,,55691,2,0,19 2 36 26,0,30,,55671,2,,,0,72,,55672,2,,,0,30,,55673,2,,,0,70,,55674,2,,,0,30,,55675,2,,,0,70,,55676,2,,,0,30,,55677,2,,,0,70,,55678,2,,,0,31,,55679,2,,,0,70,,55680,2,,,0,30,,55681,2,,,0,70,,55682,2,,,0,31,,55683,2,,,0,70,,55684,2,,,0,30,,55685,2,,,0,70,,55686,2,,,0,29,,55687,2,,,0,70,,55688,2,,,0,29,,55696,2,0,19 2 36 26,0,70,,55692,2,0,19 2 36 26,0,30,,55697,2,0,19 2 36 26,0,69,,55689,2,0,19 2 36 26,0,30,,55698,2,0,19 2 36 26,0,69,,55693,2,0,19 2 36 26,0,30,,55699,2,0,19 2 36 26,0,70,,55700,2,0,19 2 36 26,0
22019,'1912',647,,55731,2,0,19 2 36 26,0,100,,55730,2,0,19 2 36 26,0,100,,55724,2,,,0,92,,55725,2,,,0,100,,55718,2,,,0,100,,55723,2,,,0,100,,55719,2,,,0,100,,55720,2,,,0,100,,55717,2,,,0,100,,55721,2,,,0,100,,55722,2,,,0,100,,55726,2,0,19 2 36 26,0,100,,55727,2,0,19 2 36 26,0,100,,55728,2,0,19 2 36 26,0,108,,55729,2,0,19 2 36 26,0
22019,'1924',647,,55716,2,0,19 2 36 26,0,100,,55715,2,0,19 2 36 26,0,100,,55709,2,,,0,92,,55710,2,,,0,100,,55703,2,,,0,100,,55708,2,,,0,100,,55704,2,,,0,100,,55705,2,,,0,100,,55702,2,,,0,100,,55706,2,,,0,100,,55707,2,,,0,100,,55711,2,0,19 2 36 26,0,100,,55712,2,0,19 2 36 26,0,100,,55713,2,0,19 2 36 26,0,108,,55714,2,0,19 2 36 26,0
22019,'1925',647,,60511,2,0,19 2 36 26,0,100,,60510,2,0,19 2 36 26,0,100,,60504,2,,,0,92,,60505,2,,,0,100,,60498,2,,,0,100,,60503,2,,,0,100,,60499,2,,,0,100,,60500,2,,,0,100,,60497,2,,,0,100,,60501,2,,,0,100,,60502,2,,,0,100,,60506,2,0,19 2 36 26,0,100,,60507,2,0,19 2 36 26,0,100,,60508,2,0,19 2 36 26,0,108,,60509,2,0,19 2 36 26,0
