11019,'1907',923,,54715,30,,,0,100,,54716,30,,,0,100,,54717,30,,,0,103,,54718,30,,,0,100,,54719,30,,,0,100,,54720,30,,,0,100,,54721,30,,,0,99,,54722,30,,,0,100,,54723,30,,,0,100,,54724,30,,,0,97,,54725,30,,,0,100,,54727,30,,,0
11019,'1909',725,,54728,30,,,0,101,,54729,30,,,0,103,,54730,30,,,0,100,,54731,30,,,0,100,,54732,30,,,0,100,,54733,30,,,0,100,,54734,30,,,0,100,,54735,30,,,0,100,,54736,30,,,0,100,,54737,30,,,0,100,,54738,30,,,0,98,,54739,30,,,0,99,,54740,30,,,0,100,,54741,30,,,0,99,,54742,30,,,0
11019,'1910',723,,54746,30,,,0,100,,54747,30,,,0,102,,54748,30,,,0,101,,54749,30,,,0,100,,54750,30,,,0,102,,54751,30,,,0,100,,54752,30,,,0,100,,54753,30,,,0,100,,54754,30,,,0,98,,54755,30,,,0,100,,54756,30,,,0,100,,54757,30,,,0,97,,54744,30,,,0,100,,54745,30,,,0
11019,'1911',923,,54759,30,,,0,100,,54760,30,,,0,100,,54761,30,,,0,103,,54762,30,,,0,100,,54763,30,,,0,100,,54764,30,,,0,100,,54765,30,,,0,99,,54766,30,,,0,100,,54767,30,,,0,100,,54768,30,,,0,97,,54769,30,,,0,100,,54771,30,,,0
11019,'1912',923,,54772,30,,,0,100,,54773,30,,,0,100,,54774,30,,,0,103,,54775,30,,,0,100,,54776,30,,,0,100,,54777,30,,,0,100,,54778,30,,,0,99,,54779,30,,,0,100,,54780,30,,,0,100,,54781,30,,,0,97,,54782,30,,,0,100,,54784,30,,,0
14019,'1907',658,,55001,26,,,0,100,,55002,26,,,0,101,,54990,26,,,0,100,,54991,26,,,0,100,,54992,26,,,0,143,,54993,26,,,0,100,,54994,26,,,0,101,,54995,26,,,0,100,,54996,26,,,0,100,,54997,26,,,0,99,,54998,26,,,0,100,,54999,26,,,0,100,,55000,26,,,0,99,,54989,26,,,0,105,,54988,26,,,0
14019,'1909',534,,55033,26,,,0,100,,55032,26,,,0,82,,55003,26,,,0,30,,55016,26,,,0,68,,55004,26,,,0,22,,55017,26,,,0,71,,55005,26,,,0,29,,55018,26,,,0,70,,55006,26,,,0,30,,55019,26,,,0,70,,55007,26,,,0,30,,55020,26,,,0,70,,55008,26,,,0,30,,55021,26,,,0,70,,55009,26,,,0,30,,55022,26,,,0,70,,55010,26,,,0,31,,55023,26,,,0,73,,55011,26,,,0,30,,55024,26,,,0,80,,55012,26,,,0,30,,55025,26,,,0,67,,55013,26,,,0,30,,55026,26,,,0,70,,55014,26,,,0,19,,55027,26,,,0,70,,55015,26,,,0,30,,55028,26,,,0,69,,55034,26,,,0,29,,55029,26,,,0,92,,55030,26,,,0,100,,55031,26,,,0
14019,'1910',657,,55035,26,,,0,100,,55036,26,,,0,143,,55037,26,,,0,100,,55038,26,,,0,100,,55039,26,,,0,104,,55040,26,,,0,100,,55041,26,,,0,100,,55042,26,,,0,100,,55043,26,,,0,100,,55044,26,,,0,98,,55045,26,,,0,100,,55046,26,,,0,100,,55047,26,,,0,57,,55048,26,,,0,100,,55049,26,,,0,100,,55050,26,,,0,100,,55051,26,,,0
14019,'1911',658,,55065,26,,,0,100,,55066,26,,,0,101,,55054,26,,,0,100,,55055,26,,,0,100,,55056,26,,,0,143,,55057,26,,,0,100,,55058,26,,,0,101,,55059,26,,,0,100,,55060,26,,,0,100,,55061,26,,,0,99,,55062,26,,,0,100,,55063,26,,,0,100,,55064,26,,,0,99,,55053,26,,,0,105,,55052,26,,,0
14019,'1912',658,,55080,26,,,0,100,,55081,26,,,0,101,,55069,26,,,0,100,,55070,26,,,0,100,,55071,26,,,0,143,,55072,26,,,0,100,,55073,26,,,0,101,,55074,26,,,0,100,,55075,26,,,0,100,,55076,26,,,0,99,,55077,26,,,0,100,,55078,26,,,0,100,,55079,26,,,0,99,,55068,26,,,0,105,,55067,26,,,0
