10019,'1907',758,,54449,37,4,,0,70,,54450,37,4,,0,30,,54451,37,4,,0,70,,54452,37,4,,0,30,,54453,37,4,,0,70,,54454,37,4,,0,30,,54455,37,4,,0,70,,54456,37,4,,0,30,,54457,37,4,,0,72,,54458,37,4,,0,70,,54459,37,4,,0,30,,54460,37,4,,0,70,,54461,37,4,,0,30,,54462,37,4,,0,70,,54463,37,4,,0,30,,54464,37,4,,0,70,,54465,37,4,,0,30,,54466,37,4,,0,70,,54467,37,4,,0,30,,54468,37,4,,0,70,,54469,37,4,,0,28,,54470,37,4,,0,30,,54471,37,4,,0,70,,54472,37,4,,0
10019,'1909',559,,54473,37,4,,0,70,,54474,37,4,,0,30,,54475,37,4,,0,72,,54476,37,4,,0,70,,54477,37,4,,0,30,,54478,37,4,,0,70,,54479,37,4,,0,31,,54480,37,4,,0,70,,54481,37,4,,0,30,,54482,37,4,,0,70,,54483,37,4,,0,30,,54484,37,4,,0,70,,54485,37,4,,0,30,,54486,37,4,,0,70,,54487,37,4,,0,30,,54488,37,4,,0,70,,54489,37,4,,0,30,,54490,37,4,,0,75,,54491,37,4,,0,30,,54492,37,4,,0,70,,54493,37,4,,0,30,,54494,37,4,,0,70,,54495,37,4,,0,29,,54496,37,4,,0,65,,54497,37,4,,0,30,,54498,37,4,,0,70,,54499,37,4,,0,30,,54500,37,4,,0,70,,54501,37,4,,0,27,,54502,37,4,,0,30,,54503,37,4,,0,70,,54504,37,4,,0,100,,54505,37,4,,0
10019,'1910',658,,54506,37,4,,0,70,,54507,37,4,,0,30,,54508,37,4,,0,70,,54509,37,4,,0,30,,54510,37,4,,0,70,,54511,37,4,,0,30,,54512,37,4,,0,72,,54513,37,4,,0,70,,54514,37,4,,0,30,,54515,37,4,,0,70,,54516,37,4,,0,30,,54517,37,4,,0,70,,54518,37,4,,0,30,,54519,37,4,,0,70,,54520,37,4,,0,30,,54521,37,4,,0,70,,54522,37,4,,0,30,,54523,37,4,,0,70,,54524,37,4,,0,30,,54525,37,4,,0,70,,54526,37,4,,0,30,,54527,37,4,,0,70,,54528,37,4,,0,30,,54529,37,4,,0,70,,54530,37,4,,0,28,,54531,37,4,,0,100,,54532,37,4,,0,100,,54533,37,4,,0
10019,'1911',758,,54534,37,4,,0,70,,54535,37,4,,0,30,,54536,37,4,,0,70,,54537,37,4,,0,30,,54538,37,4,,0,70,,54539,37,4,,0,30,,54540,37,4,,0,70,,54541,37,4,,0,30,,54542,37,4,,0,72,,54543,37,4,,0,70,,54544,37,4,,0,30,,54545,37,4,,0,70,,54546,37,4,,0,30,,54547,37,4,,0,70,,54548,37,4,,0,30,,54549,37,4,,0,70,,54550,37,4,,0,30,,54551,37,4,,0,70,,54552,37,4,,0,30,,54553,37,4,,0,70,,54554,37,4,,0,28,,54555,37,4,,0,30,,54556,37,4,,0,70,,54557,37,4,,0
10019,'1912',758,,54558,37,4,,0,70,,54559,37,4,,0,30,,54560,37,4,,0,70,,54561,37,4,,0,30,,54562,37,4,,0,70,,54563,37,4,,0,30,,54564,37,4,,0,70,,54565,37,4,,0,30,,54566,37,4,,0,72,,54567,37,4,,0,70,,54568,37,4,,0,30,,54569,37,4,,0,70,,54570,37,4,,0,30,,54571,37,4,,0,70,,54572,37,4,,0,30,,54573,37,4,,0,70,,54574,37,4,,0,30,,54575,37,4,,0,70,,54576,37,4,,0,30,,54577,37,4,,0,70,,54578,37,4,,0,28,,54579,37,4,,0,30,,54580,37,4,,0,70,,54581,37,4,,0
10029,'1907',800,,54596,1,,,0,30,,54597,1,,,0,70,,54598,1,,,0,30,,54599,1,,,0,70,,54600,1,,,0,30,,54601,1,,,0,70,,54602,1,,,0,30,,54603,1,,,0,70,,54604,1,,,0,32,,54605,1,,,0,70,,54587,1,,,0,30,,54590,1,,,0,70,,54582,1,,,0,30,,54589,1,,,0,70,,54588,1,,,0,30,,54591,1,,,0,70,,54584,1,,,0,30,,54592,1,,,0,70,,54585,1,,,0,30,,54593,1,,,0,70,,54586,1,,,0,28,,54594,1,,,0,70,,54583,1,,,0,30,,54595,1,,,0
10029,'1909',600,,54606,1,,,0,30,,54607,1,,,0,75,,54608,1,,,0,30,,54609,1,,,0,70,,54610,1,,,0,30,,54611,1,,,0,70,,54612,1,,,0,30,,54613,1,,,0,70,,54614,1,,,0,30,,54615,1,,,0,70,,54616,1,,,0,30,,54617,1,,,0,70,,54618,1,,,0,30,,54619,1,,,0,70,,54620,1,,,0,30,,54621,1,,,0,70,,54622,1,,,0,30,,54623,1,,,0,75,,54624,1,,,0,30,,54625,1,,,0,70,,54626,1,,,0,30,,54627,1,,,0,70,,54628,1,,,0,30,,54629,1,,,0,65,,54630,1,,,0,30,,54631,1,,,0,70,,54632,1,,,0,30,,54633,1,,,0,70,,54634,1,,,0,25,,54635,1,,,0,70,,54636,1,,,0,30,,54637,1,,,0,100,,54638,1,,,0
10029,'1910',700,,54640,1,,,0,30,,54641,1,,,0,70,,54642,1,,,0,30,,54643,1,,,0,70,,54644,1,,,0,30,,54645,1,,,0,70,,54646,1,,,0,32,,54647,1,,,0,70,,54648,1,,,0,30,,54649,1,,,0,70,,54650,1,,,0,30,,54651,1,,,0,70,,54652,1,,,0,30,,54653,1,,,0,70,,54654,1,,,0,30,,54655,1,,,0,70,,54656,1,,,0,30,,54657,1,,,0,70,,54658,1,,,0,30,,54659,1,,,0,70,,54660,1,,,0,30,,54661,1,,,0,70,,54662,1,,,0,30,,54663,1,,,0,70,,54664,1,,,0,28,,54639,1,,,0,100,,54665,1,,,0,100,,54666,1,,,0
10029,'1911',800,,54681,1,,,0,30,,54682,1,,,0,70,,54683,1,,,0,30,,54684,1,,,0,70,,54685,1,,,0,30,,54686,1,,,0,70,,54687,1,,,0,30,,54688,1,,,0,70,,54689,1,,,0,32,,54690,1,,,0,70,,54672,1,,,0,30,,54675,1,,,0,70,,54667,1,,,0,30,,54674,1,,,0,70,,54673,1,,,0,30,,54676,1,,,0,70,,54669,1,,,0,30,,54677,1,,,0,70,,54670,1,,,0,30,,54678,1,,,0,70,,54671,1,,,0,28,,54679,1,,,0,70,,54668,1,,,0,30,,54680,1,,,0
10029,'1912',800,,54705,1,,,0,30,,54706,1,,,0,70,,54707,1,,,0,30,,54708,1,,,0,70,,54709,1,,,0,30,,54710,1,,,0,70,,54711,1,,,0,30,,54712,1,,,0,70,,54713,1,,,0,32,,54714,1,,,0,70,,54696,1,,,0,30,,54699,1,,,0,70,,54691,1,,,0,30,,54698,1,,,0,70,,54697,1,,,0,30,,54700,1,,,0,70,,54693,1,,,0,30,,54701,1,,,0,70,,54694,1,,,0,30,,54702,1,,,0,70,,54695,1,,,0,28,,54703,1,,,0,70,,54692,1,,,0,30,,54704,1,,,0
10090019,'1908',645,,58734,3,,,0,100,,58732,3,,,0,100,,58731,3,,,0,100,,58733,3,,,0,470,,58736,3,,,0,100,,58737,3,,,0,100,,58738,3,,,0,100,,58735,3,,,0
10090029,'1908',715,,58746,5,,,0,100,,58739,5,,,0,100,,58741,5,,,0,100,,58740,5,,,0,430,,58745,5,,,0,100,,58743,5,,,0,100,,58742,5,,,0,100,,58744,5,,,0
20090019,'1908',725,,58747,13,4,,0,100,,58748,13,4,,0,100,,58749,13,4,,0,100,,58750,13,4,,0,500,,58751,13,4,,0,100,,58752,13,4,,0,100,,58753,13,4,,0,100,,58754,13,4,,0
20090029,'1908',625,,58755,1,,,0,100,,58756,1,,,0,100,,58757,1,,,0,100,,58758,1,,,0,500,,58759,1,,,0,100,,58760,1,,,0,100,,58761,1,,,0,100,,58762,1,,,0
