2029,'1907',618,,59290,17,,,0,30,,59298,17,,,0,68,,59309,17,,,0,30,,59304,17,,,0,70,,59291,17,,,0,30,,59299,17,,,0,70,,59310,17,,,0,30,,59305,17,,,0,55,,53432,2,0,12,0,15,,59292,17,,,0,30,,59300,17,,,0,70,,59311,17,,,0,30,,59306,17,,,0,70,,59293,17,,,0,30,,59301,17,,,0,70,,59312,17,,,0,30,,59307,17,,,0,70,,59294,17,,,0,30,,59302,17,,,0,70,,59313,17,,,0,30,,59308,17,,,0,70,,59295,17,,,0,30,,59303,17,,,0,70,,59314,17,,,0,100,,59296,17,,,0,99,,59315,17,,,0,100,,59297,17,,,0,101,,59316,17,,,0,100,,59289,17,,,0
2029,'1909',521,,59338,2,,,0,25,,59321,17,,,0,70,,59322,17,,,0,30,,59323,17,,,0,68,,59324,17,,,0,28,,59325,17,,,0,70,,59326,17,,,0,30,,59327,17,,,0,73,,59328,17,,,0,30,,59329,17,,,0,70,,59352,17,,,0,30,,59348,17,,,0,70,,59354,17,,,0,30,,59350,17,,,0,70,,59351,17,,,0,30,,59347,17,,,0,70,,59353,17,,,0,30,,59349,17,,,0,70,,59355,17,,,0,31,,59330,17,,,0,74,,59331,17,,,0,30,,59332,17,,,0,70,,59333,17,,,0,30,,59334,17,,,0,70,,59335,17,,,0,28,,59336,17,,,0,67,,59337,17,,,0,30,,59341,17,,,0,70,,59342,17,,,0,101,,59343,17,,,0,100,,59344,17,,,0,100,,59340,17,,,0
2029,'1910',548,,59387,17,0,5 2 15 16 17,0,70,,59370,17,,,0,30,,59377,17,,,0,68,,59356,17,,,0,30,,59362,17,,,0,70,,59371,17,,,0,30,,59378,17,,,0,70,,59357,17,,,0,30,,59363,17,,,0,70,,59372,17,,,0,30,,59379,17,,,0,70,,59358,17,,,0,30,,59364,17,,,0,70,,59373,17,,,0,30,,59380,17,,,0,70,,59359,17,,,0,30,,59365,17,,,0,70,,59374,17,,,0,30,,59381,17,,,0,70,,59360,17,,,0,30,,59366,17,,,0,70,,59375,17,,,0,30,,59382,17,,,0,70,,59361,17,,,0,30,,59367,17,,,0,70,,59376,17,,,0,30,,59383,17,,,0,70,,59368,17,,,0,100,,59384,17,,,0,100,,59369,17,,,0,100,,59385,17,,,0
2029,'1912',618,,59391,17,,,0,30,,59399,17,,,0,68,,59410,17,,,0,30,,59405,17,,,0,70,,59392,17,,,0,30,,59400,17,,,0,70,,59411,17,,,0,30,,59406,17,,,0,55,,53567,2,0,12,0,15,,59393,17,,,0,30,,59401,17,,,0,70,,59412,17,,,0,30,,59407,17,,,0,70,,59394,17,,,0,30,,59402,17,,,0,70,,59413,17,,,0,30,,59408,17,,,0,70,,59395,17,,,0,30,,59403,17,,,0,70,,59414,17,,,0,30,,59409,17,,,0,70,,59396,17,,,0,30,,59404,17,,,0,70,,59415,17,,,0,100,,59397,17,,,0,99,,59416,17,,,0,100,,59398,17,,,0,101,,59417,17,,,0,100,,59390,17,,,0
2029,'1924',618,,59423,17,,,0,30,,59431,17,,,0,68,,59442,17,,,0,30,,59437,17,,,0,70,,59424,17,,,0,30,,59432,17,,,0,70,,59443,17,,,0,30,,59438,17,,,0,55,,53534,2,0,12,0,15,,59425,17,,,0,30,,59433,17,,,0,70,,59444,17,,,0,30,,59439,17,,,0,70,,59426,17,,,0,30,,59434,17,,,0,70,,59445,17,,,0,30,,59440,17,,,0,70,,59427,17,,,0,30,,59435,17,,,0,70,,59446,17,,,0,30,,59441,17,,,0,70,,59428,17,,,0,30,,59436,17,,,0,70,,59447,17,,,0,100,,59429,17,,,0,99,,59448,17,,,0,100,,59430,17,,,0,101,,59449,17,,,0,100,,59422,17,,,0
2029,'1925',618,,59455,17,,,0,30,,59463,17,,,0,68,,59474,17,,,0,30,,59469,17,,,0,70,,59456,17,,,0,30,,59464,17,,,0,70,,59475,17,,,0,30,,59470,17,,,0,55,,59486,2,0,12,0,15,,59457,17,,,0,30,,59465,17,,,0,70,,59476,17,,,0,30,,59471,17,,,0,70,,59458,17,,,0,30,,59466,17,,,0,70,,59477,17,,,0,30,,59472,17,,,0,70,,59459,17,,,0,30,,59467,17,,,0,70,,59478,17,,,0,30,,59473,17,,,0,70,,59460,17,,,0,30,,59468,17,,,0,70,,59479,17,,,0,100,,59461,17,,,0,99,,59480,17,,,0,100,,59462,17,,,0,101,,59481,17,,,0,100,,59454,17,,,0
7029,'1907',716,,59835,13,,,0,99,,59836,13,,,0,100,,59837,13,,,0,100,,59838,13,,,0,100,,59839,13,,,0,100,,59840,13,,,0,100,,59841,13,,,0,101,,59842,13,,,0,100,,59843,13,,,0,99,,59844,13,,,0,100,,59845,13,,,0,100,,59846,13,,,0,100,,59847,13,,,0,101,,59848,13,,,0,27,,54294,13,0,13 33,0,73,,59834,13,,,0
7029,'1909',513,,54343,13,,,0,35,,59868,13,0,13 33,0,67,,54313,13,,,0,29,,59856,13,,,0,72,,54315,13,,,0,30,,59857,13,,,0,70,,54317,13,,,0,30,,59858,13,,,0,70,,54319,13,,,0,30,,54320,13,,,0,70,,54321,13,,,0,30,,54322,13,,,0,70,,54323,13,,,0,30,,59859,13,,,0,70,,59854,13,,,0,30,,59855,13,,,0,70,,54311,13,,,0,31,,59853,13,,,0,70,,59852,13,,,0,30,,54312,13,,,0,70,,54325,13,,,0,30,,59860,13,,,0,70,,59861,13,,,0,29,,54328,13,,,0,70,,54329,13,,,0,30,,54330,13,,,0,70,,59862,13,,,0,30,,59863,13,,,0,70,,54333,13,,,0,30,,54334,13,,,0,70,,59864,13,,,0,100,,54336,13,,,0,100,,59865,13,,,0,100,,54344,13,,,0
7029,'1910',617,,59875,2,,,0,29,,59869,13,,,0,70,,54359,13,,,0,30,,54346,13,,,0,70,,54360,13,,,0,30,,54347,13,,,0,70,,59870,13,,,0,30,,54348,13,,,0,70,,54362,13,,,0,30,,54349,13,,,0,70,,54363,13,,,0,30,,54350,13,,,0,70,,59871,13,,,0,30,,54351,13,,,0,70,,59872,13,,,0,30,,54352,13,,,0,70,,54366,13,,,0,30,,54353,13,,,0,70,,54367,13,,,0,30,,54354,13,,,0,70,,54368,13,,,0,30,,54355,13,,,0,70,,54369,13,,,0,30,,54356,13,,,0,70,,54370,13,,,0,30,,54357,13,,,0,70,,59873,13,,,0,30,,54358,13,,,0,70,,54372,13,,,0,100,,54373,13,,,0,100,,59874,13,,,0,100,,54375,13,,,0
7029,'1912',716,,59878,13,,,0,99,,59879,13,,,0,100,,59880,13,,,0,100,,59881,13,,,0,100,,59882,13,,,0,100,,59883,13,,,0,100,,59884,13,,,0,101,,59885,13,,,0,100,,59886,13,,,0,99,,59887,13,,,0,100,,59888,13,,,0,100,,59889,13,,,0,100,,59890,13,,,0,101,,59891,13,,,0,27,,54436,13,0,13 33,0,73,,59877,13,,,0
7029,'1924',716,,59896,13,,,0,99,,59897,13,,,0,100,,59898,13,,,0,100,,59899,13,,,0,100,,59900,13,,,0,100,,59901,13,,,0,100,,59902,13,,,0,101,,59903,13,,,0,100,,59904,13,,,0,99,,59905,13,,,0,100,,59906,13,,,0,100,,59907,13,,,0,100,,59908,13,,,0,101,,59909,13,,,0,27,,54402,13,0,13 33,0,73,,59895,13,,,0
7029,'1925',716,,59914,13,,,0,99,,59915,13,,,0,100,,59916,13,,,0,100,,59917,13,,,0,100,,59918,13,,,0,100,,59919,13,,,0,100,,59920,13,,,0,101,,59921,13,,,0,100,,59922,13,,,0,99,,59923,13,,,0,100,,59924,13,,,0,100,,59925,13,,,0,100,,59926,13,,,0,101,,59927,13,,,0,27,,59934,13,0,13 33,0,73,,59913,13,,,0
14000001029,'1907',531,,61816,2,0,18 7,0,1811,,61810,2,,,0,69,,61814,2,,,0,30,,61815,2,,,0,70,,61812,2,,,0,30,,61813,2,,,0,70,,61811,2,,,0
14000001029,'1909',429,,61817,2,0,18 7,0,102,,61818,2,0,18 7,0,1811,,61820,2,,,0,69,,61821,2,,,0,30,,61824,2,,,0,70,,61819,2,,,0,30,,61822,2,,,0,70,,61823,2,,,0
14000001029,'1910',531,,61829,2,0,18 7,0,1811,,61831,2,,,0,69,,61826,2,,,0,30,,61825,2,,,0,70,,61827,2,,,0,30,,61830,2,,,0,70,,61828,2,,,0
14000001029,'1912',531,,61838,2,0,18 7,0,1811,,61832,2,,,0,69,,61836,2,,,0,30,,61837,2,,,0,70,,61834,2,,,0,30,,61835,2,,,0,70,,61833,2,,,0
14000001029,'1924',531,,61845,2,0,18 7,0,1811,,61839,2,,,0,69,,61843,2,,,0,30,,61844,2,,,0,70,,61841,2,,,0,30,,61842,2,,,0,70,,61840,2,,,0
14000001029,'1925',531,,61852,2,0,18 7,0,1811,,61846,2,,,0,69,,61850,2,,,0,30,,61851,2,,,0,70,,61848,2,,,0,30,,61849,2,,,0,70,,61847,2,,,0
