1029,'1907',610,,58968,29,,,0,98,,58969,29,,,0,100,,58970,29,,,0,101,,58971,29,,,0,101,,58972,29,,,0,100,,58973,29,,,0,100,,58974,29,,,0,100,,58975,29,,,0,100,,58976,29,,,0,100,,58977,29,,,0,99,,58978,29,,,0,100,,58979,29,,,0,100,,58980,29,,,0,100,,58981,29,,,0,100,,58982,29,,,0,100,,58983,29,,,0,98,,58984,29,,,0,99,,58985,29,,,0
1029,'1909',609,,58995,29,,,0,35,,58996,29,,,0,67,,59016,29,,,0,30,,58992,29,,,0,70,,58987,29,,,0,30,,59020,29,,,0,73,,58990,29,,,0,30,,58997,29,,,0,70,,59015,29,,,0,30,,58994,29,,,0,70,,58986,29,,,0,30,,59019,29,,,0,70,,58991,29,,,0,30,,58998,29,,,0,70,,59014,29,,,0,30,,58993,29,,,0,70,,58988,29,,,0,30,,59017,29,,,0,71,,58989,29,,,0,30,,58999,29,,,0,70,,59013,29,,,0,30,,59002,29,,,0,70,,59001,29,,,0,28,,59000,29,,,0,67,,59006,29,,,0,30,,59005,29,,,0,70,,59004,29,,,0,30,,59003,29,,,0,70,,59018,29,,,0,29,,59012,29,,,0,70,,59011,29,,,0,30,,59010,29,,,0,70,,59009,29,,,0,30,,59008,29,,,0,65,,59007,29,,,0
1029,'1910',609,,59026,29,,,0,28,,59038,29,,,0,70,,59045,29,,,0,30,,59033,29,,,0,70,,59054,29,,,0,30,,59042,29,,,0,72,,59025,29,,,0,30,,59037,29,,,0,70,,59048,29,,,0,30,,59032,29,,,0,70,,59055,29,,,0,30,,59041,29,,,0,70,,59024,29,,,0,30,,59036,29,,,0,70,,59047,29,,,0,30,,59031,29,,,0,70,,59027,29,,,0,30,,59040,29,,,0,70,,59023,29,,,0,30,,59035,29,,,0,70,,59043,29,,,0,30,,59030,29,,,0,70,,59052,29,,,0,30,,59039,29,,,0,69,,59022,29,,,0,31,,59034,29,,,0,70,,59046,29,,,0,30,,59028,29,,,0,70,,59050,29,,,0,30,,59049,29,,,0,70,,59021,29,,,0,30,,59029,29,,,0,70,,59044,29,,,0,30,,59053,29,,,0,69,,59051,29,,,0
1029,'1912',610,,59056,29,,,0,98,,59057,29,,,0,100,,59058,29,,,0,101,,59059,29,,,0,101,,59060,29,,,0,100,,59061,29,,,0,100,,59062,29,,,0,100,,59063,29,,,0,100,,59064,29,,,0,100,,59065,29,,,0,99,,59066,29,,,0,100,,59067,29,,,0,100,,59068,29,,,0,100,,59069,29,,,0,100,,59070,29,,,0,100,,59071,29,,,0,98,,59072,29,,,0,99,,59073,29,,,0
1029,'1924',610,,59074,29,,,0,98,,59075,29,,,0,100,,59076,29,,,0,101,,59077,29,,,0,101,,59078,29,,,0,100,,59079,29,,,0,100,,59080,29,,,0,100,,59081,29,,,0,100,,59082,29,,,0,100,,59083,29,,,0,99,,59084,29,,,0,100,,59085,29,,,0,100,,59086,29,,,0,100,,59087,29,,,0,100,,59088,29,,,0,100,,59089,29,,,0,98,,59090,29,,,0,99,,59091,29,,,0
1029,'1925',610,,59092,29,,,0,98,,59093,29,,,0,100,,59094,29,,,0,101,,59095,29,,,0,101,,59096,29,,,0,100,,59097,29,,,0,100,,59098,29,,,0,100,,59099,29,,,0,100,,59100,29,,,0,100,,59101,29,,,0,99,,59102,29,,,0,100,,59103,29,,,0,100,,59104,29,,,0,100,,59105,29,,,0,100,,59106,29,,,0,100,,59107,29,,,0,98,,59108,29,,,0,99,,59109,29,,,0
31019,'1907',603,,60562,9,,,0,50,,60545,21,,,0,100,,60546,21,,,0,101,,60547,21,,,0,100,,60548,21,,,0,100,,60549,21,,,0,100,,60550,21,,,0,100,,60551,21,,,0,100,,60552,21,,,0,100,,60553,21,,,0,100,,60554,21,,,0,100,,60555,21,,,0,100,,60556,21,,,0,100,,60557,21,,,0,100,,60558,21,,,0,100,,60559,21,,,0,100,,60560,21,,,0,99,,60561,21,,,0
31019,'1909',602,,60596,9,,,0,26,,60591,9,,,0,25,,60564,21,,,0,73,,60577,21,,,0,30,,60589,21,,,0,70,,60573,21,,,0,30,,60570,21,,,0,69,,60584,21,,,0,30,,60567,21,,,0,70,,60578,21,,,0,30,,60588,21,,,0,70,,60576,21,,,0,30,,60571,21,,,0,70,,60583,21,,,0,30,,60566,21,,,0,70,,60579,21,,,0,30,,60587,21,,,0,70,,60574,21,,,0,30,,55867,21,,,0,73,,60582,21,,,0,30,,55865,21,,,0,70,,60580,21,,,0,30,,55886,21,,,0,67,,60575,21,,,0,29,,60569,21,,,0,70,,60581,21,,,0,30,,60565,21,,,0,70,,60597,21,,,0,30,,60586,21,,,0,100,,60572,21,,,0,100,,60568,21,,,0,100,,60585,21,,,0
31019,'1910',603,,60633,9,,,0,26,,60626,9,,,0,24,,60603,21,,,0,70,,60619,21,,,0,30,,60632,21,,,0,70,,60615,21,,,0,30,,60609,21,,,0,71,,60625,21,,,0,30,,60602,21,,,0,70,,60618,21,,,0,30,,60627,21,,,0,70,,60614,21,,,0,30,,60608,21,,,0,71,,60624,21,,,0,30,,60601,21,,,0,70,,60617,21,,,0,30,,60630,21,,,0,70,,60613,21,,,0,30,,60607,21,,,0,70,,60623,21,,,0,30,,60600,21,,,0,70,,60616,21,,,0,30,,60629,21,,,0,70,,60612,21,,,0,29,,60606,21,,,0,70,,60622,21,,,0,30,,60599,21,,,0,69,,60634,21,,,0,30,,60628,21,,,0,100,,60605,21,,,0,100,,60598,21,,,0,100,,60631,21,,,0
31019,'1912',603,,60652,9,,,0,50,,60635,21,,,0,100,,60636,21,,,0,101,,60637,21,,,0,100,,60638,21,,,0,100,,60639,21,,,0,100,,60640,21,,,0,100,,60641,21,,,0,100,,60642,21,,,0,100,,60643,21,,,0,100,,60644,21,,,0,100,,60645,21,,,0,100,,60646,21,,,0,100,,60647,21,,,0,100,,60648,21,,,0,100,,60649,21,,,0,100,,60650,21,,,0,99,,60651,21,,,0
31019,'1924',603,,60671,9,,,0,50,,60654,21,,,0,100,,60655,21,,,0,101,,60656,21,,,0,100,,60657,21,,,0,100,,60658,21,,,0,100,,60659,21,,,0,100,,60660,21,,,0,100,,60661,21,,,0,100,,60662,21,,,0,100,,60663,21,,,0,100,,60664,21,,,0,100,,60665,21,,,0,100,,60666,21,,,0,100,,60667,21,,,0,100,,60668,21,,,0,100,,60669,21,,,0,99,,60670,21,,,0
31019,'1925',603,,60690,9,,,0,50,,60673,21,,,0,100,,60674,21,,,0,101,,60675,21,,,0,100,,60676,21,,,0,100,,60677,21,,,0,100,,60678,21,,,0,100,,60679,21,,,0,100,,60680,21,,,0,100,,60681,21,,,0,100,,60682,21,,,0,100,,60683,21,,,0,100,,60684,21,,,0,100,,60685,21,,,0,100,,60686,21,,,0,100,,60687,21,,,0,100,,60688,21,,,0,99,,60689,21,,,0
801019,'1907',755,,58439,8,0,12,0,70,,58435,8,0,12,0,30,,58443,8,0,12,0,70,,58432,8,0,12,0,30,,58427,8,0,12,0,70,,58437,8,0,12,0,30,,58450,8,0,12,0,70,,58441,8,0,12,0,30,,58438,8,0,12,0,70,,58447,8,0,12,0,30,,58433,8,0,12,0,70,,58444,8,0,12,0,30,,58446,8,0,12,0,70,,58442,8,0,12,0,30,,58429,8,0,12,0,70,,58448,8,0,12,0,30,,58434,8,0,12,0,70,,58430,8,0,12,0,30,,58445,8,0,12,0,70,,58428,8,0,12,0,30,,58431,8,0,12,0,70,,58449,8,0,12,0,30,,58426,8,0,12,0,71,,58436,8,0,12,0,30,,58451,8,0,12,0,70,,58440,8,0,12,0
801019,'1909',600,,61696,8,0,12,0,30,,61693,8,0,12,0,20,,58477,8,0,12,0,65,,58474,8,0,12,0,17,,58476,8,0,12,0,18,,58473,8,0,12,0,60,,58475,8,0,12,0,20,,58481,8,0,12,0,25,,58452,8,0,12,0,70,,58453,8,0,12,0,30,,61684,8,0,12,0,70,,58455,8,0,12,0,30,,58456,8,0,12,0,70,,61685,8,0,12,0,30,,61686,8,0,12,0,69,,58459,8,0,12,0,31,,58460,8,0,12,0,70,,61687,8,0,12,0,30,,58462,8,0,12,0,70,,58463,8,0,12,0,31,,58478,8,0,12,0,70,,61694,8,0,12,0,25,,58464,8,0,12,0,60,,61688,8,0,12,0,20,,58483,8,0,12,0,20,,58466,8,0,12,0,60,,58467,8,0,12,0,22,,61695,8,0,12,0,17,,61689,8,0,12,0,60,,61697,8,0,12,0,15,,61692,8,0,12,0,30,,58469,8,0,12,0,70,,61690,8,0,12,0,30,,61691,8,0,12,0,70,,58472,8,0,12,0
801019,'1910',756,,61698,8,0,12,0,70,,58490,8,0,12,0,30,,58491,8,0,12,0,70,,58488,8,0,12,0,30,,58487,8,0,12,0,70,,58506,8,0,12,0,30,,58507,8,0,12,0,70,,58510,8,0,12,0,30,,58496,8,0,12,0,70,,58505,8,0,12,0,30,,58503,8,0,12,0,70,,58509,8,0,12,0,30,,61700,8,0,12,0,70,,58511,8,0,12,0,30,,58501,8,0,12,0,70,,58502,8,0,12,0,30,,58497,8,0,12,0,70,,58512,8,0,12,0,30,,58495,8,0,12,0,70,,58504,8,0,12,0,30,,58500,8,0,12,0,70,,58508,8,0,12,0,30,,58499,8,0,12,0,70,,58492,8,0,12,0,30,,58493,8,0,12,0,70,,61699,8,0,12,0
801019,'1912',755,,58552,8,0,12,0,70,,58548,8,0,12,0,30,,58556,8,0,12,0,70,,58545,8,0,12,0,30,,58540,8,0,12,0,70,,58550,8,0,12,0,30,,58563,8,0,12,0,70,,58554,8,0,12,0,30,,58551,8,0,12,0,70,,58560,8,0,12,0,30,,58546,8,0,12,0,70,,58557,8,0,12,0,30,,58559,8,0,12,0,70,,58555,8,0,12,0,30,,58542,8,0,12,0,70,,58561,8,0,12,0,30,,58547,8,0,12,0,70,,58543,8,0,12,0,30,,58558,8,0,12,0,70,,58541,8,0,12,0,30,,58544,8,0,12,0,70,,58562,8,0,12,0,30,,58539,8,0,12,0,71,,58549,8,0,12,0,30,,58564,8,0,12,0,70,,58553,8,0,12,0
801019,'1924',755,,58526,8,0,12,0,70,,58522,8,0,12,0,30,,58530,8,0,12,0,70,,58519,8,0,12,0,30,,58514,8,0,12,0,70,,58524,8,0,12,0,30,,58537,8,0,12,0,70,,58528,8,0,12,0,30,,58525,8,0,12,0,70,,58534,8,0,12,0,30,,58520,8,0,12,0,70,,58531,8,0,12,0,30,,58533,8,0,12,0,70,,58529,8,0,12,0,30,,58516,8,0,12,0,70,,58535,8,0,12,0,30,,58521,8,0,12,0,70,,58517,8,0,12,0,30,,58532,8,0,12,0,70,,58515,8,0,12,0,30,,58518,8,0,12,0,70,,58536,8,0,12,0,30,,58513,8,0,12,0,71,,58523,8,0,12,0,30,,58538,8,0,12,0,70,,58527,8,0,12,0
801019,'1925',755,,61714,8,0,12,0,70,,61710,8,0,12,0,30,,61718,8,0,12,0,70,,61707,8,0,12,0,30,,61702,8,0,12,0,70,,61712,8,0,12,0,30,,61725,8,0,12,0,70,,61716,8,0,12,0,30,,61713,8,0,12,0,70,,61722,8,0,12,0,30,,61708,8,0,12,0,70,,61719,8,0,12,0,30,,61721,8,0,12,0,70,,61717,8,0,12,0,30,,61704,8,0,12,0,70,,61723,8,0,12,0,30,,61709,8,0,12,0,70,,61705,8,0,12,0,30,,61720,8,0,12,0,70,,61703,8,0,12,0,30,,61706,8,0,12,0,70,,61724,8,0,12,0,30,,61701,8,0,12,0,71,,61711,8,0,12,0,30,,61726,8,0,12,0,70,,61715,8,0,12,0
