1029,'1907',627,,58968,50,,,0,100,,58969,50,,,0,100,,58970,50,,,0,101,,58971,50,,,0,100,,58972,50,,,0,100,,58973,50,,,0,100,,58974,50,,,0,100,,58975,50,,,0,100,,58976,50,,,0,100,,58977,50,,,0,100,,58978,50,,,0,100,,58979,50,,,0,100,,58980,50,,,0,100,,58981,50,,,0,100,,58982,50,,,0,100,,58983,50,,,0,101,,58984,50,,,0,94,,58985,50,,,0
1029,'1909',627,,58995,50,,,0,75,,58996,50,,,0,32,,59016,50,,,0,70,,58992,50,,,0,30,,58987,50,,,0,70,,59020,50,,,0,30,,58990,50,,,0,70,,58997,50,,,0,30,,59015,50,,,0,70,,58994,50,,,0,30,,58986,50,,,0,70,,59019,50,,,0,30,,58991,50,,,0,70,,58998,50,,,0,30,,59014,50,,,0,70,,58993,50,,,0,31,,58988,50,,,0,71,,59017,50,,,0,32,,58989,50,,,0,70,,58999,50,,,0,30,,59013,50,,,0,70,,59002,50,,,0,29,,59001,50,,,0,67,,59000,50,,,0,25,,59006,50,,,0,30,,59005,50,,,0,70,,59004,50,,,0,30,,59003,50,,,0,69,,59018,50,,,0,30,,59012,50,,,0,70,,59011,50,,,0,30,,59010,50,,,0,70,,59009,50,,,0,30,,59008,50,,,0,65,,59007,50,,,0
1029,'1910',627,,59026,50,,,0,30,,59038,50,,,0,70,,59045,50,,,0,30,,59033,50,,,0,70,,59054,50,,,0,30,,59042,50,,,0,72,,59025,50,,,0,29,,59037,50,,,0,70,,59048,50,,,0,30,,59032,50,,,0,70,,59055,50,,,0,30,,59041,50,,,0,70,,59024,50,,,0,30,,59036,50,,,0,70,,59047,50,,,0,30,,59031,50,,,0,70,,59027,50,,,0,30,,59040,50,,,0,70,,59023,50,,,0,30,,59035,50,,,0,70,,59043,50,,,0,30,,59030,50,,,0,70,,59052,50,,,0,30,,59039,50,,,0,69,,59022,50,,,0,31,,59034,50,,,0,70,,59046,50,,,0,30,,59028,50,,,0,70,,59050,50,,,0,30,,59049,50,,,0,70,,59021,50,,,0,30,,59029,50,,,0,70,,59044,50,,,0,30,,59053,50,,,0,70,,59051,50,,,0
1029,'1912',627,,59056,50,,,0,100,,59057,50,,,0,100,,59058,50,,,0,101,,59059,50,,,0,100,,59060,50,,,0,100,,59061,50,,,0,100,,59062,50,,,0,100,,59063,50,,,0,100,,59064,50,,,0,100,,59065,50,,,0,100,,59066,50,,,0,100,,59067,50,,,0,100,,59068,50,,,0,100,,59069,50,,,0,100,,59070,50,,,0,100,,59071,50,,,0,101,,59072,50,,,0,94,,59073,50,,,0
1029,'1924',627,,59074,50,,,0,100,,59075,50,,,0,100,,59076,50,,,0,101,,59077,50,,,0,100,,59078,50,,,0,100,,59079,50,,,0,100,,59080,50,,,0,100,,59081,50,,,0,100,,59082,50,,,0,100,,59083,50,,,0,100,,59084,50,,,0,100,,59085,50,,,0,100,,59086,50,,,0,100,,59087,50,,,0,100,,59088,50,,,0,100,,59089,50,,,0,101,,59090,50,,,0,94,,59091,50,,,0
1029,'1925',627,,59092,50,,,0,100,,59093,50,,,0,100,,59094,50,,,0,101,,59095,50,,,0,100,,59096,50,,,0,100,,59097,50,,,0,100,,59098,50,,,0,100,,59099,50,,,0,100,,59100,50,,,0,100,,59101,50,,,0,100,,59102,50,,,0,100,,59103,50,,,0,100,,59104,50,,,0,100,,59105,50,,,0,100,,59106,50,,,0,100,,59107,50,,,0,101,,59108,50,,,0,94,,59109,50,,,0
2029,'1907',642,,59290,47,,,0,70,,59298,47,,,0,31,,59309,47,,,0,70,,59304,47,,,0,30,,59291,47,,,0,70,,59299,47,,,0,30,,59310,47,,,0,70,,59305,47,,,0,30,,59292,47,,,0,70,,59300,47,,,0,30,,59311,47,,,0,70,,59306,47,,,0,30,,59293,47,,,0,70,,59301,47,,,0,30,,59312,47,,,0,70,,59307,47,,,0,30,,59294,47,,,0,70,,59302,47,,,0,30,,59313,47,,,0,70,,59308,47,,,0,30,,59295,47,,,0,70,,59303,47,,,0,30,,59314,47,,,0,100,,59296,47,,,0,99,,59315,47,,,0,100,,59297,47,,,0,101,,59316,47,,,0,100,,59289,47,,,0
2029,'1909',547,,59338,32,,,0,65,,59321,47,,,0,30,,59322,47,,,0,72,,59323,47,,,0,30,,59324,47,,,0,70,,59325,47,,,0,30,,59326,47,,,0,70,,59327,47,,,0,30,,59328,47,,,0,70,,59329,47,,,0,30,,59352,47,,,0,70,,59348,47,,,0,30,,59354,47,,,0,70,,59350,47,,,0,30,,59351,47,,,0,70,,59347,47,,,0,30,,59353,47,,,0,70,,59349,47,,,0,32,,59355,47,,,0,71,,59330,47,,,0,34,,59331,47,,,0,70,,59332,47,,,0,30,,59333,47,,,0,70,,59334,47,,,0,28,,59335,47,,,0,65,,59336,47,,,0,29,,59337,47,,,0,70,,59341,47,,,0,30,,59342,47,,,0,100,,59343,47,,,0,100,,59344,47,,,0,100,,59340,47,,,0
2029,'1910',612,,59387,47,0,5 2 15 16 17,0,30,,59370,47,,,0,69,,59377,47,,,0,31,,59356,47,,,0,70,,59362,47,,,0,30,,59371,47,,,0,71,,59378,47,,,0,30,,59357,47,,,0,70,,59363,47,,,0,30,,59372,47,,,0,70,,59379,47,,,0,30,,59358,47,,,0,70,,59364,47,,,0,30,,59373,47,,,0,70,,59380,47,,,0,30,,59359,47,,,0,70,,59365,47,,,0,30,,59374,47,,,0,70,,59381,47,,,0,30,,59360,47,,,0,70,,59366,47,,,0,30,,59375,47,,,0,70,,59382,47,,,0,30,,59361,47,,,0,70,,59367,47,,,0,30,,59376,47,,,0,70,,59383,47,,,0,30,,59368,47,,,0,100,,59384,47,,,0,100,,59369,47,,,0,100,,59385,47,,,0
2029,'1912',642,,59391,47,,,0,70,,59399,47,,,0,31,,59410,47,,,0,70,,59405,47,,,0,30,,59392,47,,,0,70,,59400,47,,,0,30,,59411,47,,,0,70,,59406,47,,,0,30,,59393,47,,,0,70,,59401,47,,,0,30,,59412,47,,,0,70,,59407,47,,,0,30,,59394,47,,,0,70,,59402,47,,,0,30,,59413,47,,,0,70,,59408,47,,,0,30,,59395,47,,,0,70,,59403,47,,,0,30,,59414,47,,,0,70,,59409,47,,,0,30,,59396,47,,,0,70,,59404,47,,,0,30,,59415,47,,,0,100,,59397,47,,,0,99,,59416,47,,,0,100,,59398,47,,,0,101,,59417,47,,,0,100,,59390,47,,,0
2029,'1924',642,,59423,47,,,0,70,,59431,47,,,0,31,,59442,47,,,0,70,,59437,47,,,0,30,,59424,47,,,0,70,,59432,47,,,0,30,,59443,47,,,0,70,,59438,47,,,0,30,,59425,47,,,0,70,,59433,47,,,0,30,,59444,47,,,0,70,,59439,47,,,0,30,,59426,47,,,0,70,,59434,47,,,0,30,,59445,47,,,0,70,,59440,47,,,0,30,,59427,47,,,0,70,,59435,47,,,0,30,,59446,47,,,0,70,,59441,47,,,0,30,,59428,47,,,0,70,,59436,47,,,0,30,,59447,47,,,0,100,,59429,47,,,0,99,,59448,47,,,0,100,,59430,47,,,0,101,,59449,47,,,0,100,,59422,47,,,0
2029,'1925',642,,59455,47,,,0,70,,59463,47,,,0,31,,59474,47,,,0,70,,59469,47,,,0,30,,59456,47,,,0,70,,59464,47,,,0,30,,59475,47,,,0,70,,59470,47,,,0,30,,59457,47,,,0,70,,59465,47,,,0,30,,59476,47,,,0,70,,59471,47,,,0,30,,59458,47,,,0,70,,59466,47,,,0,30,,59477,47,,,0,70,,59472,47,,,0,30,,59459,47,,,0,70,,59467,47,,,0,30,,59478,47,,,0,70,,59473,47,,,0,30,,59460,47,,,0,70,,59468,47,,,0,30,,59479,47,,,0,100,,59461,47,,,0,99,,59480,47,,,0,100,,59462,47,,,0,101,,59481,47,,,0,100,,59454,47,,,0
609,'1909',634,,59635,26,0,15 16 17,0,76,,59613,26,0,15 16 17,0,32,,59611,26,0,15 16 17,0,70,,59616,26,0,15 16 17,0,30,,53927,26,0,15 16 17,0,70,,53937,26,0,15 16 17,0,30,,59634,26,0,15 16 17,0,70,,53924,26,0,15 16 17,0,30,,53933,26,0,15 16 17,0,70,,53934,26,0,15 16 17,0,30,,53932,26,0,15 16 17,0,70,,53956,26,0,15 16 17,0,30,,53955,26,0,15 16 17,0,70,,53952,26,0,15 16 17,0,30,,59629,26,0,15 16 17,0,70,,59630,26,0,15 16 17,0,31,,59628,26,0,15 16 17,0,71,,59626,26,0,15 16 17,0,30,,59627,26,0,15 16 17,0,70,,59625,26,0,15 16 17,0,30,,59624,26,0,15 16 17,0,70,,59623,26,0,15 16 17,0,28,,53947,26,0,15 16 17,0,67,,53944,26,0,15 16 17,0,25,,59622,26,0,15 16 17,0,70,,53942,26,0,15 16 17,0,50,,53940,26,0,15 16 17,0,99,,59621,26,0,15 16 17,0,100,,53939,26,0,15 16 17,0,100,,59637,26,0,15 16 17,0
609,'1910',625,,59687,26,0,15 16 17,0,30,,59668,26,0,15 16 17,0,70,,59658,26,0,15 16 17,0,30,,54013,26,0,15 16 17,0,70,,53986,26,0,15 16 17,0,30,,53998,26,0,15 16 17,0,70,,59657,26,0,15 16 17,0,28,,59681,26,0,15 16 17,0,70,,59656,26,0,15 16 17,0,30,,59667,26,0,15 16 17,0,73,,59655,26,0,15 16 17,0,30,,59680,26,0,15 16 17,0,70,,59654,26,0,15 16 17,0,30,,59666,26,0,15 16 17,0,70,,59653,26,0,15 16 17,0,30,,59679,26,0,15 16 17,0,70,,59652,26,0,15 16 17,0,30,,59665,26,0,15 16 17,0,70,,59651,26,0,15 16 17,0,30,,59678,26,0,15 16 17,0,70,,59650,26,0,15 16 17,0,30,,59664,26,0,15 16 17,0,70,,59649,26,0,15 16 17,0,30,,59684,26,0,15 16 17,0,70,,59669,26,0,15 16 17,0,30,,59682,26,0,15 16 17,0
12029,'1909',652,,60148,26,,,0,71,,60145,26,,,0,30,,60138,26,,,0,69,,60146,26,,,0,31,,60139,26,,,0,71,,60125,17,,,0,30,,60126,17,,,0,70,,60127,17,,,0,30,,60128,17,,,0,70,,60129,17,,,0,30,,60130,17,,,0,70,,60131,17,,,0,30,,60132,17,,,0,70,,60133,17,,,0,30,,60134,17,,,0,70,,60135,17,,,0,31,,60141,26,,,0,71,,60144,26,,,0,30,,60136,26,,,0,70,,60143,26,,,0,30,,60137,26,,,0,70,,60147,26,,,0,28,,60140,26,,,0,70,,60142,26,,,0
14000001029,'1907',553,,61816,31,0,18 7,0,1851,,61810,31,,,0,29,,61814,31,,,0,70,,61815,31,,,0,30,,61812,31,,,0,70,,61813,31,,,0,30,,61811,31,,,0
14000001029,'1909',451,,61817,31,0,18 7,0,102,,61818,31,0,18 7,0,1851,,61820,31,,,0,29,,61821,31,,,0,70,,61824,31,,,0,30,,61819,31,,,0,70,,61822,31,,,0,30,,61823,31,,,0
14000001029,'1910',553,,61829,31,0,18 7,0,1851,,61831,31,,,0,29,,61826,31,,,0,70,,61825,31,,,0,30,,61827,31,,,0,70,,61830,31,,,0,30,,61828,31,,,0
14000001029,'1912',553,,61838,31,0,18 7,0,1851,,61832,31,,,0,29,,61836,31,,,0,70,,61837,31,,,0,30,,61834,31,,,0,70,,61835,31,,,0,30,,61833,31,,,0
14000001029,'1924',553,,61845,31,0,18 7,0,1851,,61839,31,,,0,29,,61843,31,,,0,70,,61844,31,,,0,30,,61841,31,,,0,70,,61842,31,,,0,30,,61840,31,,,0
14000001029,'1925',553,,61852,31,0,18 7,0,1851,,61846,31,,,0,29,,61850,31,,,0,70,,61851,31,,,0,30,,61848,31,,,0,70,,61849,31,,,0,30,,61847,31,,,0
