1029,'1907',625,,53126,47,,,0,100,,53127,47,,,0,100,,53128,47,,,0,101,,53129,47,,,0,100,,53130,47,,,0,100,,53131,47,,,0,100,,53132,47,,,0,100,,53133,47,,,0,100,,53134,47,,,0,100,,53135,47,,,0,100,,53136,47,,,0,100,,53137,47,,,0,100,,53138,47,,,0,100,,53139,47,,,0,100,,53140,47,,,0,100,,53141,47,,,0,101,,53142,47,,,0,94,,53143,47,,,0
1029,'1909',625,,53153,47,,,0,75,,53154,47,,,0,32,,53174,47,,,0,70,,53150,47,,,0,30,,53145,47,,,0,70,,53178,47,,,0,30,,53148,47,,,0,70,,53155,47,,,0,30,,53173,47,,,0,70,,53152,47,,,0,30,,53144,47,,,0,70,,53177,47,,,0,30,,53149,47,,,0,70,,53156,47,,,0,30,,53172,47,,,0,70,,53151,47,,,0,31,,53146,47,,,0,71,,53175,47,,,0,32,,53147,47,,,0,70,,53157,47,,,0,30,,53171,47,,,0,70,,53160,47,,,0,29,,53159,47,,,0,67,,53158,47,,,0,25,,53164,47,,,0,30,,53163,47,,,0,70,,53162,47,,,0,30,,53161,47,,,0,69,,53176,47,,,0,30,,53170,47,,,0,70,,53169,47,,,0,30,,53168,47,,,0,70,,53167,47,,,0,30,,53166,47,,,0,65,,53165,47,,,0
1029,'1910',625,,53184,47,,,0,30,,53196,47,,,0,70,,53203,47,,,0,30,,53191,47,,,0,70,,53212,47,,,0,30,,53200,47,,,0,72,,53183,47,,,0,29,,53195,47,,,0,70,,53206,47,,,0,30,,53190,47,,,0,70,,53213,47,,,0,30,,53199,47,,,0,70,,53182,47,,,0,30,,53194,47,,,0,70,,53205,47,,,0,30,,53189,47,,,0,70,,53185,47,,,0,30,,53198,47,,,0,70,,53181,47,,,0,30,,53193,47,,,0,70,,53201,47,,,0,30,,53188,47,,,0,70,,53210,47,,,0,30,,53197,47,,,0,69,,53180,47,,,0,31,,53192,47,,,0,70,,53204,47,,,0,30,,53186,47,,,0,70,,53208,47,,,0,30,,53207,47,,,0,70,,53179,47,,,0,30,,53187,47,,,0,70,,53202,47,,,0,30,,53211,47,,,0,69,,53209,47,,,0
1029,'1911',625,,53214,47,,,0,100,,53215,47,,,0,100,,53216,47,,,0,101,,53217,47,,,0,100,,53218,47,,,0,100,,53219,47,,,0,100,,53220,47,,,0,100,,53221,47,,,0,100,,53222,47,,,0,100,,53223,47,,,0,100,,53224,47,,,0,100,,53225,47,,,0,100,,53226,47,,,0,100,,53227,47,,,0,100,,53228,47,,,0,100,,53229,47,,,0,101,,53230,47,,,0,94,,53231,47,,,0
1029,'1912',625,,53232,47,,,0,100,,53233,47,,,0,100,,53234,47,,,0,101,,53235,47,,,0,100,,53236,47,,,0,100,,53237,47,,,0,100,,53238,47,,,0,100,,53239,47,,,0,100,,53240,47,,,0,100,,53241,47,,,0,100,,53242,47,,,0,100,,53243,47,,,0,100,,53244,47,,,0,100,,53245,47,,,0,100,,53246,47,,,0,100,,53247,47,,,0,101,,53248,47,,,0,94,,53249,47,,,0
2029,'1907',640,,53401,44,,,0,70,,53409,44,,,0,31,,53420,44,,,0,70,,53415,44,,,0,30,,53402,44,,,0,70,,53410,44,,,0,30,,53421,44,,,0,70,,53416,44,,,0,30,,53403,44,,,0,70,,53411,44,,,0,30,,53422,44,,,0,70,,53417,44,,,0,30,,53404,44,,,0,70,,53412,44,,,0,30,,53423,44,,,0,70,,53418,44,,,0,30,,53405,44,,,0,70,,53413,44,,,0,30,,53424,44,,,0,70,,53419,44,,,0,30,,53406,44,,,0,70,,53414,44,,,0,30,,53425,44,,,0,100,,53407,44,,,0,99,,53426,44,,,0,100,,53408,44,,,0,101,,53427,44,,,0,100,,53400,44,,,0
2029,'1909',545,,53450,29,,,0,65,,53433,44,,,0,30,,53434,44,,,0,72,,53435,44,,,0,30,,53436,44,,,0,70,,53437,44,,,0,30,,53438,44,,,0,70,,53439,44,,,0,30,,53440,44,,,0,70,,53441,44,,,0,30,,53464,44,,,0,70,,53460,44,,,0,30,,53466,44,,,0,70,,53462,44,,,0,30,,53463,44,,,0,70,,53459,44,,,0,30,,53465,44,,,0,70,,53461,44,,,0,32,,53467,44,,,0,71,,53442,44,,,0,34,,53443,44,,,0,70,,53444,44,,,0,30,,53445,44,,,0,70,,53446,44,,,0,28,,53447,44,,,0,65,,53448,44,,,0,29,,53449,44,,,0,70,,53453,44,,,0,30,,53454,44,,,0,100,,53455,44,,,0,100,,53456,44,,,0,100,,53452,44,,,0
2029,'1910',610,,53499,44,0,5 2 15 16 17,0,30,,53482,44,,,0,69,,53489,44,,,0,31,,53468,44,,,0,70,,53474,44,,,0,30,,53483,44,,,0,71,,53490,44,,,0,30,,53469,44,,,0,70,,53475,44,,,0,30,,53484,44,,,0,70,,53491,44,,,0,30,,53470,44,,,0,70,,53476,44,,,0,30,,53485,44,,,0,70,,53492,44,,,0,30,,53471,44,,,0,70,,53477,44,,,0,30,,53486,44,,,0,70,,53493,44,,,0,30,,53472,44,,,0,70,,53478,44,,,0,30,,53487,44,,,0,70,,53494,44,,,0,30,,53473,44,,,0,70,,53479,44,,,0,30,,53488,44,,,0,70,,53495,44,,,0,30,,53480,44,,,0,100,,53496,44,,,0,100,,53481,44,,,0,100,,53497,44,,,0
2029,'1911',640,,53503,44,,,0,70,,53511,44,,,0,31,,53522,44,,,0,70,,53517,44,,,0,30,,53504,44,,,0,70,,53512,44,,,0,30,,53523,44,,,0,70,,53518,44,,,0,30,,53505,44,,,0,70,,53513,44,,,0,30,,53524,44,,,0,70,,53519,44,,,0,30,,53506,44,,,0,70,,53514,44,,,0,30,,53525,44,,,0,70,,53520,44,,,0,30,,53507,44,,,0,70,,53515,44,,,0,30,,53526,44,,,0,70,,53521,44,,,0,30,,53508,44,,,0,70,,53516,44,,,0,30,,53527,44,,,0,100,,53509,44,,,0,99,,53528,44,,,0,100,,53510,44,,,0,101,,53529,44,,,0,100,,53502,44,,,0
2029,'1912',640,,53536,44,,,0,70,,53544,44,,,0,31,,53555,44,,,0,70,,53550,44,,,0,30,,53537,44,,,0,70,,53545,44,,,0,30,,53556,44,,,0,70,,53551,44,,,0,30,,53538,44,,,0,70,,53546,44,,,0,30,,53557,44,,,0,70,,53552,44,,,0,30,,53539,44,,,0,70,,53547,44,,,0,30,,53558,44,,,0,70,,53553,44,,,0,30,,53540,44,,,0,70,,53548,44,,,0,30,,53559,44,,,0,70,,53554,44,,,0,30,,53541,44,,,0,70,,53549,44,,,0,30,,53560,44,,,0,100,,53542,44,,,0,99,,53561,44,,,0,100,,53543,44,,,0,101,,53562,44,,,0,100,,53535,44,,,0
12029,'1909',650,,54902,23,,,0,71,,54899,23,,,0,30,,54892,23,,,0,69,,54900,23,,,0,31,,54893,23,,,0,71,,54879,14,,,0,30,,54880,14,,,0,70,,54881,14,,,0,30,,54882,14,,,0,70,,54883,14,,,0,30,,54884,14,,,0,70,,54885,14,,,0,30,,54886,14,,,0,70,,54887,14,,,0,30,,54888,14,,,0,70,,54889,14,,,0,31,,54895,23,,,0,71,,54898,23,,,0,30,,54890,23,,,0,70,,54897,23,,,0,30,,54891,23,,,0,70,,54901,23,,,0,28,,54894,23,,,0,70,,54896,23,,,0
14000001029,'1907',551,,58794,28,0,18 7,0,1851,,58788,28,,,0,29,,58792,28,,,0,70,,58793,28,,,0,30,,58790,28,,,0,70,,58791,28,,,0,30,,58789,28,,,0
14000001029,'1909',449,,58795,28,0,18 7,0,102,,58796,28,0,18 7,0,1851,,58798,28,,,0,29,,58799,28,,,0,70,,58802,28,,,0,30,,58797,28,,,0,70,,58800,28,,,0,30,,58801,28,,,0
14000001029,'1910',551,,58807,28,0,18 7,0,1851,,58809,28,,,0,29,,58804,28,,,0,70,,58803,28,,,0,30,,58805,28,,,0,70,,58808,28,,,0,30,,58806,28,,,0
14000001029,'1911',551,,58816,28,0,18 7,0,1851,,58810,28,,,0,29,,58814,28,,,0,70,,58815,28,,,0,30,,58812,28,,,0,70,,58813,28,,,0,30,,58811,28,,,0
14000001029,'1912',551,,58823,28,0,18 7,0,1851,,58817,28,,,0,29,,58821,28,,,0,70,,58822,28,,,0,30,,58819,28,,,0,70,,58820,28,,,0,30,,58818,28,,,0
