2019,'1907',723,,53277,44,,,0,30,,53254,44,,,0,70,,53258,44,,,0,30,,53270,44,,,0,70,,53265,44,,,0,30,,53255,44,,,0,70,,53259,44,,,0,30,,53271,44,,,0,70,,53266,44,,,0,30,,53256,44,,,0,70,,53260,44,,,0,30,,53272,44,,,0,70,,53267,44,,,0,30,,53257,44,,,0,70,,53261,44,,,0,30,,53273,44,,,0,70,,53268,44,,,0,30,,53252,44,,,0,70,,53262,44,,,0,30,,53274,44,,,0,70,,53269,44,,,0,30,,53250,44,,,0,70,,53263,44,,,0,30,,53275,44,,,0,100,,53251,44,,,0,102,,53276,44,,,0,100,,53253,44,,,0,94,,53264,44,,,0,100,,53278,44,,,0
2019,'1909',650,,53279,44,,,0,69,,53280,44,,,0,30,,53281,44,,,0,70,,53282,44,,,0,33,,53283,44,,,0,71,,53284,44,,,0,31,,53301,44,,,0,70,,53302,44,,,0,30,,53303,44,,,0,70,,53304,44,,,0,30,,53305,44,,,0,70,,53306,44,,,0,30,,53307,44,,,0,70,,53308,44,,,0,30,,53309,44,,,0,70,,53299,44,,,0,33,,53300,44,,,0,70,,53285,44,,,0,30,,53286,44,,,0,70,,53287,44,,,0,30,,53288,44,,,0,70,,53289,44,,,0,27,,53290,44,,,0,70,,53291,44,,,0,30,,53292,44,,,0,70,,53298,44,,,0,30,,53293,44,,,0,98,,53294,44,,,0,100,,53295,44,,,0,100,,53296,44,,,0,97,,53297,44,,,0
2019,'1910',653,,53311,35,,,0,70,,53318,44,,,0,30,,53327,44,,,0,70,,53334,44,,,0,30,,53312,44,,,0,70,,53319,44,,,0,30,,53328,44,,,0,68,,53335,44,,,0,31,,53313,44,,,0,70,,53320,44,,,0,30,,53329,44,,,0,70,,53336,44,,,0,30,,53314,44,,,0,70,,53321,44,,,0,30,,53330,44,,,0,70,,53337,44,,,0,30,,53315,44,,,0,70,,53322,44,,,0,30,,53331,44,,,0,70,,53338,44,,,0,30,,53316,44,,,0,70,,53323,44,,,0,30,,53332,44,,,0,70,,53339,44,,,0,30,,53317,44,,,0,70,,53324,44,,,0,30,,53333,44,,,0,101,,53325,44,,,0,100,,53340,44,,,0,97,,53326,44,,,0,98,,53341,44,,,0
2019,'1911',723,,53369,44,,,0,30,,53346,44,,,0,70,,53350,44,,,0,30,,53362,44,,,0,70,,53357,44,,,0,30,,53347,44,,,0,70,,53351,44,,,0,30,,53363,44,,,0,70,,53358,44,,,0,30,,53348,44,,,0,70,,53352,44,,,0,30,,53364,44,,,0,70,,53359,44,,,0,30,,53349,44,,,0,70,,53353,44,,,0,30,,53365,44,,,0,70,,53360,44,,,0,30,,53344,44,,,0,70,,53354,44,,,0,30,,53366,44,,,0,70,,53361,44,,,0,30,,53342,44,,,0,70,,53355,44,,,0,30,,53367,44,,,0,100,,53343,44,,,0,102,,53368,44,,,0,100,,53345,44,,,0,94,,53356,44,,,0,100,,53370,44,,,0
2019,'1912',723,,53398,44,,,0,30,,53375,44,,,0,70,,53379,44,,,0,30,,53391,44,,,0,70,,53386,44,,,0,30,,53376,44,,,0,70,,53380,44,,,0,30,,53392,44,,,0,70,,53387,44,,,0,30,,53377,44,,,0,70,,53381,44,,,0,30,,53393,44,,,0,70,,53388,44,,,0,30,,53378,44,,,0,70,,53382,44,,,0,30,,53394,44,,,0,70,,53389,44,,,0,30,,53373,44,,,0,70,,53383,44,,,0,30,,53395,44,,,0,70,,53390,44,,,0,30,,53371,44,,,0,70,,53384,44,,,0,30,,53396,44,,,0,100,,53372,44,,,0,102,,53397,44,,,0,100,,53374,44,,,0,94,,53385,44,,,0,100,,53399,44,,,0
7019,'1907',735,,54100,9,,,0,101,,54101,9,,,0,100,,54109,9,,,0,101,,54102,9,,,0,100,,54103,9,,,0,100,,54104,9,,,0,100,,54105,9,,,0,101,,54106,9,,,0,100,,54107,9,,,0,99,,54108,9,,,0,100,,54096,9,,,0,99,,54097,9,,,0,99,,54095,9,,,0,100,,54099,9,,,0,100,,54098,9,,,0
7019,'1909',534,,54158,9,,,0,103,,54157,9,,,0,70,,54159,9,,,0,32,,54156,9,,,0,70,,54155,9,,,0,30,,54154,9,,,0,70,,54150,9,,,0,30,,54152,9,,,0,70,,54153,9,,,0,30,,54151,9,,,0,70,,54149,9,,,0,30,,54163,9,,,0,70,,54162,9,,,0,30,,54161,9,,,0,70,,54160,9,,,0,30,,54141,9,,,0,71,,54148,9,,,0,31,,54140,9,,,0,73,,54139,9,,,0,27,,54147,9,,,0,70,,54146,9,,,0,30,,54145,9,,,0,68,,54138,9,,,0,30,,54137,9,,,0,70,,54136,9,,,0,30,,54144,9,,,0,69,,54143,9,,,0,29,,54135,9,,,0,70,,54142,9,,,0,30,,54134,9,,,0,99,,54132,9,,,0,99,,54133,9,,,0,100,,54168,9,,,0
7019,'1910',636,,54181,9,,,0,69,,54174,9,,,0,30,,54182,9,,,0,70,,54175,9,,,0,32,,54183,9,,,0,70,,54176,9,,,0,30,,54184,9,,,0,71,,54177,9,,,0,30,,54185,9,,,0,70,,54178,9,,,0,30,,54186,9,,,0,70,,54179,9,,,0,30,,54187,9,,,0,70,,54180,9,,,0,30,,54188,9,,,0,70,,54193,9,,,0,30,,54189,9,,,0,70,,54195,9,,,0,30,,54190,9,,,0,70,,54194,9,,,0,30,,54191,9,,,0,70,,54196,9,,,0,30,,54192,9,,,0,70,,54199,9,,,0,29,,54169,9,,,0,69,,54197,9,,,0,30,,54170,9,,,0,70,,54198,9,,,0,30,,54171,9,,,0,99,,54172,9,,,0,100,,54173,9,,,0
7019,'1911',735,,54208,9,,,0,101,,54209,9,,,0,100,,54217,9,,,0,101,,54210,9,,,0,100,,54211,9,,,0,100,,54212,9,,,0,100,,54213,9,,,0,101,,54214,9,,,0,100,,54215,9,,,0,99,,54216,9,,,0,100,,54204,9,,,0,99,,54205,9,,,0,99,,54203,9,,,0,100,,54207,9,,,0,100,,54206,9,,,0
7019,'1912',735,,54243,9,,,0,101,,54244,9,,,0,100,,54252,9,,,0,101,,54245,9,,,0,100,,54246,9,,,0,100,,54247,9,,,0,100,,54248,9,,,0,101,,54249,9,,,0,100,,54250,9,,,0,99,,54251,9,,,0,100,,54239,9,,,0,99,,54240,9,,,0,99,,54238,9,,,0,100,,54242,9,,,0,100,,54241,9,,,0
