31019,'1907',615,,60562,28,,,0,90,,60545,40,,,0,101,,60546,40,,,0,101,,60547,40,,,0,100,,60548,40,,,0,100,,60549,40,,,0,101,,60550,40,,,0,100,,60551,40,,,0,100,,60552,40,,,0,100,,60553,40,,,0,100,,60554,40,,,0,100,,60555,40,,,0,100,,60556,40,,,0,100,,60557,40,,,0,99,,60558,40,,,0,100,,60559,40,,,0,99,,60560,40,,,0,99,,60561,40,,,0
31019,'1909',615,,60596,28,,,0,26,,60591,28,,,0,66,,60564,40,,,0,34,,60577,40,,,0,70,,60589,40,,,0,30,,60573,40,,,0,70,,60570,40,,,0,29,,60584,40,,,0,70,,60567,40,,,0,30,,60578,40,,,0,70,,60588,40,,,0,30,,60576,40,,,0,70,,60571,40,,,0,30,,60583,40,,,0,70,,60566,40,,,0,30,,60579,40,,,0,71,,60587,40,,,0,30,,60574,40,,,0,70,,55867,40,,,0,33,,60582,40,,,0,70,,55865,40,,,0,30,,60580,40,,,0,69,,55886,40,,,0,26,,60575,40,,,0,69,,60569,40,,,0,30,,60581,40,,,0,70,,60565,40,,,0,30,,60597,40,,,0,68,,60586,40,,,0,100,,60572,40,,,0,100,,60568,40,,,0,100,,60585,40,,,0
31019,'1910',614,,60633,28,,,0,26,,60626,28,,,0,64,,60603,40,,,0,30,,60619,40,,,0,70,,60632,40,,,0,30,,60615,40,,,0,71,,60609,40,,,0,31,,60625,40,,,0,70,,60602,40,,,0,30,,60618,40,,,0,70,,60627,40,,,0,30,,60614,40,,,0,71,,60608,40,,,0,32,,60624,40,,,0,70,,60601,40,,,0,30,,60617,40,,,0,70,,60630,40,,,0,30,,60613,40,,,0,70,,60607,40,,,0,30,,60623,40,,,0,70,,60600,40,,,0,30,,60616,40,,,0,70,,60629,40,,,0,30,,60612,40,,,0,69,,60606,40,,,0,30,,60622,40,,,0,70,,60599,40,,,0,28,,60634,40,,,0,70,,60628,40,,,0,99,,60605,40,,,0,100,,60598,40,,,0,100,,60631,40,,,0
31019,'1912',615,,60652,28,,,0,90,,60635,40,,,0,101,,60636,40,,,0,101,,60637,40,,,0,100,,60638,40,,,0,100,,60639,40,,,0,101,,60640,40,,,0,100,,60641,40,,,0,100,,60642,40,,,0,100,,60643,40,,,0,100,,60644,40,,,0,100,,60645,40,,,0,100,,60646,40,,,0,100,,60647,40,,,0,99,,60648,40,,,0,100,,60649,40,,,0,99,,60650,40,,,0,99,,60651,40,,,0
31019,'1924',615,,60671,28,,,0,90,,60654,40,,,0,101,,60655,40,,,0,101,,60656,40,,,0,100,,60657,40,,,0,100,,60658,40,,,0,101,,60659,40,,,0,100,,60660,40,,,0,100,,60661,40,,,0,100,,60662,40,,,0,100,,60663,40,,,0,100,,60664,40,,,0,100,,60665,40,,,0,100,,60666,40,,,0,99,,60667,40,,,0,100,,60668,40,,,0,99,,60669,40,,,0,99,,60670,40,,,0
31019,'1925',615,,60690,28,,,0,90,,60673,40,,,0,101,,60674,40,,,0,101,,60675,40,,,0,100,,60676,40,,,0,100,,60677,40,,,0,101,,60678,40,,,0,100,,60679,40,,,0,100,,60680,40,,,0,100,,60681,40,,,0,100,,60682,40,,,0,100,,60683,40,,,0,100,,60684,40,,,0,100,,60685,40,,,0,99,,60686,40,,,0,100,,60687,40,,,0,99,,60688,40,,,0,99,,60689,40,,,0
501029,'1907',632,,56369,4,,,0,70,,56380,4,,,0,30,,56368,4,,,0,70,,56379,4,,,0,30,,56367,4,,,0,70,,56382,4,,,0,30,,56370,4,,,0,75,,56378,4,,,0,15,,56398,4,,,0,15,,56359,4,,,0,15,,56402,4,,,0,56,,56371,4,,,0,15,,60998,4,,,0,15,,56360,4,,,0,15,,56391,4,,,0,55,,56372,4,,,0,15,,56394,4,,,0,15,,56354,4,,,0,15,,56397,4,,,0,55,,56377,4,,,0,15,,56400,4,,,0,15,,56355,4,,,0,15,,56405,4,,,0,55,,56376,4,,,0,15,,56390,4,,,0,15,,56357,4,,,0,15,,56393,4,,,0,55,,56374,4,,,0,15,,56396,4,,,0,15,,56353,4,,,0,15,,56401,4,,,0,55,,56373,4,,,0,15,,56403,4,,,0,15,,56358,4,,,0,15,,56389,4,,,0,55,,56375,4,,,0,15,,56392,4,,,0,15,,56356,4,,,0,15,,56395,4,,,0,55,,56385,4,,,0,30,,56366,4,,,0,71,,56388,4,,,0,15,,56399,4,,,0,10,,56365,4,,,0,69,,60995,4,,,0,29,,56364,4,,,0,70,,60996,4,,,0,30,,56363,4,,,0,70,,60997,4,,,0,30,,60993,4,,,0,70,,60994,4,,,0,26,,60992,4,,,0
501029,'1909',537,,56408,4,,,0,96,,56409,4,,,0,10,,61017,4,,,0,10,,60999,4,,,0,50,,56411,4,,,0,20,,61000,4,,,0,15,,56413,4,,,0,17,,56414,4,,,0,52,,56415,4,,,0,13,,61001,4,,,0,5,,56474,4,,,0,5,,61002,4,,,0,11,,56418,4,,,0,15,,56419,4,,,0,52,,56420,4,,,0,15,,56421,4,,,0,15,,61003,4,,,0,15,,61004,4,,,0,55,,56424,4,,,0,15,,61005,4,,,0,15,,56426,4,,,0,15,,61006,4,,,0,55,,56428,4,,,0,15,,56429,4,,,0,15,,56430,4,,,0,15,,56431,4,,,0,55,,56432,4,,,0,15,,56433,4,,,0,15,,56434,4,,,0,15,,56435,4,,,0,55,,61007,4,,,0,15,,56437,4,,,0,15,,56438,4,,,0,15,,56439,4,,,0,56,,56440,4,,,0,15,,61008,4,,,0,16,,56406,4,,,0,15,,56407,4,,,0,52,,56442,4,,,0,6,,56473,4,,,0,6,,56443,4,,,0,12,,61009,4,,,0,12,,56445,4,,,0,12,,56446,4,,,0,52,,56447,4,,,0,6,,56476,4,,,0,6,,56448,4,,,0,12,,56449,4,,,0,12,,56450,4,,,0,10,,56451,4,,,0,52,,61010,4,,,0,12,,56453,4,,,0,12,,56454,4,,,0,12,,61011,4,,,0,12,,56456,4,,,0,52,,56457,4,,,0,12,,61012,4,,,0,12,,56459,4,,,0,12,,61013,4,,,0,12,,56461,4,,,0,55,,56462,4,,,0,15,,61014,4,,,0,15,,56464,4,,,0,70,,61015,4,,,0,30,,56466,4,,,0,70,,56467,4,,,0,25,,56468,4,,,0,70,,56469,4,,,0,30,,56470,4,,,0,70,,56471,4,,,0,27,,61016,4,,,0
501029,'1910',632,,56489,4,,,0,75,,61025,4,,,0,15,,56529,4,,,0,15,,56488,4,,,0,70,,56495,4,,,0,30,,56487,4,,,0,70,,56493,4,,,0,30,,61023,4,,,0,15,,61018,4,,,0,55,,56492,4,,,0,15,,61024,4,,,0,16,,61032,4,,,0,15,,61041,4,,,0,55,,61057,4,,,0,15,,61050,4,,,0,15,,61033,4,,,0,15,,61042,4,,,0,56,,61058,4,,,0,15,,61051,4,,,0,15,,61034,4,,,0,15,,61043,4,,,0,55,,61059,4,,,0,15,,61052,4,,,0,15,,61035,4,,,0,15,,61044,4,,,0,55,,61060,4,,,0,15,,61053,4,,,0,15,,61036,4,,,0,15,,61045,4,,,0,55,,61061,4,,,0,15,,61054,4,,,0,15,,61037,4,,,0,15,,61046,4,,,0,55,,61062,4,,,0,15,,61055,4,,,0,15,,61038,4,,,0,15,,61047,4,,,0,55,,61040,4,,,0,15,,61056,4,,,0,15,,61039,4,,,0,15,,61048,4,,,0,55,,61029,4,,,0,15,,61031,4,,,0,15,,61022,4,,,0,15,,61049,4,,,0,54,,61030,4,,,0,15,,61063,4,,,0,15,,56484,4,,,0,69,,61027,4,,,0,25,,56483,4,,,0,70,,61028,4,,,0,30,,61021,4,,,0,70,,56498,4,,,0,30,,61020,4,,,0,70,,56497,4,,,0,27,,61019,4,,,0
501029,'1912',632,,56609,4,,,0,70,,56620,4,,,0,30,,56608,4,,,0,70,,56619,4,,,0,30,,56607,4,,,0,70,,56622,4,,,0,30,,56610,4,,,0,75,,56618,4,,,0,15,,56638,4,,,0,15,,56599,4,,,0,15,,56642,4,,,0,56,,56611,4,,,0,15,,61070,4,,,0,15,,56600,4,,,0,15,,56631,4,,,0,55,,56612,4,,,0,15,,56634,4,,,0,15,,56594,4,,,0,15,,56637,4,,,0,55,,56617,4,,,0,15,,56640,4,,,0,15,,56595,4,,,0,15,,56645,4,,,0,55,,56616,4,,,0,15,,56630,4,,,0,15,,56597,4,,,0,15,,56633,4,,,0,55,,56614,4,,,0,15,,56636,4,,,0,15,,56593,4,,,0,15,,56641,4,,,0,55,,56613,4,,,0,15,,56643,4,,,0,15,,56598,4,,,0,15,,56629,4,,,0,55,,56615,4,,,0,15,,56632,4,,,0,15,,56596,4,,,0,15,,56635,4,,,0,55,,56625,4,,,0,30,,56606,4,,,0,71,,56628,4,,,0,15,,56639,4,,,0,10,,56605,4,,,0,69,,61067,4,,,0,29,,56604,4,,,0,70,,61068,4,,,0,30,,56603,4,,,0,70,,61069,4,,,0,30,,61065,4,,,0,70,,61066,4,,,0,26,,61064,4,,,0
501029,'1924',632,,56555,4,,,0,70,,56566,4,,,0,30,,56554,4,,,0,70,,56565,4,,,0,30,,56553,4,,,0,70,,56568,4,,,0,30,,56556,4,,,0,75,,56564,4,,,0,15,,56584,4,,,0,15,,56545,4,,,0,15,,56588,4,,,0,56,,56557,4,,,0,15,,61077,4,,,0,15,,56546,4,,,0,15,,56577,4,,,0,55,,56558,4,,,0,15,,56580,4,,,0,15,,56540,4,,,0,15,,56583,4,,,0,55,,56563,4,,,0,15,,56586,4,,,0,15,,56541,4,,,0,15,,56591,4,,,0,55,,56562,4,,,0,15,,56576,4,,,0,15,,56543,4,,,0,15,,56579,4,,,0,55,,56560,4,,,0,15,,56582,4,,,0,15,,56539,4,,,0,15,,56587,4,,,0,55,,56559,4,,,0,15,,56589,4,,,0,15,,56544,4,,,0,15,,56575,4,,,0,55,,56561,4,,,0,15,,56578,4,,,0,15,,56542,4,,,0,15,,56581,4,,,0,55,,56571,4,,,0,30,,56552,4,,,0,71,,56574,4,,,0,15,,56585,4,,,0,10,,56551,4,,,0,69,,61074,4,,,0,29,,56550,4,,,0,70,,61075,4,,,0,30,,56549,4,,,0,70,,61076,4,,,0,30,,61072,4,,,0,70,,61073,4,,,0,26,,61071,4,,,0
501029,'1925',632,,61095,4,,,0,70,,61106,4,,,0,30,,61094,4,,,0,70,,61105,4,,,0,30,,61093,4,,,0,70,,61108,4,,,0,30,,61096,4,,,0,75,,61104,4,,,0,15,,61124,4,,,0,15,,61085,4,,,0,15,,61128,4,,,0,56,,61097,4,,,0,15,,61130,4,,,0,15,,61086,4,,,0,15,,61117,4,,,0,55,,61098,4,,,0,15,,61120,4,,,0,15,,61080,4,,,0,15,,61123,4,,,0,55,,61103,4,,,0,15,,61126,4,,,0,15,,61081,4,,,0,15,,61131,4,,,0,55,,61102,4,,,0,15,,61116,4,,,0,15,,61083,4,,,0,15,,61119,4,,,0,55,,61100,4,,,0,15,,61122,4,,,0,15,,61079,4,,,0,15,,61127,4,,,0,55,,61099,4,,,0,15,,61129,4,,,0,15,,61084,4,,,0,15,,61115,4,,,0,55,,61101,4,,,0,15,,61118,4,,,0,15,,61082,4,,,0,15,,61121,4,,,0,55,,61111,4,,,0,30,,61092,4,,,0,71,,61114,4,,,0,15,,61125,4,,,0,10,,61091,4,,,0,69,,61110,4,,,0,29,,61090,4,,,0,70,,61112,4,,,0,30,,61089,4,,,0,70,,61113,4,,,0,30,,61088,4,,,0,70,,61109,4,,,0,26,,61087,4,,,0
