4029,'1907',734,,53738,14,,,0,70,,53740,14,,,0,30,,53736,14,,,0,70,,53739,14,,,0,30,,53737,14,,,0,70,,53729,14,,,0,29,,53732,14,,,0,70,,59535,14,,,0,30,,53722,14,,,0,70,,53725,14,,,0,30,,53728,14,,,0,70,,53730,14,,,0,30,,53718,14,,,0,70,,53721,14,,,0,30,,53724,14,,,0,70,,53727,14,,,0,30,,53731,14,,,0,70,,53719,14,,,0,30,,53720,14,,,0,70,,53723,14,,,0,30,,53726,14,,,0,70,,53744,14,,,0,30,,53743,14,,,0,71,,53745,14,,,0,30,,53742,14,,,0,70,,53735,14,,,0,30,,53741,14,,,0,70,,53733,14,,,0,100,,53734,14,,,0
4029,'1909',634,,59536,14,,,0,70,,59537,14,,,0,33,,53748,14,,,0,65,,59538,14,,,0,36,,53750,14,,,0,64,,53751,14,,,0,31,,59539,14,,,0,70,,59540,14,,,0,30,,59541,14,,,0,70,,53755,14,,,0,30,,53756,14,,,0,71,,53757,14,,,0,30,,53758,14,,,0,70,,53759,14,,,0,30,,53760,14,,,0,70,,59542,14,,,0,30,,53762,14,,,0,75,,59543,14,,,0,25,,53764,14,,,0,76,,53765,14,,,0,24,,53766,14,,,0,76,,53767,14,,,0,24,,53768,14,,,0,76,,53769,14,,,0,27,,53770,14,,,0,69,,59544,14,,,0,29,,59545,14,,,0,71,,59546,14,,,0,29,,53774,14,,,0,70,,59547,14,,,0,30,,53776,14,,,0,70,,53777,14,,,0
4029,'1910',636,,53802,14,,,0,68,,53803,14,,,0,30,,53804,14,,,0,70,,59572,14,,,0,30,,59573,14,,,0,70,,53807,14,,,0,30,,59574,14,,,0,71,,59565,14,,,0,29,,59559,14,,,0,70,,59552,14,,,0,30,,59563,14,,,0,70,,59569,14,,,0,30,,59564,14,,,0,70,,59551,14,,,0,30,,59556,14,,,0,70,,59567,14,,,0,30,,59550,14,,,0,70,,59566,14,,,0,30,,59561,14,,,0,70,,59553,14,,,0,30,,59548,14,,,0,70,,59568,14,,,0,30,,59571,14,,,0,70,,59562,14,,,0,30,,59557,14,,,0,70,,59575,14,,,0,31,,59554,14,,,0,70,,59549,14,,,0,29,,59555,14,,,0,70,,59560,14,,,0,30,,59570,14,,,0,70,,59558,14,,,0
4029,'1912',734,,53860,14,,,0,70,,53862,14,,,0,30,,53858,14,,,0,70,,53861,14,,,0,30,,53859,14,,,0,70,,53851,14,,,0,29,,53854,14,,,0,70,,59576,14,,,0,30,,53844,14,,,0,70,,53847,14,,,0,30,,53850,14,,,0,70,,53852,14,,,0,30,,53840,14,,,0,70,,53843,14,,,0,30,,53846,14,,,0,70,,53849,14,,,0,30,,53853,14,,,0,70,,53841,14,,,0,30,,53842,14,,,0,70,,53845,14,,,0,30,,53848,14,,,0,70,,53866,14,,,0,30,,53865,14,,,0,71,,53867,14,,,0,30,,53864,14,,,0,70,,53857,14,,,0,30,,53863,14,,,0,70,,53855,14,,,0,100,,53856,14,,,0
4029,'1924',734,,53831,14,,,0,70,,53833,14,,,0,30,,53829,14,,,0,70,,53832,14,,,0,30,,53830,14,,,0,70,,53822,14,,,0,29,,53825,14,,,0,70,,59577,14,,,0,30,,53815,14,,,0,70,,53818,14,,,0,30,,53821,14,,,0,70,,53823,14,,,0,30,,53811,14,,,0,70,,53814,14,,,0,30,,53817,14,,,0,70,,53820,14,,,0,30,,53824,14,,,0,70,,53812,14,,,0,30,,53813,14,,,0,70,,53816,14,,,0,30,,53819,14,,,0,70,,53837,14,,,0,30,,53836,14,,,0,71,,53838,14,,,0,30,,53835,14,,,0,70,,53828,14,,,0,30,,53834,14,,,0,70,,53826,14,,,0,100,,53827,14,,,0
4029,'1925',734,,59599,14,,,0,70,,59601,14,,,0,30,,59597,14,,,0,70,,59600,14,,,0,30,,59598,14,,,0,70,,59590,14,,,0,29,,59593,14,,,0,70,,59578,14,,,0,30,,59583,14,,,0,70,,59586,14,,,0,30,,59589,14,,,0,70,,59591,14,,,0,30,,59579,14,,,0,70,,59582,14,,,0,30,,59585,14,,,0,70,,59588,14,,,0,30,,59592,14,,,0,70,,59580,14,,,0,30,,59581,14,,,0,70,,59584,14,,,0,30,,59587,14,,,0,70,,59605,14,,,0,30,,59604,14,,,0,71,,59606,14,,,0,30,,59603,14,,,0,70,,59596,14,,,0,30,,59602,14,,,0,70,,59594,14,,,0,100,,59595,14,,,0
16019,'1907',802,,55260,14,,,0,103,,55263,14,,,0,100,,55273,14,,,0,100,,55272,14,,,0,100,,55261,14,,,0,101,,55264,14,,,0,100,,55266,14,,,0,101,,55269,14,,,0,100,,55268,14,,,0,99,,55262,14,,,0,99,,55270,14,,,0,99,,55271,14,,,0,99,,55267,14,,,0,100,,55265,14,,,0,100,,55274,14,,,0
16019,'1909',635,,55278,14,,,0,70,,55279,14,,,0,31,,60357,14,,,0,70,,60358,14,,,0,32,,60359,14,,,0,70,,55283,14,,,0,30,,55284,14,,,0,70,,60360,14,,,0,30,,55286,14,,,0,70,,55287,14,,,0,30,,55288,14,,,0,70,,55289,14,,,0,30,,55290,14,,,0,70,,55291,14,,,0,30,,55292,14,,,0,70,,60361,14,,,0,30,,60362,14,,,0,69,,60363,14,,,0,29,,60364,14,,,0,70,,60365,14,,,0,30,,60366,14,,,0,70,,60367,14,,,0,30,,60368,14,,,0,69,,60369,14,,,0,30,,60370,14,,,0,70,,60371,14,,,0,30,,55304,14,,,0,70,,60372,14,,,0,30,,60373,14,,,0,70,,55307,14,,,0,29,,60355,14,,,0,70,,60356,14,,,0,30,,55277,14,,,0
16019,'1910',634,,55331,14,,,0,70,,55327,14,,,0,30,,55335,14,,,0,70,,55319,14,,,0,30,,55333,14,,,0,71,,55314,14,,,0,30,,55312,14,,,0,70,,55309,14,,,0,30,,55320,14,,,0,70,,55330,14,,,0,30,,55324,14,,,0,70,,55332,14,,,0,31,,55316,14,,,0,70,,55334,14,,,0,30,,55311,14,,,0,70,,55322,14,,,0,30,,55321,14,,,0,70,,55325,14,,,0,30,,55326,14,,,0,70,,55310,14,,,0,29,,55318,14,,,0,70,,55328,14,,,0,30,,55313,14,,,0,70,,55317,14,,,0,30,,55323,14,,,0,69,,55337,14,,,0,30,,55329,14,,,0,70,,55336,14,,,0,30,,55315,14,,,0,70,,55339,14,,,0,100,,55338,14,,,0,30,,55308,14,,,0
16019,'1912',802,,55355,14,,,0,103,,55358,14,,,0,100,,55368,14,,,0,100,,55367,14,,,0,100,,55356,14,,,0,101,,55359,14,,,0,100,,55361,14,,,0,101,,55364,14,,,0,100,,55363,14,,,0,99,,55357,14,,,0,99,,55365,14,,,0,99,,55366,14,,,0,99,,55362,14,,,0,100,,55360,14,,,0,100,,55369,14,,,0
16019,'1924',802,,55340,14,,,0,103,,55343,14,,,0,100,,55353,14,,,0,100,,55352,14,,,0,100,,55341,14,,,0,101,,55344,14,,,0,100,,55346,14,,,0,101,,55349,14,,,0,100,,55348,14,,,0,99,,55342,14,,,0,99,,55350,14,,,0,99,,55351,14,,,0,99,,55347,14,,,0,100,,55345,14,,,0,100,,55354,14,,,0
16019,'1925',802,,60374,14,,,0,103,,60377,14,,,0,100,,60387,14,,,0,100,,60386,14,,,0,100,,60375,14,,,0,101,,60378,14,,,0,100,,60380,14,,,0,101,,60383,14,,,0,100,,60382,14,,,0,99,,60376,14,,,0,99,,60384,14,,,0,99,,60385,14,,,0,99,,60381,14,,,0,100,,60379,14,,,0,100,,60388,14,,,0
31019,'1907',558,,60562,4,,,0,90,,60545,16,,,0,100,,60546,16,,,0,101,,60547,16,,,0,100,,60548,16,,,0,100,,60549,16,,,0,99,,60550,16,,,0,100,,60551,16,,,0,100,,60552,16,,,0,100,,60553,16,,,0,100,,60554,16,,,0,100,,60555,16,,,0,100,,60556,16,,,0,100,,60557,16,,,0,101,,60558,16,,,0,100,,60559,16,,,0,100,,60560,16,,,0,99,,60561,16,,,0
31019,'1909',558,,60596,4,,,0,66,,60591,4,,,0,25,,60564,16,,,0,71,,60577,16,,,0,30,,60589,16,,,0,70,,60573,16,,,0,30,,60570,16,,,0,69,,60584,16,,,0,30,,60567,16,,,0,70,,60578,16,,,0,30,,60588,16,,,0,70,,60576,16,,,0,30,,60571,16,,,0,70,,60583,16,,,0,30,,60566,16,,,0,70,,60579,16,,,0,30,,60587,16,,,0,70,,60574,16,,,0,30,,55867,16,,,0,73,,60582,16,,,0,30,,55865,16,,,0,70,,60580,16,,,0,30,,55886,16,,,0,67,,60575,16,,,0,30,,60569,16,,,0,70,,60581,16,,,0,30,,60565,16,,,0,70,,60597,16,,,0,30,,60586,16,,,0,100,,60572,16,,,0,100,,60568,16,,,0,100,,60585,16,,,0
31019,'1910',558,,60633,4,,,0,66,,60626,4,,,0,24,,60603,16,,,0,70,,60619,16,,,0,30,,60632,16,,,0,70,,60615,16,,,0,30,,60609,16,,,0,71,,60625,16,,,0,30,,60602,16,,,0,70,,60618,16,,,0,30,,60627,16,,,0,70,,60614,16,,,0,30,,60608,16,,,0,70,,60624,16,,,0,30,,60601,16,,,0,70,,60617,16,,,0,30,,60630,16,,,0,70,,60613,16,,,0,30,,60607,16,,,0,70,,60623,16,,,0,30,,60600,16,,,0,70,,60616,16,,,0,30,,60629,16,,,0,70,,60612,16,,,0,30,,60606,16,,,0,70,,60622,16,,,0,30,,60599,16,,,0,70,,60634,16,,,0,30,,60628,16,,,0,100,,60605,16,,,0,100,,60598,16,,,0,100,,60631,16,,,0
31019,'1912',558,,60652,4,,,0,90,,60635,16,,,0,100,,60636,16,,,0,101,,60637,16,,,0,100,,60638,16,,,0,100,,60639,16,,,0,99,,60640,16,,,0,100,,60641,16,,,0,100,,60642,16,,,0,100,,60643,16,,,0,100,,60644,16,,,0,100,,60645,16,,,0,100,,60646,16,,,0,100,,60647,16,,,0,101,,60648,16,,,0,100,,60649,16,,,0,100,,60650,16,,,0,99,,60651,16,,,0
31019,'1924',558,,60671,4,,,0,90,,60654,16,,,0,100,,60655,16,,,0,101,,60656,16,,,0,100,,60657,16,,,0,100,,60658,16,,,0,99,,60659,16,,,0,100,,60660,16,,,0,100,,60661,16,,,0,100,,60662,16,,,0,100,,60663,16,,,0,100,,60664,16,,,0,100,,60665,16,,,0,100,,60666,16,,,0,101,,60667,16,,,0,100,,60668,16,,,0,100,,60669,16,,,0,99,,60670,16,,,0
31019,'1925',558,,60690,4,,,0,90,,60673,16,,,0,100,,60674,16,,,0,101,,60675,16,,,0,100,,60676,16,,,0,100,,60677,16,,,0,99,,60678,16,,,0,100,,60679,16,,,0,100,,60680,16,,,0,100,,60681,16,,,0,100,,60682,16,,,0,100,,60683,16,,,0,100,,60684,16,,,0,100,,60685,16,,,0,101,,60686,16,,,0,100,,60687,16,,,0,100,,60688,16,,,0,99,,60689,16,,,0
501019,'1907',618,,56185,9,,,0,30,,56199,9,,,0,67,,56184,9,,,0,30,,56198,9,,,0,70,,56187,9,,,0,30,,56200,9,,,0,71,,56188,9,,,0,30,,56197,9,,,0,70,,56176,9,,,0,30,,56189,9,,,0,73,,56175,9,,,0,30,,56190,9,,,0,70,,56178,9,,,0,30,,56191,9,,,0,70,,56174,9,,,0,30,,56196,9,,,0,70,,56173,9,,,0,30,,56195,9,,,0,70,,56172,9,,,0,30,,56192,9,,,0,70,,56171,9,,,0,30,,56194,9,,,0,70,,56177,9,,,0,30,,56193,9,,,0,68,,56186,9,,,0,30,,56201,9,,,0,70,,56183,9,,,0,30,,60909,9,,,0,69,,56182,9,,,0,30,,60904,9,,,0,70,,56181,9,,,0,30,,60907,9,,,0,69,,60906,9,,,0,30,,60908,9,,,0,70,,60905,9,,,0
501019,'1909',523,,56205,3,,,0,93,,56206,9,,,0,30,,56207,9,,,0,76,,56208,9,,,0,24,,56209,9,,,0,64,,60910,9,,,0,12,,56211,9,,,0,24,,56212,9,,,0,63,,60911,9,,,0,11,,60912,9,,,0,30,,56215,9,,,0,70,,56216,9,,,0,30,,56217,9,,,0,70,,56218,9,,,0,30,,56219,9,,,0,70,,56220,9,,,0,30,,60913,9,,,0,70,,56222,9,,,0,30,,56223,9,,,0,70,,56224,9,,,0,26,,56225,9,,,0,12,,56226,9,,,0,62,,56227,9,,,0,24,,56228,9,,,0,12,,56229,9,,,0,64,,56230,9,,,0,24,,60914,9,,,0,12,,56232,9,,,0,64,,60915,9,,,0,23,,56234,9,,,0,12,,60916,9,,,0,66,,60917,9,,,0,28,,56237,9,,,0,70,,56238,9,,,0,28,,60918,9,,,0,70,,56240,9,,,0,30,,56241,9,,,0,69,,56242,9,,,0,30,,56243,9,,,0,70,,56244,9,,,0,30,,56245,9,,,0,70,,60919,9,,,0
501019,'1910',619,,56256,9,,,0,30,,60925,9,,,0,67,,56255,9,,,0,30,,56258,9,,,0,70,,56254,9,,,0,30,,56260,9,,,0,70,,60924,9,,,0,30,,56257,9,,,0,72,,60929,9,,,0,32,,60939,9,,,0,70,,60930,9,,,0,30,,60940,9,,,0,70,,60931,9,,,0,30,,60941,9,,,0,70,,60932,9,,,0,30,,60942,9,,,0,70,,60933,9,,,0,30,,60943,9,,,0,70,,60934,9,,,0,30,,60944,9,,,0,70,,60935,9,,,0,30,,60937,9,,,0,70,,60936,9,,,0,30,,60938,9,,,0,70,,60923,9,,,0,28,,60928,9,,,0,68,,56251,9,,,0,30,,60926,9,,,0,70,,56250,9,,,0,30,,60927,9,,,0,70,,60922,9,,,0,30,,56261,9,,,0,70,,60921,9,,,0,30,,56262,9,,,0,69,,60920,9,,,0
501019,'1912',618,,56332,9,,,0,30,,56346,9,,,0,67,,56331,9,,,0,30,,56345,9,,,0,70,,56334,9,,,0,30,,56347,9,,,0,71,,56335,9,,,0,30,,56344,9,,,0,70,,56323,9,,,0,30,,56336,9,,,0,73,,56322,9,,,0,30,,56337,9,,,0,70,,56325,9,,,0,30,,56338,9,,,0,70,,56321,9,,,0,30,,56343,9,,,0,70,,56320,9,,,0,30,,56342,9,,,0,70,,56319,9,,,0,30,,56339,9,,,0,70,,56318,9,,,0,30,,56341,9,,,0,70,,56324,9,,,0,30,,56340,9,,,0,68,,56333,9,,,0,30,,56348,9,,,0,70,,56330,9,,,0,30,,60950,9,,,0,69,,56329,9,,,0,30,,60945,9,,,0,70,,56328,9,,,0,30,,60948,9,,,0,69,,60947,9,,,0,30,,60949,9,,,0,70,,60946,9,,,0
501019,'1924',618,,56297,9,,,0,30,,56311,9,,,0,67,,56296,9,,,0,30,,56310,9,,,0,70,,56299,9,,,0,30,,56312,9,,,0,71,,56300,9,,,0,30,,56309,9,,,0,70,,56288,9,,,0,30,,56301,9,,,0,73,,56287,9,,,0,30,,56302,9,,,0,70,,56290,9,,,0,30,,56303,9,,,0,70,,56286,9,,,0,30,,56308,9,,,0,70,,56285,9,,,0,30,,56307,9,,,0,70,,56284,9,,,0,30,,56304,9,,,0,70,,56283,9,,,0,30,,56306,9,,,0,70,,56289,9,,,0,30,,56305,9,,,0,68,,56298,9,,,0,30,,56313,9,,,0,70,,56295,9,,,0,30,,60956,9,,,0,69,,56294,9,,,0,30,,60951,9,,,0,70,,56293,9,,,0,30,,60954,9,,,0,69,,60953,9,,,0,30,,60955,9,,,0,70,,60952,9,,,0
501019,'1925',618,,60972,9,,,0,30,,60986,9,,,0,67,,60971,9,,,0,30,,60985,9,,,0,70,,60974,9,,,0,30,,60987,9,,,0,71,,60975,9,,,0,30,,60984,9,,,0,70,,60963,9,,,0,30,,60976,9,,,0,73,,60962,9,,,0,30,,60977,9,,,0,70,,60965,9,,,0,30,,60978,9,,,0,70,,60961,9,,,0,30,,60983,9,,,0,70,,60960,9,,,0,30,,60982,9,,,0,70,,60959,9,,,0,30,,60979,9,,,0,70,,60958,9,,,0,30,,60981,9,,,0,70,,60964,9,,,0,30,,60980,9,,,0,68,,60973,9,,,0,30,,60988,9,,,0,70,,60970,9,,,0,30,,60991,9,,,0,69,,60969,9,,,0,30,,60957,9,,,0,70,,60968,9,,,0,30,,60989,9,,,0,69,,60967,9,,,0,30,,60990,9,,,0,70,,60966,9,,,0
