1029,'1907',602,,53126,17,,,0,98,,53127,17,,,0,100,,53128,17,,,0,101,,53129,17,,,0,101,,53130,17,,,0,100,,53131,17,,,0,100,,53132,17,,,0,100,,53133,17,,,0,100,,53134,17,,,0,100,,53135,17,,,0,99,,53136,17,,,0,100,,53137,17,,,0,100,,53138,17,,,0,100,,53139,17,,,0,100,,53140,17,,,0,100,,53141,17,,,0,100,,53142,17,,,0,99,,53143,17,,,0
1029,'1909',600,,53153,17,,,0,35,,53154,17,,,0,66,,53174,17,,,0,30,,53150,17,,,0,70,,53145,17,,,0,30,,53178,17,,,0,73,,53148,17,,,0,30,,53155,17,,,0,70,,53173,17,,,0,30,,53152,17,,,0,70,,53144,17,,,0,30,,53177,17,,,0,70,,53149,17,,,0,30,,53156,17,,,0,70,,53172,17,,,0,30,,53151,17,,,0,70,,53146,17,,,0,30,,53175,17,,,0,71,,53147,17,,,0,30,,53157,17,,,0,70,,53171,17,,,0,30,,53160,17,,,0,70,,53159,17,,,0,29,,53158,17,,,0,67,,53164,17,,,0,30,,53163,17,,,0,70,,53162,17,,,0,30,,53161,17,,,0,70,,53176,17,,,0,29,,53170,17,,,0,70,,53169,17,,,0,30,,53168,17,,,0,70,,53167,17,,,0,30,,53166,17,,,0,25,,53165,17,,,0
1029,'1910',602,,53184,17,,,0,28,,53196,17,,,0,70,,53203,17,,,0,30,,53191,17,,,0,70,,53212,17,,,0,30,,53200,17,,,0,71,,53183,17,,,0,29,,53195,17,,,0,70,,53206,17,,,0,30,,53190,17,,,0,70,,53213,17,,,0,30,,53199,17,,,0,70,,53182,17,,,0,30,,53194,17,,,0,70,,53205,17,,,0,30,,53189,17,,,0,70,,53185,17,,,0,30,,53198,17,,,0,70,,53181,17,,,0,30,,53193,17,,,0,70,,53201,17,,,0,30,,53188,17,,,0,70,,53210,17,,,0,30,,53197,17,,,0,29,,53180,17,,,0,71,,53192,17,,,0,70,,53204,17,,,0,30,,53186,17,,,0,70,,53208,17,,,0,30,,53207,17,,,0,70,,53179,17,,,0,30,,53187,17,,,0,70,,53202,17,,,0,30,,53211,17,,,0,70,,53209,17,,,0
1029,'1911',602,,53214,17,,,0,98,,53215,17,,,0,100,,53216,17,,,0,101,,53217,17,,,0,101,,53218,17,,,0,100,,53219,17,,,0,100,,53220,17,,,0,100,,53221,17,,,0,100,,53222,17,,,0,100,,53223,17,,,0,99,,53224,17,,,0,100,,53225,17,,,0,100,,53226,17,,,0,100,,53227,17,,,0,100,,53228,17,,,0,100,,53229,17,,,0,100,,53230,17,,,0,99,,53231,17,,,0
1029,'1912',602,,53232,17,,,0,98,,53233,17,,,0,100,,53234,17,,,0,101,,53235,17,,,0,101,,53236,17,,,0,100,,53237,17,,,0,100,,53238,17,,,0,100,,53239,17,,,0,100,,53240,17,,,0,100,,53241,17,,,0,99,,53242,17,,,0,100,,53243,17,,,0,100,,53244,17,,,0,100,,53245,17,,,0,100,,53246,17,,,0,100,,53247,17,,,0,100,,53248,17,,,0,99,,53249,17,,,0
22019,'1907',647,,55639,3,0,19 2 36 26,0,100,,55638,3,0,19 2 36 26,0,100,,55632,3,,,0,93,,55633,3,,,0,100,,55626,3,,,0,100,,55631,3,,,0,100,,55627,3,,,0,100,,55628,3,,,0,100,,55625,3,,,0,100,,55629,3,,,0,100,,55630,3,,,0,100,,55634,3,0,19 2 36 26,0,100,,55635,3,0,19 2 36 26,0,100,,55636,3,0,19 2 36 26,0,108,,55637,3,0,19 2 36 26,0
22019,'1909',553,,55670,3,0,19 2 36 26,0,92,,55640,3,0,19 2 36 26,0,70,,55641,3,0,19 2 36 26,0,33,,55642,3,,,0,70,,55643,3,,,0,32,,55644,3,,,0,70,,55645,3,,,0,30,,55646,3,,,0,70,,55647,3,,,0,30,,55648,3,,,0,70,,55649,3,,,0,30,,55650,3,,,0,70,,55651,3,,,0,30,,55652,3,,,0,70,,55653,3,,,0,30,,55654,3,,,0,70,,55655,3,,,0,31,,55656,3,,,0,69,,55657,3,,,0,29,,55669,3,,,0,70,,55658,3,,,0,30,,55659,3,,,0,68,,55660,3,,,0,30,,55661,3,,,0,69,,55662,3,,,0,30,,55663,3,,,0,70,,55664,3,,,0,30,,55665,3,,,0,69,,55666,3,,,0,30,,55667,3,,,0,69,,55668,3,0,19 2 36 26,0
22019,'1910',619,,55701,3,0,19 2 36 26,0,23,,55694,3,0,19 2 36 26,0,70,,55690,3,0,19 2 36 26,0,30,,55695,3,0,19 2 36 26,0,70,,55691,3,0,19 2 36 26,0,31,,55671,3,,,0,72,,55672,3,,,0,30,,55673,3,,,0,70,,55674,3,,,0,30,,55675,3,,,0,70,,55676,3,,,0,30,,55677,3,,,0,70,,55678,3,,,0,31,,55679,3,,,0,70,,55680,3,,,0,30,,55681,3,,,0,70,,55682,3,,,0,31,,55683,3,,,0,70,,55684,3,,,0,30,,55685,3,,,0,70,,55686,3,,,0,29,,55687,3,,,0,70,,55688,3,,,0,29,,55696,3,0,19 2 36 26,0,70,,55692,3,0,19 2 36 26,0,30,,55697,3,0,19 2 36 26,0,68,,55689,3,0,19 2 36 26,0,30,,55698,3,0,19 2 36 26,0,69,,55693,3,0,19 2 36 26,0,30,,55699,3,0,19 2 36 26,0,70,,55700,3,0,19 2 36 26,0
22019,'1911',647,,55716,3,0,19 2 36 26,0,100,,55715,3,0,19 2 36 26,0,100,,55709,3,,,0,93,,55710,3,,,0,100,,55703,3,,,0,100,,55708,3,,,0,100,,55704,3,,,0,100,,55705,3,,,0,100,,55702,3,,,0,100,,55706,3,,,0,100,,55707,3,,,0,100,,55711,3,0,19 2 36 26,0,100,,55712,3,0,19 2 36 26,0,100,,55713,3,0,19 2 36 26,0,108,,55714,3,0,19 2 36 26,0
22019,'1912',647,,55731,3,0,19 2 36 26,0,100,,55730,3,0,19 2 36 26,0,100,,55724,3,,,0,93,,55725,3,,,0,100,,55718,3,,,0,100,,55723,3,,,0,100,,55719,3,,,0,100,,55720,3,,,0,100,,55717,3,,,0,100,,55721,3,,,0,100,,55722,3,,,0,100,,55726,3,0,19 2 36 26,0,100,,55727,3,0,19 2 36 26,0,100,,55728,3,0,19 2 36 26,0,108,,55729,3,0,19 2 36 26,0
