7029,'1907',639,,59851,8,0,13 33,0,70,,59835,8,,,0,100,,59836,8,,,0,30,,54305,8,0,13 33,0,71,,59837,8,,,0,30,,54298,8,0,13 33,0,70,,59838,8,,,0,30,,54293,8,0,13 33,0,70,,59839,8,,,0,30,,54302,8,0,13 33,0,71,,59840,8,,,0,30,,54292,8,0,13 33,0,70,,59841,8,,,0,30,,54301,8,0,13 33,0,70,,59842,8,,,0,30,,54291,8,0,13 33,0,70,,59843,8,,,0,30,,54297,8,0,13 33,0,70,,59844,8,,,0,30,,59850,8,0,13 33,0,70,,59845,8,,,0,30,,54299,8,0,13 33,0,69,,59846,8,,,0,30,,54289,8,0,13 33,0,70,,59847,8,,,0,30,,54300,8,0,13 33,0,69,,59848,8,,,0,30,,54294,8,0,13 33,0,70,,59834,8,,,0,30,,54295,8,0,13 33,0,70,,54306,8,0,13 33,0,30,,54304,8,0,13 33,0,70,,54303,8,0,13 33,0,29,,59849,8,0,13 33,0
7029,'1909',509,,54343,8,,,0,35,,59868,8,0,13 33,0,65,,54313,8,,,0,31,,59856,8,,,0,71,,54315,8,,,0,30,,59857,8,,,0,70,,54317,8,,,0,30,,59858,8,,,0,71,,54319,8,,,0,30,,54320,8,,,0,70,,54321,8,,,0,30,,54322,8,,,0,70,,54323,8,,,0,30,,59859,8,,,0,70,,59854,8,,,0,30,,59855,8,,,0,70,,54311,8,,,0,30,,59853,8,,,0,70,,59852,8,,,0,30,,54312,8,,,0,70,,54325,8,,,0,30,,59860,8,,,0,70,,59861,8,,,0,30,,54328,8,,,0,70,,54329,8,,,0,29,,54330,8,,,0,70,,59862,8,,,0,30,,59863,8,,,0,70,,54333,8,,,0,30,,54334,8,,,0,70,,59864,8,,,0,28,,59867,8,0,13 33,0,70,,54336,8,,,0,30,,54338,8,0,13 33,0,70,,59865,8,,,0,30,,54340,8,0,13 33,0,70,,54344,8,,,0,29,,59866,8,0,13 33,0
7029,'1910',641,,59869,8,,,0,70,,54359,8,,,0,30,,54346,8,,,0,69,,54360,8,,,0,30,,54347,8,,,0,70,,59870,8,,,0,30,,54348,8,,,0,72,,54362,8,,,0,30,,54349,8,,,0,70,,54363,8,,,0,30,,54350,8,,,0,70,,59871,8,,,0,30,,54351,8,,,0,70,,59872,8,,,0,30,,54352,8,,,0,70,,54366,8,,,0,30,,54353,8,,,0,70,,54367,8,,,0,30,,54354,8,,,0,69,,54368,8,,,0,30,,54355,8,,,0,70,,54369,8,,,0,30,,54356,8,,,0,70,,54370,8,,,0,30,,54357,8,,,0,68,,59873,8,,,0,30,,54358,8,,,0,70,,54372,8,,,0,30,,54380,8,0,13 33,0,70,,54373,8,,,0,30,,54379,8,0,13 33,0,70,,59874,8,,,0,30,,54378,8,0,13 33,0,70,,54375,8,,,0,29,,59876,8,0,13 33,0
7029,'1912',639,,59894,8,0,13 33,0,70,,59878,8,,,0,100,,59879,8,,,0,30,,54447,8,0,13 33,0,71,,59880,8,,,0,30,,54440,8,0,13 33,0,70,,59881,8,,,0,30,,54435,8,0,13 33,0,70,,59882,8,,,0,30,,54444,8,0,13 33,0,71,,59883,8,,,0,30,,54434,8,0,13 33,0,70,,59884,8,,,0,30,,54443,8,0,13 33,0,70,,59885,8,,,0,30,,54433,8,0,13 33,0,70,,59886,8,,,0,30,,54439,8,0,13 33,0,70,,59887,8,,,0,30,,59893,8,0,13 33,0,70,,59888,8,,,0,30,,54441,8,0,13 33,0,69,,59889,8,,,0,30,,54431,8,0,13 33,0,70,,59890,8,,,0,30,,54442,8,0,13 33,0,69,,59891,8,,,0,30,,54436,8,0,13 33,0,70,,59877,8,,,0,30,,54437,8,0,13 33,0,70,,54448,8,0,13 33,0,30,,54446,8,0,13 33,0,70,,54445,8,0,13 33,0,29,,59892,8,0,13 33,0
7029,'1924',639,,59912,8,0,13 33,0,70,,59896,8,,,0,100,,59897,8,,,0,30,,54413,8,0,13 33,0,71,,59898,8,,,0,30,,54406,8,0,13 33,0,70,,59899,8,,,0,30,,54401,8,0,13 33,0,70,,59900,8,,,0,30,,54410,8,0,13 33,0,71,,59901,8,,,0,30,,54400,8,0,13 33,0,70,,59902,8,,,0,30,,54409,8,0,13 33,0,70,,59903,8,,,0,30,,54399,8,0,13 33,0,70,,59904,8,,,0,30,,54405,8,0,13 33,0,70,,59905,8,,,0,30,,59911,8,0,13 33,0,70,,59906,8,,,0,30,,54407,8,0,13 33,0,69,,59907,8,,,0,30,,54397,8,0,13 33,0,70,,59908,8,,,0,30,,54408,8,0,13 33,0,69,,59909,8,,,0,30,,54402,8,0,13 33,0,70,,59895,8,,,0,30,,54403,8,0,13 33,0,70,,54414,8,0,13 33,0,30,,54412,8,0,13 33,0,70,,54411,8,0,13 33,0,29,,59910,8,0,13 33,0
7029,'1925',639,,59936,8,0,13 33,0,70,,59914,8,,,0,100,,59915,8,,,0,30,,59945,8,0,13 33,0,71,,59916,8,,,0,30,,59938,8,0,13 33,0,70,,59917,8,,,0,30,,59933,8,0,13 33,0,70,,59918,8,,,0,30,,59942,8,0,13 33,0,71,,59919,8,,,0,30,,59932,8,0,13 33,0,70,,59920,8,,,0,30,,59941,8,0,13 33,0,70,,59921,8,,,0,30,,59931,8,0,13 33,0,70,,59922,8,,,0,30,,59937,8,0,13 33,0,70,,59923,8,,,0,30,,59930,8,0,13 33,0,70,,59924,8,,,0,30,,59939,8,0,13 33,0,69,,59925,8,,,0,30,,59929,8,0,13 33,0,70,,59926,8,,,0,30,,59940,8,0,13 33,0,69,,59927,8,,,0,30,,59934,8,0,13 33,0,70,,59913,8,,,0,30,,59935,8,0,13 33,0,70,,59946,8,0,13 33,0,30,,59944,8,0,13 33,0,70,,59943,8,0,13 33,0,29,,59928,8,0,13 33,0
11019,'1907',848,,54715,2,,,0,100,,54716,2,,,0,102,,54717,2,,,0,100,,54718,2,,,0,100,,54719,2,,,0,100,,54720,2,,,0,100,,54721,2,,,0,100,,54722,2,,,0,100,,54723,2,,,0,98,,54724,2,,,0,100,,60045,2,,,0,100,,54727,2,,,0,100,,54726,2,0,5 2 8 7,0
11019,'1909',648,,54728,2,,,0,100,,60046,2,,,0,102,,60047,2,,,0,100,,60048,2,,,0,100,,60049,2,,,0,100,,60050,2,,,0,100,,60051,2,,,0,100,,60052,2,,,0,100,,60053,2,,,0,100,,54737,2,,,0,100,,60054,2,,,0,100,,60055,2,,,0,98,,54740,2,,,0,100,,60056,2,,,0,100,,54742,2,,,0,95,,54743,2,0,5 2 8 7,0
11019,'1910',648,,54746,2,,,0,100,,54747,2,,,0,100,,60057,2,,,0,100,,54749,2,,,0,102,,54750,2,,,0,100,,54751,2,,,0,100,,54752,2,,,0,100,,54753,2,,,0,100,,54754,2,,,0,100,,60058,2,,,0,100,,54756,2,,,0,98,,54757,2,,,0,100,,54744,2,,,0,100,,54745,2,,,0,100,,54758,2,0,5 2 8 7,0
11019,'1912',848,,54772,2,,,0,100,,54773,2,,,0,102,,54774,2,,,0,100,,54775,2,,,0,100,,54776,2,,,0,100,,54777,2,,,0,100,,54778,2,,,0,100,,54779,2,,,0,100,,54780,2,,,0,98,,54781,2,,,0,100,,60059,2,,,0,100,,54784,2,,,0,100,,54783,2,0,5 2 8 7,0
11019,'1924',848,,54759,2,,,0,100,,54760,2,,,0,102,,54761,2,,,0,100,,54762,2,,,0,100,,54763,2,,,0,100,,54764,2,,,0,100,,54765,2,,,0,100,,54766,2,,,0,100,,54767,2,,,0,98,,54768,2,,,0,100,,60060,2,,,0,100,,54771,2,,,0,100,,54770,2,0,5 2 8 7,0
11019,'1925',848,,60061,2,,,0,100,,60062,2,,,0,102,,60063,2,,,0,100,,60064,2,,,0,100,,60065,2,,,0,100,,60066,2,,,0,100,,60067,2,,,0,100,,60068,2,,,0,100,,60069,2,,,0,98,,60070,2,,,0,100,,60071,2,,,0,100,,60073,2,,,0,100,,60072,2,0,5 2 8 7,0
