2029,'1907',622,,53401,23,,,0,30,,53409,23,,,0,68,,53420,23,,,0,30,,53415,23,,,0,70,,53402,23,,,0,30,,53410,23,,,0,71,,53421,23,,,0,30,,53416,23,,,0,55,,53432,8,0,12,0,15,,53403,23,,,0,30,,53411,23,,,0,70,,53422,23,,,0,30,,53417,23,,,0,70,,53404,23,,,0,30,,53412,23,,,0,70,,53423,23,,,0,30,,53418,23,,,0,70,,53405,23,,,0,30,,53413,23,,,0,70,,53424,23,,,0,30,,53419,23,,,0,70,,53406,23,,,0,30,,53414,23,,,0,70,,53425,23,,,0,100,,53407,23,,,0,98,,53426,23,,,0,100,,53408,23,,,0,101,,53427,23,,,0,100,,53400,23,,,0
2029,'1909',526,,53450,8,,,0,25,,53433,23,,,0,70,,53434,23,,,0,27,,53435,23,,,0,72,,53436,23,,,0,28,,53437,23,,,0,70,,53438,23,,,0,30,,53439,23,,,0,71,,53440,23,,,0,30,,53441,23,,,0,70,,53464,23,,,0,30,,53460,23,,,0,70,,53466,23,,,0,30,,53462,23,,,0,70,,53463,23,,,0,30,,53459,23,,,0,70,,53465,23,,,0,30,,53461,23,,,0,70,,53467,23,,,0,32,,53442,23,,,0,74,,53443,23,,,0,30,,53444,23,,,0,70,,53445,23,,,0,30,,53446,23,,,0,70,,53447,23,,,0,28,,53448,23,,,0,67,,53449,23,,,0,30,,53453,23,,,0,70,,53454,23,,,0,100,,53455,23,,,0,100,,53456,23,,,0,100,,53452,23,,,0
2029,'1910',552,,53499,23,0,5 2 15 16 17,0,70,,53482,23,,,0,30,,53489,23,,,0,68,,53468,23,,,0,30,,53474,23,,,0,70,,53483,23,,,0,30,,53490,23,,,0,71,,53469,23,,,0,30,,53475,23,,,0,70,,53484,23,,,0,30,,53491,23,,,0,70,,53470,23,,,0,30,,53476,23,,,0,70,,53485,23,,,0,30,,53492,23,,,0,70,,53471,23,,,0,30,,53477,23,,,0,70,,53486,23,,,0,30,,53493,23,,,0,70,,53472,23,,,0,30,,53478,23,,,0,70,,53487,23,,,0,30,,53494,23,,,0,70,,53473,23,,,0,30,,53479,23,,,0,70,,53488,23,,,0,30,,53495,23,,,0,69,,53480,23,,,0,100,,53496,23,,,0,100,,53481,23,,,0,100,,53497,23,,,0
2029,'1911',622,,53503,23,,,0,30,,53511,23,,,0,68,,53522,23,,,0,30,,53517,23,,,0,70,,53504,23,,,0,30,,53512,23,,,0,71,,53523,23,,,0,30,,53518,23,,,0,55,,53534,8,0,12,0,15,,53505,23,,,0,30,,53513,23,,,0,70,,53524,23,,,0,30,,53519,23,,,0,70,,53506,23,,,0,30,,53514,23,,,0,70,,53525,23,,,0,30,,53520,23,,,0,70,,53507,23,,,0,30,,53515,23,,,0,70,,53526,23,,,0,30,,53521,23,,,0,70,,53508,23,,,0,30,,53516,23,,,0,70,,53527,23,,,0,100,,53509,23,,,0,98,,53528,23,,,0,100,,53510,23,,,0,101,,53529,23,,,0,100,,53502,23,,,0
2029,'1912',622,,53536,23,,,0,30,,53544,23,,,0,68,,53555,23,,,0,30,,53550,23,,,0,70,,53537,23,,,0,30,,53545,23,,,0,71,,53556,23,,,0,30,,53551,23,,,0,55,,53567,8,0,12,0,15,,53538,23,,,0,30,,53546,23,,,0,70,,53557,23,,,0,30,,53552,23,,,0,70,,53539,23,,,0,30,,53547,23,,,0,70,,53558,23,,,0,30,,53553,23,,,0,70,,53540,23,,,0,30,,53548,23,,,0,70,,53559,23,,,0,30,,53554,23,,,0,70,,53541,23,,,0,30,,53549,23,,,0,70,,53560,23,,,0,100,,53542,23,,,0,98,,53561,23,,,0,100,,53543,23,,,0,101,,53562,23,,,0,100,,53535,23,,,0
14000001029,'1907',535,,58794,8,0,18 7,0,1811,,58788,8,,,0,69,,58792,8,,,0,30,,58793,8,,,0,70,,58790,8,,,0,30,,58791,8,,,0,70,,58789,8,,,0
14000001029,'1909',433,,58795,8,0,18 7,0,102,,58796,8,0,18 7,0,1811,,58798,8,,,0,69,,58799,8,,,0,30,,58802,8,,,0,70,,58797,8,,,0,30,,58800,8,,,0,70,,58801,8,,,0
14000001029,'1910',535,,58807,8,0,18 7,0,1811,,58809,8,,,0,69,,58804,8,,,0,30,,58803,8,,,0,70,,58805,8,,,0,30,,58808,8,,,0,70,,58806,8,,,0
14000001029,'1911',535,,58816,8,0,18 7,0,1811,,58810,8,,,0,69,,58814,8,,,0,30,,58815,8,,,0,70,,58812,8,,,0,30,,58813,8,,,0,70,,58811,8,,,0
14000001029,'1912',535,,58823,8,0,18 7,0,1811,,58817,8,,,0,69,,58821,8,,,0,30,,58822,8,,,0,70,,58819,8,,,0,30,,58820,8,,,0,70,,58818,8,,,0
