1019,'1907',605,,58824,7,,,0,100,,58825,7,,,0,100,,58826,7,,,0,100,,58827,7,,,0,100,,58828,7,,,0,100,,58829,7,,,0,100,,58830,7,,,0,100,,58831,7,,,0,100,,58832,7,,,0,100,,58833,7,,,0,100,,58834,7,,,0,100,,58835,7,,,0,100,,58836,7,,,0,100,,58837,7,,,0,100,,58838,7,,,0,100,,58839,7,,,0,100,,58840,7,,,0,100,,58841,7,,,0
1019,'1909',534,,58877,7,,,0,75,,58873,7,,,0,30,,58849,7,,,0,72,,58844,7,,,0,30,,58862,7,,,0,70,,58846,7,,,0,30,,58851,7,,,0,70,,58876,7,,,0,30,,58848,7,,,0,70,,58842,7,,,0,30,,58861,7,,,0,70,,58847,7,,,0,30,,58852,7,,,0,70,,58872,7,,,0,30,,58850,7,,,0,70,,58843,7,,,0,30,,58874,7,,,0,70,,58845,7,,,0,30,,58853,7,,,0,70,,58871,7,,,0,30,,58864,7,,,0,70,,58856,7,,,0,30,,58854,7,,,0,70,,58857,7,,,0,30,,58859,7,,,0,70,,58858,7,,,0,30,,58855,7,,,0,65,,58875,7,,,0,30,,58869,7,,,0,68,,58870,7,,,0,30,,58868,7,,,0,70,,58867,7,,,0,30,,58866,7,,,0,70,,58865,7,,,0,30,,58863,7,,,0,70,,58860,7,,,0
1019,'1910',534,,58913,7,,,0,70,,58902,7,,,0,30,,58888,7,,,0,70,,58907,7,,,0,30,,58897,7,,,0,70,,58882,7,,,0,30,,58903,7,,,0,70,,58905,7,,,0,30,,58887,7,,,0,72,,58908,7,,,0,30,,58896,7,,,0,70,,58881,7,,,0,30,,58891,7,,,0,70,,58901,7,,,0,30,,58886,7,,,0,70,,58909,7,,,0,30,,58895,7,,,0,70,,58880,7,,,0,30,,58890,7,,,0,70,,58900,7,,,0,30,,58885,7,,,0,70,,58910,7,,,0,30,,58894,7,,,0,70,,58879,7,,,0,30,,58889,7,,,0,70,,58899,7,,,0,30,,58883,7,,,0,69,,58911,7,,,0,30,,58892,7,,,0,70,,58878,7,,,0,30,,58884,7,,,0,70,,58898,7,,,0,30,,58893,7,,,0,70,,58912,7,,,0,30,,58906,7,,,0,70,,58904,7,,,0
1019,'1912',605,,58914,7,,,0,100,,58915,7,,,0,100,,58916,7,,,0,100,,58917,7,,,0,100,,58918,7,,,0,100,,58919,7,,,0,100,,58920,7,,,0,100,,58921,7,,,0,100,,58922,7,,,0,100,,58923,7,,,0,100,,58924,7,,,0,100,,58925,7,,,0,100,,58926,7,,,0,100,,58927,7,,,0,100,,58928,7,,,0,100,,58929,7,,,0,100,,58930,7,,,0,100,,58931,7,,,0
1019,'1924',605,,58932,7,,,0,100,,58933,7,,,0,100,,58934,7,,,0,100,,58935,7,,,0,100,,58936,7,,,0,100,,58937,7,,,0,100,,58938,7,,,0,100,,58939,7,,,0,100,,58940,7,,,0,100,,58941,7,,,0,100,,58942,7,,,0,100,,58943,7,,,0,100,,58944,7,,,0,100,,58945,7,,,0,100,,58946,7,,,0,100,,58947,7,,,0,100,,58948,7,,,0,100,,58949,7,,,0
1019,'1925',605,,58950,7,,,0,100,,58951,7,,,0,100,,58952,7,,,0,100,,58953,7,,,0,100,,58954,7,,,0,100,,58955,7,,,0,100,,58956,7,,,0,100,,58957,7,,,0,100,,58958,7,,,0,100,,58959,7,,,0,100,,58960,7,,,0,100,,58961,7,,,0,100,,58962,7,,,0,100,,58963,7,,,0,100,,58964,7,,,0,100,,58965,7,,,0,100,,58966,7,,,0,100,,58967,7,,,0
2019,'1907',650,,59137,16,,,0,70,,59114,16,,,0,30,,59118,16,,,0,70,,59130,16,,,0,30,,59125,16,,,0,70,,59115,16,,,0,30,,59119,16,,,0,70,,59131,16,,,0,30,,59126,16,,,0,70,,59116,16,,,0,30,,59120,16,,,0,70,,59132,16,,,0,30,,59127,16,,,0,70,,59117,16,,,0,30,,59121,16,,,0,70,,59133,16,,,0,30,,59128,16,,,0,70,,59112,16,,,0,30,,59122,16,,,0,70,,59134,16,,,0,30,,59129,16,,,0,70,,59110,16,,,0,30,,59123,16,,,0,70,,59135,16,,,0,100,,59111,16,,,0,100,,59136,16,,,0,100,,59113,16,,,0,100,,59124,16,,,0,99,,59138,16,,,0
2019,'1909',446,,59170,7,0,5 2 13 14,0,173,,59139,16,,,0,30,,59140,16,,,0,72,,59141,16,,,0,30,,59142,16,,,0,70,,59143,16,,,0,30,,59144,16,,,0,70,,59161,16,,,0,30,,59162,16,,,0,70,,59163,16,,,0,30,,59164,16,,,0,70,,59165,16,,,0,30,,59166,16,,,0,70,,59167,16,,,0,30,,59168,16,,,0,70,,59169,16,,,0,30,,59159,16,,,0,70,,59160,16,,,0,30,,59145,16,,,0,70,,59146,16,,,0,30,,59147,16,,,0,70,,59148,16,,,0,30,,59149,16,,,0,70,,59150,16,,,0,30,,59151,16,,,0,70,,59152,16,,,0,30,,59158,16,,,0,70,,59153,16,,,0,98,,59154,16,,,0,100,,59155,16,,,0,100,,59156,16,,,0,100,,59157,16,,,0
2019,'1910',619,,59171,7,,,0,30,,59178,16,,,0,70,,59187,16,,,0,30,,59194,16,,,0,70,,59172,16,,,0,30,,59179,16,,,0,70,,59188,16,,,0,30,,59195,16,,,0,72,,59173,16,,,0,30,,59180,16,,,0,70,,59189,16,,,0,30,,59196,16,,,0,70,,59174,16,,,0,30,,59181,16,,,0,70,,59190,16,,,0,30,,59197,16,,,0,70,,59175,16,,,0,30,,59182,16,,,0,70,,59191,16,,,0,30,,59198,16,,,0,70,,59176,16,,,0,30,,59183,16,,,0,70,,59192,16,,,0,30,,59199,16,,,0,70,,59177,16,,,0,30,,59184,16,,,0,70,,59193,16,,,0,99,,59185,16,,,0,100,,59200,16,,,0,100,,59186,16,,,0,100,,59201,16,,,0
2019,'1912',650,,59229,16,,,0,70,,59206,16,,,0,30,,59210,16,,,0,70,,59222,16,,,0,30,,59217,16,,,0,70,,59207,16,,,0,30,,59211,16,,,0,70,,59223,16,,,0,30,,59218,16,,,0,70,,59208,16,,,0,30,,59212,16,,,0,70,,59224,16,,,0,30,,59219,16,,,0,70,,59209,16,,,0,30,,59213,16,,,0,70,,59225,16,,,0,30,,59220,16,,,0,70,,59204,16,,,0,30,,59214,16,,,0,70,,59226,16,,,0,30,,59221,16,,,0,70,,59202,16,,,0,30,,59215,16,,,0,70,,59227,16,,,0,100,,59203,16,,,0,100,,59228,16,,,0,100,,59205,16,,,0,100,,59216,16,,,0,99,,59230,16,,,0
2019,'1924',650,,59258,16,,,0,70,,59235,16,,,0,30,,59239,16,,,0,70,,59251,16,,,0,30,,59246,16,,,0,70,,59236,16,,,0,30,,59240,16,,,0,70,,59252,16,,,0,30,,59247,16,,,0,70,,59237,16,,,0,30,,59241,16,,,0,70,,59253,16,,,0,30,,59248,16,,,0,70,,59238,16,,,0,30,,59242,16,,,0,70,,59254,16,,,0,30,,59249,16,,,0,70,,59233,16,,,0,30,,59243,16,,,0,70,,59255,16,,,0,30,,59250,16,,,0,70,,59231,16,,,0,30,,59244,16,,,0,70,,59256,16,,,0,100,,59232,16,,,0,100,,59257,16,,,0,100,,59234,16,,,0,100,,59245,16,,,0,99,,59259,16,,,0
2019,'1925',650,,59287,16,,,0,70,,59264,16,,,0,30,,59268,16,,,0,70,,59280,16,,,0,30,,59275,16,,,0,70,,59265,16,,,0,30,,59269,16,,,0,70,,59281,16,,,0,30,,59276,16,,,0,70,,59266,16,,,0,30,,59270,16,,,0,70,,59282,16,,,0,30,,59277,16,,,0,70,,59267,16,,,0,30,,59271,16,,,0,70,,59283,16,,,0,30,,59278,16,,,0,70,,59262,16,,,0,30,,59272,16,,,0,70,,59284,16,,,0,30,,59279,16,,,0,70,,59260,16,,,0,30,,59273,16,,,0,70,,59285,16,,,0,100,,59261,16,,,0,100,,59286,16,,,0,100,,59263,16,,,0,100,,59274,16,,,0,99,,59288,16,,,0
12019,'1909',629,,60120,7,,,0,71,,60122,7,,,0,31,,60116,7,,,0,70,,60123,7,,,0,30,,60124,7,,,0,70,,60121,7,0,5 2 12,0,30,,60111,7,0,5 2 12,0,70,,60112,7,0,5 2 12,0,30,,60102,7,0,5 2 12,0,70,,60103,7,0,5 2 12,0,30,,60104,7,0,5 2 12,0,70,,60105,7,0,5 2 12,0,30,,60106,7,0,5 2 12,0,70,,60107,7,0,5 2 12,0,30,,60108,7,0,5 2 12,0,70,,60109,7,0,5 2 12,0,30,,60110,7,,,0,69,,60119,7,,,0,30,,60115,7,,,0,70,,60117,7,,,0,30,,60114,7,,,0,70,,60118,7,,,0,30,,60113,7,,,0,70,,54874,7,,,0
14000001019,'1907',2414,,61782,23,,,0,30,,61781,23,,,0,70,,61780,23,,,0,30,,61783,23,,,0,70,,61784,23,,,0
14000001019,'1909',2414,,61788,23,,,0,30,,61785,23,,,0,70,,61786,23,,,0,30,,61787,23,,,0,70,,61789,23,,,0
14000001019,'1910',2414,,61793,23,,,0,30,,61790,23,,,0,70,,61792,23,,,0,30,,61791,23,,,0,70,,61794,23,,,0
14000001019,'1912',2414,,61797,23,,,0,30,,61796,23,,,0,70,,61795,23,,,0,30,,61798,23,,,0,70,,61799,23,,,0
14000001019,'1924',2414,,61802,23,,,0,30,,61801,23,,,0,70,,61800,23,,,0,30,,61803,23,,,0,70,,61804,23,,,0
14000001019,'1925',2414,,61807,23,,,0,30,,61806,23,,,0,70,,61805,23,,,0,30,,61808,23,,,0,70,,61809,23,,,0
