1029,'1907',616,,53126,35,,,0,100,,53127,35,,,0,100,,53128,35,,,0,100,,53129,35,,,0,100,,53130,35,,,0,100,,53131,35,,,0,100,,53132,35,,,0,100,,53133,35,,,0,100,,53134,35,,,0,100,,53135,35,,,0,100,,53136,35,,,0,100,,53137,35,,,0,100,,53138,35,,,0,100,,53139,35,,,0,100,,53140,35,,,0,100,,53141,35,,,0,100,,53142,35,,,0,95,,53143,35,,,0
1029,'1909',616,,53153,35,,,0,35,,53154,35,,,0,70,,53174,35,,,0,30,,53150,35,,,0,70,,53145,35,,,0,30,,53178,35,,,0,70,,53148,35,,,0,30,,53155,35,,,0,70,,53173,35,,,0,30,,53152,35,,,0,70,,53144,35,,,0,30,,53177,35,,,0,70,,53149,35,,,0,30,,53156,35,,,0,70,,53172,35,,,0,30,,53151,35,,,0,70,,53146,35,,,0,30,,53175,35,,,0,72,,53147,35,,,0,30,,53157,35,,,0,70,,53171,35,,,0,30,,53160,35,,,0,70,,53159,35,,,0,28,,53158,35,,,0,65,,53164,35,,,0,30,,53163,35,,,0,70,,53162,35,,,0,30,,53161,35,,,0,70,,53176,35,,,0,30,,53170,35,,,0,70,,53169,35,,,0,30,,53168,35,,,0,70,,53167,35,,,0,30,,53166,35,,,0,65,,53165,35,,,0
1029,'1910',616,,53184,35,,,0,30,,53196,35,,,0,70,,53203,35,,,0,30,,53191,35,,,0,70,,53212,35,,,0,30,,53200,35,,,0,70,,53183,35,,,0,30,,53195,35,,,0,70,,53206,35,,,0,30,,53190,35,,,0,70,,53213,35,,,0,30,,53199,35,,,0,70,,53182,35,,,0,30,,53194,35,,,0,70,,53205,35,,,0,30,,53189,35,,,0,70,,53185,35,,,0,30,,53198,35,,,0,70,,53181,35,,,0,30,,53193,35,,,0,70,,53201,35,,,0,30,,53188,35,,,0,70,,53210,35,,,0,30,,53197,35,,,0,69,,53180,35,,,0,31,,53192,35,,,0,70,,53204,35,,,0,30,,53186,35,,,0,70,,53208,35,,,0,30,,53207,35,,,0,70,,53179,35,,,0,30,,53187,35,,,0,70,,53202,35,,,0,30,,53211,35,,,0,69,,53209,35,,,0
1029,'1911',616,,53214,35,,,0,100,,53215,35,,,0,100,,53216,35,,,0,100,,53217,35,,,0,100,,53218,35,,,0,100,,53219,35,,,0,100,,53220,35,,,0,100,,53221,35,,,0,100,,53222,35,,,0,100,,53223,35,,,0,100,,53224,35,,,0,100,,53225,35,,,0,100,,53226,35,,,0,100,,53227,35,,,0,100,,53228,35,,,0,100,,53229,35,,,0,100,,53230,35,,,0,95,,53231,35,,,0
1029,'1912',616,,53232,35,,,0,100,,53233,35,,,0,100,,53234,35,,,0,100,,53235,35,,,0,100,,53236,35,,,0,100,,53237,35,,,0,100,,53238,35,,,0,100,,53239,35,,,0,100,,53240,35,,,0,100,,53241,35,,,0,100,,53242,35,,,0,100,,53243,35,,,0,100,,53244,35,,,0,100,,53245,35,,,0,100,,53246,35,,,0,100,,53247,35,,,0,100,,53248,35,,,0,95,,53249,35,,,0
2029,'1907',631,,53401,32,,,0,69,,53409,32,,,0,31,,53420,32,,,0,70,,53415,32,,,0,30,,53402,32,,,0,70,,53410,32,,,0,30,,53421,32,,,0,70,,53416,32,,,0,30,,53403,32,,,0,70,,53411,32,,,0,30,,53422,32,,,0,70,,53417,32,,,0,30,,53404,32,,,0,70,,53412,32,,,0,30,,53423,32,,,0,70,,53418,32,,,0,30,,53405,32,,,0,70,,53413,32,,,0,30,,53424,32,,,0,70,,53419,32,,,0,30,,53406,32,,,0,70,,53414,32,,,0,30,,53425,32,,,0,100,,53407,32,,,0,99,,53426,32,,,0,100,,53408,32,,,0,101,,53427,32,,,0,100,,53400,32,,,0
2029,'1909',536,,53450,17,,,0,65,,53433,32,,,0,30,,53434,32,,,0,70,,53435,32,,,0,28,,53436,32,,,0,72,,53437,32,,,0,30,,53438,32,,,0,70,,53439,32,,,0,30,,53440,32,,,0,70,,53441,32,,,0,30,,53464,32,,,0,70,,53460,32,,,0,30,,53466,32,,,0,70,,53462,32,,,0,30,,53463,32,,,0,70,,53459,32,,,0,30,,53465,32,,,0,70,,53461,32,,,0,30,,53467,32,,,0,71,,53442,32,,,0,34,,53443,32,,,0,70,,53444,32,,,0,30,,53445,32,,,0,70,,53446,32,,,0,30,,53447,32,,,0,66,,53448,32,,,0,29,,53449,32,,,0,70,,53453,32,,,0,30,,53454,32,,,0,100,,53455,32,,,0,100,,53456,32,,,0,100,,53452,32,,,0
2029,'1910',601,,53499,32,0,5 2 15 16 17,0,30,,53482,32,,,0,69,,53489,32,,,0,31,,53468,32,,,0,70,,53474,32,,,0,30,,53483,32,,,0,70,,53490,32,,,0,30,,53469,32,,,0,70,,53475,32,,,0,30,,53484,32,,,0,70,,53491,32,,,0,30,,53470,32,,,0,70,,53476,32,,,0,30,,53485,32,,,0,70,,53492,32,,,0,30,,53471,32,,,0,70,,53477,32,,,0,30,,53486,32,,,0,70,,53493,32,,,0,30,,53472,32,,,0,70,,53478,32,,,0,30,,53487,32,,,0,70,,53494,32,,,0,30,,53473,32,,,0,70,,53479,32,,,0,30,,53488,32,,,0,70,,53495,32,,,0,30,,53480,32,,,0,100,,53496,32,,,0,100,,53481,32,,,0,100,,53497,32,,,0
2029,'1911',631,,53503,32,,,0,69,,53511,32,,,0,31,,53522,32,,,0,70,,53517,32,,,0,30,,53504,32,,,0,70,,53512,32,,,0,30,,53523,32,,,0,70,,53518,32,,,0,30,,53505,32,,,0,70,,53513,32,,,0,30,,53524,32,,,0,70,,53519,32,,,0,30,,53506,32,,,0,70,,53514,32,,,0,30,,53525,32,,,0,70,,53520,32,,,0,30,,53507,32,,,0,70,,53515,32,,,0,30,,53526,32,,,0,70,,53521,32,,,0,30,,53508,32,,,0,70,,53516,32,,,0,30,,53527,32,,,0,100,,53509,32,,,0,99,,53528,32,,,0,100,,53510,32,,,0,101,,53529,32,,,0,100,,53502,32,,,0
2029,'1912',631,,53536,32,,,0,69,,53544,32,,,0,31,,53555,32,,,0,70,,53550,32,,,0,30,,53537,32,,,0,70,,53545,32,,,0,30,,53556,32,,,0,70,,53551,32,,,0,30,,53538,32,,,0,70,,53546,32,,,0,30,,53557,32,,,0,70,,53552,32,,,0,30,,53539,32,,,0,70,,53547,32,,,0,30,,53558,32,,,0,70,,53553,32,,,0,30,,53540,32,,,0,70,,53548,32,,,0,30,,53559,32,,,0,70,,53554,32,,,0,30,,53541,32,,,0,70,,53549,32,,,0,30,,53560,32,,,0,100,,53542,32,,,0,99,,53561,32,,,0,100,,53543,32,,,0,101,,53562,32,,,0,100,,53535,32,,,0
12029,'1909',641,,54902,11,,,0,70,,54899,11,,,0,30,,54892,11,,,0,69,,54900,11,,,0,31,,54893,11,,,0,70,,54879,2,,,0,30,,54880,2,,,0,70,,54881,2,,,0,30,,54882,2,,,0,70,,54883,2,,,0,30,,54884,2,,,0,70,,54885,2,,,0,30,,54886,2,,,0,70,,54887,2,,,0,30,,54888,2,,,0,70,,54889,2,,,0,29,,54895,11,,,0,71,,54898,11,,,0,30,,54890,11,,,0,70,,54897,11,,,0,30,,54891,11,,,0,70,,54901,11,,,0,30,,54894,11,,,0,70,,54896,11,,,0
14000001029,'1907',542,,58794,16,0,18 7,0,1811,,58788,16,,,0,69,,58792,16,,,0,30,,58793,16,,,0,70,,58790,16,,,0,30,,58791,16,,,0,70,,58789,16,,,0
14000001029,'1909',440,,58795,16,0,18 7,0,102,,58796,16,0,18 7,0,1811,,58798,16,,,0,69,,58799,16,,,0,30,,58802,16,,,0,70,,58797,16,,,0,30,,58800,16,,,0,70,,58801,16,,,0
14000001029,'1910',542,,58807,16,0,18 7,0,1811,,58809,16,,,0,69,,58804,16,,,0,30,,58803,16,,,0,70,,58805,16,,,0,30,,58808,16,,,0,70,,58806,16,,,0
14000001029,'1911',542,,58816,16,0,18 7,0,1811,,58810,16,,,0,69,,58814,16,,,0,30,,58815,16,,,0,70,,58812,16,,,0,30,,58813,16,,,0,70,,58811,16,,,0
14000001029,'1912',542,,58823,16,0,18 7,0,1811,,58817,16,,,0,69,,58821,16,,,0,30,,58822,16,,,0,70,,58819,16,,,0,30,,58820,16,,,0,70,,58818,16,,,0
