1029,'1907',616,,58968,35,,,0,100,,58969,35,,,0,100,,58970,35,,,0,100,,58971,35,,,0,100,,58972,35,,,0,100,,58973,35,,,0,100,,58974,35,,,0,100,,58975,35,,,0,100,,58976,35,,,0,100,,58977,35,,,0,100,,58978,35,,,0,100,,58979,35,,,0,100,,58980,35,,,0,100,,58981,35,,,0,100,,58982,35,,,0,100,,58983,35,,,0,100,,58984,35,,,0,95,,58985,35,,,0
1029,'1909',616,,58995,35,,,0,35,,58996,35,,,0,70,,59016,35,,,0,30,,58992,35,,,0,70,,58987,35,,,0,30,,59020,35,,,0,70,,58990,35,,,0,30,,58997,35,,,0,70,,59015,35,,,0,30,,58994,35,,,0,70,,58986,35,,,0,30,,59019,35,,,0,70,,58991,35,,,0,30,,58998,35,,,0,70,,59014,35,,,0,30,,58993,35,,,0,70,,58988,35,,,0,30,,59017,35,,,0,72,,58989,35,,,0,30,,58999,35,,,0,70,,59013,35,,,0,30,,59002,35,,,0,70,,59001,35,,,0,28,,59000,35,,,0,65,,59006,35,,,0,30,,59005,35,,,0,70,,59004,35,,,0,30,,59003,35,,,0,70,,59018,35,,,0,30,,59012,35,,,0,70,,59011,35,,,0,30,,59010,35,,,0,70,,59009,35,,,0,30,,59008,35,,,0,65,,59007,35,,,0
1029,'1910',616,,59026,35,,,0,30,,59038,35,,,0,70,,59045,35,,,0,30,,59033,35,,,0,70,,59054,35,,,0,30,,59042,35,,,0,70,,59025,35,,,0,30,,59037,35,,,0,70,,59048,35,,,0,30,,59032,35,,,0,70,,59055,35,,,0,30,,59041,35,,,0,70,,59024,35,,,0,30,,59036,35,,,0,70,,59047,35,,,0,30,,59031,35,,,0,70,,59027,35,,,0,30,,59040,35,,,0,70,,59023,35,,,0,30,,59035,35,,,0,70,,59043,35,,,0,30,,59030,35,,,0,70,,59052,35,,,0,30,,59039,35,,,0,69,,59022,35,,,0,31,,59034,35,,,0,70,,59046,35,,,0,30,,59028,35,,,0,70,,59050,35,,,0,30,,59049,35,,,0,70,,59021,35,,,0,30,,59029,35,,,0,70,,59044,35,,,0,30,,59053,35,,,0,70,,59051,35,,,0
1029,'1912',616,,59056,35,,,0,100,,59057,35,,,0,100,,59058,35,,,0,100,,59059,35,,,0,100,,59060,35,,,0,100,,59061,35,,,0,100,,59062,35,,,0,100,,59063,35,,,0,100,,59064,35,,,0,100,,59065,35,,,0,100,,59066,35,,,0,100,,59067,35,,,0,100,,59068,35,,,0,100,,59069,35,,,0,100,,59070,35,,,0,100,,59071,35,,,0,100,,59072,35,,,0,95,,59073,35,,,0
1029,'1924',616,,59074,35,,,0,100,,59075,35,,,0,100,,59076,35,,,0,100,,59077,35,,,0,100,,59078,35,,,0,100,,59079,35,,,0,100,,59080,35,,,0,100,,59081,35,,,0,100,,59082,35,,,0,100,,59083,35,,,0,100,,59084,35,,,0,100,,59085,35,,,0,100,,59086,35,,,0,100,,59087,35,,,0,100,,59088,35,,,0,100,,59089,35,,,0,100,,59090,35,,,0,95,,59091,35,,,0
1029,'1925',616,,59092,35,,,0,100,,59093,35,,,0,100,,59094,35,,,0,100,,59095,35,,,0,100,,59096,35,,,0,100,,59097,35,,,0,100,,59098,35,,,0,100,,59099,35,,,0,100,,59100,35,,,0,100,,59101,35,,,0,100,,59102,35,,,0,100,,59103,35,,,0,100,,59104,35,,,0,100,,59105,35,,,0,100,,59106,35,,,0,100,,59107,35,,,0,100,,59108,35,,,0,95,,59109,35,,,0
2029,'1907',631,,59290,32,,,0,69,,59298,32,,,0,31,,59309,32,,,0,70,,59304,32,,,0,30,,59291,32,,,0,70,,59299,32,,,0,30,,59310,32,,,0,70,,59305,32,,,0,30,,59292,32,,,0,70,,59300,32,,,0,30,,59311,32,,,0,70,,59306,32,,,0,30,,59293,32,,,0,70,,59301,32,,,0,30,,59312,32,,,0,70,,59307,32,,,0,30,,59294,32,,,0,70,,59302,32,,,0,30,,59313,32,,,0,70,,59308,32,,,0,30,,59295,32,,,0,70,,59303,32,,,0,30,,59314,32,,,0,100,,59296,32,,,0,99,,59315,32,,,0,100,,59297,32,,,0,101,,59316,32,,,0,100,,59289,32,,,0
2029,'1909',536,,59338,17,,,0,65,,59321,32,,,0,30,,59322,32,,,0,70,,59323,32,,,0,28,,59324,32,,,0,72,,59325,32,,,0,30,,59326,32,,,0,70,,59327,32,,,0,30,,59328,32,,,0,70,,59329,32,,,0,30,,59352,32,,,0,70,,59348,32,,,0,30,,59354,32,,,0,70,,59350,32,,,0,30,,59351,32,,,0,70,,59347,32,,,0,30,,59353,32,,,0,70,,59349,32,,,0,30,,59355,32,,,0,71,,59330,32,,,0,34,,59331,32,,,0,70,,59332,32,,,0,30,,59333,32,,,0,70,,59334,32,,,0,30,,59335,32,,,0,66,,59336,32,,,0,29,,59337,32,,,0,70,,59341,32,,,0,30,,59342,32,,,0,100,,59343,32,,,0,100,,59344,32,,,0,100,,59340,32,,,0
2029,'1910',601,,59387,32,0,5 2 15 16 17,0,30,,59370,32,,,0,69,,59377,32,,,0,31,,59356,32,,,0,70,,59362,32,,,0,30,,59371,32,,,0,70,,59378,32,,,0,30,,59357,32,,,0,70,,59363,32,,,0,30,,59372,32,,,0,70,,59379,32,,,0,30,,59358,32,,,0,70,,59364,32,,,0,30,,59373,32,,,0,70,,59380,32,,,0,30,,59359,32,,,0,70,,59365,32,,,0,30,,59374,32,,,0,70,,59381,32,,,0,30,,59360,32,,,0,70,,59366,32,,,0,30,,59375,32,,,0,70,,59382,32,,,0,30,,59361,32,,,0,70,,59367,32,,,0,30,,59376,32,,,0,70,,59383,32,,,0,30,,59368,32,,,0,100,,59384,32,,,0,100,,59369,32,,,0,100,,59385,32,,,0
2029,'1912',631,,59391,32,,,0,69,,59399,32,,,0,31,,59410,32,,,0,70,,59405,32,,,0,30,,59392,32,,,0,70,,59400,32,,,0,30,,59411,32,,,0,70,,59406,32,,,0,30,,59393,32,,,0,70,,59401,32,,,0,30,,59412,32,,,0,70,,59407,32,,,0,30,,59394,32,,,0,70,,59402,32,,,0,30,,59413,32,,,0,70,,59408,32,,,0,30,,59395,32,,,0,70,,59403,32,,,0,30,,59414,32,,,0,70,,59409,32,,,0,30,,59396,32,,,0,70,,59404,32,,,0,30,,59415,32,,,0,100,,59397,32,,,0,99,,59416,32,,,0,100,,59398,32,,,0,101,,59417,32,,,0,100,,59390,32,,,0
2029,'1924',631,,59423,32,,,0,69,,59431,32,,,0,31,,59442,32,,,0,70,,59437,32,,,0,30,,59424,32,,,0,70,,59432,32,,,0,30,,59443,32,,,0,70,,59438,32,,,0,30,,59425,32,,,0,70,,59433,32,,,0,30,,59444,32,,,0,70,,59439,32,,,0,30,,59426,32,,,0,70,,59434,32,,,0,30,,59445,32,,,0,70,,59440,32,,,0,30,,59427,32,,,0,70,,59435,32,,,0,30,,59446,32,,,0,70,,59441,32,,,0,30,,59428,32,,,0,70,,59436,32,,,0,30,,59447,32,,,0,100,,59429,32,,,0,99,,59448,32,,,0,100,,59430,32,,,0,101,,59449,32,,,0,100,,59422,32,,,0
2029,'1925',631,,59455,32,,,0,69,,59463,32,,,0,31,,59474,32,,,0,70,,59469,32,,,0,30,,59456,32,,,0,70,,59464,32,,,0,30,,59475,32,,,0,70,,59470,32,,,0,30,,59457,32,,,0,70,,59465,32,,,0,30,,59476,32,,,0,70,,59471,32,,,0,30,,59458,32,,,0,70,,59466,32,,,0,30,,59477,32,,,0,70,,59472,32,,,0,30,,59459,32,,,0,70,,59467,32,,,0,30,,59478,32,,,0,70,,59473,32,,,0,30,,59460,32,,,0,70,,59468,32,,,0,30,,59479,32,,,0,100,,59461,32,,,0,99,,59480,32,,,0,100,,59462,32,,,0,101,,59481,32,,,0,100,,59454,32,,,0
12029,'1909',641,,60148,11,,,0,70,,60145,11,,,0,30,,60138,11,,,0,69,,60146,11,,,0,31,,60139,11,,,0,70,,60125,2,,,0,30,,60126,2,,,0,70,,60127,2,,,0,30,,60128,2,,,0,70,,60129,2,,,0,30,,60130,2,,,0,70,,60131,2,,,0,30,,60132,2,,,0,70,,60133,2,,,0,30,,60134,2,,,0,70,,60135,2,,,0,29,,60141,11,,,0,71,,60144,11,,,0,30,,60136,11,,,0,70,,60143,11,,,0,30,,60137,11,,,0,70,,60147,11,,,0,30,,60140,11,,,0,70,,60142,11,,,0
14000001029,'1907',542,,61816,16,0,18 7,0,1811,,61810,16,,,0,69,,61814,16,,,0,30,,61815,16,,,0,70,,61812,16,,,0,30,,61813,16,,,0,70,,61811,16,,,0
14000001029,'1909',440,,61817,16,0,18 7,0,102,,61818,16,0,18 7,0,1811,,61820,16,,,0,69,,61821,16,,,0,30,,61824,16,,,0,70,,61819,16,,,0,30,,61822,16,,,0,70,,61823,16,,,0
14000001029,'1910',542,,61829,16,0,18 7,0,1811,,61831,16,,,0,69,,61826,16,,,0,30,,61825,16,,,0,70,,61827,16,,,0,30,,61830,16,,,0,70,,61828,16,,,0
14000001029,'1912',542,,61838,16,0,18 7,0,1811,,61832,16,,,0,69,,61836,16,,,0,30,,61837,16,,,0,70,,61834,16,,,0,30,,61835,16,,,0,70,,61833,16,,,0
14000001029,'1924',542,,61845,16,0,18 7,0,1811,,61839,16,,,0,69,,61843,16,,,0,30,,61844,16,,,0,70,,61841,16,,,0,30,,61842,16,,,0,70,,61840,16,,,0
14000001029,'1925',542,,61852,16,0,18 7,0,1811,,61846,16,,,0,69,,61850,16,,,0,30,,61851,16,,,0,70,,61848,16,,,0,30,,61849,16,,,0,70,,61847,16,,,0
