2019,'1907',641,,59137,7,,,0,70,,59114,7,,,0,30,,59118,7,,,0,70,,59130,7,,,0,30,,59125,7,,,0,70,,59115,7,,,0,30,,59119,7,,,0,70,,59131,7,,,0,30,,59126,7,,,0,70,,59116,7,,,0,30,,59120,7,,,0,70,,59132,7,,,0,30,,59127,7,,,0,70,,59117,7,,,0,30,,59121,7,,,0,70,,59133,7,,,0,30,,59128,7,,,0,70,,59112,7,,,0,30,,59122,7,,,0,70,,59134,7,,,0,30,,59129,7,,,0,70,,59110,7,,,0,30,,59123,7,,,0,70,,59135,7,,,0,100,,59111,7,,,0,100,,59136,7,,,0,100,,59113,7,,,0,100,,59124,7,,,0,99,,59138,7,,,0
2019,'1909',612,,59139,7,,,0,28,,59140,7,,,0,70,,59141,7,,,0,30,,59142,7,,,0,70,,59143,7,,,0,30,,59144,7,,,0,70,,59161,7,,,0,30,,59162,7,,,0,70,,59163,7,,,0,30,,59164,7,,,0,70,,59165,7,,,0,30,,59166,7,,,0,70,,59167,7,,,0,30,,59168,7,,,0,70,,59169,7,,,0,30,,59159,7,,,0,70,,59160,7,,,0,30,,59145,7,,,0,70,,59146,7,,,0,30,,59147,7,,,0,70,,59148,7,,,0,30,,59149,7,,,0,70,,59150,7,,,0,29,,59151,7,,,0,70,,59152,7,,,0,30,,59158,7,,,0,70,,59153,7,,,0,100,,59154,7,,,0,100,,59155,7,,,0,100,,59156,7,,,0,100,,59157,7,,,0
2019,'1910',640,,59178,7,,,0,70,,59187,7,,,0,30,,59194,7,,,0,70,,59172,7,,,0,30,,59179,7,,,0,70,,59188,7,,,0,30,,59195,7,,,0,71,,59173,7,,,0,30,,59180,7,,,0,70,,59189,7,,,0,30,,59196,7,,,0,70,,59174,7,,,0,30,,59181,7,,,0,70,,59190,7,,,0,30,,59197,7,,,0,70,,59175,7,,,0,30,,59182,7,,,0,70,,59191,7,,,0,30,,59198,7,,,0,70,,59176,7,,,0,30,,59183,7,,,0,70,,59192,7,,,0,30,,59199,7,,,0,70,,59177,7,,,0,30,,59184,7,,,0,70,,59193,7,,,0,100,,59185,7,,,0,100,,59200,7,,,0,100,,59186,7,,,0,100,,59201,7,,,0
2019,'1912',641,,59229,7,,,0,70,,59206,7,,,0,30,,59210,7,,,0,70,,59222,7,,,0,30,,59217,7,,,0,70,,59207,7,,,0,30,,59211,7,,,0,70,,59223,7,,,0,30,,59218,7,,,0,70,,59208,7,,,0,30,,59212,7,,,0,70,,59224,7,,,0,30,,59219,7,,,0,70,,59209,7,,,0,30,,59213,7,,,0,70,,59225,7,,,0,30,,59220,7,,,0,70,,59204,7,,,0,30,,59214,7,,,0,70,,59226,7,,,0,30,,59221,7,,,0,70,,59202,7,,,0,30,,59215,7,,,0,70,,59227,7,,,0,100,,59203,7,,,0,100,,59228,7,,,0,100,,59205,7,,,0,100,,59216,7,,,0,99,,59230,7,,,0
2019,'1924',641,,59258,7,,,0,70,,59235,7,,,0,30,,59239,7,,,0,70,,59251,7,,,0,30,,59246,7,,,0,70,,59236,7,,,0,30,,59240,7,,,0,70,,59252,7,,,0,30,,59247,7,,,0,70,,59237,7,,,0,30,,59241,7,,,0,70,,59253,7,,,0,30,,59248,7,,,0,70,,59238,7,,,0,30,,59242,7,,,0,70,,59254,7,,,0,30,,59249,7,,,0,70,,59233,7,,,0,30,,59243,7,,,0,70,,59255,7,,,0,30,,59250,7,,,0,70,,59231,7,,,0,30,,59244,7,,,0,70,,59256,7,,,0,100,,59232,7,,,0,100,,59257,7,,,0,100,,59234,7,,,0,100,,59245,7,,,0,99,,59259,7,,,0
2019,'1925',641,,59287,7,,,0,70,,59264,7,,,0,30,,59268,7,,,0,70,,59280,7,,,0,30,,59275,7,,,0,70,,59265,7,,,0,30,,59269,7,,,0,70,,59281,7,,,0,30,,59276,7,,,0,70,,59266,7,,,0,30,,59270,7,,,0,70,,59282,7,,,0,30,,59277,7,,,0,70,,59267,7,,,0,30,,59271,7,,,0,70,,59283,7,,,0,30,,59278,7,,,0,70,,59262,7,,,0,30,,59272,7,,,0,70,,59284,7,,,0,30,,59279,7,,,0,70,,59260,7,,,0,30,,59273,7,,,0,70,,59285,7,,,0,100,,59261,7,,,0,100,,59286,7,,,0,100,,59263,7,,,0,100,,59274,7,,,0,99,,59288,7,,,0
32019,'1907',556,,60709,9,,,0,96,,60692,39,,,0,100,,60693,39,,,0,100,,60694,39,,,0,100,,60695,39,,,0,100,,60696,39,,,0,101,,60697,39,,,0,100,,60698,39,,,0,100,,60699,39,,,0,100,,60700,39,,,0,100,,60701,39,,,0,100,,60702,39,,,0,100,,60703,39,,,0,100,,60704,39,,,0,100,,60705,39,,,0,100,,60706,39,,,0,99,,60707,39,,,0,100,,60708,39,,,0
32019,'1909',436,,60747,9,,,0,88,,60748,9,,,0,30,,60746,9,,,0,68,,60744,9,,,0,32,,60719,39,,,0,71,,60735,39,,,0,30,,60714,39,,,0,69,,60730,39,,,0,30,,60740,39,,,0,70,,60724,39,,,0,29,,60722,39,,,0,70,,60734,39,,,0,30,,60712,39,,,0,70,,60728,39,,,0,30,,60739,39,,,0,70,,60726,39,,,0,30,,60721,39,,,0,70,,60733,39,,,0,30,,60715,39,,,0,70,,60727,39,,,0,32,,60738,39,,,0,70,,60725,39,,,0,30,,60718,39,,,0,70,,60732,39,,,0,30,,60711,39,,,0,70,,60729,39,,,0,27,,60737,39,,,0,71,,60723,39,,,0,30,,60720,39,,,0,70,,60731,39,,,0,30,,60716,39,,,0,70,,60741,9,,,0,30,,60736,39,,,0,70,,60743,9,,,0,30,,60717,39,,,0,70,,60742,9,,,0,30,,60713,39,,,0
32019,'1910',526,,60785,9,,,0,30,,60784,9,,,0,70,,60767,9,,,0,26,,60760,39,,,0,70,,60777,39,,,0,30,,60754,39,,,0,70,,60771,39,,,0,30,,60778,39,,,0,70,,60766,39,,,0,30,,60759,39,,,0,71,,60776,39,,,0,30,,60753,39,,,0,70,,60770,39,,,0,30,,60781,39,,,0,70,,60765,39,,,0,30,,60758,39,,,0,70,,60775,39,,,0,30,,60752,39,,,0,70,,60769,39,,,0,30,,60780,39,,,0,70,,60764,39,,,0,30,,60757,39,,,0,70,,60774,39,,,0,30,,60751,39,,,0,70,,60768,39,,,0,30,,60782,39,,,0,70,,60763,39,,,0,30,,60756,39,,,0,70,,60772,39,,,0,30,,60750,39,,,0,70,,60762,9,,,0,30,,60779,39,,,0,70,,60773,9,,,0,30,,60755,39,,,0,70,,60761,9,,,0,30,,60749,39,,,0
32019,'1912',556,,60803,9,,,0,96,,60786,39,,,0,100,,60787,39,,,0,100,,60788,39,,,0,100,,60789,39,,,0,100,,60790,39,,,0,101,,60791,39,,,0,100,,60792,39,,,0,100,,60793,39,,,0,100,,60794,39,,,0,100,,60795,39,,,0,100,,60796,39,,,0,100,,60797,39,,,0,100,,60798,39,,,0,100,,60799,39,,,0,100,,60800,39,,,0,99,,60801,39,,,0,100,,60802,39,,,0
32019,'1924',556,,60822,9,,,0,96,,60805,39,,,0,100,,60806,39,,,0,100,,60807,39,,,0,100,,60808,39,,,0,100,,60809,39,,,0,101,,60810,39,,,0,100,,60811,39,,,0,100,,60812,39,,,0,100,,60813,39,,,0,100,,60814,39,,,0,100,,60815,39,,,0,100,,60816,39,,,0,100,,60817,39,,,0,100,,60818,39,,,0,100,,60819,39,,,0,99,,60820,39,,,0,100,,60821,39,,,0
32019,'1925',556,,60841,9,,,0,96,,60824,39,,,0,100,,60825,39,,,0,100,,60826,39,,,0,100,,60827,39,,,0,100,,60828,39,,,0,101,,60829,39,,,0,100,,60830,39,,,0,100,,60831,39,,,0,100,,60832,39,,,0,100,,60833,39,,,0,100,,60834,39,,,0,100,,60835,39,,,0,100,,60836,39,,,0,100,,60837,39,,,0,100,,60838,39,,,0,99,,60839,39,,,0,100,,60840,39,,,0
