1019,'1907',620,,58824,23,,,0,100,,58825,23,,,0,101,,58826,23,,,0,100,,58827,23,,,0,100,,58828,23,,,0,100,,58829,23,,,0,100,,58830,23,,,0,100,,58831,23,,,0,100,,58832,23,,,0,100,,58833,23,,,0,100,,58834,23,,,0,100,,58835,23,,,0,100,,58836,23,,,0,100,,58837,23,,,0,100,,58838,23,,,0,100,,58839,23,,,0,103,,58840,23,,,0,95,,58841,23,,,0
1019,'1909',550,,58877,23,,,0,75,,58873,23,,,0,30,,58849,23,,,0,73,,58844,23,,,0,30,,58862,23,,,0,70,,58846,23,,,0,30,,58851,23,,,0,72,,58876,23,,,0,70,,58848,23,,,0,30,,58842,23,,,0,70,,58861,23,,,0,30,,58847,23,,,0,70,,58852,23,,,0,30,,58872,23,,,0,70,,58850,23,,,0,30,,58843,23,,,0,70,,58874,23,,,0,30,,58845,23,,,0,70,,58853,23,,,0,30,,58871,23,,,0,70,,58864,23,,,0,30,,58856,23,,,0,70,,58854,23,,,0,30,,58857,23,,,0,28,,58859,23,,,0,70,,58858,23,,,0,30,,58855,23,,,0,65,,58875,23,,,0,30,,58869,23,,,0,68,,58870,23,,,0,30,,58868,23,,,0,70,,58867,23,,,0,30,,58866,23,,,0,70,,58865,23,,,0,30,,58863,23,,,0,70,,58860,23,,,0
1019,'1910',551,,58913,23,,,0,70,,58902,23,,,0,30,,58888,23,,,0,70,,58907,23,,,0,30,,58897,23,,,0,70,,58882,23,,,0,30,,58903,23,,,0,70,,58905,23,,,0,30,,58887,23,,,0,70,,58908,23,,,0,30,,58896,23,,,0,70,,58881,23,,,0,30,,58891,23,,,0,70,,58901,23,,,0,30,,58886,23,,,0,70,,58909,23,,,0,30,,58895,23,,,0,70,,58880,23,,,0,30,,58890,23,,,0,70,,58900,23,,,0,30,,58885,23,,,0,70,,58910,23,,,0,30,,58894,23,,,0,70,,58879,23,,,0,30,,58889,23,,,0,70,,58899,23,,,0,30,,58883,23,,,0,70,,58911,23,,,0,30,,58892,23,,,0,70,,58878,23,,,0,30,,58884,23,,,0,70,,58898,23,,,0,34,,58893,23,,,0,70,,58912,23,,,0,30,,58906,23,,,0,65,,58904,23,,,0
1019,'1912',620,,58914,23,,,0,100,,58915,23,,,0,101,,58916,23,,,0,100,,58917,23,,,0,100,,58918,23,,,0,100,,58919,23,,,0,100,,58920,23,,,0,100,,58921,23,,,0,100,,58922,23,,,0,100,,58923,23,,,0,100,,58924,23,,,0,100,,58925,23,,,0,100,,58926,23,,,0,100,,58927,23,,,0,100,,58928,23,,,0,100,,58929,23,,,0,103,,58930,23,,,0,95,,58931,23,,,0
1019,'1924',620,,58932,23,,,0,100,,58933,23,,,0,101,,58934,23,,,0,100,,58935,23,,,0,100,,58936,23,,,0,100,,58937,23,,,0,100,,58938,23,,,0,100,,58939,23,,,0,100,,58940,23,,,0,100,,58941,23,,,0,100,,58942,23,,,0,100,,58943,23,,,0,100,,58944,23,,,0,100,,58945,23,,,0,100,,58946,23,,,0,100,,58947,23,,,0,103,,58948,23,,,0,95,,58949,23,,,0
1019,'1925',620,,58950,23,,,0,100,,58951,23,,,0,101,,58952,23,,,0,100,,58953,23,,,0,100,,58954,23,,,0,100,,58955,23,,,0,100,,58956,23,,,0,100,,58957,23,,,0,100,,58958,23,,,0,100,,58959,23,,,0,100,,58960,23,,,0,100,,58961,23,,,0,100,,58962,23,,,0,100,,58963,23,,,0,100,,58964,23,,,0,100,,58965,23,,,0,103,,58966,23,,,0,95,,58967,23,,,0
32019,'1907',636,,60692,23,,,0,95,,60693,23,,,0,100,,60694,23,,,0,100,,60695,23,,,0,100,,60696,23,,,0,101,,60697,23,,,0,102,,60698,23,,,0,100,,60699,23,,,0,100,,60700,23,,,0,100,,60701,23,,,0,100,,60702,23,,,0,100,,60703,23,,,0,98,,60704,23,,,0,100,,60705,23,,,0,100,,60706,23,,,0,100,,60707,23,,,0,100,,60708,23,,,0,95,,60710,23,0,5 2 8 7,0
32019,'1909',636,,60719,23,,,0,66,,60735,23,,,0,32,,60714,23,,,0,71,,60730,23,,,0,30,,60740,23,,,0,70,,60724,23,,,0,29,,60722,23,,,0,70,,60734,23,,,0,30,,60712,23,,,0,70,,60728,23,,,0,30,,60739,23,,,0,70,,60726,23,,,0,30,,60721,23,,,0,70,,60733,23,,,0,30,,60715,23,,,0,70,,60727,23,,,0,28,,60738,23,,,0,70,,60725,23,,,0,30,,60718,23,,,0,70,,60732,23,,,0,30,,60711,23,,,0,70,,60729,23,,,0,32,,60737,23,,,0,71,,60723,23,,,0,29,,60720,23,,,0,70,,60731,23,,,0,30,,60716,23,,,0,99,,60736,23,,,0,100,,60717,23,,,0,100,,60713,23,,,0,95,,60745,23,0,5 2 8 7,0
32019,'1910',635,,60760,23,,,0,65,,60777,23,,,0,30,,60754,23,,,0,70,,60771,23,,,0,30,,60778,23,,,0,72,,60766,23,,,0,30,,60759,23,,,0,70,,60776,23,,,0,30,,60753,23,,,0,70,,60770,23,,,0,30,,60781,23,,,0,71,,60765,23,,,0,30,,60758,23,,,0,71,,60775,23,,,0,30,,60752,23,,,0,70,,60769,23,,,0,30,,60780,23,,,0,70,,60764,23,,,0,30,,60757,23,,,0,70,,60774,23,,,0,30,,60751,23,,,0,70,,60768,23,,,0,30,,60782,23,,,0,70,,60763,23,,,0,30,,60756,23,,,0,68,,60772,23,,,0,30,,60750,23,,,0,100,,60779,23,,,0,98,,60755,23,,,0,100,,60749,23,,,0,100,,60783,23,0,5 2 8 7,0
32019,'1912',636,,60786,23,,,0,95,,60787,23,,,0,100,,60788,23,,,0,100,,60789,23,,,0,100,,60790,23,,,0,101,,60791,23,,,0,102,,60792,23,,,0,100,,60793,23,,,0,100,,60794,23,,,0,100,,60795,23,,,0,100,,60796,23,,,0,100,,60797,23,,,0,98,,60798,23,,,0,100,,60799,23,,,0,100,,60800,23,,,0,100,,60801,23,,,0,100,,60802,23,,,0,95,,60804,23,0,5 2 8 7,0
32019,'1924',636,,60805,23,,,0,95,,60806,23,,,0,100,,60807,23,,,0,100,,60808,23,,,0,100,,60809,23,,,0,101,,60810,23,,,0,102,,60811,23,,,0,100,,60812,23,,,0,100,,60813,23,,,0,100,,60814,23,,,0,100,,60815,23,,,0,100,,60816,23,,,0,98,,60817,23,,,0,100,,60818,23,,,0,100,,60819,23,,,0,100,,60820,23,,,0,100,,60821,23,,,0,95,,60823,23,0,5 2 8 7,0
32019,'1925',636,,60824,23,,,0,95,,60825,23,,,0,100,,60826,23,,,0,100,,60827,23,,,0,100,,60828,23,,,0,101,,60829,23,,,0,102,,60830,23,,,0,100,,60831,23,,,0,100,,60832,23,,,0,100,,60833,23,,,0,100,,60834,23,,,0,100,,60835,23,,,0,98,,60836,23,,,0,100,,60837,23,,,0,100,,60838,23,,,0,100,,60839,23,,,0,100,,60840,23,,,0,95,,60842,23,0,5 2 8 7,0
