1029,'1907',556,,58968,6,,,0,98,,58969,6,,,0,100,,58970,6,,,0,100,,58971,6,,,0,100,,58972,6,,,0,100,,58973,6,,,0,100,,58974,6,,,0,100,,58975,6,,,0,100,,58976,6,,,0,100,,58977,6,,,0,100,,58978,6,,,0,100,,58979,6,,,0,100,,58980,6,,,0,100,,58981,6,,,0,100,,58982,6,,,0,100,,58983,6,,,0,100,,58984,6,,,0,100,,58985,6,,,0
1029,'1909',553,,58995,6,,,0,75,,58996,6,,,0,25,,59016,6,,,0,69,,58992,6,,,0,30,,58987,6,,,0,70,,59020,6,,,0,33,,58990,6,,,0,70,,58997,6,,,0,30,,59015,6,,,0,70,,58994,6,,,0,30,,58986,6,,,0,70,,59019,6,,,0,30,,58991,6,,,0,70,,58998,6,,,0,30,,59014,6,,,0,70,,58993,6,,,0,30,,58988,6,,,0,70,,59017,6,,,0,31,,58989,6,,,0,70,,58999,6,,,0,30,,59013,6,,,0,70,,59002,6,,,0,30,,59001,6,,,0,70,,59000,6,,,0,28,,59006,6,,,0,70,,59005,6,,,0,30,,59004,6,,,0,70,,59003,6,,,0,30,,59018,6,,,0,70,,59012,6,,,0,30,,59011,6,,,0,70,,59010,6,,,0,30,,59009,6,,,0,70,,59008,6,,,0,25,,59007,6,,,0
1029,'1910',556,,59026,6,,,0,68,,59038,6,,,0,30,,59045,6,,,0,70,,59033,6,,,0,30,,59054,6,,,0,70,,59042,6,,,0,30,,59025,6,,,0,67,,59037,6,,,0,30,,59048,6,,,0,70,,59032,6,,,0,30,,59055,6,,,0,70,,59041,6,,,0,30,,59024,6,,,0,70,,59036,6,,,0,30,,59047,6,,,0,70,,59031,6,,,0,30,,59027,6,,,0,70,,59040,6,,,0,30,,59023,6,,,0,70,,59035,6,,,0,30,,59043,6,,,0,70,,59030,6,,,0,30,,59052,6,,,0,70,,59039,6,,,0,30,,59022,6,,,0,73,,59034,6,,,0,30,,59046,6,,,0,70,,59028,6,,,0,30,,59050,6,,,0,70,,59049,6,,,0,30,,59021,6,,,0,70,,59029,6,,,0,30,,59044,6,,,0,70,,59053,6,,,0,30,,59051,6,,,0
1029,'1912',556,,59056,6,,,0,98,,59057,6,,,0,100,,59058,6,,,0,100,,59059,6,,,0,100,,59060,6,,,0,100,,59061,6,,,0,100,,59062,6,,,0,100,,59063,6,,,0,100,,59064,6,,,0,100,,59065,6,,,0,100,,59066,6,,,0,100,,59067,6,,,0,100,,59068,6,,,0,100,,59069,6,,,0,100,,59070,6,,,0,100,,59071,6,,,0,100,,59072,6,,,0,100,,59073,6,,,0
1029,'1924',556,,59074,6,,,0,98,,59075,6,,,0,100,,59076,6,,,0,100,,59077,6,,,0,100,,59078,6,,,0,100,,59079,6,,,0,100,,59080,6,,,0,100,,59081,6,,,0,100,,59082,6,,,0,100,,59083,6,,,0,100,,59084,6,,,0,100,,59085,6,,,0,100,,59086,6,,,0,100,,59087,6,,,0,100,,59088,6,,,0,100,,59089,6,,,0,100,,59090,6,,,0,100,,59091,6,,,0
1029,'1925',556,,59092,6,,,0,98,,59093,6,,,0,100,,59094,6,,,0,100,,59095,6,,,0,100,,59096,6,,,0,100,,59097,6,,,0,100,,59098,6,,,0,100,,59099,6,,,0,100,,59100,6,,,0,100,,59101,6,,,0,100,,59102,6,,,0,100,,59103,6,,,0,100,,59104,6,,,0,100,,59105,6,,,0,100,,59106,6,,,0,100,,59107,6,,,0,100,,59108,6,,,0,100,,59109,6,,,0
2029,'1907',607,,59290,5,,,0,30,,59298,5,,,0,67,,59309,5,,,0,28,,59304,5,,,0,70,,59291,5,,,0,30,,59299,5,,,0,70,,59310,5,,,0,30,,59305,5,,,0,70,,59292,5,,,0,30,,59300,5,,,0,70,,59311,5,,,0,30,,59306,5,,,0,70,,59293,5,,,0,30,,59301,5,,,0,70,,59312,5,,,0,30,,59307,5,,,0,70,,59294,5,,,0,30,,59302,5,,,0,70,,59313,5,,,0,30,,59308,5,,,0,70,,59295,5,,,0,30,,59303,5,,,0,70,,59314,5,,,0,29,,59318,5,0,5 2 13 14,0,71,,59296,5,,,0,29,,59317,5,0,5 2 13 14,0,71,,59315,5,,,0,100,,59297,5,,,0,101,,59316,5,,,0,100,,59289,5,,,0,53,,59319,5,0,5 2 13 14,0,101,,59320,5,0,5 2 13 14,0
2029,'1909',534,,59321,5,,,0,70,,59322,5,,,0,26,,59323,5,,,0,29,,59324,5,,,0,69,,59325,5,,,0,30,,59326,5,,,0,70,,59327,5,,,0,73,,59328,5,,,0,31,,59329,5,,,0,71,,59352,5,,,0,30,,59348,5,,,0,70,,59354,5,,,0,30,,59350,5,,,0,70,,59351,5,,,0,30,,59347,5,,,0,70,,59353,5,,,0,30,,59349,5,,,0,70,,59355,5,,,0,30,,59330,5,,,0,74,,59331,5,,,0,30,,59332,5,,,0,70,,59333,5,,,0,30,,59334,5,,,0,70,,59335,5,,,0,29,,59336,5,,,0,67,,59337,5,,,0,30,,59341,5,,,0,70,,59342,5,,,0,29,,59345,5,0,5 2 13 14,0,71,,59343,5,,,0,97,,59344,5,,,0,100,,59340,5,,,0,59,,59339,5,0,5 2 13 14,0,98,,59346,5,0,5 2 13 14,0
2029,'1910',537,,59387,5,0,5 2 15 16 17,0,70,,59370,5,,,0,30,,59377,5,,,0,65,,59356,5,,,0,30,,59362,5,,,0,70,,59371,5,,,0,30,,59378,5,,,0,70,,59357,5,,,0,30,,59363,5,,,0,70,,59372,5,,,0,30,,59379,5,,,0,70,,59358,5,,,0,30,,59364,5,,,0,70,,59373,5,,,0,30,,59380,5,,,0,70,,59359,5,,,0,30,,59365,5,,,0,70,,59374,5,,,0,30,,59381,5,,,0,70,,59360,5,,,0,30,,59366,5,,,0,70,,59375,5,,,0,30,,59382,5,,,0,70,,59361,5,,,0,30,,59367,5,,,0,70,,59376,5,,,0,30,,59383,5,,,0,70,,59368,5,,,0,29,,59389,5,0,5 2 13 14,0,71,,59384,5,,,0,100,,59369,5,,,0,100,,59385,5,,,0,56,,59386,5,0,5 2 13 14,0,98,,59388,5,0,5 2 13 14,0
2029,'1912',607,,59391,5,,,0,30,,59399,5,,,0,67,,59410,5,,,0,28,,59405,5,,,0,70,,59392,5,,,0,30,,59400,5,,,0,70,,59411,5,,,0,30,,59406,5,,,0,70,,59393,5,,,0,30,,59401,5,,,0,70,,59412,5,,,0,30,,59407,5,,,0,70,,59394,5,,,0,30,,59402,5,,,0,70,,59413,5,,,0,30,,59408,5,,,0,70,,59395,5,,,0,30,,59403,5,,,0,70,,59414,5,,,0,30,,59409,5,,,0,70,,59396,5,,,0,30,,59404,5,,,0,70,,59415,5,,,0,29,,59419,5,0,5 2 13 14,0,71,,59397,5,,,0,29,,59418,5,0,5 2 13 14,0,71,,59416,5,,,0,100,,59398,5,,,0,101,,59417,5,,,0,100,,59390,5,,,0,53,,59420,5,0,5 2 13 14,0,101,,59421,5,0,5 2 13 14,0
2029,'1924',607,,59423,5,,,0,30,,59431,5,,,0,67,,59442,5,,,0,28,,59437,5,,,0,70,,59424,5,,,0,30,,59432,5,,,0,70,,59443,5,,,0,30,,59438,5,,,0,70,,59425,5,,,0,30,,59433,5,,,0,70,,59444,5,,,0,30,,59439,5,,,0,70,,59426,5,,,0,30,,59434,5,,,0,70,,59445,5,,,0,30,,59440,5,,,0,70,,59427,5,,,0,30,,59435,5,,,0,70,,59446,5,,,0,30,,59441,5,,,0,70,,59428,5,,,0,30,,59436,5,,,0,70,,59447,5,,,0,29,,59451,5,0,5 2 13 14,0,71,,59429,5,,,0,29,,59450,5,0,5 2 13 14,0,71,,59448,5,,,0,100,,59430,5,,,0,101,,59449,5,,,0,100,,59422,5,,,0,53,,59452,5,0,5 2 13 14,0,101,,59453,5,0,5 2 13 14,0
2029,'1925',607,,59455,5,,,0,30,,59463,5,,,0,67,,59474,5,,,0,28,,59469,5,,,0,70,,59456,5,,,0,30,,59464,5,,,0,70,,59475,5,,,0,30,,59470,5,,,0,70,,59457,5,,,0,30,,59465,5,,,0,70,,59476,5,,,0,30,,59471,5,,,0,70,,59458,5,,,0,30,,59466,5,,,0,70,,59477,5,,,0,30,,59472,5,,,0,70,,59459,5,,,0,30,,59467,5,,,0,70,,59478,5,,,0,30,,59473,5,,,0,70,,59460,5,,,0,30,,59468,5,,,0,70,,59479,5,,,0,29,,59483,5,0,5 2 13 14,0,71,,59461,5,,,0,29,,59482,5,0,5 2 13 14,0,71,,59480,5,,,0,100,,59462,5,,,0,101,,59481,5,,,0,100,,59454,5,,,0,53,,59484,5,0,5 2 13 14,0,101,,59485,5,0,5 2 13 14,0
