1019,'1907',607,,58824,10,,,0,100,,58825,10,,,0,100,,58826,10,,,0,100,,58827,10,,,0,100,,58828,10,,,0,100,,58829,10,,,0,100,,58830,10,,,0,100,,58831,10,,,0,100,,58832,10,,,0,100,,58833,10,,,0,100,,58834,10,,,0,100,,58835,10,,,0,100,,58836,10,,,0,100,,58837,10,,,0,100,,58838,10,,,0,100,,58839,10,,,0,100,,58840,10,,,0,100,,58841,10,,,0
1019,'1909',536,,58877,10,,,0,75,,58873,10,,,0,30,,58849,10,,,0,72,,58844,10,,,0,30,,58862,10,,,0,70,,58846,10,,,0,30,,58851,10,,,0,70,,58876,10,,,0,30,,58848,10,,,0,70,,58842,10,,,0,30,,58861,10,,,0,70,,58847,10,,,0,30,,58852,10,,,0,70,,58872,10,,,0,30,,58850,10,,,0,70,,58843,10,,,0,30,,58874,10,,,0,70,,58845,10,,,0,30,,58853,10,,,0,70,,58871,10,,,0,30,,58864,10,,,0,70,,58856,10,,,0,30,,58854,10,,,0,70,,58857,10,,,0,30,,58859,10,,,0,70,,58858,10,,,0,30,,58855,10,,,0,65,,58875,10,,,0,30,,58869,10,,,0,68,,58870,10,,,0,30,,58868,10,,,0,70,,58867,10,,,0,30,,58866,10,,,0,70,,58865,10,,,0,30,,58863,10,,,0,70,,58860,10,,,0
1019,'1910',536,,58913,10,,,0,70,,58902,10,,,0,30,,58888,10,,,0,70,,58907,10,,,0,30,,58897,10,,,0,70,,58882,10,,,0,30,,58903,10,,,0,70,,58905,10,,,0,30,,58887,10,,,0,72,,58908,10,,,0,30,,58896,10,,,0,70,,58881,10,,,0,30,,58891,10,,,0,70,,58901,10,,,0,30,,58886,10,,,0,70,,58909,10,,,0,30,,58895,10,,,0,70,,58880,10,,,0,30,,58890,10,,,0,70,,58900,10,,,0,30,,58885,10,,,0,70,,58910,10,,,0,30,,58894,10,,,0,70,,58879,10,,,0,30,,58889,10,,,0,70,,58899,10,,,0,30,,58883,10,,,0,69,,58911,10,,,0,30,,58892,10,,,0,70,,58878,10,,,0,30,,58884,10,,,0,70,,58898,10,,,0,30,,58893,10,,,0,70,,58912,10,,,0,30,,58906,10,,,0,70,,58904,10,,,0
1019,'1912',607,,58914,10,,,0,100,,58915,10,,,0,100,,58916,10,,,0,100,,58917,10,,,0,100,,58918,10,,,0,100,,58919,10,,,0,100,,58920,10,,,0,100,,58921,10,,,0,100,,58922,10,,,0,100,,58923,10,,,0,100,,58924,10,,,0,100,,58925,10,,,0,100,,58926,10,,,0,100,,58927,10,,,0,100,,58928,10,,,0,100,,58929,10,,,0,100,,58930,10,,,0,100,,58931,10,,,0
1019,'1924',607,,58932,10,,,0,100,,58933,10,,,0,100,,58934,10,,,0,100,,58935,10,,,0,100,,58936,10,,,0,100,,58937,10,,,0,100,,58938,10,,,0,100,,58939,10,,,0,100,,58940,10,,,0,100,,58941,10,,,0,100,,58942,10,,,0,100,,58943,10,,,0,100,,58944,10,,,0,100,,58945,10,,,0,100,,58946,10,,,0,100,,58947,10,,,0,100,,58948,10,,,0,100,,58949,10,,,0
1019,'1925',607,,58950,10,,,0,100,,58951,10,,,0,100,,58952,10,,,0,100,,58953,10,,,0,100,,58954,10,,,0,100,,58955,10,,,0,100,,58956,10,,,0,100,,58957,10,,,0,100,,58958,10,,,0,100,,58959,10,,,0,100,,58960,10,,,0,100,,58961,10,,,0,100,,58962,10,,,0,100,,58963,10,,,0,100,,58964,10,,,0,100,,58965,10,,,0,100,,58966,10,,,0,100,,58967,10,,,0
2019,'1907',652,,59137,19,,,0,70,,59114,19,,,0,30,,59118,19,,,0,70,,59130,19,,,0,30,,59125,19,,,0,70,,59115,19,,,0,30,,59119,19,,,0,70,,59131,19,,,0,30,,59126,19,,,0,70,,59116,19,,,0,30,,59120,19,,,0,70,,59132,19,,,0,30,,59127,19,,,0,70,,59117,19,,,0,30,,59121,19,,,0,70,,59133,19,,,0,30,,59128,19,,,0,70,,59112,19,,,0,30,,59122,19,,,0,70,,59134,19,,,0,30,,59129,19,,,0,70,,59110,19,,,0,30,,59123,19,,,0,70,,59135,19,,,0,100,,59111,19,,,0,100,,59136,19,,,0,100,,59113,19,,,0,100,,59124,19,,,0,99,,59138,19,,,0
2019,'1909',448,,59170,10,0,5 2 13 14,0,173,,59139,19,,,0,30,,59140,19,,,0,72,,59141,19,,,0,30,,59142,19,,,0,70,,59143,19,,,0,30,,59144,19,,,0,70,,59161,19,,,0,30,,59162,19,,,0,70,,59163,19,,,0,30,,59164,19,,,0,70,,59165,19,,,0,30,,59166,19,,,0,70,,59167,19,,,0,30,,59168,19,,,0,70,,59169,19,,,0,30,,59159,19,,,0,70,,59160,19,,,0,30,,59145,19,,,0,70,,59146,19,,,0,30,,59147,19,,,0,70,,59148,19,,,0,30,,59149,19,,,0,70,,59150,19,,,0,30,,59151,19,,,0,70,,59152,19,,,0,30,,59158,19,,,0,70,,59153,19,,,0,98,,59154,19,,,0,100,,59155,19,,,0,100,,59156,19,,,0,100,,59157,19,,,0
2019,'1910',621,,59171,10,,,0,30,,59178,19,,,0,70,,59187,19,,,0,30,,59194,19,,,0,70,,59172,19,,,0,30,,59179,19,,,0,70,,59188,19,,,0,30,,59195,19,,,0,72,,59173,19,,,0,30,,59180,19,,,0,70,,59189,19,,,0,30,,59196,19,,,0,70,,59174,19,,,0,30,,59181,19,,,0,70,,59190,19,,,0,30,,59197,19,,,0,70,,59175,19,,,0,30,,59182,19,,,0,70,,59191,19,,,0,30,,59198,19,,,0,70,,59176,19,,,0,30,,59183,19,,,0,70,,59192,19,,,0,30,,59199,19,,,0,70,,59177,19,,,0,30,,59184,19,,,0,70,,59193,19,,,0,99,,59185,19,,,0,100,,59200,19,,,0,100,,59186,19,,,0,100,,59201,19,,,0
2019,'1912',652,,59229,19,,,0,70,,59206,19,,,0,30,,59210,19,,,0,70,,59222,19,,,0,30,,59217,19,,,0,70,,59207,19,,,0,30,,59211,19,,,0,70,,59223,19,,,0,30,,59218,19,,,0,70,,59208,19,,,0,30,,59212,19,,,0,70,,59224,19,,,0,30,,59219,19,,,0,70,,59209,19,,,0,30,,59213,19,,,0,70,,59225,19,,,0,30,,59220,19,,,0,70,,59204,19,,,0,30,,59214,19,,,0,70,,59226,19,,,0,30,,59221,19,,,0,70,,59202,19,,,0,30,,59215,19,,,0,70,,59227,19,,,0,100,,59203,19,,,0,100,,59228,19,,,0,100,,59205,19,,,0,100,,59216,19,,,0,99,,59230,19,,,0
2019,'1924',652,,59258,19,,,0,70,,59235,19,,,0,30,,59239,19,,,0,70,,59251,19,,,0,30,,59246,19,,,0,70,,59236,19,,,0,30,,59240,19,,,0,70,,59252,19,,,0,30,,59247,19,,,0,70,,59237,19,,,0,30,,59241,19,,,0,70,,59253,19,,,0,30,,59248,19,,,0,70,,59238,19,,,0,30,,59242,19,,,0,70,,59254,19,,,0,30,,59249,19,,,0,70,,59233,19,,,0,30,,59243,19,,,0,70,,59255,19,,,0,30,,59250,19,,,0,70,,59231,19,,,0,30,,59244,19,,,0,70,,59256,19,,,0,100,,59232,19,,,0,100,,59257,19,,,0,100,,59234,19,,,0,100,,59245,19,,,0,99,,59259,19,,,0
2019,'1925',652,,59287,19,,,0,70,,59264,19,,,0,30,,59268,19,,,0,70,,59280,19,,,0,30,,59275,19,,,0,70,,59265,19,,,0,30,,59269,19,,,0,70,,59281,19,,,0,30,,59276,19,,,0,70,,59266,19,,,0,30,,59270,19,,,0,70,,59282,19,,,0,30,,59277,19,,,0,70,,59267,19,,,0,30,,59271,19,,,0,70,,59283,19,,,0,30,,59278,19,,,0,70,,59262,19,,,0,30,,59272,19,,,0,70,,59284,19,,,0,30,,59279,19,,,0,70,,59260,19,,,0,30,,59273,19,,,0,70,,59285,19,,,0,100,,59261,19,,,0,100,,59286,19,,,0,100,,59263,19,,,0,100,,59274,19,,,0,99,,59288,19,,,0
12019,'1909',631,,60120,10,,,0,71,,60122,10,,,0,31,,60116,10,,,0,70,,60123,10,,,0,30,,60124,10,,,0,70,,60121,10,0,5 2 12,0,30,,60111,10,0,5 2 12,0,70,,60112,10,0,5 2 12,0,30,,60102,10,0,5 2 12,0,70,,60103,10,0,5 2 12,0,30,,60104,10,0,5 2 12,0,70,,60105,10,0,5 2 12,0,30,,60106,10,0,5 2 12,0,70,,60107,10,0,5 2 12,0,30,,60108,10,0,5 2 12,0,70,,60109,10,0,5 2 12,0,30,,60110,10,,,0,69,,60119,10,,,0,30,,60115,10,,,0,70,,60117,10,,,0,30,,60114,10,,,0,70,,60118,10,,,0,30,,60113,10,,,0,70,,54874,10,,,0
14000001019,'1907',2416,,61782,26,,,0,30,,61781,26,,,0,70,,61780,26,,,0,30,,61783,26,,,0,70,,61784,26,,,0
14000001019,'1909',2416,,61788,26,,,0,30,,61785,26,,,0,70,,61786,26,,,0,30,,61787,26,,,0,70,,61789,26,,,0
14000001019,'1910',2416,,61793,26,,,0,30,,61790,26,,,0,70,,61792,26,,,0,30,,61791,26,,,0,70,,61794,26,,,0
14000001019,'1912',2416,,61797,26,,,0,30,,61796,26,,,0,70,,61795,26,,,0,30,,61798,26,,,0,70,,61799,26,,,0
14000001019,'1924',2416,,61802,26,,,0,30,,61801,26,,,0,70,,61800,26,,,0,30,,61803,26,,,0,70,,61804,26,,,0
14000001019,'1925',2416,,61807,26,,,0,30,,61806,26,,,0,70,,61805,26,,,0,30,,61808,26,,,0,70,,61809,26,,,0
