32019,'1907',624,,60692,7,,,0,95,,60693,7,,,0,100,,60694,7,,,0,100,,60695,7,,,0,100,,60696,7,,,0,101,,60697,7,,,0,101,,60698,7,,,0,100,,60699,7,,,0,100,,60700,7,,,0,100,,60701,7,,,0,100,,60702,7,,,0,100,,60703,7,,,0,98,,60704,7,,,0,100,,60705,7,,,0,100,,60706,7,,,0,100,,60707,7,,,0,100,,60708,7,,,0,95,,60710,7,0,5 2 8 7,0
32019,'1909',624,,60719,7,,,0,26,,60735,7,,,0,70,,60714,7,,,0,31,,60730,7,,,0,70,,60740,7,,,0,30,,60724,7,,,0,69,,60722,7,,,0,30,,60734,7,,,0,70,,60712,7,,,0,30,,60728,7,,,0,70,,60739,7,,,0,30,,60726,7,,,0,70,,60721,7,,,0,30,,60733,7,,,0,70,,60715,7,,,0,30,,60727,7,,,0,67,,60738,7,,,0,27,,60725,7,,,0,70,,60718,7,,,0,30,,60732,7,,,0,70,,60711,7,,,0,30,,60729,7,,,0,73,,60737,7,,,0,33,,60723,7,,,0,70,,60720,7,,,0,30,,60731,7,,,0,70,,60716,7,,,0,99,,60736,7,,,0,100,,60717,7,,,0,100,,60713,7,,,0,95,,60745,7,0,5 2 8 7,0
32019,'1910',624,,60760,7,,,0,25,,60777,7,,,0,70,,60754,7,,,0,30,,60771,7,,,0,70,,60778,7,,,0,30,,60766,7,,,0,70,,60759,7,,,0,30,,60776,7,,,0,70,,60753,7,,,0,30,,60770,7,,,0,70,,60781,7,,,0,30,,60765,7,,,0,70,,60758,7,,,0,31,,60775,7,,,0,70,,60752,7,,,0,30,,60769,7,,,0,70,,60780,7,,,0,30,,60764,7,,,0,70,,60757,7,,,0,30,,60774,7,,,0,70,,60751,7,,,0,30,,60768,7,,,0,70,,60782,7,,,0,30,,60763,7,,,0,70,,60756,7,,,0,29,,60772,7,,,0,70,,60750,7,,,0,100,,60779,7,,,0,100,,60755,7,,,0,100,,60749,7,,,0,100,,60783,7,0,5 2 8 7,0
32019,'1912',624,,60786,7,,,0,95,,60787,7,,,0,100,,60788,7,,,0,100,,60789,7,,,0,100,,60790,7,,,0,101,,60791,7,,,0,101,,60792,7,,,0,100,,60793,7,,,0,100,,60794,7,,,0,100,,60795,7,,,0,100,,60796,7,,,0,100,,60797,7,,,0,98,,60798,7,,,0,100,,60799,7,,,0,100,,60800,7,,,0,100,,60801,7,,,0,100,,60802,7,,,0,95,,60804,7,0,5 2 8 7,0
32019,'1924',624,,60805,7,,,0,95,,60806,7,,,0,100,,60807,7,,,0,100,,60808,7,,,0,100,,60809,7,,,0,101,,60810,7,,,0,101,,60811,7,,,0,100,,60812,7,,,0,100,,60813,7,,,0,100,,60814,7,,,0,100,,60815,7,,,0,100,,60816,7,,,0,98,,60817,7,,,0,100,,60818,7,,,0,100,,60819,7,,,0,100,,60820,7,,,0,100,,60821,7,,,0,95,,60823,7,0,5 2 8 7,0
32019,'1925',624,,60824,7,,,0,95,,60825,7,,,0,100,,60826,7,,,0,100,,60827,7,,,0,100,,60828,7,,,0,101,,60829,7,,,0,101,,60830,7,,,0,100,,60831,7,,,0,100,,60832,7,,,0,100,,60833,7,,,0,100,,60834,7,,,0,100,,60835,7,,,0,98,,60836,7,,,0,100,,60837,7,,,0,100,,60838,7,,,0,100,,60839,7,,,0,100,,60840,7,,,0,95,,60842,7,0,5 2 8 7,0
502019,'1907',624,,56664,14,,,0,28,,56646,14,,,0,65,,56655,14,,,0,30,,56680,14,,,0,71,,56660,14,,,0,30,,56679,14,,,0,71,,56658,14,,,0,30,,56678,14,,,0,70,,56647,14,,,0,30,,56677,14,,,0,55,,56689,14,,,0,15,,56648,14,,,0,15,,56691,14,,,0,15,,56676,14,,,0,55,,56694,14,,,0,17,,61132,14,,,0,15,,56683,14,,,0,15,,56675,14,,,0,55,,56686,14,,,0,15,,56650,14,,,0,15,,56688,14,,,0,15,,56674,14,,,0,55,,56692,14,,,0,15,,56651,14,,,0,15,,61133,14,,,0,15,,56673,14,,,0,55,,56682,14,,,0,15,,56652,14,,,0,15,,56685,14,,,0,15,,56672,14,,,0,55,,56687,14,,,0,15,,56653,14,,,0,14,,56690,14,,,0,15,,56671,14,,,0,55,,56695,14,,,0,15,,56654,14,,,0,15,,56681,14,,,0,15,,56670,14,,,0,55,,56684,14,,,0,15,,56663,14,,,0,29,,56669,14,,,0,70,,56661,14,,,0,30,,56668,14,,,0,70,,56656,14,,,0,30,,56667,14,,,0,70,,56657,14,,,0,30,,56665,14,,,0,68,,56662,14,,,0,30,,56666,14,,,0,70,,56659,14,,,0
502019,'1909',551,,61134,14,,,0,55,,61135,14,,,0,15,,56698,14,,,0,16,,56699,14,,,0,7,,56700,14,,,0,8,,61136,14,,,0,56,,56702,14,,,0,13,,56703,14,,,0,13,,56704,14,,,0,12,,56705,14,,,0,6,,56706,14,,,0,6,,61137,14,,,0,52,,56708,14,,,0,6,,56709,14,,,0,6,,56710,14,,,0,12,,56711,14,,,0,12,,56712,14,,,0,12,,56713,14,,,0,50,,56714,14,,,0,14,,56715,14,,,0,14,,56716,14,,,0,15,,56717,14,,,0,55,,56718,14,,,0,15,,56719,14,,,0,15,,56720,14,,,0,15,,61138,14,,,0,55,,56722,14,,,0,16,,56723,14,,,0,15,,56724,14,,,0,15,,61139,14,,,0,55,,56726,14,,,0,15,,56727,14,,,0,15,,61140,14,,,0,15,,56729,14,,,0,55,,56730,14,,,0,15,,56731,14,,,0,15,,56732,14,,,0,15,,61141,14,,,0,55,,56734,14,,,0,15,,56735,14,,,0,15,,56736,14,,,0,15,,56737,14,,,0,57,,56738,14,,,0,15,,56739,14,,,0,15,,56740,14,,,0,12,,56741,14,,,0,52,,56742,14,,,0,12,,56743,14,,,0,11,,56744,14,,,0,12,,56745,14,,,0,12,,56746,14,,,0,52,,56747,14,,,0,12,,56748,14,,,0,12,,56749,14,,,0,11,,56750,14,,,0,11,,56751,14,,,0,52,,56752,14,,,0,11,,56753,14,,,0,12,,56754,14,,,0,12,,56755,14,,,0,15,,56756,14,,,0,55,,61142,14,,,0,15,,56757,14,,,0,30,,56758,14,,,0,70,,56759,14,,,0,30,,56760,14,,,0,70,,56761,14,,,0,30,,56762,14,,,0,70,,56763,14,,,0,30,,56764,14,,,0,70,,56765,14,,,0
502019,'1910',622,,56774,14,,,0,15,,61171,14,,,0,15,,56781,14,,,0,70,,61149,14,,,0,30,,56782,14,,,0,65,,61148,14,,,0,30,,61152,14,,,0,71,,61147,14,,,0,30,,61153,14,,,0,56,,56785,14,,,0,17,,61163,14,,,0,15,,56794,14,,,0,15,,61155,14,,,0,55,,56786,14,,,0,15,,61164,14,,,0,15,,56795,14,,,0,15,,61156,14,,,0,55,,56787,14,,,0,15,,61165,14,,,0,15,,56796,14,,,0,15,,61157,14,,,0,55,,56788,14,,,0,15,,61166,14,,,0,15,,56797,14,,,0,15,,61158,14,,,0,55,,56789,14,,,0,15,,61167,14,,,0,15,,56798,14,,,0,15,,61159,14,,,0,55,,56790,14,,,0,15,,61168,14,,,0,15,,56799,14,,,0,15,,61160,14,,,0,55,,56791,14,,,0,15,,61169,14,,,0,15,,56800,14,,,0,15,,61161,14,,,0,55,,56792,14,,,0,15,,61170,14,,,0,15,,56801,14,,,0,15,,61150,14,,,0,55,,61154,14,,,0,15,,61162,14,,,0,15,,56802,14,,,0,15,,56777,14,,,0,55,,56819,14,,,0,14,,61172,14,,,0,30,,56778,14,,,0,69,,61146,14,,,0,30,,56779,14,,,0,70,,61145,14,,,0,30,,56775,14,,,0,68,,61144,14,,,0,30,,61151,14,,,0,70,,61143,14,,,0
502019,'1912',624,,56890,14,,,0,28,,56872,14,,,0,65,,56881,14,,,0,30,,56906,14,,,0,71,,56886,14,,,0,30,,56905,14,,,0,71,,56884,14,,,0,30,,56904,14,,,0,70,,56873,14,,,0,30,,56903,14,,,0,55,,56915,14,,,0,15,,56874,14,,,0,15,,56917,14,,,0,15,,56902,14,,,0,55,,56920,14,,,0,17,,61173,14,,,0,15,,56909,14,,,0,15,,56901,14,,,0,55,,56912,14,,,0,15,,56876,14,,,0,15,,56914,14,,,0,15,,56900,14,,,0,55,,56918,14,,,0,15,,56877,14,,,0,15,,61174,14,,,0,15,,56899,14,,,0,55,,56908,14,,,0,15,,56878,14,,,0,15,,56911,14,,,0,15,,56898,14,,,0,55,,56913,14,,,0,15,,56879,14,,,0,14,,56916,14,,,0,15,,56897,14,,,0,55,,56921,14,,,0,15,,56880,14,,,0,15,,56907,14,,,0,15,,56896,14,,,0,55,,56910,14,,,0,15,,56889,14,,,0,29,,56895,14,,,0,70,,56887,14,,,0,30,,56894,14,,,0,70,,56882,14,,,0,30,,56893,14,,,0,70,,56883,14,,,0,30,,56891,14,,,0,68,,56888,14,,,0,30,,56892,14,,,0,70,,56885,14,,,0
502019,'1924',624,,56840,14,,,0,28,,56822,14,,,0,65,,56831,14,,,0,30,,56856,14,,,0,71,,56836,14,,,0,30,,56855,14,,,0,71,,56834,14,,,0,30,,56854,14,,,0,70,,56823,14,,,0,30,,56853,14,,,0,55,,56865,14,,,0,15,,56824,14,,,0,15,,56867,14,,,0,15,,56852,14,,,0,55,,56870,14,,,0,17,,61175,14,,,0,15,,56859,14,,,0,15,,56851,14,,,0,55,,56862,14,,,0,15,,56826,14,,,0,15,,56864,14,,,0,15,,56850,14,,,0,55,,56868,14,,,0,15,,56827,14,,,0,15,,61176,14,,,0,15,,56849,14,,,0,55,,56858,14,,,0,15,,56828,14,,,0,15,,56861,14,,,0,15,,56848,14,,,0,55,,56863,14,,,0,15,,56829,14,,,0,14,,56866,14,,,0,15,,56847,14,,,0,55,,56871,14,,,0,15,,56830,14,,,0,15,,56857,14,,,0,15,,56846,14,,,0,55,,56860,14,,,0,15,,56839,14,,,0,29,,56845,14,,,0,70,,56837,14,,,0,30,,56844,14,,,0,70,,56832,14,,,0,30,,56843,14,,,0,70,,56833,14,,,0,30,,56841,14,,,0,68,,56838,14,,,0,30,,56842,14,,,0,70,,56835,14,,,0
502019,'1925',624,,61195,14,,,0,28,,61177,14,,,0,65,,61186,14,,,0,30,,61211,14,,,0,71,,61191,14,,,0,30,,61210,14,,,0,71,,61189,14,,,0,30,,61209,14,,,0,70,,61178,14,,,0,30,,61208,14,,,0,55,,61220,14,,,0,15,,61179,14,,,0,15,,61222,14,,,0,15,,61207,14,,,0,55,,61225,14,,,0,17,,61180,14,,,0,15,,61214,14,,,0,15,,61206,14,,,0,55,,61217,14,,,0,15,,61181,14,,,0,15,,61219,14,,,0,15,,61205,14,,,0,55,,61223,14,,,0,15,,61182,14,,,0,15,,61224,14,,,0,15,,61204,14,,,0,55,,61213,14,,,0,15,,61183,14,,,0,15,,61216,14,,,0,15,,61203,14,,,0,55,,61218,14,,,0,15,,61184,14,,,0,14,,61221,14,,,0,15,,61202,14,,,0,55,,61226,14,,,0,15,,61185,14,,,0,15,,61212,14,,,0,15,,61201,14,,,0,55,,61215,14,,,0,15,,61194,14,,,0,29,,61200,14,,,0,70,,61192,14,,,0,30,,61199,14,,,0,70,,61187,14,,,0,30,,61198,14,,,0,70,,61188,14,,,0,30,,61196,14,,,0,68,,61193,14,,,0,30,,61197,14,,,0,70,,61190,14,,,0
