1019,'1907',624,,58824,30,,,0,100,,58825,30,,,0,101,,58826,30,,,0,100,,58827,30,,,0,100,,58828,30,,,0,101,,58829,30,,,0,100,,58830,30,,,0,100,,58831,30,,,0,100,,58832,30,,,0,100,,58833,30,,,0,100,,58834,30,,,0,100,,58835,30,,,0,100,,58836,30,,,0,99,,58837,30,,,0,100,,58838,30,,,0,100,,58839,30,,,0,103,,58840,30,,,0,95,,58841,30,,,0
1019,'1909',554,,58877,30,,,0,75,,58873,30,,,0,30,,58849,30,,,0,73,,58844,30,,,0,70,,58862,30,,,0,30,,58846,30,,,0,71,,58851,30,,,0,32,,58876,30,,,0,70,,58848,30,,,0,30,,58842,30,,,0,70,,58861,30,,,0,30,,58847,30,,,0,70,,58852,30,,,0,30,,58872,30,,,0,70,,58850,30,,,0,30,,58843,30,,,0,70,,58874,30,,,0,30,,58845,30,,,0,70,,58853,30,,,0,30,,58871,30,,,0,70,,58864,30,,,0,30,,58856,30,,,0,70,,58854,30,,,0,29,,58857,30,,,0,68,,58859,30,,,0,30,,58858,30,,,0,70,,58855,30,,,0,25,,58875,30,,,0,30,,58869,30,,,0,68,,58870,30,,,0,30,,58868,30,,,0,70,,58867,30,,,0,30,,58866,30,,,0,70,,58865,30,,,0,30,,58863,30,,,0,70,,58860,30,,,0
1019,'1910',555,,58913,30,,,0,70,,58902,30,,,0,30,,58888,30,,,0,70,,58907,30,,,0,30,,58897,30,,,0,70,,58882,30,,,0,30,,58903,30,,,0,70,,58905,30,,,0,30,,58887,30,,,0,71,,58908,30,,,0,30,,58896,30,,,0,70,,58881,30,,,0,30,,58891,30,,,0,70,,58901,30,,,0,30,,58886,30,,,0,70,,58909,30,,,0,30,,58895,30,,,0,70,,58880,30,,,0,30,,58890,30,,,0,70,,58900,30,,,0,30,,58885,30,,,0,70,,58910,30,,,0,30,,58894,30,,,0,70,,58879,30,,,0,30,,58889,30,,,0,70,,58899,30,,,0,30,,58883,30,,,0,69,,58911,30,,,0,30,,58892,30,,,0,70,,58878,30,,,0,30,,58884,30,,,0,70,,58898,30,,,0,34,,58893,30,,,0,70,,58912,30,,,0,30,,58906,30,,,0,65,,58904,30,,,0
1019,'1912',624,,58914,30,,,0,100,,58915,30,,,0,101,,58916,30,,,0,100,,58917,30,,,0,100,,58918,30,,,0,101,,58919,30,,,0,100,,58920,30,,,0,100,,58921,30,,,0,100,,58922,30,,,0,100,,58923,30,,,0,100,,58924,30,,,0,100,,58925,30,,,0,100,,58926,30,,,0,99,,58927,30,,,0,100,,58928,30,,,0,100,,58929,30,,,0,103,,58930,30,,,0,95,,58931,30,,,0
1019,'1924',624,,58932,30,,,0,100,,58933,30,,,0,101,,58934,30,,,0,100,,58935,30,,,0,100,,58936,30,,,0,101,,58937,30,,,0,100,,58938,30,,,0,100,,58939,30,,,0,100,,58940,30,,,0,100,,58941,30,,,0,100,,58942,30,,,0,100,,58943,30,,,0,100,,58944,30,,,0,99,,58945,30,,,0,100,,58946,30,,,0,100,,58947,30,,,0,103,,58948,30,,,0,95,,58949,30,,,0
1019,'1925',624,,58950,30,,,0,100,,58951,30,,,0,101,,58952,30,,,0,100,,58953,30,,,0,100,,58954,30,,,0,101,,58955,30,,,0,100,,58956,30,,,0,100,,58957,30,,,0,100,,58958,30,,,0,100,,58959,30,,,0,100,,58960,30,,,0,100,,58961,30,,,0,100,,58962,30,,,0,99,,58963,30,,,0,100,,58964,30,,,0,100,,58965,30,,,0,103,,58966,30,,,0,95,,58967,30,,,0
802019,'1907',836,,58586,6,,,0,70,,58584,6,,,0,30,,58585,6,,,0,70,,58589,6,,,0,30,,58575,6,,,0,70,,58581,6,,,0,30,,58580,6,,,0,71,,58565,6,,,0,30,,58579,6,,,0,70,,58573,6,,,0,30,,58574,6,,,0,70,,58591,6,,,0,30,,58587,6,,,0,70,,58577,6,,,0,30,,58572,6,,,0,70,,58588,6,,,0,30,,58578,6,,,0,70,,58566,6,,,0,30,,58567,6,,,0,70,,58582,6,,,0,30,,58576,6,,,0,69,,58571,6,,,0,30,,58569,6,,,0,70,,58583,6,,,0,30,,58570,6,,,0,70,,58568,6,,,0,30,,58590,6,,,0
802019,'1909',611,,61742,6,,,0,45,,58623,6,,,0,70,,58621,6,,,0,20,,58625,6,,,0,60,,58592,6,,,0,30,,58620,6,,,0,70,,58593,6,,,0,28,,61727,6,,,0,70,,58595,6,,,0,30,,58596,6,,,0,70,,61728,6,,,0,30,,61729,6,,,0,70,,58599,6,,,0,30,,58600,6,,,0,70,,61730,6,,,0,30,,58602,6,,,0,70,,58603,6,,,0,33,,61731,6,,,0,70,,61732,6,,,0,20,,58606,6,,,0,20,,61733,6,,,0,60,,58622,6,,,0,20,,58608,6,,,0,20,,58609,6,,,0,60,,61734,6,,,0,20,,61735,6,,,0,19,,61741,6,,,0,60,,61736,6,,,0,20,,61743,6,,,0,20,,58613,6,,,0,60,,61737,6,,,0,30,,61738,6,,,0,70,,58616,6,,,0,25,,61739,6,,,0,70,,61740,6,,,0,30,,58619,6,,,0
802019,'1910',836,,58651,6,,,0,70,,58649,6,,,0,30,,58653,6,,,0,71,,58654,6,,,0,30,,58638,6,,,0,70,,58642,6,,,0,30,,58629,6,,,0,70,,58640,6,,,0,30,,58643,6,,,0,70,,58641,6,,,0,30,,61744,6,,,0,70,,58645,6,,,0,30,,58639,6,,,0,70,,58637,6,,,0,30,,58633,6,,,0,70,,58635,6,,,0,30,,58630,6,,,0,70,,58636,6,,,0,30,,58634,6,,,0,70,,58631,6,,,0,30,,58632,6,,,0,69,,58644,6,,,0,30,,58648,6,,,0,70,,61746,6,,,0,30,,58650,6,,,0,70,,58646,6,,,0,30,,61745,6,,,0
802019,'1912',836,,58703,6,,,0,70,,58701,6,,,0,30,,58702,6,,,0,70,,58706,6,,,0,30,,58692,6,,,0,70,,58698,6,,,0,30,,58697,6,,,0,71,,58682,6,,,0,30,,58696,6,,,0,70,,58690,6,,,0,30,,58691,6,,,0,70,,58708,6,,,0,30,,58704,6,,,0,70,,58694,6,,,0,30,,58689,6,,,0,70,,58705,6,,,0,30,,58695,6,,,0,70,,58683,6,,,0,30,,58684,6,,,0,70,,58699,6,,,0,30,,58693,6,,,0,69,,58688,6,,,0,30,,58686,6,,,0,70,,58700,6,,,0,30,,58687,6,,,0,70,,58685,6,,,0,30,,58707,6,,,0
802019,'1924',836,,58676,6,,,0,70,,58674,6,,,0,30,,58675,6,,,0,70,,58679,6,,,0,30,,58665,6,,,0,70,,58671,6,,,0,30,,58670,6,,,0,71,,58655,6,,,0,30,,58669,6,,,0,70,,58663,6,,,0,30,,58664,6,,,0,70,,58681,6,,,0,30,,58677,6,,,0,70,,58667,6,,,0,30,,58662,6,,,0,70,,58678,6,,,0,30,,58668,6,,,0,70,,58656,6,,,0,30,,58657,6,,,0,70,,58672,6,,,0,30,,58666,6,,,0,69,,58661,6,,,0,30,,58659,6,,,0,70,,58673,6,,,0,30,,58660,6,,,0,70,,58658,6,,,0,30,,58680,6,,,0
802019,'1925',836,,61768,6,,,0,70,,61766,6,,,0,30,,61767,6,,,0,70,,61771,6,,,0,30,,61757,6,,,0,70,,61763,6,,,0,30,,61762,6,,,0,71,,61747,6,,,0,30,,61761,6,,,0,70,,61755,6,,,0,30,,61756,6,,,0,70,,61773,6,,,0,30,,61769,6,,,0,70,,61759,6,,,0,30,,61754,6,,,0,70,,61770,6,,,0,30,,61760,6,,,0,70,,61748,6,,,0,30,,61749,6,,,0,70,,61764,6,,,0,30,,61758,6,,,0,69,,61753,6,,,0,30,,61751,6,,,0,70,,61765,6,,,0,30,,61752,6,,,0,70,,61750,6,,,0,30,,61772,6,,,0
