22019,'1907',701,,55639,14,4,,0,99,,55638,14,4,,0,100,,55632,16,4,,0,54,,55633,16,4,,0,100,,55626,16,4,,0,100,,55631,16,4,,0,100,,55627,16,4,,0,100,,55628,16,4,,0,100,,55625,16,4,,0,100,,55629,16,4,,0,99,,55630,16,4,,0,101,,55634,14,4,,0,99,,55635,14,4,,0,100,,55636,14,4,,0,147,,55637,14,4,,0
22019,'1909',607,,55670,14,4,,0,52,,55640,14,4,,0,70,,55641,14,4,,0,75,,55642,16,4,,0,30,,55643,16,4,,0,72,,55644,16,4,,0,29,,55645,16,4,,0,70,,55646,16,4,,0,30,,55647,16,4,,0,70,,55648,16,4,,0,30,,55649,16,4,,0,70,,55650,16,4,,0,30,,55651,16,4,,0,70,,55652,16,4,,0,30,,55653,16,4,,0,70,,55654,16,4,,0,30,,55655,16,4,,0,73,,55656,16,4,,0,29,,55657,16,4,,0,69,,55669,16,4,,0,30,,55658,16,4,,0,68,,55659,16,4,,0,28,,55660,16,4,,0,69,,55661,16,4,,0,29,,55662,16,4,,0,70,,55663,16,4,,0,30,,55664,16,4,,0,29,,55665,16,4,,0,69,,55666,16,4,,0,30,,55667,16,4,,0,68,,55668,14,4,,0
22019,'1910',633,,55701,14,4,,0,23,,55694,14,4,,0,70,,55690,14,4,,0,30,,55695,14,4,,0,70,,55691,14,4,,0,31,,55671,16,4,,0,72,,55672,16,4,,0,30,,55673,16,4,,0,70,,55674,16,4,,0,30,,55675,16,4,,0,70,,55676,16,4,,0,30,,55677,16,4,,0,70,,55678,16,4,,0,71,,55679,16,4,,0,30,,55680,16,4,,0,70,,55681,16,4,,0,30,,55682,16,4,,0,71,,55683,16,4,,0,30,,55684,16,4,,0,70,,55685,16,4,,0,30,,55686,16,4,,0,69,,55687,16,4,,0,30,,55688,16,4,,0,29,,55696,14,4,,0,70,,55692,14,4,,0,30,,55697,14,4,,0,67,,55689,14,4,,0,30,,55698,14,4,,0,69,,55693,14,4,,0,30,,55699,14,4,,0,70,,55700,14,4,,0
22019,'1911',701,,55716,14,4,,0,99,,55715,14,4,,0,100,,55709,16,4,,0,54,,55710,16,4,,0,100,,55703,16,4,,0,100,,55708,16,4,,0,100,,55704,16,4,,0,100,,55705,16,4,,0,100,,55702,16,4,,0,100,,55706,16,4,,0,99,,55707,16,4,,0,101,,55711,14,4,,0,99,,55712,14,4,,0,100,,55713,14,4,,0,147,,55714,14,4,,0
22019,'1912',701,,55731,14,4,,0,99,,55730,14,4,,0,100,,55724,16,4,,0,54,,55725,16,4,,0,100,,55718,16,4,,0,100,,55723,16,4,,0,100,,55719,16,4,,0,100,,55720,16,4,,0,100,,55717,16,4,,0,100,,55721,16,4,,0,99,,55722,16,4,,0,101,,55726,14,4,,0,99,,55727,14,4,,0,100,,55728,14,4,,0,147,,55729,14,4,,0
22029,'1907',701,,55746,1,0,19 2 34 21,0,99,,55732,1,,,0,100,,55733,1,,,0,100,,55734,1,,,0,100,,55735,1,,,0,100,,55736,1,,,0,100,,55737,1,,,0,100,,55738,1,,,0,100,,55739,1,,,0,100,,55740,1,,,0,100,,55741,1,,,0,100,,55745,1,0,19 2 34 21,0,100,,55742,1,0,19 2 34 21,0,100,,55743,1,0,19 2 34 21,0,100,,55744,1,0,19 2 34 21,0
22029,'1909',634,,55748,1,0,19 2 34 21,0,71,,55749,1,0,19 2 34 21,0,30,,55750,1,0,19 2 34 21,0,73,,55751,1,0,19 2 34 21,0,30,,55752,1,0,19 2 34 21,0,70,,55753,1,,,0,29,,55754,1,,,0,70,,55759,1,,,0,30,,55755,1,,,0,70,,55760,1,,,0,30,,55756,1,,,0,70,,55747,1,,,0,30,,55757,1,,,0,70,,55758,1,,,0,31,,55761,1,,,0,70,,55762,1,,,0,30,,55763,1,,,0,68,,55764,1,,,0,32,,55765,1,,,0,70,,55766,1,,,0,30,,55767,1,,,0,69,,55768,1,,,0,30,,55769,1,,,0,70,,55770,1,,,0,28,,55771,1,,,0,70,,55772,1,,,0,30,,55773,1,,,0,65,,55774,1,,,0,30,,55775,1,,,0,70,,55776,1,,,0,30,,55777,1,0,19 2 34 21,0,172,,55779,1,0,19 2 34 21,0,36,,55778,1,0,19 2 34 21,0
22029,'1910',605,,55811,1,0,19 2 34 21,0,30,,55810,1,0,19 2 34 21,0,65,,55803,1,0,19 2 34 21,0,30,,55798,1,0,19 2 34 21,0,70,,55804,1,0,19 2 34 21,0,30,,55780,1,,,0,70,,55781,1,,,0,30,,55782,1,,,0,70,,55783,1,,,0,30,,55784,1,,,0,70,,55785,1,,,0,30,,55786,1,,,0,70,,55787,1,,,0,30,,55788,1,,,0,70,,55789,1,,,0,31,,55790,1,,,0,69,,55791,1,,,0,31,,55792,1,,,0,70,,55793,1,,,0,30,,55794,1,,,0,70,,55795,1,,,0,30,,55796,1,,,0,69,,55797,1,,,0,31,,55799,1,0,19 2 34 21,0,69,,55805,1,0,19 2 34 21,0,30,,55800,1,0,19 2 34 21,0,70,,55806,1,0,19 2 34 21,0,30,,55801,1,0,19 2 34 21,0,70,,55807,1,0,19 2 34 21,0,30,,55802,1,0,19 2 34 21,0,27,,55808,1,0,19 2 34 21,0,73,,55809,1,0,19 2 34 21,0
22029,'1911',701,,55826,1,0,19 2 34 21,0,99,,55812,1,,,0,100,,55813,1,,,0,100,,55814,1,,,0,100,,55815,1,,,0,100,,55816,1,,,0,100,,55817,1,,,0,100,,55818,1,,,0,100,,55819,1,,,0,100,,55820,1,,,0,100,,55821,1,,,0,100,,55825,1,0,19 2 34 21,0,100,,55822,1,0,19 2 34 21,0,100,,55823,1,0,19 2 34 21,0,100,,55824,1,0,19 2 34 21,0
22029,'1912',701,,55841,1,0,19 2 34 21,0,99,,55827,1,,,0,100,,55828,1,,,0,100,,55829,1,,,0,100,,55830,1,,,0,100,,55831,1,,,0,100,,55832,1,,,0,100,,55833,1,,,0,100,,55834,1,,,0,100,,55835,1,,,0,100,,55836,1,,,0,100,,55840,1,0,19 2 34 21,0,100,,55837,1,0,19 2 34 21,0,100,,55838,1,0,19 2 34 21,0,100,,55839,1,0,19 2 34 21,0
601019,'1907',610,,57122,4,4,,0,30,,57139,1,,,0,70,,57120,1,,,0,30,,57138,1,,,0,70,,57119,1,,,0,30,,57137,1,,,0,70,,57118,1,,,0,30,,57136,1,,,0,70,,57116,1,,,0,30,,57135,1,,,0,70,,57117,1,,,0,30,,57134,1,,,0,70,,57115,1,,,0,30,,57133,1,,,0,70,,57111,1,,,0,30,,57132,1,,,0,70,,57114,1,,,0,30,,57131,1,,,0,70,,57112,1,,,0,30,,57130,1,,,0,70,,57110,1,,,0,30,,57129,1,,,0,70,,57113,1,,,0,30,,57128,1,,,0,70,,57107,1,,,0,30,,57127,1,,,0,70,,57108,1,,,0,30,,57126,1,,,0,70,,57109,1,,,0,30,,57125,1,,,0,70,,57106,1,,,0,30,,57124,1,,,0,70,,57105,1,,,0,30,,57123,1,,,0
601019,'1909',607,,57191,1,,,0,19,,57171,1,,,0,16,,57178,4,4,,0,13,,57166,1,0,19 2 11 2 35,0,52,,57190,4,4,,0,15,,57180,1,0,19 2 11 2 35,0,15,,57174,1,0,19 2 11 2 35,0,15,,57165,1,0,19 2 11 2 35,0,55,,57167,1,0,19 2 11 2 35,0,15,,57179,1,0,19 2 11 2 35,0,25,,57153,1,0,5 2 11 2 12,0,70,,57154,1,0,5 2 11 2 12,0,30,,57155,1,0,5 2 11 2 12,0,70,,57156,1,0,5 2 11 2 12,0,30,,57157,1,0,5 2 11 2 12,0,70,,57158,1,0,5 2 11 2 12,0,30,,57159,1,0,5 2 11 2 12,0,70,,57160,1,0,5 2 11 2 12,0,30,,57161,1,0,5 2 11 2 12,0,70,,57162,1,0,5 2 11 2 12,0,30,,57163,1,0,5 2 11 2 12,0,62,,57148,1,,,0,13,,57152,4,4,,0,15,,57176,1,0,19 2 11 2 35,0,15,,57189,4,4,,0,55,,57172,1,0,19 2 11 2 35,0,15,,57184,1,0,19 2 11 2 35,0,15,,57175,1,0,19 2 11 2 35,0,15,,57181,1,0,19 2 11 2 35,0,55,,57177,1,0,19 2 11 2 35,0,15,,57182,1,0,19 2 11 2 35,0,15,,57169,1,0,19 2 11 2 35,0,15,,57185,1,0,19 2 11 2 35,0,55,,57164,1,0,19 2 11 2 35,0,15,,57188,1,0,19 2 11 2 35,0,15,,57168,1,0,19 2 11 2 35,0,15,,57186,1,0,19 2 11 2 35,0,55,,57142,1,,,0,30,,57143,1,,,0,15,,57151,1,,,0,55,,57149,1,,,0,30,,57146,1,,,0,70,,57147,1,,,0,30,,57141,1,,,0,70,,57144,1,,,0,30,,57140,1,,,0,70,,57145,1,,,0,33,,57150,1,,,0
601019,'1910',610,,57209,4,4,,0,30,,57226,1,,,0,70,,57207,1,,,0,30,,57225,1,,,0,70,,57206,1,,,0,30,,57224,1,,,0,70,,57205,1,,,0,30,,57223,1,,,0,70,,57203,1,,,0,30,,57221,1,,,0,70,,57204,1,,,0,30,,57222,1,,,0,70,,57202,1,,,0,30,,57220,1,,,0,70,,57193,1,,,0,30,,57219,1,,,0,70,,57201,1,,,0,30,,57218,1,,,0,70,,57199,1,,,0,30,,57217,1,,,0,70,,57194,1,,,0,30,,57215,1,,,0,70,,57196,1,,,0,30,,57216,1,,,0,70,,57200,1,,,0,30,,57214,1,,,0,70,,57195,1,,,0,30,,57213,1,,,0,70,,57198,1,,,0,30,,57212,1,,,0,70,,57197,1,,,0,30,,57211,1,,,0,70,,57192,1,,,0,30,,57210,1,,,0
601019,'1911',610,,57244,4,4,,0,30,,57261,1,,,0,70,,57242,1,,,0,30,,57260,1,,,0,70,,57241,1,,,0,30,,57259,1,,,0,70,,57240,1,,,0,30,,57258,1,,,0,70,,57238,1,,,0,30,,57257,1,,,0,70,,57239,1,,,0,30,,57256,1,,,0,70,,57237,1,,,0,30,,57255,1,,,0,70,,57233,1,,,0,30,,57254,1,,,0,70,,57236,1,,,0,30,,57253,1,,,0,70,,57234,1,,,0,30,,57252,1,,,0,70,,57232,1,,,0,30,,57251,1,,,0,70,,57235,1,,,0,30,,57250,1,,,0,70,,57229,1,,,0,30,,57249,1,,,0,70,,57230,1,,,0,30,,57248,1,,,0,70,,57231,1,,,0,30,,57247,1,,,0,70,,57228,1,,,0,30,,57246,1,,,0,70,,57227,1,,,0,30,,57245,1,,,0
601019,'1912',2240,,57262,1,,,0
602019,'1907',638,,57299,18,4,,0,67,,57295,19,4,,0,30,,57294,19,4,,0,70,,57293,19,4,,0,30,,57289,19,4,,0,70,,57288,19,4,,0,30,,57286,19,4,,0,70,,57285,19,4,,0,30,,57291,19,4,,0,70,,57292,19,4,,0,32,,57290,19,4,,0,71,,57287,19,4,,0,30,,57284,19,4,,0,70,,57281,19,4,,0,30,,57280,19,4,,0,70,,57279,19,4,,0,30,,57278,19,4,,0,70,,57269,19,4,,0,30,,57271,19,4,,0,70,,57277,19,4,,0,30,,57276,19,4,,0,70,,57273,19,4,,0,30,,57272,19,4,,0,70,,57267,19,4,,0,30,,57266,19,4,,0,70,,57274,19,4,,0,29,,57275,19,4,,0,70,,57268,19,4,,0,30,,57270,19,4,,0,70,,57265,19,4,,0,30,,57296,19,4,,0,70,,57298,19,4,,0,30,,57282,19,4,,0,70,,57283,19,4,,0,30,,57297,19,4,,0
602019,'1909',626,,57324,18,4,,0,29,,57304,18,4,,0,60,,57348,18,4,,0,15,,57316,18,4,,0,15,,57303,18,4,,0,55,,57306,18,4,,0,15,,57317,18,4,,0,15,,57311,18,4,,0,15,,57326,18,4,,0,55,,57307,18,4,,0,17,,57342,19,4,,0,22,,57338,18,4,,0,70,,57339,18,4,,0,30,,57337,18,4,,0,70,,57336,18,4,,0,30,,57335,18,4,,0,70,,57334,18,4,,0,30,,57340,18,4,,0,70,,57333,18,4,,0,30,,57300,18,4,,0,70,,57301,18,4,,0,28,,57302,18,4,,0,67,,57314,18,4,,0,13,,57321,18,4,,0,15,,57315,18,4,,0,15,,57320,18,4,,0,55,,57308,18,4,,0,15,,57319,18,4,,0,15,,57313,18,4,,0,15,,57323,18,4,,0,54,,57312,18,4,,0,13,,57318,18,4,,0,14,,57309,18,4,,0,15,,57322,18,4,,0,15,,57305,18,4,,0,55,,57325,18,4,,0,15,,57310,18,4,,0,18,,57341,19,4,,0,57,,57332,19,4,,0,30,,57327,19,4,,0,12,,57345,19,4,,0,58,,57331,19,4,,0,30,,57330,19,4,,0,70,,57328,19,4,,0,29,,57329,19,4,,0,70,,57343,19,4,,0,30,,57347,19,4,,0,70,,57344,19,4,,0,36,,57346,19,4,,0
602019,'1910',640,,57383,18,4,,0,67,,57381,19,4,,0,30,,57382,19,4,,0,70,,57372,19,4,,0,30,,57373,19,4,,0,72,,57371,19,4,,0,31,,57370,19,4,,0,70,,57369,19,4,,0,30,,57368,19,4,,0,70,,57379,19,4,,0,30,,57378,19,4,,0,70,,57377,19,4,,0,30,,57376,19,4,,0,70,,57375,19,4,,0,30,,57374,19,4,,0,70,,57366,19,4,,0,30,,57367,19,4,,0,70,,57380,19,4,,0,30,,57365,19,4,,0,70,,57364,19,4,,0,30,,57363,19,4,,0,70,,57362,19,4,,0,30,,57361,19,4,,0,70,,57359,19,4,,0,30,,57360,19,4,,0,70,,57358,19,4,,0,30,,57351,19,4,,0,69,,57352,19,4,,0,29,,57350,19,4,,0,70,,57353,19,4,,0,30,,57356,19,4,,0,70,,57357,19,4,,0,30,,57355,19,4,,0,70,,57354,19,4,,0,28,,57349,19,4,,0
602019,'1911',638,,57418,18,4,,0,67,,57414,19,4,,0,30,,57413,19,4,,0,70,,57412,19,4,,0,30,,57408,19,4,,0,70,,57407,19,4,,0,30,,57405,19,4,,0,70,,57404,19,4,,0,30,,57410,19,4,,0,70,,57411,19,4,,0,32,,57409,19,4,,0,71,,57406,19,4,,0,30,,57403,19,4,,0,70,,57400,19,4,,0,30,,57399,19,4,,0,70,,57398,19,4,,0,30,,57397,19,4,,0,70,,57388,19,4,,0,30,,57390,19,4,,0,70,,57396,19,4,,0,30,,57395,19,4,,0,70,,57392,19,4,,0,30,,57391,19,4,,0,70,,57386,19,4,,0,30,,57385,19,4,,0,70,,57393,19,4,,0,29,,57394,19,4,,0,70,,57387,19,4,,0,30,,57389,19,4,,0,70,,57384,19,4,,0,30,,57415,19,4,,0,70,,57417,19,4,,0,30,,57401,19,4,,0,70,,57402,19,4,,0,30,,57416,19,4,,0
602019,'1912',2237,,57419,19,4,,0,70,,57420,19,4,,0,30,,57421,19,4,,0
