609,'1907',853,,53886,11,0,18 7,0,100,,53870,11,0,18 7,0,100,,53882,11,0,18 7,0,100,,53872,11,0,18 7,0,101,,53885,11,0,18 7,0,100,,53868,11,0,18 7,0,100,,53884,11,0,18 7,0,100,,53874,11,0,18 7,0,100,,53883,11,0,18 7,0,100,,53871,11,0,18 7,0,99,,53881,11,0,18 7,0,100,,53869,11,0,18 7,0
609,'1909',653,,59618,23,0,18 7,0,71,,59612,23,0,18 7,0,30,,53920,23,0,18 7,0,70,,53935,23,0,18 7,0,30,,53904,23,0,18 7,0,70,,59620,23,0,18 7,0,30,,59607,23,0,18 7,0,70,,59610,23,0,18 7,0,30,,53930,23,0,18 7,0,70,,53931,23,0,18 7,0,30,,59617,23,0,18 7,0,70,,53922,23,0,18 7,0,30,,53926,23,0,18 7,0,70,,53917,23,0,18 7,0,30,,53923,23,0,18 7,0,70,,53916,23,0,18 7,0,33,,53911,23,0,18 7,0,70,,53905,23,0,18 7,0,30,,59614,23,0,18 7,0,70,,53910,23,0,18 7,0,30,,59633,23,0,18 7,0,70,,59615,23,0,18 7,0,26,,59608,23,0,18 7,0,70,,59619,23,0,18 7,0,30,,59609,23,0,18 7,0,71,,59631,23,0,18 7,0,98,,53921,23,0,18 7,0,100,,59632,23,0,18 7,0,100,,53913,23,0,18 7,0,100,,59636,23,0,18 7,0
609,'1910',651,,59663,23,0,18 7,0,70,,59647,23,0,18 7,0,30,,59676,23,0,18 7,0,70,,53974,23,0,18 7,0,30,,53992,23,0,18 7,0,71,,53973,23,0,18 7,0,30,,59675,23,0,18 7,0,70,,59646,23,0,18 7,0,30,,59662,23,0,18 7,0,70,,59645,23,0,18 7,0,32,,59674,23,0,18 7,0,70,,59644,23,0,18 7,0,30,,59661,23,0,18 7,0,70,,59642,23,0,18 7,0,30,,59660,23,0,18 7,0,70,,59638,23,0,18 7,0,30,,59686,23,0,18 7,0,70,,59659,23,0,18 7,0,30,,59640,23,0,18 7,0,70,,59670,23,0,18 7,0,30,,59639,23,0,18 7,0,68,,59671,23,0,18 7,0,30,,59641,23,0,18 7,0,70,,59672,23,0,18 7,0,30,,59643,23,0,18 7,0,69,,59673,23,0,18 7,0,102,,59683,11,0,18 7,0,100,,54019,11,0,18 7,0
609,'1912',853,,54077,11,0,18 7,0,100,,54061,11,0,18 7,0,100,,54073,11,0,18 7,0,100,,54063,11,0,18 7,0,101,,54076,11,0,18 7,0,100,,54059,11,0,18 7,0,100,,54075,11,0,18 7,0,100,,54065,11,0,18 7,0,100,,54074,11,0,18 7,0,100,,54062,11,0,18 7,0,99,,54072,11,0,18 7,0,100,,54060,11,0,18 7,0
609,'1924',853,,54041,11,0,18 7,0,100,,54025,11,0,18 7,0,100,,54037,11,0,18 7,0,100,,54027,11,0,18 7,0,101,,54040,11,0,18 7,0,100,,54023,11,0,18 7,0,100,,54039,11,0,18 7,0,100,,54029,11,0,18 7,0,100,,54038,11,0,18 7,0,100,,54026,11,0,18 7,0,99,,54036,11,0,18 7,0,100,,54024,11,0,18 7,0
609,'1925',853,,59706,11,0,18 7,0,100,,59690,11,0,18 7,0,100,,59702,11,0,18 7,0,100,,59692,11,0,18 7,0,101,,59705,11,0,18 7,0,100,,59688,11,0,18 7,0,100,,59704,11,0,18 7,0,100,,59694,11,0,18 7,0,100,,59703,11,0,18 7,0,100,,59691,11,0,18 7,0,99,,59701,11,0,18 7,0,100,,59689,11,0,18 7,0
501029,'1907',600,,56352,3,,,0,30,,56381,3,,,0,20,,56369,15,,,0,70,,56380,15,,,0,30,,56368,15,,,0,70,,56379,15,,,0,30,,56367,15,,,0,70,,56382,15,,,0,31,,56370,15,,,0,75,,56378,15,,,0,15,,56398,15,,,0,15,,56359,15,,,0,56,,56402,15,,,0,16,,56371,15,,,0,15,,60998,15,,,0,15,,56360,15,,,0,55,,56391,15,,,0,15,,56372,15,,,0,15,,56394,15,,,0,15,,56354,15,,,0,55,,56397,15,,,0,15,,56377,15,,,0,15,,56400,15,,,0,15,,56355,15,,,0,55,,56405,15,,,0,15,,56376,15,,,0,15,,56390,15,,,0,15,,56357,15,,,0,55,,56393,15,,,0,15,,56374,15,,,0,15,,56396,15,,,0,15,,56353,15,,,0,55,,56401,15,,,0,15,,56373,15,,,0,15,,56403,15,,,0,15,,56358,15,,,0,55,,56389,15,,,0,14,,56375,15,,,0,15,,56392,15,,,0,15,,56356,15,,,0,55,,56395,15,,,0,15,,56385,15,,,0,30,,56366,15,,,0,71,,56388,15,,,0,15,,56399,15,,,0,10,,56365,15,,,0,68,,60995,15,,,0,29,,56364,15,,,0,70,,60996,15,,,0,30,,56363,15,,,0,70,,60997,15,,,0,30,,60993,15,,,0,70,,60994,15,,,0,26,,60992,15,,,0
501029,'1909',556,,56408,15,,,0,71,,56477,3,,,0,27,,56409,15,,,0,50,,61017,15,,,0,10,,60999,15,,,0,10,,56411,15,,,0,20,,61000,15,,,0,15,,56413,15,,,0,57,,56414,15,,,0,12,,56415,15,,,0,13,,61001,15,,,0,5,,56474,15,,,0,5,,61002,15,,,0,51,,56418,15,,,0,15,,56419,15,,,0,12,,56420,15,,,0,15,,56421,15,,,0,15,,61003,15,,,0,55,,61004,15,,,0,15,,56424,15,,,0,15,,61005,15,,,0,15,,56426,15,,,0,55,,61006,15,,,0,16,,56428,15,,,0,15,,56429,15,,,0,55,,56430,15,,,0,15,,56431,15,,,0,15,,56432,15,,,0,15,,56433,15,,,0,55,,56434,15,,,0,15,,56435,15,,,0,15,,61007,15,,,0,15,,56437,15,,,0,56,,56438,15,,,0,15,,56439,15,,,0,16,,56440,15,,,0,16,,61008,15,,,0,9,,56478,3,,,0,48,,56406,15,,,0,15,,56407,15,,,0,12,,56442,15,,,0,6,,56473,15,,,0,6,,56443,15,,,0,12,,61009,15,,,0,52,,56445,15,,,0,12,,56446,15,,,0,12,,56447,15,,,0,6,,56476,15,,,0,6,,56448,15,,,0,12,,56449,15,,,0,52,,56450,15,,,0,9,,56451,15,,,0,12,,61010,15,,,0,10,,56453,15,,,0,10,,56454,15,,,0,52,,61011,15,,,0,12,,56456,15,,,0,12,,56457,15,,,0,12,,61012,15,,,0,12,,56459,15,,,0,52,,61013,15,,,0,12,,56461,15,,,0,15,,56462,15,,,0,15,,61014,15,,,0,15,,56464,15,,,0,70,,61015,15,,,0,30,,56466,15,,,0,68,,56467,15,,,0,25,,56468,15,,,0,70,,56469,15,,,0,30,,56470,15,,,0,70,,56471,15,,,0,26,,61016,15,,,0
501029,'1910',600,,56490,3,,,0,30,,61026,3,,,0,21,,56489,15,,,0,75,,61025,15,,,0,15,,56529,15,,,0,15,,56488,15,,,0,70,,56495,15,,,0,30,,56487,15,,,0,70,,56493,15,,,0,30,,61023,15,,,0,55,,61018,15,,,0,15,,56492,15,,,0,16,,61024,15,,,0,16,,61032,15,,,0,55,,61041,15,,,0,15,,61057,15,,,0,15,,61050,15,,,0,15,,61033,15,,,0,56,,61042,15,,,0,16,,61058,15,,,0,15,,61051,15,,,0,55,,61034,15,,,0,15,,61043,15,,,0,15,,61059,15,,,0,15,,61052,15,,,0,55,,61035,15,,,0,15,,61044,15,,,0,15,,61060,15,,,0,15,,61053,15,,,0,55,,61036,15,,,0,15,,61045,15,,,0,15,,61061,15,,,0,15,,61054,15,,,0,55,,61037,15,,,0,15,,61046,15,,,0,15,,61062,15,,,0,15,,61055,15,,,0,55,,61038,15,,,0,15,,61047,15,,,0,15,,61040,15,,,0,15,,61056,15,,,0,55,,61039,15,,,0,15,,61048,15,,,0,15,,61029,15,,,0,15,,61031,15,,,0,55,,61022,15,,,0,14,,61049,15,,,0,14,,61030,15,,,0,15,,61063,15,,,0,15,,56484,15,,,0,68,,61027,15,,,0,25,,56483,15,,,0,70,,61028,15,,,0,30,,61021,15,,,0,70,,56498,15,,,0,28,,61020,15,,,0,70,,56497,15,,,0,27,,61019,15,,,0
501029,'1912',600,,56592,3,,,0,30,,56621,3,,,0,20,,56609,15,,,0,70,,56620,15,,,0,30,,56608,15,,,0,70,,56619,15,,,0,30,,56607,15,,,0,70,,56622,15,,,0,31,,56610,15,,,0,75,,56618,15,,,0,15,,56638,15,,,0,15,,56599,15,,,0,56,,56642,15,,,0,16,,56611,15,,,0,15,,61070,15,,,0,15,,56600,15,,,0,55,,56631,15,,,0,15,,56612,15,,,0,15,,56634,15,,,0,15,,56594,15,,,0,55,,56637,15,,,0,15,,56617,15,,,0,15,,56640,15,,,0,15,,56595,15,,,0,55,,56645,15,,,0,15,,56616,15,,,0,15,,56630,15,,,0,15,,56597,15,,,0,55,,56633,15,,,0,15,,56614,15,,,0,15,,56636,15,,,0,15,,56593,15,,,0,55,,56641,15,,,0,15,,56613,15,,,0,15,,56643,15,,,0,15,,56598,15,,,0,55,,56629,15,,,0,14,,56615,15,,,0,15,,56632,15,,,0,15,,56596,15,,,0,55,,56635,15,,,0,15,,56625,15,,,0,30,,56606,15,,,0,71,,56628,15,,,0,15,,56639,15,,,0,10,,56605,15,,,0,68,,61067,15,,,0,29,,56604,15,,,0,70,,61068,15,,,0,30,,56603,15,,,0,70,,61069,15,,,0,30,,61065,15,,,0,70,,61066,15,,,0,26,,61064,15,,,0
501029,'1924',600,,56538,3,,,0,30,,56567,3,,,0,20,,56555,15,,,0,70,,56566,15,,,0,30,,56554,15,,,0,70,,56565,15,,,0,30,,56553,15,,,0,70,,56568,15,,,0,31,,56556,15,,,0,75,,56564,15,,,0,15,,56584,15,,,0,15,,56545,15,,,0,56,,56588,15,,,0,16,,56557,15,,,0,15,,61077,15,,,0,15,,56546,15,,,0,55,,56577,15,,,0,15,,56558,15,,,0,15,,56580,15,,,0,15,,56540,15,,,0,55,,56583,15,,,0,15,,56563,15,,,0,15,,56586,15,,,0,15,,56541,15,,,0,55,,56591,15,,,0,15,,56562,15,,,0,15,,56576,15,,,0,15,,56543,15,,,0,55,,56579,15,,,0,15,,56560,15,,,0,15,,56582,15,,,0,15,,56539,15,,,0,55,,56587,15,,,0,15,,56559,15,,,0,15,,56589,15,,,0,15,,56544,15,,,0,55,,56575,15,,,0,14,,56561,15,,,0,15,,56578,15,,,0,15,,56542,15,,,0,55,,56581,15,,,0,15,,56571,15,,,0,30,,56552,15,,,0,71,,56574,15,,,0,15,,56585,15,,,0,10,,56551,15,,,0,68,,61074,15,,,0,29,,56550,15,,,0,70,,61075,15,,,0,30,,56549,15,,,0,70,,61076,15,,,0,30,,61072,15,,,0,70,,61073,15,,,0,26,,61071,15,,,0
501029,'1925',600,,61078,3,,,0,30,,61107,3,,,0,20,,61095,15,,,0,70,,61106,15,,,0,30,,61094,15,,,0,70,,61105,15,,,0,30,,61093,15,,,0,70,,61108,15,,,0,31,,61096,15,,,0,75,,61104,15,,,0,15,,61124,15,,,0,15,,61085,15,,,0,56,,61128,15,,,0,16,,61097,15,,,0,15,,61130,15,,,0,15,,61086,15,,,0,55,,61117,15,,,0,15,,61098,15,,,0,15,,61120,15,,,0,15,,61080,15,,,0,55,,61123,15,,,0,15,,61103,15,,,0,15,,61126,15,,,0,15,,61081,15,,,0,55,,61131,15,,,0,15,,61102,15,,,0,15,,61116,15,,,0,15,,61083,15,,,0,55,,61119,15,,,0,15,,61100,15,,,0,15,,61122,15,,,0,15,,61079,15,,,0,55,,61127,15,,,0,15,,61099,15,,,0,15,,61129,15,,,0,15,,61084,15,,,0,55,,61115,15,,,0,14,,61101,15,,,0,15,,61118,15,,,0,15,,61082,15,,,0,55,,61121,15,,,0,15,,61111,15,,,0,30,,61092,15,,,0,71,,61114,15,,,0,15,,61125,15,,,0,10,,61091,15,,,0,68,,61110,15,,,0,29,,61090,15,,,0,70,,61112,15,,,0,30,,61089,15,,,0,70,,61113,15,,,0,30,,61088,15,,,0,70,,61109,15,,,0,26,,61087,15,,,0
