22019,'1907',657,,55639,10,0,19 2 36 26,0,100,,55638,10,0,19 2 36 26,0,100,,55632,12,,,0,93,,55633,12,,,0,100,,55626,12,,,0,100,,55631,12,,,0,100,,55627,12,,,0,100,,55628,12,,,0,100,,55625,12,,,0,100,,55629,12,,,0,100,,55630,12,,,0,100,,55634,10,0,19 2 36 26,0,100,,55635,10,0,19 2 36 26,0,100,,55636,10,0,19 2 36 26,0,107,,55637,10,0,19 2 36 26,0
22019,'1909',603,,60496,10,0,19 2 36 26,0,52,,55640,10,0,19 2 36 26,0,70,,55641,10,0,19 2 36 26,0,75,,60479,12,,,0,30,,60480,12,,,0,72,,60481,12,,,0,29,,55645,12,,,0,70,,55646,12,,,0,30,,60482,12,,,0,70,,55648,12,,,0,30,,55649,12,,,0,70,,55650,12,,,0,30,,55651,12,,,0,70,,55652,12,,,0,30,,55653,12,,,0,70,,55654,12,,,0,30,,60483,12,,,0,73,,60484,12,,,0,29,,60485,12,,,0,69,,60495,12,,,0,30,,60486,12,,,0,68,,60487,12,,,0,28,,60488,12,,,0,29,,60489,12,,,0,69,,60490,12,,,0,30,,60491,12,,,0,70,,60492,12,,,0,30,,55665,12,,,0,69,,60493,12,,,0,30,,60494,12,,,0,68,,55668,10,0,19 2 36 26,0
22019,'1910',629,,55701,10,0,19 2 36 26,0,23,,55694,10,0,19 2 36 26,0,70,,55690,10,0,19 2 36 26,0,30,,55695,10,0,19 2 36 26,0,70,,55691,10,0,19 2 36 26,0,31,,55671,12,,,0,72,,55672,12,,,0,30,,55673,12,,,0,70,,55674,12,,,0,30,,55675,12,,,0,70,,55676,12,,,0,30,,55677,12,,,0,70,,55678,12,,,0,31,,55679,12,,,0,70,,55680,12,,,0,30,,55681,12,,,0,70,,55682,12,,,0,31,,55683,12,,,0,70,,55684,12,,,0,30,,55685,12,,,0,70,,55686,12,,,0,29,,55687,12,,,0,70,,55688,12,,,0,29,,55696,10,0,19 2 36 26,0,70,,55692,10,0,19 2 36 26,0,30,,55697,10,0,19 2 36 26,0,68,,55689,10,0,19 2 36 26,0,30,,55698,10,0,19 2 36 26,0,69,,55693,10,0,19 2 36 26,0,30,,55699,10,0,19 2 36 26,0,70,,55700,10,0,19 2 36 26,0
22019,'1912',657,,55731,10,0,19 2 36 26,0,100,,55730,10,0,19 2 36 26,0,100,,55724,12,,,0,93,,55725,12,,,0,100,,55718,12,,,0,100,,55723,12,,,0,100,,55719,12,,,0,100,,55720,12,,,0,100,,55717,12,,,0,100,,55721,12,,,0,100,,55722,12,,,0,100,,55726,10,0,19 2 36 26,0,100,,55727,10,0,19 2 36 26,0,100,,55728,10,0,19 2 36 26,0,107,,55729,10,0,19 2 36 26,0
22019,'1924',657,,55716,10,0,19 2 36 26,0,100,,55715,10,0,19 2 36 26,0,100,,55709,12,,,0,93,,55710,12,,,0,100,,55703,12,,,0,100,,55708,12,,,0,100,,55704,12,,,0,100,,55705,12,,,0,100,,55702,12,,,0,100,,55706,12,,,0,100,,55707,12,,,0,100,,55711,10,0,19 2 36 26,0,100,,55712,10,0,19 2 36 26,0,100,,55713,10,0,19 2 36 26,0,107,,55714,10,0,19 2 36 26,0
22019,'1925',657,,60511,10,0,19 2 36 26,0,100,,60510,10,0,19 2 36 26,0,100,,60504,12,,,0,93,,60505,12,,,0,100,,60498,12,,,0,100,,60503,12,,,0,100,,60499,12,,,0,100,,60500,12,,,0,100,,60497,12,,,0,100,,60501,12,,,0,100,,60502,12,,,0,100,,60506,10,0,19 2 36 26,0,100,,60507,10,0,19 2 36 26,0,100,,60508,10,0,19 2 36 26,0,107,,60509,10,0,19 2 36 26,0
602019,'1907',635,,57299,14,,,0,67,,57295,15,,,0,30,,57294,15,,,0,70,,57293,15,,,0,30,,57289,15,,,0,70,,57288,15,,,0,30,,57286,15,,,0,70,,57285,15,,,0,30,,57291,15,,,0,70,,57292,15,,,0,31,,57290,15,,,0,71,,57287,15,,,0,30,,57284,15,,,0,70,,57281,15,,,0,30,,57280,15,,,0,70,,57279,15,,,0,30,,57278,15,,,0,70,,57269,15,,,0,30,,57271,15,,,0,70,,57277,15,,,0,30,,57276,15,,,0,70,,57273,15,,,0,30,,57272,15,,,0,70,,57267,15,,,0,30,,57266,15,,,0,70,,57274,15,,,0,30,,57275,15,,,0,70,,57268,15,,,0,30,,57270,15,,,0,70,,57265,15,,,0,30,,57296,15,,,0,70,,57298,15,,,0,30,,57282,15,,,0,70,,57283,15,,,0,30,,57297,15,,,0
602019,'1909',622,,61353,14,,,0,29,,61343,14,0,19 2 11 2 36 26,0,60,,61374,14,0,19 2 11 2 36 26,0,15,,57316,14,0,19 2 11 2 36 26,0,15,,61342,14,0,19 2 11 2 36 26,0,15,,57306,14,0,19 2 11 2 36 26,0,55,,61352,14,0,19 2 11 2 36 26,0,15,,57311,14,0,19 2 11 2 36 26,0,15,,61354,14,0,19 2 11 2 36 26,0,15,,57307,14,0,19 2 11 2 36 26,0,57,,61369,15,,,0,22,,61366,14,,,0,70,,61367,14,,,0,30,,61365,14,,,0,70,,61364,14,,,0,30,,61363,14,,,0,70,,61362,14,,,0,30,,61368,14,,,0,70,,61361,14,,,0,30,,61339,14,,,0,70,,61340,14,,,0,28,,61341,14,,,0,26,,61350,14,0,19 2 11 2 36 26,0,53,,57321,14,0,19 2 11 2 36 26,0,15,,61351,14,0,19 2 11 2 36 26,0,15,,57320,14,0,19 2 11 2 36 26,0,15,,61345,14,0,19 2 11 2 36 26,0,55,,57319,14,0,19 2 11 2 36 26,0,15,,61349,14,0,19 2 11 2 36 26,0,15,,57323,14,0,19 2 11 2 36 26,0,14,,61348,14,0,19 2 11 2 36 26,0,54,,57318,14,0,19 2 11 2 36 26,0,14,,61346,14,0,19 2 11 2 36 26,0,15,,57322,14,0,19 2 11 2 36 26,0,15,,61344,14,0,19 2 11 2 36 26,0,55,,57325,14,0,19 2 11 2 36 26,0,15,,61347,14,0,19 2 11 2 36 26,0,18,,57341,15,,,0,17,,61360,15,,,0,70,,61355,15,,,0,12,,57345,15,,,0,18,,61359,15,,,0,70,,61358,15,,,0,30,,61356,15,,,0,69,,61357,15,,,0,30,,61370,15,,,0,70,,61373,15,,,0,30,,61371,15,,,0,76,,61372,15,,,0
602019,'1910',637,,57383,14,,,0,67,,57381,15,,,0,30,,57382,15,,,0,70,,57372,15,,,0,30,,57373,15,,,0,71,,57371,15,,,0,31,,57370,15,,,0,70,,57369,15,,,0,30,,57368,15,,,0,70,,57379,15,,,0,30,,57378,15,,,0,70,,57377,15,,,0,30,,57376,15,,,0,70,,57375,15,,,0,30,,57374,15,,,0,70,,57366,15,,,0,30,,57367,15,,,0,70,,57380,15,,,0,30,,57365,15,,,0,70,,57364,15,,,0,30,,57363,15,,,0,70,,57362,15,,,0,30,,57361,15,,,0,70,,57359,15,,,0,30,,57360,15,,,0,70,,57358,15,,,0,30,,57351,15,,,0,69,,57352,15,,,0,29,,57350,15,,,0,70,,57353,15,,,0,30,,57356,15,,,0,70,,57357,15,,,0,30,,57355,15,,,0,70,,57354,15,,,0,28,,57349,15,,,0
602019,'1912',2234,,57419,15,,,0,70,,57420,15,,,0,30,,57421,15,,,0
602019,'1924',635,,57418,14,,,0,67,,57414,15,,,0,30,,57413,15,,,0,70,,57412,15,,,0,30,,57408,15,,,0,70,,57407,15,,,0,30,,57405,15,,,0,70,,57404,15,,,0,30,,57410,15,,,0,70,,57411,15,,,0,31,,57409,15,,,0,71,,57406,15,,,0,30,,57403,15,,,0,70,,57400,15,,,0,30,,57399,15,,,0,70,,57398,15,,,0,30,,57397,15,,,0,70,,57388,15,,,0,30,,57390,15,,,0,70,,57396,15,,,0,30,,57395,15,,,0,70,,57392,15,,,0,30,,57391,15,,,0,70,,57386,15,,,0,30,,57385,15,,,0,70,,57393,15,,,0,30,,57394,15,,,0,70,,57387,15,,,0,30,,57389,15,,,0,70,,57384,15,,,0,30,,57415,15,,,0,70,,57417,15,,,0,30,,57401,15,,,0,70,,57402,15,,,0,30,,57416,15,,,0
602019,'1925',2134,,61377,15,,,0,70,,61379,15,,,0,30,,61375,15,,,0,70,,61376,15,,,0,30,,61378,15,,,0
