1019,'1907',611,,58824,14,,,0,100,,58825,14,,,0,100,,58826,14,,,0,100,,58827,14,,,0,100,,58828,14,,,0,100,,58829,14,,,0,100,,58830,14,,,0,100,,58831,14,,,0,100,,58832,14,,,0,100,,58833,14,,,0,100,,58834,14,,,0,100,,58835,14,,,0,100,,58836,14,,,0,100,,58837,14,,,0,100,,58838,14,,,0,100,,58839,14,,,0,100,,58840,14,,,0,100,,58841,14,,,0
1019,'1909',540,,58877,14,,,0,75,,58873,14,,,0,30,,58849,14,,,0,72,,58844,14,,,0,30,,58862,14,,,0,70,,58846,14,,,0,30,,58851,14,,,0,71,,58876,14,,,0,30,,58848,14,,,0,70,,58842,14,,,0,30,,58861,14,,,0,70,,58847,14,,,0,30,,58852,14,,,0,70,,58872,14,,,0,30,,58850,14,,,0,70,,58843,14,,,0,30,,58874,14,,,0,70,,58845,14,,,0,30,,58853,14,,,0,70,,58871,14,,,0,30,,58864,14,,,0,70,,58856,14,,,0,30,,58854,14,,,0,70,,58857,14,,,0,29,,58859,14,,,0,70,,58858,14,,,0,30,,58855,14,,,0,65,,58875,14,,,0,30,,58869,14,,,0,68,,58870,14,,,0,30,,58868,14,,,0,70,,58867,14,,,0,30,,58866,14,,,0,70,,58865,14,,,0,30,,58863,14,,,0,70,,58860,14,,,0
1019,'1910',540,,58913,14,,,0,70,,58902,14,,,0,30,,58888,14,,,0,70,,58907,14,,,0,30,,58897,14,,,0,70,,58882,14,,,0,30,,58903,14,,,0,70,,58905,14,,,0,30,,58887,14,,,0,72,,58908,14,,,0,30,,58896,14,,,0,70,,58881,14,,,0,30,,58891,14,,,0,70,,58901,14,,,0,30,,58886,14,,,0,70,,58909,14,,,0,30,,58895,14,,,0,70,,58880,14,,,0,30,,58890,14,,,0,70,,58900,14,,,0,30,,58885,14,,,0,70,,58910,14,,,0,30,,58894,14,,,0,70,,58879,14,,,0,30,,58889,14,,,0,70,,58899,14,,,0,30,,58883,14,,,0,69,,58911,14,,,0,30,,58892,14,,,0,70,,58878,14,,,0,30,,58884,14,,,0,70,,58898,14,,,0,30,,58893,14,,,0,70,,58912,14,,,0,30,,58906,14,,,0,70,,58904,14,,,0
1019,'1912',611,,58914,14,,,0,100,,58915,14,,,0,100,,58916,14,,,0,100,,58917,14,,,0,100,,58918,14,,,0,100,,58919,14,,,0,100,,58920,14,,,0,100,,58921,14,,,0,100,,58922,14,,,0,100,,58923,14,,,0,100,,58924,14,,,0,100,,58925,14,,,0,100,,58926,14,,,0,100,,58927,14,,,0,100,,58928,14,,,0,100,,58929,14,,,0,100,,58930,14,,,0,100,,58931,14,,,0
1019,'1924',611,,58932,14,,,0,100,,58933,14,,,0,100,,58934,14,,,0,100,,58935,14,,,0,100,,58936,14,,,0,100,,58937,14,,,0,100,,58938,14,,,0,100,,58939,14,,,0,100,,58940,14,,,0,100,,58941,14,,,0,100,,58942,14,,,0,100,,58943,14,,,0,100,,58944,14,,,0,100,,58945,14,,,0,100,,58946,14,,,0,100,,58947,14,,,0,100,,58948,14,,,0,100,,58949,14,,,0
1019,'1925',611,,58950,14,,,0,100,,58951,14,,,0,100,,58952,14,,,0,100,,58953,14,,,0,100,,58954,14,,,0,100,,58955,14,,,0,100,,58956,14,,,0,100,,58957,14,,,0,100,,58958,14,,,0,100,,58959,14,,,0,100,,58960,14,,,0,100,,58961,14,,,0,100,,58962,14,,,0,100,,58963,14,,,0,100,,58964,14,,,0,100,,58965,14,,,0,100,,58966,14,,,0,100,,58967,14,,,0
2019,'1907',656,,59137,23,,,0,70,,59114,23,,,0,30,,59118,23,,,0,70,,59130,23,,,0,30,,59125,23,,,0,70,,59115,23,,,0,30,,59119,23,,,0,70,,59131,23,,,0,30,,59126,23,,,0,70,,59116,23,,,0,30,,59120,23,,,0,70,,59132,23,,,0,30,,59127,23,,,0,70,,59117,23,,,0,30,,59121,23,,,0,70,,59133,23,,,0,30,,59128,23,,,0,70,,59112,23,,,0,30,,59122,23,,,0,70,,59134,23,,,0,30,,59129,23,,,0,70,,59110,23,,,0,30,,59123,23,,,0,70,,59135,23,,,0,100,,59111,23,,,0,100,,59136,23,,,0,100,,59113,23,,,0,100,,59124,23,,,0,99,,59138,23,,,0
2019,'1909',452,,59170,14,0,5 2 13 14,0,173,,59139,23,,,0,30,,59140,23,,,0,72,,59141,23,,,0,30,,59142,23,,,0,70,,59143,23,,,0,30,,59144,23,,,0,70,,59161,23,,,0,30,,59162,23,,,0,70,,59163,23,,,0,30,,59164,23,,,0,70,,59165,23,,,0,30,,59166,23,,,0,70,,59167,23,,,0,30,,59168,23,,,0,70,,59169,23,,,0,30,,59159,23,,,0,70,,59160,23,,,0,31,,59145,23,,,0,70,,59146,23,,,0,30,,59147,23,,,0,70,,59148,23,,,0,30,,59149,23,,,0,69,,59150,23,,,0,30,,59151,23,,,0,70,,59152,23,,,0,30,,59158,23,,,0,70,,59153,23,,,0,98,,59154,23,,,0,100,,59155,23,,,0,100,,59156,23,,,0,100,,59157,23,,,0
2019,'1910',625,,59171,14,,,0,30,,59178,23,,,0,70,,59187,23,,,0,30,,59194,23,,,0,70,,59172,23,,,0,30,,59179,23,,,0,70,,59188,23,,,0,30,,59195,23,,,0,72,,59173,23,,,0,30,,59180,23,,,0,70,,59189,23,,,0,30,,59196,23,,,0,70,,59174,23,,,0,30,,59181,23,,,0,70,,59190,23,,,0,30,,59197,23,,,0,70,,59175,23,,,0,30,,59182,23,,,0,70,,59191,23,,,0,30,,59198,23,,,0,70,,59176,23,,,0,30,,59183,23,,,0,70,,59192,23,,,0,30,,59199,23,,,0,70,,59177,23,,,0,30,,59184,23,,,0,70,,59193,23,,,0,99,,59185,23,,,0,100,,59200,23,,,0,100,,59186,23,,,0,100,,59201,23,,,0
2019,'1912',656,,59229,23,,,0,70,,59206,23,,,0,30,,59210,23,,,0,70,,59222,23,,,0,30,,59217,23,,,0,70,,59207,23,,,0,30,,59211,23,,,0,70,,59223,23,,,0,30,,59218,23,,,0,70,,59208,23,,,0,30,,59212,23,,,0,70,,59224,23,,,0,30,,59219,23,,,0,70,,59209,23,,,0,30,,59213,23,,,0,70,,59225,23,,,0,30,,59220,23,,,0,70,,59204,23,,,0,30,,59214,23,,,0,70,,59226,23,,,0,30,,59221,23,,,0,70,,59202,23,,,0,30,,59215,23,,,0,70,,59227,23,,,0,100,,59203,23,,,0,100,,59228,23,,,0,100,,59205,23,,,0,100,,59216,23,,,0,99,,59230,23,,,0
2019,'1924',656,,59258,23,,,0,70,,59235,23,,,0,30,,59239,23,,,0,70,,59251,23,,,0,30,,59246,23,,,0,70,,59236,23,,,0,30,,59240,23,,,0,70,,59252,23,,,0,30,,59247,23,,,0,70,,59237,23,,,0,30,,59241,23,,,0,70,,59253,23,,,0,30,,59248,23,,,0,70,,59238,23,,,0,30,,59242,23,,,0,70,,59254,23,,,0,30,,59249,23,,,0,70,,59233,23,,,0,30,,59243,23,,,0,70,,59255,23,,,0,30,,59250,23,,,0,70,,59231,23,,,0,30,,59244,23,,,0,70,,59256,23,,,0,100,,59232,23,,,0,100,,59257,23,,,0,100,,59234,23,,,0,100,,59245,23,,,0,99,,59259,23,,,0
2019,'1925',656,,59287,23,,,0,70,,59264,23,,,0,30,,59268,23,,,0,70,,59280,23,,,0,30,,59275,23,,,0,70,,59265,23,,,0,30,,59269,23,,,0,70,,59281,23,,,0,30,,59276,23,,,0,70,,59266,23,,,0,30,,59270,23,,,0,70,,59282,23,,,0,30,,59277,23,,,0,70,,59267,23,,,0,30,,59271,23,,,0,70,,59283,23,,,0,30,,59278,23,,,0,70,,59262,23,,,0,30,,59272,23,,,0,70,,59284,23,,,0,30,,59279,23,,,0,70,,59260,23,,,0,30,,59273,23,,,0,70,,59285,23,,,0,100,,59261,23,,,0,100,,59286,23,,,0,100,,59263,23,,,0,100,,59274,23,,,0,99,,59288,23,,,0
12019,'1909',635,,60120,14,,,0,71,,60122,14,,,0,31,,60116,14,,,0,70,,60123,14,,,0,30,,60124,14,,,0,70,,60121,14,0,5 2 12,0,30,,60111,14,0,5 2 12,0,70,,60112,14,0,5 2 12,0,30,,60102,14,0,5 2 12,0,70,,60103,14,0,5 2 12,0,30,,60104,14,0,5 2 12,0,70,,60105,14,0,5 2 12,0,30,,60106,14,0,5 2 12,0,70,,60107,14,0,5 2 12,0,30,,60108,14,0,5 2 12,0,70,,60109,14,0,5 2 12,0,30,,60110,14,,,0,69,,60119,14,,,0,30,,60115,14,,,0,70,,60117,14,,,0,30,,60114,14,,,0,70,,60118,14,,,0,30,,60113,14,,,0,70,,54874,14,,,0
14000001019,'1907',2419,,61782,30,,,0,30,,61781,30,,,0,70,,61780,30,,,0,30,,61783,30,,,0,70,,61784,30,,,0
14000001019,'1909',2419,,61788,30,,,0,30,,61785,30,,,0,70,,61786,30,,,0,30,,61787,30,,,0,70,,61789,30,,,0
14000001019,'1910',2419,,61793,30,,,0,30,,61790,30,,,0,70,,61792,30,,,0,30,,61791,30,,,0,70,,61794,30,,,0
14000001019,'1912',2419,,61797,30,,,0,30,,61796,30,,,0,70,,61795,30,,,0,30,,61798,30,,,0,70,,61799,30,,,0
14000001019,'1924',2419,,61802,30,,,0,30,,61801,30,,,0,70,,61800,30,,,0,30,,61803,30,,,0,70,,61804,30,,,0
14000001019,'1925',2419,,61807,30,,,0,30,,61806,30,,,0,70,,61805,30,,,0,30,,61808,30,,,0,70,,61809,30,,,0
