1019,'1907',603,,58824,5,,,0,100,,58825,5,,,0,100,,58826,5,,,0,100,,58827,5,,,0,100,,58828,5,,,0,100,,58829,5,,,0,100,,58830,5,,,0,100,,58831,5,,,0,100,,58832,5,,,0,100,,58833,5,,,0,100,,58834,5,,,0,100,,58835,5,,,0,100,,58836,5,,,0,100,,58837,5,,,0,100,,58838,5,,,0,100,,58839,5,,,0,100,,58840,5,,,0,100,,58841,5,,,0
1019,'1909',533,,58877,5,,,0,75,,58873,5,,,0,30,,58849,5,,,0,71,,58844,5,,,0,30,,58862,5,,,0,70,,58846,5,,,0,30,,58851,5,,,0,70,,58876,5,,,0,30,,58848,5,,,0,70,,58842,5,,,0,30,,58861,5,,,0,70,,58847,5,,,0,30,,58852,5,,,0,70,,58872,5,,,0,30,,58850,5,,,0,70,,58843,5,,,0,30,,58874,5,,,0,70,,58845,5,,,0,30,,58853,5,,,0,70,,58871,5,,,0,30,,58864,5,,,0,70,,58856,5,,,0,30,,58854,5,,,0,70,,58857,5,,,0,30,,58859,5,,,0,70,,58858,5,,,0,30,,58855,5,,,0,65,,58875,5,,,0,30,,58869,5,,,0,69,,58870,5,,,0,30,,58868,5,,,0,70,,58867,5,,,0,30,,58866,5,,,0,70,,58865,5,,,0,30,,58863,5,,,0,70,,58860,5,,,0
1019,'1910',533,,58913,5,,,0,70,,58902,5,,,0,30,,58888,5,,,0,70,,58907,5,,,0,30,,58897,5,,,0,70,,58882,5,,,0,30,,58903,5,,,0,70,,58905,5,,,0,30,,58887,5,,,0,71,,58908,5,,,0,30,,58896,5,,,0,70,,58881,5,,,0,30,,58891,5,,,0,70,,58901,5,,,0,30,,58886,5,,,0,70,,58909,5,,,0,30,,58895,5,,,0,70,,58880,5,,,0,30,,58890,5,,,0,70,,58900,5,,,0,30,,58885,5,,,0,70,,58910,5,,,0,30,,58894,5,,,0,70,,58879,5,,,0,30,,58889,5,,,0,70,,58899,5,,,0,30,,58883,5,,,0,69,,58911,5,,,0,30,,58892,5,,,0,70,,58878,5,,,0,30,,58884,5,,,0,70,,58898,5,,,0,30,,58893,5,,,0,70,,58912,5,,,0,30,,58906,5,,,0,70,,58904,5,,,0
1019,'1912',603,,58914,5,,,0,100,,58915,5,,,0,100,,58916,5,,,0,100,,58917,5,,,0,100,,58918,5,,,0,100,,58919,5,,,0,100,,58920,5,,,0,100,,58921,5,,,0,100,,58922,5,,,0,100,,58923,5,,,0,100,,58924,5,,,0,100,,58925,5,,,0,100,,58926,5,,,0,100,,58927,5,,,0,100,,58928,5,,,0,100,,58929,5,,,0,100,,58930,5,,,0,100,,58931,5,,,0
1019,'1924',603,,58932,5,,,0,100,,58933,5,,,0,100,,58934,5,,,0,100,,58935,5,,,0,100,,58936,5,,,0,100,,58937,5,,,0,100,,58938,5,,,0,100,,58939,5,,,0,100,,58940,5,,,0,100,,58941,5,,,0,100,,58942,5,,,0,100,,58943,5,,,0,100,,58944,5,,,0,100,,58945,5,,,0,100,,58946,5,,,0,100,,58947,5,,,0,100,,58948,5,,,0,100,,58949,5,,,0
1019,'1925',603,,58950,5,,,0,100,,58951,5,,,0,100,,58952,5,,,0,100,,58953,5,,,0,100,,58954,5,,,0,100,,58955,5,,,0,100,,58956,5,,,0,100,,58957,5,,,0,100,,58958,5,,,0,100,,58959,5,,,0,100,,58960,5,,,0,100,,58961,5,,,0,100,,58962,5,,,0,100,,58963,5,,,0,100,,58964,5,,,0,100,,58965,5,,,0,100,,58966,5,,,0,100,,58967,5,,,0
2019,'1907',648,,59137,14,,,0,70,,59114,14,,,0,30,,59118,14,,,0,70,,59130,14,,,0,30,,59125,14,,,0,70,,59115,14,,,0,30,,59119,14,,,0,70,,59131,14,,,0,30,,59126,14,,,0,70,,59116,14,,,0,30,,59120,14,,,0,70,,59132,14,,,0,30,,59127,14,,,0,70,,59117,14,,,0,30,,59121,14,,,0,70,,59133,14,,,0,30,,59128,14,,,0,70,,59112,14,,,0,30,,59122,14,,,0,70,,59134,14,,,0,30,,59129,14,,,0,70,,59110,14,,,0,30,,59123,14,,,0,70,,59135,14,,,0,100,,59111,14,,,0,100,,59136,14,,,0,100,,59113,14,,,0,100,,59124,14,,,0,99,,59138,14,,,0
2019,'1909',445,,59170,5,0,5 2 13 14,0,173,,59139,14,,,0,30,,59140,14,,,0,71,,59141,14,,,0,30,,59142,14,,,0,70,,59143,14,,,0,30,,59144,14,,,0,70,,59161,14,,,0,30,,59162,14,,,0,70,,59163,14,,,0,30,,59164,14,,,0,70,,59165,14,,,0,30,,59166,14,,,0,70,,59167,14,,,0,30,,59168,14,,,0,70,,59169,14,,,0,30,,59159,14,,,0,70,,59160,14,,,0,30,,59145,14,,,0,70,,59146,14,,,0,30,,59147,14,,,0,70,,59148,14,,,0,30,,59149,14,,,0,70,,59150,14,,,0,30,,59151,14,,,0,70,,59152,14,,,0,30,,59158,14,,,0,70,,59153,14,,,0,99,,59154,14,,,0,100,,59155,14,,,0,100,,59156,14,,,0,100,,59157,14,,,0
2019,'1910',618,,59171,5,,,0,30,,59178,14,,,0,70,,59187,14,,,0,30,,59194,14,,,0,70,,59172,14,,,0,30,,59179,14,,,0,70,,59188,14,,,0,30,,59195,14,,,0,71,,59173,14,,,0,30,,59180,14,,,0,70,,59189,14,,,0,30,,59196,14,,,0,70,,59174,14,,,0,30,,59181,14,,,0,70,,59190,14,,,0,30,,59197,14,,,0,70,,59175,14,,,0,30,,59182,14,,,0,70,,59191,14,,,0,30,,59198,14,,,0,70,,59176,14,,,0,30,,59183,14,,,0,70,,59192,14,,,0,30,,59199,14,,,0,70,,59177,14,,,0,30,,59184,14,,,0,70,,59193,14,,,0,99,,59185,14,,,0,100,,59200,14,,,0,100,,59186,14,,,0,100,,59201,14,,,0
2019,'1912',648,,59229,14,,,0,70,,59206,14,,,0,30,,59210,14,,,0,70,,59222,14,,,0,30,,59217,14,,,0,70,,59207,14,,,0,30,,59211,14,,,0,70,,59223,14,,,0,30,,59218,14,,,0,70,,59208,14,,,0,30,,59212,14,,,0,70,,59224,14,,,0,30,,59219,14,,,0,70,,59209,14,,,0,30,,59213,14,,,0,70,,59225,14,,,0,30,,59220,14,,,0,70,,59204,14,,,0,30,,59214,14,,,0,70,,59226,14,,,0,30,,59221,14,,,0,70,,59202,14,,,0,30,,59215,14,,,0,70,,59227,14,,,0,100,,59203,14,,,0,100,,59228,14,,,0,100,,59205,14,,,0,100,,59216,14,,,0,99,,59230,14,,,0
2019,'1924',648,,59258,14,,,0,70,,59235,14,,,0,30,,59239,14,,,0,70,,59251,14,,,0,30,,59246,14,,,0,70,,59236,14,,,0,30,,59240,14,,,0,70,,59252,14,,,0,30,,59247,14,,,0,70,,59237,14,,,0,30,,59241,14,,,0,70,,59253,14,,,0,30,,59248,14,,,0,70,,59238,14,,,0,30,,59242,14,,,0,70,,59254,14,,,0,30,,59249,14,,,0,70,,59233,14,,,0,30,,59243,14,,,0,70,,59255,14,,,0,30,,59250,14,,,0,70,,59231,14,,,0,30,,59244,14,,,0,70,,59256,14,,,0,100,,59232,14,,,0,100,,59257,14,,,0,100,,59234,14,,,0,100,,59245,14,,,0,99,,59259,14,,,0
2019,'1925',648,,59287,14,,,0,70,,59264,14,,,0,30,,59268,14,,,0,70,,59280,14,,,0,30,,59275,14,,,0,70,,59265,14,,,0,30,,59269,14,,,0,70,,59281,14,,,0,30,,59276,14,,,0,70,,59266,14,,,0,30,,59270,14,,,0,70,,59282,14,,,0,30,,59277,14,,,0,70,,59267,14,,,0,30,,59271,14,,,0,70,,59283,14,,,0,30,,59278,14,,,0,70,,59262,14,,,0,30,,59272,14,,,0,70,,59284,14,,,0,30,,59279,14,,,0,70,,59260,14,,,0,30,,59273,14,,,0,70,,59285,14,,,0,100,,59261,14,,,0,100,,59286,14,,,0,100,,59263,14,,,0,100,,59274,14,,,0,99,,59288,14,,,0
12019,'1909',628,,60120,5,,,0,30,,60122,5,,,0,71,,60116,5,,,0,30,,60123,5,,,0,70,,60124,5,,,0,30,,60121,5,0,5 2 12,0,70,,60111,5,0,5 2 12,0,30,,60112,5,0,5 2 12,0,70,,60102,5,0,5 2 12,0,30,,60103,5,0,5 2 12,0,70,,60104,5,0,5 2 12,0,30,,60105,5,0,5 2 12,0,70,,60106,5,0,5 2 12,0,30,,60107,5,0,5 2 12,0,70,,60108,5,0,5 2 12,0,30,,60109,5,0,5 2 12,0,70,,60110,5,,,0,29,,60119,5,,,0,70,,60115,5,,,0,30,,60117,5,,,0,70,,60114,5,,,0,30,,60118,5,,,0,70,,60113,5,,,0,30,,54874,5,,,0
14000001019,'1907',2412,,61782,21,,,0,30,,61781,21,,,0,70,,61780,21,,,0,30,,61783,21,,,0,70,,61784,21,,,0
14000001019,'1909',2412,,61788,21,,,0,30,,61785,21,,,0,70,,61786,21,,,0,30,,61787,21,,,0,70,,61789,21,,,0
14000001019,'1910',2412,,61793,21,,,0,30,,61790,21,,,0,70,,61792,21,,,0,30,,61791,21,,,0,70,,61794,21,,,0
14000001019,'1912',2412,,61797,21,,,0,30,,61796,21,,,0,70,,61795,21,,,0,30,,61798,21,,,0,70,,61799,21,,,0
14000001019,'1924',2412,,61802,21,,,0,30,,61801,21,,,0,70,,61800,21,,,0,30,,61803,21,,,0,70,,61804,21,,,0
14000001019,'1925',2412,,61807,21,,,0,30,,61806,21,,,0,70,,61805,21,,,0,30,,61808,21,,,0,70,,61809,21,,,0
