2019,'1907',718,6,53277,40,,,0,30,6,53254,40,,,0,70,6,53258,40,,,0,30,6,53270,40,,,0,70,4,53265,40,,,0,30,4,53255,40,,,0,70,4,53259,40,,,0,30,4,53271,40,,,0,70,4,53266,40,,,0,30,4,53256,40,,,0,70,4,53260,40,,,0,30,4,53272,40,,,0,70,4,53267,40,,,0,30,4,53257,40,,,0,70,4,53261,40,,,0,30,4,53273,40,,,0,70,4,53268,40,,,0,30,4,53252,40,,,0,70,4,53262,40,,,0,30,4,53274,40,,,0,70,4,53269,40,,,0,30,4,53250,40,,,0,70,4,53263,40,,,0,30,4,53275,40,,,0,100,4,53251,40,,,0,102,7,53276,40,,,0,100,7,53253,40,,,0,95,2,53264,40,,,0,100,3,53278,40,,,0
2019,'1909',507,,53310,31,4,,0,138,2,53279,40,,,0,69,,53280,40,,,0,30,,53281,40,,,0,70,,53282,40,,,0,33,2,53283,40,,,0,71,2,53284,40,,,0,31,2,53301,40,,,0,70,2,53302,40,,,0,30,2,53303,40,,,0,70,2,53304,40,,,0,30,2,53305,40,,,0,70,2,53306,40,,,0,30,2,53307,40,,,0,70,2,53308,40,,,0,30,2,53309,40,,,0,70,2,53299,40,,,0,33,2,53300,40,,,0,70,,53285,40,,,0,30,,53286,40,,,0,70,,53287,40,,,0,30,,53288,40,,,0,70,,53289,40,,,0,27,,53290,40,,,0,70,2,53291,40,,,0,30,2,53292,40,,,0,70,2,53298,40,,,0,30,2,53293,40,,,0,98,3,53294,40,,,0,100,3,53295,40,,,0,100,3,53296,40,,,0,97,,53297,40,,,0
2019,'1910',648,6,53311,31,,,0,70,6,53318,40,,,0,30,6,53327,40,,,0,70,6,53334,40,,,0,30,6,53312,40,,,0,70,6,53319,40,,,0,30,6,53328,40,,,0,68,2,53335,40,,,0,31,2,53313,40,,,0,70,2,53320,40,,,0,30,2,53329,40,,,0,70,2,53336,40,,,0,30,2,53314,40,,,0,70,2,53321,40,,,0,30,2,53330,40,,,0,70,2,53337,40,,,0,30,2,53315,40,,,0,70,2,53322,40,,,0,30,2,53331,40,,,0,70,2,53338,40,,,0,30,2,53316,40,,,0,70,2,53323,40,,,0,30,2,53332,40,,,0,70,2,53339,40,,,0,30,2,53317,40,,,0,70,2,53324,40,,,0,30,2,53333,40,,,0,101,5,53325,40,,,0,100,5,53340,40,,,0,97,2,53326,40,,,0,98,,53341,40,,,0
2019,'1911',718,6,53369,40,,,0,30,6,53346,40,,,0,70,6,53350,40,,,0,30,6,53362,40,,,0,70,4,53357,40,,,0,30,4,53347,40,,,0,70,4,53351,40,,,0,30,4,53363,40,,,0,70,4,53358,40,,,0,30,4,53348,40,,,0,70,4,53352,40,,,0,30,4,53364,40,,,0,70,4,53359,40,,,0,30,4,53349,40,,,0,70,4,53353,40,,,0,30,4,53365,40,,,0,70,4,53360,40,,,0,30,4,53344,40,,,0,70,4,53354,40,,,0,30,4,53366,40,,,0,70,4,53361,40,,,0,30,4,53342,40,,,0,70,4,53355,40,,,0,30,4,53367,40,,,0,100,4,53343,40,,,0,102,7,53368,40,,,0,100,7,53345,40,,,0,95,2,53356,40,,,0,100,3,53370,40,,,0
2019,'1912',718,6,53398,40,,,0,30,6,53375,40,,,0,70,6,53379,40,,,0,30,6,53391,40,,,0,70,4,53386,40,,,0,30,4,53376,40,,,0,70,4,53380,40,,,0,30,4,53392,40,,,0,70,4,53387,40,,,0,30,4,53377,40,,,0,70,4,53381,40,,,0,30,4,53393,40,,,0,70,4,53388,40,,,0,30,4,53378,40,,,0,70,4,53382,40,,,0,30,4,53394,40,,,0,70,4,53389,40,,,0,30,4,53373,40,,,0,70,4,53383,40,,,0,30,4,53395,40,,,0,70,4,53390,40,,,0,30,4,53371,40,,,0,70,4,53384,40,,,0,30,4,53396,40,,,0,100,4,53372,40,,,0,102,7,53397,40,,,0,100,7,53374,40,,,0,95,2,53385,40,,,0,100,3,53399,40,,,0
7019,'1907',547,,54127,1,,,0,70,,54110,1,,,0,30,,54111,1,,,0,68,,54112,1,,,0,30,,54100,20,,,0,71,,54125,5,,,0,30,,54101,20,,,0,73,,54117,5,,,0,27,,54109,20,,,0,73,,54124,5,,,0,28,,54102,20,,,0,72,,54116,5,,,0,28,,54103,20,,,0,72,,54123,5,,,0,28,,54104,20,,,0,73,,54115,5,,,0,27,,54105,20,,,0,73,,54122,5,,,0,28,,54106,20,,,0,73,,54114,5,,,0,27,,54107,20,,,0,73,,54121,5,,,0,26,,54108,20,,,0,73,,54113,5,,,0,27,,54096,20,,,0,72,,54120,5,,,0,27,,54097,20,,,0,72,,54118,5,,,0,27,,54095,20,,,0,72,,54119,5,,,0,28,,54099,20,,,0,72,,54126,5,,,0,28,,54098,20,,,0,70,,54129,1,,,0,30,,54128,1,,,0
7019,'1909',509,,54164,1,,,0,36,,54158,20,,,0,72,,54130,1,,,0,31,,54157,20,,,0,71,,54159,20,,,0,32,,54156,20,,,0,72,,54155,20,,,0,27,,54154,20,,,0,70,,54150,20,,,0,30,,54152,20,,,0,70,,54153,20,,,0,30,,54151,20,,,0,70,,54149,20,,,0,30,,54163,20,,,0,70,,54162,20,,,0,30,,54161,20,,,0,70,,54160,20,,,0,30,,54141,20,,,0,71,,54148,20,,,0,33,,54140,20,,,0,51,3,54166,5,,,0,22,,54139,20,,,0,13,,54165,1,,,0,13,,54147,20,,,0,70,,54146,20,,,0,30,,54145,20,,,0,68,,54138,20,,,0,29,,54137,20,,,0,70,,54136,20,,,0,30,,54144,20,,,0,69,,54143,20,,,0,28,,54135,20,,,0,70,,54142,20,,,0,30,,54134,20,,,0,69,,54131,1,,,0,30,,54132,20,,,0,70,,54167,5,,,0,29,,54133,20,,,0,100,,54168,20,,,0
7019,'1910',617,,54200,1,,,0,28,,54181,20,,,0,70,,54174,20,,,0,30,,54182,20,,,0,70,,54175,20,,,0,32,,54183,20,,,0,70,,54176,20,,,0,30,,54184,20,,,0,71,,54177,20,,,0,30,,54185,20,,,0,70,,54178,20,,,0,30,,54186,20,,,0,70,,54179,20,,,0,30,,54187,20,,,0,70,,54180,20,,,0,30,,54188,20,,,0,70,,54193,20,,,0,30,,54189,20,,,0,70,,54195,20,,,0,30,,54190,20,,,0,70,,54194,20,,,0,30,,54191,20,,,0,70,,54196,20,,,0,30,,54192,20,,,0,70,,54199,20,,,0,29,,54169,20,,,0,69,,54197,20,,,0,30,,54170,20,,,0,69,,54198,20,,,0,30,,54171,20,,,0,70,,54201,1,,,0,30,,54172,20,,,0,70,,54202,5,,,0,30,,54173,20,,,0
7019,'1911',547,,54235,1,,,0,70,,54218,1,,,0,30,,54219,1,,,0,68,,54220,1,,,0,30,,54208,20,,,0,71,,54233,5,,,0,30,,54209,20,,,0,73,,54225,5,,,0,27,,54217,20,,,0,73,,54232,5,,,0,28,,54210,20,,,0,72,,54224,5,,,0,28,,54211,20,,,0,72,,54231,5,,,0,28,,54212,20,,,0,73,,54223,5,,,0,27,,54213,20,,,0,73,,54230,5,,,0,28,,54214,20,,,0,73,,54222,5,,,0,27,,54215,20,,,0,73,,54229,5,,,0,26,,54216,20,,,0,73,,54221,5,,,0,27,,54204,20,,,0,72,,54228,5,,,0,27,,54205,20,,,0,72,,54226,5,,,0,27,,54203,20,,,0,72,,54227,5,,,0,28,,54207,20,,,0,72,,54234,5,,,0,28,,54206,20,,,0,70,,54237,1,,,0,30,,54236,1,,,0
7019,'1912',547,,54270,1,,,0,70,,54253,1,,,0,30,,54254,1,,,0,68,,54255,1,,,0,30,,54243,20,,,0,71,,54268,5,,,0,30,,54244,20,,,0,73,,54260,5,,,0,27,,54252,20,,,0,73,,54267,5,,,0,28,,54245,20,,,0,72,,54259,5,,,0,28,,54246,20,,,0,72,,54266,5,,,0,28,,54247,20,,,0,73,,54258,5,,,0,27,,54248,20,,,0,73,,54265,5,,,0,28,,54249,20,,,0,73,,54257,5,,,0,27,,54250,20,,,0,73,,54264,5,,,0,26,,54251,20,,,0,73,,54256,5,,,0,27,,54239,20,,,0,72,,54263,5,,,0,27,,54240,20,,,0,72,,54261,5,,,0,27,,54238,20,,,0,72,,54262,5,,,0,28,,54242,20,,,0,72,,54269,5,,,0,28,,54241,20,,,0,70,,54272,1,,,0,30,,54271,1,,,0
7029,'1907',645,,54296,13,4,,0,1570,,54306,13,4,,0,30,,54304,13,4,,0
7029,'1911',645,,54404,13,4,,0,1570,,54414,13,4,,0,30,,54412,13,4,,0
7029,'1912',645,,54438,13,4,,0,1570,,54448,13,4,,0,30,,54446,13,4,,0
