2029,'1907',612,,59290,11,,,0,30,,59298,11,,,0,67,,59309,11,,,0,28,,59304,11,,,0,70,,59291,11,,,0,30,,59299,11,,,0,70,,59310,11,,,0,30,,59305,11,,,0,70,,59292,11,,,0,30,,59300,11,,,0,70,,59311,11,,,0,30,,59306,11,,,0,70,,59293,11,,,0,30,,59301,11,,,0,70,,59312,11,,,0,30,,59307,11,,,0,70,,59294,11,,,0,30,,59302,11,,,0,70,,59313,11,,,0,30,,59308,11,,,0,70,,59295,11,,,0,30,,59303,11,,,0,70,,59314,11,,,0,29,,59318,11,0,5 2 13 14,0,71,,59296,11,,,0,29,,59317,11,0,5 2 13 14,0,70,,59315,11,,,0,100,,59297,11,,,0,101,,59316,11,,,0,100,,59289,11,,,0,94,,59319,11,0,5 2 13 14,0,100,,59320,11,0,5 2 13 14,0
2029,'1909',539,,59321,11,,,0,70,,59322,11,,,0,26,,59323,11,,,0,69,,59324,11,,,0,29,,59325,11,,,0,70,,59326,11,,,0,30,,59327,11,,,0,73,,59328,11,,,0,31,,59329,11,,,0,71,,59352,11,,,0,30,,59348,11,,,0,70,,59354,11,,,0,30,,59350,11,,,0,70,,59351,11,,,0,30,,59347,11,,,0,70,,59353,11,,,0,30,,59349,11,,,0,70,,59355,11,,,0,30,,59330,11,,,0,74,,59331,11,,,0,30,,59332,11,,,0,70,,59333,11,,,0,30,,59334,11,,,0,70,,59335,11,,,0,28,,59336,11,,,0,67,,59337,11,,,0,30,,59341,11,,,0,70,,59342,11,,,0,30,,59345,11,0,5 2 13 14,0,70,,59343,11,,,0,97,,59344,11,,,0,100,,59340,11,,,0,100,,59339,11,0,5 2 13 14,0,97,,59346,11,0,5 2 13 14,0
2029,'1910',542,,59387,11,0,5 2 15 16 17,0,70,,59370,11,,,0,30,,59377,11,,,0,65,,59356,11,,,0,30,,59362,11,,,0,70,,59371,11,,,0,30,,59378,11,,,0,70,,59357,11,,,0,30,,59363,11,,,0,70,,59372,11,,,0,30,,59379,11,,,0,70,,59358,11,,,0,30,,59364,11,,,0,70,,59373,11,,,0,30,,59380,11,,,0,70,,59359,11,,,0,30,,59365,11,,,0,70,,59374,11,,,0,30,,59381,11,,,0,70,,59360,11,,,0,30,,59366,11,,,0,70,,59375,11,,,0,30,,59382,11,,,0,70,,59361,11,,,0,30,,59367,11,,,0,70,,59376,11,,,0,30,,59383,11,,,0,69,,59368,11,,,0,30,,59389,11,0,5 2 13 14,0,70,,59384,11,,,0,100,,59369,11,,,0,100,,59385,11,,,0,96,,59386,11,0,5 2 13 14,0,98,,59388,11,0,5 2 13 14,0
2029,'1912',612,,59391,11,,,0,30,,59399,11,,,0,67,,59410,11,,,0,28,,59405,11,,,0,70,,59392,11,,,0,30,,59400,11,,,0,70,,59411,11,,,0,30,,59406,11,,,0,70,,59393,11,,,0,30,,59401,11,,,0,70,,59412,11,,,0,30,,59407,11,,,0,70,,59394,11,,,0,30,,59402,11,,,0,70,,59413,11,,,0,30,,59408,11,,,0,70,,59395,11,,,0,30,,59403,11,,,0,70,,59414,11,,,0,30,,59409,11,,,0,70,,59396,11,,,0,30,,59404,11,,,0,70,,59415,11,,,0,29,,59419,11,0,5 2 13 14,0,71,,59397,11,,,0,29,,59418,11,0,5 2 13 14,0,70,,59416,11,,,0,100,,59398,11,,,0,101,,59417,11,,,0,100,,59390,11,,,0,94,,59420,11,0,5 2 13 14,0,100,,59421,11,0,5 2 13 14,0
2029,'1924',612,,59423,11,,,0,30,,59431,11,,,0,67,,59442,11,,,0,28,,59437,11,,,0,70,,59424,11,,,0,30,,59432,11,,,0,70,,59443,11,,,0,30,,59438,11,,,0,70,,59425,11,,,0,30,,59433,11,,,0,70,,59444,11,,,0,30,,59439,11,,,0,70,,59426,11,,,0,30,,59434,11,,,0,70,,59445,11,,,0,30,,59440,11,,,0,70,,59427,11,,,0,30,,59435,11,,,0,70,,59446,11,,,0,30,,59441,11,,,0,70,,59428,11,,,0,30,,59436,11,,,0,70,,59447,11,,,0,29,,59451,11,0,5 2 13 14,0,71,,59429,11,,,0,29,,59450,11,0,5 2 13 14,0,70,,59448,11,,,0,100,,59430,11,,,0,101,,59449,11,,,0,100,,59422,11,,,0,94,,59452,11,0,5 2 13 14,0,100,,59453,11,0,5 2 13 14,0
2029,'1925',612,,59455,11,,,0,30,,59463,11,,,0,67,,59474,11,,,0,28,,59469,11,,,0,70,,59456,11,,,0,30,,59464,11,,,0,70,,59475,11,,,0,30,,59470,11,,,0,70,,59457,11,,,0,30,,59465,11,,,0,70,,59476,11,,,0,30,,59471,11,,,0,70,,59458,11,,,0,30,,59466,11,,,0,70,,59477,11,,,0,30,,59472,11,,,0,70,,59459,11,,,0,30,,59467,11,,,0,70,,59478,11,,,0,30,,59473,11,,,0,70,,59460,11,,,0,30,,59468,11,,,0,70,,59479,11,,,0,29,,59483,11,0,5 2 13 14,0,71,,59461,11,,,0,29,,59482,11,0,5 2 13 14,0,70,,59480,11,,,0,100,,59462,11,,,0,101,,59481,11,,,0,100,,59454,11,,,0,94,,59484,11,0,5 2 13 14,0,100,,59485,11,0,5 2 13 14,0
7029,'1907',722,,59835,23,,,0,100,,59836,23,,,0,100,,59837,23,,,0,100,,59838,23,,,0,100,,59839,23,,,0,100,,59840,23,,,0,100,,59841,23,,,0,101,,59842,23,,,0,100,,59843,23,,,0,99,,59844,23,,,0,100,,59845,23,,,0,100,,59846,23,,,0,100,,59847,23,,,0,101,,59848,23,,,0,100,,59834,23,,,0
7029,'1909',520,,54343,23,,,0,101,,54313,23,,,0,31,,59856,23,,,0,72,,54315,23,,,0,30,,59857,23,,,0,70,,54317,23,,,0,30,,59858,23,,,0,70,,54319,23,,,0,30,,54320,23,,,0,70,,54321,23,,,0,30,,54322,23,,,0,70,,54323,23,,,0,30,,59859,23,,,0,70,,59854,23,,,0,30,,59855,23,,,0,70,,54311,23,,,0,31,,59853,23,,,0,70,,59852,23,,,0,32,,54312,23,,,0,69,,54325,23,,,0,30,,59860,23,,,0,70,,59861,23,,,0,28,,54328,23,,,0,70,,54329,23,,,0,30,,54330,23,,,0,70,,59862,23,,,0,30,,59863,23,,,0,70,,54333,23,,,0,30,,54334,23,,,0,70,,59864,23,,,0,100,,54336,23,,,0,99,,59865,23,,,0,100,,54344,23,,,0
7029,'1910',624,,59875,12,,,0,29,,59869,23,,,0,70,,54359,23,,,0,30,,54346,23,,,0,70,,54360,23,,,0,30,,54347,23,,,0,70,,59870,23,,,0,30,,54348,23,,,0,70,,54362,23,,,0,30,,54349,23,,,0,70,,54363,23,,,0,30,,54350,23,,,0,70,,59871,23,,,0,30,,54351,23,,,0,70,,59872,23,,,0,30,,54352,23,,,0,70,,54366,23,,,0,30,,54353,23,,,0,70,,54367,23,,,0,30,,54354,23,,,0,70,,54368,23,,,0,30,,54355,23,,,0,70,,54369,23,,,0,30,,54356,23,,,0,70,,54370,23,,,0,30,,54357,23,,,0,70,,59873,23,,,0,30,,54358,23,,,0,70,,54372,23,,,0,100,,54373,23,,,0,100,,59874,23,,,0,100,,54375,23,,,0
7029,'1912',722,,59878,23,,,0,100,,59879,23,,,0,100,,59880,23,,,0,100,,59881,23,,,0,100,,59882,23,,,0,100,,59883,23,,,0,100,,59884,23,,,0,101,,59885,23,,,0,100,,59886,23,,,0,99,,59887,23,,,0,100,,59888,23,,,0,100,,59889,23,,,0,100,,59890,23,,,0,101,,59891,23,,,0,100,,59877,23,,,0
7029,'1924',722,,59896,23,,,0,100,,59897,23,,,0,100,,59898,23,,,0,100,,59899,23,,,0,100,,59900,23,,,0,100,,59901,23,,,0,100,,59902,23,,,0,101,,59903,23,,,0,100,,59904,23,,,0,99,,59905,23,,,0,100,,59906,23,,,0,100,,59907,23,,,0,100,,59908,23,,,0,101,,59909,23,,,0,100,,59895,23,,,0
7029,'1925',722,,59914,23,,,0,100,,59915,23,,,0,100,,59916,23,,,0,100,,59917,23,,,0,100,,59918,23,,,0,100,,59919,23,,,0,100,,59920,23,,,0,101,,59921,23,,,0,100,,59922,23,,,0,99,,59923,23,,,0,100,,59924,23,,,0,100,,59925,23,,,0,100,,59926,23,,,0,101,,59927,23,,,0,100,,59913,23,,,0
