16029,'1907',723,,55384,8,,,0,102,,55373,8,,,0,97,,55371,8,,,0,103,,55379,8,,,0,98,,55382,8,,,0,100,,55378,8,,,0,101,,55380,8,,,0,100,,55370,8,,,0,100,,55372,8,,,0,99,,55375,8,,,0,99,,55374,8,,,0,100,,55381,8,,,0,100,,55376,8,,,0,102,,55377,8,,,0,97,,55383,8,,,0
16029,'1909',554,,55417,8,,,0,70,,55385,8,,,0,33,,55386,8,,,0,75,,55387,8,,,0,71,,55388,8,,,0,32,,60389,8,,,0,70,,60390,8,,,0,30,,60391,8,,,0,67,,55392,8,,,0,30,,55393,8,,,0,70,,60392,8,,,0,30,,55395,8,,,0,70,,55396,8,,,0,30,,55397,8,,,0,70,,55398,8,,,0,30,,55399,8,,,0,71,,55400,8,,,0,31,,55401,8,,,0,71,,60393,8,,,0,29,,55403,8,,,0,72,,60394,8,,,0,30,,60395,8,,,0,69,,60396,8,,,0,28,,60397,8,,,0,70,,60398,8,,,0,30,,60404,8,,,0,67,,60399,8,,,0,30,,60400,8,,,0,70,,60401,8,,,0,24,,55412,8,,,0,29,,60402,8,,,0,70,,60403,8,,,0,27,,55415,8,,,0
16029,'1910',557,,55449,8,,,0,67,,55448,8,,,0,30,,55432,8,,,0,67,,55418,8,,,0,30,,55425,8,,,0,71,,55439,8,,,0,30,,55433,8,,,0,70,,55419,8,,,0,31,,55426,8,,,0,70,,55440,8,,,0,30,,55434,8,,,0,70,,55420,8,,,0,30,,55427,8,,,0,70,,55441,8,,,0,32,,55435,8,,,0,70,,55421,8,,,0,30,,55428,8,,,0,70,,55442,8,,,0,30,,55436,8,,,0,70,,55422,8,,,0,30,,55429,8,,,0,70,,55443,8,,,0,29,,55437,8,,,0,70,,55423,8,,,0,30,,55430,8,,,0,69,,55444,8,,,0,29,,55438,8,,,0,70,,55424,8,,,0,29,,55431,8,,,0,70,,55445,8,,,0,100,,55446,8,,,0,30,,55447,8,,,0
16029,'1912',723,,55479,8,,,0,102,,55468,8,,,0,97,,55466,8,,,0,103,,55474,8,,,0,98,,55477,8,,,0,100,,55473,8,,,0,101,,55475,8,,,0,100,,55465,8,,,0,100,,55467,8,,,0,99,,55470,8,,,0,99,,55469,8,,,0,100,,55476,8,,,0,100,,55471,8,,,0,102,,55472,8,,,0,97,,55478,8,,,0
16029,'1924',723,,55464,8,,,0,102,,55453,8,,,0,97,,55451,8,,,0,103,,55459,8,,,0,98,,55462,8,,,0,100,,55458,8,,,0,101,,55460,8,,,0,100,,55450,8,,,0,100,,55452,8,,,0,99,,55455,8,,,0,99,,55454,8,,,0,100,,55461,8,,,0,100,,55456,8,,,0,102,,55457,8,,,0,97,,55463,8,,,0
16029,'1925',723,,60419,8,,,0,102,,60408,8,,,0,97,,60406,8,,,0,103,,60414,8,,,0,98,,60417,8,,,0,100,,60413,8,,,0,101,,60415,8,,,0,100,,60405,8,,,0,100,,60407,8,,,0,99,,60410,8,,,0,99,,60409,8,,,0,100,,60416,8,,,0,100,,60411,8,,,0,102,,60412,8,,,0,97,,60418,8,,,0
32019,'1907',639,,60692,27,,,0,95,,60693,27,,,0,100,,60694,27,,,0,100,,60695,27,,,0,100,,60696,27,,,0,101,,60697,27,,,0,103,,60698,27,,,0,100,,60699,27,,,0,100,,60700,27,,,0,100,,60701,27,,,0,100,,60702,27,,,0,100,,60703,27,,,0,98,,60704,27,,,0,100,,60705,27,,,0,100,,60706,27,,,0,99,,60707,27,,,0,100,,60708,27,,,0,95,,60710,27,0,5 2 8 7,0
32019,'1909',640,,60719,27,,,0,66,,60735,27,,,0,33,,60714,27,,,0,71,,60730,27,,,0,30,,60740,27,,,0,69,,60724,27,,,0,29,,60722,27,,,0,70,,60734,27,,,0,30,,60712,27,,,0,70,,60728,27,,,0,30,,60739,27,,,0,70,,60726,27,,,0,30,,60721,27,,,0,70,,60733,27,,,0,30,,60715,27,,,0,70,,60727,27,,,0,29,,60738,27,,,0,70,,60725,27,,,0,30,,60718,27,,,0,70,,60732,27,,,0,30,,60711,27,,,0,70,,60729,27,,,0,31,,60737,27,,,0,71,,60723,27,,,0,29,,60720,27,,,0,70,,60731,27,,,0,30,,60716,27,,,0,98,,60736,27,,,0,100,,60717,27,,,0,100,,60713,27,,,0,95,,60745,27,0,5 2 8 7,0
32019,'1910',638,,60760,27,,,0,65,,60777,27,,,0,30,,60754,27,,,0,70,,60771,27,,,0,30,,60778,27,,,0,72,,60766,27,,,0,30,,60759,27,,,0,71,,60776,27,,,0,30,,60753,27,,,0,70,,60770,27,,,0,30,,60781,27,,,0,71,,60765,27,,,0,30,,60758,27,,,0,71,,60775,27,,,0,30,,60752,27,,,0,70,,60769,27,,,0,30,,60780,27,,,0,70,,60764,27,,,0,30,,60757,27,,,0,70,,60774,27,,,0,30,,60751,27,,,0,70,,60768,27,,,0,30,,60782,27,,,0,70,,60763,27,,,0,30,,60756,27,,,0,68,,60772,27,,,0,30,,60750,27,,,0,100,,60779,27,,,0,98,,60755,27,,,0,100,,60749,27,,,0,99,,60783,27,0,5 2 8 7,0
32019,'1912',639,,60786,27,,,0,95,,60787,27,,,0,100,,60788,27,,,0,100,,60789,27,,,0,100,,60790,27,,,0,101,,60791,27,,,0,103,,60792,27,,,0,100,,60793,27,,,0,100,,60794,27,,,0,100,,60795,27,,,0,100,,60796,27,,,0,100,,60797,27,,,0,98,,60798,27,,,0,100,,60799,27,,,0,100,,60800,27,,,0,99,,60801,27,,,0,100,,60802,27,,,0,95,,60804,27,0,5 2 8 7,0
32019,'1924',639,,60805,27,,,0,95,,60806,27,,,0,100,,60807,27,,,0,100,,60808,27,,,0,100,,60809,27,,,0,101,,60810,27,,,0,103,,60811,27,,,0,100,,60812,27,,,0,100,,60813,27,,,0,100,,60814,27,,,0,100,,60815,27,,,0,100,,60816,27,,,0,98,,60817,27,,,0,100,,60818,27,,,0,100,,60819,27,,,0,99,,60820,27,,,0,100,,60821,27,,,0,95,,60823,27,0,5 2 8 7,0
32019,'1925',639,,60824,27,,,0,95,,60825,27,,,0,100,,60826,27,,,0,100,,60827,27,,,0,100,,60828,27,,,0,101,,60829,27,,,0,103,,60830,27,,,0,100,,60831,27,,,0,100,,60832,27,,,0,100,,60833,27,,,0,100,,60834,27,,,0,100,,60835,27,,,0,98,,60836,27,,,0,100,,60837,27,,,0,100,,60838,27,,,0,99,,60839,27,,,0,100,,60840,27,,,0,95,,60842,27,0,5 2 8 7,0
