1019,'1907',615,,58824,17,,,0,100,,58825,17,,,0,101,,58826,17,,,0,100,,58827,17,,,0,100,,58828,17,,,0,100,,58829,17,,,0,100,,58830,17,,,0,100,,58831,17,,,0,100,,58832,17,,,0,100,,58833,17,,,0,100,,58834,17,,,0,100,,58835,17,,,0,100,,58836,17,,,0,100,,58837,17,,,0,100,,58838,17,,,0,100,,58839,17,,,0,104,5,58840,17,,,0,95,,58841,17,,,0
1019,'1909',545,,58877,17,,,0,75,,58873,17,,,0,30,,58849,17,,,0,73,2,58844,17,,,0,30,2,58862,17,,,0,70,2,58846,17,,,0,30,2,58851,17,,,0,71,2,58876,17,,,0,30,2,58848,17,,,0,70,2,58842,17,,,0,30,2,58861,17,,,0,70,2,58847,17,,,0,30,2,58852,17,,,0,70,2,58872,17,,,0,30,2,58850,17,,,0,70,2,58843,17,,,0,30,2,58874,17,,,0,70,2,58845,17,,,0,30,,58853,17,,,0,70,,58871,17,,,0,30,,58864,17,,,0,70,,58856,17,,,0,30,,58854,17,,,0,70,,58857,17,,,0,29,2,58859,17,,,0,70,2,58858,17,,,0,30,2,58855,17,,,0,65,2,58875,17,,,0,30,2,58869,17,,,0,68,2,58870,17,,,0,30,2,58868,17,,,0,70,2,58867,17,,,0,30,2,58866,17,,,0,70,2,58865,17,,,0,30,2,58863,17,,,0,70,2,58860,17,,,0
1019,'1910',546,3,58913,17,,,0,70,3,58902,17,,,0,30,3,58888,17,,,0,70,3,58907,17,,,0,30,3,58897,17,,,0,70,3,58882,17,,,0,30,3,58903,17,,,0,70,3,58905,17,,,0,30,3,58887,17,,,0,70,,58908,17,,,0,30,,58896,17,,,0,70,,58881,17,,,0,30,,58891,17,,,0,70,,58901,17,,,0,30,,58886,17,,,0,70,,58909,17,,,0,30,,58895,17,,,0,70,,58880,17,,,0,30,,58890,17,,,0,70,,58900,17,,,0,30,,58885,17,,,0,70,,58910,17,,,0,30,,58894,17,,,0,70,,58879,17,,,0,30,,58889,17,,,0,70,,58899,17,,,0,30,,58883,17,,,0,70,,58911,17,,,0,30,,58892,17,,,0,70,,58878,17,,,0,30,,58884,17,,,0,70,,58898,17,,,0,34,5,58893,17,,,0,70,5,58912,17,,,0,30,5,58906,17,,,0,65,,58904,17,,,0
1019,'1912',615,,58914,17,,,0,100,,58915,17,,,0,101,,58916,17,,,0,100,,58917,17,,,0,100,,58918,17,,,0,100,,58919,17,,,0,100,,58920,17,,,0,100,,58921,17,,,0,100,,58922,17,,,0,100,,58923,17,,,0,100,,58924,17,,,0,100,,58925,17,,,0,100,,58926,17,,,0,100,,58927,17,,,0,100,,58928,17,,,0,100,,58929,17,,,0,104,5,58930,17,,,0,95,,58931,17,,,0
1019,'1924',615,,58932,17,,,0,100,,58933,17,,,0,101,,58934,17,,,0,100,,58935,17,,,0,100,,58936,17,,,0,100,,58937,17,,,0,100,,58938,17,,,0,100,,58939,17,,,0,100,,58940,17,,,0,100,,58941,17,,,0,100,,58942,17,,,0,100,,58943,17,,,0,100,,58944,17,,,0,100,,58945,17,,,0,100,,58946,17,,,0,100,,58947,17,,,0,104,5,58948,17,,,0,95,,58949,17,,,0
1019,'1925',615,,58950,17,,,0,100,,58951,17,,,0,101,,58952,17,,,0,100,,58953,17,,,0,100,,58954,17,,,0,100,,58955,17,,,0,100,,58956,17,,,0,100,,58957,17,,,0,100,,58958,17,,,0,100,,58959,17,,,0,100,,58960,17,,,0,100,,58961,17,,,0,100,,58962,17,,,0,100,,58963,17,,,0,100,,58964,17,,,0,100,,58965,17,,,0,104,5,58966,17,,,0,95,,58967,17,,,0
702029,'1907',824,,58150,19,4,,0,31,,58162,19,4,,0,70,,58143,19,4,,0,30,,58148,19,4,,0,70,,58157,19,4,,0,31,,58158,19,4,,0,70,,58149,19,4,,0,30,,58168,19,4,,0,72,,58146,19,4,,0,30,,58160,19,4,,0,70,,58169,19,4,,0,30,,58152,19,4,,0,70,,58155,19,4,,0,30,,58167,19,4,,0,70,,58147,19,4,,0,30,,58156,19,4,,0,70,,58165,19,4,,0,30,,58145,19,4,,0,70,,58161,19,4,,0,30,,58163,19,4,,0,68,,58153,19,4,,0,28,,58159,19,4,,0,70,,58164,19,4,,0,30,,58151,19,4,,0,70,,58154,19,4,,0,30,,58166,19,4,,0,68,,58144,19,4,,0
702029,'1909',900,,58205,19,4,,0,50,,58207,19,4,,0,70,,58208,19,4,,0,30,,61599,19,4,,0,70,,61600,19,4,,0,30,,58211,19,4,,0,70,,58212,19,4,,0,30,,61601,19,4,,0,70,,58214,19,4,,0,30,,58215,19,4,,0,70,,61602,19,4,,0,30,,61598,19,4,,0,65,,58217,19,4,,0,100,,58218,19,4,,0,100,,61609,19,4,,0,41,,61603,19,4,,0,70,,58220,19,4,,0,30,,61604,19,4,,0,70,,61605,19,4,,0,30,,58223,19,4,,0,68,,61606,19,4,,0,30,,61607,19,4,,0,70,,58226,19,4,,0
702029,'1910',824,,58259,19,4,,0,30,,58253,19,4,,0,70,,58254,19,4,,0,30,,58255,19,4,,0,75,,58291,19,4,,0,30,,58287,19,4,,0,70,,58274,19,4,,0,30,,58267,19,4,,0,70,,58297,19,4,,0,30,,58293,19,4,,0,70,,61613,19,4,,0,30,,58290,19,4,,0,70,,58268,19,4,,0,30,,58295,19,4,,0,70,,58262,19,4,,0,30,,58285,19,4,,0,70,,58264,19,4,,0,30,,58289,19,4,,0,70,,58286,19,4,,0,30,,58288,19,4,,0,70,,58292,19,4,,0,30,,58263,19,4,,0,69,,58294,19,4,,0,28,,61610,19,4,,0,70,,58256,19,4,,0,30,,58257,19,4,,0,70,,61611,19,4,,0
702029,'1912',824,,58404,19,4,,0,31,,58416,19,4,,0,70,,58397,19,4,,0,30,,58402,19,4,,0,70,,58411,19,4,,0,31,,58412,19,4,,0,70,,58403,19,4,,0,30,,58422,19,4,,0,72,,58400,19,4,,0,30,,58414,19,4,,0,70,,58423,19,4,,0,30,,58406,19,4,,0,70,,58409,19,4,,0,30,,58421,19,4,,0,70,,58401,19,4,,0,30,,58410,19,4,,0,70,,58419,19,4,,0,30,,58399,19,4,,0,70,,58415,19,4,,0,30,,58417,19,4,,0,68,,58407,19,4,,0,28,,58413,19,4,,0,70,,58418,19,4,,0,30,,58405,19,4,,0,70,,58408,19,4,,0,30,,58420,19,4,,0,68,,58398,19,4,,0
702029,'1924',824,,58341,19,4,,0,31,,58353,19,4,,0,70,,58334,19,4,,0,30,,58339,19,4,,0,70,,58348,19,4,,0,31,,58349,19,4,,0,70,,58340,19,4,,0,30,,58359,19,4,,0,72,,58337,19,4,,0,30,,58351,19,4,,0,70,,58360,19,4,,0,30,,58343,19,4,,0,70,,58346,19,4,,0,30,,58358,19,4,,0,70,,58338,19,4,,0,30,,58347,19,4,,0,70,,58356,19,4,,0,30,,58336,19,4,,0,70,,58352,19,4,,0,30,,58354,19,4,,0,68,,58344,19,4,,0,28,,58350,19,4,,0,70,,58355,19,4,,0,30,,58342,19,4,,0,70,,58345,19,4,,0,30,,58357,19,4,,0,68,,58335,19,4,,0
702029,'1925',824,,61662,19,4,,0,31,,61674,19,4,,0,70,,61655,19,4,,0,30,,61660,19,4,,0,70,,61669,19,4,,0,31,,61670,19,4,,0,70,,61661,19,4,,0,30,,61680,19,4,,0,72,,61658,19,4,,0,30,,61672,19,4,,0,70,,61681,19,4,,0,30,,61664,19,4,,0,70,,61667,19,4,,0,30,,61679,19,4,,0,70,,61659,19,4,,0,30,,61668,19,4,,0,70,,61677,19,4,,0,30,,61657,19,4,,0,70,,61673,19,4,,0,30,,61675,19,4,,0,68,,61665,19,4,,0,28,,61671,19,4,,0,70,,61676,19,4,,0,30,,61663,19,4,,0,70,,61666,19,4,,0,30,,61678,19,4,,0,68,,61656,19,4,,0
802019,'1907',830,,58586,1,,,0,70,,58584,1,,,0,30,,58585,1,,,0,70,,58589,1,,,0,30,,58575,1,,,0,70,,58581,1,,,0,30,,58580,1,,,0,70,,58565,1,,,0,30,,58579,1,,,0,70,,58573,1,,,0,30,,58574,1,,,0,70,,58591,1,,,0,30,,58587,1,,,0,70,,58577,1,,,0,30,,58572,1,,,0,70,,58588,1,,,0,30,,58578,1,,,0,70,,58566,1,,,0,30,,58567,1,,,0,70,,58582,1,,,0,30,,58576,1,,,0,70,,58571,1,,,0,30,,58569,1,,,0,70,,58583,1,,,0,30,,58570,1,,,0,70,,58568,1,,,0,30,,58590,1,,,0
802019,'1909',605,,61742,1,,,0,45,,58623,1,,,0,70,,58621,1,,,0,20,,58625,1,,,0,60,,58592,1,,,0,30,,58620,1,,,0,70,,58593,1,,,0,28,,61727,1,,,0,30,,58595,1,,,0,70,,58596,1,,,0,30,,61728,1,,,0,70,,61729,1,,,0,30,,58599,1,,,0,70,,58600,1,,,0,30,,61730,1,,,0,70,,58602,1,,,0,30,,58603,1,,,0,72,,61731,1,,,0,70,,61732,1,,,0,20,,58606,1,,,0,20,,61733,1,,,0,60,,58622,1,,,0,20,,58608,1,,,0,20,,58609,1,,,0,60,,61734,1,,,0,20,,61735,1,,,0,20,,61741,1,,,0,60,,61736,1,,,0,20,,61743,1,,,0,20,,58613,1,,,0,60,,61737,1,,,0,30,,61738,1,,,0,70,,58616,1,,,0,25,,61739,1,,,0,30,,61740,1,,,0,70,,58619,1,,,0
802019,'1910',830,,58651,1,,,0,70,,58649,1,,,0,30,,58653,1,,,0,70,,58654,1,,,0,30,,58638,1,,,0,70,,58642,1,,,0,30,,58629,1,,,0,70,,58640,1,,,0,30,,58643,1,,,0,70,,58641,1,,,0,30,,61744,1,,,0,70,,58645,1,,,0,30,,58639,1,,,0,70,,58637,1,,,0,30,,58633,1,,,0,70,,58635,1,,,0,30,,58630,1,,,0,70,,58636,1,,,0,30,,58634,1,,,0,70,,58631,1,,,0,30,,58632,1,,,0,70,,58644,1,,,0,30,,58648,1,,,0,70,,61746,1,,,0,30,,58650,1,,,0,70,,58646,1,,,0,30,,61745,1,,,0
802019,'1912',830,,58703,1,,,0,70,,58701,1,,,0,30,,58702,1,,,0,70,,58706,1,,,0,30,,58692,1,,,0,70,,58698,1,,,0,30,,58697,1,,,0,70,,58682,1,,,0,30,,58696,1,,,0,70,,58690,1,,,0,30,,58691,1,,,0,70,,58708,1,,,0,30,,58704,1,,,0,70,,58694,1,,,0,30,,58689,1,,,0,70,,58705,1,,,0,30,,58695,1,,,0,70,,58683,1,,,0,30,,58684,1,,,0,70,,58699,1,,,0,30,,58693,1,,,0,70,,58688,1,,,0,30,,58686,1,,,0,70,,58700,1,,,0,30,,58687,1,,,0,70,,58685,1,,,0,30,,58707,1,,,0
802019,'1924',830,,58676,1,,,0,70,,58674,1,,,0,30,,58675,1,,,0,70,,58679,1,,,0,30,,58665,1,,,0,70,,58671,1,,,0,30,,58670,1,,,0,70,,58655,1,,,0,30,,58669,1,,,0,70,,58663,1,,,0,30,,58664,1,,,0,70,,58681,1,,,0,30,,58677,1,,,0,70,,58667,1,,,0,30,,58662,1,,,0,70,,58678,1,,,0,30,,58668,1,,,0,70,,58656,1,,,0,30,,58657,1,,,0,70,,58672,1,,,0,30,,58666,1,,,0,70,,58661,1,,,0,30,,58659,1,,,0,70,,58673,1,,,0,30,,58660,1,,,0,70,,58658,1,,,0,30,,58680,1,,,0
802019,'1925',830,,61768,1,,,0,70,,61766,1,,,0,30,,61767,1,,,0,70,,61771,1,,,0,30,,61757,1,,,0,70,,61763,1,,,0,30,,61762,1,,,0,70,,61747,1,,,0,30,,61761,1,,,0,70,,61755,1,,,0,30,,61756,1,,,0,70,,61773,1,,,0,30,,61769,1,,,0,70,,61759,1,,,0,30,,61754,1,,,0,70,,61770,1,,,0,30,,61760,1,,,0,70,,61748,1,,,0,30,,61749,1,,,0,70,,61764,1,,,0,30,,61758,1,,,0,70,,61753,1,,,0,30,,61751,1,,,0,70,,61765,1,,,0,30,,61752,1,,,0,70,,61750,1,,,0,30,,61772,1,,,0
