1019,'1907',623,,58824,28,,,0,100,,58825,28,,,0,101,,58826,28,,,0,100,,58827,28,,,0,100,,58828,28,,,0,100,,58829,28,,,0,100,,58830,28,,,0,100,,58831,28,,,0,100,,58832,28,,,0,100,,58833,28,,,0,100,,58834,28,,,0,100,,58835,28,,,0,100,,58836,28,,,0,100,,58837,28,,,0,100,,58838,28,,,0,100,,58839,28,,,0,103,,58840,28,,,0,95,,58841,28,,,0
1019,'1909',553,,58877,28,,,0,75,,58873,28,,,0,30,,58849,28,,,0,73,,58844,28,,,0,70,,58862,28,,,0,30,,58846,28,,,0,70,,58851,28,,,0,32,,58876,28,,,0,70,,58848,28,,,0,30,,58842,28,,,0,70,,58861,28,,,0,30,,58847,28,,,0,70,,58852,28,,,0,30,,58872,28,,,0,70,,58850,28,,,0,30,,58843,28,,,0,70,,58874,28,,,0,31,,58845,28,,,0,70,,58853,28,,,0,30,,58871,28,,,0,70,,58864,28,,,0,30,,58856,28,,,0,70,,58854,28,,,0,29,,58857,28,,,0,68,,58859,28,,,0,30,,58858,28,,,0,70,,58855,28,,,0,25,,58875,28,,,0,30,,58869,28,,,0,68,,58870,28,,,0,30,,58868,28,,,0,70,,58867,28,,,0,30,,58866,28,,,0,70,,58865,28,,,0,30,,58863,28,,,0,70,,58860,28,,,0
1019,'1910',554,,58913,28,,,0,70,,58902,28,,,0,30,,58888,28,,,0,70,,58907,28,,,0,30,,58897,28,,,0,70,,58882,28,,,0,30,,58903,28,,,0,70,,58905,28,,,0,30,,58887,28,,,0,70,,58908,28,,,0,30,,58896,28,,,0,70,,58881,28,,,0,30,,58891,28,,,0,70,,58901,28,,,0,30,,58886,28,,,0,70,,58909,28,,,0,30,,58895,28,,,0,70,,58880,28,,,0,30,,58890,28,,,0,70,,58900,28,,,0,30,,58885,28,,,0,70,,58910,28,,,0,30,,58894,28,,,0,70,,58879,28,,,0,30,,58889,28,,,0,70,,58899,28,,,0,30,,58883,28,,,0,70,,58911,28,,,0,30,,58892,28,,,0,70,,58878,28,,,0,30,,58884,28,,,0,70,,58898,28,,,0,34,,58893,28,,,0,70,,58912,28,,,0,30,,58906,28,,,0,65,,58904,28,,,0
1019,'1912',623,,58914,28,,,0,100,,58915,28,,,0,101,,58916,28,,,0,100,,58917,28,,,0,100,,58918,28,,,0,100,,58919,28,,,0,100,,58920,28,,,0,100,,58921,28,,,0,100,,58922,28,,,0,100,,58923,28,,,0,100,,58924,28,,,0,100,,58925,28,,,0,100,,58926,28,,,0,100,,58927,28,,,0,100,,58928,28,,,0,100,,58929,28,,,0,103,,58930,28,,,0,95,,58931,28,,,0
1019,'1924',623,,58932,28,,,0,100,,58933,28,,,0,101,,58934,28,,,0,100,,58935,28,,,0,100,,58936,28,,,0,100,,58937,28,,,0,100,,58938,28,,,0,100,,58939,28,,,0,100,,58940,28,,,0,100,,58941,28,,,0,100,,58942,28,,,0,100,,58943,28,,,0,100,,58944,28,,,0,100,,58945,28,,,0,100,,58946,28,,,0,100,,58947,28,,,0,103,,58948,28,,,0,95,,58949,28,,,0
1019,'1925',623,,58950,28,,,0,100,,58951,28,,,0,101,,58952,28,,,0,100,,58953,28,,,0,100,,58954,28,,,0,100,,58955,28,,,0,100,,58956,28,,,0,100,,58957,28,,,0,100,,58958,28,,,0,100,,58959,28,,,0,100,,58960,28,,,0,100,,58961,28,,,0,100,,58962,28,,,0,100,,58963,28,,,0,100,,58964,28,,,0,100,,58965,28,,,0,103,,58966,28,,,0,95,,58967,28,,,0
802019,'1907',835,,58586,5,,,0,70,,58584,5,,,0,30,,58585,5,,,0,70,,58589,5,,,0,30,,58575,5,,,0,70,,58581,5,,,0,30,,58580,5,,,0,71,,58565,5,,,0,30,,58579,5,,,0,70,,58573,5,,,0,30,,58574,5,,,0,70,,58591,5,,,0,30,,58587,5,,,0,70,,58577,5,,,0,30,,58572,5,,,0,70,,58588,5,,,0,30,,58578,5,,,0,70,,58566,5,,,0,30,,58567,5,,,0,70,,58582,5,,,0,30,,58576,5,,,0,69,,58571,5,,,0,30,,58569,5,,,0,70,,58583,5,,,0,30,,58570,5,,,0,70,,58568,5,,,0,30,,58590,5,,,0
802019,'1909',610,,61742,5,,,0,45,,58623,5,,,0,70,,58621,5,,,0,20,,58625,5,,,0,60,,58592,5,,,0,30,,58620,5,,,0,70,,58593,5,,,0,28,,61727,5,,,0,70,,58595,5,,,0,30,,58596,5,,,0,70,,61728,5,,,0,30,,61729,5,,,0,70,,58599,5,,,0,30,,58600,5,,,0,70,,61730,5,,,0,30,,58602,5,,,0,70,,58603,5,,,0,33,,61731,5,,,0,70,,61732,5,,,0,20,,58606,5,,,0,20,,61733,5,,,0,60,,58622,5,,,0,20,,58608,5,,,0,20,,58609,5,,,0,60,,61734,5,,,0,20,,61735,5,,,0,19,,61741,5,,,0,60,,61736,5,,,0,20,,61743,5,,,0,20,,58613,5,,,0,60,,61737,5,,,0,30,,61738,5,,,0,70,,58616,5,,,0,25,,61739,5,,,0,70,,61740,5,,,0,30,,58619,5,,,0
802019,'1910',835,,58651,5,,,0,70,,58649,5,,,0,30,,58653,5,,,0,71,,58654,5,,,0,30,,58638,5,,,0,70,,58642,5,,,0,30,,58629,5,,,0,70,,58640,5,,,0,30,,58643,5,,,0,70,,58641,5,,,0,30,,61744,5,,,0,70,,58645,5,,,0,30,,58639,5,,,0,70,,58637,5,,,0,30,,58633,5,,,0,70,,58635,5,,,0,30,,58630,5,,,0,70,,58636,5,,,0,30,,58634,5,,,0,70,,58631,5,,,0,30,,58632,5,,,0,69,,58644,5,,,0,30,,58648,5,,,0,70,,61746,5,,,0,30,,58650,5,,,0,70,,58646,5,,,0,30,,61745,5,,,0
802019,'1912',835,,58703,5,,,0,70,,58701,5,,,0,30,,58702,5,,,0,70,,58706,5,,,0,30,,58692,5,,,0,70,,58698,5,,,0,30,,58697,5,,,0,71,,58682,5,,,0,30,,58696,5,,,0,70,,58690,5,,,0,30,,58691,5,,,0,70,,58708,5,,,0,30,,58704,5,,,0,70,,58694,5,,,0,30,,58689,5,,,0,70,,58705,5,,,0,30,,58695,5,,,0,70,,58683,5,,,0,30,,58684,5,,,0,70,,58699,5,,,0,30,,58693,5,,,0,69,,58688,5,,,0,30,,58686,5,,,0,70,,58700,5,,,0,30,,58687,5,,,0,70,,58685,5,,,0,30,,58707,5,,,0
802019,'1924',835,,58676,5,,,0,70,,58674,5,,,0,30,,58675,5,,,0,70,,58679,5,,,0,30,,58665,5,,,0,70,,58671,5,,,0,30,,58670,5,,,0,71,,58655,5,,,0,30,,58669,5,,,0,70,,58663,5,,,0,30,,58664,5,,,0,70,,58681,5,,,0,30,,58677,5,,,0,70,,58667,5,,,0,30,,58662,5,,,0,70,,58678,5,,,0,30,,58668,5,,,0,70,,58656,5,,,0,30,,58657,5,,,0,70,,58672,5,,,0,30,,58666,5,,,0,69,,58661,5,,,0,30,,58659,5,,,0,70,,58673,5,,,0,30,,58660,5,,,0,70,,58658,5,,,0,30,,58680,5,,,0
802019,'1925',835,,61768,5,,,0,70,,61766,5,,,0,30,,61767,5,,,0,70,,61771,5,,,0,30,,61757,5,,,0,70,,61763,5,,,0,30,,61762,5,,,0,71,,61747,5,,,0,30,,61761,5,,,0,70,,61755,5,,,0,30,,61756,5,,,0,70,,61773,5,,,0,30,,61769,5,,,0,70,,61759,5,,,0,30,,61754,5,,,0,70,,61770,5,,,0,30,,61760,5,,,0,70,,61748,5,,,0,30,,61749,5,,,0,70,,61764,5,,,0,30,,61758,5,,,0,69,,61753,5,,,0,30,,61751,5,,,0,70,,61765,5,,,0,30,,61752,5,,,0,70,,61750,5,,,0,30,,61772,5,,,0
