4019,'1907',804,,53591,10,,,0,30,,53592,10,,,0,70,,53589,10,,,0,30,,53593,10,,,0,70,,53590,10,,,0,30,,53574,10,,,0,70,,53578,10,,,0,30,,53582,10,,,0,69,,53585,10,,,0,31,,53570,10,,,0,69,,53573,10,,,0,30,,53577,10,,,0,70,,53581,10,,,0,30,,53583,10,,,0,70,,59487,10,,,0,30,,53572,10,,,0,70,,53576,10,,,0,30,,53580,10,,,0,70,,53584,10,,,0,31,,53568,10,,,0,70,,53571,10,,,0,30,,53575,10,,,0,70,,53579,10,,,0,30,,53588,10,,,0,70,,53594,10,,,0,30,,53586,10,,,0,70,,53595,10,,,0,30,,53587,10,,,0
4019,'1909',633,,59491,10,,,0,71,,53628,10,,,0,30,,53603,10,,,0,67,,53604,10,,,0,36,,53605,10,,,0,64,,53606,10,,,0,36,,53607,10,,,0,67,,53608,10,,,0,29,,53609,10,,,0,70,,53610,10,,,0,30,,53611,10,,,0,72,,53612,10,,,0,30,,53613,10,,,0,70,,59492,10,,,0,30,,53615,10,,,0,71,,53616,10,,,0,30,,53617,10,,,0,73,,53618,10,,,0,30,,53619,10,,,0,71,,53620,10,,,0,24,,53621,10,,,0,76,,53622,10,,,0,22,,53623,10,,,0,76,,53624,10,,,0,21,,53625,10,,,0,75,,53626,10,,,0,29,,59493,10,,,0,70,,59488,10,,,0,30,,59489,10,,,0,70,,53598,10,,,0,30,,59490,10,,,0,70,,53600,10,,,0,30,,53601,10,,,0
4019,'1910',703,,59504,10,,,0,30,,59495,10,,,0,71,,53630,10,,,0,30,,59497,10,,,0,70,,59502,10,,,0,30,,53646,10,,,0,70,,53634,10,,,0,30,,53656,10,,,0,71,,53633,10,,,0,30,,53653,10,,,0,69,,53648,10,,,0,31,,53641,10,,,0,70,,53654,10,,,0,30,,53657,10,,,0,70,,53632,10,,,0,30,,53643,10,,,0,70,,53631,10,,,0,30,,53637,10,,,0,70,,53655,10,,,0,30,,53652,10,,,0,69,,53649,10,,,0,30,,53638,10,,,0,70,,53658,10,,,0,30,,59503,10,,,0,69,,53629,10,,,0,30,,53644,10,,,0,70,,59498,10,,,0,30,,59501,10,,,0,70,,59494,10,,,0,30,,59499,10,,,0,70,,59496,10,,,0,30,,59500,10,,,0
4019,'1912',804,,53712,10,,,0,30,,53713,10,,,0,70,,53710,10,,,0,30,,53714,10,,,0,70,,53711,10,,,0,30,,53695,10,,,0,70,,53699,10,,,0,30,,53703,10,,,0,69,,53706,10,,,0,31,,53691,10,,,0,69,,53694,10,,,0,30,,53698,10,,,0,70,,53702,10,,,0,30,,53704,10,,,0,70,,59505,10,,,0,30,,53693,10,,,0,70,,53697,10,,,0,30,,53701,10,,,0,70,,53705,10,,,0,31,,53689,10,,,0,70,,53692,10,,,0,30,,53696,10,,,0,70,,53700,10,,,0,30,,53709,10,,,0,70,,53715,10,,,0,30,,53707,10,,,0,70,,53716,10,,,0,30,,53708,10,,,0
4019,'1924',804,,53684,10,,,0,30,,53685,10,,,0,70,,53682,10,,,0,30,,53686,10,,,0,70,,53683,10,,,0,30,,53667,10,,,0,70,,53671,10,,,0,30,,53675,10,,,0,69,,53678,10,,,0,31,,53663,10,,,0,69,,53666,10,,,0,30,,53670,10,,,0,70,,53674,10,,,0,30,,53676,10,,,0,70,,59506,10,,,0,30,,53665,10,,,0,70,,53669,10,,,0,30,,53673,10,,,0,70,,53677,10,,,0,31,,53661,10,,,0,70,,53664,10,,,0,30,,53668,10,,,0,70,,53672,10,,,0,30,,53681,10,,,0,70,,53687,10,,,0,30,,53679,10,,,0,70,,53688,10,,,0,30,,53680,10,,,0
4019,'1925',804,,59530,10,,,0,30,,59531,10,,,0,70,,59528,10,,,0,30,,59532,10,,,0,70,,59529,10,,,0,30,,59513,10,,,0,70,,59517,10,,,0,30,,59521,10,,,0,69,,59524,10,,,0,31,,59509,10,,,0,69,,59512,10,,,0,30,,59516,10,,,0,70,,59520,10,,,0,30,,59522,10,,,0,70,,59508,10,,,0,30,,59511,10,,,0,70,,59515,10,,,0,30,,59519,10,,,0,70,,59523,10,,,0,31,,59507,10,,,0,70,,59510,10,,,0,30,,59514,10,,,0,70,,59518,10,,,0,30,,59527,10,,,0,70,,59533,10,,,0,30,,59525,10,,,0,70,,59534,10,,,0,30,,59526,10,,,0
14000001029,'1907',604,,61816,42,0,18 7,0,1811,,61810,42,,,0,29,,61814,42,,,0,70,,61815,42,,,0,30,,61812,42,,,0,70,,61813,42,,,0,30,,61811,42,,,0
14000001029,'1909',502,,61817,42,0,18 7,0,102,,61818,42,0,18 7,0,1811,,61820,42,,,0,29,,61821,42,,,0,70,,61824,42,,,0,30,,61819,42,,,0,70,,61822,42,,,0,30,,61823,42,,,0
14000001029,'1910',604,,61829,42,0,18 7,0,1811,,61831,42,,,0,29,,61826,42,,,0,70,,61825,42,,,0,30,,61827,42,,,0,70,,61830,42,,,0,30,,61828,42,,,0
14000001029,'1912',604,,61838,42,0,18 7,0,1811,,61832,42,,,0,29,,61836,42,,,0,70,,61837,42,,,0,30,,61834,42,,,0,70,,61835,42,,,0,30,,61833,42,,,0
14000001029,'1924',604,,61845,42,0,18 7,0,1811,,61839,42,,,0,29,,61843,42,,,0,70,,61844,42,,,0,30,,61841,42,,,0,70,,61842,42,,,0,30,,61840,42,,,0
14000001029,'1925',604,,61852,42,0,18 7,0,1811,,61846,42,,,0,29,,61850,42,,,0,70,,61851,42,,,0,30,,61848,42,,,0,70,,61849,42,,,0,30,,61847,42,,,0
