11029,'1907',823,,54785,20,,,0,100,,54786,20,,,0,105,,54787,20,,,0,100,,54788,20,,,0,100,,54789,20,,,0,100,,54790,20,,,0,100,,54791,20,,,0,100,,54792,20,,,0,100,,54793,20,,,0,97,,54794,20,,,0,100,,54795,20,,,0,99,,54796,20,,,0,100,,54797,20,,,0
11029,'1909',625,,54813,13,,,0,99,,54799,20,,,0,102,,54800,20,,,0,100,,54801,20,,,0,101,,54802,20,,,0,100,,54803,20,,,0,100,,54804,20,,,0,100,,54805,20,,,0,101,,54806,20,,,0,100,,54807,20,,,0,100,,54808,20,,,0,100,,54809,20,,,0,97,,54810,20,,,0,100,,54811,20,,,0,100,,54812,20,,,0,99,,54798,20,,,0
11029,'1910',625,,54828,13,,,0,99,,54827,20,,,0,100,,54814,20,,,0,100,,54815,20,,,0,104,,54816,20,,,0,101,,54817,20,,,0,100,,54818,20,,,0,100,,54819,20,,,0,100,,54820,20,,,0,100,,54821,20,,,0,100,,54822,20,,,0,96,,54823,20,,,0,100,,54824,20,,,0,99,,54825,20,,,0,100,,54826,20,,,0
11029,'1911',823,,54829,20,,,0,100,,54830,20,,,0,105,,54831,20,,,0,100,,54832,20,,,0,100,,54833,20,,,0,100,,54834,20,,,0,100,,54835,20,,,0,100,,54836,20,,,0,100,,54837,20,,,0,97,,54838,20,,,0,100,,54839,20,,,0,99,,54840,20,,,0,100,,54841,20,,,0
11029,'1912',823,,54842,20,,,0,100,,54843,20,,,0,105,,54844,20,,,0,100,,54845,20,,,0,100,,54846,20,,,0,100,,54847,20,,,0,100,,54848,20,,,0,100,,54849,20,,,0,100,,54850,20,,,0,97,,54851,20,,,0,100,,54852,20,,,0,99,,54853,20,,,0,100,,54854,20,,,0
702029,'1907',633,,58131,10,0,9 10,0,23,,58119,10,0,9 10,0,70,,58133,10,0,9 10,0,30,,58129,10,0,9 10,0,55,,58150,10,0,5 2 11 2 12,0,16,,58118,10,0,9 10,0,15,,58162,10,0,5 2 11 2 12,0,15,,58132,10,0,9 10,0,55,,58143,10,0,5 2 11 2 12,0,15,,58120,10,0,9 10,0,15,,58148,10,0,5 2 11 2 12,0,15,,58117,10,0,9 10,0,55,,58157,10,0,5 2 11 2 12,0,16,,58138,10,0,9 10,0,15,,58158,10,0,5 2 11 2 12,0,15,,58123,10,0,9 10,0,55,,58149,10,0,5 2 11 2 12,0,15,,58116,10,0,9 10,0,15,,58168,10,0,5 2 11 2 12,0,15,,58141,10,0,9 10,0,56,,58146,10,0,5 2 11 2 12,0,15,,58127,10,0,9 10,0,15,,58160,10,0,5 2 11 2 12,0,15,,58115,10,0,9 10,0,55,,58169,10,0,5 2 11 2 12,0,15,,58134,10,0,9 10,0,15,,58152,10,0,5 2 11 2 12,0,15,,58126,10,0,9 10,0,55,,58155,10,0,5 2 11 2 12,0,15,,58114,10,0,9 10,0,15,,58167,10,0,5 2 11 2 12,0,15,,58135,10,0,9 10,0,55,,58147,10,0,5 2 11 2 12,0,15,,58122,10,0,9 10,0,15,,58156,10,0,5 2 11 2 12,0,15,,58113,10,0,9 10,0,55,,58165,10,0,5 2 11 2 12,0,15,,58142,10,0,9 10,0,15,,58145,10,0,5 2 11 2 12,0,15,,58121,10,0,9 10,0,55,,58161,10,0,5 2 11 2 12,0,15,,58112,10,0,9 10,0,15,,58163,10,0,5 2 11 2 12,0,15,,58137,10,0,9 10,0,55,,58153,10,0,5 2 11 2 12,0,13,,58130,10,0,9 10,0,15,,58159,10,0,5 2 11 2 12,0,15,,58111,10,0,9 10,0,55,,58164,10,0,5 2 11 2 12,0,15,,58139,10,0,9 10,0,15,,58151,10,0,5 2 11 2 12,0,15,,58125,10,0,9 10,0,55,,58154,10,0,5 2 11 2 12,0,15,,58110,10,0,9 10,0,15,,58166,10,0,5 2 11 2 12,0,15,,58136,10,0,9 10,0,54,,58144,10,0,5 2 11 2 12,0,15,,58128,10,0,9 10,0,30,,58109,10,0,9 10,0,70,,58140,10,0,9 10,0,30,,58124,10,0,9 10,0,65,,58170,10,0,9 10,0,30,,58171,10,0,5 2 11 2 12,0
702029,'1909',616,,58172,10,0,9 10,0,20,,58173,10,0,9 10,0,71,,58229,10,0,9 10,0,17,,58174,10,0,9 10,0,15,,58175,10,0,9 10,0,61,,58176,10,0,9 10,0,15,,58177,10,0,9 10,0,15,,58227,10,0,9 10,0,15,,58205,10,0,5 2 11 2 12,0,55,,58228,10,0,9 10,0,20,,58178,10,0,9 10,0,15,,58207,10,0,5 2 11 2 12,0,15,,58179,10,0,9 10,0,55,,58208,10,0,5 2 11 2 12,0,15,,58236,10,0,9 10,0,15,,58209,10,0,5 2 11 2 12,0,15,,58180,10,0,9 10,0,55,,58210,10,0,5 2 11 2 12,0,15,,58181,10,0,9 10,0,15,,58211,10,0,5 2 11 2 12,0,15,,58182,10,0,9 10,0,55,,58212,10,0,5 2 11 2 12,0,15,,58183,10,0,9 10,0,15,,58213,10,0,5 2 11 2 12,0,15,,58184,10,0,9 10,0,55,,58214,10,0,5 2 11 2 12,0,15,,58185,10,0,9 10,0,15,,58215,10,0,5 2 11 2 12,0,15,,58186,10,0,9 10,0,55,,58216,10,0,5 2 11 2 12,0,15,,58187,10,0,9 10,0,15,,58206,10,0,5 2 11 2 12,0,10,,58231,10,0,9 10,0,55,,58217,10,0,5 2 11 2 12,0,15,,58188,10,0,9 10,0,15,,58232,10,0,9 10,0,15,,58189,10,0,9 10,0,55,,58218,10,0,5 2 11 2 12,0,15,,58191,10,0,9 10,0,15,,58190,10,0,9 10,0,15,,58233,10,0,9 10,0,55,,58234,10,0,5 2 11 2 12,0,15,,58192,10,0,9 10,0,15,,58193,10,0,9 10,0,13,,58219,10,0,5 2 11 2 12,0,15,,58194,10,0,9 10,0,55,,58220,10,0,5 2 11 2 12,0,15,,58235,10,0,9 10,0,15,,58221,10,0,5 2 11 2 12,0,15,,58195,10,0,9 10,0,55,,58222,10,0,5 2 11 2 12,0,15,,58196,10,0,9 10,0,15,,58223,10,0,5 2 11 2 12,0,15,,58197,10,0,9 10,0,53,,58224,10,0,5 2 11 2 12,0,15,,58198,10,0,9 10,0,15,,58225,10,0,5 2 11 2 12,0,15,,58199,10,0,9 10,0,55,,58226,10,0,5 2 11 2 12,0,15,,58200,10,0,9 10,0,30,,58201,10,0,9 10,0,70,,58202,10,0,9 10,0,30,,58203,10,0,9 10,0,65,,58230,10,0,9 10,0,30,,58204,10,0,5 2 11 2 12,0
702029,'1910',631,,58251,10,0,9 10,0,23,,58237,10,0,9 10,0,70,,58241,10,0,9 10,0,30,,58245,10,0,9 10,0,57,,58259,10,0,5 2 11 2 12,0,15,,58248,10,0,9 10,0,15,,58253,10,0,5 2 11 2 12,0,15,,58238,10,0,9 10,0,55,,58254,10,0,5 2 11 2 12,0,15,,58242,10,0,9 10,0,15,,58255,10,0,5 2 11 2 12,0,15,,58284,10,0,9 10,0,59,,58291,10,0,5 2 11 2 12,0,15,,58277,10,0,9 10,0,15,,58287,10,0,5 2 11 2 12,0,55,,58265,10,0,9 10,0,15,,58274,10,0,5 2 11 2 12,0,15,,58280,10,0,9 10,0,15,,58267,10,0,5 2 11 2 12,0,55,,58275,10,0,9 10,0,15,,58297,10,0,5 2 11 2 12,0,15,,58272,10,0,9 10,0,15,,58293,10,0,5 2 11 2 12,0,55,,58269,10,0,9 10,0,15,,58279,10,0,5 2 11 2 12,0,15,,58296,10,0,9 10,0,15,,58290,10,0,5 2 11 2 12,0,55,,58283,10,0,9 10,0,15,,58268,10,0,5 2 11 2 12,0,15,,58271,10,0,9 10,0,15,,58295,10,0,5 2 11 2 12,0,55,,58278,10,0,9 10,0,15,,58262,10,0,5 2 11 2 12,0,15,,58281,10,0,9 10,0,15,,58285,10,0,5 2 11 2 12,0,55,,58266,10,0,9 10,0,15,,58264,10,0,5 2 11 2 12,0,15,,58298,10,0,9 10,0,15,,58289,10,0,5 2 11 2 12,0,55,,58276,10,0,9 10,0,15,,58286,10,0,5 2 11 2 12,0,15,,58273,10,0,9 10,0,15,,58288,10,0,5 2 11 2 12,0,55,,58270,10,0,9 10,0,15,,58292,10,0,5 2 11 2 12,0,15,,58299,10,0,9 10,0,15,,58263,10,0,5 2 11 2 12,0,55,,58282,10,0,9 10,0,15,,58294,10,0,5 2 11 2 12,0,13,,58243,10,0,9 10,0,15,,58252,10,0,5 2 11 2 12,0,15,,58246,10,0,9 10,0,55,,58256,10,0,5 2 11 2 12,0,15,,58249,10,0,9 10,0,15,,58257,10,0,5 2 11 2 12,0,15,,58239,10,0,9 10,0,55,,58258,10,0,5 2 11 2 12,0,13,,58244,10,0,9 10,0,30,,58247,10,0,9 10,0,70,,58250,10,0,9 10,0,29,,58240,10,0,9 10,0,65,,58261,10,0,9 10,0,30,,58260,10,0,5 2 11 2 12,0
702029,'1911',633,,58322,10,0,9 10,0,23,,58310,10,0,9 10,0,70,,58324,10,0,9 10,0,30,,58320,10,0,9 10,0,55,,58341,10,0,5 2 11 2 12,0,16,,58309,10,0,9 10,0,15,,58353,10,0,5 2 11 2 12,0,15,,58323,10,0,9 10,0,55,,58334,10,0,5 2 11 2 12,0,15,,58311,10,0,9 10,0,15,,58339,10,0,5 2 11 2 12,0,15,,58308,10,0,9 10,0,55,,58348,10,0,5 2 11 2 12,0,16,,58329,10,0,9 10,0,15,,58349,10,0,5 2 11 2 12,0,15,,58314,10,0,9 10,0,55,,58340,10,0,5 2 11 2 12,0,15,,58307,10,0,9 10,0,15,,58359,10,0,5 2 11 2 12,0,15,,58332,10,0,9 10,0,56,,58337,10,0,5 2 11 2 12,0,15,,58318,10,0,9 10,0,15,,58351,10,0,5 2 11 2 12,0,15,,58306,10,0,9 10,0,55,,58360,10,0,5 2 11 2 12,0,15,,58325,10,0,9 10,0,15,,58343,10,0,5 2 11 2 12,0,15,,58317,10,0,9 10,0,55,,58346,10,0,5 2 11 2 12,0,15,,58305,10,0,9 10,0,15,,58358,10,0,5 2 11 2 12,0,15,,58326,10,0,9 10,0,55,,58338,10,0,5 2 11 2 12,0,15,,58313,10,0,9 10,0,15,,58347,10,0,5 2 11 2 12,0,15,,58304,10,0,9 10,0,55,,58356,10,0,5 2 11 2 12,0,15,,58333,10,0,9 10,0,15,,58336,10,0,5 2 11 2 12,0,15,,58312,10,0,9 10,0,55,,58352,10,0,5 2 11 2 12,0,15,,58303,10,0,9 10,0,15,,58354,10,0,5 2 11 2 12,0,15,,58328,10,0,9 10,0,55,,58344,10,0,5 2 11 2 12,0,13,,58321,10,0,9 10,0,15,,58350,10,0,5 2 11 2 12,0,15,,58302,10,0,9 10,0,55,,58355,10,0,5 2 11 2 12,0,15,,58330,10,0,9 10,0,15,,58342,10,0,5 2 11 2 12,0,15,,58316,10,0,9 10,0,55,,58345,10,0,5 2 11 2 12,0,15,,58301,10,0,9 10,0,15,,58357,10,0,5 2 11 2 12,0,15,,58327,10,0,9 10,0,54,,58335,10,0,5 2 11 2 12,0,15,,58319,10,0,9 10,0,30,,58300,10,0,9 10,0,70,,58331,10,0,9 10,0,30,,58315,10,0,9 10,0,65,,58361,10,0,9 10,0,30,,58362,10,0,5 2 11 2 12,0
702029,'1912',633,,58385,10,0,9 10,0,23,,58373,10,0,9 10,0,70,,58387,10,0,9 10,0,30,,58383,10,0,9 10,0,55,,58404,10,0,5 2 11 2 12,0,16,,58372,10,0,9 10,0,15,,58416,10,0,5 2 11 2 12,0,15,,58386,10,0,9 10,0,55,,58397,10,0,5 2 11 2 12,0,15,,58374,10,0,9 10,0,15,,58402,10,0,5 2 11 2 12,0,15,,58371,10,0,9 10,0,55,,58411,10,0,5 2 11 2 12,0,16,,58392,10,0,9 10,0,15,,58412,10,0,5 2 11 2 12,0,15,,58377,10,0,9 10,0,55,,58403,10,0,5 2 11 2 12,0,15,,58370,10,0,9 10,0,15,,58422,10,0,5 2 11 2 12,0,15,,58395,10,0,9 10,0,56,,58400,10,0,5 2 11 2 12,0,15,,58381,10,0,9 10,0,15,,58414,10,0,5 2 11 2 12,0,15,,58369,10,0,9 10,0,55,,58423,10,0,5 2 11 2 12,0,15,,58388,10,0,9 10,0,15,,58406,10,0,5 2 11 2 12,0,15,,58380,10,0,9 10,0,55,,58409,10,0,5 2 11 2 12,0,15,,58368,10,0,9 10,0,15,,58421,10,0,5 2 11 2 12,0,15,,58389,10,0,9 10,0,55,,58401,10,0,5 2 11 2 12,0,15,,58376,10,0,9 10,0,15,,58410,10,0,5 2 11 2 12,0,15,,58367,10,0,9 10,0,55,,58419,10,0,5 2 11 2 12,0,15,,58396,10,0,9 10,0,15,,58399,10,0,5 2 11 2 12,0,15,,58375,10,0,9 10,0,55,,58415,10,0,5 2 11 2 12,0,15,,58366,10,0,9 10,0,15,,58417,10,0,5 2 11 2 12,0,15,,58391,10,0,9 10,0,55,,58407,10,0,5 2 11 2 12,0,13,,58384,10,0,9 10,0,15,,58413,10,0,5 2 11 2 12,0,15,,58365,10,0,9 10,0,55,,58418,10,0,5 2 11 2 12,0,15,,58393,10,0,9 10,0,15,,58405,10,0,5 2 11 2 12,0,15,,58379,10,0,9 10,0,55,,58408,10,0,5 2 11 2 12,0,15,,58364,10,0,9 10,0,15,,58420,10,0,5 2 11 2 12,0,15,,58390,10,0,9 10,0,54,,58398,10,0,5 2 11 2 12,0,15,,58382,10,0,9 10,0,30,,58363,10,0,9 10,0,70,,58394,10,0,9 10,0,30,,58378,10,0,9 10,0,65,,58424,10,0,9 10,0,30,,58425,10,0,5 2 11 2 12,0
