1029,'1907',604,,53126,19,,,0,98,,53127,19,,,0,100,,53128,19,,,0,100,,53129,19,,,0,101,,53130,19,,,0,100,,53131,19,,,0,100,,53132,19,,,0,100,,53133,19,,,0,100,,53134,19,,,0,100,,53135,19,,,0,100,,53136,19,,,0,100,,53137,19,,,0,100,,53138,19,,,0,100,,53139,19,,,0,100,,53140,19,,,0,100,,53141,19,,,0,99,,53142,19,,,0,99,,53143,19,,,0
1029,'1909',602,,53153,19,,,0,35,,53154,19,,,0,66,,53174,19,,,0,30,,53150,19,,,0,70,,53145,19,,,0,30,,53178,19,,,0,73,,53148,19,,,0,30,,53155,19,,,0,70,,53173,19,,,0,30,,53152,19,,,0,70,,53144,19,,,0,30,,53177,19,,,0,70,,53149,19,,,0,30,,53156,19,,,0,70,,53172,19,,,0,30,,53151,19,,,0,70,,53146,19,,,0,30,,53175,19,,,0,71,,53147,19,,,0,30,,53157,19,,,0,70,,53171,19,,,0,30,,53160,19,,,0,70,,53159,19,,,0,29,,53158,19,,,0,67,,53164,19,,,0,30,,53163,19,,,0,70,,53162,19,,,0,30,,53161,19,,,0,70,,53176,19,,,0,29,,53170,19,,,0,70,,53169,19,,,0,30,,53168,19,,,0,70,,53167,19,,,0,30,,53166,19,,,0,25,,53165,19,,,0
1029,'1910',604,,53184,19,,,0,28,,53196,19,,,0,70,,53203,19,,,0,30,,53191,19,,,0,70,,53212,19,,,0,30,,53200,19,,,0,70,,53183,19,,,0,29,,53195,19,,,0,70,,53206,19,,,0,30,,53190,19,,,0,70,,53213,19,,,0,30,,53199,19,,,0,70,,53182,19,,,0,30,,53194,19,,,0,70,,53205,19,,,0,30,,53189,19,,,0,70,,53185,19,,,0,30,,53198,19,,,0,70,,53181,19,,,0,30,,53193,19,,,0,70,,53201,19,,,0,30,,53188,19,,,0,70,,53210,19,,,0,30,,53197,19,,,0,70,,53180,19,,,0,31,,53192,19,,,0,70,,53204,19,,,0,30,,53186,19,,,0,70,,53208,19,,,0,30,,53207,19,,,0,70,,53179,19,,,0,30,,53187,19,,,0,70,,53202,19,,,0,30,,53211,19,,,0,70,,53209,19,,,0
1029,'1911',604,,53214,19,,,0,98,,53215,19,,,0,100,,53216,19,,,0,100,,53217,19,,,0,101,,53218,19,,,0,100,,53219,19,,,0,100,,53220,19,,,0,100,,53221,19,,,0,100,,53222,19,,,0,100,,53223,19,,,0,100,,53224,19,,,0,100,,53225,19,,,0,100,,53226,19,,,0,100,,53227,19,,,0,100,,53228,19,,,0,100,,53229,19,,,0,99,,53230,19,,,0,99,,53231,19,,,0
1029,'1912',604,,53232,19,,,0,98,,53233,19,,,0,100,,53234,19,,,0,100,,53235,19,,,0,101,,53236,19,,,0,100,,53237,19,,,0,100,,53238,19,,,0,100,,53239,19,,,0,100,,53240,19,,,0,100,,53241,19,,,0,100,,53242,19,,,0,100,,53243,19,,,0,100,,53244,19,,,0,100,,53245,19,,,0,100,,53246,19,,,0,100,,53247,19,,,0,99,,53248,19,,,0,99,,53249,19,,,0
22019,'1907',649,,55639,5,0,19 2 36 26,0,100,,55638,5,0,19 2 36 26,0,993,,55634,5,0,19 2 36 26,0,100,,55635,5,0,19 2 36 26,0,100,,55636,5,0,19 2 36 26,0,108,,55637,5,0,19 2 36 26,0
22019,'1909',555,,55670,5,0,19 2 36 26,0,92,,55640,5,0,19 2 36 26,0,70,,55641,5,0,19 2 36 26,0,1398,,55668,5,0,19 2 36 26,0
22019,'1910',621,,55701,5,0,19 2 36 26,0,23,,55694,5,0,19 2 36 26,0,70,,55690,5,0,19 2 36 26,0,30,,55695,5,0,19 2 36 26,0,70,,55691,5,0,19 2 36 26,0,933,,55696,5,0,19 2 36 26,0,70,,55692,5,0,19 2 36 26,0,30,,55697,5,0,19 2 36 26,0,68,,55689,5,0,19 2 36 26,0,30,,55698,5,0,19 2 36 26,0,69,,55693,5,0,19 2 36 26,0,30,,55699,5,0,19 2 36 26,0,70,,55700,5,0,19 2 36 26,0
22019,'1911',649,,55716,5,0,19 2 36 26,0,100,,55715,5,0,19 2 36 26,0,993,,55711,5,0,19 2 36 26,0,100,,55712,5,0,19 2 36 26,0,100,,55713,5,0,19 2 36 26,0,108,,55714,5,0,19 2 36 26,0
22019,'1912',649,,55731,5,0,19 2 36 26,0,100,,55730,5,0,19 2 36 26,0,993,,55726,5,0,19 2 36 26,0,100,,55727,5,0,19 2 36 26,0,100,,55728,5,0,19 2 36 26,0,108,,55729,5,0,19 2 36 26,0
