22029,'1912',702,,67683,2,0,19 2 33 21,0,99,,72010,2,,,0,100,,72011,2,,,0,100,,72012,2,,,0,100,,72013,2,,,0,100,,72014,2,,,0,100,,72015,2,,,0,100,,72016,2,,,0,100,,72017,2,,,0,100,,72018,2,,,0,100,,67681,2,,,0,100,,62341,2,0,19 2 33 21,0,100,,62338,2,0,19 2 33 21,0,100,,62339,2,0,19 2 33 21,0,100,,72019,2,0,19 2 33 21,0
22029,'1959',702,,67695,2,0,19 2 33 21,0,99,,72052,2,,,0,100,,72053,2,,,0,100,,72054,2,,,0,100,,72055,2,,,0,100,,72056,2,,,0,100,,72057,2,,,0,100,,72058,2,,,0,100,,72059,2,,,0,100,,72060,2,,,0,100,,67693,2,,,0,100,,62356,2,0,19 2 33 21,0,100,,62353,2,0,19 2 33 21,0,100,,62354,2,0,19 2 33 21,0,100,,72061,2,0,19 2 33 21,0
22029,'1965',635,,72031,2,0,19 2 33 21,0,72,,72032,2,0,19 2 33 21,0,30,,72033,2,0,19 2 33 21,0,201,,72037,2,,,0,70,,72042,2,,,0,100,,72043,2,,,0,30,,72039,2,,,0,70,,72030,2,,,0,30,,72040,2,,,0,70,,72041,2,,,0,31,,72044,2,,,0,70,,72045,2,,,0,98,,62280,2,,,0,494,,72049,2,,,0,100,,72050,2,,,0,30,,72051,2,0,19 2 33 21,0,172,,62295,2,0,19 2 33 21,0,36,,62294,2,0,19 2 33 21,0
22029,'1967',606,,62327,2,0,19 2 33 21,0,30,,62326,2,0,19 2 33 21,0,65,,62319,2,0,19 2 33 21,0,30,,62314,2,0,19 2 33 21,0,70,,62320,2,0,19 2 33 21,0,30,,62296,2,,,0,70,,62297,2,,,0,30,,62298,2,,,0,70,,62299,2,,,0,30,,62300,2,,,0,70,,62301,2,,,0,30,,62302,2,,,0,70,,62303,2,,,0,30,,62304,2,,,0,70,,62305,2,,,0,31,,62306,2,,,0,69,,62307,2,,,0,31,,62308,2,,,0,70,,62309,2,,,0,30,,62310,2,,,0,70,,62311,2,,,0,30,,62312,2,,,0,69,,62313,2,,,0,31,,62315,2,0,19 2 33 21,0,69,,62321,2,0,19 2 33 21,0,30,,62316,2,0,19 2 33 21,0,70,,62322,2,0,19 2 33 21,0,30,,62317,2,0,19 2 33 21,0,70,,62323,2,0,19 2 33 21,0,30,,62318,2,0,19 2 33 21,0,27,,62324,2,0,19 2 33 21,0,73,,62325,2,0,19 2 33 21,0
22029,'1969',702,,67707,2,0,19 2 33 21,0,99,,72020,2,,,0,100,,72021,2,,,0,100,,72022,2,,,0,100,,72023,2,,,0,100,,72024,2,,,0,100,,72025,2,,,0,100,,72026,2,,,0,100,,72027,2,,,0,100,,72028,2,,,0,100,,67705,2,,,0,100,,62371,2,0,19 2 33 21,0,100,,62368,2,0,19 2 33 21,0,100,,62369,2,0,19 2 33 21,0,100,,72029,2,0,19 2 33 21,0
22029,'1970',810,,74536,2,0,19 2 33 21,0,30,,74537,2,0,19 2 33 21,0,70,,74538,2,,,0,128,,74539,2,,,0,401,,74540,2,,,0,100,,74541,2,,,0,70,,74542,2,,,0,30,,74543,2,,,0,69,,74544,2,,,0,30,,74545,2,,,0,70,,74546,2,,,0,28,,74547,2,,,0,70,,74548,2,,,0,30,,74549,2,,,0,95,,74550,2,,,0
601019,'1912',2241,,64031,2,,,0
601019,'1959',611,,64050,2,,,0,30,,64068,2,,,0,70,,64049,2,,,0,30,,64067,2,,,0,70,,64048,2,,,0,30,,64066,2,,,0,70,,64047,2,,,0,30,,64065,2,,,0,70,,64045,2,,,0,30,,64064,2,,,0,70,,64046,2,,,0,30,,64063,2,,,0,70,,64044,2,,,0,30,,64062,2,,,0,70,,64040,2,,,0,30,,64061,2,,,0,70,,64043,2,,,0,30,,64060,2,,,0,70,,64041,2,,,0,30,,64059,2,,,0,70,,64039,2,,,0,30,,64058,2,,,0,70,,64042,2,,,0,30,,64057,2,,,0,70,,64036,2,,,0,30,,64056,2,,,0,70,,64037,2,,,0,30,,64055,2,,,0,70,,64038,2,,,0,30,,64054,2,,,0,70,,64035,2,,,0,30,,64053,2,,,0,70,,64034,2,,,0,30,,64052,2,,,0
601019,'1965',608,,63995,2,,,0,19,,63975,2,,,0,16,,63977,2,0,19 2 11 2 34,0,13,,63970,2,0,19 2 11 2 34,0,52,,63974,2,0,19 2 11 2 34,0,15,,63984,2,0,19 2 11 2 34,0,16,,63978,2,0,19 2 11 2 34,0,15,,63969,2,0,19 2 11 2 34,0,55,,63971,2,0,19 2 11 2 34,0,15,,63983,2,0,19 2 11 2 34,0,24,,63957,2,0,5 2 11 2 12,0,70,,63958,2,0,5 2 11 2 12,0,30,,63959,2,0,5 2 11 2 12,0,170,,63962,2,0,5 2 11 2 12,0,30,,63963,2,0,5 2 11 2 12,0,70,,63964,2,0,5 2 11 2 12,0,130,,63967,2,0,5 2 11 2 12,0,62,,63952,2,,,0,13,,63991,2,0,19 2 11 2 34,0,15,,63980,2,0,19 2 11 2 34,0,15,,63987,2,0,19 2 11 2 34,0,55,,63976,2,0,19 2 11 2 34,0,15,,63988,2,0,19 2 11 2 34,0,15,,63979,2,0,19 2 11 2 34,0,15,,63985,2,0,19 2 11 2 34,0,55,,63981,2,0,19 2 11 2 34,0,15,,63986,2,0,19 2 11 2 34,0,15,,63973,2,0,19 2 11 2 34,0,15,,63989,2,0,19 2 11 2 34,0,55,,63968,2,0,19 2 11 2 34,0,15,,63992,2,0,19 2 11 2 34,0,15,,63972,2,0,19 2 11 2 34,0,15,,63990,2,0,19 2 11 2 34,0,55,,63946,2,,,0,30,,63947,2,,,0,15,,63955,2,,,0,55,,63953,2,,,0,30,,63950,2,,,0,70,,63951,2,,,0,30,,63945,2,,,0,70,,63948,2,,,0,30,,63944,2,,,0,70,,63949,2,,,0,33,,63954,2,,,0
601019,'1967',611,,64012,2,,,0,30,,64030,2,,,0,70,,64011,2,,,0,30,,64029,2,,,0,70,,64010,2,,,0,30,,64028,2,,,0,70,,64009,2,,,0,30,,64027,2,,,0,70,,64007,2,,,0,30,,64025,2,,,0,70,,64008,2,,,0,30,,64026,2,,,0,70,,64006,2,,,0,30,,64024,2,,,0,70,,63997,2,,,0,30,,64023,2,,,0,70,,64005,2,,,0,30,,64022,2,,,0,70,,64003,2,,,0,30,,64021,2,,,0,70,,63998,2,,,0,30,,64019,2,,,0,70,,64000,2,,,0,30,,64020,2,,,0,70,,64004,2,,,0,30,,64018,2,,,0,70,,63999,2,,,0,30,,64017,2,,,0,70,,64002,2,,,0,30,,64016,2,,,0,70,,64001,2,,,0,30,,64015,2,,,0,70,,63996,2,,,0,30,,64014,2,,,0
601019,'1969',2141,,64071,2,,,0,70,,64069,2,,,0,30,,64070,2,,,0
601019,'1970',1018,,74958,2,0,5 2 11 2 12,0,30,,74959,2,0,5 2 11 2 12,0,200,,74960,2,0,5 2 11 2 12,0,70,,74961,2,0,5 2 11 2 12,0
