1029,'1909',841,,59245,29,,,0,103,,59222,29,,,0,170,,59211,29,,,0,100,,59216,29,,,0,130,,59218,29,,,0,100,,59242,29,,,0,171,,59238,29,,,0,30,,59227,29,,,0,98,,59225,29,,,0,97,,59230,29,,,0,70,,59229,29,,,0,100,,59243,29,,,0,129,,59235,29,,,0,165,,59232,29,,,0
1029,'1912',610,,59281,29,,,0,98,,59282,29,,,0,100,,59283,29,,,0,101,,59284,29,,,0,101,,59285,29,,,0,100,,59286,29,,,0,100,,59287,29,,,0,100,,59288,29,,,0,100,,59289,29,,,0,100,,59290,29,,,0,99,,59291,29,,,0,100,,59292,29,,,0,100,,59293,29,,,0,100,,59294,29,,,0,100,,59295,29,,,0,100,,59296,29,,,0,98,,59297,29,,,0,99,,59298,29,,,0
1029,'1924',610,,59299,29,,,0,98,,59300,29,,,0,100,,59301,29,,,0,101,,59302,29,,,0,101,,59303,29,,,0,100,,59304,29,,,0,100,,59305,29,,,0,100,,59306,29,,,0,100,,59307,29,,,0,100,,59308,29,,,0,99,,59309,29,,,0,100,,59310,29,,,0,100,,59311,29,,,0,100,,59312,29,,,0,100,,59313,29,,,0,100,,59314,29,,,0,98,,59315,29,,,0,99,,59316,29,,,0
1029,'1925',610,,59317,29,,,0,98,,59318,29,,,0,100,,59319,29,,,0,101,,59320,29,,,0,101,,59321,29,,,0,100,,59322,29,,,0,100,,59323,29,,,0,100,,59324,29,,,0,100,,59325,29,,,0,100,,59326,29,,,0,99,,59327,29,,,0,100,,59328,29,,,0,100,,59329,29,,,0,100,,59330,29,,,0,100,,59331,29,,,0,100,,59332,29,,,0,98,,59333,29,,,0,99,,59334,29,,,0
1029,'1949',644,,65993,29,,,0,167,,65987,29,,,0,103,,65990,29,,,0,130,,65991,29,,,0,100,,65996,29,,,0,170,,65995,29,,,0,100,,65988,29,,,0,101,,65989,29,,,0,30,,65994,29,,,0
1029,'1955',609,,65951,29,,,0,28,,65963,29,,,0,70,,65970,29,,,0,30,,65958,29,,,0,70,,65979,29,,,0,30,,65967,29,,,0,72,,65950,29,,,0,30,,65962,29,,,0,70,,65973,29,,,0,30,,65957,29,,,0,70,,65980,29,,,0,30,,65966,29,,,0,70,,65949,29,,,0,30,,65961,29,,,0,70,,65972,29,,,0,30,,65956,29,,,0,70,,65952,29,,,0,30,,65965,29,,,0,70,,65948,29,,,0,30,,65960,29,,,0,70,,65968,29,,,0,30,,65955,29,,,0,70,,65977,29,,,0,30,,65964,29,,,0,69,,65947,29,,,0,31,,65959,29,,,0,70,,65971,29,,,0,30,,65953,29,,,0,70,,65975,29,,,0,30,,65974,29,,,0,70,,59246,29,,,0,30,,65954,29,,,0,70,,65969,29,,,0,30,,65978,29,,,0,69,,65976,29,,,0
1029,'1957',609,,70268,29,,,0,102,,70278,29,,,0,30,,70267,29,,,0,273,,70277,29,,,0,230,,70269,29,,,0,471,,70270,29,,,0,95,,70272,29,,,0,130,,70271,29,,,0,99,,70276,29,,,0,70,,70275,29,,,0,100,,70274,29,,,0,30,,70273,29,,,0
1029,'1958',609,,70284,29,,,0,28,,70296,29,,,0,70,,70303,29,,,0,30,,70291,29,,,0,70,,70312,29,,,0,30,,70300,29,,,0,72,,70283,29,,,0,30,,70295,29,,,0,70,,70306,29,,,0,30,,70290,29,,,0,70,,70313,29,,,0,30,,70299,29,,,0,70,,70282,29,,,0,30,,70294,29,,,0,70,,70305,29,,,0,30,,70289,29,,,0,70,,70285,29,,,0,30,,70298,29,,,0,70,,70281,29,,,0,30,,70293,29,,,0,70,,70301,29,,,0,30,,70288,29,,,0,70,,70310,29,,,0,30,,70297,29,,,0,69,,70280,29,,,0,31,,70292,29,,,0,70,,70304,29,,,0,30,,70286,29,,,0,70,,70308,29,,,0,30,,70307,29,,,0,70,,70279,29,,,0,30,,70287,29,,,0,70,,70302,29,,,0,30,,70311,29,,,0,69,,70309,29,,,0
31019,'1909',628,,62422,9,,,0,98,,62407,21,,,0,30,,62420,21,,,0,70,,62403,21,,,0,129,,62395,21,,,0,70,,62408,21,,,0,30,,62419,21,,,0,170,,62413,21,,,0,30,,62394,21,,,0,70,,62409,21,,,0,130,,62398,21,,,0,103,,62396,21,,,0,100,,62417,21,,,0,396,,62402,21,,,0
31019,'1912',603,,62483,9,,,0,50,,62466,21,,,0,100,,62467,21,,,0,101,,62468,21,,,0,100,,62469,21,,,0,100,,62470,21,,,0,100,,62471,21,,,0,100,,62472,21,,,0,100,,62473,21,,,0,100,,62474,21,,,0,100,,62475,21,,,0,100,,62476,21,,,0,100,,62477,21,,,0,100,,62478,21,,,0,100,,62479,21,,,0,100,,62480,21,,,0,100,,62481,21,,,0,99,,62482,21,,,0
31019,'1924',603,,62502,9,,,0,50,,62485,21,,,0,100,,62486,21,,,0,101,,62487,21,,,0,100,,62488,21,,,0,100,,62489,21,,,0,100,,62490,21,,,0,100,,62491,21,,,0,100,,62492,21,,,0,100,,62493,21,,,0,100,,62494,21,,,0,100,,62495,21,,,0,100,,62496,21,,,0,100,,62497,21,,,0,100,,62498,21,,,0,100,,62499,21,,,0,100,,62500,21,,,0,99,,62501,21,,,0
31019,'1925',603,,62521,9,,,0,50,,62504,21,,,0,100,,62505,21,,,0,101,,62506,21,,,0,100,,62507,21,,,0,100,,62508,21,,,0,100,,62509,21,,,0,100,,62510,21,,,0,100,,62511,21,,,0,100,,62512,21,,,0,100,,62513,21,,,0,100,,62514,21,,,0,100,,62515,21,,,0,100,,62516,21,,,0,100,,62517,21,,,0,100,,62518,21,,,0,100,,62519,21,,,0,99,,62520,21,,,0
31019,'1949',602,,67774,9,,,0
31019,'1955',603,,67762,9,,,0,26,,67755,9,,,0,24,,67732,21,,,0,70,,67748,21,,,0,30,,67761,21,,,0,70,,67744,21,,,0,30,,67738,21,,,0,71,,67754,21,,,0,30,,67731,21,,,0,70,,67747,21,,,0,30,,67756,21,,,0,70,,67743,21,,,0,30,,67737,21,,,0,71,,67753,21,,,0,30,,67730,21,,,0,70,,67746,21,,,0,30,,67759,21,,,0,70,,67742,21,,,0,30,,67736,21,,,0,70,,67752,21,,,0,30,,67729,21,,,0,70,,67745,21,,,0,30,,67758,21,,,0,70,,67741,21,,,0,29,,67735,21,,,0,70,,67751,21,,,0,30,,62430,21,,,0,69,,67763,21,,,0,30,,67757,21,,,0,100,,67734,21,,,0,100,,62429,21,,,0,100,,67760,21,,,0
31019,'1957',653,,72062,21,,,0,203,,72066,21,,,0,69,,72074,21,,,0,200,,72070,21,,,0,30,,72067,21,,,0,200,,72077,21,,,0,70,,72068,21,,,0,103,,72073,21,,,0,100,,72071,21,,,0,97,,72069,21,,,0,29,,72065,21,,,0,70,,72072,21,,,0,30,,72063,21,,,0,70,,72080,21,,,0,30,,72076,21,,,0,200,,72064,21,,,0,100,,72075,21,,,0
31019,'1958',603,,72116,9,,,0,26,,72109,9,,,0,24,,72086,21,,,0,70,,72102,21,,,0,30,,72115,21,,,0,70,,72098,21,,,0,30,,72092,21,,,0,71,,72108,21,,,0,30,,72085,21,,,0,70,,72101,21,,,0,30,,72110,21,,,0,70,,72097,21,,,0,30,,72091,21,,,0,71,,72107,21,,,0,30,,72084,21,,,0,70,,72100,21,,,0,30,,72113,21,,,0,70,,72096,21,,,0,30,,72090,21,,,0,70,,72106,21,,,0,30,,72083,21,,,0,70,,72099,21,,,0,30,,72112,21,,,0,70,,72095,21,,,0,29,,72089,21,,,0,70,,72105,21,,,0,30,,72082,21,,,0,69,,72117,21,,,0,30,,72111,21,,,0,100,,72088,21,,,0,100,,72081,21,,,0,100,,72114,21,,,0
801019,'1909',732,,65487,8,0,12,0,78,,65486,8,0,12,0
801019,'1910',826,,69861,8,0,12,0,130,,69858,8,0,12,0,200,,69867,8,0,12,0,100,,69874,8,0,12,0,200,,69872,8,0,12,0,100,,69868,8,0,12,0,100,,69866,8,0,12,0,100,,69871,8,0,12,0,100,,69870,8,0,12,0,70,,69863,8,0,12,0
801019,'1912',755,,69897,8,0,12,0,70,,73475,8,0,12,0,30,,69901,8,0,12,0,70,,69890,8,0,12,0,30,,73474,8,0,12,0,70,,69895,8,0,12,0,30,,69908,8,0,12,0,70,,69899,8,0,12,0,30,,69896,8,0,12,0,70,,69905,8,0,12,0,30,,69891,8,0,12,0,70,,69902,8,0,12,0,30,,69904,8,0,12,0,70,,69900,8,0,12,0,30,,69887,8,0,12,0,70,,69906,8,0,12,0,30,,69892,8,0,12,0,70,,69888,8,0,12,0,30,,69903,8,0,12,0,70,,69886,8,0,12,0,30,,69889,8,0,12,0,70,,69907,8,0,12,0,30,,69884,8,0,12,0,71,,69894,8,0,12,0,30,,69909,8,0,12,0,70,,69898,8,0,12,0
801019,'1924',755,,69923,8,0,12,0,100,,69927,8,0,12,0,70,,69916,8,0,12,0,100,,69921,8,0,12,0,30,,69934,8,0,12,0,70,,69925,8,0,12,0,30,,69922,8,0,12,0,70,,69931,8,0,12,0,30,,69917,8,0,12,0,70,,69928,8,0,12,0,30,,69930,8,0,12,0,70,,69926,8,0,12,0,30,,69913,8,0,12,0,70,,69932,8,0,12,0,30,,69918,8,0,12,0,70,,69914,8,0,12,0,30,,69929,8,0,12,0,70,,69912,8,0,12,0,30,,69915,8,0,12,0,70,,69933,8,0,12,0,30,,69910,8,0,12,0,71,,69920,8,0,12,0,30,,69935,8,0,12,0,70,,69924,8,0,12,0
801019,'1925',755,,69949,8,0,12,0,70,,73477,8,0,12,0,30,,69953,8,0,12,0,70,,69942,8,0,12,0,30,,73476,8,0,12,0,70,,69947,8,0,12,0,30,,69960,8,0,12,0,70,,69951,8,0,12,0,30,,69948,8,0,12,0,70,,69957,8,0,12,0,30,,69943,8,0,12,0,70,,69954,8,0,12,0,30,,69956,8,0,12,0,70,,69952,8,0,12,0,30,,69939,8,0,12,0,70,,69958,8,0,12,0,30,,69944,8,0,12,0,70,,69940,8,0,12,0,30,,69955,8,0,12,0,70,,69938,8,0,12,0,30,,69941,8,0,12,0,70,,69959,8,0,12,0,30,,69936,8,0,12,0,71,,69946,8,0,12,0,30,,69961,8,0,12,0,70,,69950,8,0,12,0
801019,'1949',600,,70009,8,0,12,0,425,,69984,8,0,12,0,100,,69986,8,0,12,0,230,,69991,8,0,12,0,196,,69993,8,0,12,0,80,,70008,8,0,12,0,20,,69995,8,0,12,0,60,,69996,8,0,12,0,144,,69998,8,0,12,0,70,,69999,8,0,12,0,100,,70001,8,0,12,0
801019,'1955',756,,69860,8,0,12,0,100,,69862,8,0,12,0,70,,69859,8,0,12,0,100,,69877,8,0,12,0,30,,69878,8,0,12,0,70,,69881,8,0,12,0,100,,69876,8,0,12,0,100,,69880,8,0,12,0,30,,69869,8,0,12,0,70,,69882,8,0,12,0,100,,69873,8,0,12,0,100,,69883,8,0,12,0,100,,69875,8,0,12,0,100,,69879,8,0,12,0,130,,69864,8,0,12,0,70,,69865,8,0,12,0
801019,'1956',825,,69919,8,0,12,0,130,,69911,8,0,12,0
801019,'1957',630,,73495,8,0,12,0,20,,73492,8,0,12,0,65,,73491,8,0,12,0,35,,73490,8,0,12,0,80,,73496,8,0,12,0,25,,73478,8,0,12,0,70,,73479,8,0,12,0,30,,73480,8,0,12,0,100,,73481,8,0,12,0,100,,73482,8,0,12,0,69,,73483,8,0,12,0,31,,73484,8,0,12,0,70,,73485,8,0,12,0,100,,73486,8,0,12,0,31,,73493,8,0,12,0,70,,73497,8,0,12,0,85,,73487,8,0,12,0,122,,73498,8,0,12,0,17,,73488,8,0,12,0,60,,73499,8,0,12,0,15,,73494,8,0,12,0,130,,73489,8,0,12,0
801019,'1958',756,,73501,8,0,12,0,100,,73502,8,0,12,0,70,,73500,8,0,12,0,100,,73509,8,0,12,0,30,,73510,8,0,12,0,70,,73513,8,0,12,0,100,,73508,8,0,12,0,100,,73512,8,0,12,0,30,,73505,8,0,12,0,70,,73514,8,0,12,0,100,,73506,8,0,12,0,100,,73515,8,0,12,0,100,,73507,8,0,12,0,100,,73511,8,0,12,0,130,,73503,8,0,12,0,70,,73504,8,0,12,0
801019,'1959',825,,73517,8,0,12,0,130,,73516,8,0,12,0
