2019,'1912',704,,73883,29,,,0,30,,73860,29,,,0,70,,73864,29,,,0,30,,73876,29,,,0,72,,73871,29,,,0,30,,73861,29,,,0,70,,73865,29,,,0,30,,73877,29,,,0,70,,73872,29,,,0,30,,73862,29,,,0,70,,73866,29,,,0,30,,73878,29,,,0,70,,73873,29,,,0,30,,73863,29,,,0,70,,73867,29,,,0,30,,73879,29,,,0,70,,73874,29,,,0,30,,73858,29,,,0,70,,73868,29,,,0,30,,73880,29,,,0,70,,73875,29,,,0,30,,73856,29,,,0,70,,73869,29,,,0,30,,73881,29,,,0,100,,73857,29,,,0,99,,73882,29,,,0,100,,73859,29,,,0,100,,73870,29,,,0,99,,73884,29,,,0
2019,'1959',704,,73975,29,,,0,30,,73952,29,,,0,70,,73956,29,,,0,30,,73968,29,,,0,72,,73963,29,,,0,30,,73953,29,,,0,70,,73957,29,,,0,30,,73969,29,,,0,70,,73964,29,,,0,30,,73954,29,,,0,70,,73958,29,,,0,30,,73970,29,,,0,70,,73965,29,,,0,30,,73955,29,,,0,70,,73959,29,,,0,30,,73971,29,,,0,70,,73966,29,,,0,30,,73950,29,,,0,70,,73960,29,,,0,30,,73972,29,,,0,70,,73967,29,,,0,30,,73948,29,,,0,70,,73961,29,,,0,30,,73973,29,,,0,100,,73949,29,,,0,99,,73974,29,,,0,100,,73951,29,,,0,100,,73962,29,,,0,99,,73976,29,,,0
2019,'1967',634,,73917,20,,,0,70,,73924,29,,,0,30,,73933,29,,,0,70,,73940,29,,,0,30,,73918,29,,,0,70,,73925,29,,,0,30,,73934,29,,,0,71,,73941,29,,,0,31,,73919,29,,,0,70,,73926,29,,,0,30,,73935,29,,,0,70,,73942,29,,,0,30,,73920,29,,,0,70,,73927,29,,,0,30,,73936,29,,,0,70,,73943,29,,,0,30,,73921,29,,,0,70,,73928,29,,,0,30,,73937,29,,,0,70,,73944,29,,,0,30,,73922,29,,,0,70,,73929,29,,,0,30,,73938,29,,,0,70,,73945,29,,,0,30,,73923,29,,,0,70,,73930,29,,,0,30,,73939,29,,,0,99,,73931,29,,,0,100,,73946,29,,,0,100,,73932,29,,,0,100,,73947,29,,,0
2019,'1969',704,,74004,29,,,0,30,,73981,29,,,0,70,,73985,29,,,0,30,,73997,29,,,0,72,,73992,29,,,0,30,,73982,29,,,0,70,,73986,29,,,0,30,,73998,29,,,0,70,,73993,29,,,0,30,,73983,29,,,0,70,,73987,29,,,0,30,,73999,29,,,0,70,,73994,29,,,0,30,,73984,29,,,0,70,,73988,29,,,0,30,,74000,29,,,0,70,,73995,29,,,0,30,,73979,29,,,0,70,,73989,29,,,0,30,,74001,29,,,0,70,,73996,29,,,0,30,,73977,29,,,0,70,,73990,29,,,0,30,,74002,29,,,0,100,,73978,29,,,0,99,,74003,29,,,0,100,,73980,29,,,0,100,,73991,29,,,0,99,,74005,29,,,0
2019,'1976',459,,73916,20,0,5 2 13 14,0,176,,73885,29,,,0,70,,73886,29,,,0,30,,73887,29,,,0,70,,73888,29,,,0,31,,73889,29,,,0,71,,73890,29,,,0,31,,73907,29,,,0,70,,73908,29,,,0,30,,73909,29,,,0,70,,73910,29,,,0,30,,73911,29,,,0,70,,73912,29,,,0,30,,73913,29,,,0,70,,73914,29,,,0,30,,73915,29,,,0,70,,73905,29,,,0,31,,73906,29,,,0,71,,73891,29,,,0,30,,73892,29,,,0,70,,73893,29,,,0,30,,73894,29,,,0,70,,73895,29,,,0,30,,73896,29,,,0,69,,73897,29,,,0,30,,73898,29,,,0,70,,73904,29,,,0,30,,73899,29,,,0,97,,73900,29,,,0,100,,73901,29,,,0,100,,73902,29,,,0,100,,73903,29,,,0
2019,'1977',459,,75172,20,0,5 2 13 14,0,176,,75141,29,,,0,70,,75142,29,,,0,30,,75143,29,,,0,70,,75144,29,,,0,31,,75145,29,,,0,71,,75146,29,,,0,31,,75163,29,,,0,70,,75164,29,,,0,30,,75165,29,,,0,70,,75166,29,,,0,30,,75167,29,,,0,70,,75168,29,,,0,30,,75169,29,,,0,70,,75170,29,,,0,30,,75171,29,,,0,70,,75161,29,,,0,31,,75162,29,,,0,71,,75147,29,,,0,30,,75148,29,,,0,70,,75149,29,,,0,30,,75150,29,,,0,70,,75151,29,,,0,30,,75152,29,,,0,69,,75153,29,,,0,30,,75154,29,,,0,70,,75160,29,,,0,30,,75155,29,,,0,97,,75156,29,,,0,100,,75157,29,,,0,100,,75158,29,,,0,100,,75159,29,,,0
702019,'1912',648,,73221,3,,,0,70,,73211,3,,,0,30,,73229,3,,,0,70,,73217,3,,,0,30,,73210,3,,,0,70,,73228,3,,,0,31,,73220,3,,,0,70,,73209,3,,,0,30,,69375,3,,,0,70,,73216,3,,,0,30,,69356,3,,,0,70,,73222,3,,,0,30,,69360,3,,,0,70,,73208,3,,,0,30,,73227,3,,,0,70,,73215,3,,,0,30,,73207,3,,,0,70,,73225,3,,,0,30,,73219,3,,,0,70,,73206,3,,,0,30,,73224,3,,,0,70,,73214,3,,,0,30,,73205,3,,,0,69,,73223,3,,,0,30,,73213,3,,,0,70,,73204,3,,,0,30,,73226,3,,,0,70,,73212,3,,,0,30,,73203,3,,,0,70,,69377,3,,,0,30,,73218,3,,,0,70,,73202,3,,,0,30,,69372,3,,,0,65,,73230,3,,,0,25,,73231,3,,,0
702019,'1959',648,,73310,3,,,0,70,,73300,3,,,0,30,,73318,3,,,0,70,,73306,3,,,0,30,,73299,3,,,0,70,,73317,3,,,0,31,,73309,3,,,0,70,,73298,3,,,0,30,,69410,3,,,0,70,,73305,3,,,0,30,,69391,3,,,0,70,,73311,3,,,0,30,,69395,3,,,0,70,,73297,3,,,0,30,,73316,3,,,0,70,,73304,3,,,0,30,,73296,3,,,0,70,,73314,3,,,0,30,,73308,3,,,0,70,,73295,3,,,0,30,,73313,3,,,0,70,,73303,3,,,0,30,,73294,3,,,0,69,,73312,3,,,0,30,,73302,3,,,0,70,,73293,3,,,0,30,,73315,3,,,0,70,,73301,3,,,0,30,,73292,3,,,0,70,,69412,3,,,0,30,,73307,3,,,0,70,,73291,3,,,0,30,,69407,3,,,0,65,,73319,3,,,0,25,,73320,3,,,0
702019,'1967',648,,69324,3,,,0,70,,69326,3,,,0,30,,69328,3,,,0,70,,69323,3,,,0,30,,69325,3,,,0,70,,69327,3,,,0,30,,69329,3,,,0,71,,69340,3,,,0,30,,69338,3,,,0,70,,69344,3,,,0,30,,69335,3,,,0,70,,69348,3,,,0,30,,69337,3,,,0,70,,69346,3,,,0,30,,69343,3,,,0,70,,69342,3,,,0,30,,69339,3,,,0,70,,69332,3,,,0,30,,73290,3,,,0,70,,69331,3,,,0,30,,69341,3,,,0,70,,69334,3,,,0,30,,73289,3,,,0,70,,69345,3,,,0,30,,69336,3,,,0,70,,69318,3,,,0,30,,69321,3,,,0,70,,69314,3,,,0,29,,69316,3,,,0,70,,69319,3,,,0,30,,69322,3,,,0,70,,69315,3,,,0,30,,69317,3,,,0,65,,69320,3,,,0,25,,69330,3,,,0
702019,'1969',648,,73251,3,,,0,70,,73241,3,,,0,30,,73259,3,,,0,70,,73247,3,,,0,30,,73240,3,,,0,70,,73258,3,,,0,31,,73250,3,,,0,70,,73239,3,,,0,30,,69445,3,,,0,70,,73246,3,,,0,30,,69426,3,,,0,70,,73252,3,,,0,30,,69430,3,,,0,70,,73238,3,,,0,30,,73257,3,,,0,70,,73245,3,,,0,30,,73237,3,,,0,70,,73255,3,,,0,30,,73249,3,,,0,70,,73236,3,,,0,30,,73254,3,,,0,70,,73244,3,,,0,30,,73235,3,,,0,69,,73253,3,,,0,30,,73243,3,,,0,70,,73234,3,,,0,30,,73256,3,,,0,70,,73242,3,,,0,30,,73233,3,,,0,70,,69447,3,,,0,30,,73248,3,,,0,70,,73232,3,,,0,30,,69442,3,,,0,65,,73260,3,,,0,25,,73261,3,,,0
702019,'1976',633,,73262,3,,,0,25,,73263,3,,,0,64,,69507,3,,,0,21,,69477,3,,,0,15,,73264,3,,,0,63,,64880,3,,,0,17,,73285,3,,,0,12,,69506,3,,,0,72,,69479,3,,,0,20,,74990,3,,,0,70,,73266,3,,,0,30,,73288,3,,,0,70,,74991,3,,,0,30,,69483,3,,,0,70,,73268,3,,,0,30,,74992,3,,,0,70,,74993,3,,,0,30,,73270,3,,,0,70,,73271,3,,,0,31,,74994,3,,,0,70,,73286,3,,,0,22,,73273,3,,,0,20,,73274,3,,,0,60,,73275,3,,,0,20,,73276,3,,,0,20,,73287,3,,,0,60,,73277,3,,,0,18,,73278,3,,,0,20,,74995,3,,,0,65,,69495,3,,,0,30,,69496,3,,,0,70,,73280,3,,,0,30,,69498,3,,,0,70,,73281,3,,,0,30,,73282,3,,,0,70,,69501,3,,,0,30,,73283,3,,,0,70,,69503,3,,,0,30,,69504,3,,,0,65,,73284,3,,,0,25,,69511,3,,,0
702019,'1977',633,,76321,3,,,0,25,,76322,3,,,0,64,,76356,3,,,0,21,,76323,3,,,0,15,,76324,3,,,0,63,,76325,3,,,0,17,,76357,3,,,0,12,,76355,3,,,0,72,,76326,3,,,0,20,,76327,3,,,0,70,,76328,3,,,0,30,,76361,3,,,0,70,,76329,3,,,0,30,,76330,3,,,0,70,,76331,3,,,0,30,,76332,3,,,0,70,,76333,3,,,0,30,,76334,3,,,0,70,,76335,3,,,0,31,,76336,3,,,0,70,,76358,3,,,0,22,,76337,3,,,0,20,,76338,3,,,0,60,,76339,3,,,0,20,,76340,3,,,0,20,,76359,3,,,0,60,,76341,3,,,0,18,,76342,3,,,0,20,,76343,3,,,0,65,,76344,3,,,0,30,,76345,3,,,0,70,,76346,3,,,0,30,,76347,3,,,0,70,,76348,3,,,0,30,,76349,3,,,0,70,,76350,3,,,0,30,,76351,3,,,0,70,,76352,3,,,0,30,,76353,3,,,0,65,,76354,3,,,0,25,,76360,3,,,0
14000001019,'1912',2426,,65844,36,,,0,30,,70196,36,,,0,70,,75054,36,,,0,30,,65845,36,,,0,70,,70197,36,,,0
14000001019,'1959',2426,,65849,36,,,0,30,,70198,36,,,0,70,,75057,36,,,0,30,,65850,36,,,0,70,,70199,36,,,0
14000001019,'1967',2426,,65840,36,,,0,30,,73583,36,,,0,70,,75056,36,,,0,30,,65838,36,,,0,70,,73585,36,,,0
14000001019,'1969',2426,,65854,36,,,0,30,,70200,36,,,0,70,,75058,36,,,0,30,,65855,36,,,0,70,,70201,36,,,0
14000001019,'1976',2426,,65835,36,,,0,30,,73580,36,,,0,70,,75055,36,,,0,30,,65834,36,,,0,70,,73582,36,,,0
14000001019,'1977',2426,,76523,36,,,0,30,,76520,36,,,0,70,,76521,36,,,0,30,,76522,36,,,0,70,,76524,36,,,0
