701019,'1910',621,,68785,5,,,0,28,,68770,5,,,0,70,,68760,5,,,0,30,,68766,5,,,0,70,,68773,5,,,0,15,,68789,5,,,0,15,,68756,5,,,0,70,,68761,5,,,0,30,,68767,5,,,0,58,,68811,5,,,0,15,,68831,5,,,0,30,,68835,5,,,0,70,,68842,5,,,0,30,,68849,5,,,0,55,,68840,5,,,0,15,,68797,5,,,0,30,,68830,5,,,0,55,,68801,5,,,0,15,,68839,5,,,0,30,,68804,5,,,0,70,,68829,5,,,0,30,,68838,5,,,0,55,,68800,5,,,0,15,,68843,5,,,0,30,,68820,5,,,0,55,,68841,5,,,0,45,,68799,5,,,0,55,,68819,5,,,0,15,,68826,5,,,0,30,,68812,5,,,0,55,,68815,5,,,0,45,,68803,5,,,0,53,,68786,5,,,0,15,,68816,5,,,0,15,,68791,5,,,0,15,,68768,5,,,0,70,,68774,5,,,0,30,,68757,5,,,0,70,,68762,5,,,0,30,,68769,5,,,0,70,,68775,5,,,0,30,,68782,5,,,0,70,,68784,5,,,0,25,,68794,5,,,0,65,,68787,5,,,0
701019,'1912',621,,72955,5,,,0,28,,72986,5,,,0,70,,72973,5,,,0,30,,72954,5,,,0,55,,68877,5,,,0,15,,72988,5,,,0,15,,72934,5,,,0,15,,72962,5,,,0,56,,68861,5,,,0,15,,72951,5,,,0,15,,68878,5,,,0,15,,68940,5,,,0,55,,72933,5,,,0,15,,72971,5,,,0,15,,68862,5,,,0,15,,72950,5,,,0,55,,68857,5,,,0,15,,72983,5,,,0,15,,68865,5,,,0,15,,68919,5,,,0,55,,68860,5,,,0,15,,68893,5,,,0,15,,68872,5,,,0,15,,68937,5,,,0,55,,68863,5,,,0,15,,68915,5,,,0,15,,68868,5,,,0,15,,72947,5,,,0,55,,68871,5,,,0,15,,72989,5,,,0,15,,68858,5,,,0,15,,72967,5,,,0,55,,68870,5,,,0,15,,72945,5,,,0,15,,68874,5,,,0,15,,72985,5,,,0,55,,68855,5,,,0,15,,72972,5,,,0,15,,68856,5,,,0,15,,72943,5,,,0,55,,68873,5,,,0,15,,72981,5,,,0,15,,68854,5,,,0,15,,72964,5,,,0,55,,68869,5,,,0,15,,72942,5,,,0,15,,68875,5,,,0,15,,72980,5,,,0,55,,68866,5,,,0,15,,72965,5,,,0,15,,68867,5,,,0,15,,72940,5,,,0,55,,68876,5,,,0,15,,72990,5,,,0,15,,68864,5,,,0,15,,72963,5,,,0,70,,72937,5,,,0,30,,68943,5,,,0,70,,72959,5,,,0,30,,72935,5,,,0,70,,68948,5,,,0,25,,72991,5,,,0,65,,68951,5,,,0
701019,'1924',804,,68976,5,,,0,101,,68960,5,,,0,30,,68977,5,,,0,15,,69039,5,,,0,85,,68961,5,,,0,70,,68956,5,,,0,30,,68964,5,,,0,15,,69018,5,,,0,55,,68959,5,,,0,15,,68992,5,,,0,15,,68971,5,,,0,15,,69036,5,,,0,55,,68962,5,,,0,15,,69014,5,,,0,15,,68967,5,,,0,70,,68970,5,,,0,30,,68957,5,,,0,70,,68969,5,,,0,30,,68973,5,,,0,70,,68954,5,,,0,30,,68955,5,,,0,70,,68972,5,,,0,30,,68953,5,,,0,70,,68968,5,,,0,30,,68974,5,,,0,70,,68965,5,,,0,30,,68966,5,,,0,70,,68975,5,,,0,30,,68963,5,,,0,115,,69042,5,,,0,170,,69047,5,,,0,90,,69050,5,,,0
701019,'1925',621,,73015,5,,,0,28,,73046,5,,,0,70,,73033,5,,,0,30,,73014,5,,,0,55,,69075,5,,,0,15,,73048,5,,,0,15,,72994,5,,,0,15,,73022,5,,,0,56,,69059,5,,,0,15,,73011,5,,,0,15,,69076,5,,,0,15,,69138,5,,,0,55,,72993,5,,,0,15,,73031,5,,,0,15,,69060,5,,,0,15,,73010,5,,,0,55,,69055,5,,,0,15,,73043,5,,,0,15,,69063,5,,,0,15,,69117,5,,,0,55,,69058,5,,,0,15,,69091,5,,,0,15,,69070,5,,,0,15,,69135,5,,,0,55,,69061,5,,,0,15,,69113,5,,,0,15,,69066,5,,,0,15,,73007,5,,,0,55,,69069,5,,,0,15,,73049,5,,,0,15,,69056,5,,,0,15,,73027,5,,,0,55,,69068,5,,,0,15,,73005,5,,,0,15,,69072,5,,,0,15,,73045,5,,,0,55,,69053,5,,,0,15,,73032,5,,,0,15,,69054,5,,,0,15,,73003,5,,,0,55,,69071,5,,,0,15,,73041,5,,,0,15,,69052,5,,,0,15,,73024,5,,,0,55,,69067,5,,,0,15,,73002,5,,,0,15,,69073,5,,,0,15,,73040,5,,,0,55,,69064,5,,,0,15,,73025,5,,,0,15,,69065,5,,,0,15,,73000,5,,,0,55,,69074,5,,,0,15,,73050,5,,,0,15,,69062,5,,,0,15,,73023,5,,,0,70,,72997,5,,,0,30,,69141,5,,,0,70,,73019,5,,,0,30,,72995,5,,,0,70,,69146,5,,,0,25,,73051,5,,,0,65,,69149,5,,,0
701019,'1949',649,,69208,5,,,0,101,,69212,5,,,0,70,,69214,5,,,0,30,,69216,5,,,0,100,,69311,5,,,0,85,,69222,5,,,0,100,,69226,5,,,0,85,,69229,5,,,0,100,,69233,5,,,0,85,,69236,5,,,0,132,,69241,5,,,0,70,,69243,5,,,0,100,,69246,5,,,0,15,,69247,5,,,0,128,,69253,5,,,0,55,,69254,5,,,0,15,,69255,5,,,0,15,,69256,5,,,0,85,,69259,5,,,0,15,,69260,5,,,0,85,,69262,5,,,0,30,,69263,5,,,0,100,,69265,5,,,0,70,,69266,5,,,0,90,,69268,5,,,0
701019,'1955',804,,68788,5,,,0,100,,68790,5,,,0,30,,68795,5,,,0,103,,68847,5,,,0,70,,68802,5,,,0,30,,68824,5,,,0,100,,68845,5,,,0,100,,68823,5,,,0,70,,68837,5,,,0,30,,68846,5,,,0,100,,68828,5,,,0,85,,68848,5,,,0,15,,68851,5,,,0,100,,68817,5,,,0,85,,68821,5,,,0,15,,68810,5,,,0,168,,68792,5,,,0,30,,68793,5,,,0
701019,'1956',621,,69000,5,,,0,28,,69041,5,,,0,70,,69022,5,,,0,30,,68999,5,,,0,70,,69044,5,,,0,15,,68958,5,,,0,15,,69009,5,,,0,71,,68996,5,,,0,85,,68952,5,,,0,15,,69020,5,,,0,30,,68995,5,,,0,70,,69035,5,,,0,230,,68990,5,,,0,70,,69045,5,,,0,30,,69015,5,,,0,70,,68988,5,,,0,30,,69040,5,,,0,70,,69021,5,,,0,30,,68986,5,,,0,70,,69032,5,,,0,30,,69011,5,,,0,70,,68985,5,,,0,30,,69031,5,,,0,70,,69012,5,,,0,30,,68983,5,,,0,70,,69046,5,,,0,30,,69010,5,,,0,70,,68980,5,,,0,100,,69005,5,,,0,30,,68978,5,,,0,95,,69048,5,,,0
701019,'1957',601,,73053,5,,,0,30,,73054,5,,,0,74,,73055,5,,,0,15,,73056,5,,,0,15,,73057,5,,,0,70,,73058,5,,,0,30,,73059,5,,,0,70,,73060,5,,,0,15,,73061,5,,,0,15,,73062,5,,,0,70,,73063,5,,,0,15,,73064,5,,,0,30,,73065,5,,,0,55,,73066,5,,,0,15,,73067,5,,,0,30,,73068,5,,,0,55,,73069,5,,,0,30,,73070,5,,,0,15,,73071,5,,,0,55,,73072,5,,,0,30,,73073,5,,,0,15,,73074,5,,,0,70,,73075,5,,,0,17,,73076,5,,,0,15,,73077,5,,,0,55,,73115,5,,,0,15,,73078,5,,,0,30,,73079,5,,,0,70,,73117,5,,,0,15,,73080,5,,,0,15,,73081,5,,,0,83,,73082,5,,,0,15,,73083,5,,,0,55,,73084,5,,,0,15,,73085,5,,,0,15,,73086,5,,,0,115,,73087,5,,,0,55,,73088,5,,,0,45,,73089,5,,,0,170,,73090,5,,,0,125,,73091,5,,,0
701019,'1958',804,,73122,5,,,0,100,,73123,5,,,0,30,,73126,5,,,0,103,,73139,5,,,0,70,,73127,5,,,0,30,,73132,5,,,0,100,,73137,5,,,0,100,,73131,5,,,0,70,,73135,5,,,0,30,,73138,5,,,0,100,,73134,5,,,0,85,,73140,5,,,0,15,,73141,5,,,0,100,,73129,5,,,0,85,,73130,5,,,0,15,,73128,5,,,0,168,,73124,5,,,0,30,,73125,5,,,0
701019,'1959',621,,73164,5,,,0,28,,73195,5,,,0,70,,73182,5,,,0,30,,73163,5,,,0,70,,73197,5,,,0,15,,73143,5,,,0,15,,73171,5,,,0,71,,73160,5,,,0,85,,73142,5,,,0,15,,73180,5,,,0,30,,73159,5,,,0,70,,73192,5,,,0,230,,73156,5,,,0,70,,73198,5,,,0,30,,73176,5,,,0,70,,73154,5,,,0,30,,73194,5,,,0,70,,73181,5,,,0,30,,73152,5,,,0,70,,73190,5,,,0,30,,73173,5,,,0,70,,73151,5,,,0,30,,73189,5,,,0,70,,73174,5,,,0,30,,73149,5,,,0,70,,73199,5,,,0,30,,73172,5,,,0,70,,73146,5,,,0,100,,73168,5,,,0,30,,73144,5,,,0,95,,73200,5,,,0
