4029,'1912',719,,70787,3,,,0,30,,60008,3,,,0,70,,70786,3,,,0,30,,70788,3,,,0,70,,60005,3,,,0,30,,70779,3,,,0,69,,70782,3,,,0,30,,70767,3,,,0,70,,70772,3,,,0,30,,70775,3,,,0,68,,70778,3,,,0,30,,70780,3,,,0,70,,70768,3,,,0,30,,70771,3,,,0,70,,70774,3,,,0,30,,70777,3,,,0,70,,70781,3,,,0,30,,70769,3,,,0,70,,70770,3,,,0,30,,70773,3,,,0,70,,70776,3,,,0,30,,66240,3,,,0,70,,70791,3,,,0,34,,70792,3,,,0,70,,70790,3,,,0,30,,70785,3,,,0,70,,70789,3,,,0,30,,70783,3,,,0,100,,70784,3,,,0
4029,'1959',719,,70894,3,,,0,30,,60037,3,,,0,70,,70893,3,,,0,30,,70895,3,,,0,70,,60034,3,,,0,30,,70886,3,,,0,69,,70889,3,,,0,30,,70874,3,,,0,70,,70879,3,,,0,30,,70882,3,,,0,68,,70885,3,,,0,30,,70887,3,,,0,70,,70875,3,,,0,30,,70878,3,,,0,70,,70881,3,,,0,30,,70884,3,,,0,70,,70888,3,,,0,30,,70876,3,,,0,70,,70877,3,,,0,30,,70880,3,,,0,70,,70883,3,,,0,30,,66267,3,,,0,70,,70898,3,,,0,34,,70899,3,,,0,70,,70897,3,,,0,30,,70892,3,,,0,70,,70896,3,,,0,30,,70890,3,,,0,100,,70891,3,,,0
4029,'1965',619,,70819,3,,,0,102,,70821,3,,,0,100,,70823,3,,,0,24,,59926,3,,,0,201,,66313,3,,,0,70,,70827,3,,,0,30,,70828,3,,,0,70,,70829,3,,,0,30,,70830,3,,,0,70,,66314,3,,,0,100,,70832,3,,,0,100,,70834,3,,,0,36,,66317,3,,,0,64,,66318,3,,,0,36,,70835,3,,,0,64,,59943,3,,,0,36,,59944,3,,,0,67,,70836,3,,,0,200,,70840,3,,,0,100,,66322,3,,,0,30,,70842,3,,,0
4029,'1966',621,,59977,3,,,0,128,,70869,3,,,0,70,,70870,3,,,0,100,,70872,3,,,0,30,,70860,3,,,0,67,,70854,3,,,0,30,,70847,3,,,0,70,,70858,3,,,0,30,,70864,3,,,0,70,,70859,3,,,0,30,,70846,3,,,0,70,,70851,3,,,0,30,,70862,3,,,0,70,,70845,3,,,0,30,,70861,3,,,0,70,,70856,3,,,0,30,,70848,3,,,0,70,,70843,3,,,0,30,,70863,3,,,0,70,,70866,3,,,0,30,,70857,3,,,0,70,,70852,3,,,0,30,,70873,3,,,0,102,,70844,3,,,0,102,,70855,3,,,0,100,,70853,3,,,0
4029,'1967',649,,70867,3,,,0,70,,70868,3,,,0,130,,70871,3,,,0,1069,,70849,3,,,0,102,,70850,3,,,0,100,,70865,3,,,0
4029,'1969',719,,70813,3,,,0,30,,60066,3,,,0,70,,70812,3,,,0,30,,70814,3,,,0,70,,60063,3,,,0,30,,70805,3,,,0,69,,70808,3,,,0,30,,70793,3,,,0,70,,70798,3,,,0,30,,70801,3,,,0,68,,70804,3,,,0,30,,70806,3,,,0,70,,70794,3,,,0,30,,70797,3,,,0,70,,70800,3,,,0,30,,70803,3,,,0,70,,70807,3,,,0,30,,70795,3,,,0,70,,70796,3,,,0,30,,70799,3,,,0,70,,70802,3,,,0,30,,66294,3,,,0,70,,70817,3,,,0,34,,70818,3,,,0,70,,70816,3,,,0,30,,70811,3,,,0,70,,70815,3,,,0,30,,70809,3,,,0,100,,70810,3,,,0
4029,'1970',649,,74183,3,,,0,96,,74184,3,,,0,171,,74185,3,,,0,30,,74186,3,,,0,70,,74187,3,,,0,330,,74188,3,,,0,105,,74189,3,,,0,397,,74190,3,,,0,70,,74191,3,,,0,30,,74192,3,,,0,101,,74193,3,,,0
4029,'1971',621,,74215,3,,,0,128,,74216,3,,,0,70,,74217,3,,,0,100,,74218,3,,,0,30,,74209,3,,,0,67,,74203,3,,,0,30,,74198,3,,,0,70,,74207,3,,,0,30,,74213,3,,,0,70,,74208,3,,,0,30,,74197,3,,,0,70,,74200,3,,,0,30,,74211,3,,,0,70,,74196,3,,,0,30,,74210,3,,,0,70,,74205,3,,,0,30,,74199,3,,,0,70,,74194,3,,,0,30,,74212,3,,,0,70,,74214,3,,,0,30,,74206,3,,,0,70,,74201,3,,,0,30,,74219,3,,,0,102,,74195,3,,,0,102,,74204,3,,,0,100,,74202,3,,,0
7029,'1912',634,,60679,3,0,13 35,0,70,,60657,3,,,0,100,,60658,3,,,0,30,,71210,3,0,13 35,0,70,,60659,3,,,0,30,,60681,3,0,13 35,0,70,,60660,3,,,0,30,,60676,3,0,13 35,0,70,,60661,3,,,0,30,,71209,3,0,13 35,0,71,,60662,3,,,0,30,,71203,3,0,13 35,0,70,,60663,3,,,0,30,,66666,3,0,13 35,0,70,,60664,3,,,0,30,,66659,3,0,13 35,0,70,,60665,3,,,0,30,,71206,3,0,13 35,0,70,,60666,3,,,0,30,,71202,3,0,13 35,0,70,,60667,3,,,0,30,,71207,3,0,13 35,0,69,,60668,3,,,0,30,,71201,3,0,13 35,0,70,,60669,3,,,0,30,,71208,3,0,13 35,0,70,,60670,3,,,0,30,,71204,3,0,13 35,0,70,,60656,3,,,0,30,,71205,3,0,13 35,0,70,,60689,3,0,13 35,0,30,,60687,3,0,13 35,0,70,,60686,3,0,13 35,0,29,,66656,3,0,13 35,0
7029,'1959',634,,60713,3,0,13 35,0,70,,60691,3,,,0,100,,60692,3,,,0,30,,71281,3,0,13 35,0,70,,60693,3,,,0,30,,60715,3,0,13 35,0,70,,60694,3,,,0,30,,60710,3,0,13 35,0,70,,60695,3,,,0,30,,71280,3,0,13 35,0,71,,60696,3,,,0,30,,71274,3,0,13 35,0,70,,60697,3,,,0,30,,66679,3,0,13 35,0,70,,60698,3,,,0,30,,66672,3,0,13 35,0,70,,60699,3,,,0,30,,71277,3,0,13 35,0,70,,60700,3,,,0,30,,71273,3,0,13 35,0,70,,60701,3,,,0,30,,71278,3,0,13 35,0,69,,60702,3,,,0,30,,71272,3,0,13 35,0,70,,60703,3,,,0,30,,71279,3,0,13 35,0,70,,60704,3,,,0,30,,71275,3,0,13 35,0,70,,60690,3,,,0,30,,71276,3,0,13 35,0,70,,60723,3,0,13 35,0,30,,60721,3,0,13 35,0,70,,60720,3,0,13 35,0,29,,66669,3,0,13 35,0
7029,'1965',504,,60618,3,,,0,35,,60617,3,0,13 35,0,65,,60588,3,,,0,101,,71228,3,,,0,100,,71230,3,,,0,100,,71232,3,,,0,30,,71233,3,,,0,70,,71234,3,,,0,30,,71235,3,,,0,70,,71236,3,,,0,200,,71225,3,,,0,130,,71226,3,,,0,70,,71238,3,,,0,130,,71241,3,,,0,70,,71242,3,,,0,30,,71243,3,,,0,170,,60608,3,,,0,30,,71245,3,,,0,70,,60610,3,,,0,99,,71246,3,,,0,30,,71247,3,0,13 35,0,70,,60612,3,,,0,30,,71249,3,0,13 35,0,70,,71250,3,,,0,30,,71248,3,0,13 35,0
7029,'1966',635,,71251,3,,,0,169,,60635,3,,,0,301,,60638,3,,,0,300,,60641,3,,,0,499,,71267,3,,,0,300,,71268,3,,,0
7029,'1967',705,,71262,3,,,0,30,,71252,3,,,0,99,,71253,3,,,0,70,,71263,3,,,0,30,,71254,3,,,0,71,,71264,3,,,0,30,,66633,3,,,0,100,,71255,3,,,0,70,,71265,3,,,0,30,,71256,3,,,0,70,,60640,3,,,0,30,,66636,3,,,0,100,,71257,3,,,0,70,,60642,3,,,0,30,,71258,3,,,0,70,,66647,3,,,0,30,,71259,3,,,0,70,,60644,3,,,0,30,,71260,3,,,0,70,,71266,3,,,0,30,,71261,3,,,0,99,,66642,3,,,0,70,,60647,3,,,0,30,,66655,3,0,13 35,0,70,,60648,3,,,0,30,,66654,3,0,13 35,0,100,,71271,3,0,13 35,0,70,,60650,3,,,0,30,,71270,3,0,13 35,0
7029,'1969',634,,60747,3,0,13 35,0,70,,60725,3,,,0,100,,60726,3,,,0,30,,71220,3,0,13 35,0,70,,60727,3,,,0,30,,60749,3,0,13 35,0,70,,60728,3,,,0,30,,60744,3,0,13 35,0,70,,60729,3,,,0,30,,71219,3,0,13 35,0,71,,60730,3,,,0,30,,71213,3,0,13 35,0,70,,60731,3,,,0,30,,66692,3,0,13 35,0,70,,60732,3,,,0,30,,66685,3,0,13 35,0,70,,60733,3,,,0,30,,71216,3,0,13 35,0,70,,60734,3,,,0,30,,71212,3,0,13 35,0,70,,60735,3,,,0,30,,71217,3,0,13 35,0,69,,60736,3,,,0,30,,71211,3,0,13 35,0,70,,60737,3,,,0,30,,71218,3,0,13 35,0,70,,60738,3,,,0,30,,71214,3,0,13 35,0,70,,60724,3,,,0,30,,71215,3,0,13 35,0,70,,60757,3,0,13 35,0,30,,60755,3,0,13 35,0,70,,60754,3,0,13 35,0,29,,66682,3,0,13 35,0
7029,'1970',634,,74323,3,,,0,101,,74324,3,,,0,100,,74325,3,,,0,300,,74326,3,,,0,70,,74321,3,,,0,30,,74322,3,,,0,100,,74320,3,,,0,70,,74319,3,,,0,130,,74327,3,,,0,70,,74328,3,,,0,200,,74329,3,,,0,30,,74330,3,,,0,199,,74331,3,0,13 35,0
7029,'1971',635,,74332,3,,,0,169,,74333,3,,,0,301,,74334,3,,,0,300,,74335,3,,,0,499,,74336,3,,,0,300,,74337,3,,,0
13019,'1912',803,,71572,10,,,0,100,,61342,10,,,0,100,,71562,10,,,0,101,,71563,10,,,0,101,,71564,10,,,0,101,,67142,10,,,0,100,,67143,10,,,0,100,,71565,10,,,0,100,,71566,10,,,0,98,,71567,10,,,0,99,,71568,10,,,0,100,,71569,10,,,0,100,,71570,10,,,0,100,,71571,10,,,0,100,,61341,10,,,0
13019,'1959',803,,71629,10,,,0,100,,61357,10,,,0,100,,71619,10,,,0,101,,71620,10,,,0,101,,71621,10,,,0,101,,67155,10,,,0,100,,67156,10,,,0,100,,71622,10,,,0,100,,71623,10,,,0,98,,71624,10,,,0,99,,71625,10,,,0,100,,71626,10,,,0,100,,71627,10,,,0,100,,71628,10,,,0,100,,61356,10,,,0
13019,'1965',744,,71587,10,,,0,297,,71590,10,,,0,200,,71592,10,,,0,170,,71594,10,,,0,32,,71595,10,,,0,70,,71596,10,,,0,130,,71600,10,,,0,70,,67203,10,,,0,28,,71601,10,,,0,299,,71599,10,,,0,98,,61318,10,,,0,100,,71598,10,,,0
13019,'1966',2103,,71617,10,,,0,200,,71618,10,,,0
13019,'1967',703,,71604,10,,,0,100,,71605,10,,,0,100,,71606,10,,,0,100,,71607,10,,,0,104,,71608,10,,,0,100,,71609,10,,,0,100,,67129,10,,,0,100,,71610,10,,,0,100,,71611,10,,,0,100,,71612,10,,,0,99,,71613,10,,,0,99,,71614,10,,,0,99,,71615,10,,,0,99,,71616,10,,,0
13019,'1969',803,,71583,10,,,0,100,,61372,10,,,0,100,,71573,10,,,0,101,,71574,10,,,0,101,,71575,10,,,0,101,,67168,10,,,0,100,,67169,10,,,0,100,,71576,10,,,0,100,,71577,10,,,0,98,,71578,10,,,0,99,,71579,10,,,0,100,,71580,10,,,0,100,,71581,10,,,0,100,,71582,10,,,0,100,,61371,10,,,0
13019,'1970',615,,74419,10,,,0,30,,74420,10,,,0,69,,74421,10,,,0,126,,74422,10,,,0,101,,74423,10,,,0,200,,74424,10,,,0,200,,74425,10,,,0,202,,74429,10,,,0,70,,74426,10,,,0,228,,74428,10,,,0,100,,74427,10,,,0
13019,'1971',2103,,74430,10,,,0,200,,74431,10,,,0
501019,'1912',607,,62927,2,,,0,30,,72182,2,,,0,67,,62926,2,,,0,30,,72181,2,,,0,70,,62929,2,,,0,30,,72183,2,,,0,70,,72180,2,,,0,30,,67874,2,,,0,70,,72174,2,,,0,30,,67866,2,,,0,71,,72173,2,,,0,30,,67867,2,,,0,70,,72176,2,,,0,30,,67868,2,,,0,70,,72172,2,,,0,30,,67873,2,,,0,70,,72171,2,,,0,30,,67872,2,,,0,70,,72170,2,,,0,30,,67869,2,,,0,70,,72169,2,,,0,30,,67871,2,,,0,70,,72175,2,,,0,30,,67870,2,,,0,70,,72179,2,,,0,30,,67878,2,,,0,70,,72178,2,,,0,30,,67881,2,,,0,69,,72177,2,,,0,30,,67853,2,,,0,70,,62923,2,,,0,30,,67879,2,,,0,70,,62922,2,,,0,30,,67880,2,,,0,70,,62921,2,,,0
501019,'1959',607,,62962,2,,,0,30,,72266,2,,,0,67,,62961,2,,,0,30,,72265,2,,,0,70,,62964,2,,,0,30,,72267,2,,,0,70,,72264,2,,,0,30,,67903,2,,,0,70,,72258,2,,,0,30,,67895,2,,,0,71,,72257,2,,,0,30,,67896,2,,,0,70,,72260,2,,,0,30,,67897,2,,,0,70,,72256,2,,,0,30,,67902,2,,,0,70,,72255,2,,,0,30,,67901,2,,,0,70,,72254,2,,,0,30,,67898,2,,,0,70,,72253,2,,,0,30,,67900,2,,,0,70,,72259,2,,,0,30,,67899,2,,,0,70,,72263,2,,,0,30,,67907,2,,,0,70,,72262,2,,,0,30,,67910,2,,,0,69,,72261,2,,,0,30,,67882,2,,,0,70,,62958,2,,,0,30,,67908,2,,,0,70,,62957,2,,,0,30,,67909,2,,,0,70,,62956,2,,,0
501019,'1965',604,,62836,2,,,0,30,,72199,2,,,0,75,,62838,2,,,0,24,,72200,2,,,0,76,,72202,2,,,0,24,,72203,2,,,0,103,,67965,2,,,0,70,,72206,2,,,0,30,,72207,2,,,0,70,,72208,2,,,0,30,,72209,2,,,0,70,,67966,2,,,0,100,,72211,2,,,0,30,,72212,2,,,0,70,,72213,2,,,0,26,,67968,2,,,0,12,,72214,2,,,0,62,,72215,2,,,0,24,,72216,2,,,0,12,,72217,2,,,0,64,,72218,2,,,0,24,,72219,2,,,0,12,,62862,2,,,0,87,,67974,2,,,0,12,,72221,2,,,0,94,,67977,2,,,0,70,,72222,2,,,0,100,,62870,2,,,0,30,,72223,2,,,0,69,,67980,2,,,0,30,,72224,2,,,0,70,,67982,2,,,0,30,,72225,2,,,0,70,,62876,2,,,0
501019,'1966',637,,72233,2,,,0,267,,72227,2,,,0,101,,72237,2,,,0,31,,72247,2,,,0,70,,72238,2,,,0,30,,72248,2,,,0,70,,72239,2,,,0,30,,72249,2,,,0,70,,72240,2,,,0,30,,72250,2,,,0,70,,72241,2,,,0,30,,72251,2,,,0,70,,72242,2,,,0,30,,72252,2,,,0,70,,72243,2,,,0,30,,72245,2,,,0,70,,72244,2,,,0,30,,72246,2,,,0,70,,72226,2,,,0,29,,72236,2,,,0,99,,72234,2,,,0,100,,72235,2,,,0
501019,'1967',607,,72230,2,,,0,97,,72229,2,,,0,30,,72232,2,,,0,70,,72228,2,,,0,30,,67831,2,,,0,100,,72231,2,,,0,970,,62881,2,,,0,100,,62880,2,,,0,100,,62879,2,,,0,30,,67832,2,,,0,70,,62878,2,,,0,30,,67833,2,,,0,70,,62877,2,,,0
501019,'1969',607,,62997,2,,,0,30,,72197,2,,,0,67,,62996,2,,,0,30,,72196,2,,,0,70,,62999,2,,,0,30,,72198,2,,,0,70,,72195,2,,,0,30,,67932,2,,,0,70,,72189,2,,,0,30,,67924,2,,,0,71,,72188,2,,,0,30,,67925,2,,,0,70,,72191,2,,,0,30,,67926,2,,,0,70,,72187,2,,,0,30,,67931,2,,,0,70,,72186,2,,,0,30,,67930,2,,,0,70,,72185,2,,,0,30,,67927,2,,,0,70,,72184,2,,,0,30,,67929,2,,,0,70,,72190,2,,,0,30,,67928,2,,,0,70,,72194,2,,,0,30,,67936,2,,,0,70,,72193,2,,,0,30,,67939,2,,,0,69,,72192,2,,,0,30,,67911,2,,,0,70,,62993,2,,,0,30,,67937,2,,,0,70,,62992,2,,,0,30,,67938,2,,,0,70,,62991,2,,,0
501019,'1970',757,,74801,2,,,0,98,,74802,2,,,0,51,,74803,2,,,0,330,,74804,2,,,0,470,,74805,2,,,0,101,,74806,2,,,0,128,,74807,2,,,0
501019,'1971',637,,74810,2,,,0,267,,74809,2,,,0,101,,74814,2,,,0,31,,74824,2,,,0,70,,74815,2,,,0,30,,74825,2,,,0,70,,74816,2,,,0,30,,74826,2,,,0,70,,74817,2,,,0,30,,74827,2,,,0,70,,74818,2,,,0,30,,74828,2,,,0,70,,74819,2,,,0,30,,74829,2,,,0,70,,74820,2,,,0,30,,74822,2,,,0,70,,74821,2,,,0,30,,74823,2,,,0,70,,74808,2,,,0,29,,74813,2,,,0,99,,74811,2,,,0,100,,74812,2,,,0
14000001019,'1912',2357,,65844,5,,,0,70,,70196,5,,,0,30,,75054,5,,,0,70,,65845,5,,,0,30,,70197,5,,,0
14000001019,'1959',2357,,65849,5,,,0,70,,70198,5,,,0,100,,65850,5,,,0,30,,70199,5,,,0
14000001019,'1965',2357,,65835,5,,,0,70,,73580,5,,,0,100,,65834,5,,,0,30,,73582,5,,,0
14000001019,'1966',2457,,73584,5,,,0
14000001019,'1967',2357,,65840,5,,,0,70,,73583,5,,,0,100,,65838,5,,,0,30,,73585,5,,,0
14000001019,'1968',2457,,73579,5,,,0
14000001019,'1969',2357,,65854,5,,,0,70,,70200,5,,,0,100,,65855,5,,,0,30,,70201,5,,,0
14000001019,'1970',2457,,75055,5,,,0
14000001019,'1971',2457,,75056,5,,,0
14000001019,'1972',2457,,75057,5,,,0
14000001019,'1973',2457,,75058,5,,,0
