16029,'1909',1507,,61858,10,,,0,29,,61859,10,,,0,102,,61861,10,,,0,167,,61864,10,,,0,30,,61872,10,,,0,97,,61866,10,,,0,123,,61869,10,,,0
16029,'1910',559,,61905,10,,,0,67,,61904,10,,,0,30,,61888,10,,,0,67,,61874,10,,,0,30,,61881,10,,,0,71,,61895,10,,,0,30,,61889,10,,,0,70,,61875,10,,,0,31,,61882,10,,,0,70,,61896,10,,,0,30,,61890,10,,,0,70,,61876,10,,,0,30,,61883,10,,,0,70,,61897,10,,,0,32,,61891,10,,,0,70,,61877,10,,,0,30,,61884,10,,,0,70,,61898,10,,,0,30,,61892,10,,,0,70,,61878,10,,,0,30,,61885,10,,,0,70,,61899,10,,,0,29,,61893,10,,,0,70,,61879,10,,,0,30,,61886,10,,,0,69,,61900,10,,,0,29,,61894,10,,,0,70,,61880,10,,,0,29,,61887,10,,,0,70,,61901,10,,,0,100,,61902,10,,,0,30,,61903,10,,,0
16029,'1912',725,,67445,10,,,0,102,,71800,10,,,0,97,,71798,10,,,0,103,,71803,10,,,0,98,,71805,10,,,0,100,,71802,10,,,0,101,,71804,10,,,0,100,,71797,10,,,0,100,,71799,10,,,0,99,,71801,10,,,0,99,,67438,10,,,0,100,,61917,10,,,0,100,,61912,10,,,0,102,,61913,10,,,0,97,,71806,10,,,0
16029,'1924',725,,67457,10,,,0,999,,67450,10,,,0,100,,61932,10,,,0,100,,61927,10,,,0,102,,61928,10,,,0
16029,'1925',725,,67469,10,,,0,102,,71810,10,,,0,97,,71808,10,,,0,103,,71813,10,,,0,98,,71815,10,,,0,100,,71812,10,,,0,101,,71814,10,,,0,100,,71807,10,,,0,100,,71809,10,,,0,99,,71811,10,,,0,99,,67462,10,,,0,100,,61947,10,,,0,100,,61942,10,,,0,102,,61943,10,,,0,97,,71816,10,,,0
16029,'1949',1608,,67488,10,,,0,99,,67489,10,,,0,28,,67490,10,,,0
16029,'1956',827,,67449,10,,,0,97,,67447,10,,,0,103,,67453,10,,,0,98,,67455,10,,,0,100,,67452,10,,,0,101,,67454,10,,,0,100,,67446,10,,,0,100,,67448,10,,,0,99,,67451,10,,,0,498,,67456,10,,,0
16029,'1957',556,,71839,10,,,0,70,,71817,10,,,0,33,,71818,10,,,0,75,,71819,10,,,0,71,,71820,10,,,0,32,,71821,10,,,0,70,,71822,10,,,0,30,,71823,10,,,0,67,,71824,10,,,0,30,,71825,10,,,0,70,,71826,10,,,0,30,,71827,10,,,0,70,,71828,10,,,0,30,,71829,10,,,0,70,,71830,10,,,0,30,,71831,10,,,0,71,,71832,10,,,0,31,,71833,10,,,0,466,,71834,10,,,0,100,,71835,10,,,0,24,,71836,10,,,0,99,,71837,10,,,0,27,,71838,10,,,0
16029,'1959',827,,71843,10,,,0,97,,71841,10,,,0,103,,71846,10,,,0,98,,71848,10,,,0,100,,71845,10,,,0,101,,71847,10,,,0,100,,71840,10,,,0,100,,71842,10,,,0,99,,71844,10,,,0,498,,71849,10,,,0
32019,'1909',707,,62566,29,,,0,104,,62561,29,,,0,129,,62553,29,,,0,100,,62543,29,,,0,170,,62557,29,,,0,100,,62564,29,,,0,129,,62569,29,,,0,70,,62556,29,,,0,30,,62549,29,,,0,70,,62563,29,,,0,30,,62542,29,,,0,70,,62560,29,,,0,31,,62568,29,,,0,398,,62548,29,,,0
32019,'1912',641,,62617,29,,,0,95,,62618,29,,,0,100,,62619,29,,,0,100,,62620,29,,,0,100,,62621,29,,,0,101,,62622,29,,,0,103,,62623,29,,,0,100,,62624,29,,,0,100,,62625,29,,,0,100,,62626,29,,,0,100,,62627,29,,,0,100,,62628,29,,,0,97,,62629,29,,,0,100,,62630,29,,,0,100,,62631,29,,,0,100,,62632,29,,,0,100,,62633,29,,,0,95,,62635,29,0,5 2 8 7,0
32019,'1924',641,,62636,29,,,0,95,,62637,29,,,0,100,,62638,29,,,0,100,,62639,29,,,0,100,,62640,29,,,0,101,,62641,29,,,0,103,,62642,29,,,0,100,,62643,29,,,0,100,,62644,29,,,0,100,,62645,29,,,0,100,,62646,29,,,0,100,,62647,29,,,0,97,,62648,29,,,0,100,,62649,29,,,0,100,,62650,29,,,0,100,,62651,29,,,0,100,,62652,29,,,0,95,,62654,29,0,5 2 8 7,0
32019,'1925',641,,62655,29,,,0,95,,62656,29,,,0,100,,62657,29,,,0,100,,62658,29,,,0,100,,62659,29,,,0,101,,62660,29,,,0,103,,62661,29,,,0,100,,62662,29,,,0,100,,62663,29,,,0,100,,62664,29,,,0,100,,62665,29,,,0,100,,62666,29,,,0,97,,62667,29,,,0,100,,62668,29,,,0,100,,62669,29,,,0,100,,62670,29,,,0,100,,62671,29,,,0,95,,62673,29,0,5 2 8 7,0
32019,'1949',641,,67817,29,,,0,99,,67816,29,,,0,171,,67819,29,,,0,99,,67821,29,,,0,130,,67822,29,,,0,100,,67818,29,,,0,170,,67820,29,,,0
32019,'1955',640,,67784,29,,,0,65,,67801,29,,,0,30,,67778,29,,,0,70,,67795,29,,,0,30,,67802,29,,,0,72,,67790,29,,,0,30,,67783,29,,,0,70,,67800,29,,,0,30,,67777,29,,,0,70,,67794,29,,,0,30,,67805,29,,,0,71,,67789,29,,,0,30,,67782,29,,,0,72,,67799,29,,,0,30,,67776,29,,,0,70,,67793,29,,,0,30,,67804,29,,,0,70,,67788,29,,,0,30,,67781,29,,,0,70,,67798,29,,,0,30,,67775,29,,,0,70,,67792,29,,,0,30,,67806,29,,,0,69,,67787,29,,,0,30,,67780,29,,,0,68,,67796,29,,,0,30,,62581,29,,,0,100,,67803,29,,,0,98,,67779,29,,,0,100,,62580,29,,,0,100,,67807,29,0,5 2 8 7,0
32019,'1957',841,,72126,29,,,0,269,,72123,29,,,0,230,,72119,29,,,0,471,,72122,29,,,0,28,,72121,29,,,0,70,,72124,29,,,0,30,,72120,29,,,0,99,,72125,29,,,0,200,,72118,29,,,0,95,,72128,29,0,5 2 8 7,0
32019,'1958',640,,72143,29,,,0,65,,72160,29,,,0,30,,72137,29,,,0,70,,72154,29,,,0,30,,72161,29,,,0,72,,72149,29,,,0,30,,72142,29,,,0,70,,72159,29,,,0,30,,72136,29,,,0,70,,72153,29,,,0,30,,72164,29,,,0,71,,72148,29,,,0,30,,72141,29,,,0,72,,72158,29,,,0,30,,72135,29,,,0,70,,72152,29,,,0,30,,72163,29,,,0,70,,72147,29,,,0,30,,72140,29,,,0,70,,72157,29,,,0,30,,72134,29,,,0,70,,72151,29,,,0,30,,72165,29,,,0,69,,72146,29,,,0,30,,72139,29,,,0,68,,72155,29,,,0,30,,72133,29,,,0,100,,72162,29,,,0,98,,72138,29,,,0,100,,72132,29,,,0,100,,72166,29,0,5 2 8 7,0
