4029,'1838',721,,35575,5,,,0,30,,51732,5,,,0,70,,35573,5,,,0,30,,44173,5,,,0,70,,51731,5,,,0,30,,35566,5,,,0,68,,44168,5,,,0,30,,44160,5,,,0,70,,44163,5,,,0,30,,35562,5,,,0,69,,44166,5,,,0,30,,35567,5,,,0,70,,44161,5,,,0,30,,35558,5,,,0,70,,44164,5,,,0,30,,35564,5,,,0,70,,44167,5,,,0,30,,35556,5,,,0,70,,44162,5,,,0,30,,35560,5,,,0,70,,44165,5,,,0,30,,51734,5,,,0,70,,44176,5,,,0,33,,44178,5,,,0,70,,51733,5,,,0,30,,44171,5,,,0,70,,44175,5,,,0,30,,44169,5,,,0,100,,44170,5,,,0
4029,'1897',621,,48875,5,,,0,30,,48876,5,,,0,71,,48877,5,,,0,25,,48878,5,,,0,76,,48879,5,,,0,24,,48880,5,,,0,71,,48881,5,,,0,30,,48882,5,,,0,70,,48883,5,,,0,30,,48884,5,,,0,70,,48885,5,,,0,30,,48886,5,,,0,70,,48887,5,,,0,30,,48888,5,,,0,70,,48889,5,,,0,30,,48890,5,,,0,70,,48891,5,,,0,35,,48892,5,,,0,65,,48893,5,,,0,36,,48894,5,,,0,64,,48895,5,,,0,36,,48896,5,,,0,64,,48897,5,,,0,36,,48898,5,,,0,67,,48899,5,,,0,29,,48900,5,,,0,70,,48901,5,,,0,30,,48902,5,,,0,71,,48903,5,,,0,30,,48904,5,,,0,70,,48905,5,,,0,30,,48906,5,,,0
4029,'1898',623,,48931,5,,,0,28,,48932,5,,,0,70,,48933,5,,,0,30,,48934,5,,,0,70,,48935,5,,,0,30,,48936,5,,,0,70,,48937,5,,,0,30,,48924,5,,,0,70,,48918,5,,,0,28,,48911,5,,,0,70,,48922,5,,,0,29,,48928,5,,,0,70,,48923,5,,,0,30,,48910,5,,,0,70,,48915,5,,,0,30,,48926,5,,,0,70,,48909,5,,,0,30,,48925,5,,,0,70,,48920,5,,,0,30,,48912,5,,,0,70,,48907,5,,,0,30,,48927,5,,,0,70,,48930,5,,,0,30,,48921,5,,,0,70,,48916,5,,,0,29,,48938,5,,,0,75,,48913,5,,,0,30,,48908,5,,,0,69,,48914,5,,,0,30,,48919,5,,,0,70,,48929,5,,,0,30,,48917,5,,,0
4029,'1899',721,,51756,5,,,0,30,,51758,5,,,0,70,,51754,5,,,0,30,,51757,5,,,0,70,,51755,5,,,0,30,,51747,5,,,0,68,,51750,5,,,0,30,,51735,5,,,0,70,,51740,5,,,0,30,,51743,5,,,0,69,,51746,5,,,0,30,,51748,5,,,0,70,,51736,5,,,0,30,,51739,5,,,0,70,,51742,5,,,0,30,,51745,5,,,0,70,,51749,5,,,0,30,,51737,5,,,0,70,,51738,5,,,0,30,,51741,5,,,0,70,,51744,5,,,0,30,,51762,5,,,0,70,,51761,5,,,0,33,,51763,5,,,0,70,,51760,5,,,0,30,,51753,5,,,0,70,,51759,5,,,0,30,,51751,5,,,0,100,,51752,5,,,0
7029,'1838',706,,51861,5,,,0,100,,51862,5,,,0,100,,51863,5,,,0,100,,51864,5,,,0,100,,51865,5,,,0,100,,51866,5,,,0,100,,51867,5,,,0,100,,51868,5,,,0,100,,51869,5,,,0,100,,51870,5,,,0,100,,51871,5,,,0,100,,51872,5,,,0,100,,51873,5,,,0,99,,51874,5,,,0,100,,51860,5,,,0
7029,'1897',505,,49158,5,,,0,100,,49159,5,,,0,30,,49160,5,,,0,71,,49161,5,,,0,30,,49162,5,,,0,70,,49163,5,,,0,30,,49164,5,,,0,70,,49165,5,,,0,30,,49166,5,,,0,70,,49167,5,,,0,30,,49168,5,,,0,70,,49169,5,,,0,30,,49170,5,,,0,70,,49154,5,,,0,30,,49155,5,,,0,70,,49156,5,,,0,31,,49153,5,,,0,70,,49152,5,,,0,30,,49157,5,,,0,70,,49171,5,,,0,30,,49172,5,,,0,70,,49173,5,,,0,29,,49174,5,,,0,70,,49175,5,,,0,30,,49176,5,,,0,70,,49177,5,,,0,30,,49178,5,,,0,70,,49179,5,,,0,30,,49180,5,,,0,70,,49181,5,,,0,99,,49182,5,,,0,100,,49183,5,,,0,100,,49184,5,,,0,30,,49185,5,0,13 14,0
7029,'1898',637,,49186,5,,,0,70,,49200,5,,,0,30,,49187,5,,,0,69,,49201,5,,,0,30,,49188,5,,,0,70,,49202,5,,,0,30,,49189,5,,,0,70,,49203,5,,,0,30,,49190,5,,,0,70,,49204,5,,,0,30,,49191,5,,,0,70,,49205,5,,,0,30,,49192,5,,,0,70,,49206,5,,,0,30,,49193,5,,,0,70,,49207,5,,,0,30,,49194,5,,,0,70,,49208,5,,,0,30,,49195,5,,,0,70,,49209,5,,,0,30,,49196,5,,,0,70,,49210,5,,,0,30,,49197,5,,,0,70,,49211,5,,,0,30,,49198,5,,,0,70,,49212,5,,,0,30,,49199,5,,,0,69,,49213,5,,,0,100,,49214,5,,,0,100,,49215,5,,,0,100,,49216,5,,,0,30,,49218,5,0,13 14,0
7029,'1899',706,,51876,5,,,0,100,,51877,5,,,0,100,,51878,5,,,0,100,,51879,5,,,0,100,,51880,5,,,0,100,,51881,5,,,0,100,,51882,5,,,0,100,,51883,5,,,0,100,,51884,5,,,0,100,,51885,5,,,0,100,,51886,5,,,0,100,,51887,5,,,0,100,,51888,5,,,0,99,,51889,5,,,0,100,,51875,5,,,0,230,,51890,5,0,13 14,0
501019,'1838',609,,45632,4,,,0,30,,45645,4,,,0,67,,45631,4,,,0,30,,45644,4,,,0,70,,45634,4,,,0,30,,45646,4,,,0,70,,38590,4,,,0,30,,52406,4,,,0,71,,52394,4,,,0,30,,52398,4,,,0,70,,45623,4,,,0,30,,52399,4,,,0,70,,45626,4,,,0,30,,52400,4,,,0,70,,45622,4,,,0,30,,52405,4,,,0,70,,45621,4,,,0,30,,52404,4,,,0,70,,45620,4,,,0,30,,52401,4,,,0,70,,45619,4,,,0,30,,52403,4,,,0,70,,45625,4,,,0,30,,52402,4,,,0,69,,45633,4,,,0,30,,52407,4,,,0,70,,45630,4,,,0,30,,38606,4,,,0,70,,45629,4,,,0,30,,52393,4,,,0,70,,52397,4,,,0,30,,52408,4,,,0,69,,52396,4,,,0,30,,52409,4,,,0,70,,52395,4,,,0
501019,'1897',606,,50275,4,,,0,30,,50276,4,,,0,73,,50277,4,,,0,25,,50278,4,,,0,24,,50279,4,,,0,52,,50280,4,,,0,24,,50281,4,,,0,22,,50282,4,,,0,51,,50283,4,,,0,30,,50284,4,,,0,70,,50285,4,,,0,30,,50286,4,,,0,70,,50287,4,,,0,30,,50288,4,,,0,70,,50289,4,,,0,30,,50290,4,,,0,70,,50291,4,,,0,30,,50292,4,,,0,70,,50293,4,,,0,26,,50294,4,,,0,12,,50295,4,,,0,62,,50296,4,,,0,24,,50297,4,,,0,12,,50298,4,,,0,64,,50299,4,,,0,24,,50300,4,,,0,12,,50301,4,,,0,64,,50302,4,,,0,24,,50303,4,,,0,12,,50304,4,,,0,66,,50305,4,,,0,28,,50306,4,,,0,70,,50307,4,,,0,29,,50308,4,,,0,70,,50309,4,,,0,30,,50310,4,,,0,70,,50311,4,,,0,30,,50312,4,,,0,69,,50313,4,,,0,30,,50314,4,,,0,70,,50315,4,,,0
501019,'1898',609,,50325,4,,,0,30,,50328,4,,,0,67,,50324,4,,,0,30,,50327,4,,,0,70,,50323,4,,,0,30,,50329,4,,,0,70,,50322,4,,,0,30,,50326,4,,,0,71,,50335,4,,,0,30,,50345,4,,,0,70,,50336,4,,,0,30,,50346,4,,,0,70,,50337,4,,,0,30,,50347,4,,,0,70,,50338,4,,,0,30,,50348,4,,,0,70,,50339,4,,,0,30,,50349,4,,,0,70,,50340,4,,,0,30,,50350,4,,,0,70,,50341,4,,,0,30,,50343,4,,,0,70,,50342,4,,,0,30,,50344,4,,,0,70,,50321,4,,,0,29,,50334,4,,,0,70,,50320,4,,,0,30,,50332,4,,,0,70,,50319,4,,,0,30,,50333,4,,,0,70,,50318,4,,,0,30,,50330,4,,,0,69,,50317,4,,,0,30,,50331,4,,,0,70,,50316,4,,,0
501019,'1899',609,,52425,4,,,0,30,,52439,4,,,0,67,,52424,4,,,0,30,,52438,4,,,0,70,,52427,4,,,0,30,,52440,4,,,0,70,,52428,4,,,0,30,,52437,4,,,0,71,,52416,4,,,0,30,,52429,4,,,0,70,,52415,4,,,0,30,,52430,4,,,0,70,,52418,4,,,0,30,,52431,4,,,0,70,,52414,4,,,0,30,,52436,4,,,0,70,,52413,4,,,0,30,,52435,4,,,0,70,,52412,4,,,0,30,,52432,4,,,0,70,,52411,4,,,0,30,,52434,4,,,0,70,,52417,4,,,0,30,,52433,4,,,0,69,,52426,4,,,0,30,,52441,4,,,0,70,,52423,4,,,0,30,,52444,4,,,0,70,,52422,4,,,0,30,,52410,4,,,0,70,,52421,4,,,0,30,,52442,4,,,0,69,,52420,4,,,0,30,,52443,4,,,0,70,,52419,4,,,0
20007019,'1838',636,,52953,5,,,0,200,,52949,5,,,0,100,,48439,5,,,0,100,,41918,5,,,0,100,,41919,5,,,0,100,,41920,5,,,0,100,,48440,5,,,0,100,,41922,5,,,0,100,,41923,5,,,0,100,,41924,5,,,0,100,,41925,5,,,0,100,,41926,5,,,0,100,,41927,5,,,0,99,,43939,5,,,0,100,,48441,5,,,0,70,,52951,5,,,0,30,,52950,5,,,0,70,,52948,5,,,0,30,,52952,5,,,0
20007019,'1897',540,,51487,5,,,0,1495,,51488,5,,,0,100,,51489,5,,,0,100,,51490,5,,,0,200,,51491,5,,,0
20007019,'1898',2035,,51492,5,,,0,100,,51493,5,,,0,100,,51494,5,,,0
20007019,'1899',636,,52969,5,,,0,200,,52955,5,,,0,100,,52956,5,,,0,100,,52957,5,,,0,100,,52958,5,,,0,100,,52959,5,,,0,100,,52960,5,,,0,100,,52961,5,,,0,100,,52962,5,,,0,100,,52963,5,,,0,100,,52964,5,,,0,100,,52965,5,,,0,100,,52966,5,,,0,99,,52967,5,,,0,100,,52968,5,,,0,70,,52971,5,,,0,30,,52970,5,,,0,70,,52954,5,,,0
14000001019,'1838',2359,,52974,7,,,0,70,,52973,7,,,0,30,,52978,7,,,0,70,,52975,7,,,0,30,,52976,7,,,0
14000001019,'1897',2359,,51500,7,,,0,70,,51497,7,,,0,30,,51501,7,,,0,70,,51499,7,,,0,30,,51498,7,,,0
14000001019,'1898',2359,,51508,7,,,0,70,,51509,7,,,0,30,,51510,7,,,0,70,,51511,7,,,0,30,,51506,7,,,0
14000001019,'1899',2359,,52979,7,,,0,70,,52981,7,,,0,30,,52982,7,,,0,70,,52983,7,,,0,30,,52984,7,,,0
