1029,'1966',557,,70284,9,,,0,68,,70296,9,,,0,30,,70303,9,,,0,70,,70291,9,,,0,30,,70312,9,,,0,70,,70300,9,,,0,30,,70283,9,,,0,68,,70295,9,,,0,30,,70306,9,,,0,70,,70290,9,,,0,30,,70313,9,,,0,70,,70299,9,,,0,30,,70282,9,,,0,70,,70294,9,,,0,30,,70305,9,,,0,70,,70289,9,,,0,30,,70285,9,,,0,70,,70298,9,,,0,30,,70281,9,,,0,70,,70293,9,,,0,30,,70301,9,,,0,70,,70288,9,,,0,30,,70310,9,,,0,70,,70297,9,,,0,30,,70280,9,,,0,72,,70292,9,,,0,30,,70304,9,,,0,70,,70286,9,,,0,30,,70308,9,,,0,70,,70307,9,,,0,30,,70279,9,,,0,70,,70287,9,,,0,30,,70302,9,,,0,70,,70311,9,,,0,30,,70309,9,,,0
1029,'1968',557,,59317,9,,,0,98,,59318,9,,,0,100,,59319,9,,,0,100,,59320,9,,,0,101,,59321,9,,,0,100,,59322,9,,,0,100,,59323,9,,,0,100,,59324,9,,,0,100,,59325,9,,,0,100,,59326,9,,,0,100,,59327,9,,,0,100,,59328,9,,,0,100,,59329,9,,,0,100,,59330,9,,,0,100,,59331,9,,,0,100,,59332,9,,,0,100,,59333,9,,,0,99,,59334,9,,,0
2019,'1912',725,,73883,46,,,0,30,,73860,46,,,0,70,,73864,46,,,0,30,,73876,46,,,0,70,,73871,46,,,0,30,,73861,46,,,0,70,,73865,46,,,0,30,,73877,46,,,0,70,,73872,46,,,0,30,,73862,46,,,0,70,,73866,46,,,0,30,,73878,46,,,0,70,,73873,46,,,0,30,,73863,46,,,0,70,,73867,46,,,0,30,,73879,46,,,0,70,,73874,46,,,0,30,,73858,46,,,0,70,,73868,46,,,0,30,,73880,46,,,0,70,,73875,46,,,0,30,,73856,46,,,0,70,,73869,46,,,0,30,,73881,46,,,0,100,,73857,46,,,0,101,,73882,46,,,0,100,,73859,46,,,0,94,,73870,46,,,0,100,,73884,46,,,0
2019,'1966',655,,70404,37,,,0,70,,70411,46,,,0,30,,70420,46,,,0,70,,70427,46,,,0,30,,70405,46,,,0,70,,70412,46,,,0,30,,70421,46,,,0,68,,70428,46,,,0,31,,70406,46,,,0,70,,70413,46,,,0,30,,70422,46,,,0,70,,70429,46,,,0,30,,70407,46,,,0,70,,70414,46,,,0,30,,70423,46,,,0,70,,70430,46,,,0,30,,70408,46,,,0,70,,70415,46,,,0,30,,70424,46,,,0,70,,70431,46,,,0,30,,70409,46,,,0,70,,70416,46,,,0,30,,70425,46,,,0,70,,70432,46,,,0,30,,70410,46,,,0,70,,70417,46,,,0,30,,70426,46,,,0,101,,70418,46,,,0,100,,70433,46,,,0,96,,70419,46,,,0,98,,70434,46,,,0
2019,'1968',725,,70370,46,,,0,30,,70347,46,,,0,70,,70351,46,,,0,30,,70363,46,,,0,70,,70358,46,,,0,30,,70348,46,,,0,70,,70352,46,,,0,30,,70364,46,,,0,70,,70359,46,,,0,30,,70349,46,,,0,70,,70353,46,,,0,30,,70365,46,,,0,70,,70360,46,,,0,30,,70350,46,,,0,70,,70354,46,,,0,30,,70366,46,,,0,70,,70361,46,,,0,30,,70345,46,,,0,70,,70355,46,,,0,30,,70367,46,,,0,70,,70362,46,,,0,30,,70343,46,,,0,70,,70356,46,,,0,30,,70368,46,,,0,100,,70344,46,,,0,101,,70369,46,,,0,100,,70346,46,,,0,94,,70357,46,,,0,100,,70371,46,,,0
2019,'1970',652,,73885,46,,,0,69,,73886,46,,,0,30,,73887,46,,,0,70,,73888,46,,,0,33,,73889,46,,,0,71,,73890,46,,,0,31,,73907,46,,,0,70,,73908,46,,,0,30,,73909,46,,,0,70,,73910,46,,,0,30,,73911,46,,,0,70,,73912,46,,,0,30,,73913,46,,,0,70,,73914,46,,,0,30,,73915,46,,,0,70,,73905,46,,,0,33,,73906,46,,,0,70,,73891,46,,,0,30,,73892,46,,,0,70,,73893,46,,,0,30,,73894,46,,,0,70,,73895,46,,,0,27,,73896,46,,,0,70,,73897,46,,,0,30,,73898,46,,,0,70,,73904,46,,,0,30,,73899,46,,,0,97,,73900,46,,,0,100,,73901,46,,,0,100,,73902,46,,,0,97,,73903,46,,,0
2019,'1971',655,,73917,37,,,0,70,,73924,46,,,0,30,,73933,46,,,0,70,,73940,46,,,0,30,,73918,46,,,0,70,,73925,46,,,0,30,,73934,46,,,0,68,,73941,46,,,0,31,,73919,46,,,0,70,,73926,46,,,0,30,,73935,46,,,0,70,,73942,46,,,0,30,,73920,46,,,0,70,,73927,46,,,0,30,,73936,46,,,0,70,,73943,46,,,0,30,,73921,46,,,0,70,,73928,46,,,0,30,,73937,46,,,0,70,,73944,46,,,0,30,,73922,46,,,0,70,,73929,46,,,0,30,,73938,46,,,0,70,,73945,46,,,0,30,,73923,46,,,0,70,,73930,46,,,0,30,,73939,46,,,0,101,,73931,46,,,0,100,,73946,46,,,0,96,,73932,46,,,0,98,,73947,46,,,0
2019,'1972',725,,73975,46,,,0,30,,73952,46,,,0,70,,73956,46,,,0,30,,73968,46,,,0,70,,73963,46,,,0,30,,73953,46,,,0,70,,73957,46,,,0,30,,73969,46,,,0,70,,73964,46,,,0,30,,73954,46,,,0,70,,73958,46,,,0,30,,73970,46,,,0,70,,73965,46,,,0,30,,73955,46,,,0,70,,73959,46,,,0,30,,73971,46,,,0,70,,73966,46,,,0,30,,73950,46,,,0,70,,73960,46,,,0,30,,73972,46,,,0,70,,73967,46,,,0,30,,73948,46,,,0,70,,73961,46,,,0,30,,73973,46,,,0,100,,73949,46,,,0,101,,73974,46,,,0,100,,73951,46,,,0,94,,73962,46,,,0,100,,73976,46,,,0
2019,'1973',725,,74004,46,,,0,30,,73981,46,,,0,70,,73985,46,,,0,30,,73997,46,,,0,70,,73992,46,,,0,30,,73982,46,,,0,70,,73986,46,,,0,30,,73998,46,,,0,70,,73993,46,,,0,30,,73983,46,,,0,70,,73987,46,,,0,30,,73999,46,,,0,70,,73994,46,,,0,30,,73984,46,,,0,70,,73988,46,,,0,30,,74000,46,,,0,70,,73995,46,,,0,30,,73979,46,,,0,70,,73989,46,,,0,30,,74001,46,,,0,70,,73996,46,,,0,30,,73977,46,,,0,70,,73990,46,,,0,30,,74002,46,,,0,100,,73978,46,,,0,101,,74003,46,,,0,100,,73980,46,,,0,94,,73991,46,,,0,100,,74005,46,,,0
7019,'1912',736,,60448,11,,,0,101,,60449,11,,,0,100,,60457,11,,,0,101,,60450,11,,,0,100,,60451,11,,,0,100,,60452,11,,,0,100,,60453,11,,,0,101,,60454,11,,,0,100,,60455,11,,,0,99,,60456,11,,,0,100,,60444,11,,,0,99,,60445,11,,,0,99,,60443,11,,,0,100,,60447,11,,,0,100,,60446,11,,,0
7019,'1959',736,,60483,11,,,0,101,,60484,11,,,0,100,,60492,11,,,0,101,,60485,11,,,0,100,,60486,11,,,0,100,,60487,11,,,0,100,,60488,11,,,0,101,,60489,11,,,0,100,,60490,11,,,0,99,,60491,11,,,0,100,,60479,11,,,0,99,,60480,11,,,0,99,,60478,11,,,0,100,,60482,11,,,0,100,,60481,11,,,0
7019,'1965',535,,60398,11,,,0,103,,60397,11,,,0,102,,71161,11,,,0,100,,71159,11,,,0,100,,71157,11,,,0,70,,71158,11,,,0,30,,71156,11,,,0,70,,71154,11,,,0,30,,71166,11,,,0,200,,71147,11,,,0,175,,71145,11,,,0,28,,71152,11,,,0,168,,71144,11,,,0,30,,71143,11,,,0,70,,71142,11,,,0,127,,60375,11,,,0,70,,71148,11,,,0,30,,60374,11,,,0,99,,71141,11,,,0,99,,60373,11,,,0,100,,71171,11,,,0
7019,'1966',706,,71175,11,,,0,132,,60423,11,,,0,301,,60426,11,,,0,300,,60429,11,,,0,498,,71173,11,,,0,299,,71174,11,,,0
7019,'1967',637,,71181,11,,,0,99,,71182,11,,,0,70,,71176,11,,,0,102,,71177,11,,,0,30,,71183,11,,,0,71,,71178,11,,,0,30,,71184,11,,,0,70,,66542,11,,,0,100,,71179,11,,,0,30,,71185,11,,,0,70,,71180,11,,,0,30,,60428,11,,,0,70,,66551,11,,,0,100,,71187,11,,,0,30,,60430,11,,,0,70,,71186,11,,,0,30,,66550,11,,,0,70,,71188,11,,,0,30,,60432,11,,,0,70,,71190,11,,,0,29,,71172,11,,,0,69,,71189,11,,,0,100,,66556,11,,,0,30,,60411,11,,,0,99,,60412,11,,,0
7019,'1969',736,,60518,11,,,0,101,,60519,11,,,0,100,,60527,11,,,0,101,,60520,11,,,0,100,,60521,11,,,0,100,,60522,11,,,0,100,,60523,11,,,0,101,,60524,11,,,0,100,,60525,11,,,0,99,,60526,11,,,0,100,,60514,11,,,0,99,,60515,11,,,0,99,,60513,11,,,0,100,,60517,11,,,0,100,,60516,11,,,0
7019,'1970',708,,74307,11,,,0,103,,74306,11,,,0,99,,74305,11,,,0,300,,74310,11,,,0,30,,74309,11,,,0,70,,74308,11,,,0,101,,74304,11,,,0,31,,74299,11,,,0,171,,74303,11,,,0,30,,74302,11,,,0,198,,74301,11,,,0,69,,74300,11,,,0
7019,'1971',706,,74315,11,,,0,132,,74316,11,,,0,301,,74317,11,,,0,300,,74318,11,,,0,498,,74313,11,,,0,299,,74314,11,,,0
