2019,'1912',633,,73883,1,,,0,70,,73860,1,,,0,30,,73864,1,,,0,70,,73876,1,,,0,30,,73871,1,,,0,70,,73861,1,,,0,30,,73865,1,,,0,70,,73877,1,,,0,30,,73872,1,,,0,70,,73862,1,,,0,30,,73866,1,,,0,70,,73878,1,,,0,30,,73873,1,,,0,70,,73863,1,,,0,30,,73867,1,,,0,70,,73879,1,,,0,30,,73874,1,,,0,70,,73858,1,,,0,30,,73868,1,,,0,70,,73880,1,,,0,30,,73875,1,,,0,70,,73856,1,,,0,30,,73869,1,,,0,70,,73881,1,,,0,100,,73857,1,,,0,100,,73882,1,,,0,100,,73859,1,,,0,100,,73870,1,,,0,99,,73884,1,,,0
2019,'1966',632,,70411,1,,,0,70,,70420,1,,,0,30,,70427,1,,,0,70,,70405,1,,,0,30,,70412,1,,,0,70,,70421,1,,,0,30,,70428,1,,,0,70,,70406,1,,,0,30,,70413,1,,,0,70,,70422,1,,,0,30,,70429,1,,,0,70,,70407,1,,,0,30,,70414,1,,,0,70,,70423,1,,,0,30,,70430,1,,,0,70,,70408,1,,,0,30,,70415,1,,,0,70,,70424,1,,,0,30,,70431,1,,,0,70,,70409,1,,,0,30,,70416,1,,,0,70,,70425,1,,,0,30,,70432,1,,,0,70,,70410,1,,,0,30,,70417,1,,,0,70,,70426,1,,,0,100,,70418,1,,,0,100,,70433,1,,,0,100,,70419,1,,,0,100,,70434,1,,,0
2019,'1968',633,,70370,1,,,0,70,,70347,1,,,0,30,,70351,1,,,0,70,,70363,1,,,0,30,,70358,1,,,0,70,,70348,1,,,0,30,,70352,1,,,0,70,,70364,1,,,0,30,,70359,1,,,0,70,,70349,1,,,0,30,,70353,1,,,0,70,,70365,1,,,0,30,,70360,1,,,0,70,,70350,1,,,0,30,,70354,1,,,0,70,,70366,1,,,0,30,,70361,1,,,0,70,,70345,1,,,0,30,,70355,1,,,0,70,,70367,1,,,0,30,,70362,1,,,0,70,,70343,1,,,0,30,,70356,1,,,0,70,,70368,1,,,0,100,,70344,1,,,0,100,,70369,1,,,0,100,,70346,1,,,0,100,,70357,1,,,0,99,,70371,1,,,0
2019,'1970',602,,73885,1,,,0,28,,73886,1,,,0,28,,73887,1,,,0,70,,73888,1,,,0,30,,73889,1,,,0,70,,73890,1,,,0,72,,73907,1,,,0,30,,73908,1,,,0,70,,73909,1,,,0,30,,73910,1,,,0,70,,73911,1,,,0,30,,73912,1,,,0,70,,73913,1,,,0,30,,73914,1,,,0,70,,73915,1,,,0,30,,73905,1,,,0,70,,73906,1,,,0,30,,73891,1,,,0,70,,73892,1,,,0,30,,73893,1,,,0,70,,73894,1,,,0,30,,73895,1,,,0,70,,73896,1,,,0,30,,73897,1,,,0,70,,73898,1,,,0,30,,73904,1,,,0,70,,73899,1,,,0,100,,73900,1,,,0,100,,73901,1,,,0,100,,73902,1,,,0,100,,73903,1,,,0
2019,'1971',632,,73924,1,,,0,70,,73933,1,,,0,30,,73940,1,,,0,70,,73918,1,,,0,30,,73925,1,,,0,70,,73934,1,,,0,30,,73941,1,,,0,70,,73919,1,,,0,30,,73926,1,,,0,70,,73935,1,,,0,30,,73942,1,,,0,70,,73920,1,,,0,30,,73927,1,,,0,70,,73936,1,,,0,30,,73943,1,,,0,70,,73921,1,,,0,30,,73928,1,,,0,70,,73937,1,,,0,30,,73944,1,,,0,70,,73922,1,,,0,30,,73929,1,,,0,70,,73938,1,,,0,30,,73945,1,,,0,70,,73923,1,,,0,30,,73930,1,,,0,70,,73939,1,,,0,100,,73931,1,,,0,100,,73946,1,,,0,100,,73932,1,,,0,100,,73947,1,,,0
2019,'1972',633,,73975,1,,,0,70,,73952,1,,,0,30,,73956,1,,,0,70,,73968,1,,,0,30,,73963,1,,,0,70,,73953,1,,,0,30,,73957,1,,,0,70,,73969,1,,,0,30,,73964,1,,,0,70,,73954,1,,,0,30,,73958,1,,,0,70,,73970,1,,,0,30,,73965,1,,,0,70,,73955,1,,,0,30,,73959,1,,,0,70,,73971,1,,,0,30,,73966,1,,,0,70,,73950,1,,,0,30,,73960,1,,,0,70,,73972,1,,,0,30,,73967,1,,,0,70,,73948,1,,,0,30,,73961,1,,,0,70,,73973,1,,,0,100,,73949,1,,,0,100,,73974,1,,,0,100,,73951,1,,,0,100,,73962,1,,,0,99,,73976,1,,,0
2019,'1973',633,,74004,1,,,0,70,,73981,1,,,0,30,,73985,1,,,0,70,,73997,1,,,0,30,,73992,1,,,0,70,,73982,1,,,0,30,,73986,1,,,0,70,,73998,1,,,0,30,,73993,1,,,0,70,,73983,1,,,0,30,,73987,1,,,0,70,,73999,1,,,0,30,,73994,1,,,0,70,,73984,1,,,0,30,,73988,1,,,0,70,,74000,1,,,0,30,,73995,1,,,0,70,,73979,1,,,0,30,,73989,1,,,0,70,,74001,1,,,0,30,,73996,1,,,0,70,,73977,1,,,0,30,,73990,1,,,0,70,,74002,1,,,0,100,,73978,1,,,0,100,,74003,1,,,0,100,,73980,1,,,0,100,,73991,1,,,0,99,,74005,1,,,0
2029,'1912',657,,74007,60,4,,0,69,,74015,60,4,,0,31,,74026,60,4,,0,70,,74021,60,4,,0,30,,74008,60,4,,0,71,,74016,60,4,,0,30,,74027,60,4,,0,70,,74022,60,4,,0,30,,74009,60,4,,0,70,,74017,60,4,,0,30,,74028,60,4,,0,70,,74023,60,4,,0,30,,74010,60,4,,0,70,,74018,60,4,,0,30,,74029,60,4,,0,70,,74024,60,4,,0,30,,74011,60,4,,0,70,,74019,60,4,,0,30,,74030,60,4,,0,70,,74025,60,4,,0,30,,74012,60,4,,0,70,,74020,60,4,,0,30,,74031,60,4,,0,100,,74013,60,4,,0,98,,74032,60,4,,0,100,,74014,60,4,,0,101,,74033,60,4,,0,100,,74006,60,4,,0
2029,'1966',658,,70577,59,4,,0,69,,70584,59,4,,0,31,,70563,59,4,,0,70,,70569,59,4,,0,30,,70578,59,4,,0,71,,70585,59,4,,0,30,,70564,59,4,,0,70,,70570,59,4,,0,30,,70579,59,4,,0,70,,70586,59,4,,0,30,,70565,59,4,,0,70,,70571,59,4,,0,30,,70580,59,4,,0,70,,70587,59,4,,0,30,,70566,59,4,,0,70,,70572,59,4,,0,30,,70581,59,4,,0,70,,70588,59,4,,0,30,,70567,59,4,,0,70,,70573,59,4,,0,30,,70582,59,4,,0,70,,70589,59,4,,0,30,,70568,59,4,,0,70,,70574,59,4,,0,30,,70583,59,4,,0,69,,70590,59,4,,0,30,,70575,59,4,,0,100,,70591,59,4,,0,100,,70576,59,4,,0,99,,70592,59,4,,0
2029,'1968',657,,70497,59,4,,0,69,,70505,59,4,,0,31,,70516,59,4,,0,70,,70511,59,4,,0,30,,70498,59,4,,0,71,,70506,59,4,,0,30,,70517,59,4,,0,70,,70512,59,4,,0,30,,70499,59,4,,0,70,,70507,59,4,,0,30,,70518,59,4,,0,70,,70513,59,4,,0,30,,70500,59,4,,0,70,,70508,59,4,,0,30,,70519,59,4,,0,70,,70514,59,4,,0,30,,70501,59,4,,0,70,,70509,59,4,,0,30,,70520,59,4,,0,70,,70515,59,4,,0,30,,70502,59,4,,0,70,,70510,59,4,,0,30,,70521,59,4,,0,100,,70503,59,4,,0,98,,70522,59,4,,0,100,,70504,59,4,,0,101,,70523,59,4,,0,100,,70496,59,4,,0
2029,'1970',600,,74055,48,4,,0,27,,74038,60,4,,0,30,,74039,60,4,,0,73,,74040,60,4,,0,70,,74041,60,4,,0,30,,74042,60,4,,0,70,,74043,60,4,,0,30,,74044,60,4,,0,70,,74045,60,4,,0,30,,74046,60,4,,0,70,,74069,60,4,,0,30,,74065,60,4,,0,70,,74071,60,4,,0,30,,74067,60,4,,0,70,,74068,60,4,,0,30,,74064,60,4,,0,70,,74070,60,4,,0,30,,74066,60,4,,0,74,,74072,60,4,,0,31,,74047,60,4,,0,74,,74048,60,4,,0,30,,74049,60,4,,0,70,,74050,60,4,,0,29,,74051,60,4,,0,66,,74052,60,4,,0,26,,74053,60,4,,0,29,,74054,60,4,,0,70,,74058,60,4,,0,30,,74059,60,4,,0,99,,74060,60,4,,0,100,,74061,60,4,,0,100,,74057,60,4,,0
2029,'1971',658,,74087,60,4,,0,69,,74094,60,4,,0,31,,74073,60,4,,0,70,,74079,60,4,,0,30,,74088,60,4,,0,71,,74095,60,4,,0,30,,74074,60,4,,0,70,,74080,60,4,,0,30,,74089,60,4,,0,70,,74096,60,4,,0,30,,74075,60,4,,0,70,,74081,60,4,,0,30,,74090,60,4,,0,70,,74097,60,4,,0,30,,74076,60,4,,0,70,,74082,60,4,,0,30,,74091,60,4,,0,70,,74098,60,4,,0,30,,74077,60,4,,0,70,,74083,60,4,,0,30,,74092,60,4,,0,70,,74099,60,4,,0,30,,74078,60,4,,0,70,,74084,60,4,,0,30,,74093,60,4,,0,69,,74100,60,4,,0,30,,74085,60,4,,0,100,,74101,60,4,,0,100,,74086,60,4,,0,99,,74102,60,4,,0
2029,'1972',657,,74108,60,4,,0,69,,74116,60,4,,0,31,,74127,60,4,,0,70,,74122,60,4,,0,30,,74109,60,4,,0,71,,74117,60,4,,0,30,,74128,60,4,,0,70,,74123,60,4,,0,30,,74110,60,4,,0,70,,74118,60,4,,0,30,,74129,60,4,,0,70,,74124,60,4,,0,30,,74111,60,4,,0,70,,74119,60,4,,0,30,,74130,60,4,,0,70,,74125,60,4,,0,30,,74112,60,4,,0,70,,74120,60,4,,0,30,,74131,60,4,,0,70,,74126,60,4,,0,30,,74113,60,4,,0,70,,74121,60,4,,0,30,,74132,60,4,,0,100,,74114,60,4,,0,98,,74133,60,4,,0,100,,74115,60,4,,0,101,,74134,60,4,,0,100,,74107,60,4,,0
2029,'1973',657,,74140,60,4,,0,69,,74148,60,4,,0,31,,74159,60,4,,0,70,,74154,60,4,,0,30,,74141,60,4,,0,71,,74149,60,4,,0,30,,74160,60,4,,0,70,,74155,60,4,,0,30,,74142,60,4,,0,70,,74150,60,4,,0,30,,74161,60,4,,0,70,,74156,60,4,,0,30,,74143,60,4,,0,70,,74151,60,4,,0,30,,74162,60,4,,0,70,,74157,60,4,,0,30,,74144,60,4,,0,70,,74152,60,4,,0,30,,74163,60,4,,0,70,,74158,60,4,,0,30,,74145,60,4,,0,70,,74153,60,4,,0,30,,74164,60,4,,0,100,,74146,60,4,,0,98,,74165,60,4,,0,100,,74147,60,4,,0,101,,74166,60,4,,0,100,,74139,60,4,,0
11019,'1912',845,,66957,1,,,0,100,,66958,1,,,0,102,,66959,1,,,0,100,,66960,1,,,0,100,,66961,1,,,0,100,,66962,1,,,0,100,,66963,1,,,0,100,,66964,1,,,0,100,,66965,1,,,0,98,,66966,1,,,0,100,,66967,1,,,0,100,,66968,1,,,0,100,,61127,1,0,5 2 8 7,0
11019,'1959',845,,66969,1,,,0,100,,66970,1,,,0,102,,66971,1,,,0,100,,66972,1,,,0,100,,66973,1,,,0,100,,66974,1,,,0,100,,66975,1,,,0,100,,66976,1,,,0,100,,66977,1,,,0,98,,66978,1,,,0,100,,66979,1,,,0,100,,66980,1,,,0,100,,61140,1,0,5 2 8 7,0
11019,'1965',645,,67009,1,,,0,302,,71488,1,,,0,200,,71490,1,,,0,200,,71492,1,,,0,200,,71494,1,,,0,298,,71496,1,,,0,200,,71498,1,,,0,95,,71499,1,0,5 2 8 7,0
11019,'1966',845,,71501,1,,,0
11019,'1967',645,,71500,1,,,0,100,,66945,1,,,0,200,,71502,1,,,0,102,,71503,1,,,0,100,,71504,1,,,0,100,,71505,1,,,0,100,,71506,1,,,0,100,,71507,1,,,0,100,,71508,1,,,0,100,,71509,1,,,0,98,,66955,1,,,0,100,,66942,1,,,0,100,,66943,1,,,0,100,,71510,1,0,5 2 8 7,0
11019,'1969',845,,66981,1,,,0,100,,66982,1,,,0,102,,66983,1,,,0,100,,66984,1,,,0,100,,66985,1,,,0,100,,66986,1,,,0,100,,66987,1,,,0,100,,66988,1,,,0,100,,66989,1,,,0,98,,66990,1,,,0,100,,66991,1,,,0,100,,66992,1,,,0,100,,61153,1,0,5 2 8 7,0
11019,'1970',745,,74374,1,,,0,102,,74375,1,,,0,200,,74376,1,,,0,200,,74377,1,,,0,200,,74378,1,,,0,200,,74379,1,,,0,100,,74380,1,,,0,198,,74381,1,,,0
11019,'1971',845,,74382,1,,,0
11029,'1912',844,,67039,33,4,,0,100,,67040,33,4,,0,101,,67041,33,4,,0,100,,67042,33,4,,0,100,,67043,33,4,,0,100,,67044,33,4,,0,100,,67045,33,4,,0,100,,67046,33,4,,0,100,,67047,33,4,,0,97,,67048,33,4,,0,100,,67049,33,4,,0,99,,67050,33,4,,0,98,,61211,33,4,,0
11029,'1959',844,,67051,33,4,,0,100,,67052,33,4,,0,101,,67053,33,4,,0,100,,67054,33,4,,0,100,,67055,33,4,,0,100,,67056,33,4,,0,100,,67057,33,4,,0,100,,67058,33,4,,0,100,,67059,33,4,,0,97,,67060,33,4,,0,100,,67061,33,4,,0,99,,67062,33,4,,0,98,,61224,33,4,,0
11029,'1965',645,,67101,26,4,,0,200,,61170,33,4,,0,100,,71513,33,4,,0,200,,71515,33,4,,0,200,,71517,33,4,,0,201,,71519,33,4,,0,299,,71521,33,4,,0,200,,71523,33,4,,0,94,,71511,33,4,,0
11029,'1966',844,,71524,33,4,,0
11029,'1967',644,,71534,26,4,,0,100,,67037,33,4,,0,200,,71525,33,4,,0,102,,71526,33,4,,0,100,,71527,33,4,,0,100,,71528,33,4,,0,100,,71529,33,4,,0,100,,71530,33,4,,0,100,,71531,33,4,,0,100,,71532,33,4,,0,99,,67033,33,4,,0,100,,67034,33,4,,0,100,,67035,33,4,,0,100,,71533,33,4,,0
11029,'1969',844,,67063,33,4,,0,100,,67064,33,4,,0,101,,67065,33,4,,0,100,,67066,33,4,,0,100,,67067,33,4,,0,100,,67068,33,4,,0,100,,67069,33,4,,0,100,,67070,33,4,,0,100,,67071,33,4,,0,97,,67072,33,4,,0,100,,67073,33,4,,0,99,,67074,33,4,,0,98,,61237,33,4,,0
11029,'1970',745,,74383,33,4,,0,300,,74384,33,4,,0,200,,74385,33,4,,0,201,,74386,33,4,,0,200,,74387,33,4,,0,100,,74388,33,4,,0,199,,74389,33,4,,0
11029,'1971',844,,74390,33,4,,0
