701019,'1910',623,,68785,6,,,0,28,,68770,6,,,0,70,,68760,6,,,0,30,,68766,6,,,0,70,,68773,6,,,0,15,,68789,6,,,0,15,,68756,6,,,0,70,,68761,6,,,0,30,,68767,6,,,0,58,,68811,6,,,0,15,,68831,6,,,0,30,,68835,6,,,0,70,,68842,6,,,0,30,,68849,6,,,0,55,,68840,6,,,0,15,,68797,6,,,0,30,,68830,6,,,0,55,,68801,6,,,0,15,,68839,6,,,0,30,,68804,6,,,0,70,,68829,6,,,0,30,,68838,6,,,0,55,,68800,6,,,0,15,,68843,6,,,0,30,,68820,6,,,0,55,,68841,6,,,0,45,,68799,6,,,0,55,,68819,6,,,0,15,,68826,6,,,0,30,,68812,6,,,0,55,,68815,6,,,0,45,,68803,6,,,0,52,,68786,6,,,0,15,,68816,6,,,0,15,,68791,6,,,0,15,,68768,6,,,0,70,,68774,6,,,0,30,,68757,6,,,0,70,,68762,6,,,0,30,,68769,6,,,0,70,,68775,6,,,0,30,,68782,6,,,0,70,,68784,6,,,0,25,,68794,6,,,0,65,,68787,6,,,0
701019,'1912',623,,72955,6,,,0,28,,72986,6,,,0,70,,72973,6,,,0,30,,72954,6,,,0,55,,68877,6,,,0,15,,72988,6,,,0,15,,72934,6,,,0,15,,72962,6,,,0,55,,68861,6,,,0,15,,72951,6,,,0,15,,68878,6,,,0,15,,68940,6,,,0,55,,72933,6,,,0,15,,72971,6,,,0,15,,68862,6,,,0,15,,72950,6,,,0,55,,68857,6,,,0,16,,72983,6,,,0,15,,68865,6,,,0,15,,68919,6,,,0,55,,68860,6,,,0,15,,68893,6,,,0,15,,68872,6,,,0,15,,68937,6,,,0,55,,68863,6,,,0,15,,68915,6,,,0,15,,68868,6,,,0,15,,72947,6,,,0,55,,68871,6,,,0,15,,72989,6,,,0,15,,68858,6,,,0,15,,72967,6,,,0,55,,68870,6,,,0,15,,72945,6,,,0,15,,68874,6,,,0,15,,72985,6,,,0,55,,68855,6,,,0,15,,72972,6,,,0,15,,68856,6,,,0,15,,72943,6,,,0,55,,68873,6,,,0,15,,72981,6,,,0,15,,68854,6,,,0,15,,72964,6,,,0,55,,68869,6,,,0,15,,72942,6,,,0,15,,68875,6,,,0,15,,72980,6,,,0,55,,68866,6,,,0,15,,72965,6,,,0,15,,68867,6,,,0,15,,72940,6,,,0,54,,68876,6,,,0,15,,72990,6,,,0,15,,68864,6,,,0,15,,72963,6,,,0,70,,72937,6,,,0,30,,68943,6,,,0,70,,72959,6,,,0,30,,72935,6,,,0,70,,68948,6,,,0,25,,72991,6,,,0,65,,68951,6,,,0
701019,'1924',806,,68976,6,,,0,100,,68960,6,,,0,30,,68977,6,,,0,15,,69039,6,,,0,85,,68961,6,,,0,70,,68956,6,,,0,31,,68964,6,,,0,15,,69018,6,,,0,55,,68959,6,,,0,15,,68992,6,,,0,15,,68971,6,,,0,15,,69036,6,,,0,55,,68962,6,,,0,15,,69014,6,,,0,15,,68967,6,,,0,70,,68970,6,,,0,30,,68957,6,,,0,70,,68969,6,,,0,30,,68973,6,,,0,70,,68954,6,,,0,30,,68955,6,,,0,70,,68972,6,,,0,30,,68953,6,,,0,70,,68968,6,,,0,30,,68974,6,,,0,70,,68965,6,,,0,30,,68966,6,,,0,69,,68975,6,,,0,30,,68963,6,,,0,115,,69042,6,,,0,170,,69047,6,,,0,90,,69050,6,,,0
701019,'1925',623,,73015,6,,,0,28,,73046,6,,,0,70,,73033,6,,,0,30,,73014,6,,,0,55,,69075,6,,,0,15,,73048,6,,,0,15,,72994,6,,,0,15,,73022,6,,,0,55,,69059,6,,,0,15,,73011,6,,,0,15,,69076,6,,,0,15,,69138,6,,,0,55,,72993,6,,,0,15,,73031,6,,,0,15,,69060,6,,,0,15,,73010,6,,,0,55,,69055,6,,,0,16,,73043,6,,,0,15,,69063,6,,,0,15,,69117,6,,,0,55,,69058,6,,,0,15,,69091,6,,,0,15,,69070,6,,,0,15,,69135,6,,,0,55,,69061,6,,,0,15,,69113,6,,,0,15,,69066,6,,,0,15,,73007,6,,,0,55,,69069,6,,,0,15,,73049,6,,,0,15,,69056,6,,,0,15,,73027,6,,,0,55,,69068,6,,,0,15,,73005,6,,,0,15,,69072,6,,,0,15,,73045,6,,,0,55,,69053,6,,,0,15,,73032,6,,,0,15,,69054,6,,,0,15,,73003,6,,,0,55,,69071,6,,,0,15,,73041,6,,,0,15,,69052,6,,,0,15,,73024,6,,,0,55,,69067,6,,,0,15,,73002,6,,,0,15,,69073,6,,,0,15,,73040,6,,,0,55,,69064,6,,,0,15,,73025,6,,,0,15,,69065,6,,,0,15,,73000,6,,,0,54,,69074,6,,,0,15,,73050,6,,,0,15,,69062,6,,,0,15,,73023,6,,,0,70,,72997,6,,,0,30,,69141,6,,,0,70,,73019,6,,,0,30,,72995,6,,,0,70,,69146,6,,,0,25,,73051,6,,,0,65,,69149,6,,,0
701019,'1949',651,,69208,6,,,0,100,,69212,6,,,0,70,,69214,6,,,0,30,,69216,6,,,0,101,,69311,6,,,0,85,,69222,6,,,0,100,,69226,6,,,0,85,,69229,6,,,0,100,,69233,6,,,0,85,,69236,6,,,0,131,,69241,6,,,0,70,,69243,6,,,0,100,,69246,6,,,0,15,,69247,6,,,0,129,,69253,6,,,0,55,,69254,6,,,0,15,,69255,6,,,0,15,,69256,6,,,0,84,,69259,6,,,0,15,,69260,6,,,0,85,,69262,6,,,0,30,,69263,6,,,0,100,,69265,6,,,0,70,,69266,6,,,0,90,,69268,6,,,0
701019,'1955',806,,68788,6,,,0,100,,68790,6,,,0,30,,68795,6,,,0,103,,68847,6,,,0,70,,68802,6,,,0,30,,68824,6,,,0,100,,68845,6,,,0,100,,68823,6,,,0,70,,68837,6,,,0,30,,68846,6,,,0,100,,68828,6,,,0,85,,68848,6,,,0,15,,68851,6,,,0,100,,68817,6,,,0,85,,68821,6,,,0,15,,68810,6,,,0,167,,68792,6,,,0,30,,68793,6,,,0
701019,'1956',623,,69000,6,,,0,28,,69041,6,,,0,70,,69022,6,,,0,30,,68999,6,,,0,70,,69044,6,,,0,15,,68958,6,,,0,15,,69009,6,,,0,70,,68996,6,,,0,85,,68952,6,,,0,15,,69020,6,,,0,30,,68995,6,,,0,71,,69035,6,,,0,230,,68990,6,,,0,70,,69045,6,,,0,30,,69015,6,,,0,70,,68988,6,,,0,30,,69040,6,,,0,70,,69021,6,,,0,30,,68986,6,,,0,70,,69032,6,,,0,30,,69011,6,,,0,70,,68985,6,,,0,30,,69031,6,,,0,70,,69012,6,,,0,30,,68983,6,,,0,69,,69046,6,,,0,30,,69010,6,,,0,70,,68980,6,,,0,100,,69005,6,,,0,30,,68978,6,,,0,95,,69048,6,,,0
701019,'1957',603,,73053,6,,,0,30,,73054,6,,,0,73,,73055,6,,,0,15,,73056,6,,,0,15,,73057,6,,,0,70,,73058,6,,,0,30,,73059,6,,,0,71,,73060,6,,,0,15,,73061,6,,,0,15,,73062,6,,,0,70,,73063,6,,,0,15,,73064,6,,,0,30,,73065,6,,,0,55,,73066,6,,,0,15,,73067,6,,,0,30,,73068,6,,,0,55,,73069,6,,,0,30,,73070,6,,,0,15,,73071,6,,,0,55,,73072,6,,,0,30,,73073,6,,,0,15,,73074,6,,,0,70,,73075,6,,,0,16,,73076,6,,,0,15,,73077,6,,,0,55,,73115,6,,,0,15,,73078,6,,,0,30,,73079,6,,,0,70,,73117,6,,,0,15,,73080,6,,,0,15,,73081,6,,,0,84,,73082,6,,,0,15,,73083,6,,,0,55,,73084,6,,,0,15,,73085,6,,,0,15,,73086,6,,,0,115,,73087,6,,,0,54,,73088,6,,,0,45,,73089,6,,,0,170,,73090,6,,,0,125,,73091,6,,,0
701019,'1958',806,,73122,6,,,0,100,,73123,6,,,0,30,,73126,6,,,0,103,,73139,6,,,0,70,,73127,6,,,0,30,,73132,6,,,0,100,,73137,6,,,0,100,,73131,6,,,0,70,,73135,6,,,0,30,,73138,6,,,0,100,,73134,6,,,0,85,,73140,6,,,0,15,,73141,6,,,0,100,,73129,6,,,0,85,,73130,6,,,0,15,,73128,6,,,0,167,,73124,6,,,0,30,,73125,6,,,0
701019,'1959',623,,73164,6,,,0,28,,73195,6,,,0,70,,73182,6,,,0,30,,73163,6,,,0,70,,73197,6,,,0,15,,73143,6,,,0,15,,73171,6,,,0,70,,73160,6,,,0,85,,73142,6,,,0,15,,73180,6,,,0,30,,73159,6,,,0,71,,73192,6,,,0,230,,73156,6,,,0,70,,73198,6,,,0,30,,73176,6,,,0,70,,73154,6,,,0,30,,73194,6,,,0,70,,73181,6,,,0,30,,73152,6,,,0,70,,73190,6,,,0,30,,73173,6,,,0,70,,73151,6,,,0,30,,73189,6,,,0,70,,73174,6,,,0,30,,73149,6,,,0,69,,73199,6,,,0,30,,73172,6,,,0,70,,73146,6,,,0,100,,73168,6,,,0,30,,73144,6,,,0,95,,73200,6,,,0
