2019,'1912',722,,73883,43,,,0,30,,73860,43,,,0,70,,73864,43,,,0,30,,73876,43,,,0,70,,73871,43,,,0,30,,73861,43,,,0,70,,73865,43,,,0,30,,73877,43,,,0,70,,73872,43,,,0,30,,73862,43,,,0,70,,73866,43,,,0,30,,73878,43,,,0,70,,73873,43,,,0,30,,73863,43,,,0,70,,73867,43,,,0,30,,73879,43,,,0,70,,73874,43,,,0,30,,73858,43,,,0,70,,73868,43,,,0,30,,73880,43,,,0,70,,73875,43,,,0,30,,73856,43,,,0,70,,73869,43,,,0,30,,73881,43,,,0,100,,73857,43,,,0,102,,73882,43,,,0,100,,73859,43,,,0,95,,73870,43,,,0,100,,73884,43,,,0
2019,'1966',652,,70404,34,,,0,70,,70411,43,,,0,30,,70420,43,,,0,70,,70427,43,,,0,30,,70405,43,,,0,70,,70412,43,,,0,30,,70421,43,,,0,69,,70428,43,,,0,31,,70406,43,,,0,70,,70413,43,,,0,30,,70422,43,,,0,70,,70429,43,,,0,30,,70407,43,,,0,70,,70414,43,,,0,30,,70423,43,,,0,70,,70430,43,,,0,30,,70408,43,,,0,70,,70415,43,,,0,30,,70424,43,,,0,70,,70431,43,,,0,30,,70409,43,,,0,70,,70416,43,,,0,30,,70425,43,,,0,70,,70432,43,,,0,30,,70410,43,,,0,70,,70417,43,,,0,30,,70426,43,,,0,100,,70418,43,,,0,100,,70433,43,,,0,97,,70419,43,,,0,98,,70434,43,,,0
2019,'1968',722,,70370,43,,,0,30,,70347,43,,,0,70,,70351,43,,,0,30,,70363,43,,,0,70,,70358,43,,,0,30,,70348,43,,,0,70,,70352,43,,,0,30,,70364,43,,,0,70,,70359,43,,,0,30,,70349,43,,,0,70,,70353,43,,,0,30,,70365,43,,,0,70,,70360,43,,,0,30,,70350,43,,,0,70,,70354,43,,,0,30,,70366,43,,,0,70,,70361,43,,,0,30,,70345,43,,,0,70,,70355,43,,,0,30,,70367,43,,,0,70,,70362,43,,,0,30,,70343,43,,,0,70,,70356,43,,,0,30,,70368,43,,,0,100,,70344,43,,,0,102,,70369,43,,,0,100,,70346,43,,,0,95,,70357,43,,,0,100,,70371,43,,,0
2019,'1970',649,,73885,43,,,0,69,,73886,43,,,0,30,,73887,43,,,0,70,,73888,43,,,0,33,,73889,43,,,0,71,,73890,43,,,0,31,,73907,43,,,0,70,,73908,43,,,0,30,,73909,43,,,0,70,,73910,43,,,0,30,,73911,43,,,0,70,,73912,43,,,0,30,,73913,43,,,0,70,,73914,43,,,0,30,,73915,43,,,0,70,,73905,43,,,0,34,,73906,43,,,0,70,,73891,43,,,0,30,,73892,43,,,0,70,,73893,43,,,0,30,,73894,43,,,0,69,,73895,43,,,0,27,,73896,43,,,0,70,,73897,43,,,0,30,,73898,43,,,0,70,,73904,43,,,0,30,,73899,43,,,0,98,,73900,43,,,0,100,,73901,43,,,0,100,,73902,43,,,0,97,,73903,43,,,0
2019,'1971',652,,73917,34,,,0,70,,73924,43,,,0,30,,73933,43,,,0,70,,73940,43,,,0,30,,73918,43,,,0,70,,73925,43,,,0,30,,73934,43,,,0,69,,73941,43,,,0,31,,73919,43,,,0,70,,73926,43,,,0,30,,73935,43,,,0,70,,73942,43,,,0,30,,73920,43,,,0,70,,73927,43,,,0,30,,73936,43,,,0,70,,73943,43,,,0,30,,73921,43,,,0,70,,73928,43,,,0,30,,73937,43,,,0,70,,73944,43,,,0,30,,73922,43,,,0,70,,73929,43,,,0,30,,73938,43,,,0,70,,73945,43,,,0,30,,73923,43,,,0,70,,73930,43,,,0,30,,73939,43,,,0,100,,73931,43,,,0,100,,73946,43,,,0,97,,73932,43,,,0,98,,73947,43,,,0
2019,'1972',722,,73975,43,,,0,30,,73952,43,,,0,70,,73956,43,,,0,30,,73968,43,,,0,70,,73963,43,,,0,30,,73953,43,,,0,70,,73957,43,,,0,30,,73969,43,,,0,70,,73964,43,,,0,30,,73954,43,,,0,70,,73958,43,,,0,30,,73970,43,,,0,70,,73965,43,,,0,30,,73955,43,,,0,70,,73959,43,,,0,30,,73971,43,,,0,70,,73966,43,,,0,30,,73950,43,,,0,70,,73960,43,,,0,30,,73972,43,,,0,70,,73967,43,,,0,30,,73948,43,,,0,70,,73961,43,,,0,30,,73973,43,,,0,100,,73949,43,,,0,102,,73974,43,,,0,100,,73951,43,,,0,95,,73962,43,,,0,100,,73976,43,,,0
2019,'1973',722,,74004,43,,,0,30,,73981,43,,,0,70,,73985,43,,,0,30,,73997,43,,,0,70,,73992,43,,,0,30,,73982,43,,,0,70,,73986,43,,,0,30,,73998,43,,,0,70,,73993,43,,,0,30,,73983,43,,,0,70,,73987,43,,,0,30,,73999,43,,,0,70,,73994,43,,,0,30,,73984,43,,,0,70,,73988,43,,,0,30,,74000,43,,,0,70,,73995,43,,,0,30,,73979,43,,,0,70,,73989,43,,,0,30,,74001,43,,,0,70,,73996,43,,,0,30,,73977,43,,,0,70,,73990,43,,,0,30,,74002,43,,,0,100,,73978,43,,,0,102,,74003,43,,,0,100,,73980,43,,,0,95,,73991,43,,,0,100,,74005,43,,,0
7019,'1912',735,,60448,8,,,0,101,,60449,8,,,0,100,,60457,8,,,0,100,,60450,8,,,0,100,,60451,8,,,0,100,,60452,8,,,0,100,,60453,8,,,0,101,,60454,8,,,0,100,,60455,8,,,0,99,,60456,8,,,0,100,,60444,8,,,0,99,,60445,8,,,0,100,,60443,8,,,0,100,,60447,8,,,0,100,,60446,8,,,0
7019,'1959',735,,60483,8,,,0,101,,60484,8,,,0,100,,60492,8,,,0,100,,60485,8,,,0,100,,60486,8,,,0,100,,60487,8,,,0,100,,60488,8,,,0,101,,60489,8,,,0,100,,60490,8,,,0,99,,60491,8,,,0,100,,60479,8,,,0,99,,60480,8,,,0,100,,60478,8,,,0,100,,60482,8,,,0,100,,60481,8,,,0
7019,'1965',533,,60398,8,,,0,103,,60397,8,,,0,102,,71161,8,,,0,100,,71159,8,,,0,100,,71157,8,,,0,70,,71158,8,,,0,30,,71156,8,,,0,70,,71154,8,,,0,30,,71166,8,,,0,200,,71147,8,,,0,175,,71145,8,,,0,28,,71152,8,,,0,168,,71144,8,,,0,30,,71143,8,,,0,70,,71142,8,,,0,128,,60375,8,,,0,70,,71148,8,,,0,30,,60374,8,,,0,99,,71141,8,,,0,99,,60373,8,,,0,100,,71171,8,,,0
7019,'1966',705,,71175,8,,,0,132,,60423,8,,,0,300,,60426,8,,,0,300,,60429,8,,,0,499,,71173,8,,,0,299,,71174,8,,,0
7019,'1967',636,,71181,8,,,0,99,,71182,8,,,0,70,,71176,8,,,0,102,,71177,8,,,0,30,,71183,8,,,0,70,,71178,8,,,0,30,,71184,8,,,0,70,,66542,8,,,0,100,,71179,8,,,0,30,,71185,8,,,0,70,,71180,8,,,0,30,,60428,8,,,0,70,,66551,8,,,0,100,,71187,8,,,0,30,,60430,8,,,0,70,,71186,8,,,0,30,,66550,8,,,0,70,,71188,8,,,0,30,,60432,8,,,0,70,,71190,8,,,0,29,,71172,8,,,0,70,,71189,8,,,0,100,,66556,8,,,0,30,,60411,8,,,0,99,,60412,8,,,0
7019,'1969',735,,60518,8,,,0,101,,60519,8,,,0,100,,60527,8,,,0,100,,60520,8,,,0,100,,60521,8,,,0,100,,60522,8,,,0,100,,60523,8,,,0,101,,60524,8,,,0,100,,60525,8,,,0,99,,60526,8,,,0,100,,60514,8,,,0,99,,60515,8,,,0,100,,60513,8,,,0,100,,60517,8,,,0,100,,60516,8,,,0
7019,'1970',706,,74307,8,,,0,103,,74306,8,,,0,99,,74305,8,,,0,300,,74310,8,,,0,30,,74309,8,,,0,70,,74308,8,,,0,101,,74304,8,,,0,31,,74299,8,,,0,171,,74303,8,,,0,30,,74302,8,,,0,198,,74301,8,,,0,69,,74300,8,,,0
7019,'1971',705,,74315,8,,,0,132,,74316,8,,,0,300,,74317,8,,,0,300,,74318,8,,,0,499,,74313,8,,,0,299,,74314,8,,,0
