15019,'1909',700,,61509,46,,,0,836,,61526,46,,,0,296,,61532,46,,,0
15019,'1910',934,,61542,46,,,0,302,,61545,46,,,0,204,,61547,46,,,0,100,,61548,46,,,0,100,,61549,46,,,0,100,,67300,46,,,0,97,,61551,46,,,0
15019,'1912',734,,61566,46,,,0,100,,61564,46,,,0,100,,61567,46,,,0,101,,61565,46,,,0,100,,61562,46,,,0,100,,61560,46,,,0,103,,61563,46,,,0,100,,61561,46,,,0,100,,61558,46,,,0,99,,61559,46,,,0,100,,61556,46,,,0,100,,61557,46,,,0,100,,61555,46,,,0,97,,71673,46,,,0
15019,'1924',734,,61580,46,,,0,100,,61578,46,,,0,100,,61581,46,,,0,101,,61579,46,,,0,100,,61576,46,,,0,100,,61574,46,,,0,103,,61577,46,,,0,100,,61575,46,,,0,100,,61572,46,,,0,99,,61573,46,,,0,100,,61570,46,,,0,100,,61571,46,,,0,100,,61569,46,,,0
15019,'1925',734,,61594,46,,,0,100,,61592,46,,,0,100,,61595,46,,,0,101,,61593,46,,,0,100,,61590,46,,,0,100,,61588,46,,,0,103,,61591,46,,,0,100,,61589,46,,,0,100,,61586,46,,,0,99,,61587,46,,,0,100,,61584,46,,,0,100,,61585,46,,,0,100,,61583,46,,,0,97,,71674,46,,,0
15019,'1949',607,,67336,12,0,5 2 6 7,0,198,,67326,46,,,0,1495,,67335,46,0,5 2 6 7,0
15019,'1955',609,,67303,12,0,5 2 6 7,0,125,,67295,46,,,0,100,,67296,46,,,0,202,,67297,46,,,0,100,,67298,46,,,0,204,,67299,46,,,0,597,,67301,46,,,0,97,,67302,46,,,0
15019,'1956',2034,,67305,46,,,0
15019,'1957',730,,71675,46,,,0,105,,71676,46,,,0,68,,71677,46,,,0,30,,71678,46,,,0,70,,71679,46,,,0,30,,71680,46,,,0,70,,71681,46,,,0,30,,71682,46,,,0,70,,71683,46,,,0,30,,71684,46,,,0,70,,71685,46,,,0,30,,71686,46,,,0,70,,71687,46,,,0,30,,71688,46,,,0,73,,71689,46,,,0,100,,71690,46,,,0,29,,71691,46,,,0,68,,71692,46,,,0,30,,71693,46,,,0,69,,71694,46,,,0,100,,71695,46,,,0,30,,71699,46,,,0,70,,71696,46,,,0,98,,71697,46,,,0,100,,71698,46,,,0
15019,'1958',609,,71707,12,0,5 2 6 7,0,125,,71700,46,,,0,100,,71701,46,,,0,202,,71702,46,,,0,100,,71703,46,,,0,204,,71704,46,,,0,597,,71705,46,,,0,97,,71706,46,,,0
15019,'1959',2034,,71708,46,,,0
