10019,'1909',917,,60946,19,,,0,999,,60966,19,,,0,98,,60968,19,,,0,100,,60970,19,,,0,100,,60971,19,,,0
10019,'1910',1846,,66746,19,,,0,69,,60997,19,,,0,100,,66747,19,,,0,100,,60999,19,,,0
10019,'1912',745,,61000,19,,,0,70,,66748,19,,,0,30,,61002,19,,,0,70,,66749,19,,,0,30,,61004,19,,,0,70,,71282,19,,,0,30,,71283,19,,,0,70,,71284,19,,,0,30,,71285,19,,,0,71,,71286,19,,,0,30,,71287,19,,,0,70,,71288,19,,,0,30,,71289,19,,,0,70,,71290,19,,,0,30,,71291,19,,,0,70,,71292,19,,,0,30,,71293,19,,,0,70,,71294,19,,,0,30,,66763,19,,,0,70,,71295,19,,,0,30,,71296,19,,,0,69,,71297,19,,,0,30,,66767,19,,,0,70,,71298,19,,,0
10019,'1924',745,,61024,19,,,0,70,,66769,19,,,0,30,,61026,19,,,0,70,,66770,19,,,0,30,,61028,19,,,0,701,,66784,19,,,0,199,,66788,19,,,0
10019,'1925',745,,61048,19,,,0,70,,66790,19,,,0,30,,61050,19,,,0,70,,66791,19,,,0,30,,61052,19,,,0,70,,71299,19,,,0,30,,71300,19,,,0,70,,71301,19,,,0,30,,71302,19,,,0,71,,71303,19,,,0,30,,71304,19,,,0,70,,71305,19,,,0,30,,71306,19,,,0,70,,71307,19,,,0,30,,71308,19,,,0,70,,71309,19,,,0,30,,71310,19,,,0,70,,71311,19,,,0,30,,66805,19,,,0,70,,71312,19,,,0,30,,71313,19,,,0,69,,71314,19,,,0,30,,66809,19,,,0,70,,71315,19,,,0
10019,'1949',1347,,66831,19,,,0
10019,'1955',645,,60972,19,,,0,70,,66724,19,,,0,30,,66725,19,,,0,70,,66726,19,,,0,30,,60976,19,,,0,70,,66727,19,,,0,30,,66728,19,,,0,71,,66729,19,,,0,30,,66730,19,,,0,70,,66731,19,,,0,30,,66732,19,,,0,70,,66733,19,,,0,30,,66734,19,,,0,70,,66735,19,,,0,30,,66736,19,,,0,70,,66737,19,,,0,30,,66738,19,,,0,70,,66739,19,,,0,30,,66740,19,,,0,70,,66741,19,,,0,30,,66742,19,,,0,70,,66743,19,,,0,30,,66744,19,,,0,70,,66745,19,,,0
10019,'1956',1015,,66771,19,,,0,30,,66772,19,,,0,70,,66773,19,,,0,30,,66774,19,,,0,71,,66775,19,,,0,30,,66776,19,,,0,70,,66777,19,,,0,30,,66778,19,,,0,70,,66779,19,,,0,30,,66780,19,,,0,70,,66781,19,,,0,30,,66782,19,,,0,70,,66783,19,,,0,100,,66785,19,,,0,30,,66786,19,,,0,69,,66787,19,,,0,100,,66789,19,,,0
10019,'1957',545,,71316,19,,,0,70,,71317,19,,,0,30,,71318,19,,,0,71,,71319,19,,,0,30,,71320,19,,,0,70,,71321,19,,,0,30,,71322,19,,,0,101,,71323,19,,,0,70,,71324,19,,,0,30,,71325,19,,,0,70,,71326,19,,,0,30,,71327,19,,,0,70,,71328,19,,,0,30,,71329,19,,,0,70,,71330,19,,,0,100,,71331,19,,,0,33,,71332,19,,,0,70,,71333,19,,,0,30,,71334,19,,,0,70,,71335,19,,,0,30,,71336,19,,,0,70,,71337,19,,,0,26,,71338,19,,,0,70,,71339,19,,,0,30,,71340,19,,,0,100,,71341,19,,,0,98,,71342,19,,,0
10019,'1958',645,,71343,19,,,0,70,,71344,19,,,0,30,,71345,19,,,0,70,,71346,19,,,0,30,,71347,19,,,0,70,,71348,19,,,0,30,,71349,19,,,0,71,,71350,19,,,0,30,,71351,19,,,0,70,,71352,19,,,0,30,,71353,19,,,0,70,,71354,19,,,0,30,,71355,19,,,0,70,,71356,19,,,0,30,,71357,19,,,0,70,,71358,19,,,0,30,,71359,19,,,0,70,,71360,19,,,0,30,,71361,19,,,0,70,,71362,19,,,0,30,,71363,19,,,0,70,,71364,19,,,0,30,,71365,19,,,0,70,,71366,19,,,0
10019,'1959',1015,,71367,19,,,0,30,,71368,19,,,0,70,,71369,19,,,0,30,,71370,19,,,0,71,,71371,19,,,0,30,,71372,19,,,0,70,,71373,19,,,0,30,,71374,19,,,0,70,,71375,19,,,0,30,,71376,19,,,0,70,,71377,19,,,0,30,,71378,19,,,0,70,,71379,19,,,0,100,,71380,19,,,0,30,,71381,19,,,0,69,,71382,19,,,0,100,,71383,19,,,0
