7019,'1838',600,,51824,12,4,,0,30,,51819,12,4,,0,70,,51821,12,4,,0,28,,51820,12,4,,0,231,,51804,29,4,,0,1267,,51823,12,4,,0,30,,51822,12,4,,0
7019,'1897',1558,,49108,12,4,,0,567,,49107,12,4,,0,102,,49105,14,4,,0
7019,'1898',2126,,49143,12,4,,0,102,,49141,14,4,,0
7019,'1899',600,,51854,12,4,,0,30,,51855,12,4,,0,70,,51858,12,4,,0,28,,51857,12,4,,0,231,,51839,29,4,,0,1267,,51859,12,4,,0,30,,51856,12,4,,0
7029,'1838',700,,51861,1,,,0,100,,51862,1,,,0,100,,51863,1,,,0,100,,51864,1,,,0,100,,51865,1,,,0,100,,51866,1,,,0,100,,51867,1,,,0,100,,51868,1,,,0,100,,51869,1,,,0,100,,51870,1,,,0,100,,51871,1,,,0,100,,51872,1,,,0,100,,51873,1,,,0,100,,51874,1,,,0,100,,51860,1,,,0
7029,'1897',500,,49158,1,,,0,100,,49159,1,,,0,30,,49160,1,,,0,70,,49161,1,,,0,30,,49162,1,,,0,70,,49163,1,,,0,30,,49164,1,,,0,70,,49165,1,,,0,30,,49166,1,,,0,70,,49167,1,,,0,30,,49168,1,,,0,70,,49169,1,,,0,30,,49170,1,,,0,70,,49154,1,,,0,30,,49155,1,,,0,70,,49156,1,,,0,30,,49153,1,,,0,70,,49152,1,,,0,30,,49157,1,,,0,70,,49171,1,,,0,30,,49172,1,,,0,70,,49173,1,,,0,30,,49174,1,,,0,70,,49175,1,,,0,30,,49176,1,,,0,70,,49177,1,,,0,30,,49178,1,,,0,70,,49179,1,,,0,30,,49180,1,,,0,70,,49181,1,,,0,100,,49182,1,,,0,100,,49183,1,,,0,100,,49184,1,,,0,30,,49185,1,0,13 14,0
7029,'1898',631,,49186,1,,,0,70,,49200,1,,,0,30,,49187,1,,,0,69,,49201,1,,,0,30,,49188,1,,,0,70,,49202,1,,,0,30,,49189,1,,,0,70,,49203,1,,,0,30,,49190,1,,,0,70,,49204,1,,,0,30,,49191,1,,,0,70,,49205,1,,,0,30,,49192,1,,,0,70,,49206,1,,,0,30,,49193,1,,,0,70,,49207,1,,,0,30,,49194,1,,,0,70,,49208,1,,,0,30,,49195,1,,,0,70,,49209,1,,,0,30,,49196,1,,,0,70,,49210,1,,,0,30,,49197,1,,,0,70,,49211,1,,,0,30,,49198,1,,,0,70,,49212,1,,,0,30,,49199,1,,,0,70,,49213,1,,,0,100,,49214,1,,,0,100,,49215,1,,,0,100,,49216,1,,,0,30,,49218,1,0,13 14,0
7029,'1899',700,,51876,1,,,0,100,,51877,1,,,0,100,,51878,1,,,0,100,,51879,1,,,0,100,,51880,1,,,0,100,,51881,1,,,0,100,,51882,1,,,0,100,,51883,1,,,0,100,,51884,1,,,0,100,,51885,1,,,0,100,,51886,1,,,0,100,,51887,1,,,0,100,,51888,1,,,0,100,,51889,1,,,0,100,,51875,1,,,0,230,,51890,1,0,13 14,0
11019,'1838',924,,51925,31,4,,0,100,,51926,31,4,,0,103,,51927,31,4,,0,103,,51928,31,4,,0,100,,51929,31,4,,0,100,,51930,31,4,,0,100,,51931,31,4,,0,98,,51932,31,4,,0,100,,51933,31,4,,0,97,,51934,31,4,,0,98,,36461,31,4,,0,100,,51935,31,4,,0
11019,'1898',723,,49454,31,4,,0,100,,49455,31,4,,0,101,,49456,31,4,,0,100,,49457,31,4,,0,100,,49458,31,4,,0,106,,49459,31,4,,0,100,,49460,31,4,,0,100,,49461,31,4,,0,100,,49462,31,4,,0,98,,49463,31,4,,0,100,,49464,31,4,,0,97,,49465,31,4,,0
11019,'1899',924,,51937,31,4,,0,100,,51938,31,4,,0,103,,51939,31,4,,0,103,,51940,31,4,,0,100,,51941,31,4,,0,100,,51942,31,4,,0,100,,51943,31,4,,0,98,,51944,31,4,,0,100,,51945,31,4,,0,97,,51946,31,4,,0,98,,51947,31,4,,0,100,,51948,31,4,,0
20007019,'1838',630,,52953,1,,,0,200,,52949,1,,,0,100,,48439,1,,,0,100,,41918,1,,,0,100,,41919,1,,,0,100,,41920,1,,,0,100,,48440,1,,,0,100,,41922,1,,,0,100,,41923,1,,,0,100,,41924,1,,,0,100,,41925,1,,,0,100,,41926,1,,,0,100,,41927,1,,,0,100,,43939,1,,,0,100,,48441,1,,,0,70,,52951,1,,,0,30,,52950,1,,,0,70,,52948,1,,,0,30,,52952,1,,,0
20007019,'1897',535,,51487,1,,,0,1495,,51488,1,,,0,100,,51489,1,,,0,100,,51490,1,,,0,200,,51491,1,,,0
20007019,'1898',2030,,51492,1,,,0,100,,51493,1,,,0,100,,51494,1,,,0
20007019,'1899',630,,52969,1,,,0,200,,52955,1,,,0,100,,52956,1,,,0,100,,52957,1,,,0,100,,52958,1,,,0,100,,52959,1,,,0,100,,52960,1,,,0,100,,52961,1,,,0,100,,52962,1,,,0,100,,52963,1,,,0,100,,52964,1,,,0,100,,52965,1,,,0,100,,52966,1,,,0,100,,52967,1,,,0,100,,52968,1,,,0,70,,52971,1,,,0,30,,52970,1,,,0,70,,52954,1,,,0
