22019,'1912',701,,67626,14,4,,0,99,,71967,14,4,,0,100,,71964,16,4,,0,54,,71965,16,4,,0,100,,71959,16,4,,0,100,,71963,16,4,,0,100,,71960,16,4,,0,100,,71961,16,4,,0,100,,71958,16,4,,0,100,,71962,16,4,,0,99,,67620,16,4,,0,101,,62212,14,4,,0,99,,62213,14,4,,0,100,,62214,14,4,,0,147,,71966,14,4,,0
22019,'1959',701,,67638,14,4,,0,99,,72009,14,4,,0,100,,72006,16,4,,0,54,,72007,16,4,,0,100,,72001,16,4,,0,100,,72005,16,4,,0,100,,72002,16,4,,0,100,,72003,16,4,,0,100,,72000,16,4,,0,100,,72004,16,4,,0,99,,67632,16,4,,0,101,,62227,14,4,,0,99,,62228,14,4,,0,100,,62229,14,4,,0,147,,72008,14,4,,0
22019,'1965',607,,62171,14,4,,0,52,,71978,14,4,,0,70,,71979,14,4,,0,206,,71983,16,4,,0,70,,71984,16,4,,0,100,,71986,16,4,,0,30,,71987,16,4,,0,70,,71988,16,4,,0,30,,71989,16,4,,0,70,,71990,16,4,,0,30,,71991,16,4,,0,70,,71992,16,4,,0,554,,71997,16,4,,0,99,,71998,16,4,,0,68,,71999,14,4,,0
22019,'1967',633,,62202,14,4,,0,23,,62195,14,4,,0,70,,62191,14,4,,0,30,,62196,14,4,,0,70,,62192,14,4,,0,31,,62172,16,4,,0,72,,62173,16,4,,0,30,,62174,16,4,,0,70,,62175,16,4,,0,30,,62176,16,4,,0,70,,62177,16,4,,0,30,,62178,16,4,,0,70,,62179,16,4,,0,71,,62180,16,4,,0,30,,62181,16,4,,0,70,,62182,16,4,,0,30,,62183,16,4,,0,71,,62184,16,4,,0,30,,62185,16,4,,0,70,,62186,16,4,,0,30,,62187,16,4,,0,69,,62188,16,4,,0,30,,62189,16,4,,0,29,,62197,14,4,,0,70,,62193,14,4,,0,30,,62198,14,4,,0,67,,62190,14,4,,0,30,,62199,14,4,,0,69,,62194,14,4,,0,30,,62200,14,4,,0,70,,62201,14,4,,0
22019,'1969',701,,67650,14,4,,0,99,,71977,14,4,,0,100,,71974,16,4,,0,54,,71975,16,4,,0,100,,71969,16,4,,0,100,,71973,16,4,,0,100,,71970,16,4,,0,100,,71971,16,4,,0,100,,71968,16,4,,0,100,,71972,16,4,,0,99,,67644,16,4,,0,101,,62242,14,4,,0,99,,62243,14,4,,0,100,,62244,14,4,,0,147,,71976,14,4,,0
22019,'1970',804,,74520,16,4,,0,30,,74521,16,4,,0,72,,74522,16,4,,0,129,,74523,16,4,,0,400,,74524,16,4,,0,73,,74525,16,4,,0,29,,74526,16,4,,0,69,,74535,16,4,,0,30,,74527,16,4,,0,68,,74528,16,4,,0,28,,74529,16,4,,0,69,,74530,16,4,,0,29,,74531,16,4,,0,70,,74532,16,4,,0,30,,74533,16,4,,0,98,,74534,16,4,,0
22029,'1912',701,,67683,1,0,19 2 33 21,0,99,,72010,1,,,0,100,,72011,1,,,0,100,,72012,1,,,0,100,,72013,1,,,0,100,,72014,1,,,0,100,,72015,1,,,0,100,,72016,1,,,0,100,,72017,1,,,0,100,,72018,1,,,0,100,,67681,1,,,0,100,,62341,1,0,19 2 33 21,0,100,,62338,1,0,19 2 33 21,0,100,,62339,1,0,19 2 33 21,0,100,,72019,1,0,19 2 33 21,0
22029,'1959',701,,67695,1,0,19 2 33 21,0,99,,72052,1,,,0,100,,72053,1,,,0,100,,72054,1,,,0,100,,72055,1,,,0,100,,72056,1,,,0,100,,72057,1,,,0,100,,72058,1,,,0,100,,72059,1,,,0,100,,72060,1,,,0,100,,67693,1,,,0,100,,62356,1,0,19 2 33 21,0,100,,62353,1,0,19 2 33 21,0,100,,62354,1,0,19 2 33 21,0,100,,72061,1,0,19 2 33 21,0
22029,'1965',634,,72031,1,0,19 2 33 21,0,71,,72032,1,0,19 2 33 21,0,30,,72033,1,0,19 2 33 21,0,202,,72037,1,,,0,70,,72042,1,,,0,100,,72043,1,,,0,30,,72039,1,,,0,70,,72030,1,,,0,30,,72040,1,,,0,70,,72041,1,,,0,31,,72044,1,,,0,70,,72045,1,,,0,98,,62280,1,,,0,494,,72049,1,,,0,100,,72050,1,,,0,30,,72051,1,0,19 2 33 21,0,172,,62295,1,0,19 2 33 21,0,36,,62294,1,0,19 2 33 21,0
22029,'1967',605,,62327,1,0,19 2 33 21,0,30,,62326,1,0,19 2 33 21,0,65,,62319,1,0,19 2 33 21,0,30,,62314,1,0,19 2 33 21,0,70,,62320,1,0,19 2 33 21,0,30,,62296,1,,,0,70,,62297,1,,,0,30,,62298,1,,,0,70,,62299,1,,,0,30,,62300,1,,,0,70,,62301,1,,,0,30,,62302,1,,,0,70,,62303,1,,,0,30,,62304,1,,,0,70,,62305,1,,,0,31,,62306,1,,,0,69,,62307,1,,,0,31,,62308,1,,,0,70,,62309,1,,,0,30,,62310,1,,,0,70,,62311,1,,,0,30,,62312,1,,,0,69,,62313,1,,,0,31,,62315,1,0,19 2 33 21,0,69,,62321,1,0,19 2 33 21,0,30,,62316,1,0,19 2 33 21,0,70,,62322,1,0,19 2 33 21,0,30,,62317,1,0,19 2 33 21,0,70,,62323,1,0,19 2 33 21,0,30,,62318,1,0,19 2 33 21,0,27,,62324,1,0,19 2 33 21,0,73,,62325,1,0,19 2 33 21,0
22029,'1969',701,,67707,1,0,19 2 33 21,0,99,,72020,1,,,0,100,,72021,1,,,0,100,,72022,1,,,0,100,,72023,1,,,0,100,,72024,1,,,0,100,,72025,1,,,0,100,,72026,1,,,0,100,,72027,1,,,0,100,,72028,1,,,0,100,,67705,1,,,0,100,,62371,1,0,19 2 33 21,0,100,,62368,1,0,19 2 33 21,0,100,,62369,1,0,19 2 33 21,0,100,,72029,1,0,19 2 33 21,0
22029,'1970',808,,74536,1,0,19 2 33 21,0,30,,74537,1,0,19 2 33 21,0,70,,74538,1,,,0,129,,74539,1,,,0,401,,74540,1,,,0,100,,74541,1,,,0,70,,74542,1,,,0,30,,74543,1,,,0,69,,74544,1,,,0,30,,74545,1,,,0,70,,74546,1,,,0,28,,74547,1,,,0,70,,74548,1,,,0,30,,74549,1,,,0,95,,74550,1,,,0
601019,'1912',2240,,64031,1,,,0
601019,'1959',610,,64051,4,4,,0,30,,64068,1,,,0,70,,64049,1,,,0,30,,64067,1,,,0,70,,64048,1,,,0,30,,64066,1,,,0,70,,64047,1,,,0,30,,64065,1,,,0,70,,64045,1,,,0,30,,64064,1,,,0,70,,64046,1,,,0,30,,64063,1,,,0,70,,64044,1,,,0,30,,64062,1,,,0,70,,64040,1,,,0,30,,64061,1,,,0,70,,64043,1,,,0,30,,64060,1,,,0,70,,64041,1,,,0,30,,64059,1,,,0,70,,64039,1,,,0,30,,64058,1,,,0,70,,64042,1,,,0,30,,64057,1,,,0,70,,64036,1,,,0,30,,64056,1,,,0,70,,64037,1,,,0,30,,64055,1,,,0,70,,64038,1,,,0,30,,64054,1,,,0,70,,64035,1,,,0,30,,64053,1,,,0,70,,64034,1,,,0,30,,64052,1,,,0
601019,'1965',607,,63995,1,,,0,19,,63975,1,,,0,16,,63982,4,4,,0,13,,63970,1,0,19 2 11 2 34,0,52,,63994,4,4,,0,15,,63984,1,0,19 2 11 2 34,0,15,,63978,1,0,19 2 11 2 34,0,15,,63969,1,0,19 2 11 2 34,0,55,,63971,1,0,19 2 11 2 34,0,15,,63983,1,0,19 2 11 2 34,0,25,,63957,1,0,5 2 11 2 12,0,70,,63958,1,0,5 2 11 2 12,0,30,,63959,1,0,5 2 11 2 12,0,170,,63962,1,0,5 2 11 2 12,0,30,,63963,1,0,5 2 11 2 12,0,70,,63964,1,0,5 2 11 2 12,0,130,,63967,1,0,5 2 11 2 12,0,62,,63952,1,,,0,13,,63956,4,4,,0,15,,63980,1,0,19 2 11 2 34,0,15,,63993,4,4,,0,55,,63976,1,0,19 2 11 2 34,0,15,,63988,1,0,19 2 11 2 34,0,15,,63979,1,0,19 2 11 2 34,0,15,,63985,1,0,19 2 11 2 34,0,55,,63981,1,0,19 2 11 2 34,0,15,,63986,1,0,19 2 11 2 34,0,15,,63973,1,0,19 2 11 2 34,0,15,,63989,1,0,19 2 11 2 34,0,55,,63968,1,0,19 2 11 2 34,0,15,,63992,1,0,19 2 11 2 34,0,15,,63972,1,0,19 2 11 2 34,0,15,,63990,1,0,19 2 11 2 34,0,55,,63946,1,,,0,30,,63947,1,,,0,15,,63955,1,,,0,55,,63953,1,,,0,30,,63950,1,,,0,70,,63951,1,,,0,30,,63945,1,,,0,70,,63948,1,,,0,30,,63944,1,,,0,70,,63949,1,,,0,33,,63954,1,,,0
601019,'1967',610,,64013,4,4,,0,30,,64030,1,,,0,70,,64011,1,,,0,30,,64029,1,,,0,70,,64010,1,,,0,30,,64028,1,,,0,70,,64009,1,,,0,30,,64027,1,,,0,70,,64007,1,,,0,30,,64025,1,,,0,70,,64008,1,,,0,30,,64026,1,,,0,70,,64006,1,,,0,30,,64024,1,,,0,70,,63997,1,,,0,30,,64023,1,,,0,70,,64005,1,,,0,30,,64022,1,,,0,70,,64003,1,,,0,30,,64021,1,,,0,70,,63998,1,,,0,30,,64019,1,,,0,70,,64000,1,,,0,30,,64020,1,,,0,70,,64004,1,,,0,30,,64018,1,,,0,70,,63999,1,,,0,30,,64017,1,,,0,70,,64002,1,,,0,30,,64016,1,,,0,70,,64001,1,,,0,30,,64015,1,,,0,70,,63996,1,,,0,30,,64014,1,,,0
601019,'1969',2140,,64071,1,,,0,70,,64069,1,,,0,30,,64070,1,,,0
601019,'1970',1017,,74958,1,0,5 2 11 2 12,0,30,,74959,1,0,5 2 11 2 12,0,200,,74960,1,0,5 2 11 2 12,0,70,,74961,1,0,5 2 11 2 12,0
602019,'1912',2237,,64193,19,4,,0,70,,64194,19,4,,0,30,,64195,19,4,,0
602019,'1959',638,,64230,18,4,,0,67,,64226,19,4,,0,30,,64225,19,4,,0,70,,64224,19,4,,0,30,,64220,19,4,,0,70,,64219,19,4,,0,30,,64217,19,4,,0,70,,64216,19,4,,0,30,,64222,19,4,,0,70,,64223,19,4,,0,32,,64221,19,4,,0,71,,64218,19,4,,0,30,,64215,19,4,,0,70,,64212,19,4,,0,30,,64211,19,4,,0,70,,64210,19,4,,0,30,,64209,19,4,,0,70,,64200,19,4,,0,30,,64202,19,4,,0,70,,64208,19,4,,0,30,,64207,19,4,,0,70,,64204,19,4,,0,30,,64203,19,4,,0,70,,64198,19,4,,0,30,,64197,19,4,,0,70,,64205,19,4,,0,29,,64206,19,4,,0,70,,64199,19,4,,0,30,,64201,19,4,,0,70,,64196,19,4,,0,30,,64227,19,4,,0,70,,64229,19,4,,0,30,,64213,19,4,,0,70,,64214,19,4,,0,30,,64228,19,4,,0
602019,'1965',626,,64133,18,4,,0,29,,64113,18,4,,0,60,,64157,18,4,,0,15,,64125,18,4,,0,15,,64112,18,4,,0,55,,64115,18,4,,0,15,,64126,18,4,,0,15,,64120,18,4,,0,15,,64135,18,4,,0,55,,64116,18,4,,0,17,,64151,19,4,,0,22,,64147,18,4,,0,170,,64145,18,4,,0,30,,64144,18,4,,0,70,,64143,18,4,,0,130,,64109,18,4,,0,70,,64110,18,4,,0,28,,64111,18,4,,0,67,,64123,18,4,,0,13,,64130,18,4,,0,15,,64124,18,4,,0,15,,64129,18,4,,0,55,,64117,18,4,,0,15,,64128,18,4,,0,15,,64122,18,4,,0,15,,64132,18,4,,0,54,,64121,18,4,,0,13,,64127,18,4,,0,14,,64118,18,4,,0,15,,64131,18,4,,0,15,,64114,18,4,,0,55,,64134,18,4,,0,15,,64119,18,4,,0,18,,64150,19,4,,0,57,,64141,19,4,,0,30,,64136,19,4,,0,12,,64154,19,4,,0,58,,64140,19,4,,0,30,,64139,19,4,,0,70,,64137,19,4,,0,29,,64138,19,4,,0,70,,64152,19,4,,0,30,,64156,19,4,,0,70,,64153,19,4,,0,36,,64155,19,4,,0
602019,'1967',640,,64192,18,4,,0,67,,64190,19,4,,0,30,,64191,19,4,,0,70,,64181,19,4,,0,30,,64182,19,4,,0,72,,64180,19,4,,0,31,,64179,19,4,,0,70,,64178,19,4,,0,30,,64177,19,4,,0,70,,64188,19,4,,0,30,,64187,19,4,,0,70,,64186,19,4,,0,30,,64185,19,4,,0,70,,64184,19,4,,0,30,,64183,19,4,,0,70,,64175,19,4,,0,30,,64176,19,4,,0,70,,64189,19,4,,0,30,,64174,19,4,,0,70,,64173,19,4,,0,30,,64172,19,4,,0,70,,64171,19,4,,0,30,,64170,19,4,,0,70,,64168,19,4,,0,30,,64169,19,4,,0,70,,64167,19,4,,0,30,,64160,19,4,,0,69,,64161,19,4,,0,29,,64159,19,4,,0,70,,64162,19,4,,0,30,,64165,19,4,,0,70,,64166,19,4,,0,30,,64164,19,4,,0,70,,64163,19,4,,0,28,,64158,19,4,,0
602019,'1969',2137,,64233,19,4,,0,70,,64235,19,4,,0,30,,64231,19,4,,0,70,,64232,19,4,,0,30,,64234,19,4,,0
602019,'1970',1009,,74964,18,4,,0,30,,74963,18,4,,0,200,,74965,18,4,,0,70,,74962,18,4,,0
