701019,'1910',624,,68785,7,,,0,28,,68770,7,,,0,70,,68760,7,,,0,30,,68766,7,,,0,70,,68773,7,,,0,15,,68789,7,,,0,15,,68756,7,,,0,70,,68761,7,,,0,30,,68767,7,,,0,59,,68811,7,,,0,15,,68831,7,,,0,30,,68835,7,,,0,70,,68842,7,,,0,30,,68849,7,,,0,55,,68840,7,,,0,15,,68797,7,,,0,30,,68830,7,,,0,55,,68801,7,,,0,15,,68839,7,,,0,30,,68804,7,,,0,70,,68829,7,,,0,30,,68838,7,,,0,55,,68800,7,,,0,15,,68843,7,,,0,30,,68820,7,,,0,55,,68841,7,,,0,45,,68799,7,,,0,55,,68819,7,,,0,15,,68826,7,,,0,30,,68812,7,,,0,55,,68815,7,,,0,45,,68803,7,,,0,52,,68786,7,,,0,15,,68816,7,,,0,15,,68791,7,,,0,15,,68768,7,,,0,70,,68774,7,,,0,30,,68757,7,,,0,70,,68762,7,,,0,30,,68769,7,,,0,70,,68775,7,,,0,30,,68782,7,,,0,70,,68784,7,,,0,25,,68794,7,,,0,65,,68787,7,,,0
701019,'1912',624,,72955,7,,,0,28,,72986,7,,,0,70,,72973,7,,,0,30,,72954,7,,,0,55,,68877,7,,,0,15,,72988,7,,,0,15,,72934,7,,,0,15,,72962,7,,,0,56,,68861,7,,,0,15,,72951,7,,,0,15,,68878,7,,,0,15,,68940,7,,,0,55,,72933,7,,,0,15,,72971,7,,,0,15,,68862,7,,,0,15,,72950,7,,,0,55,,68857,7,,,0,16,,72983,7,,,0,15,,68865,7,,,0,15,,68919,7,,,0,55,,68860,7,,,0,15,,68893,7,,,0,15,,68872,7,,,0,15,,68937,7,,,0,55,,68863,7,,,0,15,,68915,7,,,0,15,,68868,7,,,0,15,,72947,7,,,0,55,,68871,7,,,0,15,,72989,7,,,0,15,,68858,7,,,0,15,,72967,7,,,0,55,,68870,7,,,0,15,,72945,7,,,0,15,,68874,7,,,0,15,,72985,7,,,0,55,,68855,7,,,0,15,,72972,7,,,0,15,,68856,7,,,0,15,,72943,7,,,0,55,,68873,7,,,0,15,,72981,7,,,0,15,,68854,7,,,0,15,,72964,7,,,0,55,,68869,7,,,0,15,,72942,7,,,0,15,,68875,7,,,0,15,,72980,7,,,0,55,,68866,7,,,0,15,,72965,7,,,0,15,,68867,7,,,0,15,,72940,7,,,0,54,,68876,7,,,0,15,,72990,7,,,0,15,,68864,7,,,0,15,,72963,7,,,0,70,,72937,7,,,0,30,,68943,7,,,0,70,,72959,7,,,0,30,,72935,7,,,0,70,,68948,7,,,0,25,,72991,7,,,0,65,,68951,7,,,0
701019,'1924',807,,68976,7,,,0,101,,68960,7,,,0,30,,68977,7,,,0,15,,69039,7,,,0,85,,68961,7,,,0,70,,68956,7,,,0,31,,68964,7,,,0,15,,69018,7,,,0,55,,68959,7,,,0,15,,68992,7,,,0,15,,68971,7,,,0,15,,69036,7,,,0,55,,68962,7,,,0,15,,69014,7,,,0,15,,68967,7,,,0,70,,68970,7,,,0,30,,68957,7,,,0,70,,68969,7,,,0,30,,68973,7,,,0,70,,68954,7,,,0,30,,68955,7,,,0,70,,68972,7,,,0,30,,68953,7,,,0,70,,68968,7,,,0,30,,68974,7,,,0,70,,68965,7,,,0,30,,68966,7,,,0,69,,68975,7,,,0,30,,68963,7,,,0,115,,69042,7,,,0,170,,69047,7,,,0,90,,69050,7,,,0
701019,'1925',624,,73015,7,,,0,28,,73046,7,,,0,70,,73033,7,,,0,30,,73014,7,,,0,55,,69075,7,,,0,15,,73048,7,,,0,15,,72994,7,,,0,15,,73022,7,,,0,56,,69059,7,,,0,15,,73011,7,,,0,15,,69076,7,,,0,15,,69138,7,,,0,55,,72993,7,,,0,15,,73031,7,,,0,15,,69060,7,,,0,15,,73010,7,,,0,55,,69055,7,,,0,16,,73043,7,,,0,15,,69063,7,,,0,15,,69117,7,,,0,55,,69058,7,,,0,15,,69091,7,,,0,15,,69070,7,,,0,15,,69135,7,,,0,55,,69061,7,,,0,15,,69113,7,,,0,15,,69066,7,,,0,15,,73007,7,,,0,55,,69069,7,,,0,15,,73049,7,,,0,15,,69056,7,,,0,15,,73027,7,,,0,55,,69068,7,,,0,15,,73005,7,,,0,15,,69072,7,,,0,15,,73045,7,,,0,55,,69053,7,,,0,15,,73032,7,,,0,15,,69054,7,,,0,15,,73003,7,,,0,55,,69071,7,,,0,15,,73041,7,,,0,15,,69052,7,,,0,15,,73024,7,,,0,55,,69067,7,,,0,15,,73002,7,,,0,15,,69073,7,,,0,15,,73040,7,,,0,55,,69064,7,,,0,15,,73025,7,,,0,15,,69065,7,,,0,15,,73000,7,,,0,54,,69074,7,,,0,15,,73050,7,,,0,15,,69062,7,,,0,15,,73023,7,,,0,70,,72997,7,,,0,30,,69141,7,,,0,70,,73019,7,,,0,30,,72995,7,,,0,70,,69146,7,,,0,25,,73051,7,,,0,65,,69149,7,,,0
701019,'1949',652,,69208,7,,,0,101,,69212,7,,,0,70,,69214,7,,,0,30,,69216,7,,,0,101,,69311,7,,,0,85,,69222,7,,,0,100,,69226,7,,,0,85,,69229,7,,,0,100,,69233,7,,,0,85,,69236,7,,,0,131,,69241,7,,,0,70,,69243,7,,,0,100,,69246,7,,,0,15,,69247,7,,,0,129,,69253,7,,,0,55,,69254,7,,,0,15,,69255,7,,,0,15,,69256,7,,,0,84,,69259,7,,,0,15,,69260,7,,,0,85,,69262,7,,,0,30,,69263,7,,,0,100,,69265,7,,,0,70,,69266,7,,,0,90,,69268,7,,,0
701019,'1955',807,,68788,7,,,0,100,,68790,7,,,0,30,,68795,7,,,0,104,,68847,7,,,0,70,,68802,7,,,0,30,,68824,7,,,0,100,,68845,7,,,0,100,,68823,7,,,0,70,,68837,7,,,0,30,,68846,7,,,0,100,,68828,7,,,0,85,,68848,7,,,0,15,,68851,7,,,0,100,,68817,7,,,0,85,,68821,7,,,0,15,,68810,7,,,0,167,,68792,7,,,0,30,,68793,7,,,0
701019,'1956',624,,69000,7,,,0,28,,69041,7,,,0,70,,69022,7,,,0,30,,68999,7,,,0,70,,69044,7,,,0,15,,68958,7,,,0,15,,69009,7,,,0,71,,68996,7,,,0,85,,68952,7,,,0,15,,69020,7,,,0,30,,68995,7,,,0,71,,69035,7,,,0,230,,68990,7,,,0,70,,69045,7,,,0,30,,69015,7,,,0,70,,68988,7,,,0,30,,69040,7,,,0,70,,69021,7,,,0,30,,68986,7,,,0,70,,69032,7,,,0,30,,69011,7,,,0,70,,68985,7,,,0,30,,69031,7,,,0,70,,69012,7,,,0,30,,68983,7,,,0,69,,69046,7,,,0,30,,69010,7,,,0,70,,68980,7,,,0,100,,69005,7,,,0,30,,68978,7,,,0,95,,69048,7,,,0
701019,'1957',604,,73053,7,,,0,30,,73054,7,,,0,74,,73055,7,,,0,15,,73056,7,,,0,15,,73057,7,,,0,70,,73058,7,,,0,30,,73059,7,,,0,71,,73060,7,,,0,15,,73061,7,,,0,15,,73062,7,,,0,70,,73063,7,,,0,15,,73064,7,,,0,30,,73065,7,,,0,55,,73066,7,,,0,15,,73067,7,,,0,30,,73068,7,,,0,55,,73069,7,,,0,30,,73070,7,,,0,15,,73071,7,,,0,55,,73072,7,,,0,30,,73073,7,,,0,15,,73074,7,,,0,70,,73075,7,,,0,16,,73076,7,,,0,15,,73077,7,,,0,55,,73115,7,,,0,15,,73078,7,,,0,30,,73079,7,,,0,70,,73117,7,,,0,15,,73080,7,,,0,15,,73081,7,,,0,84,,73082,7,,,0,15,,73083,7,,,0,55,,73084,7,,,0,15,,73085,7,,,0,15,,73086,7,,,0,115,,73087,7,,,0,54,,73088,7,,,0,45,,73089,7,,,0,170,,73090,7,,,0,125,,73091,7,,,0
701019,'1958',807,,73122,7,,,0,100,,73123,7,,,0,30,,73126,7,,,0,104,,73139,7,,,0,70,,73127,7,,,0,30,,73132,7,,,0,100,,73137,7,,,0,100,,73131,7,,,0,70,,73135,7,,,0,30,,73138,7,,,0,100,,73134,7,,,0,85,,73140,7,,,0,15,,73141,7,,,0,100,,73129,7,,,0,85,,73130,7,,,0,15,,73128,7,,,0,167,,73124,7,,,0,30,,73125,7,,,0
701019,'1959',624,,73164,7,,,0,28,,73195,7,,,0,70,,73182,7,,,0,30,,73163,7,,,0,70,,73197,7,,,0,15,,73143,7,,,0,15,,73171,7,,,0,71,,73160,7,,,0,85,,73142,7,,,0,15,,73180,7,,,0,30,,73159,7,,,0,71,,73192,7,,,0,230,,73156,7,,,0,70,,73198,7,,,0,30,,73176,7,,,0,70,,73154,7,,,0,30,,73194,7,,,0,70,,73181,7,,,0,30,,73152,7,,,0,70,,73190,7,,,0,30,,73173,7,,,0,70,,73151,7,,,0,30,,73189,7,,,0,70,,73174,7,,,0,30,,73149,7,,,0,69,,73199,7,,,0,30,,73172,7,,,0,70,,73146,7,,,0,100,,73168,7,,,0,30,,73144,7,,,0,95,,73200,7,,,0
