1019,'1912',628,,73606,34,,,0,100,,73607,34,,,0,101,,73608,34,,,0,100,,73609,34,,,0,100,,73610,34,,,0,101,,73611,34,,,0,100,,73612,34,,,0,100,,73613,34,,,0,100,,73614,34,,,0,100,,73615,34,,,0,100,,73616,34,,,0,100,,73617,34,,,0,100,,73618,34,,,0,99,,73619,34,,,0,100,,73620,34,,,0,100,,73621,34,,,0,102,,73622,34,,,0,95,,73623,34,,,0
1019,'1959',628,,73696,34,,,0,100,,73697,34,,,0,101,,73698,34,,,0,100,,73699,34,,,0,100,,73700,34,,,0,101,,73701,34,,,0,100,,73702,34,,,0,100,,73703,34,,,0,100,,73704,34,,,0,100,,73705,34,,,0,100,,73706,34,,,0,100,,73707,34,,,0,100,,73708,34,,,0,99,,73709,34,,,0,100,,73710,34,,,0,100,,73711,34,,,0,102,,73712,34,,,0,95,,73713,34,,,0
1019,'1967',559,,73695,34,,,0,70,,73684,34,,,0,30,,73670,34,,,0,70,,73689,34,,,0,30,,73679,34,,,0,70,,73664,34,,,0,30,,73685,34,,,0,70,,73687,34,,,0,30,,73669,34,,,0,71,,73690,34,,,0,70,,73678,34,,,0,30,,73663,34,,,0,70,,73673,34,,,0,30,,73683,34,,,0,70,,73668,34,,,0,30,,73691,34,,,0,70,,73677,34,,,0,30,,73662,34,,,0,70,,73672,34,,,0,30,,73682,34,,,0,70,,73667,34,,,0,30,,73692,34,,,0,70,,73676,34,,,0,30,,73661,34,,,0,70,,73671,34,,,0,30,,73681,34,,,0,70,,73665,34,,,0,29,,73693,34,,,0,30,,73674,34,,,0,70,,73660,34,,,0,30,,73666,34,,,0,70,,73680,34,,,0,74,,73675,34,,,0,30,,73694,34,,,0,70,,73688,34,,,0,25,,73686,34,,,0
1019,'1969',628,,73714,34,,,0,100,,73715,34,,,0,101,,73716,34,,,0,100,,73717,34,,,0,100,,73718,34,,,0,101,,73719,34,,,0,100,,73720,34,,,0,100,,73721,34,,,0,100,,73722,34,,,0,100,,73723,34,,,0,100,,73724,34,,,0,100,,73725,34,,,0,100,,73726,34,,,0,99,,73727,34,,,0,100,,73728,34,,,0,100,,73729,34,,,0,102,,73730,34,,,0,95,,73731,34,,,0
1019,'1976',558,,73659,34,,,0,75,,73655,34,,,0,70,,73631,34,,,0,33,,73626,34,,,0,70,,73644,34,,,0,30,,73628,34,,,0,71,,73633,34,,,0,32,,73658,34,,,0,70,,73630,34,,,0,30,,73624,34,,,0,70,,73643,34,,,0,30,,73629,34,,,0,70,,73634,34,,,0,30,,73654,34,,,0,70,,73632,34,,,0,30,,73625,34,,,0,70,,73656,34,,,0,31,,73627,34,,,0,70,,73635,34,,,0,30,,73653,34,,,0,70,,73646,34,,,0,30,,73638,34,,,0,70,,73636,34,,,0,28,,73639,34,,,0,68,,73641,34,,,0,30,,73640,34,,,0,70,,73637,34,,,0,25,,73657,34,,,0,70,,73651,34,,,0,28,,73652,34,,,0,30,,73650,34,,,0,70,,73649,34,,,0,30,,73648,34,,,0,70,,73647,34,,,0,30,,73645,34,,,0,70,,73642,34,,,0
1019,'1977',558,,75105,34,,,0,75,,75101,34,,,0,70,,75077,34,,,0,33,,75072,34,,,0,70,,75090,34,,,0,30,,75074,34,,,0,71,,75079,34,,,0,32,,75104,34,,,0,70,,75076,34,,,0,30,,75070,34,,,0,70,,75089,34,,,0,30,,75075,34,,,0,70,,75080,34,,,0,30,,75100,34,,,0,70,,75078,34,,,0,30,,75071,34,,,0,70,,75102,34,,,0,31,,75073,34,,,0,70,,75081,34,,,0,30,,75099,34,,,0,70,,75092,34,,,0,30,,75084,34,,,0,70,,75082,34,,,0,28,,75085,34,,,0,68,,75087,34,,,0,30,,75086,34,,,0,70,,75083,34,,,0,25,,75103,34,,,0,70,,75097,34,,,0,28,,75098,34,,,0,30,,75096,34,,,0,70,,75095,34,,,0,30,,75094,34,,,0,70,,75093,34,,,0,30,,75091,34,,,0,70,,75088,34,,,0
22029,'1912',714,,67683,13,0,19 2 33 21,0,99,,72010,15,,,0,100,,72011,15,,,0,100,,72012,15,,,0,100,,72013,15,,,0,100,,72014,15,,,0,101,,72015,15,,,0,100,,72016,15,,,0,100,,72017,15,,,0,100,,72018,15,,,0,99,,67681,15,,,0,100,,62341,13,0,19 2 33 21,0,100,,62338,13,0,19 2 33 21,0,99,,62339,13,0,19 2 33 21,0,100,,72019,13,0,19 2 33 21,0
22029,'1959',714,,67695,13,0,19 2 33 21,0,99,,72052,15,,,0,100,,72053,15,,,0,100,,72054,15,,,0,100,,72055,15,,,0,100,,72056,15,,,0,101,,72057,15,,,0,100,,72058,15,,,0,100,,72059,15,,,0,100,,72060,15,,,0,99,,67693,15,,,0,100,,62356,13,0,19 2 33 21,0,100,,62353,13,0,19 2 33 21,0,99,,62354,13,0,19 2 33 21,0,100,,72061,13,0,19 2 33 21,0
22029,'1967',616,,62327,13,0,19 2 33 21,0,30,,62326,13,0,19 2 33 21,0,65,,62319,13,0,19 2 33 21,0,30,,62314,13,0,19 2 33 21,0,70,,62320,13,0,19 2 33 21,0,31,,62296,15,,,0,70,,62297,15,,,0,30,,62298,15,,,0,71,,62299,15,,,0,30,,62300,15,,,0,70,,62301,15,,,0,30,,62302,15,,,0,70,,62303,15,,,0,31,,62304,15,,,0,70,,62305,15,,,0,31,,62306,15,,,0,69,,62307,15,,,0,31,,62308,15,,,0,70,,62309,15,,,0,30,,62310,15,,,0,70,,62311,15,,,0,29,,62312,15,,,0,69,,62313,15,,,0,30,,62315,13,0,19 2 33 21,0,69,,62321,13,0,19 2 33 21,0,30,,62316,13,0,19 2 33 21,0,70,,62322,13,0,19 2 33 21,0,30,,62317,13,0,19 2 33 21,0,70,,62323,13,0,19 2 33 21,0,30,,62318,13,0,19 2 33 21,0,67,,62324,13,0,19 2 33 21,0,33,,62325,13,0,19 2 33 21,0
22029,'1969',714,,67707,13,0,19 2 33 21,0,99,,72020,15,,,0,100,,72021,15,,,0,100,,72022,15,,,0,100,,72023,15,,,0,100,,72024,15,,,0,101,,72025,15,,,0,100,,72026,15,,,0,100,,72027,15,,,0,100,,72028,15,,,0,99,,67705,15,,,0,100,,62371,13,0,19 2 33 21,0,100,,62368,13,0,19 2 33 21,0,99,,62369,13,0,19 2 33 21,0,100,,72029,13,0,19 2 33 21,0
22029,'1976',648,,72031,13,0,19 2 33 21,0,73,,72032,13,0,19 2 33 21,0,30,,72033,13,0,19 2 33 21,0,73,,74536,13,0,19 2 33 21,0,30,,74537,13,0,19 2 33 21,0,71,,74538,15,,,0,27,,72037,15,,,0,70,,72042,15,,,0,30,,74539,15,,,0,70,,72043,15,,,0,30,,72039,15,,,0,70,,72030,15,,,0,30,,72040,15,,,0,70,,72041,15,,,0,31,,72044,15,,,0,70,,72045,15,,,0,30,,74540,15,,,0,70,,62280,15,,,0,32,,74541,15,,,0,70,,74542,15,,,0,30,,74543,15,,,0,67,,74544,15,,,0,30,,74545,15,,,0,70,,74546,15,,,0,28,,74547,15,,,0,70,,74548,15,,,0,30,,74549,15,,,0,64,,72049,15,,,0,30,,74550,15,,,0,70,,72050,15,,,0,28,,72051,13,0,19 2 33 21,0,172,,62295,13,0,19 2 33 21,0,36,,62294,13,0,19 2 33 21,0
22029,'1977',648,,75772,13,0,19 2 33 21,0,73,,75773,13,0,19 2 33 21,0,30,,75774,13,0,19 2 33 21,0,73,,75775,13,0,19 2 33 21,0,30,,75776,13,0,19 2 33 21,0,71,,75777,15,,,0,27,,75778,15,,,0,70,,75783,15,,,0,30,,75779,15,,,0,70,,75784,15,,,0,30,,75780,15,,,0,70,,75771,15,,,0,30,,75781,15,,,0,70,,75782,15,,,0,31,,75785,15,,,0,70,,75786,15,,,0,30,,75787,15,,,0,70,,75788,15,,,0,32,,75789,15,,,0,70,,75790,15,,,0,30,,75791,15,,,0,67,,75792,15,,,0,30,,75793,15,,,0,70,,75794,15,,,0,28,,75795,15,,,0,70,,75796,15,,,0,30,,75797,15,,,0,64,,75798,15,,,0,30,,75799,15,,,0,70,,75800,15,,,0,28,,75801,13,0,19 2 33 21,0,172,,75803,13,0,19 2 33 21,0,36,,75802,13,0,19 2 33 21,0
