6019,'1838',851,,35710,8,,,0,100,,44313,8,,,0,100,,44318,8,,,0,100,,44322,8,,,0,101,,44317,8,,,0,100,,44321,8,,,0,100,,44316,8,,,0,100,,44320,8,,,0,100,,44315,8,,,0,100,,44319,8,,,0,99,,44314,8,,,0,100,,44323,8,,,0
6019,'1867',851,,35812,8,,,0,100,,44358,8,,,0,100,,44363,8,,,0,100,,44367,8,,,0,101,,44362,8,,,0,100,,44366,8,,,0,100,,44361,8,,,0,100,,44365,8,,,0,100,,44360,8,,,0,100,,44364,8,,,0,99,,44359,8,,,0,100,,44368,8,,,0
6019,'1892',658,,35753,20,,,0,69,,42249,20,,,0,30,,42250,20,,,0,70,,42251,20,,,0,101,,42253,20,,,0,30,,42254,20,,,0,70,,44329,20,,,0,30,,42256,20,,,0,70,,42257,20,,,0,30,,42258,20,,,0,70,,42259,20,,,0,30,,42260,20,,,0,70,,44330,20,,,0,30,,42262,20,,,0,70,,42263,20,,,0,102,,42265,20,,,0,70,,42266,20,,,0,30,,44332,20,,,0,70,,42268,20,,,0,30,,42269,20,,,0,27,,42270,20,,,0,70,,42271,20,,,0,30,,42272,20,,,0,67,,44327,20,,,0,96,,44324,20,,,0,100,,35750,20,,,0
6019,'1896',857,,48941,20,,,0,643,,48942,20,,,0,720,,48939,20,,,0,100,,48940,20,,,0
6019,'1897',658,,48948,20,,,0,69,,48949,20,,,0,30,,48950,20,,,0,70,,48951,20,,,0,30,,48952,20,,,0,71,,48953,20,,,0,30,,48954,20,,,0,70,,48955,20,,,0,30,,48956,20,,,0,70,,48957,20,,,0,30,,48958,20,,,0,70,,48959,20,,,0,30,,48960,20,,,0,70,,48961,20,,,0,30,,48962,20,,,0,70,,48963,20,,,0,72,,48964,20,,,0,30,,48965,20,,,0,70,,48966,20,,,0,30,,48967,20,,,0,70,,48968,20,,,0,30,,48969,20,,,0,27,,48970,20,,,0,70,,48971,20,,,0,30,,48972,20,,,0,67,,48947,20,,,0,96,,48943,20,,,0,100,,48945,20,,,0,100,,48944,20,,,0,100,,48946,20,,,0
6019,'1898',652,,48976,20,,,0,70,,48975,20,,,0,28,,48995,20,,,0,70,,48988,20,,,0,30,,48978,20,,,0,70,,48987,20,,,0,30,,48996,20,,,0,72,,48994,20,,,0,30,,48986,20,,,0,70,,48999,20,,,0,30,,48985,20,,,0,70,,48993,20,,,0,30,,48984,20,,,0,70,,48998,20,,,0,30,,48983,20,,,0,70,,48992,20,,,0,30,,48982,20,,,0,70,,48997,20,,,0,30,,48981,20,,,0,70,,48991,20,,,0,30,,48980,20,,,0,70,,48973,20,,,0,30,,48979,20,,,0,70,,48990,20,,,0,30,,48977,20,,,0,68,,48989,20,,,0,101,,49000,8,,,0,100,,48974,8,,,0
15029,'1838',741,,36977,61,,,0,98,,45082,61,,,0,101,,36974,61,,,0,100,,36975,61,,,0,102,,45083,61,,,0,100,,36972,61,,,0,100,,36969,61,,,0,102,,45081,61,,,0,100,,36971,61,,,0,99,,36968,61,,,0,99,,45080,61,,,0,99,,36966,61,,,0,100,,36967,61,,,0,100,,45079,61,,,0
15029,'1867',741,,37054,61,,,0,98,,45107,61,,,0,101,,37051,61,,,0,100,,37052,61,,,0,102,,45108,61,,,0,100,,37049,61,,,0,100,,37046,61,,,0,102,,45106,61,,,0,100,,37048,61,,,0,99,,37045,61,,,0,99,,45105,61,,,0,99,,37043,61,,,0,100,,37044,61,,,0,100,,45104,61,,,0
15029,'1892',638,,45085,21,,,0,71,,36995,61,,,0,31,,36996,61,,,0,74,,36997,61,,,0,30,,45086,61,,,0,168,,37001,61,,,0,30,,37002,61,,,0,70,,37003,61,,,0,100,,45088,61,,,0,30,,42575,61,,,0,70,,45089,61,,,0,30,,45090,61,,,0,102,,37010,61,,,0,73,,45091,61,,,0,35,,37012,61,,,0,101,,45092,61,,,0,89,,37016,61,,,0,69,,37017,61,,,0,96,,45094,61,,,0,100,,45095,61,,,0,30,,45096,61,,,0,70,,37023,61,,,0,99,,45098,61,,,0,97,,45097,61,,,0
15029,'1896',618,,49683,21,,,0,299,,49684,61,,,0,30,,49685,61,,,0,195,,49686,61,,,0,270,,49687,61,,,0,212,,49688,61,,,0,95,,49689,61,,,0,121,,49690,61,,,0,97,,49691,61,,,0
15029,'1897',618,,49692,21,,,0,20,,49693,21,,,0,71,,49694,61,,,0,31,,49695,61,,,0,74,,49696,61,,,0,30,,49697,61,,,0,73,,49698,61,,,0,30,,49699,61,,,0,65,,49700,61,,,0,30,,49701,61,,,0,70,,49702,61,,,0,30,,49703,61,,,0,70,,49704,61,,,0,30,,49705,61,,,0,70,,49706,61,,,0,30,,49707,61,,,0,70,,49708,61,,,0,32,,49709,61,,,0,73,,49710,61,,,0,35,,49711,61,,,0,72,,49712,61,,,0,29,,49713,61,,,0,66,,49714,61,,,0,23,,49715,61,,,0,69,,49716,61,,,0,29,,49717,61,,,0,67,,49718,61,,,0,30,,49719,61,,,0,70,,49720,61,,,0,30,,49721,61,,,0,70,,49722,61,,,0,99,,49724,61,,,0,97,,49723,61,,,0
15029,'1898',613,,49727,21,,,0,133,,49728,61,,,0,93,,49729,61,,,0,100,,49730,61,,,0,100,,49731,61,,,0,102,,49732,61,,,0,100,,49733,61,,,0,100,,49734,61,,,0,105,,49735,61,,,0,100,,49736,61,,,0,98,,49737,61,,,0,98,,49738,61,,,0,99,,49739,61,,,0,100,,49725,61,,,0,100,,49726,61,,,0
501029,'1838',558,,45858,1,,,0,70,,45885,1,,,0,22,,45874,13,,,0,70,,45884,13,,,0,30,,45873,13,,,0,70,,45883,13,,,0,30,,45872,13,,,0,70,,45886,13,,,0,30,,38794,13,,,0,75,,45882,13,,,0,15,,38822,13,,,0,15,,45865,13,,,0,55,,45898,13,,,0,15,,45875,13,,,0,15,,45899,13,,,0,15,,45866,13,,,0,55,,45893,13,,,0,15,,45876,13,,,0,15,,38818,13,,,0,15,,45860,13,,,0,55,,45896,13,,,0,15,,45881,13,,,0,15,,38824,13,,,0,15,,45861,13,,,0,55,,45900,13,,,0,15,,45880,13,,,0,15,,38814,13,,,0,15,,45863,13,,,0,55,,45894,13,,,0,15,,45878,13,,,0,16,,38820,13,,,0,15,,45859,13,,,0,55,,45897,13,,,0,15,,45877,13,,,0,15,,38827,13,,,0,15,,45864,13,,,0,55,,45892,13,,,0,15,,45879,13,,,0,15,,38816,13,,,0,15,,45862,13,,,0,55,,45895,13,,,0,15,,45888,13,,,0,30,,45871,13,,,0,69,,45891,13,,,0,15,,38823,13,,,0,10,,45870,13,,,0,69,,38808,13,,,0,30,,45869,13,,,0,70,,45889,13,,,0,30,,43559,13,,,0,70,,45890,13,,,0,30,,45868,13,,,0,70,,45887,13,,,0,25,,45867,13,,,0
501029,'1867',558,,46017,1,,,0,70,,46044,1,,,0,22,,46033,13,,,0,70,,46043,13,,,0,30,,46032,13,,,0,70,,46042,13,,,0,30,,46031,13,,,0,70,,46045,13,,,0,30,,39042,13,,,0,75,,46041,13,,,0,15,,39070,13,,,0,15,,46024,13,,,0,55,,46057,13,,,0,15,,46034,13,,,0,15,,46058,13,,,0,15,,46025,13,,,0,55,,46052,13,,,0,15,,46035,13,,,0,15,,39066,13,,,0,15,,46019,13,,,0,55,,46055,13,,,0,15,,46040,13,,,0,15,,39072,13,,,0,15,,46020,13,,,0,55,,46059,13,,,0,15,,46039,13,,,0,15,,39062,13,,,0,15,,46022,13,,,0,55,,46053,13,,,0,15,,46037,13,,,0,16,,39068,13,,,0,15,,46018,13,,,0,55,,46056,13,,,0,15,,46036,13,,,0,15,,39075,13,,,0,15,,46023,13,,,0,55,,46051,13,,,0,15,,46038,13,,,0,15,,39064,13,,,0,15,,46021,13,,,0,55,,46054,13,,,0,15,,46047,13,,,0,30,,46030,13,,,0,69,,46050,13,,,0,15,,39071,13,,,0,10,,46029,13,,,0,69,,39056,13,,,0,30,,46028,13,,,0,70,,46048,13,,,0,30,,43583,13,,,0,70,,46049,13,,,0,30,,46027,13,,,0,70,,46046,13,,,0,25,,46026,13,,,0
501029,'1892',554,,45902,13,,,0,98,,45903,13,,,0,50,,43581,13,,,0,10,,45904,13,,,0,10,,45905,13,,,0,20,,45906,13,,,0,15,,45907,13,,,0,57,,38900,13,,,0,12,,45908,13,,,0,13,,38902,13,,,0,10,,45909,13,,,0,51,,45910,13,,,0,25,,45912,13,,,0,15,,38907,13,,,0,15,,45913,13,,,0,55,,45914,13,,,0,15,,45915,13,,,0,30,,45916,13,,,0,56,,45917,13,,,0,31,,43571,13,,,0,70,,45919,13,,,0,45,,43572,13,,,0,55,,45922,13,,,0,15,,45923,13,,,0,27,,43582,1,,,0,3,,45925,13,,,0,56,,43573,13,,,0,16,,45926,13,,,0,16,,45927,13,,,0,9,,45958,1,,,0,46,,43569,13,,,0,15,,45901,13,,,0,12,,43574,13,,,0,6,,45956,13,,,0,6,,45928,13,,,0,12,,45929,13,,,0,52,,45930,13,,,0,12,,45931,13,,,0,12,,45932,13,,,0,6,,45957,13,,,0,6,,45933,13,,,0,12,,43576,13,,,0,52,,45934,13,,,0,11,,45935,13,,,0,12,,45936,13,,,0,10,,45937,13,,,0,11,,45938,13,,,0,11,,43578,13,,,0,52,,45939,13,,,0,12,,45940,13,,,0,12,,45941,13,,,0,12,,45942,13,,,0,64,,45944,13,,,0,15,,45945,13,,,0,15,,45946,13,,,0,85,,45948,13,,,0,30,,45949,13,,,0,69,,45950,13,,,0,25,,45951,13,,,0,70,,45952,13,,,0,30,,45953,13,,,0,70,,45954,13,,,0,26,,45955,13,,,0
501029,'1896',844,,50360,13,,,0,70,,50351,13,,,0,126,,50352,13,,,0,87,,50353,13,,,0,30,,50354,13,,,0,70,,50355,13,,,0,15,,50356,13,,,0,100,,50357,13,,,0,516,,50358,13,,,0,97,,50359,13,,,0
501029,'1897',554,,50363,13,,,0,98,,50364,13,,,0,50,,50430,13,,,0,10,,50365,13,,,0,10,,50366,13,,,0,20,,50367,13,,,0,15,,50368,13,,,0,57,,50369,13,,,0,12,,50370,13,,,0,13,,50371,13,,,0,5,,50429,13,,,0,5,,50372,13,,,0,51,,50373,13,,,0,14,,50374,13,,,0,11,,50375,13,,,0,15,,50376,13,,,0,15,,50377,13,,,0,55,,50378,13,,,0,15,,50379,13,,,0,15,,50380,13,,,0,15,,50381,13,,,0,56,,50382,13,,,0,16,,50383,13,,,0,15,,50384,13,,,0,15,,50385,13,,,0,55,,50386,13,,,0,15,,50387,13,,,0,15,,50388,13,,,0,15,,50389,13,,,0,55,,50390,13,,,0,15,,50391,13,,,0,15,,50392,13,,,0,12,,50432,1,,,0,3,,50393,13,,,0,56,,50394,13,,,0,16,,50395,13,,,0,16,,50396,13,,,0,9,,50433,1,,,0,46,,50361,13,,,0,15,,50362,13,,,0,12,,50397,13,,,0,6,,50428,13,,,0,6,,50398,13,,,0,12,,50399,13,,,0,52,,50400,13,,,0,12,,50401,13,,,0,12,,50402,13,,,0,6,,50431,13,,,0,6,,50403,13,,,0,12,,50404,13,,,0,52,,50405,13,,,0,11,,50406,13,,,0,12,,50407,13,,,0,10,,50408,13,,,0,11,,50409,13,,,0,11,,50410,13,,,0,52,,50411,13,,,0,12,,50412,13,,,0,12,,50413,13,,,0,12,,50414,13,,,0,12,,50415,13,,,0,52,,50416,13,,,0,15,,50417,13,,,0,15,,50418,13,,,0,15,,50419,13,,,0,70,,50420,13,,,0,30,,50421,13,,,0,69,,50422,13,,,0,25,,50423,13,,,0,70,,50424,13,,,0,30,,50425,13,,,0,70,,50426,13,,,0,26,,50427,13,,,0
501029,'1898',558,,50445,1,,,0,70,,50451,1,,,0,22,,50444,13,,,0,75,,50449,13,,,0,15,,50484,13,,,0,15,,50443,13,,,0,70,,50450,13,,,0,30,,50442,13,,,0,70,,50448,13,,,0,30,,50441,13,,,0,55,,50434,13,,,0,15,,50447,13,,,0,15,,50446,13,,,0,15,,50459,13,,,0,55,,50468,13,,,0,15,,50485,13,,,0,15,,50477,13,,,0,15,,50460,13,,,0,55,,50469,13,,,0,15,,50486,13,,,0,15,,50478,13,,,0,15,,50461,13,,,0,55,,50470,13,,,0,15,,50487,13,,,0,15,,50479,13,,,0,15,,50462,13,,,0,55,,50471,13,,,0,15,,50488,13,,,0,15,,50480,13,,,0,15,,50463,13,,,0,55,,50472,13,,,0,15,,50489,13,,,0,16,,50481,13,,,0,15,,50464,13,,,0,55,,50473,13,,,0,15,,50490,13,,,0,15,,50482,13,,,0,15,,50465,13,,,0,55,,50474,13,,,0,15,,50467,13,,,0,15,,50483,13,,,0,15,,50466,13,,,0,55,,50475,13,,,0,15,,50456,13,,,0,15,,50458,13,,,0,15,,50440,13,,,0,54,,50476,13,,,0,15,,50457,13,,,0,15,,50492,13,,,0,15,,50439,13,,,0,69,,50454,13,,,0,25,,50438,13,,,0,70,,50455,13,,,0,30,,50437,13,,,0,70,,50453,13,,,0,30,,50436,13,,,0,70,,50452,13,,,0,25,,50435,13,,,0
