10029,'1909',941,,60789,8,,,0,999,,60809,8,,,0,95,,60811,8,,,0,100,,60813,8,,,0,100,,60814,8,,,0
10029,'1910',1908,,66855,8,,,0,28,,60815,8,,,0,100,,66856,8,,,0,100,,60842,8,,,0
10029,'1912',806,,60857,8,,,0,30,,66871,8,,,0,70,,60859,8,,,0,30,,66872,8,,,0,70,,60861,8,,,0,30,,71396,8,,,0,70,,71397,8,,,0,30,,71398,8,,,0,70,,71399,8,,,0,32,,71400,8,,,0,70,,71387,8,,,0,30,,71390,8,,,0,70,,71384,8,,,0,30,,71389,8,,,0,70,,71388,8,,,0,30,,71391,8,,,0,70,,71385,8,,,0,30,,71392,8,,,0,70,,66860,8,,,0,30,,71393,8,,,0,70,,71386,8,,,0,28,,71394,8,,,0,70,,66858,8,,,0,30,,71395,8,,,0
10029,'1924',806,,60881,8,,,0,30,,66892,8,,,0,70,,60883,8,,,0,30,,66893,8,,,0,70,,60885,8,,,0,702,,66881,8,,,0,198,,66879,8,,,0
10029,'1925',806,,60905,8,,,0,30,,66913,8,,,0,70,,60907,8,,,0,30,,66914,8,,,0,70,,60909,8,,,0,30,,71413,8,,,0,70,,71414,8,,,0,30,,71415,8,,,0,70,,71416,8,,,0,32,,71417,8,,,0,70,,71404,8,,,0,30,,71407,8,,,0,70,,71401,8,,,0,30,,71406,8,,,0,70,,71405,8,,,0,30,,71408,8,,,0,70,,71402,8,,,0,30,,71409,8,,,0,70,,66902,8,,,0,30,,71410,8,,,0,70,,71403,8,,,0,28,,71411,8,,,0,70,,66900,8,,,0,30,,71412,8,,,0
10029,'1949',1411,,66940,8,,,0
10029,'1955',706,,60816,8,,,0,30,,66833,8,,,0,70,,66834,8,,,0,30,,66835,8,,,0,70,,60820,8,,,0,30,,66836,8,,,0,70,,66837,8,,,0,32,,66838,8,,,0,70,,66839,8,,,0,30,,66840,8,,,0,70,,66841,8,,,0,30,,66842,8,,,0,70,,66843,8,,,0,30,,66844,8,,,0,70,,66845,8,,,0,30,,66846,8,,,0,70,,66847,8,,,0,30,,66848,8,,,0,70,,66849,8,,,0,30,,66850,8,,,0,70,,66851,8,,,0,30,,66852,8,,,0,70,,66853,8,,,0,30,,66854,8,,,0
10029,'1956',1036,,66894,8,,,0,70,,66895,8,,,0,30,,66896,8,,,0,70,,66897,8,,,0,32,,66898,8,,,0,70,,66883,8,,,0,30,,66886,8,,,0,70,,66878,8,,,0,30,,66885,8,,,0,70,,66884,8,,,0,30,,66887,8,,,0,70,,66880,8,,,0,30,,66888,8,,,0,100,,66889,8,,,0,70,,66882,8,,,0,28,,66890,8,,,0,100,,66891,8,,,0
10029,'1957',606,,71418,8,,,0,30,,71419,8,,,0,76,,71420,8,,,0,30,,71421,8,,,0,70,,71422,8,,,0,30,,71423,8,,,0,69,,71424,8,,,0,100,,71425,8,,,0,30,,71426,8,,,0,70,,71427,8,,,0,30,,71428,8,,,0,70,,71429,8,,,0,30,,71430,8,,,0,70,,71431,8,,,0,30,,71432,8,,,0,100,,71433,8,,,0,75,,71434,8,,,0,30,,71435,8,,,0,70,,71436,8,,,0,30,,71437,8,,,0,70,,71438,8,,,0,29,,71439,8,,,0,65,,71440,8,,,0,30,,71441,8,,,0,70,,71442,8,,,0,100,,71443,8,,,0,95,,71444,8,,,0
10029,'1958',706,,71445,8,,,0,30,,71446,8,,,0,70,,71447,8,,,0,30,,71448,8,,,0,70,,71449,8,,,0,30,,71450,8,,,0,70,,71451,8,,,0,32,,71452,8,,,0,70,,71453,8,,,0,30,,71454,8,,,0,70,,71455,8,,,0,30,,71456,8,,,0,70,,71457,8,,,0,30,,71458,8,,,0,70,,71459,8,,,0,30,,71460,8,,,0,70,,71461,8,,,0,30,,71462,8,,,0,70,,71463,8,,,0,30,,71464,8,,,0,70,,71465,8,,,0,30,,71466,8,,,0,70,,71467,8,,,0,30,,71468,8,,,0
10029,'1959',1036,,71481,8,,,0,70,,71482,8,,,0,30,,71483,8,,,0,70,,71484,8,,,0,32,,71485,8,,,0,70,,71472,8,,,0,30,,71475,8,,,0,70,,71469,8,,,0,30,,71474,8,,,0,70,,71473,8,,,0,30,,71476,8,,,0,70,,71470,8,,,0,30,,71477,8,,,0,100,,71478,8,,,0,70,,71471,8,,,0,28,,71479,8,,,0,100,,71480,8,,,0
