10019,'1909',912,,60946,11,,,0,999,,60966,11,,,0,98,,60968,11,,,0,100,,60970,11,,,0,100,,60971,11,,,0
10019,'1910',1841,,66746,11,,,0,69,,60997,11,,,0,100,,66747,11,,,0,100,,60999,11,,,0
10019,'1912',740,,61000,11,,,0,70,,66748,11,,,0,30,,61002,11,,,0,70,,66749,11,,,0,30,,61004,11,,,0,70,,71282,11,,,0,30,,71283,11,,,0,70,,71284,11,,,0,30,,71285,11,,,0,71,,71286,11,,,0,30,,71287,11,,,0,70,,71288,11,,,0,30,,71289,11,,,0,70,,71290,11,,,0,30,,71291,11,,,0,70,,71292,11,,,0,30,,71293,11,,,0,70,,71294,11,,,0,30,,66763,11,,,0,70,,71295,11,,,0,30,,71296,11,,,0,69,,71297,11,,,0,30,,66767,11,,,0,70,,71298,11,,,0
10019,'1924',740,,61024,11,,,0,70,,66769,11,,,0,30,,61026,11,,,0,70,,66770,11,,,0,30,,61028,11,,,0,701,,66784,11,,,0,199,,66788,11,,,0
10019,'1925',740,,61048,11,,,0,70,,66790,11,,,0,30,,61050,11,,,0,70,,66791,11,,,0,30,,61052,11,,,0,70,,71299,11,,,0,30,,71300,11,,,0,70,,71301,11,,,0,30,,71302,11,,,0,71,,71303,11,,,0,30,,71304,11,,,0,70,,71305,11,,,0,30,,71306,11,,,0,70,,71307,11,,,0,30,,71308,11,,,0,70,,71309,11,,,0,30,,71310,11,,,0,70,,71311,11,,,0,30,,66805,11,,,0,70,,71312,11,,,0,30,,71313,11,,,0,69,,71314,11,,,0,30,,66809,11,,,0,70,,71315,11,,,0
10019,'1949',1342,,66831,11,,,0
10019,'1955',640,,60972,11,,,0,70,,66724,11,,,0,30,,66725,11,,,0,70,,66726,11,,,0,30,,60976,11,,,0,70,,66727,11,,,0,30,,66728,11,,,0,71,,66729,11,,,0,30,,66730,11,,,0,70,,66731,11,,,0,30,,66732,11,,,0,70,,66733,11,,,0,30,,66734,11,,,0,70,,66735,11,,,0,30,,66736,11,,,0,70,,66737,11,,,0,30,,66738,11,,,0,70,,66739,11,,,0,30,,66740,11,,,0,70,,66741,11,,,0,30,,66742,11,,,0,70,,66743,11,,,0,30,,66744,11,,,0,70,,66745,11,,,0
10019,'1956',1010,,66771,11,,,0,30,,66772,11,,,0,70,,66773,11,,,0,30,,66774,11,,,0,71,,66775,11,,,0,30,,66776,11,,,0,70,,66777,11,,,0,30,,66778,11,,,0,70,,66779,11,,,0,30,,66780,11,,,0,70,,66781,11,,,0,30,,66782,11,,,0,70,,66783,11,,,0,100,,66785,11,,,0,30,,66786,11,,,0,69,,66787,11,,,0,100,,66789,11,,,0
10019,'1957',540,,71316,11,,,0,70,,71317,11,,,0,30,,71318,11,,,0,71,,71319,11,,,0,30,,71320,11,,,0,70,,71321,11,,,0,30,,71322,11,,,0,101,,71323,11,,,0,70,,71324,11,,,0,30,,71325,11,,,0,70,,71326,11,,,0,30,,71327,11,,,0,70,,71328,11,,,0,30,,71329,11,,,0,70,,71330,11,,,0,100,,71331,11,,,0,31,,71332,11,,,0,70,,71333,11,,,0,30,,71334,11,,,0,70,,71335,11,,,0,30,,71336,11,,,0,70,,71337,11,,,0,28,,71338,11,,,0,70,,71339,11,,,0,30,,71340,11,,,0,100,,71341,11,,,0,98,,71342,11,,,0
10019,'1958',640,,71343,11,,,0,70,,71344,11,,,0,30,,71345,11,,,0,70,,71346,11,,,0,30,,71347,11,,,0,70,,71348,11,,,0,30,,71349,11,,,0,71,,71350,11,,,0,30,,71351,11,,,0,70,,71352,11,,,0,30,,71353,11,,,0,70,,71354,11,,,0,30,,71355,11,,,0,70,,71356,11,,,0,30,,71357,11,,,0,70,,71358,11,,,0,30,,71359,11,,,0,70,,71360,11,,,0,30,,71361,11,,,0,70,,71362,11,,,0,30,,71363,11,,,0,70,,71364,11,,,0,30,,71365,11,,,0,70,,71366,11,,,0
10019,'1959',1010,,71367,11,,,0,30,,71368,11,,,0,70,,71369,11,,,0,30,,71370,11,,,0,71,,71371,11,,,0,30,,71372,11,,,0,70,,71373,11,,,0,30,,71374,11,,,0,70,,71375,11,,,0,30,,71376,11,,,0,70,,71377,11,,,0,30,,71378,11,,,0,70,,71379,11,,,0,100,,71380,11,,,0,30,,71381,11,,,0,69,,71382,11,,,0,100,,71383,11,,,0
