11019,'1910',816,,66945,24,,,0,1001,,66955,24,,,0,99,,66942,24,,,0,100,,66943,24,,,0
11019,'1912',916,,66957,24,,,0,100,,66958,24,,,0,100,,66959,24,,,0,101,,66960,24,,,0,100,,66961,24,,,0,100,,66962,24,,,0,100,,66963,24,,,0,99,,66964,24,,,0,100,,66965,24,,,0,100,,66966,24,,,0,99,,66967,24,,,0,100,,66968,24,,,0
11019,'1924',916,,66969,24,,,0,100,,66970,24,,,0,100,,66971,24,,,0,101,,66972,24,,,0,100,,66973,24,,,0,100,,66974,24,,,0,100,,66975,24,,,0,99,,66976,24,,,0,100,,66977,24,,,0,100,,66978,24,,,0,99,,66979,24,,,0,100,,66980,24,,,0
11019,'1925',916,,66981,24,,,0,100,,66982,24,,,0,100,,66983,24,,,0,101,,66984,24,,,0,100,,66985,24,,,0,100,,66986,24,,,0,100,,66987,24,,,0,99,,66988,24,,,0,100,,66989,24,,,0,100,,66990,24,,,0,99,,66991,24,,,0,100,,66992,24,,,0
11019,'1949',717,,67009,24,,,0,1101,,67020,24,,,0
11019,'1955',716,,66944,24,,,0,201,,66946,24,,,0,100,,66947,24,,,0,100,,66948,24,,,0,100,,66949,24,,,0,100,,66950,24,,,0,100,,66951,24,,,0,100,,66952,24,,,0,100,,66953,24,,,0,100,,66954,24,,,0
11019,'1957',818,,71486,24,,,0,101,,71487,24,,,0,100,,71488,24,,,0,100,,71489,24,,,0,100,,71490,24,,,0,100,,71491,24,,,0,100,,71492,24,,,0,100,,71493,24,,,0,100,,71494,24,,,0,100,,71495,24,,,0,198,,71496,24,,,0,100,,71497,24,,,0,100,,71498,24,,,0
11019,'1958',716,,71500,24,,,0,201,,71501,24,,,0,100,,71502,24,,,0,100,,71503,24,,,0,100,,71504,24,,,0,100,,71505,24,,,0,100,,71506,24,,,0,100,,71507,24,,,0,100,,71508,24,,,0,100,,71509,24,,,0
701019,'1910',632,,68785,15,,,0,68,,68770,15,,,0,30,,68760,15,,,0,70,,68766,15,,,0,30,,68773,15,,,0,17,,68789,15,,,0,55,,68756,15,,,0,30,,68761,15,,,0,70,,68767,15,,,0,19,,68811,15,,,0,15,,68831,15,,,0,71,,68835,15,,,0,30,,68842,15,,,0,70,,68849,15,,,0,15,,68840,15,,,0,15,,68797,15,,,0,70,,68830,15,,,0,15,,68801,15,,,0,15,,68839,15,,,0,70,,68804,15,,,0,30,,68829,15,,,0,70,,68838,15,,,0,15,,68800,15,,,0,15,,68843,15,,,0,70,,68820,15,,,0,15,,68841,15,,,0,84,,68799,15,,,0,15,,68819,15,,,0,15,,68826,15,,,0,70,,68812,15,,,0,15,,68815,15,,,0,84,,68803,15,,,0,12,,68786,15,,,0,15,,68816,15,,,0,15,,68791,15,,,0,55,,68768,15,,,0,30,,68774,15,,,0,70,,68757,15,,,0,29,,68762,15,,,0,70,,68769,15,,,0,30,,68775,15,,,0,70,,68782,15,,,0,30,,68784,15,,,0,25,,68794,15,,,0,65,,68787,15,,,0
701019,'1912',632,,72955,15,,,0,68,,72986,15,,,0,30,,72973,15,,,0,70,,72954,15,,,0,15,,68877,15,,,0,15,,72988,15,,,0,15,,72934,15,,,0,55,,72962,15,,,0,17,,68861,15,,,0,15,,72951,15,,,0,15,,68878,15,,,0,55,,68940,15,,,0,15,,72933,15,,,0,15,,72971,15,,,0,15,,68862,15,,,0,55,,72950,15,,,0,15,,68857,15,,,0,17,,72983,15,,,0,15,,68865,15,,,0,55,,68919,15,,,0,15,,68860,15,,,0,15,,68893,15,,,0,15,,68872,15,,,0,55,,68937,15,,,0,15,,68863,15,,,0,15,,68915,15,,,0,15,,68868,15,,,0,55,,72947,15,,,0,15,,68871,15,,,0,15,,72989,15,,,0,15,,68858,15,,,0,55,,72967,15,,,0,15,,68870,15,,,0,15,,72945,15,,,0,15,,68874,15,,,0,55,,72985,15,,,0,15,,68855,15,,,0,15,,72972,15,,,0,15,,68856,15,,,0,55,,72943,15,,,0,15,,68873,15,,,0,15,,72981,15,,,0,15,,68854,15,,,0,55,,72964,15,,,0,15,,68869,15,,,0,14,,72942,15,,,0,15,,68875,15,,,0,55,,72980,15,,,0,15,,68866,15,,,0,15,,72965,15,,,0,15,,68867,15,,,0,55,,72940,15,,,0,14,,68876,15,,,0,15,,72990,15,,,0,15,,68864,15,,,0,55,,72963,15,,,0,30,,72937,15,,,0,70,,68943,15,,,0,30,,72959,15,,,0,69,,72935,15,,,0,30,,68948,15,,,0,25,,72991,15,,,0,65,,68951,15,,,0
701019,'1924',815,,68976,15,,,0,102,,68960,15,,,0,30,,68977,15,,,0,55,,69039,15,,,0,45,,68961,15,,,0,70,,68956,15,,,0,32,,68964,15,,,0,55,,69018,15,,,0,15,,68959,15,,,0,15,,68992,15,,,0,15,,68971,15,,,0,55,,69036,15,,,0,15,,68962,15,,,0,15,,69014,15,,,0,15,,68967,15,,,0,70,,68970,15,,,0,30,,68957,15,,,0,70,,68969,15,,,0,30,,68973,15,,,0,70,,68954,15,,,0,30,,68955,15,,,0,70,,68972,15,,,0,30,,68953,15,,,0,70,,68968,15,,,0,29,,68974,15,,,0,70,,68965,15,,,0,30,,68966,15,,,0,69,,68975,15,,,0,30,,68963,15,,,0,155,,69042,15,,,0,129,,69047,15,,,0,90,,69050,15,,,0
701019,'1925',632,,73015,15,,,0,68,,73046,15,,,0,30,,73033,15,,,0,70,,73014,15,,,0,15,,69075,15,,,0,15,,73048,15,,,0,15,,72994,15,,,0,55,,73022,15,,,0,17,,69059,15,,,0,15,,73011,15,,,0,15,,69076,15,,,0,55,,69138,15,,,0,15,,72993,15,,,0,15,,73031,15,,,0,15,,69060,15,,,0,55,,73010,15,,,0,15,,69055,15,,,0,17,,73043,15,,,0,15,,69063,15,,,0,55,,69117,15,,,0,15,,69058,15,,,0,15,,69091,15,,,0,15,,69070,15,,,0,55,,69135,15,,,0,15,,69061,15,,,0,15,,69113,15,,,0,15,,69066,15,,,0,55,,73007,15,,,0,15,,69069,15,,,0,15,,73049,15,,,0,15,,69056,15,,,0,55,,73027,15,,,0,15,,69068,15,,,0,15,,73005,15,,,0,15,,69072,15,,,0,55,,73045,15,,,0,15,,69053,15,,,0,15,,73032,15,,,0,15,,69054,15,,,0,55,,73003,15,,,0,15,,69071,15,,,0,15,,73041,15,,,0,15,,69052,15,,,0,55,,73024,15,,,0,15,,69067,15,,,0,14,,73002,15,,,0,15,,69073,15,,,0,55,,73040,15,,,0,15,,69064,15,,,0,15,,73025,15,,,0,15,,69065,15,,,0,55,,73000,15,,,0,14,,69074,15,,,0,15,,73050,15,,,0,15,,69062,15,,,0,55,,73023,15,,,0,30,,72997,15,,,0,70,,69141,15,,,0,30,,73019,15,,,0,69,,72995,15,,,0,30,,69146,15,,,0,25,,73051,15,,,0,65,,69149,15,,,0
701019,'1949',700,,69208,15,,,0,103,,69212,15,,,0,30,,69214,15,,,0,70,,69216,15,,,0,102,,69311,15,,,0,45,,69222,15,,,0,100,,69226,15,,,0,85,,69229,15,,,0,100,,69233,15,,,0,85,,69236,15,,,0,135,,69241,15,,,0,70,,69243,15,,,0,100,,69246,15,,,0,12,,69247,15,,,0,167,,69253,15,,,0,15,,69254,15,,,0,15,,69255,15,,,0,15,,69256,15,,,0,82,,69259,15,,,0,15,,69260,15,,,0,85,,69262,15,,,0,70,,69263,15,,,0,100,,69265,15,,,0,30,,69266,15,,,0,90,,69268,15,,,0
701019,'1955',815,,68788,15,,,0,102,,68790,15,,,0,30,,68795,15,,,0,104,,68847,15,,,0,71,,68802,15,,,0,30,,68824,15,,,0,100,,68845,15,,,0,100,,68823,15,,,0,70,,68837,15,,,0,30,,68846,15,,,0,100,,68828,15,,,0,85,,68848,15,,,0,15,,68851,15,,,0,99,,68817,15,,,0,85,,68821,15,,,0,15,,68810,15,,,0,166,,68792,15,,,0,30,,68793,15,,,0
701019,'1956',632,,69000,15,,,0,68,,69041,15,,,0,30,,69022,15,,,0,70,,68999,15,,,0,30,,69044,15,,,0,15,,68958,15,,,0,55,,69009,15,,,0,32,,68996,15,,,0,85,,68952,15,,,0,15,,69020,15,,,0,70,,68995,15,,,0,32,,69035,15,,,0,270,,68990,15,,,0,30,,69045,15,,,0,70,,69015,15,,,0,30,,68988,15,,,0,70,,69040,15,,,0,30,,69021,15,,,0,70,,68986,15,,,0,30,,69032,15,,,0,70,,69011,15,,,0,29,,68985,15,,,0,70,,69031,15,,,0,30,,69012,15,,,0,70,,68983,15,,,0,29,,69046,15,,,0,70,,69010,15,,,0,30,,68980,15,,,0,100,,69005,15,,,0,69,,68978,15,,,0,55,,69048,15,,,0
701019,'1957',612,,73053,15,,,0,30,,73054,15,,,0,76,,73055,15,,,0,15,,73056,15,,,0,15,,73057,15,,,0,70,,73058,15,,,0,30,,73059,15,,,0,72,,73060,15,,,0,15,,73061,15,,,0,15,,73062,15,,,0,70,,73063,15,,,0,15,,73064,15,,,0,70,,73065,15,,,0,15,,73066,15,,,0,15,,73067,15,,,0,70,,73068,15,,,0,15,,73069,15,,,0,30,,73070,15,,,0,55,,73071,15,,,0,15,,73072,15,,,0,30,,73073,15,,,0,55,,73074,15,,,0,32,,73075,15,,,0,18,,73076,15,,,0,55,,73077,15,,,0,15,,73115,15,,,0,15,,73078,15,,,0,70,,73079,15,,,0,30,,73117,15,,,0,15,,73080,15,,,0,55,,73081,15,,,0,39,,73082,15,,,0,55,,73083,15,,,0,15,,73084,15,,,0,15,,73085,15,,,0,15,,73086,15,,,0,154,,73087,15,,,0,13,,73088,15,,,0,85,,73089,15,,,0,130,,73090,15,,,0,125,,73091,15,,,0
701019,'1958',815,,73122,15,,,0,102,,73123,15,,,0,30,,73126,15,,,0,104,,73139,15,,,0,71,,73127,15,,,0,30,,73132,15,,,0,100,,73137,15,,,0,100,,73131,15,,,0,70,,73135,15,,,0,30,,73138,15,,,0,100,,73134,15,,,0,85,,73140,15,,,0,15,,73141,15,,,0,99,,73129,15,,,0,85,,73130,15,,,0,15,,73128,15,,,0,166,,73124,15,,,0,30,,73125,15,,,0
701019,'1959',632,,73164,15,,,0,68,,73195,15,,,0,30,,73182,15,,,0,70,,73163,15,,,0,30,,73197,15,,,0,15,,73143,15,,,0,55,,73171,15,,,0,32,,73160,15,,,0,85,,73142,15,,,0,15,,73180,15,,,0,70,,73159,15,,,0,32,,73192,15,,,0,270,,73156,15,,,0,30,,73198,15,,,0,70,,73176,15,,,0,30,,73154,15,,,0,70,,73194,15,,,0,30,,73181,15,,,0,70,,73152,15,,,0,30,,73190,15,,,0,70,,73173,15,,,0,29,,73151,15,,,0,70,,73189,15,,,0,30,,73174,15,,,0,70,,73149,15,,,0,29,,73199,15,,,0,70,,73172,15,,,0,30,,73146,15,,,0,100,,73168,15,,,0,69,,73144,15,,,0,55,,73200,15,,,0
