31019,'1838',614,,38211,28,,,0,90,,38194,40,,,0,101,,38195,40,,,0,101,,38196,40,,,0,100,,38197,40,,,0,100,,38198,40,,,0,101,,38199,40,,,0,100,,38200,40,,,0,100,,38201,40,,,0,100,,38202,40,,,0,100,,38203,40,,,0,100,,38204,40,,,0,100,,38205,40,,,0,100,,38206,40,,,0,100,,38207,40,,,0,99,,38208,40,,,0,98,,38209,40,,,0,100,,38210,40,,,0
31019,'1867',614,,38341,28,,,0,90,,38324,40,,,0,101,,38325,40,,,0,101,,38326,40,,,0,100,,38327,40,,,0,100,,38328,40,,,0,101,,38329,40,,,0,100,,38330,40,,,0,100,,38331,40,,,0,100,,38332,40,,,0,100,,38333,40,,,0,100,,38334,40,,,0,100,,38335,40,,,0,100,,38336,40,,,0,100,,38337,40,,,0,99,,38338,40,,,0,98,,38339,40,,,0,100,,38340,40,,,0
31019,'1892',641,,43399,28,,,0,66,,43369,40,,,0,33,,45591,40,,,0,70,,43397,40,,,0,30,,43380,40,,,0,68,,43377,40,,,0,29,,43391,40,,,0,70,,43372,40,,,0,32,,45592,40,,,0,68,,43396,40,,,0,30,,43383,40,,,0,100,,43390,40,,,0,70,,43371,40,,,0,30,,45593,40,,,0,71,,43395,40,,,0,30,,43381,40,,,0,70,,43375,40,,,0,31,,43389,40,,,0,70,,43373,40,,,0,30,,45594,40,,,0,70,,43394,40,,,0,29,,43382,40,,,0,69,,43376,40,,,0,30,,43388,40,,,0,70,,43370,40,,,0,30,,45596,40,,,0,70,,43393,40,,,0,100,,43379,40,,,0,98,,43374,40,,,0,100,,43392,40,,,0
31019,'1896',615,,50117,28,,,0,592,,50116,40,,,0
31019,'1897',615,,50153,28,,,0,26,,50148,28,,,0,66,,50118,40,,,0,33,,50133,40,,,0,70,,50146,40,,,0,30,,50129,40,,,0,68,,50126,40,,,0,29,,50140,40,,,0,70,,50121,40,,,0,32,,50134,40,,,0,68,,50145,40,,,0,30,,50132,40,,,0,70,,50127,40,,,0,30,,50139,40,,,0,70,,50120,40,,,0,30,,50135,40,,,0,71,,50144,40,,,0,30,,50130,40,,,0,70,,50124,40,,,0,31,,50138,40,,,0,70,,50122,40,,,0,30,,50136,40,,,0,70,,50143,40,,,0,29,,50131,40,,,0,69,,50125,40,,,0,30,,50137,40,,,0,70,,50119,40,,,0,30,,50154,40,,,0,70,,50142,40,,,0,100,,50128,40,,,0,98,,50123,40,,,0,100,,50141,40,,,0
31019,'1898',614,,50190,28,,,0,26,,50183,28,,,0,64,,50160,40,,,0,30,,50176,40,,,0,71,,50189,40,,,0,31,,50172,40,,,0,70,,50166,40,,,0,30,,50182,40,,,0,70,,50159,40,,,0,30,,50175,40,,,0,70,,50184,40,,,0,31,,50171,40,,,0,70,,50165,40,,,0,30,,50181,40,,,0,70,,50158,40,,,0,30,,50174,40,,,0,70,,50187,40,,,0,30,,50170,40,,,0,70,,50164,40,,,0,30,,50180,40,,,0,70,,50157,40,,,0,30,,50173,40,,,0,70,,50186,40,,,0,30,,50169,40,,,0,70,,50163,40,,,0,30,,50179,40,,,0,70,,50156,40,,,0,30,,50191,40,,,0,70,,50185,40,,,0,99,,50162,40,,,0,98,,50155,40,,,0,100,,50188,40,,,0
501029,'1838',632,,45874,4,,,0,70,,45884,4,,,0,30,,45873,4,,,0,70,,45883,4,,,0,30,,45872,4,,,0,70,,45886,4,,,0,30,,38794,4,,,0,75,,45882,4,,,0,15,,38822,4,,,0,15,,45865,4,,,0,15,,45898,4,,,0,55,,45875,4,,,0,15,,45899,4,,,0,15,,45866,4,,,0,15,,45893,4,,,0,55,,45876,4,,,0,15,,38818,4,,,0,15,,45860,4,,,0,15,,45896,4,,,0,55,,45881,4,,,0,15,,38824,4,,,0,15,,45861,4,,,0,15,,45900,4,,,0,55,,45880,4,,,0,15,,38814,4,,,0,15,,45863,4,,,0,15,,45894,4,,,0,55,,45878,4,,,0,16,,38820,4,,,0,15,,45859,4,,,0,15,,45897,4,,,0,55,,45877,4,,,0,15,,38827,4,,,0,15,,45864,4,,,0,15,,45892,4,,,0,55,,45879,4,,,0,15,,38816,4,,,0,15,,45862,4,,,0,15,,45895,4,,,0,55,,45888,4,,,0,30,,45871,4,,,0,69,,45891,4,,,0,15,,38823,4,,,0,10,,45870,4,,,0,70,,38808,4,,,0,30,,45869,4,,,0,70,,45889,4,,,0,30,,43559,4,,,0,70,,45890,4,,,0,30,,45868,4,,,0,70,,45887,4,,,0,25,,45867,4,,,0
501029,'1867',632,,46033,4,,,0,70,,46043,4,,,0,30,,46032,4,,,0,70,,46042,4,,,0,30,,46031,4,,,0,70,,46045,4,,,0,30,,39042,4,,,0,75,,46041,4,,,0,15,,39070,4,,,0,15,,46024,4,,,0,15,,46057,4,,,0,55,,46034,4,,,0,15,,46058,4,,,0,15,,46025,4,,,0,15,,46052,4,,,0,55,,46035,4,,,0,15,,39066,4,,,0,15,,46019,4,,,0,15,,46055,4,,,0,55,,46040,4,,,0,15,,39072,4,,,0,15,,46020,4,,,0,15,,46059,4,,,0,55,,46039,4,,,0,15,,39062,4,,,0,15,,46022,4,,,0,15,,46053,4,,,0,55,,46037,4,,,0,16,,39068,4,,,0,15,,46018,4,,,0,15,,46056,4,,,0,55,,46036,4,,,0,15,,39075,4,,,0,15,,46023,4,,,0,15,,46051,4,,,0,55,,46038,4,,,0,15,,39064,4,,,0,15,,46021,4,,,0,15,,46054,4,,,0,55,,46047,4,,,0,30,,46030,4,,,0,69,,46050,4,,,0,15,,39071,4,,,0,10,,46029,4,,,0,70,,39056,4,,,0,30,,46028,4,,,0,70,,46048,4,,,0,30,,43583,4,,,0,70,,46049,4,,,0,30,,46027,4,,,0,70,,46046,4,,,0,25,,46026,4,,,0
501029,'1892',537,,45902,4,,,0,95,,45903,4,,,0,10,,43581,4,,,0,10,,45904,4,,,0,50,,45905,4,,,0,20,,45906,4,,,0,15,,45907,4,,,0,17,,38900,4,,,0,52,,45908,4,,,0,13,,38902,4,,,0,10,,45909,4,,,0,11,,45910,4,,,0,67,,45912,4,,,0,15,,38907,4,,,0,15,,45913,4,,,0,15,,45914,4,,,0,55,,45915,4,,,0,30,,45916,4,,,0,15,,45917,4,,,0,70,,43571,4,,,0,30,,45919,4,,,0,85,,43572,4,,,0,15,,45922,4,,,0,55,,45923,4,,,0,30,,45925,4,,,0,15,,43573,4,,,0,56,,45926,4,,,0,15,,45927,4,,,0,16,,43569,4,,,0,15,,45901,4,,,0,52,,43574,4,,,0,6,,45956,4,,,0,6,,45928,4,,,0,12,,45929,4,,,0,12,,45930,4,,,0,12,,45931,4,,,0,52,,45932,4,,,0,6,,45957,4,,,0,6,,45933,4,,,0,12,,43576,4,,,0,11,,45934,4,,,0,11,,45935,4,,,0,52,,45936,4,,,0,12,,45937,4,,,0,12,,45938,4,,,0,12,,43578,4,,,0,12,,45939,4,,,0,52,,45940,4,,,0,12,,45941,4,,,0,12,,45942,4,,,0,24,,45944,4,,,0,55,,45945,4,,,0,15,,45946,4,,,0,85,,45948,4,,,0,30,,45949,4,,,0,70,,45950,4,,,0,25,,45951,4,,,0,70,,45952,4,,,0,30,,45953,4,,,0,70,,45954,4,,,0,26,,45955,4,,,0
501029,'1896',824,,50360,4,,,0,31,,50351,4,,,0,167,,50352,4,,,0,85,,50353,4,,,0,30,,50354,4,,,0,70,,50355,4,,,0,15,,50356,4,,,0,100,,50357,4,,,0,518,,50358,4,,,0,97,,50359,4,,,0
501029,'1897',537,,50363,4,,,0,95,,50364,4,,,0,10,,50430,4,,,0,10,,50365,4,,,0,50,,50366,4,,,0,20,,50367,4,,,0,15,,50368,4,,,0,17,,50369,4,,,0,52,,50370,4,,,0,13,,50371,4,,,0,5,,50429,4,,,0,5,,50372,4,,,0,11,,50373,4,,,0,15,,50374,4,,,0,52,,50375,4,,,0,15,,50376,4,,,0,15,,50377,4,,,0,15,,50378,4,,,0,55,,50379,4,,,0,15,,50380,4,,,0,15,,50381,4,,,0,15,,50382,4,,,0,55,,50383,4,,,0,15,,50384,4,,,0,15,,50385,4,,,0,15,,50386,4,,,0,55,,50387,4,,,0,15,,50388,4,,,0,15,,50389,4,,,0,15,,50390,4,,,0,55,,50391,4,,,0,15,,50392,4,,,0,15,,50393,4,,,0,15,,50394,4,,,0,56,,50395,4,,,0,15,,50396,4,,,0,16,,50361,4,,,0,15,,50362,4,,,0,52,,50397,4,,,0,6,,50428,4,,,0,6,,50398,4,,,0,12,,50399,4,,,0,12,,50400,4,,,0,12,,50401,4,,,0,52,,50402,4,,,0,6,,50431,4,,,0,6,,50403,4,,,0,12,,50404,4,,,0,11,,50405,4,,,0,11,,50406,4,,,0,52,,50407,4,,,0,12,,50408,4,,,0,12,,50409,4,,,0,12,,50410,4,,,0,12,,50411,4,,,0,52,,50412,4,,,0,12,,50413,4,,,0,12,,50414,4,,,0,12,,50415,4,,,0,12,,50416,4,,,0,55,,50417,4,,,0,15,,50418,4,,,0,15,,50419,4,,,0,70,,50420,4,,,0,30,,50421,4,,,0,70,,50422,4,,,0,25,,50423,4,,,0,70,,50424,4,,,0,30,,50425,4,,,0,70,,50426,4,,,0,26,,50427,4,,,0
501029,'1898',632,,50444,4,,,0,75,,50449,4,,,0,15,,50484,4,,,0,15,,50443,4,,,0,70,,50450,4,,,0,30,,50442,4,,,0,70,,50448,4,,,0,30,,50441,4,,,0,15,,50434,4,,,0,55,,50447,4,,,0,15,,50446,4,,,0,15,,50459,4,,,0,15,,50468,4,,,0,55,,50485,4,,,0,15,,50477,4,,,0,15,,50460,4,,,0,15,,50469,4,,,0,55,,50486,4,,,0,15,,50478,4,,,0,15,,50461,4,,,0,15,,50470,4,,,0,55,,50487,4,,,0,15,,50479,4,,,0,15,,50462,4,,,0,15,,50471,4,,,0,55,,50488,4,,,0,15,,50480,4,,,0,15,,50463,4,,,0,15,,50472,4,,,0,55,,50489,4,,,0,16,,50481,4,,,0,15,,50464,4,,,0,15,,50473,4,,,0,55,,50490,4,,,0,15,,50482,4,,,0,15,,50465,4,,,0,15,,50474,4,,,0,55,,50467,4,,,0,15,,50483,4,,,0,15,,50466,4,,,0,15,,50475,4,,,0,55,,50456,4,,,0,15,,50458,4,,,0,15,,50440,4,,,0,14,,50476,4,,,0,55,,50457,4,,,0,15,,50492,4,,,0,15,,50439,4,,,0,70,,50454,4,,,0,25,,50438,4,,,0,70,,50455,4,,,0,30,,50437,4,,,0,70,,50453,4,,,0,30,,50436,4,,,0,70,,50452,4,,,0,25,,50435,4,,,0
