10019,'1909',900,,60946,1,,,0,1000,,60966,1,,,0,100,,60968,1,,,0,100,,60970,1,,,0,100,,60971,1,,,0
10019,'1910',1830,,66746,1,,,0,70,,60997,1,,,0,100,,66747,1,,,0,100,,60999,1,,,0
10019,'1912',730,,61000,1,,,0,70,,66748,1,,,0,30,,61002,1,,,0,70,,66749,1,,,0,30,,61004,1,,,0,70,,71282,1,,,0,30,,71283,1,,,0,70,,71284,1,,,0,30,,71285,1,,,0,70,,71286,1,,,0,30,,71287,1,,,0,70,,71288,1,,,0,30,,71289,1,,,0,70,,71290,1,,,0,30,,71291,1,,,0,70,,71292,1,,,0,30,,71293,1,,,0,70,,71294,1,,,0,30,,66763,1,,,0,70,,71295,1,,,0,30,,71296,1,,,0,70,,71297,1,,,0,30,,66767,1,,,0,70,,71298,1,,,0
10019,'1924',730,,61024,1,,,0,70,,66769,1,,,0,30,,61026,1,,,0,70,,66770,1,,,0,30,,61028,1,,,0,700,,66784,1,,,0,200,,66788,1,,,0
10019,'1925',730,,61048,1,,,0,70,,66790,1,,,0,30,,61050,1,,,0,70,,66791,1,,,0,30,,61052,1,,,0,70,,71299,1,,,0,30,,71300,1,,,0,70,,71301,1,,,0,30,,71302,1,,,0,70,,71303,1,,,0,30,,71304,1,,,0,70,,71305,1,,,0,30,,71306,1,,,0,70,,71307,1,,,0,30,,71308,1,,,0,70,,71309,1,,,0,30,,71310,1,,,0,70,,71311,1,,,0,30,,66805,1,,,0,70,,71312,1,,,0,30,,71313,1,,,0,70,,71314,1,,,0,30,,66809,1,,,0,70,,71315,1,,,0
10019,'1949',1330,,66831,1,,,0
10019,'1955',630,,60972,1,,,0,70,,66724,1,,,0,30,,66725,1,,,0,70,,66726,1,,,0,30,,60976,1,,,0,70,,66727,1,,,0,30,,66728,1,,,0,70,,66729,1,,,0,30,,66730,1,,,0,70,,66731,1,,,0,30,,66732,1,,,0,70,,66733,1,,,0,30,,66734,1,,,0,70,,66735,1,,,0,30,,66736,1,,,0,70,,66737,1,,,0,30,,66738,1,,,0,70,,66739,1,,,0,30,,66740,1,,,0,70,,66741,1,,,0,30,,66742,1,,,0,70,,66743,1,,,0,30,,66744,1,,,0,70,,66745,1,,,0
10019,'1956',1000,,66771,1,,,0,30,,66772,1,,,0,70,,66773,1,,,0,30,,66774,1,,,0,70,,66775,1,,,0,30,,66776,1,,,0,70,,66777,1,,,0,30,,66778,1,,,0,70,,66779,1,,,0,30,,66780,1,,,0,70,,66781,1,,,0,30,,66782,1,,,0,70,,66783,1,,,0,100,,66785,1,,,0,30,,66786,1,,,0,70,,66787,1,,,0,100,,66789,1,,,0
10019,'1957',530,,71316,1,,,0,70,,71317,1,,,0,30,,71318,1,,,0,70,,71319,1,,,0,30,,71320,1,,,0,70,,71321,1,,,0,30,,71322,1,,,0,100,,71323,1,,,0,70,,71324,1,,,0,30,,71325,1,,,0,70,,71326,1,,,0,30,,71327,1,,,0,70,,71328,1,,,0,30,,71329,1,,,0,70,,71330,1,,,0,100,,71331,1,,,0,30,,71332,1,,,0,70,,71333,1,,,0,30,,71334,1,,,0,70,,71335,1,,,0,30,,71336,1,,,0,70,,71337,1,,,0,30,,71338,1,,,0,70,,71339,1,,,0,30,,71340,1,,,0,100,,71341,1,,,0,100,,71342,1,,,0
10019,'1958',630,,71343,1,,,0,70,,71344,1,,,0,30,,71345,1,,,0,70,,71346,1,,,0,30,,71347,1,,,0,70,,71348,1,,,0,30,,71349,1,,,0,70,,71350,1,,,0,30,,71351,1,,,0,70,,71352,1,,,0,30,,71353,1,,,0,70,,71354,1,,,0,30,,71355,1,,,0,70,,71356,1,,,0,30,,71357,1,,,0,70,,71358,1,,,0,30,,71359,1,,,0,70,,71360,1,,,0,30,,71361,1,,,0,70,,71362,1,,,0,30,,71363,1,,,0,70,,71364,1,,,0,30,,71365,1,,,0,70,,71366,1,,,0
10019,'1959',1000,,71367,1,,,0,30,,71368,1,,,0,70,,71369,1,,,0,30,,71370,1,,,0,70,,71371,1,,,0,30,,71372,1,,,0,70,,71373,1,,,0,30,,71374,1,,,0,70,,71375,1,,,0,30,,71376,1,,,0,70,,71377,1,,,0,30,,71378,1,,,0,70,,71379,1,,,0,100,,71380,1,,,0,30,,71381,1,,,0,70,,71382,1,,,0,100,,71383,1,,,0
10029,'1909',1006,,60789,37,4,,0,996,,60809,37,4,,0,55,,60811,37,4,,0,100,,60813,37,4,,0,100,,60814,37,4,,0
10029,'1910',1931,,66855,37,4,,0,28,,60815,37,4,,0,100,,66856,37,4,,0,100,,60842,37,4,,0
10029,'1912',829,,60857,37,4,,0,30,,66871,37,4,,0,70,,60859,37,4,,0,30,,66872,37,4,,0,70,,60861,37,4,,0,30,,71396,37,4,,0,70,,71397,37,4,,0,30,,71398,37,4,,0,72,,71399,37,4,,0,72,,71400,37,4,,0,30,,71387,37,4,,0,70,,71390,37,4,,0,30,,71384,37,4,,0,70,,71389,37,4,,0,30,,71388,37,4,,0,70,,71391,37,4,,0,30,,71385,37,4,,0,70,,71392,37,4,,0,30,,66860,37,4,,0,70,,71393,37,4,,0,28,,71386,37,4,,0,28,,71394,37,4,,0,70,,66858,37,4,,0,30,,71395,37,4,,0
10029,'1924',829,,60881,37,4,,0,30,,66892,37,4,,0,70,,60883,37,4,,0,30,,66893,37,4,,0,70,,60885,37,4,,0,704,,66881,37,4,,0,196,,66879,37,4,,0
10029,'1925',829,,60905,37,4,,0,30,,66913,37,4,,0,70,,60907,37,4,,0,30,,66914,37,4,,0,70,,60909,37,4,,0,30,,71413,37,4,,0,70,,71414,37,4,,0,30,,71415,37,4,,0,72,,71416,37,4,,0,72,,71417,37,4,,0,30,,71404,37,4,,0,70,,71407,37,4,,0,30,,71401,37,4,,0,70,,71406,37,4,,0,30,,71405,37,4,,0,70,,71408,37,4,,0,30,,71402,37,4,,0,70,,71409,37,4,,0,30,,66902,37,4,,0,70,,71410,37,4,,0,28,,71403,37,4,,0,28,,71411,37,4,,0,70,,66900,37,4,,0,30,,71412,37,4,,0
10029,'1949',1436,,66940,37,4,,0
10029,'1955',729,,60816,37,4,,0,30,,66833,37,4,,0,70,,66834,37,4,,0,30,,66835,37,4,,0,70,,60820,37,4,,0,30,,66836,37,4,,0,72,,66837,37,4,,0,72,,66838,37,4,,0,30,,66839,37,4,,0,70,,66840,37,4,,0,30,,66841,37,4,,0,70,,66842,37,4,,0,30,,66843,37,4,,0,70,,66844,37,4,,0,30,,66845,37,4,,0,70,,66846,37,4,,0,30,,66847,37,4,,0,70,,66848,37,4,,0,30,,66849,37,4,,0,70,,66850,37,4,,0,30,,66851,37,4,,0,70,,66852,37,4,,0,30,,66853,37,4,,0,70,,66854,37,4,,0
10029,'1956',1059,,66894,37,4,,0,70,,66895,37,4,,0,30,,66896,37,4,,0,72,,66897,37,4,,0,72,,66898,37,4,,0,30,,66883,37,4,,0,70,,66886,37,4,,0,30,,66878,37,4,,0,70,,66885,37,4,,0,30,,66884,37,4,,0,70,,66887,37,4,,0,30,,66880,37,4,,0,70,,66888,37,4,,0,100,,66889,37,4,,0,28,,66882,37,4,,0,28,,66890,37,4,,0,100,,66891,37,4,,0
10029,'1957',628,,71418,37,4,,0,30,,71419,37,4,,0,81,,71420,37,4,,0,70,,71421,37,4,,0,30,,71422,37,4,,0,70,,71423,37,4,,0,27,,71424,37,4,,0,100,,71425,37,4,,0,70,,71426,37,4,,0,30,,71427,37,4,,0,70,,71428,37,4,,0,30,,71429,37,4,,0,70,,71430,37,4,,0,30,,71431,37,4,,0,70,,71432,37,4,,0,101,,71433,37,4,,0,35,,71434,37,4,,0,70,,71435,37,4,,0,30,,71436,37,4,,0,70,,71437,37,4,,0,29,,71438,37,4,,0,67,,71439,37,4,,0,25,,71440,37,4,,0,70,,71441,37,4,,0,30,,71442,37,4,,0,99,,71443,37,4,,0,95,,71444,37,4,,0
10029,'1958',729,,71445,37,4,,0,30,,71446,37,4,,0,70,,71447,37,4,,0,30,,71448,37,4,,0,70,,71449,37,4,,0,30,,71450,37,4,,0,72,,71451,37,4,,0,72,,71452,37,4,,0,30,,71453,37,4,,0,70,,71454,37,4,,0,30,,71455,37,4,,0,70,,71456,37,4,,0,30,,71457,37,4,,0,70,,71458,37,4,,0,30,,71459,37,4,,0,70,,71460,37,4,,0,30,,71461,37,4,,0,70,,71462,37,4,,0,30,,71463,37,4,,0,70,,71464,37,4,,0,30,,71465,37,4,,0,70,,71466,37,4,,0,30,,71467,37,4,,0,70,,71468,37,4,,0
10029,'1959',1059,,71481,37,4,,0,70,,71482,37,4,,0,30,,71483,37,4,,0,72,,71484,37,4,,0,72,,71485,37,4,,0,30,,71472,37,4,,0,70,,71475,37,4,,0,30,,71469,37,4,,0,70,,71474,37,4,,0,30,,71473,37,4,,0,70,,71476,37,4,,0,30,,71470,37,4,,0,70,,71477,37,4,,0,100,,71478,37,4,,0,28,,71471,37,4,,0,28,,71479,37,4,,0,100,,71480,37,4,,0
11029,'1909',805,,61170,1,,,0
11029,'1910',705,,67037,1,,,0,1000,,67033,1,,,0,100,,67034,1,,,0,100,,67035,1,,,0
11029,'1912',805,,67039,1,,,0,100,,67040,1,,,0,100,,67041,1,,,0,100,,67042,1,,,0,100,,67043,1,,,0,100,,67044,1,,,0,100,,67045,1,,,0,100,,67046,1,,,0,100,,67047,1,,,0,100,,67048,1,,,0,100,,67049,1,,,0,100,,67050,1,,,0,100,,61211,1,,,0
11029,'1924',805,,67051,1,,,0,100,,67052,1,,,0,100,,67053,1,,,0,100,,67054,1,,,0,100,,67055,1,,,0,100,,67056,1,,,0,100,,67057,1,,,0,100,,67058,1,,,0,100,,67059,1,,,0,100,,67060,1,,,0,100,,67061,1,,,0,100,,67062,1,,,0,100,,61224,1,,,0
11029,'1925',805,,67063,1,,,0,100,,67064,1,,,0,100,,67065,1,,,0,100,,67066,1,,,0,100,,67067,1,,,0,100,,67068,1,,,0,100,,67069,1,,,0,100,,67070,1,,,0,100,,67071,1,,,0,100,,67072,1,,,0,100,,67073,1,,,0,100,,67074,1,,,0,100,,61237,1,,,0
11029,'1949',1705,,67097,1,,,0
11029,'1955',805,,67024,1,,,0,100,,67025,1,,,0,100,,67026,1,,,0,100,,67027,1,,,0,100,,67028,1,,,0,100,,67029,1,,,0,100,,67030,1,,,0,100,,67031,1,,,0,100,,67032,1,,,0,400,,67036,1,,,0
11029,'1957',705,,71512,1,,,0,200,,71513,1,,,0,100,,71514,1,,,0,100,,71515,1,,,0,100,,71516,1,,,0,100,,71517,1,,,0,100,,71518,1,,,0,100,,71519,1,,,0,100,,71520,1,,,0,200,,71521,1,,,0,100,,71522,1,,,0,100,,71523,1,,,0,100,,71511,1,,,0
11029,'1958',805,,71524,1,,,0,100,,71525,1,,,0,100,,71526,1,,,0,100,,71527,1,,,0,100,,71528,1,,,0,100,,71529,1,,,0,100,,71530,1,,,0,100,,71531,1,,,0,100,,71532,1,,,0,400,,71533,1,,,0
