2019,'1912',702,,73883,27,,,0,30,,73860,27,,,0,70,,73864,27,,,0,30,,73876,27,,,0,71,,73871,27,,,0,30,,73861,27,,,0,70,,73865,27,,,0,30,,73877,27,,,0,70,,73872,27,,,0,30,,73862,27,,,0,70,,73866,27,,,0,30,,73878,27,,,0,70,,73873,27,,,0,30,,73863,27,,,0,70,,73867,27,,,0,30,,73879,27,,,0,70,,73874,27,,,0,30,,73858,27,,,0,70,,73868,27,,,0,30,,73880,27,,,0,70,,73875,27,,,0,30,,73856,27,,,0,70,,73869,27,,,0,30,,73881,27,,,0,100,,73857,27,,,0,100,,73882,27,,,0,100,,73859,27,,,0,100,,73870,27,,,0,99,,73884,27,,,0
2019,'1966',632,,70404,18,,,0,70,,70411,27,,,0,30,,70420,27,,,0,70,,70427,27,,,0,30,,70405,27,,,0,70,,70412,27,,,0,30,,70421,27,,,0,70,,70428,27,,,0,31,,70406,27,,,0,70,,70413,27,,,0,30,,70422,27,,,0,70,,70429,27,,,0,30,,70407,27,,,0,70,,70414,27,,,0,30,,70423,27,,,0,70,,70430,27,,,0,30,,70408,27,,,0,70,,70415,27,,,0,30,,70424,27,,,0,70,,70431,27,,,0,30,,70409,27,,,0,70,,70416,27,,,0,30,,70425,27,,,0,70,,70432,27,,,0,30,,70410,27,,,0,70,,70417,27,,,0,30,,70426,27,,,0,100,,70418,27,,,0,100,,70433,27,,,0,100,,70419,27,,,0,100,,70434,27,,,0
2019,'1968',702,,70370,27,,,0,30,,70347,27,,,0,70,,70351,27,,,0,30,,70363,27,,,0,71,,70358,27,,,0,30,,70348,27,,,0,70,,70352,27,,,0,30,,70364,27,,,0,70,,70359,27,,,0,30,,70349,27,,,0,70,,70353,27,,,0,30,,70365,27,,,0,70,,70360,27,,,0,30,,70350,27,,,0,70,,70354,27,,,0,30,,70366,27,,,0,70,,70361,27,,,0,30,,70345,27,,,0,70,,70355,27,,,0,30,,70367,27,,,0,70,,70362,27,,,0,30,,70343,27,,,0,70,,70356,27,,,0,30,,70368,27,,,0,100,,70344,27,,,0,100,,70369,27,,,0,100,,70346,27,,,0,100,,70357,27,,,0,99,,70371,27,,,0
2019,'1970',457,,73916,18,0,5 2 13 14,0,176,,73885,27,,,0,70,,73886,27,,,0,30,,73887,27,,,0,70,,73888,27,,,0,31,,73889,27,,,0,70,,73890,27,,,0,31,,73907,27,,,0,70,,73908,27,,,0,30,,73909,27,,,0,70,,73910,27,,,0,30,,73911,27,,,0,70,,73912,27,,,0,30,,73913,27,,,0,70,,73914,27,,,0,30,,73915,27,,,0,70,,73905,27,,,0,31,,73906,27,,,0,71,,73891,27,,,0,30,,73892,27,,,0,70,,73893,27,,,0,30,,73894,27,,,0,70,,73895,27,,,0,30,,73896,27,,,0,69,,73897,27,,,0,30,,73898,27,,,0,70,,73904,27,,,0,30,,73899,27,,,0,98,,73900,27,,,0,100,,73901,27,,,0,100,,73902,27,,,0,100,,73903,27,,,0
2019,'1971',632,,73917,18,,,0,70,,73924,27,,,0,30,,73933,27,,,0,70,,73940,27,,,0,30,,73918,27,,,0,70,,73925,27,,,0,30,,73934,27,,,0,70,,73941,27,,,0,31,,73919,27,,,0,70,,73926,27,,,0,30,,73935,27,,,0,70,,73942,27,,,0,30,,73920,27,,,0,70,,73927,27,,,0,30,,73936,27,,,0,70,,73943,27,,,0,30,,73921,27,,,0,70,,73928,27,,,0,30,,73937,27,,,0,70,,73944,27,,,0,30,,73922,27,,,0,70,,73929,27,,,0,30,,73938,27,,,0,70,,73945,27,,,0,30,,73923,27,,,0,70,,73930,27,,,0,30,,73939,27,,,0,100,,73931,27,,,0,100,,73946,27,,,0,100,,73932,27,,,0,100,,73947,27,,,0
2019,'1972',702,,73975,27,,,0,30,,73952,27,,,0,70,,73956,27,,,0,30,,73968,27,,,0,71,,73963,27,,,0,30,,73953,27,,,0,70,,73957,27,,,0,30,,73969,27,,,0,70,,73964,27,,,0,30,,73954,27,,,0,70,,73958,27,,,0,30,,73970,27,,,0,70,,73965,27,,,0,30,,73955,27,,,0,70,,73959,27,,,0,30,,73971,27,,,0,70,,73966,27,,,0,30,,73950,27,,,0,70,,73960,27,,,0,30,,73972,27,,,0,70,,73967,27,,,0,30,,73948,27,,,0,70,,73961,27,,,0,30,,73973,27,,,0,100,,73949,27,,,0,100,,73974,27,,,0,100,,73951,27,,,0,100,,73962,27,,,0,99,,73976,27,,,0
2019,'1973',702,,74004,27,,,0,30,,73981,27,,,0,70,,73985,27,,,0,30,,73997,27,,,0,71,,73992,27,,,0,30,,73982,27,,,0,70,,73986,27,,,0,30,,73998,27,,,0,70,,73993,27,,,0,30,,73983,27,,,0,70,,73987,27,,,0,30,,73999,27,,,0,70,,73994,27,,,0,30,,73984,27,,,0,70,,73988,27,,,0,30,,74000,27,,,0,70,,73995,27,,,0,30,,73979,27,,,0,70,,73989,27,,,0,30,,74001,27,,,0,70,,73996,27,,,0,30,,73977,27,,,0,70,,73990,27,,,0,30,,74002,27,,,0,100,,73978,27,,,0,100,,74003,27,,,0,100,,73980,27,,,0,100,,73991,27,,,0,99,,74005,27,,,0
4019,'1912',746,,70650,2,,,0,70,,59832,2,,,0,30,,70649,2,,,0,70,,70651,2,,,0,30,,59830,2,,,0,71,,66070,2,,,0,30,,70638,2,,,0,70,,70642,2,,,0,30,,70645,2,,,0,70,,70631,2,,,0,30,,70634,2,,,0,70,,70637,2,,,0,30,,70641,2,,,0,70,,70643,2,,,0,30,,70630,2,,,0,70,,70633,2,,,0,30,,70636,2,,,0,70,,70640,2,,,0,30,,70644,2,,,0,70,,70629,2,,,0,30,,70632,2,,,0,70,,70635,2,,,0,30,,70639,2,,,0,70,,70648,2,,,0,30,,70652,2,,,0,70,,70646,2,,,0,30,,70653,2,,,0,70,,70647,2,,,0
4019,'1959',746,,70763,2,,,0,70,,59860,2,,,0,30,,70762,2,,,0,70,,70764,2,,,0,30,,59858,2,,,0,71,,66096,2,,,0,30,,70751,2,,,0,70,,70755,2,,,0,30,,70758,2,,,0,70,,70744,2,,,0,30,,70747,2,,,0,70,,70750,2,,,0,30,,70754,2,,,0,70,,70756,2,,,0,30,,70743,2,,,0,70,,70746,2,,,0,30,,70749,2,,,0,70,,70753,2,,,0,30,,70757,2,,,0,70,,70742,2,,,0,30,,70745,2,,,0,70,,70748,2,,,0,30,,70752,2,,,0,70,,70761,2,,,0,30,,70765,2,,,0,70,,70759,2,,,0,30,,70766,2,,,0,70,,70760,2,,,0
4019,'1965',646,,70710,2,,,0,71,,70685,2,,,0,27,,70686,2,,,0,76,,70687,2,,,0,24,,70688,2,,,0,76,,70689,2,,,0,27,,70690,2,,,0,70,,70691,2,,,0,30,,70692,2,,,0,70,,70693,2,,,0,30,,70694,2,,,0,70,,70695,2,,,0,100,,70697,2,,,0,30,,70698,2,,,0,70,,70699,2,,,0,32,,70700,2,,,0,70,,70701,2,,,0,31,,70702,2,,,0,64,,70703,2,,,0,36,,70704,2,,,0,64,,70705,2,,,0,36,,70706,2,,,0,62,,70707,2,,,0,35,,70708,2,,,0,70,,70709,2,,,0,130,,70681,2,,,0,100,,66173,2,,,0,70,,70683,2,,,0
4019,'1966',646,,70741,2,,,0,70,,70717,2,,,0,101,,70721,2,,,0,30,,70732,2,,,0,1170,,70731,2,,,0,100,,70726,2,,,0,100,,70728,2,,,0
4019,'1967',746,,70712,2,,,0,171,,70727,2,,,0,30,,66037,2,,,0,70,,70737,2,,,0,30,,70715,2,,,0,70,,70734,2,,,0,30,,70729,2,,,0,70,,70722,2,,,0,30,,70735,2,,,0,70,,70738,2,,,0,30,,70714,2,,,0,70,,70724,2,,,0,30,,70713,2,,,0,70,,70718,2,,,0,30,,70736,2,,,0,70,,70733,2,,,0,30,,70730,2,,,0,70,,70719,2,,,0,30,,70739,2,,,0,70,,70740,2,,,0,30,,70711,2,,,0,70,,70725,2,,,0,30,,70723,2,,,0,100,,70716,2,,,0,100,,70720,2,,,0
4019,'1969',746,,70675,2,,,0,70,,59888,2,,,0,30,,70674,2,,,0,70,,70676,2,,,0,30,,59886,2,,,0,71,,66122,2,,,0,30,,70663,2,,,0,70,,70667,2,,,0,30,,70670,2,,,0,70,,70656,2,,,0,30,,70659,2,,,0,70,,70662,2,,,0,30,,70666,2,,,0,70,,70668,2,,,0,30,,70655,2,,,0,70,,70658,2,,,0,30,,70661,2,,,0,70,,70665,2,,,0,30,,70669,2,,,0,70,,70654,2,,,0,30,,70657,2,,,0,70,,70660,2,,,0,30,,70664,2,,,0,70,,70673,2,,,0,30,,70677,2,,,0,70,,70671,2,,,0,30,,70678,2,,,0,70,,70672,2,,,0
4019,'1970',616,,74174,2,,,0,631,,74175,2,,,0,700,,74171,2,,,0,70,,74172,2,,,0,100,,74173,2,,,0
4019,'1971',646,,74182,2,,,0,70,,74176,2,,,0,101,,74177,2,,,0,30,,74181,2,,,0,1170,,74180,2,,,0,100,,74178,2,,,0,100,,74179,2,,,0
502019,'1912',631,,72480,2,,,0,70,,72466,2,,,0,30,,72483,2,,,0,70,,72497,2,,,0,30,,72477,2,,,0,70,,72496,2,,,0,30,,72479,2,,,0,70,,72495,2,,,0,30,,72474,2,,,0,70,,72494,2,,,0,30,,72469,2,,,0,71,,72493,2,,,0,30,,72472,2,,,0,70,,72491,2,,,0,30,,72470,2,,,0,70,,72492,2,,,0,30,,72473,2,,,0,70,,72490,2,,,0,30,,72467,2,,,0,70,,72489,2,,,0,30,,72471,2,,,0,70,,72488,2,,,0,30,,72468,2,,,0,70,,72487,2,,,0,30,,72481,2,,,0,70,,72486,2,,,0,30,,72482,2,,,0,69,,72485,2,,,0,30,,72475,2,,,0,70,,72498,2,,,0,30,,72484,2,,,0,70,,72499,2,,,0,30,,72478,2,,,0,70,,72500,2,,,0,30,,72476,2,,,0
502019,'1959',631,,72628,2,,,0,70,,72614,2,,,0,30,,72631,2,,,0,70,,72645,2,,,0,30,,72625,2,,,0,70,,72644,2,,,0,30,,72627,2,,,0,70,,72643,2,,,0,30,,72622,2,,,0,70,,72642,2,,,0,30,,72617,2,,,0,71,,72641,2,,,0,30,,72620,2,,,0,70,,72639,2,,,0,30,,72618,2,,,0,70,,72640,2,,,0,30,,72621,2,,,0,70,,72638,2,,,0,30,,72615,2,,,0,70,,72637,2,,,0,30,,72619,2,,,0,70,,72636,2,,,0,30,,72616,2,,,0,70,,72635,2,,,0,30,,72629,2,,,0,70,,72634,2,,,0,30,,72630,2,,,0,69,,72633,2,,,0,30,,72623,2,,,0,70,,72646,2,,,0,30,,72632,2,,,0,70,,72647,2,,,0,30,,72626,2,,,0,70,,72648,2,,,0,30,,72624,2,,,0
502019,'1965',631,,72537,2,,,0,25,,72577,2,,,0,75,,72539,2,,,0,24,,72540,2,,,0,76,,72542,2,,,0,24,,72543,2,,,0,52,,72544,2,,,0,24,,72545,2,,,0,71,,72546,2,,,0,30,,72547,2,,,0,100,,72549,2,,,0,100,,72551,2,,,0,70,,72552,2,,,0,30,,72553,2,,,0,102,,72555,2,,,0,70,,72556,2,,,0,30,,72557,2,,,0,68,,72558,2,,,0,24,,72559,2,,,0,12,,72560,2,,,0,64,,72561,2,,,0,6,,72578,2,,,0,18,,72562,2,,,0,12,,72563,2,,,0,64,,72564,2,,,0,22,,72565,2,,,0,12,,72566,2,,,0,66,,72567,2,,,0,30,,72568,2,,,0,69,,72569,2,,,0,30,,72570,2,,,0,70,,72571,2,,,0,30,,72572,2,,,0,70,,72573,2,,,0,30,,72574,2,,,0,70,,72575,2,,,0,30,,72576,2,,,0
502019,'1966',731,,72585,2,,,0,100,,72584,2,,,0,70,,72595,2,,,0,30,,72583,2,,,0,71,,72596,2,,,0,30,,72604,2,,,0,70,,72597,2,,,0,30,,72605,2,,,0,70,,72598,2,,,0,30,,72606,2,,,0,70,,72599,2,,,0,30,,72607,2,,,0,70,,72600,2,,,0,30,,72608,2,,,0,70,,72601,2,,,0,30,,72609,2,,,0,70,,72602,2,,,0,30,,72610,2,,,0,70,,72603,2,,,0,30,,72611,2,,,0,70,,72587,2,,,0,30,,72612,2,,,0,99,,72613,2,,,0,100,,72582,2,,,0,100,,72581,2,,,0,100,,72580,2,,,0,100,,72579,2,,,0
502019,'1967',631,,72586,2,,,0,70,,72593,2,,,0,100,,72594,2,,,0,1100,,72589,2,,,0,100,,72588,2,,,0,100,,72590,2,,,0,100,,72591,2,,,0,100,,72592,2,,,0
502019,'1969',631,,72515,2,,,0,70,,72501,2,,,0,30,,72518,2,,,0,70,,72532,2,,,0,30,,72512,2,,,0,70,,72531,2,,,0,30,,72514,2,,,0,70,,72530,2,,,0,30,,72509,2,,,0,70,,72529,2,,,0,30,,72504,2,,,0,71,,72528,2,,,0,30,,72507,2,,,0,70,,72526,2,,,0,30,,72505,2,,,0,70,,72527,2,,,0,30,,72508,2,,,0,70,,72525,2,,,0,30,,72502,2,,,0,70,,72524,2,,,0,30,,72506,2,,,0,70,,72523,2,,,0,30,,72503,2,,,0,70,,72522,2,,,0,30,,72516,2,,,0,70,,72521,2,,,0,30,,72517,2,,,0,69,,72520,2,,,0,30,,72510,2,,,0,70,,72533,2,,,0,30,,72519,2,,,0,70,,72534,2,,,0,30,,72513,2,,,0,70,,72535,2,,,0,30,,72511,2,,,0
502019,'1970',601,,74889,2,,,0,105,,74890,2,,,0,101,,74891,2,,,0,295,,74892,2,,,0,100,,74893,2,,,0,200,,74894,2,,,0
502019,'1971',731,,74901,2,,,0,100,,74900,2,,,0,70,,74903,2,,,0,30,,74899,2,,,0,71,,74904,2,,,0,30,,74912,2,,,0,70,,74905,2,,,0,30,,74913,2,,,0,70,,74906,2,,,0,30,,74914,2,,,0,70,,74907,2,,,0,30,,74915,2,,,0,70,,74908,2,,,0,30,,74916,2,,,0,70,,74909,2,,,0,30,,74917,2,,,0,70,,74910,2,,,0,30,,74918,2,,,0,70,,74911,2,,,0,30,,74919,2,,,0,70,,74902,2,,,0,30,,74920,2,,,0,99,,74921,2,,,0,100,,74898,2,,,0,100,,74897,2,,,0,100,,74896,2,,,0,100,,74895,2,,,0
701019,'1912',618,,72955,2,,,0,28,,72986,2,,,0,70,,72973,2,,,0,30,,72954,2,,,0,55,,68877,2,,,0,15,,72988,2,,,0,15,,72934,2,,,0,15,,72962,2,,,0,55,,68861,2,,,0,15,,72951,2,,,0,15,,68878,2,,,0,15,,68940,2,,,0,55,,72933,2,,,0,15,,72971,2,,,0,15,,68862,2,,,0,15,,72950,2,,,0,55,,68857,2,,,0,15,,72983,2,,,0,15,,68865,2,,,0,15,,68919,2,,,0,55,,68860,2,,,0,15,,68893,2,,,0,15,,68872,2,,,0,15,,68937,2,,,0,55,,68863,2,,,0,15,,68915,2,,,0,15,,68868,2,,,0,15,,72947,2,,,0,55,,68871,2,,,0,15,,72989,2,,,0,15,,68858,2,,,0,15,,72967,2,,,0,55,,68870,2,,,0,15,,72945,2,,,0,15,,68874,2,,,0,15,,72985,2,,,0,55,,68855,2,,,0,15,,72972,2,,,0,15,,68856,2,,,0,15,,72943,2,,,0,55,,68873,2,,,0,15,,72981,2,,,0,15,,68854,2,,,0,15,,72964,2,,,0,55,,68869,2,,,0,15,,72942,2,,,0,15,,68875,2,,,0,15,,72980,2,,,0,55,,68866,2,,,0,15,,72965,2,,,0,15,,68867,2,,,0,15,,72940,2,,,0,55,,68876,2,,,0,15,,72990,2,,,0,15,,68864,2,,,0,15,,72963,2,,,0,70,,72937,2,,,0,30,,68943,2,,,0,70,,72959,2,,,0,30,,72935,2,,,0,70,,68948,2,,,0,25,,72991,2,,,0,65,,68951,2,,,0
701019,'1959',618,,73164,2,,,0,28,,73195,2,,,0,70,,73182,2,,,0,30,,73163,2,,,0,55,,68976,2,,,0,15,,73197,2,,,0,15,,73143,2,,,0,15,,73171,2,,,0,55,,68960,2,,,0,15,,73160,2,,,0,15,,68977,2,,,0,15,,69039,2,,,0,55,,73142,2,,,0,15,,73180,2,,,0,15,,68961,2,,,0,15,,73159,2,,,0,55,,68956,2,,,0,15,,73192,2,,,0,15,,68964,2,,,0,15,,69018,2,,,0,55,,68959,2,,,0,15,,68992,2,,,0,15,,68971,2,,,0,15,,69036,2,,,0,55,,68962,2,,,0,15,,69014,2,,,0,15,,68967,2,,,0,15,,73156,2,,,0,55,,68970,2,,,0,15,,73198,2,,,0,15,,68957,2,,,0,15,,73176,2,,,0,55,,68969,2,,,0,15,,73154,2,,,0,15,,68973,2,,,0,15,,73194,2,,,0,55,,68954,2,,,0,15,,73181,2,,,0,15,,68955,2,,,0,15,,73152,2,,,0,55,,68972,2,,,0,15,,73190,2,,,0,15,,68953,2,,,0,15,,73173,2,,,0,55,,68968,2,,,0,15,,73151,2,,,0,15,,68974,2,,,0,15,,73189,2,,,0,55,,68965,2,,,0,15,,73174,2,,,0,15,,68966,2,,,0,15,,73149,2,,,0,55,,68975,2,,,0,15,,73199,2,,,0,15,,68963,2,,,0,15,,73172,2,,,0,70,,73146,2,,,0,30,,69042,2,,,0,70,,73168,2,,,0,30,,73144,2,,,0,70,,69047,2,,,0,25,,73200,2,,,0,65,,69050,2,,,0
701019,'1965',558,,73053,2,,,0,70,,73054,2,,,0,18,,69208,2,,,0,55,,73055,2,,,0,15,,73056,2,,,0,15,,73057,2,,,0,15,,69212,2,,,0,55,,73058,2,,,0,15,,69214,2,,,0,15,,73059,2,,,0,15,,69216,2,,,0,55,,73060,2,,,0,15,,73061,2,,,0,15,,73062,2,,,0,100,,69222,2,,,0,15,,73065,2,,,0,55,,73066,2,,,0,15,,73067,2,,,0,100,,69229,2,,,0,15,,73070,2,,,0,15,,73071,2,,,0,55,,73072,2,,,0,100,,69236,2,,,0,15,,73075,2,,,0,16,,73076,2,,,0,15,,73077,2,,,0,55,,73115,2,,,0,30,,69241,2,,,0,15,,73079,2,,,0,55,,69243,2,,,0,30,,73080,2,,,0,15,,73081,2,,,0,55,,69246,2,,,0,15,,69247,2,,,0,14,,73082,2,,,0,15,,73083,2,,,0,70,,73085,2,,,0,30,,69253,2,,,0,55,,69254,2,,,0,15,,69255,2,,,0,30,,73087,2,,,0,70,,69259,2,,,0,15,,69260,2,,,0,15,,73089,2,,,0,70,,69262,2,,,0,30,,69263,2,,,0,70,,73090,2,,,0,30,,69265,2,,,0,70,,69266,2,,,0,25,,73091,2,,,0,65,,69268,2,,,0
701019,'1966',801,,73122,2,,,0,1230,,73125,2,,,0
701019,'1967',618,,68785,2,,,0,28,,68770,2,,,0,70,,68760,2,,,0,30,,68766,2,,,0,70,,68773,2,,,0,15,,68789,2,,,0,15,,68756,2,,,0,55,,73123,2,,,0,15,,68761,2,,,0,15,,73126,2,,,0,15,,68767,2,,,0,57,,68811,2,,,0,15,,68831,2,,,0,15,,73139,2,,,0,15,,68835,2,,,0,55,,73127,2,,,0,15,,68842,2,,,0,15,,73132,2,,,0,15,,68849,2,,,0,55,,68840,2,,,0,15,,68797,2,,,0,15,,73137,2,,,0,15,,68830,2,,,0,55,,68801,2,,,0,15,,68839,2,,,0,15,,73131,2,,,0,15,,68804,2,,,0,55,,73135,2,,,0,15,,68829,2,,,0,15,,73138,2,,,0,15,,68838,2,,,0,55,,68800,2,,,0,15,,68843,2,,,0,15,,73134,2,,,0,15,,68820,2,,,0,55,,68841,2,,,0,15,,73140,2,,,0,15,,73141,2,,,0,15,,68799,2,,,0,55,,68819,2,,,0,15,,68826,2,,,0,15,,73129,2,,,0,15,,68812,2,,,0,55,,68815,2,,,0,15,,73130,2,,,0,15,,73128,2,,,0,15,,68803,2,,,0,53,,68786,2,,,0,15,,68816,2,,,0,15,,68791,2,,,0,15,,68768,2,,,0,55,,73124,2,,,0,15,,68774,2,,,0,30,,68757,2,,,0,70,,68762,2,,,0,30,,68769,2,,,0,70,,68775,2,,,0,30,,68782,2,,,0,70,,68784,2,,,0,25,,68794,2,,,0,65,,68787,2,,,0
701019,'1969',618,,73015,2,,,0,28,,73046,2,,,0,70,,73033,2,,,0,30,,73014,2,,,0,55,,69075,2,,,0,15,,73048,2,,,0,15,,72994,2,,,0,15,,73022,2,,,0,55,,69059,2,,,0,15,,73011,2,,,0,15,,69076,2,,,0,15,,69138,2,,,0,55,,72993,2,,,0,15,,73031,2,,,0,15,,69060,2,,,0,15,,73010,2,,,0,55,,69055,2,,,0,15,,73043,2,,,0,15,,69063,2,,,0,15,,69117,2,,,0,55,,69058,2,,,0,15,,69091,2,,,0,15,,69070,2,,,0,15,,69135,2,,,0,55,,69061,2,,,0,15,,69113,2,,,0,15,,69066,2,,,0,15,,73007,2,,,0,55,,69069,2,,,0,15,,73049,2,,,0,15,,69056,2,,,0,15,,73027,2,,,0,55,,69068,2,,,0,15,,73005,2,,,0,15,,69072,2,,,0,15,,73045,2,,,0,55,,69053,2,,,0,15,,73032,2,,,0,15,,69054,2,,,0,15,,73003,2,,,0,55,,69071,2,,,0,15,,73041,2,,,0,15,,69052,2,,,0,15,,73024,2,,,0,55,,69067,2,,,0,15,,73002,2,,,0,15,,69073,2,,,0,15,,73040,2,,,0,55,,69064,2,,,0,15,,73025,2,,,0,15,,69065,2,,,0,15,,73000,2,,,0,55,,69074,2,,,0,15,,73050,2,,,0,15,,69062,2,,,0,15,,73023,2,,,0,70,,72997,2,,,0,30,,69141,2,,,0,70,,73019,2,,,0,30,,72995,2,,,0,70,,69146,2,,,0,25,,73051,2,,,0,65,,69149,2,,,0
701019,'1970',946,,74985,2,,,0,55,,74966,2,,,0,15,,74967,2,,,0,115,,74968,2,,,0,15,,74969,2,,,0,55,,74970,2,,,0,115,,74971,2,,,0,15,,74972,2,,,0,15,,74973,2,,,0,171,,74974,2,,,0,100,,74984,2,,,0,184,,74975,2,,,0,30,,74976,2,,,0,100,,74977,2,,,0,70,,74978,2,,,0
701019,'1971',801,,74988,2,,,0,1230,,74989,2,,,0
702019,'1912',646,,73221,2,,,0,70,,73211,2,,,0,30,,73229,2,,,0,70,,73217,2,,,0,30,,73210,2,,,0,70,,73228,2,,,0,31,,73220,2,,,0,70,,73209,2,,,0,30,,69375,2,,,0,70,,73216,2,,,0,30,,69356,2,,,0,70,,73222,2,,,0,30,,69360,2,,,0,70,,73208,2,,,0,30,,73227,2,,,0,70,,73215,2,,,0,30,,73207,2,,,0,70,,73225,2,,,0,30,,73219,2,,,0,70,,73206,2,,,0,30,,73224,2,,,0,70,,73214,2,,,0,30,,73205,2,,,0,69,,73223,2,,,0,30,,73213,2,,,0,70,,73204,2,,,0,30,,73226,2,,,0,70,,73212,2,,,0,30,,73203,2,,,0,70,,69377,2,,,0,30,,73218,2,,,0,70,,73202,2,,,0,30,,69372,2,,,0,65,,73230,2,,,0,25,,73231,2,,,0
702019,'1959',646,,73310,2,,,0,70,,73300,2,,,0,30,,73318,2,,,0,70,,73306,2,,,0,30,,73299,2,,,0,70,,73317,2,,,0,31,,73309,2,,,0,70,,73298,2,,,0,30,,69410,2,,,0,70,,73305,2,,,0,30,,69391,2,,,0,70,,73311,2,,,0,30,,69395,2,,,0,70,,73297,2,,,0,30,,73316,2,,,0,70,,73304,2,,,0,30,,73296,2,,,0,70,,73314,2,,,0,30,,73308,2,,,0,70,,73295,2,,,0,30,,73313,2,,,0,70,,73303,2,,,0,30,,73294,2,,,0,69,,73312,2,,,0,30,,73302,2,,,0,70,,73293,2,,,0,30,,73315,2,,,0,70,,73301,2,,,0,30,,73292,2,,,0,70,,69412,2,,,0,30,,73307,2,,,0,70,,73291,2,,,0,30,,69407,2,,,0,65,,73319,2,,,0,25,,73320,2,,,0
702019,'1965',631,,73262,2,,,0,25,,73263,2,,,0,64,,69507,2,,,0,21,,69477,2,,,0,15,,73264,2,,,0,63,,64880,2,,,0,17,,73285,2,,,0,12,,69506,2,,,0,72,,69479,2,,,0,90,,73266,2,,,0,30,,73288,2,,,0,100,,69483,2,,,0,70,,73268,2,,,0,130,,73270,2,,,0,70,,73271,2,,,0,100,,73286,2,,,0,22,,73273,2,,,0,20,,73274,2,,,0,60,,73275,2,,,0,20,,73276,2,,,0,20,,73287,2,,,0,60,,73277,2,,,0,19,,73278,2,,,0,85,,69495,2,,,0,30,,69496,2,,,0,70,,73280,2,,,0,30,,69498,2,,,0,70,,73281,2,,,0,30,,73282,2,,,0,70,,69501,2,,,0,30,,73283,2,,,0,70,,69503,2,,,0,30,,69504,2,,,0,65,,73284,2,,,0,25,,69511,2,,,0
702019,'1967',646,,69324,2,,,0,70,,69326,2,,,0,30,,69328,2,,,0,70,,69323,2,,,0,30,,69325,2,,,0,70,,69327,2,,,0,30,,69329,2,,,0,71,,69340,2,,,0,30,,69338,2,,,0,70,,69344,2,,,0,30,,69335,2,,,0,70,,69348,2,,,0,30,,69337,2,,,0,70,,69346,2,,,0,30,,69343,2,,,0,70,,69342,2,,,0,30,,69339,2,,,0,70,,69332,2,,,0,30,,73290,2,,,0,70,,69331,2,,,0,30,,69341,2,,,0,70,,69334,2,,,0,30,,73289,2,,,0,70,,69345,2,,,0,30,,69336,2,,,0,70,,69318,2,,,0,30,,69321,2,,,0,70,,69314,2,,,0,29,,69316,2,,,0,70,,69319,2,,,0,30,,69322,2,,,0,70,,69315,2,,,0,30,,69317,2,,,0,65,,69320,2,,,0,25,,69330,2,,,0
702019,'1969',646,,73251,2,,,0,70,,73241,2,,,0,30,,73259,2,,,0,70,,73247,2,,,0,30,,73240,2,,,0,70,,73258,2,,,0,31,,73250,2,,,0,70,,73239,2,,,0,30,,69445,2,,,0,70,,73246,2,,,0,30,,69426,2,,,0,70,,73252,2,,,0,30,,69430,2,,,0,70,,73238,2,,,0,30,,73257,2,,,0,70,,73245,2,,,0,30,,73237,2,,,0,70,,73255,2,,,0,30,,73249,2,,,0,70,,73236,2,,,0,30,,73254,2,,,0,70,,73244,2,,,0,30,,73235,2,,,0,69,,73253,2,,,0,30,,73243,2,,,0,70,,73234,2,,,0,30,,73256,2,,,0,70,,73242,2,,,0,30,,73233,2,,,0,70,,69447,2,,,0,30,,73248,2,,,0,70,,73232,2,,,0,30,,69442,2,,,0,65,,73260,2,,,0,25,,73261,2,,,0
702019,'1970',940,,74990,2,,,0,170,,74991,2,,,0,130,,74992,2,,,0,70,,74993,2,,,0,130,,74994,2,,,0,311,,74995,2,,,0
14000001019,'1912',2424,,65844,34,,,0,30,,70196,34,,,0,70,,75054,34,,,0,30,,65845,34,,,0,70,,70197,34,,,0
14000001019,'1959',2424,,65849,34,,,0,30,,70198,34,,,0,100,,65850,34,,,0,70,,70199,34,,,0
14000001019,'1965',2424,,65835,34,,,0,30,,73580,34,,,0,100,,65834,34,,,0,70,,73582,34,,,0
14000001019,'1966',2524,,73584,34,,,0
14000001019,'1967',2424,,65840,34,,,0,30,,73583,34,,,0,100,,65838,34,,,0,70,,73585,34,,,0
14000001019,'1968',2524,,73579,34,,,0
14000001019,'1969',2424,,65854,34,,,0,30,,70200,34,,,0,100,,65855,34,,,0,70,,70201,34,,,0
14000001019,'1970',2524,,75055,34,,,0
14000001019,'1971',2524,,75056,34,,,0
14000001019,'1972',2524,,75057,34,,,0
14000001019,'1973',2524,,75058,34,,,0
