1019,'1838',615,,34814,17,,,0,100,,34815,17,,,0,101,,34816,17,,,0,100,,34817,17,,,0,100,,34818,17,,,0,100,,34819,17,,,0,100,,34820,17,,,0,100,,34821,17,,,0,100,,34822,17,,,0,100,,34823,17,,,0,100,,34824,17,,,0,100,,34825,17,,,0,100,,34826,17,,,0,100,,34827,17,,,0,100,,34828,17,,,0,100,,34829,17,,,0,104,5,34830,17,,,0,95,,34831,17,,,0
1019,'1867',615,,34939,17,,,0,100,,34940,17,,,0,101,,34941,17,,,0,100,,34942,17,,,0,100,,34943,17,,,0,100,,34944,17,,,0,100,,34945,17,,,0,100,,34946,17,,,0,100,,34947,17,,,0,100,,34948,17,,,0,100,,34949,17,,,0,100,,34950,17,,,0,100,,34951,17,,,0,100,,34952,17,,,0,100,,34953,17,,,0,100,,34954,17,,,0,104,5,34955,17,,,0,95,,34956,17,,,0
1019,'1892',545,,42047,17,,,0,70,,42070,17,,,0,30,,42045,17,,,0,101,,42059,17,,,0,71,,42042,17,,,0,30,,43975,17,,,0,70,,42073,17,,,0,30,,42044,17,,,0,70,,42038,17,,,0,31,,42058,17,,,0,70,,42043,17,,,0,30,,43976,17,,,0,70,,42069,17,,,0,30,,42046,17,,,0,100,,42071,17,,,0,70,,42041,17,,,0,30,,43977,17,,,0,70,,42068,17,,,0,29,,42061,17,,,0,70,,42053,17,,,0,30,,42051,17,,,0,70,,42054,17,,,0,30,,43978,17,,,0,70,,42055,17,,,0,29,,42052,17,,,0,70,,42072,17,,,0,30,,42066,17,,,0,70,,42067,17,,,0,30,,42065,17,,,0,70,,42064,17,,,0,34,5,42063,17,,,0,70,5,42062,17,,,0,30,5,42060,17,,,0,65,,42057,17,,,0
1019,'1896',715,,48525,17,,,0,603,,48524,17,,,0
1019,'1897',545,,48535,17,,,0,70,,48558,17,,,0,30,,48533,17,,,0,70,,48528,17,,,0,31,,48547,17,,,0,71,,48530,17,,,0,30,,48536,17,,,0,70,,48561,17,,,0,30,,48532,17,,,0,70,,48526,17,,,0,31,,48546,17,,,0,70,,48531,17,,,0,30,,48537,17,,,0,70,,48557,17,,,0,30,,48534,17,,,0,70,,48527,17,,,0,30,,48559,17,,,0,70,,48529,17,,,0,30,,48538,17,,,0,70,,48556,17,,,0,29,,48549,17,,,0,70,,48541,17,,,0,30,,48539,17,,,0,70,,48542,17,,,0,30,,48544,17,,,0,70,,48543,17,,,0,29,,48540,17,,,0,70,,48560,17,,,0,30,,48554,17,,,0,70,,48555,17,,,0,30,,48553,17,,,0,70,,48552,17,,,0,34,5,48551,17,,,0,70,5,48550,17,,,0,30,5,48548,17,,,0,65,,48545,17,,,0
1019,'1898',545,,48573,17,,,0,70,,48587,17,,,0,30,,48572,17,,,0,70,,48592,17,,,0,31,,48582,17,,,0,70,,48566,17,,,0,30,,48588,17,,,0,70,,48590,17,,,0,30,,48571,17,,,0,70,,48593,17,,,0,30,,48581,17,,,0,70,,48565,17,,,0,30,,48576,17,,,0,70,,48586,17,,,0,30,,48570,17,,,0,70,,48594,17,,,0,30,,48580,17,,,0,70,,48564,17,,,0,30,,48575,17,,,0,70,,48585,17,,,0,30,,48569,17,,,0,70,,48595,17,,,0,30,,48579,17,,,0,70,,48563,17,,,0,30,,48574,17,,,0,70,,48584,17,,,0,30,,48567,17,,,0,70,,48596,17,,,0,30,,48577,17,,,0,70,,48562,17,,,0,30,,48568,17,,,0,70,,48583,17,,,0,34,5,48578,17,,,0,70,5,48597,17,,,0,30,5,48591,17,,,0,65,,48589,17,,,0
702029,'1838',824,,47631,19,4,,0,31,,47643,19,4,,0,70,,47624,19,4,,0,30,,47629,19,4,,0,70,,47638,19,4,,0,31,,47639,19,4,,0,70,,47630,19,4,,0,30,,47649,19,4,,0,70,,47627,19,4,,0,30,,47641,19,4,,0,71,,47650,19,4,,0,31,,47633,19,4,,0,70,,47636,19,4,,0,30,,47648,19,4,,0,70,,47628,19,4,,0,30,,47637,19,4,,0,70,,47646,19,4,,0,30,,47626,19,4,,0,69,,47642,19,4,,0,29,,47644,19,4,,0,69,,47634,19,4,,0,29,,47640,19,4,,0,70,,47645,19,4,,0,30,,47632,19,4,,0,70,,47635,19,4,,0,30,,47647,19,4,,0,69,,47625,19,4,,0
702029,'1867',824,,47822,19,4,,0,31,,47834,19,4,,0,70,,47815,19,4,,0,30,,47820,19,4,,0,70,,47829,19,4,,0,31,,47830,19,4,,0,70,,47821,19,4,,0,30,,47840,19,4,,0,70,,47818,19,4,,0,30,,47832,19,4,,0,71,,47841,19,4,,0,31,,47824,19,4,,0,70,,47827,19,4,,0,30,,47839,19,4,,0,70,,47819,19,4,,0,30,,47828,19,4,,0,70,,47837,19,4,,0,30,,47817,19,4,,0,69,,47833,19,4,,0,29,,47835,19,4,,0,69,,47825,19,4,,0,29,,47831,19,4,,0,70,,47836,19,4,,0,30,,47823,19,4,,0,70,,47826,19,4,,0,30,,47838,19,4,,0,69,,47816,19,4,,0
702029,'1892',859,,47686,19,4,,0,100,,47688,19,4,,0,70,,47689,19,4,,0,100,,47691,19,4,,0,30,,47692,19,4,,0,70,,47693,19,4,,0,30,,47694,19,4,,0,70,,47695,19,4,,0,30,,47696,19,4,,0,71,,47697,19,4,,0,85,,47698,19,4,,0,100,,47699,19,4,,0,100,,47715,19,4,,0,42,,47700,19,4,,0,68,,47701,19,4,,0,30,,47702,19,4,,0,100,,47704,19,4,,0,70,,47705,19,4,,0,100,,47707,19,4,,0
702029,'1896',929,,51185,19,4,,0,130,,51186,19,4,,0,866,,51187,19,4,,0,130,,51188,19,4,,0
702029,'1897',859,,51223,19,4,,0,70,,51224,19,4,,0,30,,51225,19,4,,0,70,,51226,19,4,,0,30,,51227,19,4,,0,70,,51228,19,4,,0,30,,51229,19,4,,0,70,,51230,19,4,,0,30,,51231,19,4,,0,70,,51232,19,4,,0,30,,51233,19,4,,0,71,,51234,19,4,,0,85,,51235,19,4,,0,100,,51236,19,4,,0,100,,51252,19,4,,0,42,,51237,19,4,,0,68,,51238,19,4,,0,30,,51239,19,4,,0,70,,51240,19,4,,0,30,,51241,19,4,,0,70,,51242,19,4,,0,30,,51243,19,4,,0,70,,51244,19,4,,0
702029,'1898',824,,51314,19,4,,0,31,,51308,19,4,,0,70,,51309,19,4,,0,30,,51310,19,4,,0,70,,51299,19,4,,0,31,,51293,19,4,,0,70,,51305,19,4,,0,30,,51297,19,4,,0,70,,51288,19,4,,0,30,,51304,19,4,,0,71,,51298,19,4,,0,31,,51291,19,4,,0,70,,51303,19,4,,0,30,,51296,19,4,,0,70,,51290,19,4,,0,30,,51302,19,4,,0,70,,51294,19,4,,0,30,,51289,19,4,,0,69,,51301,19,4,,0,29,,51295,19,4,,0,69,,51292,19,4,,0,29,,51300,19,4,,0,70,,51306,19,4,,0,30,,51307,19,4,,0,70,,51311,19,4,,0,30,,51312,19,4,,0,69,,51313,19,4,,0
802019,'1838',830,,48216,1,,,0,70,,48228,1,,,0,30,,48229,1,,,0,70,,48217,1,,,0,30,,48222,1,,,0,70,,48226,1,,,0,30,,48233,1,,,0,70,,48237,1,,,0,30,,48225,1,,,0,70,,48227,1,,,0,30,,48238,1,,,0,70,,48232,1,,,0,30,,48221,1,,,0,70,,48236,1,,,0,30,,48231,1,,,0,70,,48219,1,,,0,30,,48235,1,,,0,70,,48215,1,,,0,30,,48234,1,,,0,70,,48241,1,,,0,30,,48230,1,,,0,70,,48220,1,,,0,30,,48239,1,,,0,70,,48223,1,,,0,30,,48218,1,,,0,70,,48240,1,,,0,30,,48224,1,,,0
802019,'1867',830,,48299,1,,,0,70,,48311,1,,,0,30,,48312,1,,,0,70,,48300,1,,,0,30,,48305,1,,,0,70,,48309,1,,,0,30,,48316,1,,,0,70,,48320,1,,,0,30,,48308,1,,,0,70,,48310,1,,,0,30,,48321,1,,,0,70,,48315,1,,,0,30,,48304,1,,,0,70,,48319,1,,,0,30,,48314,1,,,0,70,,48302,1,,,0,30,,48318,1,,,0,70,,48298,1,,,0,30,,48317,1,,,0,70,,48324,1,,,0,30,,48313,1,,,0,70,,48303,1,,,0,30,,48322,1,,,0,70,,48306,1,,,0,30,,48301,1,,,0,70,,48323,1,,,0,30,,48307,1,,,0
802019,'1892',605,,43924,1,,,0,45,,43923,1,,,0,70,,43922,1,,,0,80,,41780,1,,,0,30,,48268,1,,,0,70,,48242,1,,,0,100,,48244,1,,,0,30,,48245,1,,,0,100,,48247,1,,,0,70,,48248,1,,,0,30,,48249,1,,,0,70,,48250,1,,,0,30,,48251,1,,,0,70,,48252,1,,,0,30,,48253,1,,,0,90,,48254,1,,,0,80,,48269,1,,,0,20,,48255,1,,,0,20,,48256,1,,,0,60,,48257,1,,,0,20,,48258,1,,,0,20,,48270,1,,,0,60,,48259,1,,,0,20,,48260,1,,,0,20,,48261,1,,,0,60,,48262,1,,,0,100,,48264,1,,,0,25,,48265,1,,,0,100,,48267,1,,,0
802019,'1896',740,,51393,1,,,0,190,,51387,1,,,0,170,,51388,1,,,0,400,,51389,1,,,0,40,,51390,1,,,0,390,,51391,1,,,0,125,,51392,1,,,0
802019,'1897',605,,51429,1,,,0,45,,51426,1,,,0,70,,51424,1,,,0,20,,51428,1,,,0,60,,51394,1,,,0,30,,51423,1,,,0,70,,51395,1,,,0,30,,51396,1,,,0,70,,51397,1,,,0,30,,51398,1,,,0,70,,51399,1,,,0,30,,51400,1,,,0,70,,51401,1,,,0,30,,51402,1,,,0,70,,51403,1,,,0,30,,51404,1,,,0,70,,51405,1,,,0,30,,51406,1,,,0,70,,51407,1,,,0,20,,51408,1,,,0,20,,51409,1,,,0,60,,51425,1,,,0,20,,51410,1,,,0,20,,51411,1,,,0,60,,51412,1,,,0,20,,51413,1,,,0,20,,51427,1,,,0,60,,51414,1,,,0,20,,51415,1,,,0,20,,51416,1,,,0,60,,51417,1,,,0,30,,51418,1,,,0,70,,51419,1,,,0,25,,51420,1,,,0,30,,51421,1,,,0,70,,51422,1,,,0
802019,'1898',830,,51456,1,,,0,70,,51451,1,,,0,30,,51452,1,,,0,70,,51453,1,,,0,30,,51441,1,,,0,70,,51434,1,,,0,30,,51447,1,,,0,70,,51440,1,,,0,30,,51433,1,,,0,70,,51446,1,,,0,30,,51438,1,,,0,70,,51435,1,,,0,30,,51445,1,,,0,70,,51439,1,,,0,30,,51431,1,,,0,70,,51444,1,,,0,30,,51437,1,,,0,70,,51432,1,,,0,30,,51443,1,,,0,70,,51436,1,,,0,30,,51430,1,,,0,70,,51442,1,,,0,30,,51448,1,,,0,70,,51449,1,,,0,30,,51450,1,,,0,70,,51455,1,,,0,30,,51454,1,,,0
