501029,'1909',539,,63073,5,,,0,96,,63074,5,,,0,105,,63078,5,,,0,87,,63139,5,,,0,98,,63086,5,,,0,794,,63118,5,,,0,36,,63121,5,,,0,76,,63124,5,,,0,179,,63130,5,,,0,30,,63131,5,,,0,292,,63137,5,,,0
501029,'1910',909,,67993,5,,,0,1031,,63149,5,,,0,94,,63148,5,,,0,100,,63147,5,,,0,70,,67998,5,,,0,30,,63146,5,,,0,70,,67997,5,,,0,27,,63145,5,,,0
501029,'1912',634,,63220,5,,,0,70,,72281,5,,,0,30,,63219,5,,,0,70,,72280,5,,,0,30,,63218,5,,,0,70,,72283,5,,,0,30,,72279,5,,,0,75,,68056,5,,,0,15,,72293,5,,,0,15,,72274,5,,,0,15,,72297,5,,,0,56,,68049,5,,,0,15,,72299,5,,,0,15,,72275,5,,,0,15,,72286,5,,,0,55,,68050,5,,,0,15,,72289,5,,,0,15,,72269,5,,,0,15,,72292,5,,,0,55,,68055,5,,,0,15,,72295,5,,,0,15,,72270,5,,,0,15,,72300,5,,,0,55,,68054,5,,,0,15,,72285,5,,,0,15,,72272,5,,,0,15,,72288,5,,,0,55,,68052,5,,,0,15,,72291,5,,,0,15,,72268,5,,,0,15,,72296,5,,,0,55,,68051,5,,,0,15,,72298,5,,,0,15,,72273,5,,,0,15,,72284,5,,,0,55,,68053,5,,,0,15,,72287,5,,,0,15,,72271,5,,,0,15,,72290,5,,,0,55,,68063,5,,,0,30,,72278,5,,,0,71,,68066,5,,,0,15,,72294,5,,,0,10,,72277,5,,,0,69,,68062,5,,,0,29,,72276,5,,,0,70,,68064,5,,,0,30,,63214,5,,,0,70,,68065,5,,,0,30,,63213,5,,,0,70,,68061,5,,,0,26,,63212,5,,,0
501029,'1924',634,,63274,5,,,0,100,,63273,5,,,0,100,,63272,5,,,0,175,,68103,5,,,0,101,,68096,5,,,0,100,,68097,5,,,0,100,,68102,5,,,0,100,,68101,5,,,0,100,,68099,5,,,0,100,,68098,5,,,0,100,,68100,5,,,0,100,,68110,5,,,0,101,,68113,5,,,0,94,,68109,5,,,0,99,,68111,5,,,0,30,,63268,5,,,0,70,,68112,5,,,0,30,,63267,5,,,0,70,,68108,5,,,0,26,,63266,5,,,0
501029,'1925',634,,63328,5,,,0,70,,72314,5,,,0,30,,63327,5,,,0,70,,72313,5,,,0,30,,63326,5,,,0,70,,72316,5,,,0,30,,72312,5,,,0,75,,68150,5,,,0,15,,72326,5,,,0,15,,72307,5,,,0,15,,72330,5,,,0,56,,68143,5,,,0,15,,72332,5,,,0,15,,72308,5,,,0,15,,72319,5,,,0,55,,68144,5,,,0,15,,72322,5,,,0,15,,72302,5,,,0,15,,72325,5,,,0,55,,68149,5,,,0,15,,72328,5,,,0,15,,72303,5,,,0,15,,72333,5,,,0,55,,68148,5,,,0,15,,72318,5,,,0,15,,72305,5,,,0,15,,72321,5,,,0,55,,68146,5,,,0,15,,72324,5,,,0,15,,72301,5,,,0,15,,72329,5,,,0,55,,68145,5,,,0,15,,72331,5,,,0,15,,72306,5,,,0,15,,72317,5,,,0,55,,68147,5,,,0,15,,72320,5,,,0,15,,72304,5,,,0,15,,72323,5,,,0,55,,68157,5,,,0,30,,72311,5,,,0,71,,68160,5,,,0,15,,72327,5,,,0,10,,72310,5,,,0,69,,68156,5,,,0,29,,72309,5,,,0,70,,68158,5,,,0,30,,63322,5,,,0,70,,68159,5,,,0,30,,63321,5,,,0,70,,68155,5,,,0,26,,63320,5,,,0
501029,'1949',1010,,68221,5,,,0,116,,68222,5,,,0,115,,68223,5,,,0,115,,68225,5,,,0,154,,68226,5,,,0,6,,68246,5,,,0,118,,68231,5,,,0,21,,68232,5,,,0,152,,68235,5,,,0,36,,68237,5,,,0,67,,68239,5,,,0,225,,68242,5,,,0,100,,68244,5,,,0
501029,'1955',634,,67989,5,,,0,75,,67994,5,,,0,15,,68029,5,,,0,15,,67988,5,,,0,70,,67995,5,,,0,30,,67987,5,,,0,100,,67986,5,,,0,15,,67984,5,,,0,55,,67992,5,,,0,15,,67991,5,,,0,16,,68004,5,,,0,15,,68013,5,,,0,55,,68030,5,,,0,15,,68022,5,,,0,15,,68005,5,,,0,15,,68014,5,,,0,56,,68031,5,,,0,15,,68023,5,,,0,15,,68006,5,,,0,15,,68015,5,,,0,55,,68032,5,,,0,15,,68024,5,,,0,15,,68007,5,,,0,15,,68016,5,,,0,55,,68033,5,,,0,15,,68025,5,,,0,15,,68008,5,,,0,15,,68017,5,,,0,55,,68034,5,,,0,15,,68026,5,,,0,15,,68009,5,,,0,15,,68018,5,,,0,55,,68035,5,,,0,15,,68027,5,,,0,15,,68010,5,,,0,15,,68019,5,,,0,55,,68012,5,,,0,15,,68028,5,,,0,15,,68011,5,,,0,15,,68020,5,,,0,55,,68001,5,,,0,15,,68003,5,,,0,15,,67985,5,,,0,15,,68021,5,,,0,54,,68002,5,,,0,15,,68036,5,,,0,84,,67999,5,,,0,95,,68000,5,,,0
501029,'1956',704,,68105,5,,,0,100,,68104,5,,,0,100,,68107,5,,,0,30,,68095,5,,,0,90,,68123,5,,,0,15,,68090,5,,,0,15,,68127,5,,,0,71,,68129,5,,,0,15,,68091,5,,,0,15,,68116,5,,,0,70,,68119,5,,,0,15,,68085,5,,,0,15,,68122,5,,,0,70,,68125,5,,,0,15,,68086,5,,,0,15,,68130,5,,,0,70,,68115,5,,,0,15,,68088,5,,,0,15,,68118,5,,,0,70,,68121,5,,,0,15,,68084,5,,,0,15,,68126,5,,,0,70,,68128,5,,,0,15,,68089,5,,,0,15,,68114,5,,,0,70,,68117,5,,,0,15,,68087,5,,,0,15,,68120,5,,,0,85,,68094,5,,,0,86,,68124,5,,,0,10,,68093,5,,,0,98,,68092,5,,,0
501029,'1957',645,,72379,5,,,0,10,,72336,5,,,0,50,,72337,5,,,0,20,,72338,5,,,0,32,,72339,5,,,0,52,,72340,5,,,0,13,,72341,5,,,0,10,,72342,5,,,0,11,,72343,5,,,0,15,,72344,5,,,0,52,,72345,5,,,0,30,,72346,5,,,0,15,,72347,5,,,0,70,,72348,5,,,0,15,,72349,5,,,0,15,,72350,5,,,0,56,,72351,5,,,0,30,,72352,5,,,0,15,,72353,5,,,0,55,,72354,5,,,0,15,,72355,5,,,0,30,,72356,5,,,0,55,,72357,5,,,0,15,,72358,5,,,0,15,,72359,5,,,0,71,,72360,5,,,0,15,,72361,5,,,0,16,,72334,5,,,0,15,,72335,5,,,0,64,,72362,5,,,0,12,,72363,5,,,0,12,,72364,5,,,0,12,,72365,5,,,0,52,,72366,5,,,0,6,,72380,5,,,0,6,,72367,5,,,0,24,,72368,5,,,0,61,,72369,5,,,0,24,,72370,5,,,0,12,,72371,5,,,0,76,,72372,5,,,0,36,,72373,5,,,0,70,,72374,5,,,0,15,,72375,5,,,0,170,,72376,5,,,0,95,,72377,5,,,0,100,,72378,5,,,0
501029,'1958',634,,72388,5,,,0,75,,72392,5,,,0,15,,72425,5,,,0,15,,72387,5,,,0,70,,72393,5,,,0,30,,72386,5,,,0,100,,72385,5,,,0,15,,72383,5,,,0,55,,72391,5,,,0,15,,72390,5,,,0,16,,72400,5,,,0,15,,72409,5,,,0,55,,72426,5,,,0,15,,72418,5,,,0,15,,72401,5,,,0,15,,72410,5,,,0,56,,72427,5,,,0,15,,72419,5,,,0,15,,72402,5,,,0,15,,72411,5,,,0,55,,72428,5,,,0,15,,72420,5,,,0,15,,72403,5,,,0,15,,72412,5,,,0,55,,72429,5,,,0,15,,72421,5,,,0,15,,72404,5,,,0,15,,72413,5,,,0,55,,72430,5,,,0,15,,72422,5,,,0,15,,72405,5,,,0,15,,72414,5,,,0,55,,72431,5,,,0,15,,72423,5,,,0,15,,72406,5,,,0,15,,72415,5,,,0,55,,72408,5,,,0,15,,72424,5,,,0,15,,72407,5,,,0,15,,72416,5,,,0,55,,72397,5,,,0,15,,72399,5,,,0,15,,72384,5,,,0,15,,72417,5,,,0,54,,72398,5,,,0,15,,72432,5,,,0,84,,72395,5,,,0,95,,72396,5,,,0
501029,'1959',704,,72446,5,,,0,100,,72445,5,,,0,100,,72448,5,,,0,30,,72444,5,,,0,90,,72458,5,,,0,15,,72439,5,,,0,15,,72462,5,,,0,71,,72464,5,,,0,15,,72440,5,,,0,15,,72451,5,,,0,70,,72454,5,,,0,15,,72434,5,,,0,15,,72457,5,,,0,70,,72460,5,,,0,15,,72435,5,,,0,15,,72465,5,,,0,70,,72450,5,,,0,15,,72437,5,,,0,15,,72453,5,,,0,70,,72456,5,,,0,15,,72433,5,,,0,15,,72461,5,,,0,70,,72463,5,,,0,15,,72438,5,,,0,15,,72449,5,,,0,70,,72452,5,,,0,15,,72436,5,,,0,15,,72455,5,,,0,85,,72443,5,,,0,86,,72459,5,,,0,10,,72442,5,,,0,98,,72441,5,,,0
