1019,'1912',619,,73606,22,,,0,100,,73607,22,,,0,101,,73608,22,,,0,100,,73609,22,,,0,100,,73610,22,,,0,100,,73611,22,,,0,100,,73612,22,,,0,100,,73613,22,,,0,100,,73614,22,,,0,100,,73615,22,,,0,100,,73616,22,,,0,100,,73617,22,,,0,100,,73618,22,,,0,100,,73619,22,,,0,100,,73620,22,,,0,100,,73621,22,,,0,104,,73622,22,,,0,95,,73623,22,,,0
1019,'1966',550,,70266,22,,,0,70,,70255,22,,,0,30,,70241,22,,,0,70,,70260,22,,,0,30,,70250,22,,,0,70,,70235,22,,,0,30,,70256,22,,,0,70,,70258,22,,,0,30,,70240,22,,,0,70,,70261,22,,,0,30,,70249,22,,,0,70,,70234,22,,,0,30,,70244,22,,,0,70,,70254,22,,,0,30,,70239,22,,,0,70,,70262,22,,,0,30,,70248,22,,,0,70,,70233,22,,,0,30,,70243,22,,,0,70,,70253,22,,,0,30,,70238,22,,,0,70,,70263,22,,,0,30,,70247,22,,,0,70,,70232,22,,,0,30,,70242,22,,,0,70,,70252,22,,,0,30,,70236,22,,,0,70,,70264,22,,,0,30,,70245,22,,,0,70,,70231,22,,,0,30,,70237,22,,,0,70,,70251,22,,,0,34,,70246,22,,,0,70,,70265,22,,,0,30,,70259,22,,,0,65,,70257,22,,,0
1019,'1968',619,,59175,22,,,0,100,,59176,22,,,0,101,,59177,22,,,0,100,,59178,22,,,0,100,,59179,22,,,0,100,,59180,22,,,0,100,,59181,22,,,0,100,,59182,22,,,0,100,,59183,22,,,0,100,,59184,22,,,0,100,,59185,22,,,0,100,,59186,22,,,0,100,,59187,22,,,0,100,,59188,22,,,0,100,,59189,22,,,0,100,,59190,22,,,0,104,,59191,22,,,0,95,,59192,22,,,0
1019,'1970',549,,73659,22,,,0,75,,73655,22,,,0,30,,73631,22,,,0,73,,73626,22,,,0,30,,73644,22,,,0,70,,73628,22,,,0,30,,73633,22,,,0,72,,73658,22,,,0,30,,73630,22,,,0,70,,73624,22,,,0,30,,73643,22,,,0,70,,73629,22,,,0,30,,73634,22,,,0,70,,73654,22,,,0,30,,73632,22,,,0,70,,73625,22,,,0,30,,73656,22,,,0,70,,73627,22,,,0,30,,73635,22,,,0,70,,73653,22,,,0,30,,73646,22,,,0,70,,73638,22,,,0,30,,73636,22,,,0,70,,73639,22,,,0,28,,73641,22,,,0,70,,73640,22,,,0,30,,73637,22,,,0,65,,73657,22,,,0,30,,73651,22,,,0,68,,73652,22,,,0,30,,73650,22,,,0,70,,73649,22,,,0,30,,73648,22,,,0,70,,73647,22,,,0,30,,73645,22,,,0,70,,73642,22,,,0
1019,'1971',550,,73695,22,,,0,70,,73684,22,,,0,30,,73670,22,,,0,70,,73689,22,,,0,30,,73679,22,,,0,70,,73664,22,,,0,30,,73685,22,,,0,70,,73687,22,,,0,30,,73669,22,,,0,70,,73690,22,,,0,30,,73678,22,,,0,70,,73663,22,,,0,30,,73673,22,,,0,70,,73683,22,,,0,30,,73668,22,,,0,70,,73691,22,,,0,30,,73677,22,,,0,70,,73662,22,,,0,30,,73672,22,,,0,70,,73682,22,,,0,30,,73667,22,,,0,70,,73692,22,,,0,30,,73676,22,,,0,70,,73661,22,,,0,30,,73671,22,,,0,70,,73681,22,,,0,30,,73665,22,,,0,70,,73693,22,,,0,30,,73674,22,,,0,70,,73660,22,,,0,30,,73666,22,,,0,70,,73680,22,,,0,34,,73675,22,,,0,70,,73694,22,,,0,30,,73688,22,,,0,65,,73686,22,,,0
1019,'1972',619,,73696,22,,,0,100,,73697,22,,,0,101,,73698,22,,,0,100,,73699,22,,,0,100,,73700,22,,,0,100,,73701,22,,,0,100,,73702,22,,,0,100,,73703,22,,,0,100,,73704,22,,,0,100,,73705,22,,,0,100,,73706,22,,,0,100,,73707,22,,,0,100,,73708,22,,,0,100,,73709,22,,,0,100,,73710,22,,,0,100,,73711,22,,,0,104,,73712,22,,,0,95,,73713,22,,,0
1019,'1973',619,,73714,22,,,0,100,,73715,22,,,0,101,,73716,22,,,0,100,,73717,22,,,0,100,,73718,22,,,0,100,,73719,22,,,0,100,,73720,22,,,0,100,,73721,22,,,0,100,,73722,22,,,0,100,,73723,22,,,0,100,,73724,22,,,0,100,,73725,22,,,0,100,,73726,22,,,0,100,,73727,22,,,0,100,,73728,22,,,0,100,,73729,22,,,0,104,,73730,22,,,0,95,,73731,22,,,0
32019,'1912',636,,74670,22,,,0,95,,74671,22,,,0,100,,74672,22,,,0,100,,74673,22,,,0,100,,74674,22,,,0,101,,74675,22,,,0,102,,74676,22,,,0,100,,74677,22,,,0,100,,74678,22,,,0,100,,74679,22,,,0,100,,74680,22,,,0,100,,74681,22,,,0,97,,74682,22,,,0,100,,74683,22,,,0,100,,74684,22,,,0,100,,74685,22,,,0,100,,74686,22,,,0,95,,74688,22,0,5 2 8 7,0
32019,'1966',635,,72143,22,,,0,65,,72160,22,,,0,30,,72137,22,,,0,70,,72154,22,,,0,30,,72161,22,,,0,71,,72149,22,,,0,30,,72142,22,,,0,70,,72159,22,,,0,30,,72136,22,,,0,70,,72153,22,,,0,30,,72164,22,,,0,71,,72148,22,,,0,30,,72141,22,,,0,71,,72158,22,,,0,30,,72135,22,,,0,70,,72152,22,,,0,30,,72163,22,,,0,70,,72147,22,,,0,30,,72140,22,,,0,70,,72157,22,,,0,30,,72134,22,,,0,70,,72151,22,,,0,30,,72165,22,,,0,70,,72146,22,,,0,30,,72139,22,,,0,68,,72155,22,,,0,30,,72133,22,,,0,100,,72162,22,,,0,99,,72138,22,,,0,100,,72132,22,,,0,100,,72166,22,0,5 2 8 7,0
32019,'1968',636,,62655,22,,,0,95,,62656,22,,,0,100,,62657,22,,,0,100,,62658,22,,,0,100,,62659,22,,,0,101,,62660,22,,,0,102,,62661,22,,,0,100,,62662,22,,,0,100,,62663,22,,,0,100,,62664,22,,,0,100,,62665,22,,,0,100,,62666,22,,,0,97,,62667,22,,,0,100,,62668,22,,,0,100,,62669,22,,,0,100,,62670,22,,,0,100,,62671,22,,,0,95,,62673,22,0,5 2 8 7,0
32019,'1970',636,,74697,22,,,0,66,,74713,22,,,0,31,,74692,22,,,0,71,,74708,22,,,0,30,,74718,22,,,0,70,,74702,22,,,0,29,,74700,22,,,0,70,,74712,22,,,0,30,,74690,22,,,0,70,,74706,22,,,0,30,,74717,22,,,0,70,,74704,22,,,0,30,,74699,22,,,0,70,,74711,22,,,0,30,,74693,22,,,0,70,,74705,22,,,0,28,,74716,22,,,0,70,,74703,22,,,0,30,,74696,22,,,0,70,,74710,22,,,0,30,,74689,22,,,0,70,,74707,22,,,0,32,,74715,22,,,0,71,,74701,22,,,0,29,,74698,22,,,0,70,,74709,22,,,0,30,,74694,22,,,0,99,,74714,22,,,0,100,,74695,22,,,0,100,,74691,22,,,0,95,,74722,22,0,5 2 8 7,0
32019,'1971',635,,74737,22,,,0,65,,74754,22,,,0,30,,74731,22,,,0,70,,74748,22,,,0,30,,74755,22,,,0,71,,74743,22,,,0,30,,74736,22,,,0,70,,74753,22,,,0,30,,74730,22,,,0,70,,74747,22,,,0,30,,74758,22,,,0,71,,74742,22,,,0,30,,74735,22,,,0,71,,74752,22,,,0,30,,74729,22,,,0,70,,74746,22,,,0,30,,74757,22,,,0,70,,74741,22,,,0,30,,74734,22,,,0,70,,74751,22,,,0,30,,74728,22,,,0,70,,74745,22,,,0,30,,74759,22,,,0,70,,74740,22,,,0,30,,74733,22,,,0,68,,74749,22,,,0,30,,74727,22,,,0,100,,74756,22,,,0,99,,74732,22,,,0,100,,74726,22,,,0,100,,74760,22,0,5 2 8 7,0
32019,'1972',636,,74763,22,,,0,95,,74764,22,,,0,100,,74765,22,,,0,100,,74766,22,,,0,100,,74767,22,,,0,101,,74768,22,,,0,102,,74769,22,,,0,100,,74770,22,,,0,100,,74771,22,,,0,100,,74772,22,,,0,100,,74773,22,,,0,100,,74774,22,,,0,97,,74775,22,,,0,100,,74776,22,,,0,100,,74777,22,,,0,100,,74778,22,,,0,100,,74779,22,,,0,95,,74781,22,0,5 2 8 7,0
32019,'1973',636,,74782,22,,,0,95,,74783,22,,,0,100,,74784,22,,,0,100,,74785,22,,,0,100,,74786,22,,,0,101,,74787,22,,,0,102,,74788,22,,,0,100,,74789,22,,,0,100,,74790,22,,,0,100,,74791,22,,,0,100,,74792,22,,,0,100,,74793,22,,,0,97,,74794,22,,,0,100,,74795,22,,,0,100,,74796,22,,,0,100,,74797,22,,,0,100,,74798,22,,,0,95,,74800,22,0,5 2 8 7,0
802019,'1912',832,,70057,3,,,0,70,,70055,3,,,0,30,,73518,3,,,0,70,,70060,3,,,0,30,,70046,3,,,0,70,,70052,3,,,0,30,,70051,3,,,0,70,,70036,3,,,0,30,,70050,3,,,0,70,,70044,3,,,0,30,,70045,3,,,0,70,,70062,3,,,0,30,,70058,3,,,0,70,,70048,3,,,0,30,,70043,3,,,0,70,,70059,3,,,0,30,,70049,3,,,0,70,,70037,3,,,0,30,,70038,3,,,0,70,,70053,3,,,0,30,,70047,3,,,0,70,,70042,3,,,0,30,,70040,3,,,0,70,,70054,3,,,0,30,,70041,3,,,0,70,,70039,3,,,0,30,,70061,3,,,0
802019,'1959',832,,70084,3,,,0,70,,70082,3,,,0,30,,73559,3,,,0,70,,70087,3,,,0,30,,70073,3,,,0,70,,70079,3,,,0,30,,70078,3,,,0,70,,70063,3,,,0,30,,70077,3,,,0,70,,70071,3,,,0,30,,70072,3,,,0,70,,70089,3,,,0,30,,70085,3,,,0,70,,70075,3,,,0,30,,70070,3,,,0,70,,70086,3,,,0,30,,70076,3,,,0,70,,70064,3,,,0,30,,70065,3,,,0,70,,70080,3,,,0,30,,70074,3,,,0,70,,70069,3,,,0,30,,70067,3,,,0,70,,70081,3,,,0,30,,70068,3,,,0,70,,70066,3,,,0,30,,70088,3,,,0
802019,'1965',652,,73539,3,,,0,70,,73538,3,,,0,20,,65662,3,,,0,60,,73520,3,,,0,30,,73537,3,,,0,70,,73521,3,,,0,98,,70138,3,,,0,30,,73523,3,,,0,170,,73525,3,,,0,30,,73526,3,,,0,100,,70145,3,,,0,70,,73528,3,,,0,123,,70149,3,,,0,80,,70163,3,,,0,20,,70151,3,,,0,20,,70152,3,,,0,199,,73533,3,,,0,160,,70157,3,,,0,125,,73536,3,,,0
802019,'1966',2002,,73557,3,,,0,130,,73553,3,,,0
802019,'1967',832,,73556,3,,,0,70,,73555,3,,,0,30,,70034,3,,,0,70,,73558,3,,,0,30,,73547,3,,,0,70,,73550,3,,,0,30,,70011,3,,,0,70,,73548,3,,,0,30,,70025,3,,,0,70,,73549,3,,,0,30,,73542,3,,,0,70,,73551,3,,,0,30,,70021,3,,,0,70,,73546,3,,,0,30,,70015,3,,,0,70,,73544,3,,,0,30,,70012,3,,,0,70,,73545,3,,,0,30,,70016,3,,,0,70,,73543,3,,,0,30,,70014,3,,,0,70,,70026,3,,,0,30,,73554,3,,,0,100,,65687,3,,,0,70,,73552,3,,,0
802019,'1969',832,,70111,3,,,0,70,,70109,3,,,0,30,,73519,3,,,0,70,,70114,3,,,0,30,,70100,3,,,0,70,,70106,3,,,0,30,,70105,3,,,0,70,,70090,3,,,0,30,,70104,3,,,0,70,,70098,3,,,0,30,,70099,3,,,0,70,,70116,3,,,0,30,,70112,3,,,0,70,,70102,3,,,0,30,,70097,3,,,0,70,,70113,3,,,0,30,,70103,3,,,0,70,,70091,3,,,0,30,,70092,3,,,0,70,,70107,3,,,0,30,,70101,3,,,0,70,,70096,3,,,0,30,,70094,3,,,0,70,,70108,3,,,0,30,,70095,3,,,0,70,,70093,3,,,0,30,,70115,3,,,0
802019,'1970',607,,75046,3,,,0,323,,75031,3,,,0,170,,75032,3,,,0,30,,75033,3,,,0,170,,75034,3,,,0,133,,75035,3,,,0,70,,75036,3,,,0,40,,75037,3,,,0,160,,75038,3,,,0,19,,75039,3,,,0,20,,75045,3,,,0,60,,75040,3,,,0,20,,75047,3,,,0,80,,75041,3,,,0,30,,75042,3,,,0,95,,75043,3,,,0,30,,75044,3,,,0
802019,'1971',2002,,75049,3,,,0,130,,75048,3,,,0
