6019,'1892',644,,35753,7,,,0,68,,42249,7,,,0,30,,42250,7,,,0,70,,42251,7,,,0,100,,42253,7,,,0,30,,42254,7,,,0,70,,44329,7,,,0,30,,42256,7,,,0,70,,42257,7,,,0,30,,42258,7,,,0,70,,42259,7,,,0,30,,42260,7,,,0,70,,44330,7,,,0,30,,42262,7,,,0,70,,42263,7,,,0,100,,42265,7,,,0,30,,42266,7,,,0,70,,44332,7,,,0,30,,42268,7,,,0,70,,42269,7,,,0,30,,42270,7,,,0,70,,42271,7,,,0,30,,42272,7,,,0,67,,44327,7,,,0,97,,44324,7,,,0,100,,35750,7,,,0
6019,'1896',842,,48941,7,,,0,600,,48942,7,,,0,764,,48939,7,,,0,100,,48940,7,,,0
6019,'1897',644,,48948,7,,,0,68,,48949,7,,,0,30,,48950,7,,,0,70,,48951,7,,,0,30,,48952,7,,,0,70,,48953,7,,,0,30,,48954,7,,,0,70,,48955,7,,,0,30,,48956,7,,,0,70,,48957,7,,,0,30,,48958,7,,,0,70,,48959,7,,,0,30,,48960,7,,,0,70,,48961,7,,,0,30,,48962,7,,,0,70,,48963,7,,,0,30,,48964,7,,,0,70,,48965,7,,,0,30,,48966,7,,,0,70,,48967,7,,,0,30,,48968,7,,,0,70,,48969,7,,,0,30,,48970,7,,,0,70,,48971,7,,,0,30,,48972,7,,,0,67,,48947,7,,,0,97,,48943,7,,,0,100,,48945,7,,,0,100,,48944,7,,,0,100,,48946,7,,,0
6019,'1898',638,,48976,7,,,0,70,,48975,7,,,0,28,,48995,7,,,0,70,,48988,7,,,0,30,,48978,7,,,0,70,,48987,7,,,0,30,,48996,7,,,0,71,,48994,7,,,0,30,,48986,7,,,0,70,,48999,7,,,0,30,,48985,7,,,0,70,,48993,7,,,0,30,,48984,7,,,0,70,,48998,7,,,0,30,,48983,7,,,0,70,,48992,7,,,0,30,,48982,7,,,0,70,,48997,7,,,0,30,,48981,7,,,0,70,,48991,7,,,0,30,,48980,7,,,0,70,,48973,7,,,0,30,,48979,7,,,0,70,,48990,7,,,0,30,,48977,7,,,0,69,,48989,7,,,0
501029,'1838',640,,45874,8,,,0,70,,45884,8,,,0,30,,45873,8,,,0,70,,45883,8,,,0,30,,45872,8,,,0,70,,45886,8,,,0,30,,38794,8,,,0,75,,45882,8,,,0,15,,38822,8,,,0,15,,45865,8,,,0,55,,45898,8,,,0,15,,45875,8,,,0,15,,45899,8,,,0,15,,45866,8,,,0,55,,45893,8,,,0,15,,45876,8,,,0,15,,38818,8,,,0,15,,45860,8,,,0,55,,45896,8,,,0,15,,45881,8,,,0,15,,38824,8,,,0,15,,45861,8,,,0,55,,45900,8,,,0,15,,45880,8,,,0,15,,38814,8,,,0,15,,45863,8,,,0,55,,45894,8,,,0,15,,45878,8,,,0,16,,38820,8,,,0,15,,45859,8,,,0,55,,45897,8,,,0,15,,45877,8,,,0,15,,38827,8,,,0,15,,45864,8,,,0,55,,45892,8,,,0,15,,45879,8,,,0,15,,38816,8,,,0,15,,45862,8,,,0,55,,45895,8,,,0,15,,45888,8,,,0,30,,45871,8,,,0,69,,45891,8,,,0,15,,38823,8,,,0,10,,45870,8,,,0,70,,38808,8,,,0,30,,45869,8,,,0,70,,45889,8,,,0,30,,43559,8,,,0,70,,45890,8,,,0,30,,45868,8,,,0,70,,45887,8,,,0,25,,45867,8,,,0
501029,'1867',640,,46033,8,,,0,70,,46043,8,,,0,30,,46032,8,,,0,70,,46042,8,,,0,30,,46031,8,,,0,70,,46045,8,,,0,30,,39042,8,,,0,75,,46041,8,,,0,15,,39070,8,,,0,15,,46024,8,,,0,55,,46057,8,,,0,15,,46034,8,,,0,15,,46058,8,,,0,15,,46025,8,,,0,55,,46052,8,,,0,15,,46035,8,,,0,15,,39066,8,,,0,15,,46019,8,,,0,55,,46055,8,,,0,15,,46040,8,,,0,15,,39072,8,,,0,15,,46020,8,,,0,55,,46059,8,,,0,15,,46039,8,,,0,15,,39062,8,,,0,15,,46022,8,,,0,55,,46053,8,,,0,15,,46037,8,,,0,16,,39068,8,,,0,15,,46018,8,,,0,55,,46056,8,,,0,15,,46036,8,,,0,15,,39075,8,,,0,15,,46023,8,,,0,55,,46051,8,,,0,15,,46038,8,,,0,15,,39064,8,,,0,15,,46021,8,,,0,55,,46054,8,,,0,15,,46047,8,,,0,30,,46030,8,,,0,69,,46050,8,,,0,15,,39071,8,,,0,10,,46029,8,,,0,70,,39056,8,,,0,30,,46028,8,,,0,70,,46048,8,,,0,30,,43583,8,,,0,70,,46049,8,,,0,30,,46027,8,,,0,70,,46046,8,,,0,25,,46026,8,,,0
501029,'1892',545,,45902,8,,,0,96,,45903,8,,,0,10,,43581,8,,,0,50,,45904,8,,,0,10,,45905,8,,,0,20,,45906,8,,,0,15,,45907,8,,,0,57,,38900,8,,,0,12,,45908,8,,,0,13,,38902,8,,,0,10,,45909,8,,,0,11,,45910,8,,,0,66,,45912,8,,,0,15,,38907,8,,,0,15,,45913,8,,,0,55,,45914,8,,,0,15,,45915,8,,,0,30,,45916,8,,,0,56,,45917,8,,,0,30,,43571,8,,,0,70,,45919,8,,,0,45,,43572,8,,,0,55,,45922,8,,,0,15,,45923,8,,,0,30,,45925,8,,,0,56,,43573,8,,,0,16,,45926,8,,,0,15,,45927,8,,,0,16,,43569,8,,,0,55,,45901,8,,,0,12,,43574,8,,,0,6,,45956,8,,,0,6,,45928,8,,,0,12,,45929,8,,,0,12,,45930,8,,,0,52,,45931,8,,,0,12,,45932,8,,,0,6,,45957,8,,,0,6,,45933,8,,,0,12,,43576,8,,,0,11,,45934,8,,,0,51,,45935,8,,,0,12,,45936,8,,,0,11,,45937,8,,,0,12,,45938,8,,,0,11,,43578,8,,,0,52,,45939,8,,,0,12,,45940,8,,,0,12,,45941,8,,,0,12,,45942,8,,,0,64,,45944,8,,,0,15,,45945,8,,,0,15,,45946,8,,,0,85,,45948,8,,,0,30,,45949,8,,,0,70,,45950,8,,,0,25,,45951,8,,,0,70,,45952,8,,,0,30,,45953,8,,,0,70,,45954,8,,,0,26,,45955,8,,,0
501029,'1896',833,,50360,8,,,0,71,,50351,8,,,0,126,,50352,8,,,0,86,,50353,8,,,0,30,,50354,8,,,0,70,,50355,8,,,0,15,,50356,8,,,0,100,,50357,8,,,0,517,,50358,8,,,0,97,,50359,8,,,0
501029,'1897',545,,50363,8,,,0,96,,50364,8,,,0,10,,50430,8,,,0,50,,50365,8,,,0,10,,50366,8,,,0,20,,50367,8,,,0,15,,50368,8,,,0,57,,50369,8,,,0,12,,50370,8,,,0,13,,50371,8,,,0,5,,50429,8,,,0,5,,50372,8,,,0,11,,50373,8,,,0,55,,50374,8,,,0,11,,50375,8,,,0,15,,50376,8,,,0,15,,50377,8,,,0,55,,50378,8,,,0,15,,50379,8,,,0,15,,50380,8,,,0,15,,50381,8,,,0,56,,50382,8,,,0,15,,50383,8,,,0,15,,50384,8,,,0,15,,50385,8,,,0,55,,50386,8,,,0,15,,50387,8,,,0,15,,50388,8,,,0,15,,50389,8,,,0,55,,50390,8,,,0,15,,50391,8,,,0,15,,50392,8,,,0,15,,50393,8,,,0,56,,50394,8,,,0,16,,50395,8,,,0,15,,50396,8,,,0,16,,50361,8,,,0,55,,50362,8,,,0,12,,50397,8,,,0,6,,50428,8,,,0,6,,50398,8,,,0,12,,50399,8,,,0,12,,50400,8,,,0,52,,50401,8,,,0,12,,50402,8,,,0,6,,50431,8,,,0,6,,50403,8,,,0,12,,50404,8,,,0,11,,50405,8,,,0,51,,50406,8,,,0,12,,50407,8,,,0,11,,50408,8,,,0,12,,50409,8,,,0,11,,50410,8,,,0,52,,50411,8,,,0,12,,50412,8,,,0,12,,50413,8,,,0,12,,50414,8,,,0,12,,50415,8,,,0,52,,50416,8,,,0,15,,50417,8,,,0,15,,50418,8,,,0,15,,50419,8,,,0,70,,50420,8,,,0,30,,50421,8,,,0,70,,50422,8,,,0,25,,50423,8,,,0,70,,50424,8,,,0,30,,50425,8,,,0,70,,50426,8,,,0,26,,50427,8,,,0
501029,'1898',640,,50444,8,,,0,75,,50449,8,,,0,15,,50484,8,,,0,15,,50443,8,,,0,70,,50450,8,,,0,30,,50442,8,,,0,70,,50448,8,,,0,30,,50441,8,,,0,55,,50434,8,,,0,15,,50447,8,,,0,15,,50446,8,,,0,15,,50459,8,,,0,55,,50468,8,,,0,15,,50485,8,,,0,15,,50477,8,,,0,15,,50460,8,,,0,55,,50469,8,,,0,15,,50486,8,,,0,15,,50478,8,,,0,15,,50461,8,,,0,55,,50470,8,,,0,15,,50487,8,,,0,15,,50479,8,,,0,15,,50462,8,,,0,55,,50471,8,,,0,15,,50488,8,,,0,15,,50480,8,,,0,15,,50463,8,,,0,55,,50472,8,,,0,15,,50489,8,,,0,16,,50481,8,,,0,15,,50464,8,,,0,55,,50473,8,,,0,15,,50490,8,,,0,15,,50482,8,,,0,15,,50465,8,,,0,55,,50474,8,,,0,15,,50467,8,,,0,15,,50483,8,,,0,15,,50466,8,,,0,55,,50475,8,,,0,15,,50456,8,,,0,15,,50458,8,,,0,15,,50440,8,,,0,54,,50476,8,,,0,15,,50457,8,,,0,15,,50492,8,,,0,15,,50439,8,,,0,70,,50454,8,,,0,25,,50438,8,,,0,70,,50455,8,,,0,30,,50437,8,,,0,70,,50453,8,,,0,30,,50436,8,,,0,70,,50452,8,,,0,25,,50435,8,,,0
