2029,'1912',619,,74007,16,0,39 40,0,30,,74015,16,0,39 40,0,68,,74026,16,0,39 40,0,30,,74021,16,0,39 40,0,70,,74008,16,0,39 40,0,30,,74016,16,0,39 40,0,71,,74027,16,0,39 40,0,30,,74022,16,0,39 40,0,55,,66011,4,0,12,0,15,,74009,16,0,39 40,0,30,,74017,16,0,39 40,0,70,,74028,16,0,39 40,0,30,,74023,16,0,39 40,0,70,,74010,16,0,39 40,0,30,,74018,16,0,39 40,0,70,,74029,16,0,39 40,0,30,,74024,16,0,39 40,0,70,,74011,16,0,39 40,0,30,,74019,16,0,39 40,0,70,,74030,16,0,39 40,0,30,,74025,16,0,39 40,0,70,,74012,16,0,39 40,0,30,,74020,16,0,39 40,0,70,,74031,16,0,39 40,0,100,,74013,16,0,39 40,0,98,,74032,16,0,39 40,0,100,,74014,16,0,39 40,0,101,,74033,16,0,39 40,0,100,,74006,16,0,39 40,0
2029,'1959',1003,,66012,4,0,12,0
2029,'1966',549,,70594,15,0,39 40,0,70,,70577,15,0,39 40,0,30,,70584,15,0,39 40,0,68,,70563,15,0,39 40,0,30,,70569,15,0,39 40,0,70,,70578,15,0,39 40,0,30,,70585,15,0,39 40,0,71,,70564,15,0,39 40,0,30,,70570,15,0,39 40,0,70,,70579,15,0,39 40,0,30,,70586,15,0,39 40,0,70,,70565,15,0,39 40,0,30,,70571,15,0,39 40,0,70,,70580,15,0,39 40,0,30,,70587,15,0,39 40,0,70,,70566,15,0,39 40,0,30,,70572,15,0,39 40,0,70,,70581,15,0,39 40,0,30,,70588,15,0,39 40,0,70,,70567,15,0,39 40,0,30,,70573,15,0,39 40,0,70,,70582,15,0,39 40,0,30,,70589,15,0,39 40,0,70,,70568,15,0,39 40,0,30,,70574,15,0,39 40,0,70,,70583,15,0,39 40,0,30,,70590,15,0,39 40,0,69,,70575,15,0,39 40,0,100,,70591,15,0,39 40,0,100,,70576,15,0,39 40,0,100,,70592,15,0,39 40,0
2029,'1968',619,,70497,15,0,39 40,0,30,,70505,15,0,39 40,0,68,,70516,15,0,39 40,0,30,,70511,15,0,39 40,0,70,,70498,15,0,39 40,0,30,,70506,15,0,39 40,0,71,,70517,15,0,39 40,0,30,,70512,15,0,39 40,0,70,,70499,15,0,39 40,0,30,,70507,15,0,39 40,0,70,,70518,15,0,39 40,0,30,,70513,15,0,39 40,0,70,,70500,15,0,39 40,0,30,,70508,15,0,39 40,0,70,,70519,15,0,39 40,0,30,,70514,15,0,39 40,0,70,,70501,15,0,39 40,0,30,,70509,15,0,39 40,0,70,,70520,15,0,39 40,0,30,,70515,15,0,39 40,0,70,,70502,15,0,39 40,0,30,,70510,15,0,39 40,0,70,,70521,15,0,39 40,0,100,,70503,15,0,39 40,0,98,,70522,15,0,39 40,0,100,,70504,15,0,39 40,0,101,,70523,15,0,39 40,0,100,,70496,15,0,39 40,0
2029,'1969',1003,,66013,4,0,12,0
2029,'1970',523,,74055,4,0,39 40,0,25,,74038,16,0,39 40,0,70,,74039,16,0,39 40,0,28,,74040,16,0,39 40,0,70,,74041,16,0,39 40,0,28,,74042,16,0,39 40,0,70,,74043,16,0,39 40,0,30,,74044,16,0,39 40,0,72,,74045,16,0,39 40,0,30,,74046,16,0,39 40,0,70,,74069,16,0,39 40,0,30,,74065,16,0,39 40,0,70,,74071,16,0,39 40,0,30,,74067,16,0,39 40,0,70,,74068,16,0,39 40,0,30,,74064,16,0,39 40,0,70,,74070,16,0,39 40,0,30,,74066,16,0,39 40,0,70,,74072,16,0,39 40,0,32,,74047,16,0,39 40,0,74,,74048,16,0,39 40,0,30,,74049,16,0,39 40,0,70,,74050,16,0,39 40,0,30,,74051,16,0,39 40,0,70,,74052,16,0,39 40,0,28,,74053,16,0,39 40,0,67,,74054,16,0,39 40,0,30,,74058,16,0,39 40,0,70,,74059,16,0,39 40,0,100,,74060,16,0,39 40,0,100,,74061,16,0,39 40,0,100,,74057,16,0,39 40,0
2029,'1971',549,,74104,16,0,5 2 15 16 17,0,70,,74087,16,0,39 40,0,30,,74094,16,0,39 40,0,68,,74073,16,0,39 40,0,30,,74079,16,0,39 40,0,70,,74088,16,0,39 40,0,30,,74095,16,0,39 40,0,71,,74074,16,0,39 40,0,30,,74080,16,0,39 40,0,70,,74089,16,0,39 40,0,30,,74096,16,0,39 40,0,70,,74075,16,0,39 40,0,30,,74081,16,0,39 40,0,70,,74090,16,0,39 40,0,30,,74097,16,0,39 40,0,70,,74076,16,0,39 40,0,30,,74082,16,0,39 40,0,70,,74091,16,0,39 40,0,30,,74098,16,0,39 40,0,70,,74077,16,0,39 40,0,30,,74083,16,0,39 40,0,70,,74092,16,0,39 40,0,30,,74099,16,0,39 40,0,70,,74078,16,0,39 40,0,30,,74084,16,0,39 40,0,70,,74093,16,0,39 40,0,30,,74100,16,0,39 40,0,69,,74085,16,0,39 40,0,100,,74101,16,0,39 40,0,100,,74086,16,0,39 40,0,100,,74102,16,0,39 40,0
2029,'1972',619,,74108,16,0,39 40,0,30,,74116,16,0,39 40,0,68,,74127,16,0,39 40,0,30,,74122,16,0,39 40,0,70,,74109,16,0,39 40,0,30,,74117,16,0,39 40,0,71,,74128,16,0,39 40,0,30,,74123,16,0,39 40,0,70,,74110,16,0,39 40,0,30,,74118,16,0,39 40,0,70,,74129,16,0,39 40,0,30,,74124,16,0,39 40,0,70,,74111,16,0,39 40,0,30,,74119,16,0,39 40,0,70,,74130,16,0,39 40,0,30,,74125,16,0,39 40,0,70,,74112,16,0,39 40,0,30,,74120,16,0,39 40,0,70,,74131,16,0,39 40,0,30,,74126,16,0,39 40,0,70,,74113,16,0,39 40,0,30,,74121,16,0,39 40,0,70,,74132,16,0,39 40,0,100,,74114,16,0,39 40,0,98,,74133,16,0,39 40,0,100,,74115,16,0,39 40,0,101,,74134,16,0,39 40,0,100,,74107,16,0,39 40,0
2029,'1973',619,,74140,16,0,39 40,0,30,,74148,16,0,39 40,0,68,,74159,16,0,39 40,0,30,,74154,16,0,39 40,0,70,,74141,16,0,39 40,0,30,,74149,16,0,39 40,0,71,,74160,16,0,39 40,0,30,,74155,16,0,39 40,0,70,,74142,16,0,39 40,0,30,,74150,16,0,39 40,0,70,,74161,16,0,39 40,0,30,,74156,16,0,39 40,0,70,,74143,16,0,39 40,0,30,,74151,16,0,39 40,0,70,,74162,16,0,39 40,0,30,,74157,16,0,39 40,0,70,,74144,16,0,39 40,0,30,,74152,16,0,39 40,0,70,,74163,16,0,39 40,0,30,,74158,16,0,39 40,0,70,,74145,16,0,39 40,0,30,,74153,16,0,39 40,0,70,,74164,16,0,39 40,0,100,,74146,16,0,39 40,0,98,,74165,16,0,39 40,0,100,,74147,16,0,39 40,0,101,,74166,16,0,39 40,0,100,,74139,16,0,39 40,0
7029,'1912',717,,60657,15,,,0,99,,60658,15,,,0,100,,60659,15,,,0,100,,60660,15,,,0,100,,60661,15,,,0,100,,60662,15,,,0,100,,60663,15,,,0,101,,60664,15,,,0,100,,60665,15,,,0,99,,60666,15,,,0,100,,60667,15,,,0,100,,60668,15,,,0,100,,60669,15,,,0,101,,60670,15,,,0,27,,71204,15,0,13 35,0,73,,60656,15,,,0
7029,'1959',717,,60691,15,,,0,99,,60692,15,,,0,100,,60693,15,,,0,100,,60694,15,,,0,100,,60695,15,,,0,100,,60696,15,,,0,100,,60697,15,,,0,101,,60698,15,,,0,100,,60699,15,,,0,99,,60700,15,,,0,100,,60701,15,,,0,100,,60702,15,,,0,100,,60703,15,,,0,101,,60704,15,,,0,27,,71275,15,0,13 35,0,73,,60690,15,,,0
7029,'1965',514,,60618,15,,,0,35,,60617,15,0,13 35,0,67,,60588,15,,,0,102,,71228,15,,,0,100,,71230,15,,,0,100,,71232,15,,,0,30,,71233,15,,,0,70,,71234,15,,,0,30,,71235,15,,,0,70,,71236,15,,,0,200,,71225,15,,,0,131,,71226,15,,,0,70,,71238,15,,,0,129,,71241,15,,,0,70,,71242,15,,,0,30,,71243,15,,,0,170,,60608,15,,,0,30,,71245,15,,,0,70,,60610,15,,,0,100,,71246,15,,,0,99,,60612,15,,,0,100,,71250,15,,,0
7029,'1966',647,,71251,15,,,0,170,,60635,15,,,0,300,,60638,15,,,0,300,,60641,15,,,0,500,,71267,15,,,0,300,,71268,15,,,0
7029,'1967',618,,71269,4,,,0,99,,71262,15,,,0,30,,71252,15,,,0,100,,71253,15,,,0,70,,71263,15,,,0,30,,71254,15,,,0,70,,71264,15,,,0,30,,66633,15,,,0,100,,71255,15,,,0,70,,71265,15,,,0,30,,71256,15,,,0,70,,60640,15,,,0,30,,66636,15,,,0,100,,71257,15,,,0,70,,60642,15,,,0,30,,71258,15,,,0,70,,66647,15,,,0,30,,71259,15,,,0,70,,60644,15,,,0,30,,71260,15,,,0,70,,71266,15,,,0,30,,71261,15,,,0,100,,66642,15,,,0,70,,60647,15,,,0,100,,60648,15,,,0,200,,60650,15,,,0
7029,'1969',717,,60725,15,,,0,99,,60726,15,,,0,100,,60727,15,,,0,100,,60728,15,,,0,100,,60729,15,,,0,100,,60730,15,,,0,100,,60731,15,,,0,101,,60732,15,,,0,100,,60733,15,,,0,99,,60734,15,,,0,100,,60735,15,,,0,100,,60736,15,,,0,100,,60737,15,,,0,101,,60738,15,,,0,27,,71214,15,0,13 35,0,73,,60724,15,,,0
7029,'1970',646,,74323,15,,,0,102,,74324,15,,,0,100,,74325,15,,,0,300,,74326,15,,,0,70,,74321,15,,,0,30,,74322,15,,,0,101,,74320,15,,,0,70,,74319,15,,,0,130,,74327,15,,,0,70,,74328,15,,,0,199,,74329,15,,,0,30,,74330,15,,,0
7029,'1971',647,,74332,15,,,0,170,,74333,15,,,0,300,,74334,15,,,0,300,,74335,15,,,0,500,,74336,15,,,0,300,,74337,15,,,0
14000001029,'1912',532,,73589,4,0,18 7,0,1811,,70205,4,,,0,69,,75060,4,,,0,30,,65884,4,,,0,70,,70206,4,,,0,30,,75059,4,,,0,70,,65880,4,,,0
14000001029,'1959',532,,73605,4,0,18 7,0,1811,,70208,4,,,0,99,,65891,4,,,0,70,,70209,4,,,0,100,,65887,4,,,0
14000001029,'1965',430,,65864,4,0,18 7,0,102,,73593,4,0,18 7,0,1811,,73595,4,,,0,99,,65871,4,,,0,70,,73594,4,,,0,100,,65870,4,,,0
14000001029,'1966',532,,73600,4,0,18 7,0,1880,,73598,4,,,0,130,,73601,4,,,0
14000001029,'1967',2343,,73602,4,,,0,99,,65872,4,,,0,70,,73599,4,,,0,100,,65875,4,,,0
14000001029,'1968',2412,,73591,4,,,0,130,,73590,4,,,0
14000001029,'1969',532,,73592,4,0,18 7,0,1811,,70211,4,,,0,99,,65898,4,,,0,70,,70212,4,,,0,100,,65894,4,,,0
14000001029,'1970',2412,,75061,4,,,0,130,,75062,4,,,0
14000001029,'1971',532,,75064,4,0,18 7,0,1880,,75063,4,,,0,130,,75065,4,,,0
14000001029,'1972',2412,,75067,4,,,0,130,,75066,4,,,0
14000001029,'1973',2412,,75069,4,,,0,130,,75068,4,,,0
