10019,'1909',931,,60946,36,,,0,999,,60966,36,,,0,97,,60968,36,,,0,100,,60970,36,,,0,100,,60971,36,,,0
10019,'1910',1859,,66746,36,,,0,68,,60997,36,,,0,100,,66747,36,,,0,100,,60999,36,,,0
10019,'1912',757,,61000,36,,,0,70,,66748,36,,,0,30,,61002,36,,,0,70,,66749,36,,,0,30,,61004,36,,,0,70,,71282,36,,,0,30,,71283,36,,,0,70,,71284,36,,,0,30,,71285,36,,,0,72,,71286,36,,,0,30,,71287,36,,,0,70,,71288,36,,,0,30,,71289,36,,,0,70,,71290,36,,,0,30,,71291,36,,,0,70,,71292,36,,,0,30,,71293,36,,,0,70,,71294,36,,,0,30,,66763,36,,,0,70,,71295,36,,,0,30,,71296,36,,,0,68,,71297,36,,,0,30,,66767,36,,,0,70,,71298,36,,,0
10019,'1924',757,,61024,36,,,0,70,,66769,36,,,0,30,,61026,36,,,0,70,,66770,36,,,0,30,,61028,36,,,0,702,,66784,36,,,0,198,,66788,36,,,0
10019,'1925',757,,61048,36,,,0,70,,66790,36,,,0,30,,61050,36,,,0,70,,66791,36,,,0,30,,61052,36,,,0,70,,71299,36,,,0,30,,71300,36,,,0,70,,71301,36,,,0,30,,71302,36,,,0,72,,71303,36,,,0,30,,71304,36,,,0,70,,71305,36,,,0,30,,71306,36,,,0,70,,71307,36,,,0,30,,71308,36,,,0,70,,71309,36,,,0,30,,71310,36,,,0,70,,71311,36,,,0,30,,66805,36,,,0,70,,71312,36,,,0,30,,71313,36,,,0,68,,71314,36,,,0,30,,66809,36,,,0,70,,71315,36,,,0
10019,'1949',1401,,66831,36,,,0
10019,'1955',657,,60972,36,,,0,70,,66724,36,,,0,30,,66725,36,,,0,70,,66726,36,,,0,30,,60976,36,,,0,70,,66727,36,,,0,30,,66728,36,,,0,72,,66729,36,,,0,30,,66730,36,,,0,70,,66731,36,,,0,30,,66732,36,,,0,70,,66733,36,,,0,30,,66734,36,,,0,70,,66735,36,,,0,30,,66736,36,,,0,70,,66737,36,,,0,30,,66738,36,,,0,70,,66739,36,,,0,30,,66740,36,,,0,70,,66741,36,,,0,30,,66742,36,,,0,70,,66743,36,,,0,30,,66744,36,,,0,70,,66745,36,,,0
10019,'1956',1027,,66771,36,,,0,30,,66772,36,,,0,70,,66773,36,,,0,30,,66774,36,,,0,72,,66775,36,,,0,30,,66776,36,,,0,70,,66777,36,,,0,30,,66778,36,,,0,70,,66779,36,,,0,30,,66780,36,,,0,70,,66781,36,,,0,30,,66782,36,,,0,70,,66783,36,,,0,100,,66785,36,,,0,30,,66786,36,,,0,68,,66787,36,,,0,100,,66789,36,,,0
10019,'1957',558,,71316,36,,,0,70,,71317,36,,,0,30,,71318,36,,,0,72,,71319,36,,,0,70,,71320,36,,,0,30,,71321,36,,,0,70,,71322,36,,,0,101,,71323,36,,,0,30,,71324,36,,,0,70,,71325,36,,,0,30,,71326,36,,,0,70,,71327,36,,,0,30,,71328,36,,,0,70,,71329,36,,,0,30,,71330,36,,,0,100,,71331,36,,,0,75,,71332,36,,,0,30,,71333,36,,,0,70,,71334,36,,,0,30,,71335,36,,,0,70,,71336,36,,,0,29,,71337,36,,,0,65,,71338,36,,,0,30,,71339,36,,,0,70,,71340,36,,,0,100,,71341,36,,,0,57,,71342,36,,,0
10019,'1958',657,,71343,36,,,0,70,,71344,36,,,0,30,,71345,36,,,0,70,,71346,36,,,0,30,,71347,36,,,0,70,,71348,36,,,0,30,,71349,36,,,0,72,,71350,36,,,0,30,,71351,36,,,0,70,,71352,36,,,0,30,,71353,36,,,0,70,,71354,36,,,0,30,,71355,36,,,0,70,,71356,36,,,0,30,,71357,36,,,0,70,,71358,36,,,0,30,,71359,36,,,0,70,,71360,36,,,0,30,,71361,36,,,0,70,,71362,36,,,0,30,,71363,36,,,0,70,,71364,36,,,0,30,,71365,36,,,0,70,,71366,36,,,0
10019,'1959',1027,,71367,36,,,0,30,,71368,36,,,0,70,,71369,36,,,0,30,,71370,36,,,0,72,,71371,36,,,0,30,,71372,36,,,0,70,,71373,36,,,0,30,,71374,36,,,0,70,,71375,36,,,0,30,,71376,36,,,0,70,,71377,36,,,0,30,,71378,36,,,0,70,,71379,36,,,0,100,,71380,36,,,0,30,,71381,36,,,0,68,,71382,36,,,0,100,,71383,36,,,0
