19019,'1909',1836,,61998,15,,,0
19019,'1910',1037,,67497,15,,,0,70,,67512,15,,,0,30,,67501,15,,,0,70,,67515,15,,,0,30,,67494,15,,,0,100,,67496,15,,,0,70,,67513,15,,,0,30,,67498,15,,,0,70,,67520,15,,,0,30,,67507,15,,,0,70,,67509,15,,,0,30,,67493,15,,,0,100,,67519,15,,,0,70,,67506,15,,,0,30,,67500,15,,,0,167,,67522,15,,,0,115,,67505,15,,,0,100,,62033,15,,,0
19019,'1912',621,,71862,15,,,0,112,,62043,15,,,0,100,,71855,15,,,0,70,,62047,15,,,0,30,,71858,15,,,0,70,,71852,15,,,0,31,,71851,15,,,0,70,,67524,15,,,0,31,,71867,15,,,0,70,,71865,15,,,0,30,,71863,15,,,0,70,,71859,15,,,0,30,,71872,15,,,0,70,,71857,15,,,0,31,,71856,15,,,0,70,,71854,15,,,0,30,,71853,15,,,0,70,,71850,15,,,0,30,,71868,15,,,0,69,,71866,15,,,0,29,,71864,15,,,0,70,,71861,15,,,0,30,,71860,15,,,0,70,,71870,15,,,0,30,,71869,15,,,0,70,,71871,15,,,0,45,,62063,15,,,0,100,,62061,15,,,0,100,,62062,15,,,0,85,,71873,15,,,0
19019,'1924',733,,62073,15,,,0,170,,62077,15,,,0,201,,67549,15,,,0,945,,62093,15,,,0,100,,62091,15,,,0,100,,62092,15,,,0
19019,'1925',621,,71886,15,,,0,112,,62103,15,,,0,100,,71879,15,,,0,70,,62107,15,,,0,30,,71882,15,,,0,70,,71876,15,,,0,31,,71875,15,,,0,70,,67574,15,,,0,31,,71891,15,,,0,70,,71889,15,,,0,30,,71887,15,,,0,70,,71883,15,,,0,30,,71896,15,,,0,70,,71881,15,,,0,31,,71880,15,,,0,70,,71878,15,,,0,30,,71877,15,,,0,70,,71874,15,,,0,30,,71892,15,,,0,69,,71890,15,,,0,29,,71888,15,,,0,70,,71885,15,,,0,30,,71884,15,,,0,70,,71894,15,,,0,30,,71893,15,,,0,70,,71895,15,,,0,45,,62123,15,,,0,100,,62121,15,,,0,100,,62122,15,,,0,85,,71897,15,,,0
19019,'1955',634,,67495,15,,,0,70,,67508,15,,,0,30,,67499,15,,,0,70,,67514,15,,,0,30,,67518,15,,,0,70,,67502,15,,,0,30,,67492,15,,,0,70,,67517,15,,,0,303,,67510,15,,,0,400,,67511,15,,,0,200,,67516,15,,,0,27,,67504,15,,,0,110,,67521,15,,,0,270,,67503,15,,,0,20,,67523,15,,,0
19019,'1956',621,,67562,15,,,0,212,,67555,15,,,0,100,,67558,15,,,0,70,,67552,15,,,0,31,,67551,15,,,0,101,,67567,15,,,0,70,,67565,15,,,0,30,,67563,15,,,0,70,,67559,15,,,0,30,,67572,15,,,0,70,,67557,15,,,0,31,,67556,15,,,0,70,,67554,15,,,0,30,,67553,15,,,0,70,,67550,15,,,0,30,,67568,15,,,0,69,,67566,15,,,0,29,,67564,15,,,0,70,,67561,15,,,0,30,,67560,15,,,0,70,,67570,15,,,0,30,,67569,15,,,0,70,,67571,15,,,0,330,,67573,15,,,0
19019,'1957',836,,71916,15,,,0,70,,71902,15,,,0,30,,71903,15,,,0,70,,71900,15,,,0,30,,71917,15,,,0,70,,71901,15,,,0,30,,71908,15,,,0,70,,71898,15,,,0,30,,71915,15,,,0,70,,71904,15,,,0,30,,71905,15,,,0,70,,71907,15,,,0,30,,71906,15,,,0,72,,71899,15,,,0,30,,71918,15,,,0,368,,71909,15,,,0,30,,71910,15,,,0,99,,71914,15,,,0,100,,71913,15,,,0,100,,71911,15,,,0,100,,71912,15,,,0
19019,'1958',634,,71920,15,,,0,70,,71925,15,,,0,30,,71921,15,,,0,70,,71928,15,,,0,30,,71931,15,,,0,70,,71922,15,,,0,30,,71919,15,,,0,70,,71930,15,,,0,303,,71926,15,,,0,400,,71927,15,,,0,200,,71929,15,,,0,27,,71924,15,,,0,110,,71932,15,,,0,270,,71923,15,,,0,20,,71933,15,,,0
19019,'1959',621,,71946,15,,,0,212,,71939,15,,,0,100,,71942,15,,,0,70,,71936,15,,,0,31,,71935,15,,,0,101,,71951,15,,,0,70,,71949,15,,,0,30,,71947,15,,,0,70,,71943,15,,,0,30,,71956,15,,,0,70,,71941,15,,,0,31,,71940,15,,,0,70,,71938,15,,,0,30,,71937,15,,,0,70,,71934,15,,,0,30,,71952,15,,,0,69,,71950,15,,,0,29,,71948,15,,,0,70,,71945,15,,,0,30,,71944,15,,,0,70,,71954,15,,,0,30,,71953,15,,,0,70,,71955,15,,,0,330,,71957,15,,,0
10019019,'1909',737,,65781,8,,,0
10019019,'1949',1807,,70175,8,,,0
10019019,'1957',610,,73560,8,,,0,25,,73567,8,,,0,70,,73566,8,,,0,102,,73568,8,,,0,802,,73564,8,,,0,30,,73562,8,,,0,70,,73561,8,,,0,29,,73565,8,,,0,279,,73563,8,,,0
