19019,'1909',1830,,61998,9,0,38,0
19019,'1910',1030,,67497,9,0,38,0,70,,67512,9,0,38,0,30,,67501,9,0,38,0,70,,67515,9,0,38,0,30,,67494,9,0,38,0,100,,67496,9,0,38,0,70,,67513,9,0,38,0,30,,67498,9,0,38,0,70,,67520,9,0,38,0,30,,67507,9,0,38,0,70,,67509,9,0,38,0,30,,67493,9,0,38,0,100,,67519,9,0,38,0,70,,67506,9,0,38,0,30,,67500,9,0,38,0,127,,67522,9,0,38,0,155,,67505,9,0,38,0,100,,62033,9,0,38,0
19019,'1912',615,,71862,9,0,38,0,112,,62043,9,0,38,0,100,,71855,9,0,38,0,30,,62047,9,0,38,0,70,,71858,9,0,38,0,30,,71852,9,0,38,0,70,,71851,9,0,38,0,30,,67524,9,0,38,0,71,,71867,9,0,38,0,30,,71865,9,0,38,0,70,,71863,9,0,38,0,30,,71859,9,0,38,0,70,,71872,9,0,38,0,30,,71857,9,0,38,0,71,,71856,9,0,38,0,30,,71854,9,0,38,0,70,,71853,9,0,38,0,30,,71850,9,0,38,0,70,,71868,9,0,38,0,30,,71866,9,0,38,0,69,,71864,9,0,38,0,30,,71861,9,0,38,0,70,,71860,9,0,38,0,30,,71870,9,0,38,0,70,,71869,9,0,38,0,30,,71871,9,0,38,0,85,,62063,9,0,38,0,100,,62061,9,0,38,0,100,,62062,9,0,38,0,85,,71873,9,0,38,0
19019,'1924',727,,62073,9,0,38,0,130,,62077,9,0,38,0,200,,67549,9,0,38,0,986,,62093,9,0,38,0,100,,62091,9,0,38,0,100,,62092,9,0,38,0
19019,'1925',615,,71886,9,0,38,0,112,,62103,9,0,38,0,100,,71879,9,0,38,0,30,,62107,9,0,38,0,70,,71882,9,0,38,0,30,,71876,9,0,38,0,70,,71875,9,0,38,0,30,,67574,9,0,38,0,71,,71891,9,0,38,0,30,,71889,9,0,38,0,70,,71887,9,0,38,0,30,,71883,9,0,38,0,70,,71896,9,0,38,0,30,,71881,9,0,38,0,71,,71880,9,0,38,0,30,,71878,9,0,38,0,70,,71877,9,0,38,0,30,,71874,9,0,38,0,70,,71892,9,0,38,0,30,,71890,9,0,38,0,69,,71888,9,0,38,0,30,,71885,9,0,38,0,70,,71884,9,0,38,0,30,,71894,9,0,38,0,70,,71893,9,0,38,0,30,,71895,9,0,38,0,85,,62123,9,0,38,0,100,,62121,9,0,38,0,100,,62122,9,0,38,0,85,,71897,9,0,38,0
19019,'1955',627,,67495,9,0,38,0,30,,67508,9,0,38,0,70,,67499,9,0,38,0,30,,67514,9,0,38,0,70,,67518,9,0,38,0,30,,67502,9,0,38,0,70,,67492,9,0,38,0,30,,67517,9,0,38,0,343,,67510,9,0,38,0,400,,67511,9,0,38,0,200,,67516,9,0,38,0,27,,67504,9,0,38,0,110,,67521,9,0,38,0,270,,67503,9,0,38,0,20,,67523,9,0,38,0
19019,'1956',615,,67562,9,0,38,0,212,,67555,9,0,38,0,100,,67558,9,0,38,0,30,,67552,9,0,38,0,70,,67551,9,0,38,0,101,,67567,9,0,38,0,30,,67565,9,0,38,0,70,,67563,9,0,38,0,30,,67559,9,0,38,0,70,,67572,9,0,38,0,30,,67557,9,0,38,0,71,,67556,9,0,38,0,30,,67554,9,0,38,0,70,,67553,9,0,38,0,30,,67550,9,0,38,0,70,,67568,9,0,38,0,30,,67566,9,0,38,0,69,,67564,9,0,38,0,30,,67561,9,0,38,0,70,,67560,9,0,38,0,30,,67570,9,0,38,0,70,,67569,9,0,38,0,30,,67571,9,0,38,0,370,,67573,9,0,38,0
19019,'1957',829,,71916,9,0,38,0,30,,71902,9,0,38,0,70,,71903,9,0,38,0,30,,71900,9,0,38,0,70,,71917,9,0,38,0,30,,71901,9,0,38,0,70,,71908,9,0,38,0,30,,71898,9,0,38,0,70,,71915,9,0,38,0,30,,71904,9,0,38,0,70,,71905,9,0,38,0,30,,71907,9,0,38,0,70,,71906,9,0,38,0,72,,71899,9,0,38,0,30,,71918,9,0,38,0,369,,71909,9,0,38,0,30,,71910,9,0,38,0,99,,71914,9,0,38,0,100,,71913,9,0,38,0,100,,71911,9,0,38,0,100,,71912,9,0,38,0
19019,'1958',627,,71920,9,0,38,0,30,,71925,9,0,38,0,70,,71921,9,0,38,0,30,,71928,9,0,38,0,70,,71931,9,0,38,0,30,,71922,9,0,38,0,70,,71919,9,0,38,0,30,,71930,9,0,38,0,343,,71926,9,0,38,0,400,,71927,9,0,38,0,200,,71929,9,0,38,0,27,,71924,9,0,38,0,110,,71932,9,0,38,0,270,,71923,9,0,38,0,20,,71933,9,0,38,0
19019,'1959',615,,71946,9,0,38,0,212,,71939,9,0,38,0,100,,71942,9,0,38,0,30,,71936,9,0,38,0,70,,71935,9,0,38,0,101,,71951,9,0,38,0,30,,71949,9,0,38,0,70,,71947,9,0,38,0,30,,71943,9,0,38,0,70,,71956,9,0,38,0,30,,71941,9,0,38,0,71,,71940,9,0,38,0,30,,71938,9,0,38,0,70,,71937,9,0,38,0,30,,71934,9,0,38,0,70,,71952,9,0,38,0,30,,71950,9,0,38,0,69,,71948,9,0,38,0,30,,71945,9,0,38,0,70,,71944,9,0,38,0,30,,71954,9,0,38,0,70,,71953,9,0,38,0,30,,71955,9,0,38,0,370,,71957,9,0,38,0
10019029,'1909',719,,65786,10,,,0
10019029,'1949',1750,,70189,10,,,0
10019029,'1957',617,,73569,10,,,0,30,,73571,10,,,0,102,,73572,10,,,0,802,,73576,10,,,0,70,,73574,10,,,0,30,,73573,10,,,0,70,,73577,10,,,0,279,,73575,10,,,0
