1029,'1909',902,,59245,45,,,0,100,,59222,45,,,0,130,,59211,45,,,0,100,,59216,45,,,0,170,,59218,45,,,0,101,,59242,45,,,0,132,,59238,45,,,0,70,,59227,45,,,0,97,,59225,45,,,0,55,,59230,45,,,0,70,,59229,45,,,0,99,,59243,45,,,0,130,,59235,45,,,0,165,,59232,45,,,0
1029,'1912',624,,59281,45,,,0,100,,59282,45,,,0,100,,59283,45,,,0,101,,59284,45,,,0,101,,59285,45,,,0,100,,59286,45,,,0,100,,59287,45,,,0,100,,59288,45,,,0,100,,59289,45,,,0,100,,59290,45,,,0,100,,59291,45,,,0,100,,59292,45,,,0,100,,59293,45,,,0,100,,59294,45,,,0,100,,59295,45,,,0,100,,59296,45,,,0,100,,59297,45,,,0,95,,59298,45,,,0
1029,'1924',624,,59299,45,,,0,100,,59300,45,,,0,100,,59301,45,,,0,101,,59302,45,,,0,101,,59303,45,,,0,100,,59304,45,,,0,100,,59305,45,,,0,100,,59306,45,,,0,100,,59307,45,,,0,100,,59308,45,,,0,100,,59309,45,,,0,100,,59310,45,,,0,100,,59311,45,,,0,100,,59312,45,,,0,100,,59313,45,,,0,100,,59314,45,,,0,100,,59315,45,,,0,95,,59316,45,,,0
1029,'1925',624,,59317,45,,,0,100,,59318,45,,,0,100,,59319,45,,,0,101,,59320,45,,,0,101,,59321,45,,,0,100,,59322,45,,,0,100,,59323,45,,,0,100,,59324,45,,,0,100,,59325,45,,,0,100,,59326,45,,,0,100,,59327,45,,,0,100,,59328,45,,,0,100,,59329,45,,,0,100,,59330,45,,,0,100,,59331,45,,,0,100,,59332,45,,,0,100,,59333,45,,,0,95,,59334,45,,,0
1029,'1949',659,,65993,45,,,0,172,,65987,45,,,0,101,,65990,45,,,0,170,,65991,45,,,0,100,,65996,45,,,0,130,,65995,45,,,0,100,,65988,45,,,0,103,,65989,45,,,0,70,,65994,45,,,0
1029,'1955',624,,65951,45,,,0,30,,65963,45,,,0,70,,65970,45,,,0,30,,65958,45,,,0,70,,65979,45,,,0,30,,65967,45,,,0,72,,65950,45,,,0,30,,65962,45,,,0,70,,65973,45,,,0,30,,65957,45,,,0,70,,65980,45,,,0,30,,65966,45,,,0,70,,65949,45,,,0,30,,65961,45,,,0,70,,65972,45,,,0,30,,65956,45,,,0,70,,65952,45,,,0,30,,65965,45,,,0,70,,65948,45,,,0,30,,65960,45,,,0,70,,65968,45,,,0,30,,65955,45,,,0,70,,65977,45,,,0,30,,65964,45,,,0,69,,65947,45,,,0,31,,65959,45,,,0,70,,65971,45,,,0,30,,65953,45,,,0,70,,65975,45,,,0,30,,65974,45,,,0,70,,59246,45,,,0,30,,65954,45,,,0,70,,65969,45,,,0,30,,65978,45,,,0,68,,65976,45,,,0
1029,'1957',624,,70268,45,,,0,107,,70278,45,,,0,70,,70267,45,,,0,231,,70277,45,,,0,270,,70269,45,,,0,433,,70270,45,,,0,92,,70272,45,,,0,130,,70271,45,,,0,99,,70276,45,,,0,70,,70275,45,,,0,100,,70274,45,,,0,30,,70273,45,,,0
1029,'1958',624,,70284,45,,,0,30,,70296,45,,,0,70,,70303,45,,,0,30,,70291,45,,,0,70,,70312,45,,,0,30,,70300,45,,,0,72,,70283,45,,,0,30,,70295,45,,,0,70,,70306,45,,,0,30,,70290,45,,,0,70,,70313,45,,,0,30,,70299,45,,,0,70,,70282,45,,,0,30,,70294,45,,,0,70,,70305,45,,,0,30,,70289,45,,,0,70,,70285,45,,,0,30,,70298,45,,,0,70,,70281,45,,,0,30,,70293,45,,,0,70,,70301,45,,,0,30,,70288,45,,,0,70,,70310,45,,,0,30,,70297,45,,,0,69,,70280,45,,,0,31,,70292,45,,,0,70,,70304,45,,,0,30,,70286,45,,,0,70,,70308,45,,,0,30,,70307,45,,,0,70,,70279,45,,,0,30,,70287,45,,,0,70,,70302,45,,,0,30,,70311,45,,,0,68,,70309,45,,,0
2029,'1912',639,,70465,38,,,0,71,,70473,38,,,0,31,,70484,38,,,0,70,,70479,38,,,0,30,,70466,38,,,0,70,,70474,38,,,0,30,,70485,38,,,0,70,,70480,38,,,0,30,,70467,38,,,0,70,,70475,38,,,0,30,,70486,38,,,0,70,,70481,38,,,0,30,,70468,38,,,0,70,,70476,38,,,0,30,,70487,38,,,0,70,,70482,38,,,0,30,,70469,38,,,0,70,,70477,38,,,0,30,,70488,38,,,0,70,,70483,38,,,0,30,,70470,38,,,0,70,,70478,38,,,0,30,,70489,38,,,0,100,,70471,38,,,0,99,,70490,38,,,0,100,,70472,38,,,0,101,,70491,38,,,0,100,,70464,38,,,0
2029,'1925',639,,70497,38,,,0,71,,70505,38,,,0,31,,70516,38,,,0,70,,70511,38,,,0,30,,70498,38,,,0,70,,70506,38,,,0,30,,70517,38,,,0,70,,70512,38,,,0,30,,70499,38,,,0,70,,70507,38,,,0,30,,70518,38,,,0,70,,70513,38,,,0,30,,70500,38,,,0,70,,70508,38,,,0,30,,70519,38,,,0,70,,70514,38,,,0,30,,70501,38,,,0,70,,70509,38,,,0,30,,70520,38,,,0,70,,70515,38,,,0,30,,70502,38,,,0,70,,70510,38,,,0,30,,70521,38,,,0,100,,70503,38,,,0,99,,70522,38,,,0,100,,70504,38,,,0,101,,70523,38,,,0,100,,70496,38,,,0
2029,'1955',609,,59613,42,0,5 2 15 16 17,0,30,,59596,42,,,0,69,,59603,42,,,0,31,,59582,42,,,0,70,,59588,42,,,0,30,,59597,42,,,0,72,,59604,42,,,0,30,,59583,42,,,0,70,,59589,42,,,0,30,,59598,42,,,0,70,,59605,42,,,0,30,,59584,42,,,0,70,,59590,42,,,0,30,,59599,42,,,0,70,,59606,42,,,0,30,,59585,42,,,0,70,,59591,42,,,0,30,,59600,42,,,0,70,,59607,42,,,0,30,,59586,42,,,0,70,,59592,42,,,0,30,,59601,42,,,0,70,,59608,42,,,0,30,,59587,42,,,0,70,,59593,42,,,0,30,,59602,42,,,0,70,,59609,42,,,0,30,,59594,42,,,0,100,,59610,42,,,0,100,,59595,42,,,0,100,,59611,42,,,0
2029,'1956',639,,59650,42,,,0,71,,59658,42,,,0,31,,59669,42,,,0,70,,59664,42,,,0,30,,59651,42,,,0,70,,59659,42,,,0,30,,59670,42,,,0,70,,59665,42,,,0,30,,59652,42,,,0,70,,59660,42,,,0,30,,59671,42,,,0,70,,59666,42,,,0,30,,59653,42,,,0,70,,59661,42,,,0,30,,59672,42,,,0,70,,59667,42,,,0,30,,59654,42,,,0,70,,59662,42,,,0,30,,59673,42,,,0,70,,59668,42,,,0,30,,59655,42,,,0,70,,59663,42,,,0,30,,59674,42,,,0,100,,59656,42,,,0,99,,59675,42,,,0,100,,59657,42,,,0,101,,59676,42,,,0,100,,59649,42,,,0
2029,'1957',544,,70545,27,,,0,65,,70528,38,,,0,30,,70529,38,,,0,72,,70530,38,,,0,30,,70531,38,,,0,71,,70532,38,,,0,30,,70533,38,,,0,70,,70534,38,,,0,30,,70535,38,,,0,70,,70536,38,,,0,30,,70559,38,,,0,70,,70555,38,,,0,30,,70561,38,,,0,70,,70557,38,,,0,30,,70558,38,,,0,70,,70554,38,,,0,30,,70560,38,,,0,70,,70556,38,,,0,31,,70562,38,,,0,71,,70537,38,,,0,34,,70538,38,,,0,70,,70539,38,,,0,30,,70540,38,,,0,70,,70541,38,,,0,28,,70542,38,,,0,66,,70543,38,,,0,29,,70544,38,,,0,70,,70548,38,,,0,30,,70549,38,,,0,100,,70550,38,,,0,100,,70551,38,,,0,100,,70547,38,,,0
2029,'1958',609,,70594,38,,,0,30,,70577,38,,,0,69,,70584,38,,,0,31,,70563,38,,,0,70,,70569,38,,,0,30,,70578,38,,,0,72,,70585,38,,,0,30,,70564,38,,,0,70,,70570,38,,,0,30,,70579,38,,,0,70,,70586,38,,,0,30,,70565,38,,,0,70,,70571,38,,,0,30,,70580,38,,,0,70,,70587,38,,,0,30,,70566,38,,,0,70,,70572,38,,,0,30,,70581,38,,,0,70,,70588,38,,,0,30,,70567,38,,,0,70,,70573,38,,,0,30,,70582,38,,,0,70,,70589,38,,,0,30,,70568,38,,,0,70,,70574,38,,,0,30,,70583,38,,,0,70,,70590,38,,,0,30,,70575,38,,,0,100,,70591,38,,,0,100,,70576,38,,,0,100,,70592,38,,,0
2029,'1959',639,,70598,38,,,0,71,,70606,38,,,0,31,,70617,38,,,0,70,,70612,38,,,0,30,,70599,38,,,0,70,,70607,38,,,0,30,,70618,38,,,0,70,,70613,38,,,0,30,,70600,38,,,0,70,,70608,38,,,0,30,,70619,38,,,0,70,,70614,38,,,0,30,,70601,38,,,0,70,,70609,38,,,0,30,,70620,38,,,0,70,,70615,38,,,0,30,,70602,38,,,0,70,,70610,38,,,0,30,,70621,38,,,0,70,,70616,38,,,0,30,,70603,38,,,0,70,,70611,38,,,0,30,,70622,38,,,0,100,,70604,38,,,0,99,,70623,38,,,0,100,,70605,38,,,0,101,,70624,38,,,0,100,,70597,38,,,0
12029,'1909',649,,61285,21,,,0,72,,61282,21,,,0,30,,61275,21,,,0,171,,61262,12,,,0,30,,61263,12,,,0,70,,61264,12,,,0,130,,61267,12,,,0,70,,61268,12,,,0,30,,61269,12,,,0,170,,61272,12,,,0,30,,61278,21,,,0
12029,'1957',820,,71560,21,,,0,31,,71555,21,,,0,201,,71549,12,,,0,70,,71550,12,,,0,200,,71551,12,,,0,30,,71552,12,,,0,171,,71559,21,,,0,30,,71553,21,,,0,70,,71558,21,,,0,30,,71554,21,,,0,70,,71561,21,,,0,29,,71556,21,,,0,70,,71557,21,,,0
14000001029,'1909',449,,65864,26,0,18 7,0,2052,,65871,26,,,0,130,,65870,26,,,0
14000001029,'1910',2501,,65872,26,,,0,130,,65875,26,,,0
14000001029,'1912',551,,73589,26,0,18 7,0,1851,,70205,26,,,0,29,,73588,26,,,0,70,,65884,26,,,0,30,,70206,26,,,0,70,,73587,26,,,0,30,,65880,26,,,0
14000001029,'1924',2402,,70208,26,,,0,99,,65891,26,,,0,30,,70209,26,,,0,100,,65887,26,,,0
14000001029,'1925',551,,73592,26,0,18 7,0,1851,,70211,26,,,0,29,,73591,26,,,0,70,,65898,26,,,0,30,,70212,26,,,0,70,,73590,26,,,0,30,,65894,26,,,0
14000001029,'1955',551,,70203,26,0,18 7,0,1851,,70204,26,,,0,29,,65873,26,,,0,100,,70202,26,,,0,70,,65877,26,,,0
14000001029,'1956',551,,70210,26,0,18 7,0,1880,,65890,26,,,0,170,,65889,26,,,0
14000001029,'1957',551,,73593,26,0,18 7,0,1851,,73595,26,,,0,29,,73596,26,,,0,100,,73594,26,,,0,70,,73597,26,,,0
14000001029,'1958',551,,73600,26,0,18 7,0,1851,,73602,26,,,0,29,,73598,26,,,0,100,,73599,26,,,0,70,,73601,26,,,0
14000001029,'1959',551,,73605,26,0,18 7,0,1880,,73604,26,,,0,170,,73603,26,,,0
