16019,'1909',1544,,61737,22,,,0,169,,61740,22,,,0,30,,61741,22,,,0,99,,61743,22,,,0,169,,61746,22,,,0,129,,61716,22,,,0
16019,'1910',639,,61772,22,,,0,70,,61768,22,,,0,30,,61776,22,,,0,70,,61760,22,,,0,30,,61774,22,,,0,72,,61755,22,,,0,30,,61753,22,,,0,70,,61750,22,,,0,30,,61761,22,,,0,70,,61771,22,,,0,30,,61765,22,,,0,70,,61773,22,,,0,31,,61757,22,,,0,70,,61775,22,,,0,30,,61752,22,,,0,70,,61763,22,,,0,31,,61762,22,,,0,70,,61766,22,,,0,30,,61767,22,,,0,70,,61751,22,,,0,29,,61759,22,,,0,70,,61769,22,,,0,29,,61754,22,,,0,70,,61758,22,,,0,30,,61764,22,,,0,69,,61778,22,,,0,30,,61770,22,,,0,69,,61777,22,,,0,30,,61756,22,,,0,70,,61780,22,,,0,100,,61779,22,,,0,30,,61749,22,,,0
16019,'1912',808,,67376,22,,,0,103,,71745,22,,,0,100,,71751,22,,,0,100,,71750,22,,,0,100,,71743,22,,,0,101,,71746,22,,,0,100,,71747,22,,,0,101,,71749,22,,,0,100,,71748,22,,,0,99,,71744,22,,,0,99,,67384,22,,,0,99,,61792,22,,,0,99,,61788,22,,,0,100,,61786,22,,,0,100,,71752,22,,,0
16019,'1924',808,,67388,22,,,0,1003,,67396,22,,,0,99,,61807,22,,,0,99,,61803,22,,,0,100,,61801,22,,,0
16019,'1925',808,,67400,22,,,0,103,,71755,22,,,0,100,,71761,22,,,0,100,,71760,22,,,0,100,,71753,22,,,0,101,,71756,22,,,0,100,,71757,22,,,0,101,,71759,22,,,0,100,,71758,22,,,0,99,,71754,22,,,0,99,,67408,22,,,0,99,,61822,22,,,0,99,,61818,22,,,0,100,,61816,22,,,0,100,,71762,22,,,0
16019,'1949',1515,,67430,22,,,0,99,,67431,22,,,0,30,,67432,22,,,0
16019,'1956',911,,67391,22,,,0,100,,67398,22,,,0,100,,67397,22,,,0,100,,67389,22,,,0,101,,67392,22,,,0,100,,67393,22,,,0,101,,67395,22,,,0,100,,67394,22,,,0,99,,67390,22,,,0,497,,67399,22,,,0
16019,'1957',642,,71765,22,,,0,70,,71766,22,,,0,32,,71767,22,,,0,70,,71768,22,,,0,32,,71769,22,,,0,70,,71770,22,,,0,30,,71771,22,,,0,70,,71772,22,,,0,30,,71773,22,,,0,70,,71774,22,,,0,30,,71775,22,,,0,70,,71776,22,,,0,30,,71777,22,,,0,70,,71778,22,,,0,30,,71779,22,,,0,70,,71780,22,,,0,30,,71781,22,,,0,366,,71782,22,,,0,100,,71783,22,,,0,30,,71784,22,,,0,99,,71785,22,,,0,70,,71786,22,,,0,98,,71763,22,,,0,30,,71764,22,,,0
16019,'1959',911,,71789,22,,,0,100,,71795,22,,,0,100,,71794,22,,,0,100,,71787,22,,,0,101,,71790,22,,,0,100,,71791,22,,,0,101,,71793,22,,,0,100,,71792,22,,,0,99,,71788,22,,,0,497,,71796,22,,,0
702019,'1909',826,,64880,7,,,0
702019,'1910',653,,69324,7,,,0,70,,69326,7,,,0,30,,69328,7,,,0,70,,69323,7,,,0,30,,69325,7,,,0,70,,69327,7,,,0,30,,69329,7,,,0,72,,69340,7,,,0,30,,69338,7,,,0,70,,69344,7,,,0,30,,69335,7,,,0,70,,69348,7,,,0,30,,69337,7,,,0,70,,69346,7,,,0,30,,69343,7,,,0,70,,69342,7,,,0,30,,69339,7,,,0,70,,69332,7,,,0,100,,69331,7,,,0,30,,69341,7,,,0,70,,69334,7,,,0,100,,69345,7,,,0,30,,69336,7,,,0,69,,69318,7,,,0,30,,69321,7,,,0,70,,69314,7,,,0,29,,69316,7,,,0,70,,69319,7,,,0,30,,69322,7,,,0,70,,69315,7,,,0,30,,69317,7,,,0,65,,69320,7,,,0,25,,69330,7,,,0
702019,'1912',653,,73221,7,,,0,70,,73211,7,,,0,30,,73229,7,,,0,70,,73217,7,,,0,30,,73210,7,,,0,70,,73228,7,,,0,31,,73220,7,,,0,70,,73209,7,,,0,30,,69375,7,,,0,70,,73216,7,,,0,30,,69356,7,,,0,71,,73222,7,,,0,30,,69360,7,,,0,70,,73208,7,,,0,30,,73227,7,,,0,70,,73215,7,,,0,30,,73207,7,,,0,70,,73225,7,,,0,30,,73219,7,,,0,70,,73206,7,,,0,30,,73224,7,,,0,70,,73214,7,,,0,30,,73205,7,,,0,68,,73223,7,,,0,30,,73213,7,,,0,70,,73204,7,,,0,30,,73226,7,,,0,70,,73212,7,,,0,30,,73203,7,,,0,70,,69377,7,,,0,30,,73218,7,,,0,70,,73202,7,,,0,30,,69372,7,,,0,65,,73230,7,,,0,25,,73231,7,,,0
702019,'1924',1054,,69410,7,,,0,100,,69391,7,,,0,101,,69395,7,,,0,868,,69412,7,,,0,130,,69407,7,,,0
702019,'1925',653,,73251,7,,,0,70,,73241,7,,,0,30,,73259,7,,,0,70,,73247,7,,,0,30,,73240,7,,,0,70,,73258,7,,,0,31,,73250,7,,,0,70,,73239,7,,,0,30,,69445,7,,,0,70,,73246,7,,,0,30,,69426,7,,,0,71,,73252,7,,,0,30,,69430,7,,,0,70,,73238,7,,,0,30,,73257,7,,,0,70,,73245,7,,,0,30,,73237,7,,,0,70,,73255,7,,,0,30,,73249,7,,,0,70,,73236,7,,,0,30,,73254,7,,,0,70,,73244,7,,,0,30,,73235,7,,,0,68,,73253,7,,,0,30,,73243,7,,,0,70,,73234,7,,,0,30,,73256,7,,,0,70,,73242,7,,,0,30,,73233,7,,,0,70,,69447,7,,,0,30,,73248,7,,,0,70,,73232,7,,,0,30,,69442,7,,,0,65,,73260,7,,,0,25,,73261,7,,,0
702019,'1949',726,,69507,7,,,0,22,,69477,7,,,0,107,,69506,7,,,0,73,,69479,7,,,0,220,,69483,7,,,0,100,,69485,7,,,0,576,,69495,7,,,0,30,,69496,7,,,0,100,,69498,7,,,0,169,,69501,7,,,0,99,,69503,7,,,0,30,,69504,7,,,0,90,,69511,7,,,0
702019,'1955',1555,,69347,7,,,0,200,,69333,7,,,0
702019,'1956',653,,69405,7,,,0,70,,69394,7,,,0,30,,69416,7,,,0,70,,69401,7,,,0,30,,69393,7,,,0,70,,69415,7,,,0,31,,69404,7,,,0,70,,69392,7,,,0,100,,69400,7,,,0,101,,69406,7,,,0,100,,69390,7,,,0,30,,69414,7,,,0,70,,69399,7,,,0,30,,69389,7,,,0,70,,69411,7,,,0,30,,69403,7,,,0,70,,69388,7,,,0,30,,69409,7,,,0,70,,69398,7,,,0,30,,69387,7,,,0,68,,69408,7,,,0,30,,69397,7,,,0,70,,69386,7,,,0,30,,69413,7,,,0,70,,69396,7,,,0,30,,69385,7,,,0,100,,69402,7,,,0,70,,69384,7,,,0,95,,69417,7,,,0,25,,69418,7,,,0
702019,'1957',637,,73262,7,,,0,65,,73263,7,,,0,101,,73264,7,,,0,40,,73285,7,,,0,105,,73265,7,,,0,70,,73266,7,,,0,30,,73288,7,,,0,70,,73267,7,,,0,100,,73268,7,,,0,100,,73269,7,,,0,30,,73270,7,,,0,70,,73271,7,,,0,31,,73272,7,,,0,70,,73286,7,,,0,22,,73273,7,,,0,60,,73274,7,,,0,20,,73275,7,,,0,20,,73276,7,,,0,60,,73287,7,,,0,20,,73277,7,,,0,18,,73278,7,,,0,20,,73279,7,,,0,165,,73280,7,,,0,99,,73281,7,,,0,30,,73282,7,,,0,100,,73283,7,,,0,164,,73284,7,,,0
702019,'1958',1555,,73290,7,,,0,200,,73289,7,,,0
702019,'1959',653,,73310,7,,,0,70,,73300,7,,,0,30,,73318,7,,,0,70,,73306,7,,,0,30,,73299,7,,,0,70,,73317,7,,,0,31,,73309,7,,,0,70,,73298,7,,,0,100,,73305,7,,,0,101,,73311,7,,,0,100,,73297,7,,,0,30,,73316,7,,,0,70,,73304,7,,,0,30,,73296,7,,,0,70,,73314,7,,,0,30,,73308,7,,,0,70,,73295,7,,,0,30,,73313,7,,,0,70,,73303,7,,,0,30,,73294,7,,,0,68,,73312,7,,,0,30,,73302,7,,,0,70,,73293,7,,,0,30,,73315,7,,,0,70,,73301,7,,,0,30,,73292,7,,,0,100,,73307,7,,,0,70,,73291,7,,,0,95,,73319,7,,,0,25,,73320,7,,,0
14000001019,'1909',2430,,65835,44,,,0,170,,65834,44,,,0
14000001019,'1910',2430,,65840,44,,,0,170,,65838,44,,,0
14000001019,'1912',2430,,65844,44,,,0,70,,70196,44,,,0,30,,73578,44,,,0,70,,65845,44,,,0,30,,70197,44,,,0
14000001019,'1924',2430,,65849,44,,,0,70,,70198,44,,,0,100,,65850,44,,,0,30,,70199,44,,,0
14000001019,'1925',2430,,65854,44,,,0,70,,70200,44,,,0,30,,73579,44,,,0,70,,65855,44,,,0,30,,70201,44,,,0
14000001019,'1955',2500,,70194,44,,,0,30,,65839,44,,,0,100,,70195,44,,,0
14000001019,'1956',2530,,65847,44,,,0
14000001019,'1957',2500,,73580,44,,,0,30,,73581,44,,,0,100,,73582,44,,,0
14000001019,'1958',2500,,73583,44,,,0,30,,73584,44,,,0,100,,73585,44,,,0
14000001019,'1959',2530,,73586,44,,,0
