1029,'1912',605,,73732,19,,,0,98,,73733,19,,,0,100,,73734,19,,,0,101,,73735,19,,,0,101,,73736,19,,,0,100,,73737,19,,,0,100,,73738,19,,,0,100,,73739,19,,,0,100,,73740,19,,,0,100,,73741,19,,,0,99,,73742,19,,,0,100,,73743,19,,,0,100,,73744,19,,,0,100,,73745,19,,,0,100,,73746,19,,,0,100,,73747,19,,,0,99,,73748,19,,,0,99,,73749,19,,,0
1029,'1966',605,,70284,20,,,0,28,,70296,20,,,0,70,,70303,20,,,0,30,,70291,20,,,0,70,,70312,20,,,0,30,,70300,20,,,0,71,,70283,20,,,0,29,,70295,20,,,0,70,,70306,20,,,0,30,,70290,20,,,0,70,,70313,20,,,0,30,,70299,20,,,0,70,,70282,20,,,0,30,,70294,20,,,0,70,,70305,20,,,0,30,,70289,20,,,0,70,,70285,20,,,0,30,,70298,20,,,0,70,,70281,20,,,0,30,,70293,20,,,0,70,,70301,20,,,0,30,,70288,20,,,0,70,,70310,20,,,0,30,,70297,20,,,0,69,,70280,20,,,0,31,,70292,20,,,0,70,,70304,20,,,0,30,,70286,20,,,0,70,,70308,20,,,0,30,,70307,20,,,0,70,,70279,20,,,0,30,,70287,20,,,0,70,,70302,20,,,0,30,,70311,20,,,0,70,,70309,20,,,0
1029,'1968',605,,59317,20,,,0,98,,59318,20,,,0,100,,59319,20,,,0,101,,59320,20,,,0,101,,59321,20,,,0,100,,59322,20,,,0,100,,59323,20,,,0,100,,59324,20,,,0,100,,59325,20,,,0,100,,59326,20,,,0,99,,59327,20,,,0,100,,59328,20,,,0,100,,59329,20,,,0,100,,59330,20,,,0,100,,59331,20,,,0,100,,59332,20,,,0,99,,59333,20,,,0,99,,59334,20,,,0
1029,'1970',603,,73759,19,,,0,35,,73760,19,,,0,66,,73780,19,,,0,30,,73756,19,,,0,70,,73751,19,,,0,30,,73784,19,,,0,73,,73754,19,,,0,30,,73761,19,,,0,70,,73779,19,,,0,30,,73758,19,,,0,70,,73750,19,,,0,30,,73783,19,,,0,70,,73755,19,,,0,30,,73762,19,,,0,70,,73778,19,,,0,30,,73757,19,,,0,70,,73752,19,,,0,30,,73781,19,,,0,71,,73753,19,,,0,30,,73763,19,,,0,70,,73777,19,,,0,30,,73766,19,,,0,70,,73765,19,,,0,29,,73764,19,,,0,67,,73770,19,,,0,30,,73769,19,,,0,70,,73768,19,,,0,30,,73767,19,,,0,70,,73782,19,,,0,29,,73776,19,,,0,70,,73775,19,,,0,30,,73774,19,,,0,70,,73773,19,,,0,30,,73772,19,,,0,25,,73771,19,,,0
1029,'1971',605,,73790,19,,,0,28,,73802,19,,,0,70,,73809,19,,,0,30,,73797,19,,,0,70,,73818,19,,,0,30,,73806,19,,,0,71,,73789,19,,,0,29,,73801,19,,,0,70,,73812,19,,,0,30,,73796,19,,,0,70,,73819,19,,,0,30,,73805,19,,,0,70,,73788,19,,,0,30,,73800,19,,,0,70,,73811,19,,,0,30,,73795,19,,,0,70,,73791,19,,,0,30,,73804,19,,,0,70,,73787,19,,,0,30,,73799,19,,,0,70,,73807,19,,,0,30,,73794,19,,,0,70,,73816,19,,,0,30,,73803,19,,,0,69,,73786,19,,,0,31,,73798,19,,,0,70,,73810,19,,,0,30,,73792,19,,,0,70,,73814,19,,,0,30,,73813,19,,,0,70,,73785,19,,,0,30,,73793,19,,,0,70,,73808,19,,,0,30,,73817,19,,,0,70,,73815,19,,,0
1029,'1972',605,,73820,19,,,0,98,,73821,19,,,0,100,,73822,19,,,0,101,,73823,19,,,0,101,,73824,19,,,0,100,,73825,19,,,0,100,,73826,19,,,0,100,,73827,19,,,0,100,,73828,19,,,0,100,,73829,19,,,0,99,,73830,19,,,0,100,,73831,19,,,0,100,,73832,19,,,0,100,,73833,19,,,0,100,,73834,19,,,0,100,,73835,19,,,0,99,,73836,19,,,0,99,,73837,19,,,0
1029,'1973',605,,73838,19,,,0,98,,73839,19,,,0,100,,73840,19,,,0,101,,73841,19,,,0,101,,73842,19,,,0,100,,73843,19,,,0,100,,73844,19,,,0,100,,73845,19,,,0,100,,73846,19,,,0,100,,73847,19,,,0,99,,73848,19,,,0,100,,73849,19,,,0,100,,73850,19,,,0,100,,73851,19,,,0,100,,73852,19,,,0,100,,73853,19,,,0,99,,73854,19,,,0,99,,73855,19,,,0
22019,'1912',650,,67626,6,0,19 2 32 26,0,100,,71967,6,0,19 2 32 26,0,100,,71964,8,,,0,93,,71965,8,,,0,100,,71959,8,,,0,100,,71963,8,,,0,100,,71960,8,,,0,100,,71961,8,,,0,100,,71958,8,,,0,100,,71962,8,,,0,100,,67620,8,,,0,100,,62212,6,0,19 2 32 26,0,100,,62213,6,0,19 2 32 26,0,100,,62214,6,0,19 2 32 26,0,108,,71966,6,0,19 2 32 26,0
22019,'1959',650,,67638,6,0,19 2 32 26,0,100,,72009,6,0,19 2 32 26,0,100,,72006,8,,,0,93,,72007,8,,,0,100,,72001,8,,,0,100,,72005,8,,,0,100,,72002,8,,,0,100,,72003,8,,,0,100,,72000,8,,,0,100,,72004,8,,,0,100,,67632,8,,,0,100,,62227,6,0,19 2 32 26,0,100,,62228,6,0,19 2 32 26,0,100,,62229,6,0,19 2 32 26,0,108,,72008,6,0,19 2 32 26,0
22019,'1965',556,,62171,6,0,19 2 32 26,0,92,,71978,6,0,19 2 32 26,0,70,,71979,6,0,19 2 32 26,0,206,,71983,8,,,0,30,,71984,8,,,0,100,,71986,8,,,0,70,,71987,8,,,0,30,,71988,8,,,0,70,,71989,8,,,0,30,,71990,8,,,0,70,,71991,8,,,0,30,,71992,8,,,0,595,,71997,8,,,0,99,,71998,8,,,0,68,,71999,6,0,19 2 32 26,0
22019,'1967',622,,62202,6,0,19 2 32 26,0,23,,62195,6,0,19 2 32 26,0,70,,62191,6,0,19 2 32 26,0,30,,62196,6,0,19 2 32 26,0,70,,62192,6,0,19 2 32 26,0,31,,62172,8,,,0,72,,62173,8,,,0,30,,62174,8,,,0,70,,62175,8,,,0,30,,62176,8,,,0,70,,62177,8,,,0,30,,62178,8,,,0,70,,62179,8,,,0,31,,62180,8,,,0,70,,62181,8,,,0,30,,62182,8,,,0,70,,62183,8,,,0,31,,62184,8,,,0,70,,62185,8,,,0,30,,62186,8,,,0,70,,62187,8,,,0,29,,62188,8,,,0,70,,62189,8,,,0,29,,62197,6,0,19 2 32 26,0,70,,62193,6,0,19 2 32 26,0,30,,62198,6,0,19 2 32 26,0,68,,62190,6,0,19 2 32 26,0,30,,62199,6,0,19 2 32 26,0,69,,62194,6,0,19 2 32 26,0,30,,62200,6,0,19 2 32 26,0,70,,62201,6,0,19 2 32 26,0
22019,'1969',650,,67650,6,0,19 2 32 26,0,100,,71977,6,0,19 2 32 26,0,100,,71974,8,,,0,93,,71975,8,,,0,100,,71969,8,,,0,100,,71973,8,,,0,100,,71970,8,,,0,100,,71971,8,,,0,100,,71968,8,,,0,100,,71972,8,,,0,100,,67644,8,,,0,100,,62242,6,0,19 2 32 26,0,100,,62243,6,0,19 2 32 26,0,100,,62244,6,0,19 2 32 26,0,108,,71976,6,0,19 2 32 26,0
22019,'1970',753,,74520,8,,,0,70,,74521,8,,,0,32,,74522,8,,,0,169,,74523,8,,,0,400,,74524,8,,,0,32,,74525,8,,,0,69,,74526,8,,,0,29,,74535,8,,,0,70,,74527,8,,,0,29,,74528,8,,,0,68,,74529,8,,,0,29,,74530,8,,,0,69,,74531,8,,,0,30,,74532,8,,,0,70,,74533,8,,,0,99,,74534,8,,,0
