1019,'1909',803,,59087,31,,,0,101,,59076,31,,,0,132,,59067,31,,,0,100,,59072,31,,,0,170,,59075,31,,,0,100,,59099,31,,,0,130,,59096,31,,,0,70,,59089,31,,,0,197,,59084,31,,,0,30,,59083,31,,,0,95,,59100,31,,,0,128,,59093,31,,,0,170,,59090,31,,,0,30,,59088,31,,,0
1019,'1912',625,,59139,31,,,0,100,,59140,31,,,0,101,,59141,31,,,0,100,,59142,31,,,0,100,,59143,31,,,0,101,,59144,31,,,0,100,,59145,31,,,0,100,,59146,31,,,0,100,,59147,31,,,0,100,,59148,31,,,0,100,,59149,31,,,0,100,,59150,31,,,0,100,,59151,31,,,0,99,,59152,31,,,0,100,,59153,31,,,0,100,,59154,31,,,0,102,,59155,31,,,0,95,,59156,31,,,0
1019,'1924',625,,59157,31,,,0,100,,59158,31,,,0,101,,59159,31,,,0,100,,59160,31,,,0,100,,59161,31,,,0,101,,59162,31,,,0,100,,59163,31,,,0,100,,59164,31,,,0,100,,59165,31,,,0,100,,59166,31,,,0,100,,59167,31,,,0,100,,59168,31,,,0,100,,59169,31,,,0,99,,59170,31,,,0,100,,59171,31,,,0,100,,59172,31,,,0,102,,59173,31,,,0,95,,59174,31,,,0
1019,'1925',625,,59175,31,,,0,100,,59176,31,,,0,101,,59177,31,,,0,100,,59178,31,,,0,100,,59179,31,,,0,101,,59180,31,,,0,100,,59181,31,,,0,100,,59182,31,,,0,100,,59183,31,,,0,100,,59184,31,,,0,100,,59185,31,,,0,100,,59186,31,,,0,100,,59187,31,,,0,99,,59188,31,,,0,100,,59189,31,,,0,100,,59190,31,,,0,102,,59191,31,,,0,95,,59192,31,,,0
1019,'1949',733,,65941,31,,,0,100,,65942,31,,,0,173,,65943,31,,,0,100,,65945,31,,,0,130,,65946,31,,,0,100,,65940,31,,,0,170,,65944,31,,,0
1019,'1955',556,,65933,31,,,0,70,,65923,31,,,0,30,,65909,31,,,0,70,,65927,31,,,0,30,,65918,31,,,0,70,,65903,31,,,0,30,,65924,31,,,0,70,,65925,31,,,0,30,,65908,31,,,0,71,,65928,31,,,0,30,,65917,31,,,0,70,,65902,31,,,0,30,,65912,31,,,0,70,,65922,31,,,0,30,,65907,31,,,0,70,,65929,31,,,0,30,,65916,31,,,0,70,,65901,31,,,0,30,,65911,31,,,0,70,,65921,31,,,0,30,,65906,31,,,0,70,,65930,31,,,0,30,,65915,31,,,0,70,,65900,31,,,0,30,,65910,31,,,0,70,,65920,31,,,0,30,,65904,31,,,0,69,,65931,31,,,0,30,,65913,31,,,0,70,,59103,31,,,0,30,,65905,31,,,0,70,,65919,31,,,0,74,,65914,31,,,0,30,,65932,31,,,0,70,,65926,31,,,0,25,,59129,31,,,0
1019,'1957',555,,70230,31,,,0,75,,70228,31,,,0,70,,70217,31,,,0,236,,70229,31,,,0,270,,70218,31,,,0,230,,70216,31,,,0,200,,70221,31,,,0,70,,70219,31,,,0,29,,70222,31,,,0,168,,70220,31,,,0,55,,70226,31,,,0,68,,70227,31,,,0,100,,70225,31,,,0,30,,70224,31,,,0,170,,70223,31,,,0
1019,'1958',556,,70266,31,,,0,70,,70255,31,,,0,30,,70241,31,,,0,70,,70260,31,,,0,30,,70250,31,,,0,70,,70235,31,,,0,30,,70256,31,,,0,70,,70258,31,,,0,30,,70240,31,,,0,71,,70261,31,,,0,30,,70249,31,,,0,70,,70234,31,,,0,30,,70244,31,,,0,70,,70254,31,,,0,30,,70239,31,,,0,70,,70262,31,,,0,30,,70248,31,,,0,70,,70233,31,,,0,30,,70243,31,,,0,70,,70253,31,,,0,30,,70238,31,,,0,70,,70263,31,,,0,30,,70247,31,,,0,70,,70232,31,,,0,30,,70242,31,,,0,70,,70252,31,,,0,30,,70236,31,,,0,69,,70264,31,,,0,30,,70245,31,,,0,70,,70231,31,,,0,30,,70237,31,,,0,70,,70251,31,,,0,74,,70246,31,,,0,30,,70265,31,,,0,70,,70259,31,,,0,25,,70257,31,,,0
22029,'1909',1519,,62280,10,,,0,102,,62282,10,,,0,127,,62285,10,,,0,70,,62286,10,,,0,98,,62288,10,,,0,124,,62291,10,,,0,272,,62295,10,0,19 2 33 21,0,36,,62294,10,0,19 2 33 21,0
22029,'1910',614,,62327,10,0,19 2 33 21,0,30,,62326,10,0,19 2 33 21,0,65,,62319,10,0,19 2 33 21,0,30,,62314,10,0,19 2 33 21,0,70,,62320,10,0,19 2 33 21,0,30,,62296,10,,,0,70,,62297,10,,,0,30,,62298,10,,,0,71,,62299,10,,,0,30,,62300,10,,,0,70,,62301,10,,,0,30,,62302,10,,,0,70,,62303,10,,,0,31,,62304,10,,,0,70,,62305,10,,,0,31,,62306,10,,,0,69,,62307,10,,,0,31,,62308,10,,,0,70,,62309,10,,,0,30,,62310,10,,,0,70,,62311,10,,,0,29,,62312,10,,,0,69,,62313,10,,,0,31,,62315,10,0,19 2 33 21,0,69,,62321,10,0,19 2 33 21,0,30,,62316,10,0,19 2 33 21,0,70,,62322,10,0,19 2 33 21,0,30,,62317,10,0,19 2 33 21,0,70,,62323,10,0,19 2 33 21,0,30,,62318,10,0,19 2 33 21,0,67,,62324,10,0,19 2 33 21,0,33,,62325,10,0,19 2 33 21,0
22029,'1912',711,,67683,10,0,19 2 33 21,0,99,,72010,10,,,0,100,,72011,10,,,0,100,,72012,10,,,0,100,,72013,10,,,0,100,,72014,10,,,0,100,,72015,10,,,0,100,,72016,10,,,0,100,,72017,10,,,0,100,,72018,10,,,0,100,,67681,10,,,0,100,,62341,10,0,19 2 33 21,0,100,,62338,10,0,19 2 33 21,0,100,,62339,10,0,19 2 33 21,0,100,,72019,10,0,19 2 33 21,0
22029,'1924',711,,67695,10,0,19 2 33 21,0,999,,67693,10,,,0,100,,62356,10,0,19 2 33 21,0,100,,62353,10,0,19 2 33 21,0,100,,62354,10,0,19 2 33 21,0
22029,'1925',711,,67707,10,0,19 2 33 21,0,99,,72020,10,,,0,100,,72021,10,,,0,100,,72022,10,,,0,100,,72023,10,,,0,100,,72024,10,,,0,100,,72025,10,,,0,100,,72026,10,,,0,100,,72027,10,,,0,100,,72028,10,,,0,100,,67705,10,,,0,100,,62371,10,0,19 2 33 21,0,100,,62368,10,0,19 2 33 21,0,100,,62369,10,0,19 2 33 21,0,100,,72029,10,0,19 2 33 21,0
22029,'1949',1551,,67725,10,,,0,100,,67726,10,,,0,67,,67727,10,,,0
22029,'1956',810,,67684,10,,,0,100,,67685,10,,,0,100,,67686,10,,,0,100,,67687,10,,,0,100,,67688,10,,,0,100,,67689,10,,,0,100,,67690,10,,,0,100,,67691,10,,,0,100,,67692,10,,,0,500,,67694,10,0,19 2 33 21,0
22029,'1957',646,,72031,10,0,19 2 33 21,0,72,,72032,10,0,19 2 33 21,0,30,,72033,10,0,19 2 33 21,0,73,,72034,10,0,19 2 33 21,0,30,,72035,10,0,19 2 33 21,0,70,,72036,10,,,0,27,,72037,10,,,0,70,,72042,10,,,0,30,,72038,10,,,0,70,,72043,10,,,0,30,,72039,10,,,0,70,,72030,10,,,0,30,,72040,10,,,0,70,,72041,10,,,0,31,,72044,10,,,0,70,,72045,10,,,0,30,,72046,10,,,0,397,,72047,10,,,0,100,,72048,10,,,0,64,,72049,10,,,0,100,,72050,10,,,0,30,,72051,10,0,19 2 33 21,0
22029,'1959',810,,72052,10,,,0,100,,72053,10,,,0,100,,72054,10,,,0,100,,72055,10,,,0,100,,72056,10,,,0,100,,72057,10,,,0,100,,72058,10,,,0,100,,72059,10,,,0,100,,72060,10,,,0,500,,72061,10,0,19 2 33 21,0
