2029,'1912',616,,74007,12,0,39 40,0,30,,74015,12,0,39 40,0,68,,74026,12,0,39 40,0,28,,74021,12,0,39 40,0,70,,74008,12,0,39 40,0,30,,74016,12,0,39 40,0,70,,74027,12,0,39 40,0,30,,74022,12,0,39 40,0,70,,74009,12,0,39 40,0,30,,74017,12,0,39 40,0,70,,74028,12,0,39 40,0,30,,74023,12,0,39 40,0,70,,74010,12,0,39 40,0,30,,74018,12,0,39 40,0,70,,74029,12,0,39 40,0,30,,74024,12,0,39 40,0,70,,74011,12,0,39 40,0,30,,74019,12,0,39 40,0,70,,74030,12,0,39 40,0,30,,74025,12,0,39 40,0,70,,74012,12,0,39 40,0,30,,74020,12,0,39 40,0,70,,74031,12,0,39 40,0,28,,74035,12,0,5 2 13 14,0,72,,74013,12,0,39 40,0,28,,74034,12,0,5 2 13 14,0,71,,74032,12,0,39 40,0,100,,74014,12,0,39 40,0,101,,74033,12,0,39 40,0,100,,74006,12,0,39 40,0,93,,74036,12,0,5 2 13 14,0,101,,74037,12,0,5 2 13 14,0
2029,'1966',546,,70594,11,0,39 40,0,70,,70577,11,0,39 40,0,30,,70584,11,0,39 40,0,66,,70563,11,0,39 40,0,30,,70569,11,0,39 40,0,70,,70578,11,0,39 40,0,30,,70585,11,0,39 40,0,70,,70564,11,0,39 40,0,30,,70570,11,0,39 40,0,70,,70579,11,0,39 40,0,30,,70586,11,0,39 40,0,70,,70565,11,0,39 40,0,30,,70571,11,0,39 40,0,70,,70580,11,0,39 40,0,30,,70587,11,0,39 40,0,70,,70566,11,0,39 40,0,30,,70572,11,0,39 40,0,70,,70581,11,0,39 40,0,30,,70588,11,0,39 40,0,70,,70567,11,0,39 40,0,30,,70573,11,0,39 40,0,70,,70582,11,0,39 40,0,30,,70589,11,0,39 40,0,70,,70568,11,0,39 40,0,30,,70574,11,0,39 40,0,70,,70583,11,0,39 40,0,30,,70590,11,0,39 40,0,69,,70575,11,0,39 40,0,29,,70596,15,0,5 2 13 14,0,71,,70591,11,0,39 40,0,100,,70576,11,0,39 40,0,100,,70592,11,0,39 40,0,96,,70593,15,0,5 2 13 14,0,98,,70595,11,0,5 2 13 14,0
2029,'1968',616,,70497,11,0,39 40,0,30,,70505,11,0,39 40,0,68,,70516,11,0,39 40,0,28,,70511,11,0,39 40,0,70,,70498,11,0,39 40,0,30,,70506,11,0,39 40,0,70,,70517,11,0,39 40,0,30,,70512,11,0,39 40,0,70,,70499,11,0,39 40,0,30,,70507,11,0,39 40,0,70,,70518,11,0,39 40,0,30,,70513,11,0,39 40,0,70,,70500,11,0,39 40,0,30,,70508,11,0,39 40,0,70,,70519,11,0,39 40,0,30,,70514,11,0,39 40,0,70,,70501,11,0,39 40,0,30,,70509,11,0,39 40,0,70,,70520,11,0,39 40,0,30,,70515,11,0,39 40,0,70,,70502,11,0,39 40,0,30,,70510,11,0,39 40,0,70,,70521,11,0,39 40,0,28,,70525,15,0,5 2 13 14,0,72,,70503,11,0,39 40,0,28,,70524,15,0,5 2 13 14,0,71,,70522,11,0,39 40,0,100,,70504,11,0,39 40,0,101,,70523,11,0,39 40,0,100,,70496,11,0,39 40,0,93,,70526,15,0,5 2 13 14,0,101,,70527,11,0,5 2 13 14,0
2029,'1970',543,,74038,12,0,39 40,0,70,,74039,12,0,39 40,0,26,,74040,12,0,39 40,0,70,,74041,12,0,39 40,0,30,,74042,12,0,39 40,0,70,,74043,12,0,39 40,0,30,,74044,12,0,39 40,0,72,,74045,12,0,39 40,0,31,,74046,12,0,39 40,0,71,,74069,12,0,39 40,0,30,,74065,12,0,39 40,0,70,,74071,12,0,39 40,0,30,,74067,12,0,39 40,0,70,,74068,12,0,39 40,0,30,,74064,12,0,39 40,0,70,,74070,12,0,39 40,0,30,,74066,12,0,39 40,0,70,,74072,12,0,39 40,0,31,,74047,12,0,39 40,0,74,,74048,12,0,39 40,0,30,,74049,12,0,39 40,0,70,,74050,12,0,39 40,0,30,,74051,12,0,39 40,0,70,,74052,12,0,39 40,0,27,,74053,12,0,39 40,0,67,,74054,12,0,39 40,0,30,,74058,12,0,39 40,0,70,,74059,12,0,39 40,0,29,,74062,12,0,5 2 13 14,0,71,,74060,12,0,39 40,0,97,,74061,12,0,39 40,0,100,,74057,12,0,39 40,0,99,,74056,12,0,5 2 13 14,0,98,,74063,12,0,5 2 13 14,0
2029,'1971',546,,74104,12,0,5 2 15 16 17,0,70,,74087,12,0,39 40,0,30,,74094,12,0,39 40,0,66,,74073,12,0,39 40,0,30,,74079,12,0,39 40,0,70,,74088,12,0,39 40,0,30,,74095,12,0,39 40,0,70,,74074,12,0,39 40,0,30,,74080,12,0,39 40,0,70,,74089,12,0,39 40,0,30,,74096,12,0,39 40,0,70,,74075,12,0,39 40,0,30,,74081,12,0,39 40,0,70,,74090,12,0,39 40,0,30,,74097,12,0,39 40,0,70,,74076,12,0,39 40,0,30,,74082,12,0,39 40,0,70,,74091,12,0,39 40,0,30,,74098,12,0,39 40,0,70,,74077,12,0,39 40,0,30,,74083,12,0,39 40,0,70,,74092,12,0,39 40,0,30,,74099,12,0,39 40,0,70,,74078,12,0,39 40,0,30,,74084,12,0,39 40,0,70,,74093,12,0,39 40,0,30,,74100,12,0,39 40,0,69,,74085,12,0,39 40,0,29,,74106,12,0,5 2 13 14,0,71,,74101,12,0,39 40,0,100,,74086,12,0,39 40,0,100,,74102,12,0,39 40,0,96,,74103,12,0,5 2 13 14,0,98,,74105,12,0,5 2 13 14,0
2029,'1972',616,,74108,12,0,39 40,0,30,,74116,12,0,39 40,0,68,,74127,12,0,39 40,0,28,,74122,12,0,39 40,0,70,,74109,12,0,39 40,0,30,,74117,12,0,39 40,0,70,,74128,12,0,39 40,0,30,,74123,12,0,39 40,0,70,,74110,12,0,39 40,0,30,,74118,12,0,39 40,0,70,,74129,12,0,39 40,0,30,,74124,12,0,39 40,0,70,,74111,12,0,39 40,0,30,,74119,12,0,39 40,0,70,,74130,12,0,39 40,0,30,,74125,12,0,39 40,0,70,,74112,12,0,39 40,0,30,,74120,12,0,39 40,0,70,,74131,12,0,39 40,0,30,,74126,12,0,39 40,0,70,,74113,12,0,39 40,0,30,,74121,12,0,39 40,0,70,,74132,12,0,39 40,0,28,,74136,12,0,5 2 13 14,0,72,,74114,12,0,39 40,0,28,,74135,12,0,5 2 13 14,0,71,,74133,12,0,39 40,0,100,,74115,12,0,39 40,0,101,,74134,12,0,39 40,0,100,,74107,12,0,39 40,0,93,,74137,12,0,5 2 13 14,0,101,,74138,12,0,5 2 13 14,0
2029,'1973',616,,74140,12,0,39 40,0,30,,74148,12,0,39 40,0,68,,74159,12,0,39 40,0,28,,74154,12,0,39 40,0,70,,74141,12,0,39 40,0,30,,74149,12,0,39 40,0,70,,74160,12,0,39 40,0,30,,74155,12,0,39 40,0,70,,74142,12,0,39 40,0,30,,74150,12,0,39 40,0,70,,74161,12,0,39 40,0,30,,74156,12,0,39 40,0,70,,74143,12,0,39 40,0,30,,74151,12,0,39 40,0,70,,74162,12,0,39 40,0,30,,74157,12,0,39 40,0,70,,74144,12,0,39 40,0,30,,74152,12,0,39 40,0,70,,74163,12,0,39 40,0,30,,74158,12,0,39 40,0,70,,74145,12,0,39 40,0,30,,74153,12,0,39 40,0,70,,74164,12,0,39 40,0,28,,74168,12,0,5 2 13 14,0,72,,74146,12,0,39 40,0,28,,74167,12,0,5 2 13 14,0,71,,74165,12,0,39 40,0,100,,74147,12,0,39 40,0,101,,74166,12,0,39 40,0,100,,74139,12,0,39 40,0,93,,74169,12,0,5 2 13 14,0,101,,74170,12,0,5 2 13 14,0
14000001019,'1912',2434,,65844,46,,,0,70,,70196,46,,,0,30,,75054,46,,,0,70,,65845,46,,,0,30,,70197,46,,,0
14000001019,'1959',2434,,65849,46,,,0,70,,70198,46,,,0,100,,65850,46,,,0,30,,70199,46,,,0
14000001019,'1965',2434,,65835,46,,,0,70,,73580,46,,,0,100,,65834,46,,,0,30,,73582,46,,,0
14000001019,'1966',2534,,73584,46,,,0
14000001019,'1967',2434,,65840,46,,,0,70,,73583,46,,,0,100,,65838,46,,,0,30,,73585,46,,,0
14000001019,'1968',2534,,73579,46,,,0
14000001019,'1969',2434,,65854,46,,,0,70,,70200,46,,,0,100,,65855,46,,,0,30,,70201,46,,,0
14000001019,'1970',2534,,75055,46,,,0
14000001019,'1971',2534,,75056,46,,,0
14000001019,'1972',2534,,75057,46,,,0
14000001019,'1973',2534,,75058,46,,,0
