802019,'1909',748,,65662,8,,,0,963,,65647,8,,,0
802019,'1910',939,,70034,8,,,0,201,,70011,8,,,0,100,,70025,8,,,0,200,,70021,8,,,0,100,,70015,8,,,0,100,,70012,8,,,0,100,,70016,8,,,0,100,,70014,8,,,0,69,,70026,8,,,0,130,,65687,8,,,0
802019,'1912',839,,70057,8,,,0,70,,70055,8,,,0,30,,73518,8,,,0,70,,70060,8,,,0,30,,70046,8,,,0,70,,70052,8,,,0,30,,70051,8,,,0,71,,70036,8,,,0,30,,70050,8,,,0,70,,70044,8,,,0,30,,70045,8,,,0,70,,70062,8,,,0,30,,70058,8,,,0,70,,70048,8,,,0,30,,70043,8,,,0,70,,70059,8,,,0,30,,70049,8,,,0,70,,70037,8,,,0,30,,70038,8,,,0,70,,70053,8,,,0,30,,70047,8,,,0,69,,70042,8,,,0,30,,70040,8,,,0,70,,70054,8,,,0,30,,70041,8,,,0,70,,70039,8,,,0,30,,70061,8,,,0
802019,'1924',839,,70084,8,,,0,70,,70082,8,,,0,100,,70087,8,,,0,30,,70073,8,,,0,70,,70079,8,,,0,30,,70078,8,,,0,71,,70063,8,,,0,30,,70077,8,,,0,70,,70071,8,,,0,30,,70072,8,,,0,70,,70089,8,,,0,30,,70085,8,,,0,70,,70075,8,,,0,30,,70070,8,,,0,70,,70086,8,,,0,30,,70076,8,,,0,70,,70064,8,,,0,30,,70065,8,,,0,70,,70080,8,,,0,30,,70074,8,,,0,69,,70069,8,,,0,30,,70067,8,,,0,70,,70081,8,,,0,30,,70068,8,,,0,70,,70066,8,,,0,30,,70088,8,,,0
802019,'1925',839,,70111,8,,,0,70,,70109,8,,,0,30,,73519,8,,,0,70,,70114,8,,,0,30,,70100,8,,,0,70,,70106,8,,,0,30,,70105,8,,,0,71,,70090,8,,,0,30,,70104,8,,,0,70,,70098,8,,,0,30,,70099,8,,,0,70,,70116,8,,,0,30,,70112,8,,,0,70,,70102,8,,,0,30,,70097,8,,,0,70,,70113,8,,,0,30,,70103,8,,,0,70,,70091,8,,,0,30,,70092,8,,,0,70,,70107,8,,,0,30,,70101,8,,,0,69,,70096,8,,,0,30,,70094,8,,,0,70,,70108,8,,,0,30,,70095,8,,,0,70,,70093,8,,,0,30,,70115,8,,,0
802019,'1949',613,,70165,8,,,0,394,,70138,8,,,0,100,,70140,8,,,0,230,,70145,8,,,0,104,,70147,8,,,0,90,,70149,8,,,0,80,,70163,8,,,0,20,,70151,8,,,0,20,,70152,8,,,0,258,,70155,8,,,0,99,,70157,8,,,0,25,,70158,8,,,0
802019,'1955',839,,70032,8,,,0,70,,70031,8,,,0,101,,70035,8,,,0,30,,70020,8,,,0,70,,70024,8,,,0,100,,70022,8,,,0,100,,70023,8,,,0,30,,70010,8,,,0,70,,70027,8,,,0,100,,70019,8,,,0,100,,70017,8,,,0,100,,70018,8,,,0,100,,70013,8,,,0,129,,70030,8,,,0,70,,70033,8,,,0,100,,70028,8,,,0,30,,70029,8,,,0
802019,'1956',939,,70083,8,,,0
802019,'1957',658,,73539,8,,,0,70,,73538,8,,,0,80,,73520,8,,,0,30,,73537,8,,,0,71,,73521,8,,,0,28,,73522,8,,,0,100,,73523,8,,,0,100,,73524,8,,,0,70,,73525,8,,,0,30,,73526,8,,,0,70,,73527,8,,,0,100,,73528,8,,,0,104,,73529,8,,,0,40,,73530,8,,,0,179,,73531,8,,,0,19,,73540,8,,,0,60,,73532,8,,,0,20,,73541,8,,,0,20,,73533,8,,,0,90,,73534,8,,,0,164,,73535,8,,,0,30,,73536,8,,,0
802019,'1958',839,,73556,8,,,0,70,,73555,8,,,0,101,,73558,8,,,0,30,,73547,8,,,0,70,,73550,8,,,0,100,,73548,8,,,0,100,,73549,8,,,0,30,,73542,8,,,0,70,,73551,8,,,0,100,,73546,8,,,0,100,,73544,8,,,0,100,,73545,8,,,0,100,,73543,8,,,0,129,,73554,8,,,0,70,,73557,8,,,0,100,,73552,8,,,0,30,,73553,8,,,0
802019,'1959',939,,73559,8,,,0
