13019,'1912',819,,71572,26,,,0,100,,61342,26,,,0,100,,71562,26,,,0,102,,71563,26,,,0,101,,71564,26,,,0,101,,67142,26,,,0,100,,67143,26,,,0,100,,71565,26,,,0,100,,71566,26,,,0,97,,71567,26,,,0,99,,71568,26,,,0,100,,71569,26,,,0,100,,71570,26,,,0,100,,71571,26,,,0,100,,61341,26,,,0
13019,'1959',819,,71629,26,,,0,100,,61357,26,,,0,100,,71619,26,,,0,102,,71620,26,,,0,101,,71621,26,,,0,101,,67155,26,,,0,100,,67156,26,,,0,100,,71622,26,,,0,100,,71623,26,,,0,97,,71624,26,,,0,99,,71625,26,,,0,100,,71626,26,,,0,100,,71627,26,,,0,100,,71628,26,,,0,100,,61356,26,,,0
13019,'1965',800,,71587,26,,,0,257,,71590,26,,,0,200,,71592,26,,,0,170,,71594,26,,,0,73,,71595,26,,,0,30,,71596,26,,,0,170,,71600,26,,,0,30,,67203,26,,,0,27,,71601,26,,,0,299,,71599,26,,,0,98,,61318,26,,,0,71,,67204,5,,,0,29,,71598,26,,,0
13019,'1966',2119,,71617,26,,,0,200,,71618,26,,,0
13019,'1967',719,,71604,26,,,0,100,,71605,26,,,0,100,,71606,26,,,0,100,,71607,26,,,0,104,,71608,26,,,0,100,,71609,26,,,0,100,,67129,26,,,0,100,,71610,26,,,0,100,,71611,26,,,0,100,,71612,26,,,0,99,,71613,26,,,0,99,,71614,26,,,0,99,,71615,26,,,0,99,,71616,26,,,0
13019,'1969',819,,71583,26,,,0,100,,61372,26,,,0,100,,71573,26,,,0,102,,71574,26,,,0,101,,71575,26,,,0,101,,67168,26,,,0,100,,67169,26,,,0,100,,71576,26,,,0,100,,71577,26,,,0,97,,71578,26,,,0,99,,71579,26,,,0,100,,71580,26,,,0,100,,71581,26,,,0,100,,71582,26,,,0,100,,61371,26,,,0
13019,'1970',631,,74419,26,,,0,70,,74420,26,,,0,29,,74421,26,,,0,126,,74422,26,,,0,101,,74423,26,,,0,200,,74424,26,,,0,200,,74425,26,,,0,243,,74429,26,,,0,30,,74426,26,,,0,227,,74428,26,,,0,100,,74427,26,,,0
13019,'1971',2119,,74430,26,,,0,200,,74431,26,,,0
15029,'1912',755,,61664,76,,,0,95,,61670,76,,,0,100,,61663,76,,,0,100,,61662,76,,,0,103,,61669,76,,,0,100,,61667,76,,,0,100,,61666,76,,,0,102,,61661,76,,,0,100,,61659,76,,,0,98,,61660,76,,,0,99,,61665,76,,,0,99,,61671,76,,,0,100,,61668,76,,,0,100,,61672,76,,,0
15029,'1959',755,,61678,76,,,0,95,,61684,76,,,0,100,,61677,76,,,0,100,,61676,76,,,0,103,,61683,76,,,0,100,,61681,76,,,0,100,,61680,76,,,0,102,,61675,76,,,0,100,,61673,76,,,0,98,,61674,76,,,0,99,,61679,76,,,0,99,,61685,76,,,0,100,,61682,76,,,0,100,,61686,76,,,0
15029,'1965',646,,67365,36,,,0,109,,71711,76,,,0,70,,61615,76,,,0,102,,67366,76,,,0,28,,71713,76,,,0,68,,71714,76,,,0,30,,71715,76,,,0,200,,71719,76,,,0,170,,71722,76,,,0,33,,71723,76,,,0,74,,71724,76,,,0,73,,71725,76,,,0,33,,71726,76,,,0,68,,61632,76,,,0,26,,71727,76,,,0,94,,71729,76,,,0,27,,71730,76,,,0,69,,71731,76,,,0,30,,61638,76,,,0,70,,71732,76,,,0,30,,71736,76,,,0,69,,71733,76,,,0,97,,71734,76,,,0,100,,71735,76,,,0
15029,'1966',758,,61646,76,,,0,295,,61649,76,,,0,301,,61652,76,,,0,303,,61655,76,,,0
15029,'1967',620,,67345,36,,,0,231,,71738,76,,,0,100,,71739,76,,,0,203,,71740,76,,,0,100,,71741,76,,,0,205,,71742,76,,,0,100,,61654,76,,,0,198,,61656,76,,,0,100,,67344,76,,,0,95,,61644,76,,,0,100,,71737,76,,,0
15029,'1969',755,,61692,76,,,0,95,,61698,76,,,0,100,,61691,76,,,0,100,,61690,76,,,0,103,,61697,76,,,0,100,,61695,76,,,0,100,,61694,76,,,0,102,,61689,76,,,0,100,,61687,76,,,0,98,,61688,76,,,0,99,,61693,76,,,0,99,,61699,76,,,0,100,,61696,76,,,0,100,,61700,76,,,0
15029,'1970',626,,74452,36,,,0,92,,74453,76,,,0,138,,74454,76,,,0,267,,74455,76,,,0,30,,74456,76,,,0,70,,74457,76,,,0,100,,74458,76,,,0,30,,74459,76,,,0,403,,74460,76,,,0
15029,'1971',758,,74461,76,,,0,295,,74462,76,,,0,301,,74463,76,,,0,303,,74464,76,,,0
19019,'1912',624,,71862,19,,,0,112,,62043,19,,,0,100,,71855,19,,,0,70,,62047,19,,,0,30,,71858,19,,,0,70,,71852,19,,,0,31,,71851,19,,,0,71,,67524,19,,,0,31,,71867,19,,,0,70,,71865,19,,,0,30,,71863,19,,,0,70,,71859,19,,,0,30,,71872,19,,,0,70,,71857,19,,,0,31,,71856,19,,,0,70,,71854,19,,,0,30,,71853,19,,,0,70,,71850,19,,,0,30,,71868,19,,,0,68,,71866,19,,,0,29,,71864,19,,,0,70,,71861,19,,,0,30,,71860,19,,,0,70,,71870,19,,,0,30,,71869,19,,,0,70,,71871,19,,,0,45,,62063,19,,,0,100,,62061,19,,,0,100,,62062,19,,,0,85,,71873,19,,,0
19019,'1959',624,,71946,19,,,0,112,,62073,19,,,0,100,,71939,19,,,0,70,,62077,19,,,0,30,,71942,19,,,0,70,,71936,19,,,0,31,,71935,19,,,0,71,,67549,19,,,0,31,,71951,19,,,0,70,,71949,19,,,0,30,,71947,19,,,0,70,,71943,19,,,0,30,,71956,19,,,0,70,,71941,19,,,0,31,,71940,19,,,0,70,,71938,19,,,0,30,,71937,19,,,0,70,,71934,19,,,0,30,,71952,19,,,0,68,,71950,19,,,0,29,,71948,19,,,0,70,,71945,19,,,0,30,,71944,19,,,0,70,,71954,19,,,0,30,,71953,19,,,0,70,,71955,19,,,0,45,,62093,19,,,0,100,,62091,19,,,0,100,,62092,19,,,0,85,,71957,19,,,0
19019,'1965',1039,,71917,19,,,0,473,,71899,19,,,0,327,,61998,19,,,0,70,,71909,19,,,0,30,,71910,19,,,0,198,,71913,19,,,0,100,,71911,19,,,0,100,,71912,19,,,0
19019,'1966',737,,71921,19,,,0,70,,71928,19,,,0,100,,71922,19,,,0,30,,71919,19,,,0,70,,71930,19,,,0,930,,71924,19,,,0,110,,71932,19,,,0,270,,71923,19,,,0,20,,71933,19,,,0
19019,'1967',637,,71920,19,,,0,70,,71925,19,,,0,130,,71931,19,,,0,203,,67497,19,,,0,70,,67512,19,,,0,30,,67501,19,,,0,70,,67515,19,,,0,30,,67494,19,,,0,70,,71926,19,,,0,30,,67496,19,,,0,70,,67513,19,,,0,30,,67498,19,,,0,70,,67520,19,,,0,30,,67507,19,,,0,70,,67509,19,,,0,30,,67493,19,,,0,70,,71927,19,,,0,30,,67519,19,,,0,70,,67506,19,,,0,30,,67500,19,,,0,70,,71929,19,,,0,97,,67522,19,,,0,115,,67505,19,,,0,100,,62033,19,,,0
19019,'1969',624,,71886,19,,,0,112,,62103,19,,,0,100,,71879,19,,,0,70,,62107,19,,,0,30,,71882,19,,,0,70,,71876,19,,,0,31,,71875,19,,,0,71,,67574,19,,,0,31,,71891,19,,,0,70,,71889,19,,,0,30,,71887,19,,,0,70,,71883,19,,,0,30,,71896,19,,,0,70,,71881,19,,,0,31,,71880,19,,,0,70,,71878,19,,,0,30,,71877,19,,,0,70,,71874,19,,,0,30,,71892,19,,,0,68,,71890,19,,,0,29,,71888,19,,,0,70,,71885,19,,,0,30,,71884,19,,,0,70,,71894,19,,,0,30,,71893,19,,,0,70,,71895,19,,,0,45,,62123,19,,,0,100,,62121,19,,,0,100,,62122,19,,,0,85,,71897,19,,,0
19019,'1970',839,,74509,19,,,0,70,,74500,19,,,0,30,,74501,19,,,0,70,,74498,19,,,0,100,,74499,19,,,0,30,,74506,19,,,0,70,,74497,19,,,0,30,,74508,19,,,0,70,,74502,19,,,0,30,,74503,19,,,0,70,,74505,19,,,0,31,,74504,19,,,0,102,,74510,19,,,0,495,,74507,19,,,0
19019,'1971',737,,74512,19,,,0,70,,74516,19,,,0,100,,74513,19,,,0,30,,74511,19,,,0,70,,74517,19,,,0,930,,74515,19,,,0,110,,74518,19,,,0,270,,74514,19,,,0,20,,74519,19,,,0
10019019,'1965',613,,73560,12,,,0,95,,73566,12,,,0,32,,65781,12,,,0,873,,73564,12,,,0,30,,73562,12,,,0,70,,73561,12,,,0,28,,73565,12,,,0,69,,70175,12,,,0,209,,73563,12,,,0
10019019,'1970',638,,75050,12,,,0,172,,75051,12,,,0
