2029,'1838',628,,35220,29,,,0,30,,35228,29,,,0,68,,35239,29,,,0,30,,35234,29,,,0,70,,35221,29,,,0,30,,35229,29,,,0,69,,35240,29,,,0,30,,35235,29,,,0,70,,35222,29,,,0,30,,35230,29,,,0,70,,35241,29,,,0,30,,35236,29,,,0,70,,35223,29,,,0,30,,35231,29,,,0,70,,35242,29,,,0,30,,35237,29,,,0,70,,35224,29,,,0,30,,35232,29,,,0,70,,35243,29,,,0,30,,35238,29,,,0,70,,35225,29,,,0,30,,35233,29,,,0,70,,35244,29,,,0,100,,35226,29,,,0,99,,35245,29,,,0,100,,35227,29,,,0,100,,35246,29,,,0,100,,35219,29,,,0
2029,'1867',628,,35321,29,,,0,30,,35329,29,,,0,68,,35340,29,,,0,30,,35335,29,,,0,70,,35322,29,,,0,30,,35330,29,,,0,69,,35341,29,,,0,30,,35336,29,,,0,70,,35323,29,,,0,30,,35331,29,,,0,70,,35342,29,,,0,30,,35337,29,,,0,70,,35324,29,,,0,30,,35332,29,,,0,70,,35343,29,,,0,30,,35338,29,,,0,70,,35325,29,,,0,30,,35333,29,,,0,70,,35344,29,,,0,30,,35339,29,,,0,70,,35326,29,,,0,30,,35334,29,,,0,70,,35345,29,,,0,100,,35327,29,,,0,99,,35346,29,,,0,100,,35328,29,,,0,100,,35347,29,,,0,100,,35320,29,,,0
2029,'1892',531,,35277,14,,,0,27,,35251,29,,,0,70,,35252,29,,,0,30,,35253,29,,,0,68,,35254,29,,,0,30,,35255,29,,,0,70,,35256,29,,,0,30,,35257,29,,,0,69,,35258,29,,,0,30,,35259,29,,,0,70,,35260,29,,,0,30,,35261,29,,,0,70,,35262,29,,,0,30,,35263,29,,,0,70,,35264,29,,,0,30,,35265,29,,,0,70,,35266,29,,,0,30,,35267,29,,,0,70,,35268,29,,,0,30,,35269,29,,,0,69,,35270,29,,,0,30,,35271,29,,,0,70,,35272,29,,,0,32,,35273,29,,,0,69,,35274,29,,,0,29,,35275,29,,,0,70,,35276,29,,,0,30,,35280,29,,,0,70,,35281,29,,,0,100,,35282,29,,,0,100,,35283,29,,,0,100,,35279,29,,,0
2029,'1897',531,,48735,11,,,0,27,,48737,25,,,0,70,,48738,25,,,0,30,,48739,25,,,0,68,,48740,25,,,0,30,,48741,25,,,0,70,,48767,25,,,0,30,,48758,25,,,0,69,,48743,25,,,0,30,,48744,25,,,0,70,,48745,25,,,0,30,,48746,25,,,0,70,,48747,25,,,0,30,,48748,25,,,0,70,,48749,25,,,0,30,,48750,25,,,0,70,,48751,25,,,0,30,,48752,25,,,0,70,,48753,25,,,0,30,,48754,25,,,0,69,,48755,25,,,0,30,,48756,25,,,0,70,,48757,25,,,0,31,,48759,25,,,0,70,,48760,25,,,0,29,,48761,25,,,0,70,,48762,25,,,0,30,,48763,25,,,0,70,,48764,25,,,0,100,,48765,25,,,0,100,,48766,25,,,0,100,,48742,25,,,0
2029,'1898',558,,48799,25,0,5 2 15 16 17,0,70,,48782,25,,,0,30,,48789,25,,,0,68,,48768,25,,,0,30,,48774,25,,,0,70,,48783,25,,,0,30,,48790,25,,,0,69,,48769,25,,,0,30,,48775,25,,,0,70,,48784,25,,,0,30,,48791,25,,,0,70,,48770,25,,,0,30,,48776,25,,,0,70,,48785,25,,,0,30,,48792,25,,,0,70,,48771,25,,,0,30,,48777,25,,,0,70,,48786,25,,,0,30,,48793,25,,,0,70,,48772,25,,,0,30,,48778,25,,,0,70,,48787,25,,,0,30,,48794,25,,,0,70,,48773,25,,,0,30,,48779,25,,,0,70,,48788,25,,,0,30,,48795,25,,,0,69,,48780,25,,,0,100,,48796,25,,,0,100,,48781,25,,,0,100,,48797,25,,,0
4029,'1838',738,,35575,16,,,0,70,,44174,16,,,0,30,,35573,16,,,0,70,,44173,16,,,0,32,,44172,16,,,0,70,,35566,16,,,0,29,,44168,16,,,0,70,,44160,16,,,0,30,,44163,16,,,0,70,,35562,16,,,0,30,,44166,16,,,0,70,,35567,16,,,0,30,,44161,16,,,0,70,,35558,16,,,0,30,,44164,16,,,0,70,,35564,16,,,0,30,,44167,16,,,0,70,,35556,16,,,0,30,,44162,16,,,0,70,,35560,16,,,0,30,,44165,16,,,0,70,,44177,16,,,0,30,,44176,16,,,0,71,,44178,16,,,0,30,,42224,16,,,0,70,,44171,16,,,0,30,,44175,16,,,0,70,,44169,16,,,0,100,,44170,16,,,0
4029,'1867',738,,35692,16,,,0,70,,44241,16,,,0,30,,35690,16,,,0,70,,44240,16,,,0,32,,44239,16,,,0,70,,35683,16,,,0,29,,44235,16,,,0,70,,44227,16,,,0,30,,44230,16,,,0,70,,35679,16,,,0,30,,44233,16,,,0,70,,35684,16,,,0,30,,44228,16,,,0,70,,35675,16,,,0,30,,44231,16,,,0,70,,35681,16,,,0,30,,44234,16,,,0,70,,35673,16,,,0,30,,44229,16,,,0,70,,35677,16,,,0,30,,44232,16,,,0,70,,44244,16,,,0,30,,44243,16,,,0,71,,44245,16,,,0,30,,42234,16,,,0,70,,44238,16,,,0,30,,44242,16,,,0,70,,44236,16,,,0,100,,44237,16,,,0
4029,'1892',639,,44179,16,,,0,70,,44180,16,,,0,35,,35609,16,,,0,66,,35610,16,,,0,100,,35612,16,,,0,31,,44182,16,,,0,100,,44183,16,,,0,70,,42227,16,,,0,30,,44184,16,,,0,101,,44186,16,,,0,100,,42228,16,,,0,70,,44188,16,,,0,30,,44189,16,,,0,75,,44190,16,,,0,25,,44191,16,,,0,76,,42230,16,,,0,24,,44192,16,,,0,76,,44193,16,,,0,24,,44194,16,,,0,75,,44195,16,,,0,26,,44196,16,,,0,69,,44197,16,,,0,30,,35633,16,,,0,70,,35634,16,,,0,29,,35635,16,,,0,70,,35636,16,,,0,30,,44198,16,,,0,70,,35638,16,,,0
4029,'1896',846,,48871,16,,,0,165,,48872,16,,,0,201,,48873,16,,,0,100,,48874,16,,,0
4029,'1897',639,,48875,16,,,0,70,,48876,16,,,0,35,,48877,16,,,0,66,,48878,16,,,0,36,,48879,16,,,0,64,,48880,16,,,0,31,,48881,16,,,0,70,,48882,16,,,0,30,,48883,16,,,0,70,,48884,16,,,0,30,,48885,16,,,0,71,,48886,16,,,0,30,,48887,16,,,0,70,,48888,16,,,0,30,,48889,16,,,0,70,,48890,16,,,0,30,,48891,16,,,0,75,,48892,16,,,0,25,,48893,16,,,0,76,,48894,16,,,0,24,,48895,16,,,0,76,,48896,16,,,0,24,,48897,16,,,0,75,,48898,16,,,0,26,,48899,16,,,0,69,,48900,16,,,0,30,,48901,16,,,0,70,,48902,16,,,0,29,,48903,16,,,0,70,,48904,16,,,0,30,,48905,16,,,0,70,,48906,16,,,0
4029,'1898',640,,48931,16,,,0,68,,48932,16,,,0,30,,48933,16,,,0,70,,48934,16,,,0,30,,48935,16,,,0,72,,48936,16,,,0,30,,48937,16,,,0,70,,48924,16,,,0,31,,48918,16,,,0,69,,48911,16,,,0,31,,48922,16,,,0,69,,48928,16,,,0,30,,48923,16,,,0,70,,48910,16,,,0,30,,48915,16,,,0,70,,48926,16,,,0,30,,48909,16,,,0,70,,48925,16,,,0,30,,48920,16,,,0,70,,48912,16,,,0,29,,48907,16,,,0,70,,48927,16,,,0,30,,48930,16,,,0,70,,48921,16,,,0,30,,48916,16,,,0,69,,48938,16,,,0,35,,48913,16,,,0,70,,48908,16,,,0,27,,48914,16,,,0,70,,48919,16,,,0,30,,48929,16,,,0,70,,48917,16,,,0
501019,'1838',622,,45632,11,,,0,30,,45645,11,,,0,67,,45631,11,,,0,30,,45644,11,,,0,70,,45634,11,,,0,31,,45646,11,,,0,71,,38590,11,,,0,30,,45643,11,,,0,72,,45624,11,,,0,30,,45635,11,,,0,71,,45623,11,,,0,30,,45636,11,,,0,70,,45626,11,,,0,30,,45637,11,,,0,70,,45622,11,,,0,30,,45642,11,,,0,70,,45621,11,,,0,30,,45641,11,,,0,70,,45620,11,,,0,30,,45638,11,,,0,70,,45619,11,,,0,30,,45640,11,,,0,70,,45625,11,,,0,30,,45639,11,,,0,69,,45633,11,,,0,30,,45647,11,,,0,69,,45630,11,,,0,30,,38606,11,,,0,69,,45629,11,,,0,30,,45618,11,,,0,70,,43518,11,,,0,30,,45648,11,,,0,67,,45628,11,,,0,30,,45649,11,,,0,70,,45627,11,,,0
501019,'1867',622,,45736,11,,,0,30,,45749,11,,,0,67,,45735,11,,,0,30,,45748,11,,,0,70,,45738,11,,,0,31,,45750,11,,,0,71,,38742,11,,,0,30,,45747,11,,,0,72,,45728,11,,,0,30,,45739,11,,,0,71,,45727,11,,,0,30,,45740,11,,,0,70,,45730,11,,,0,30,,45741,11,,,0,70,,45726,11,,,0,30,,45746,11,,,0,70,,45725,11,,,0,30,,45745,11,,,0,70,,45724,11,,,0,30,,45742,11,,,0,70,,45723,11,,,0,30,,45744,11,,,0,70,,45729,11,,,0,30,,45743,11,,,0,69,,45737,11,,,0,30,,45751,11,,,0,69,,45734,11,,,0,30,,38758,11,,,0,69,,45733,11,,,0,30,,45722,11,,,0,70,,43534,11,,,0,30,,45752,11,,,0,67,,45732,11,,,0,30,,45753,11,,,0,70,,45731,11,,,0
501019,'1892',527,,45650,5,,,0,92,,45651,11,,,0,30,,45652,11,,,0,77,,45653,11,,,0,26,,45654,11,,,0,64,,45655,11,,,0,12,,45656,11,,,0,24,,45657,11,,,0,62,,45658,11,,,0,11,,45659,11,,,0,30,,45660,11,,,0,70,,45661,11,,,0,201,,43527,11,,,0,30,,45664,11,,,0,70,,45665,11,,,0,30,,45666,11,,,0,70,,43528,11,,,0,26,,43529,11,,,0,53,,45667,11,,,0,22,,45668,11,,,0,24,,45669,11,,,0,52,,45670,11,,,0,24,,45671,11,,,0,24,,45672,11,,,0,52,,45673,11,,,0,22,,43530,11,,,0,23,,45674,11,,,0,52,,45675,11,,,0,54,,45677,11,,,0,99,,45679,11,,,0,70,,45680,11,,,0,30,,45681,11,,,0,68,,45682,11,,,0,30,,45683,11,,,0,68,,45684,11,,,0,30,,45685,11,,,0,70,,45686,11,,,0
501019,'1896',1055,,50269,11,,,0,71,,50270,11,,,0,30,,50271,11,,,0,670,,50272,11,,,0,98,,50273,11,,,0
501019,'1897',527,,50274,5,,,0,92,,50275,11,,,0,30,,50276,11,,,0,77,,50277,11,,,0,26,,50278,11,,,0,64,,50279,11,,,0,12,,50280,11,,,0,24,,50281,11,,,0,62,,50282,11,,,0,11,,50283,11,,,0,30,,50284,11,,,0,70,,50285,11,,,0,30,,50286,11,,,0,71,,50287,11,,,0,30,,50288,11,,,0,70,,50289,11,,,0,30,,50290,11,,,0,70,,50291,11,,,0,30,,50292,11,,,0,70,,50293,11,,,0,26,,50294,11,,,0,53,,50295,11,,,0,22,,50296,11,,,0,24,,50297,11,,,0,52,,50298,11,,,0,24,,50299,11,,,0,24,,50300,11,,,0,52,,50301,11,,,0,22,,50302,11,,,0,23,,50303,11,,,0,52,,50304,11,,,0,26,,50305,11,,,0,28,,50306,11,,,0,70,,50307,11,,,0,29,,50308,11,,,0,70,,50309,11,,,0,30,,50310,11,,,0,68,,50311,11,,,0,30,,50312,11,,,0,68,,50313,11,,,0,30,,50314,11,,,0,70,,50315,11,,,0
501019,'1898',622,,50325,11,,,0,30,,50328,11,,,0,67,,50324,11,,,0,30,,50327,11,,,0,70,,50323,11,,,0,31,,50329,11,,,0,70,,50322,11,,,0,30,,50326,11,,,0,73,,50335,11,,,0,30,,50345,11,,,0,71,,50336,11,,,0,30,,50346,11,,,0,71,,50337,11,,,0,30,,50347,11,,,0,70,,50338,11,,,0,30,,50348,11,,,0,70,,50339,11,,,0,31,,50349,11,,,0,70,,50340,11,,,0,30,,50350,11,,,0,70,,50341,11,,,0,30,,50343,11,,,0,70,,50342,11,,,0,30,,50344,11,,,0,70,,50321,11,,,0,27,,50334,11,,,0,70,,50320,11,,,0,30,,50332,11,,,0,67,,50319,11,,,0,30,,50333,11,,,0,70,,50318,11,,,0,30,,50330,11,,,0,68,,50317,11,,,0,30,,50331,11,,,0,70,,50316,11,,,0
701019,'1838',614,,46693,8,,,0,28,,40006,8,,,0,69,,46715,8,,,0,30,,46690,8,,,0,70,,46717,8,,,0,30,,46694,8,,,0,70,,46689,8,,,0,30,,46719,8,,,0,71,,46698,8,,,0,30,,46686,8,,,0,70,,40001,8,,,0,30,,46696,8,,,0,71,,46685,8,,,0,30,,46716,8,,,0,70,,46700,8,,,0,30,,46683,8,,,0,70,,46720,8,,,0,30,,46699,8,,,0,70,,46681,8,,,0,30,,46718,8,,,0,70,,46695,8,,,0,30,,46679,8,,,0,69,,46721,8,,,0,30,,46705,8,,,0,70,,46676,8,,,0,30,,46731,8,,,0,69,,46708,8,,,0,30,,46674,8,,,0,70,,46727,8,,,0,30,,46711,8,,,0,70,,46671,8,,,0,30,,46724,8,,,0,69,,46709,8,,,0,30,,46673,8,,,0,70,,46726,8,,,0,25,,46738,8,,,0
701019,'1867',614,,46990,8,,,0,28,,40607,8,,,0,69,,47012,8,,,0,30,,46987,8,,,0,70,,47014,8,,,0,30,,46991,8,,,0,70,,46986,8,,,0,30,,47016,8,,,0,71,,46995,8,,,0,30,,46983,8,,,0,70,,40602,8,,,0,30,,46993,8,,,0,71,,46982,8,,,0,30,,47013,8,,,0,70,,46997,8,,,0,30,,46980,8,,,0,70,,47017,8,,,0,30,,46996,8,,,0,70,,46978,8,,,0,30,,47015,8,,,0,70,,46992,8,,,0,30,,46976,8,,,0,69,,47018,8,,,0,30,,47002,8,,,0,70,,46973,8,,,0,30,,47028,8,,,0,69,,47005,8,,,0,30,,46971,8,,,0,70,,47024,8,,,0,30,,47008,8,,,0,70,,46968,8,,,0,30,,47021,8,,,0,69,,47006,8,,,0,30,,46970,8,,,0,70,,47023,8,,,0,25,,47035,8,,,0
701019,'1892',554,,46825,8,,,0,88,,46835,8,,,0,16,,46827,8,,,0,66,,46834,8,,,0,19,,46828,8,,,0,65,,46829,8,,,0,13,,46830,8,,,0,20,,46831,8,,,0,71,,46799,8,,,0,30,,46840,8,,,0,70,,46800,8,,,0,30,,46801,8,,,0,70,,46802,8,,,0,30,,46803,8,,,0,70,,46804,8,,,0,30,,46805,8,,,0,70,,46806,8,,,0,30,,46807,8,,,0,69,,46808,8,,,0,28,,40390,8,,,0,18,,46838,8,0,5 2 11 2 12,0,66,,46809,8,,,0,19,,46833,8,,,0,59,,46837,8,0,5 2 11 2 12,0,41,,46811,8,,,0,61,,46839,8,0,5 2 11 2 12,0,20,,46832,8,,,0,20,,46824,8,,,0,64,,46823,8,,,0,35,,46812,8,,,0,70,,46813,8,,,0,29,,46814,8,,,0,70,,46815,8,,,0,30,,46816,8,,,0,70,,46817,8,,,0,30,,46818,8,,,0,69,,46819,8,,,0,30,,46820,8,,,0,70,,46821,8,,,0,25,,46836,8,,,0
701019,'1896',624,,50895,8,,,0,998,,50893,8,,,0,205,,50894,8,,,0
701019,'1897',554,,50988,8,,,0,70,,50989,8,,,0,18,,50999,8,,,0,16,,50990,8,,,0,66,,50998,8,,,0,19,,50991,8,,,0,65,,50992,8,,,0,13,,50993,8,,,0,20,,50994,8,,,0,71,,50961,8,,,0,30,,51005,8,,,0,70,,50962,8,,,0,30,,50963,8,,,0,70,,50964,8,,,0,30,,50965,8,,,0,70,,50966,8,,,0,30,,50967,8,,,0,70,,50968,8,,,0,30,,50969,8,,,0,69,,50970,8,,,0,28,,50971,8,,,0,18,,51003,8,0,5 2 11 2 12,0,66,,50972,8,,,0,19,,50996,8,,,0,59,,51002,8,0,5 2 11 2 12,0,21,,50973,8,,,0,20,,50974,8,,,0,61,,51004,8,0,5 2 11 2 12,0,20,,50995,8,,,0,20,,50987,8,,,0,64,,50986,8,,,0,20,,50985,8,,,0,15,,50975,8,,,0,70,,50976,8,,,0,29,,50977,8,,,0,70,,50978,8,,,0,30,,50979,8,,,0,70,,50980,8,,,0,30,,50981,8,,,0,69,,50982,8,,,0,30,,50983,8,,,0,70,,50984,8,,,0,25,,51001,8,,,0
701019,'1898',614,,51074,8,,,0,28,,51029,8,,,0,69,,51067,8,,,0,30,,51053,8,,,0,70,,51058,8,,,0,30,,51063,8,,,0,70,,51068,8,,,0,30,,51054,8,,,0,71,,51059,8,,,0,30,,51064,8,,,0,70,,51069,8,,,0,30,,51055,8,,,0,71,,51060,8,,,0,30,,51065,8,,,0,70,,51070,8,,,0,30,,51056,8,,,0,70,,51061,8,,,0,30,,51066,8,,,0,70,,51071,8,,,0,30,,51057,8,,,0,70,,51062,8,,,0,30,,51073,8,,,0,69,,51007,8,,,0,30,,51018,8,,,0,70,,51030,8,,,0,30,,51042,8,,,0,69,,51008,8,,,0,30,,51019,8,,,0,70,,51031,8,,,0,30,,51043,8,,,0,70,,51009,8,,,0,30,,51020,8,,,0,69,,51032,8,,,0,30,,51044,8,,,0,70,,51010,8,,,0,25,,51105,8,,,0
20002019,'1838',1010,,48436,14,,,0
20002019,'1867',1010,,48437,14,,,0
14000001029,'1838',538,,48495,14,0,18 7,0,1812,,48491,14,,,0,68,,42005,14,,,0,30,,48494,14,,,0,70,,48493,14,,,0,30,,42004,14,,,0,70,,48492,14,,,0
14000001029,'1867',538,,48509,14,0,18 7,0,1812,,48505,14,,,0,68,,42035,14,,,0,30,,48508,14,,,0,70,,48507,14,,,0,30,,42034,14,,,0,70,,48506,14,,,0
14000001029,'1892',436,,42016,14,0,18 7,0,102,,48496,14,0,18 7,0,1880,,42020,14,,,0,30,,48500,14,,,0,100,,42021,14,,,0,70,,48499,14,,,0
14000001029,'1896',2350,,51513,14,,,0,168,,51512,14,,,0
14000001029,'1897',436,,51514,11,0,18 7,0,102,,51515,11,0,18 7,0,1812,,51519,11,,,0,68,,51521,11,,,0,30,,51518,12,,,0,70,,51517,12,,,0,30,,51516,12,,,0,70,,51520,12,,,0
14000001029,'1898',538,,51526,11,0,18 7,0,1812,,51524,11,,,0,68,,51528,11,,,0,30,,51527,12,,,0,70,,51525,12,,,0,30,,51522,12,,,0,70,,51523,12,,,0
