1029,'1912',621,,73732,39,,,0,100,,73733,39,,,0,100,,73734,39,,,0,100,,73735,39,,,0,101,,73736,39,,,0,100,,73737,39,,,0,100,,73738,39,,,0,100,,73739,39,,,0,100,,73740,39,,,0,100,,73741,39,,,0,100,,73742,39,,,0,100,,73743,39,,,0,100,,73744,39,,,0,100,,73745,39,,,0,100,,73746,39,,,0,100,,73747,39,,,0,101,,73748,39,,,0,94,,73749,39,,,0
1029,'1959',621,,73820,39,,,0,100,,73821,39,,,0,100,,73822,39,,,0,100,,73823,39,,,0,101,,73824,39,,,0,100,,73825,39,,,0,100,,73826,39,,,0,100,,73827,39,,,0,100,,73828,39,,,0,100,,73829,39,,,0,100,,73830,39,,,0,100,,73831,39,,,0,100,,73832,39,,,0,100,,73833,39,,,0,100,,73834,39,,,0,100,,73835,39,,,0,101,,73836,39,,,0,94,,73837,39,,,0
1029,'1967',621,,73790,39,,,0,30,,73802,39,,,0,70,,73809,39,,,0,30,,73797,39,,,0,70,,73818,39,,,0,30,,73806,39,,,0,72,,73789,39,,,0,29,,73801,39,,,0,70,,73812,39,,,0,30,,73796,39,,,0,70,,73819,39,,,0,30,,73805,39,,,0,70,,73788,39,,,0,30,,73800,39,,,0,70,,73811,39,,,0,30,,73795,39,,,0,70,,73791,39,,,0,30,,73804,39,,,0,70,,73787,39,,,0,30,,73799,39,,,0,70,,73807,39,,,0,30,,73794,39,,,0,70,,73816,39,,,0,30,,73803,39,,,0,69,,73786,39,,,0,31,,73798,39,,,0,70,,73810,39,,,0,30,,73792,39,,,0,70,,73814,39,,,0,30,,73813,39,,,0,70,,73785,39,,,0,30,,73793,39,,,0,70,,73808,39,,,0,30,,73817,39,,,0,67,,73815,39,,,0
1029,'1969',621,,73838,39,,,0,100,,73839,39,,,0,100,,73840,39,,,0,100,,73841,39,,,0,101,,73842,39,,,0,100,,73843,39,,,0,100,,73844,39,,,0,100,,73845,39,,,0,100,,73846,39,,,0,100,,73847,39,,,0,100,,73848,39,,,0,100,,73849,39,,,0,100,,73850,39,,,0,100,,73851,39,,,0,100,,73852,39,,,0,100,,73853,39,,,0,101,,73854,39,,,0,94,,73855,39,,,0
1029,'1976',621,,73759,39,,,0,35,,73760,39,,,0,72,,73780,39,,,0,30,,73756,39,,,0,70,,73751,39,,,0,30,,73784,39,,,0,70,,73754,39,,,0,30,,73761,39,,,0,70,,73779,39,,,0,30,,73758,39,,,0,70,,73750,39,,,0,30,,73783,39,,,0,70,,73755,39,,,0,30,,73762,39,,,0,70,,73778,39,,,0,30,,73757,39,,,0,70,,73752,39,,,0,31,,73781,39,,,0,72,,73753,39,,,0,70,,73763,39,,,0,30,,73777,39,,,0,70,,73766,39,,,0,30,,73765,39,,,0,27,,73764,39,,,0,65,,73770,39,,,0,30,,73769,39,,,0,70,,73768,39,,,0,30,,73767,39,,,0,69,,73782,39,,,0,30,,73776,39,,,0,70,,73775,39,,,0,30,,73774,39,,,0,70,,73773,39,,,0,30,,73772,39,,,0,65,,73771,39,,,0
1029,'1977',621,,75115,39,,,0,35,,75116,39,,,0,72,,75136,39,,,0,30,,75112,39,,,0,70,,75107,39,,,0,30,,75140,39,,,0,70,,75110,39,,,0,30,,75117,39,,,0,70,,75135,39,,,0,30,,75114,39,,,0,70,,75106,39,,,0,30,,75139,39,,,0,70,,75111,39,,,0,30,,75118,39,,,0,70,,75134,39,,,0,30,,75113,39,,,0,70,,75108,39,,,0,31,,75137,39,,,0,72,,75109,39,,,0,70,,75119,39,,,0,30,,75133,39,,,0,70,,75122,39,,,0,30,,75121,39,,,0,27,,75120,39,,,0,65,,75126,39,,,0,30,,75125,39,,,0,70,,75124,39,,,0,30,,75123,39,,,0,69,,75138,39,,,0,30,,75132,39,,,0,70,,75131,39,,,0,30,,75130,39,,,0,70,,75129,39,,,0,30,,75128,39,,,0,65,,75127,39,,,0
2029,'1912',636,,74007,34,0,39 40,0,70,,74015,34,0,39 40,0,31,,74026,34,0,39 40,0,70,,74021,34,0,39 40,0,30,,74008,34,0,39 40,0,70,,74016,34,0,39 40,0,30,,74027,34,0,39 40,0,70,,74022,34,0,39 40,0,30,,74009,34,0,39 40,0,70,,74017,34,0,39 40,0,30,,74028,34,0,39 40,0,70,,74023,34,0,39 40,0,30,,74010,34,0,39 40,0,70,,74018,34,0,39 40,0,30,,74029,34,0,39 40,0,70,,74024,34,0,39 40,0,30,,74011,34,0,39 40,0,70,,74019,34,0,39 40,0,30,,74030,34,0,39 40,0,70,,74025,34,0,39 40,0,30,,74012,34,0,39 40,0,70,,74020,34,0,39 40,0,30,,74031,34,0,39 40,0,100,,74013,34,0,39 40,0,99,,74032,34,0,39 40,0,100,,74014,34,0,39 40,0,101,,74033,34,0,39 40,0,100,,74006,34,0,39 40,0
2029,'1959',636,,74108,34,0,39 40,0,70,,74116,34,0,39 40,0,31,,74127,34,0,39 40,0,70,,74122,34,0,39 40,0,30,,74109,34,0,39 40,0,70,,74117,34,0,39 40,0,30,,74128,34,0,39 40,0,70,,74123,34,0,39 40,0,30,,74110,34,0,39 40,0,70,,74118,34,0,39 40,0,30,,74129,34,0,39 40,0,70,,74124,34,0,39 40,0,30,,74111,34,0,39 40,0,70,,74119,34,0,39 40,0,30,,74130,34,0,39 40,0,70,,74125,34,0,39 40,0,30,,74112,34,0,39 40,0,70,,74120,34,0,39 40,0,30,,74131,34,0,39 40,0,70,,74126,34,0,39 40,0,30,,74113,34,0,39 40,0,70,,74121,34,0,39 40,0,30,,74132,34,0,39 40,0,100,,74114,34,0,39 40,0,99,,74133,34,0,39 40,0,100,,74115,34,0,39 40,0,101,,74134,34,0,39 40,0,100,,74107,34,0,39 40,0
2029,'1967',606,,74104,34,0,5 2 15 16 17,0,30,,74087,34,0,39 40,0,69,,74094,34,0,39 40,0,31,,74073,34,0,39 40,0,70,,74079,34,0,39 40,0,30,,74088,34,0,39 40,0,71,,74095,34,0,39 40,0,30,,74074,34,0,39 40,0,70,,74080,34,0,39 40,0,30,,74089,34,0,39 40,0,70,,74096,34,0,39 40,0,30,,74075,34,0,39 40,0,70,,74081,34,0,39 40,0,30,,74090,34,0,39 40,0,70,,74097,34,0,39 40,0,30,,74076,34,0,39 40,0,70,,74082,34,0,39 40,0,30,,74091,34,0,39 40,0,70,,74098,34,0,39 40,0,30,,74077,34,0,39 40,0,70,,74083,34,0,39 40,0,30,,74092,34,0,39 40,0,70,,74099,34,0,39 40,0,30,,74078,34,0,39 40,0,70,,74084,34,0,39 40,0,30,,74093,34,0,39 40,0,70,,74100,34,0,39 40,0,30,,74085,34,0,39 40,0,100,,74101,34,0,39 40,0,100,,74086,34,0,39 40,0,100,,74102,34,0,39 40,0
2029,'1969',636,,74140,34,0,39 40,0,70,,74148,34,0,39 40,0,31,,74159,34,0,39 40,0,70,,74154,34,0,39 40,0,30,,74141,34,0,39 40,0,70,,74149,34,0,39 40,0,30,,74160,34,0,39 40,0,70,,74155,34,0,39 40,0,30,,74142,34,0,39 40,0,70,,74150,34,0,39 40,0,30,,74161,34,0,39 40,0,70,,74156,34,0,39 40,0,30,,74143,34,0,39 40,0,70,,74151,34,0,39 40,0,30,,74162,34,0,39 40,0,70,,74157,34,0,39 40,0,30,,74144,34,0,39 40,0,70,,74152,34,0,39 40,0,30,,74163,34,0,39 40,0,70,,74158,34,0,39 40,0,30,,74145,34,0,39 40,0,70,,74153,34,0,39 40,0,30,,74164,34,0,39 40,0,100,,74146,34,0,39 40,0,99,,74165,34,0,39 40,0,100,,74147,34,0,39 40,0,101,,74166,34,0,39 40,0,100,,74139,34,0,39 40,0
2029,'1976',541,,74055,22,0,39 40,0,65,,74038,34,0,39 40,0,30,,74039,34,0,39 40,0,72,,74040,34,0,39 40,0,30,,74041,34,0,39 40,0,70,,74042,34,0,39 40,0,30,,74043,34,0,39 40,0,70,,74044,34,0,39 40,0,30,,74045,34,0,39 40,0,70,,74046,34,0,39 40,0,30,,74069,34,0,39 40,0,70,,74065,34,0,39 40,0,30,,74071,34,0,39 40,0,70,,74067,34,0,39 40,0,30,,74068,34,0,39 40,0,70,,74064,34,0,39 40,0,30,,74070,34,0,39 40,0,70,,74066,34,0,39 40,0,31,,74072,34,0,39 40,0,71,,74047,34,0,39 40,0,34,,74048,34,0,39 40,0,70,,74049,34,0,39 40,0,30,,74050,34,0,39 40,0,70,,74051,34,0,39 40,0,29,,74052,34,0,39 40,0,65,,74053,34,0,39 40,0,29,,74054,34,0,39 40,0,70,,74058,34,0,39 40,0,30,,74059,34,0,39 40,0,100,,74060,34,0,39 40,0,100,,74061,34,0,39 40,0,100,,74057,34,0,39 40,0
2029,'1977',541,,75190,22,0,39 40,0,65,,75173,34,0,39 40,0,30,,75174,34,0,39 40,0,72,,75175,34,0,39 40,0,30,,75176,34,0,39 40,0,70,,75177,34,0,39 40,0,30,,75178,34,0,39 40,0,70,,75179,34,0,39 40,0,30,,75180,34,0,39 40,0,70,,75181,34,0,39 40,0,30,,75204,34,0,39 40,0,70,,75200,34,0,39 40,0,30,,75206,34,0,39 40,0,70,,75202,34,0,39 40,0,30,,75203,34,0,39 40,0,70,,75199,34,0,39 40,0,30,,75205,34,0,39 40,0,70,,75201,34,0,39 40,0,31,,75207,34,0,39 40,0,71,,75182,34,0,39 40,0,34,,75183,34,0,39 40,0,70,,75184,34,0,39 40,0,30,,75185,34,0,39 40,0,70,,75186,34,0,39 40,0,29,,75187,34,0,39 40,0,65,,75188,34,0,39 40,0,29,,75189,34,0,39 40,0,70,,75193,34,0,39 40,0,30,,75194,34,0,39 40,0,100,,75195,34,0,39 40,0,100,,75196,34,0,39 40,0,100,,75192,34,0,39 40,0
12029,'1976',646,,74418,16,,,0,71,,61282,16,,,0,30,,61275,16,,,0,69,,74416,16,,,0,31,,74410,16,,,0,71,,61262,7,,,0,30,,61263,7,,,0,70,,61264,7,,,0,30,,74404,7,,,0,70,,74405,7,,,0,30,,61267,7,,,0,70,,61268,7,,,0,30,,61269,7,,,0,70,,74406,7,,,0,30,,74407,7,,,0,70,,61272,7,,,0,30,,74412,16,,,0,71,,74415,16,,,0,30,,74408,16,,,0,70,,74414,16,,,0,30,,74409,16,,,0,70,,74417,16,,,0,29,,74411,16,,,0,70,,74413,16,,,0
12029,'1977',647,,75523,7,,,0,71,,75522,7,,,0,30,,75521,7,,,0,71,,75524,7,,,0,630,,75531,7,,,0,71,,75528,7,,,0,29,,75529,7,,,0,71,,75527,7,,,0,29,,75526,7,,,0,71,,75525,7,,,0,28,,75530,7,,,0,71,,75532,7,,,0
14000001029,'1912',547,,73589,21,0,18 7,0,1811,,70205,21,,,0,69,,75060,21,,,0,30,,65884,21,,,0,70,,70206,21,,,0,30,,75059,21,,,0,70,,65880,21,,,0
14000001029,'1959',547,,73605,21,0,18 7,0,1811,,70208,21,,,0,69,,75067,21,,,0,30,,65891,21,,,0,70,,70209,21,,,0,30,,75066,21,,,0,70,,65887,21,,,0
14000001029,'1967',547,,75064,21,0,18 7,0,1811,,73602,21,,,0,69,,75063,21,,,0,30,,65872,21,,,0,70,,73599,21,,,0,30,,75065,21,,,0,70,,65875,21,,,0
14000001029,'1969',547,,73592,21,0,18 7,0,1811,,70211,21,,,0,69,,75069,21,,,0,30,,65898,21,,,0,70,,70212,21,,,0,30,,75068,21,,,0,70,,65894,21,,,0
14000001029,'1976',445,,65864,21,0,18 7,0,102,,73593,21,0,18 7,0,1811,,73595,21,,,0,69,,75061,21,,,0,30,,65871,21,,,0,70,,73594,21,,,0,30,,75062,21,,,0,70,,65870,21,,,0
14000001029,'1977',445,,76525,21,0,18 7,0,102,,76526,21,0,18 7,0,1811,,76528,21,,,0,69,,76529,21,,,0,30,,76532,21,,,0,70,,76527,21,,,0,30,,76530,21,,,0,70,,76531,21,,,0
