2029,'1912',647,,74007,48,0,39 40,0,69,,74015,48,0,39 40,0,31,,74026,48,0,39 40,0,70,,74021,48,0,39 40,0,30,,74008,48,0,39 40,0,70,,74016,48,0,39 40,0,30,,74027,48,0,39 40,0,70,,74022,48,0,39 40,0,30,,74009,48,0,39 40,0,70,,74017,48,0,39 40,0,30,,74028,48,0,39 40,0,70,,74023,48,0,39 40,0,30,,74010,48,0,39 40,0,70,,74018,48,0,39 40,0,30,,74029,48,0,39 40,0,70,,74024,48,0,39 40,0,30,,74011,48,0,39 40,0,70,,74019,48,0,39 40,0,30,,74030,48,0,39 40,0,70,,74025,48,0,39 40,0,30,,74012,48,0,39 40,0,70,,74020,48,0,39 40,0,30,,74031,48,0,39 40,0,100,,74013,48,0,39 40,0,99,,74032,48,0,39 40,0,100,,74014,48,0,39 40,0,101,,74033,48,0,39 40,0,100,,74006,48,0,39 40,0
2029,'1966',647,,70577,47,0,39 40,0,69,,70584,47,0,39 40,0,31,,70563,47,0,39 40,0,70,,70569,47,0,39 40,0,30,,70578,47,0,39 40,0,70,,70585,47,0,39 40,0,30,,70564,47,0,39 40,0,70,,70570,47,0,39 40,0,30,,70579,47,0,39 40,0,70,,70586,47,0,39 40,0,30,,70565,47,0,39 40,0,70,,70571,47,0,39 40,0,30,,70580,47,0,39 40,0,70,,70587,47,0,39 40,0,30,,70566,47,0,39 40,0,70,,70572,47,0,39 40,0,30,,70581,47,0,39 40,0,70,,70588,47,0,39 40,0,30,,70567,47,0,39 40,0,70,,70573,47,0,39 40,0,30,,70582,47,0,39 40,0,70,,70589,47,0,39 40,0,30,,70568,47,0,39 40,0,70,,70574,47,0,39 40,0,30,,70583,47,0,39 40,0,70,,70590,47,0,39 40,0,30,,70575,47,0,39 40,0,100,,70591,47,0,39 40,0,100,,70576,47,0,39 40,0,99,,70592,47,0,39 40,0
2029,'1968',647,,70497,47,0,39 40,0,69,,70505,47,0,39 40,0,31,,70516,47,0,39 40,0,70,,70511,47,0,39 40,0,30,,70498,47,0,39 40,0,70,,70506,47,0,39 40,0,30,,70517,47,0,39 40,0,70,,70512,47,0,39 40,0,30,,70499,47,0,39 40,0,70,,70507,47,0,39 40,0,30,,70518,47,0,39 40,0,70,,70513,47,0,39 40,0,30,,70500,47,0,39 40,0,70,,70508,47,0,39 40,0,30,,70519,47,0,39 40,0,70,,70514,47,0,39 40,0,30,,70501,47,0,39 40,0,70,,70509,47,0,39 40,0,30,,70520,47,0,39 40,0,70,,70515,47,0,39 40,0,30,,70502,47,0,39 40,0,70,,70510,47,0,39 40,0,30,,70521,47,0,39 40,0,100,,70503,47,0,39 40,0,99,,70522,47,0,39 40,0,100,,70504,47,0,39 40,0,101,,70523,47,0,39 40,0,100,,70496,47,0,39 40,0
2029,'1970',549,,74055,36,0,39 40,0,67,,74038,48,0,39 40,0,30,,74039,48,0,39 40,0,72,,74040,48,0,39 40,0,30,,74041,48,0,39 40,0,70,,74042,48,0,39 40,0,30,,74043,48,0,39 40,0,71,,74044,48,0,39 40,0,30,,74045,48,0,39 40,0,70,,74046,48,0,39 40,0,30,,74069,48,0,39 40,0,70,,74065,48,0,39 40,0,30,,74071,48,0,39 40,0,70,,74067,48,0,39 40,0,30,,74068,48,0,39 40,0,70,,74064,48,0,39 40,0,30,,74070,48,0,39 40,0,70,,74066,48,0,39 40,0,32,,74072,48,0,39 40,0,71,,74047,48,0,39 40,0,34,,74048,48,0,39 40,0,70,,74049,48,0,39 40,0,30,,74050,48,0,39 40,0,70,,74051,48,0,39 40,0,27,,74052,48,0,39 40,0,66,,74053,48,0,39 40,0,29,,74054,48,0,39 40,0,70,,74058,48,0,39 40,0,30,,74059,48,0,39 40,0,99,,74060,48,0,39 40,0,100,,74061,48,0,39 40,0,100,,74057,48,0,39 40,0
2029,'1971',647,,74087,48,0,39 40,0,69,,74094,48,0,39 40,0,31,,74073,48,0,39 40,0,70,,74079,48,0,39 40,0,30,,74088,48,0,39 40,0,70,,74095,48,0,39 40,0,30,,74074,48,0,39 40,0,70,,74080,48,0,39 40,0,30,,74089,48,0,39 40,0,70,,74096,48,0,39 40,0,30,,74075,48,0,39 40,0,70,,74081,48,0,39 40,0,30,,74090,48,0,39 40,0,70,,74097,48,0,39 40,0,30,,74076,48,0,39 40,0,70,,74082,48,0,39 40,0,30,,74091,48,0,39 40,0,70,,74098,48,0,39 40,0,30,,74077,48,0,39 40,0,70,,74083,48,0,39 40,0,30,,74092,48,0,39 40,0,70,,74099,48,0,39 40,0,30,,74078,48,0,39 40,0,70,,74084,48,0,39 40,0,30,,74093,48,0,39 40,0,70,,74100,48,0,39 40,0,30,,74085,48,0,39 40,0,100,,74101,48,0,39 40,0,100,,74086,48,0,39 40,0,99,,74102,48,0,39 40,0
2029,'1972',647,,74108,48,0,39 40,0,69,,74116,48,0,39 40,0,31,,74127,48,0,39 40,0,70,,74122,48,0,39 40,0,30,,74109,48,0,39 40,0,70,,74117,48,0,39 40,0,30,,74128,48,0,39 40,0,70,,74123,48,0,39 40,0,30,,74110,48,0,39 40,0,70,,74118,48,0,39 40,0,30,,74129,48,0,39 40,0,70,,74124,48,0,39 40,0,30,,74111,48,0,39 40,0,70,,74119,48,0,39 40,0,30,,74130,48,0,39 40,0,70,,74125,48,0,39 40,0,30,,74112,48,0,39 40,0,70,,74120,48,0,39 40,0,30,,74131,48,0,39 40,0,70,,74126,48,0,39 40,0,30,,74113,48,0,39 40,0,70,,74121,48,0,39 40,0,30,,74132,48,0,39 40,0,100,,74114,48,0,39 40,0,99,,74133,48,0,39 40,0,100,,74115,48,0,39 40,0,101,,74134,48,0,39 40,0,100,,74107,48,0,39 40,0
2029,'1973',647,,74140,48,0,39 40,0,69,,74148,48,0,39 40,0,31,,74159,48,0,39 40,0,70,,74154,48,0,39 40,0,30,,74141,48,0,39 40,0,70,,74149,48,0,39 40,0,30,,74160,48,0,39 40,0,70,,74155,48,0,39 40,0,30,,74142,48,0,39 40,0,70,,74150,48,0,39 40,0,30,,74161,48,0,39 40,0,70,,74156,48,0,39 40,0,30,,74143,48,0,39 40,0,70,,74151,48,0,39 40,0,30,,74162,48,0,39 40,0,70,,74157,48,0,39 40,0,30,,74144,48,0,39 40,0,70,,74152,48,0,39 40,0,30,,74163,48,0,39 40,0,70,,74158,48,0,39 40,0,30,,74145,48,0,39 40,0,70,,74153,48,0,39 40,0,30,,74164,48,0,39 40,0,100,,74146,48,0,39 40,0,99,,74165,48,0,39 40,0,100,,74147,48,0,39 40,0,101,,74166,48,0,39 40,0,100,,74139,48,0,39 40,0
31019,'1912',631,,74551,3,,,0,100,,74552,3,,,0,100,,74553,3,,,0,100,,74554,3,,,0,100,,74555,3,,,0,100,,74556,3,,,0,100,,74557,3,,,0,100,,74558,3,,,0,100,,74559,3,,,0,100,,74560,3,,,0,100,,74561,3,,,0,100,,74562,3,,,0,100,,74563,3,,,0,100,,74564,3,,,0,100,,74565,3,,,0,100,,74566,3,,,0,100,,74567,3,,,0,95,,74569,3,0,5 2 8 7,0
31019,'1965',732,,62420,3,,,0,70,,62403,3,,,0,129,,62395,3,,,0,70,,62408,3,,,0,30,,62419,3,,,0,170,,62413,3,,,0,30,,62394,3,,,0,70,,62409,3,,,0,130,,62398,3,,,0,101,,62396,3,,,0,100,,62417,3,,,0,299,,72076,3,,,0
31019,'1966',631,,72086,3,,,0,70,,72102,3,,,0,30,,72115,3,,,0,70,,72098,3,,,0,30,,72092,3,,,0,70,,72108,3,,,0,30,,72085,3,,,0,70,,72101,3,,,0,30,,72110,3,,,0,70,,72097,3,,,0,30,,72091,3,,,0,70,,72107,3,,,0,30,,72084,3,,,0,70,,72100,3,,,0,30,,72113,3,,,0,70,,72096,3,,,0,30,,72090,3,,,0,70,,72106,3,,,0,30,,72083,3,,,0,70,,72099,3,,,0,30,,72112,3,,,0,70,,72095,3,,,0,30,,72089,3,,,0,70,,72105,3,,,0,30,,72082,3,,,0,70,,72117,3,,,0,30,,72111,3,,,0,70,,72094,3,0,5 2 8 7,0,30,,72088,3,,,0,70,,72104,3,0,5 2 8 7,0,30,,72081,3,,,0,70,,72093,3,0,5 2 8 7,0,30,,72114,3,,,0,70,,72103,3,0,5 2 8 7,0,30,,72087,3,0,5 2 8 7,0
31019,'1968',631,,62504,3,,,0,100,,62505,3,,,0,100,,62506,3,,,0,100,,62507,3,,,0,100,,62508,3,,,0,100,,62509,3,,,0,100,,62510,3,,,0,100,,62511,3,,,0,100,,62512,3,,,0,100,,62513,3,,,0,100,,62514,3,,,0,100,,62515,3,,,0,100,,62516,3,,,0,100,,62517,3,,,0,100,,62518,3,,,0,100,,62519,3,,,0,100,,62520,3,,,0,95,,62522,3,0,5 2 8 7,0
31019,'1970',631,,74570,3,,,0,70,,74580,3,,,0,131,,74574,3,,,0,69,,74584,3,,,0,200,,74579,3,,,0,30,,74575,3,,,0,200,,74586,3,,,0,70,,74577,3,,,0,101,,74583,3,,,0,100,,74581,3,,,0,99,,74578,3,,,0,30,,74573,3,,,0,70,,74582,3,,,0,30,,74571,3,,,0,70,,74594,3,,,0,100,,74589,3,0,5 2 8 7,0,30,,74576,3,,,0,70,,74590,3,0,5 2 8 7,0,30,,74572,3,,,0,70,,74592,3,0,5 2 8 7,0,30,,74585,3,,,0,70,,74591,3,0,5 2 8 7,0,25,,74587,3,0,5 2 8 7,0
31019,'1971',631,,74600,3,,,0,70,,74616,3,,,0,30,,74629,3,,,0,70,,74612,3,,,0,30,,74606,3,,,0,70,,74622,3,,,0,30,,74599,3,,,0,70,,74615,3,,,0,30,,74624,3,,,0,70,,74611,3,,,0,30,,74605,3,,,0,70,,74621,3,,,0,30,,74598,3,,,0,70,,74614,3,,,0,30,,74627,3,,,0,70,,74610,3,,,0,30,,74604,3,,,0,70,,74620,3,,,0,30,,74597,3,,,0,70,,74613,3,,,0,30,,74626,3,,,0,70,,74609,3,,,0,30,,74603,3,,,0,70,,74619,3,,,0,30,,74596,3,,,0,70,,74631,3,,,0,30,,74625,3,,,0,70,,74608,3,0,5 2 8 7,0,30,,74602,3,,,0,70,,74618,3,0,5 2 8 7,0,30,,74595,3,,,0,70,,74607,3,0,5 2 8 7,0,30,,74628,3,,,0,70,,74617,3,0,5 2 8 7,0,30,,74601,3,0,5 2 8 7,0
31019,'1972',631,,74632,3,,,0,100,,74633,3,,,0,100,,74634,3,,,0,100,,74635,3,,,0,100,,74636,3,,,0,100,,74637,3,,,0,100,,74638,3,,,0,100,,74639,3,,,0,100,,74640,3,,,0,100,,74641,3,,,0,100,,74642,3,,,0,100,,74643,3,,,0,100,,74644,3,,,0,100,,74645,3,,,0,100,,74646,3,,,0,100,,74647,3,,,0,100,,74648,3,,,0,95,,74650,3,0,5 2 8 7,0
31019,'1973',631,,74651,3,,,0,100,,74652,3,,,0,100,,74653,3,,,0,100,,74654,3,,,0,100,,74655,3,,,0,100,,74656,3,,,0,100,,74657,3,,,0,100,,74658,3,,,0,100,,74659,3,,,0,100,,74660,3,,,0,100,,74661,3,,,0,100,,74662,3,,,0,100,,74663,3,,,0,100,,74664,3,,,0,100,,74665,3,,,0,100,,74666,3,,,0,100,,74667,3,,,0,95,,74669,3,0,5 2 8 7,0
14000001029,'1912',556,,73589,35,0,18 7,0,1851,,70205,35,,,0,29,,75060,35,,,0,70,,65884,35,,,0,30,,70206,35,,,0,70,,75059,35,,,0,30,,65880,35,,,0
14000001029,'1959',556,,73605,35,0,18 7,0,1851,,70208,35,,,0,99,,65891,35,,,0,30,,70209,35,,,0,100,,65887,35,,,0
14000001029,'1965',454,,65864,35,0,18 7,0,102,,73593,35,0,18 7,0,1851,,73595,35,,,0,99,,65871,35,,,0,30,,73594,35,,,0,100,,65870,35,,,0
14000001029,'1966',556,,73600,35,0,18 7,0,1880,,73598,35,,,0,170,,73601,35,,,0
14000001029,'1967',2407,,73602,35,,,0,99,,65872,35,,,0,30,,73599,35,,,0,100,,65875,35,,,0
14000001029,'1968',2436,,73591,35,,,0,170,,73590,35,,,0
14000001029,'1969',556,,73592,35,0,18 7,0,1851,,70211,35,,,0,99,,65898,35,,,0,30,,70212,35,,,0,100,,65894,35,,,0
14000001029,'1970',2436,,75061,35,,,0,170,,75062,35,,,0
14000001029,'1971',556,,75064,35,0,18 7,0,1880,,75063,35,,,0,170,,75065,35,,,0
14000001029,'1972',2436,,75067,35,,,0,170,,75066,35,,,0
14000001029,'1973',2436,,75069,35,,,0,170,,75068,35,,,0
