22029,'1912',705,,67683,6,0,19 2 33 21,0,99,,72010,6,,,0,100,,72011,6,,,0,100,,72012,6,,,0,100,,72013,6,,,0,100,,72014,6,,,0,100,,72015,6,,,0,100,,72016,6,,,0,100,,72017,6,,,0,100,,72018,6,,,0,100,,67681,6,,,0,100,,62341,6,0,19 2 33 21,0,100,,62338,6,0,19 2 33 21,0,100,,62339,6,0,19 2 33 21,0,100,,72019,6,0,19 2 33 21,0
22029,'1959',705,,67695,6,0,19 2 33 21,0,99,,72052,6,,,0,100,,72053,6,,,0,100,,72054,6,,,0,100,,72055,6,,,0,100,,72056,6,,,0,100,,72057,6,,,0,100,,72058,6,,,0,100,,72059,6,,,0,100,,72060,6,,,0,100,,67693,6,,,0,100,,62356,6,0,19 2 33 21,0,100,,62353,6,0,19 2 33 21,0,100,,62354,6,0,19 2 33 21,0,100,,72061,6,0,19 2 33 21,0
22029,'1965',639,,72031,6,0,19 2 33 21,0,72,,72032,6,0,19 2 33 21,0,30,,72033,6,0,19 2 33 21,0,200,,72037,6,,,0,70,,72042,6,,,0,100,,72043,6,,,0,30,,72039,6,,,0,70,,72030,6,,,0,30,,72040,6,,,0,70,,72041,6,,,0,31,,72044,6,,,0,70,,72045,6,,,0,99,,62280,6,,,0,493,,72049,6,,,0,100,,72050,6,,,0,30,,72051,6,0,19 2 33 21,0,172,,62295,6,0,19 2 33 21,0,36,,62294,6,0,19 2 33 21,0
22029,'1967',609,,62327,6,0,19 2 33 21,0,30,,62326,6,0,19 2 33 21,0,65,,62319,6,0,19 2 33 21,0,30,,62314,6,0,19 2 33 21,0,70,,62320,6,0,19 2 33 21,0,30,,62296,6,,,0,70,,62297,6,,,0,30,,62298,6,,,0,70,,62299,6,,,0,30,,62300,6,,,0,70,,62301,6,,,0,30,,62302,6,,,0,70,,62303,6,,,0,31,,62304,6,,,0,70,,62305,6,,,0,31,,62306,6,,,0,69,,62307,6,,,0,31,,62308,6,,,0,70,,62309,6,,,0,30,,62310,6,,,0,70,,62311,6,,,0,29,,62312,6,,,0,69,,62313,6,,,0,31,,62315,6,0,19 2 33 21,0,69,,62321,6,0,19 2 33 21,0,30,,62316,6,0,19 2 33 21,0,70,,62322,6,0,19 2 33 21,0,30,,62317,6,0,19 2 33 21,0,70,,62323,6,0,19 2 33 21,0,30,,62318,6,0,19 2 33 21,0,67,,62324,6,0,19 2 33 21,0,33,,62325,6,0,19 2 33 21,0
22029,'1969',705,,67707,6,0,19 2 33 21,0,99,,72020,6,,,0,100,,72021,6,,,0,100,,72022,6,,,0,100,,72023,6,,,0,100,,72024,6,,,0,100,,72025,6,,,0,100,,72026,6,,,0,100,,72027,6,,,0,100,,72028,6,,,0,100,,67705,6,,,0,100,,62371,6,0,19 2 33 21,0,100,,62368,6,0,19 2 33 21,0,100,,62369,6,0,19 2 33 21,0,100,,72029,6,0,19 2 33 21,0
22029,'1970',814,,74536,6,0,19 2 33 21,0,30,,74537,6,0,19 2 33 21,0,70,,74538,6,,,0,127,,74539,6,,,0,401,,74540,6,,,0,101,,74541,6,,,0,70,,74542,6,,,0,30,,74543,6,,,0,68,,74544,6,,,0,30,,74545,6,,,0,70,,74546,6,,,0,28,,74547,6,,,0,70,,74548,6,,,0,30,,74549,6,,,0,95,,74550,6,,,0
601019,'1912',2244,,64031,6,,,0
601019,'1959',614,,64050,6,,,0,30,,64068,6,,,0,70,,64049,6,,,0,30,,64067,6,,,0,70,,64048,6,,,0,30,,64066,6,,,0,70,,64047,6,,,0,30,,64065,6,,,0,70,,64045,6,,,0,30,,64064,6,,,0,70,,64046,6,,,0,30,,64063,6,,,0,70,,64044,6,,,0,30,,64062,6,,,0,70,,64040,6,,,0,30,,64061,6,,,0,70,,64043,6,,,0,30,,64060,6,,,0,70,,64041,6,,,0,30,,64059,6,,,0,70,,64039,6,,,0,30,,64058,6,,,0,70,,64042,6,,,0,30,,64057,6,,,0,70,,64036,6,,,0,30,,64056,6,,,0,70,,64037,6,,,0,30,,64055,6,,,0,70,,64038,6,,,0,30,,64054,6,,,0,70,,64035,6,,,0,30,,64053,6,,,0,70,,64034,6,,,0,30,,64052,6,,,0
601019,'1965',612,,63995,6,,,0,19,,63975,6,,,0,16,,63977,6,0,19 2 11 2 34,0,53,,63970,6,0,19 2 11 2 34,0,12,,63974,6,0,19 2 11 2 34,0,15,,63984,6,0,19 2 11 2 34,0,17,,63978,6,0,19 2 11 2 34,0,15,,63969,6,0,19 2 11 2 34,0,55,,63971,6,0,19 2 11 2 34,0,15,,63983,6,0,19 2 11 2 34,0,23,,63957,6,0,5 2 11 2 12,0,70,,63958,6,0,5 2 11 2 12,0,30,,63959,6,0,5 2 11 2 12,0,170,,63962,6,0,5 2 11 2 12,0,30,,63963,6,0,5 2 11 2 12,0,70,,63964,6,0,5 2 11 2 12,0,130,,63967,6,0,5 2 11 2 12,0,62,,63952,6,,,0,13,,63991,6,0,19 2 11 2 34,0,15,,63980,6,0,19 2 11 2 34,0,15,,63987,6,0,19 2 11 2 34,0,55,,63976,6,0,19 2 11 2 34,0,15,,63988,6,0,19 2 11 2 34,0,15,,63979,6,0,19 2 11 2 34,0,15,,63985,6,0,19 2 11 2 34,0,55,,63981,6,0,19 2 11 2 34,0,15,,63986,6,0,19 2 11 2 34,0,15,,63973,6,0,19 2 11 2 34,0,15,,63989,6,0,19 2 11 2 34,0,55,,63968,6,0,19 2 11 2 34,0,15,,63992,6,0,19 2 11 2 34,0,14,,63972,6,0,19 2 11 2 34,0,15,,63990,6,0,19 2 11 2 34,0,55,,63946,6,,,0,30,,63947,6,,,0,15,,63955,6,,,0,55,,63953,6,,,0,30,,63950,6,,,0,70,,63951,6,,,0,30,,63945,6,,,0,70,,63948,6,,,0,30,,63944,6,,,0,70,,63949,6,,,0,33,,63954,6,,,0
601019,'1967',614,,64012,6,,,0,30,,64030,6,,,0,70,,64011,6,,,0,30,,64029,6,,,0,70,,64010,6,,,0,30,,64028,6,,,0,70,,64009,6,,,0,30,,64027,6,,,0,70,,64007,6,,,0,30,,64025,6,,,0,70,,64008,6,,,0,30,,64026,6,,,0,70,,64006,6,,,0,30,,64024,6,,,0,70,,63997,6,,,0,30,,64023,6,,,0,70,,64005,6,,,0,30,,64022,6,,,0,70,,64003,6,,,0,30,,64021,6,,,0,70,,63998,6,,,0,30,,64019,6,,,0,70,,64000,6,,,0,30,,64020,6,,,0,70,,64004,6,,,0,30,,64018,6,,,0,70,,63999,6,,,0,30,,64017,6,,,0,70,,64002,6,,,0,30,,64016,6,,,0,70,,64001,6,,,0,30,,64015,6,,,0,70,,63996,6,,,0,30,,64014,6,,,0
601019,'1969',2144,,64071,6,,,0,70,,64069,6,,,0,30,,64070,6,,,0
601019,'1970',1022,,74958,6,0,5 2 11 2 12,0,30,,74959,6,0,5 2 11 2 12,0,200,,74960,6,0,5 2 11 2 12,0,70,,74961,6,0,5 2 11 2 12,0
