1029,'1912',602,,73732,16,,,0,98,,73733,16,,,0,100,,73734,16,,,0,101,,73735,16,,,0,101,,73736,16,,,0,100,,73737,16,,,0,100,,73738,16,,,0,100,,73739,16,,,0,100,,73740,16,,,0,100,,73741,16,,,0,99,,73742,16,,,0,100,,73743,16,,,0,100,,73744,16,,,0,100,,73745,16,,,0,100,,73746,16,,,0,100,,73747,16,,,0,100,,73748,16,,,0,99,,73749,16,,,0
1029,'1966',602,,70284,17,,,0,28,,70296,17,,,0,70,,70303,17,,,0,30,,70291,17,,,0,70,,70312,17,,,0,30,,70300,17,,,0,71,,70283,17,,,0,29,,70295,17,,,0,70,,70306,17,,,0,30,,70290,17,,,0,70,,70313,17,,,0,30,,70299,17,,,0,70,,70282,17,,,0,30,,70294,17,,,0,70,,70305,17,,,0,30,,70289,17,,,0,70,,70285,17,,,0,30,,70298,17,,,0,70,,70281,17,,,0,30,,70293,17,,,0,70,,70301,17,,,0,30,,70288,17,,,0,70,,70310,17,,,0,30,,70297,17,,,0,29,,70280,17,,,0,71,,70292,17,,,0,70,,70304,17,,,0,30,,70286,17,,,0,70,,70308,17,,,0,30,,70307,17,,,0,70,,70279,17,,,0,30,,70287,17,,,0,70,,70302,17,,,0,30,,70311,17,,,0,70,,70309,17,,,0
1029,'1968',602,,59317,17,,,0,98,,59318,17,,,0,100,,59319,17,,,0,101,,59320,17,,,0,101,,59321,17,,,0,100,,59322,17,,,0,100,,59323,17,,,0,100,,59324,17,,,0,100,,59325,17,,,0,100,,59326,17,,,0,99,,59327,17,,,0,100,,59328,17,,,0,100,,59329,17,,,0,100,,59330,17,,,0,100,,59331,17,,,0,100,,59332,17,,,0,100,,59333,17,,,0,99,,59334,17,,,0
1029,'1970',600,,73759,16,,,0,35,,73760,16,,,0,66,,73780,16,,,0,30,,73756,16,,,0,70,,73751,16,,,0,30,,73784,16,,,0,73,,73754,16,,,0,30,,73761,16,,,0,70,,73779,16,,,0,30,,73758,16,,,0,70,,73750,16,,,0,30,,73783,16,,,0,70,,73755,16,,,0,30,,73762,16,,,0,70,,73778,16,,,0,30,,73757,16,,,0,70,,73752,16,,,0,30,,73781,16,,,0,71,,73753,16,,,0,30,,73763,16,,,0,70,,73777,16,,,0,30,,73766,16,,,0,70,,73765,16,,,0,29,,73764,16,,,0,67,,73770,16,,,0,30,,73769,16,,,0,70,,73768,16,,,0,30,,73767,16,,,0,70,,73782,16,,,0,29,,73776,16,,,0,70,,73775,16,,,0,30,,73774,16,,,0,70,,73773,16,,,0,30,,73772,16,,,0,25,,73771,16,,,0
1029,'1971',602,,73790,16,,,0,28,,73802,16,,,0,70,,73809,16,,,0,30,,73797,16,,,0,70,,73818,16,,,0,30,,73806,16,,,0,71,,73789,16,,,0,29,,73801,16,,,0,70,,73812,16,,,0,30,,73796,16,,,0,70,,73819,16,,,0,30,,73805,16,,,0,70,,73788,16,,,0,30,,73800,16,,,0,70,,73811,16,,,0,30,,73795,16,,,0,70,,73791,16,,,0,30,,73804,16,,,0,70,,73787,16,,,0,30,,73799,16,,,0,70,,73807,16,,,0,30,,73794,16,,,0,70,,73816,16,,,0,30,,73803,16,,,0,29,,73786,16,,,0,71,,73798,16,,,0,70,,73810,16,,,0,30,,73792,16,,,0,70,,73814,16,,,0,30,,73813,16,,,0,70,,73785,16,,,0,30,,73793,16,,,0,70,,73808,16,,,0,30,,73817,16,,,0,70,,73815,16,,,0
1029,'1972',602,,73820,16,,,0,98,,73821,16,,,0,100,,73822,16,,,0,101,,73823,16,,,0,101,,73824,16,,,0,100,,73825,16,,,0,100,,73826,16,,,0,100,,73827,16,,,0,100,,73828,16,,,0,100,,73829,16,,,0,99,,73830,16,,,0,100,,73831,16,,,0,100,,73832,16,,,0,100,,73833,16,,,0,100,,73834,16,,,0,100,,73835,16,,,0,100,,73836,16,,,0,99,,73837,16,,,0
1029,'1973',602,,73838,16,,,0,98,,73839,16,,,0,100,,73840,16,,,0,101,,73841,16,,,0,101,,73842,16,,,0,100,,73843,16,,,0,100,,73844,16,,,0,100,,73845,16,,,0,100,,73846,16,,,0,100,,73847,16,,,0,99,,73848,16,,,0,100,,73849,16,,,0,100,,73850,16,,,0,100,,73851,16,,,0,100,,73852,16,,,0,100,,73853,16,,,0,100,,73854,16,,,0,99,,73855,16,,,0
22019,'1912',647,,67626,3,0,19 2 32 26,0,100,,71967,3,0,19 2 32 26,0,100,,71964,3,,,0,93,,71965,3,,,0,100,,71959,3,,,0,100,,71963,3,,,0,100,,71960,3,,,0,100,,71961,3,,,0,100,,71958,3,,,0,100,,71962,3,,,0,100,,67620,3,,,0,100,,62212,3,0,19 2 32 26,0,100,,62213,3,0,19 2 32 26,0,100,,62214,3,0,19 2 32 26,0,108,,71966,3,0,19 2 32 26,0
22019,'1959',647,,67638,3,0,19 2 32 26,0,100,,72009,3,0,19 2 32 26,0,100,,72006,3,,,0,93,,72007,3,,,0,100,,72001,3,,,0,100,,72005,3,,,0,100,,72002,3,,,0,100,,72003,3,,,0,100,,72000,3,,,0,100,,72004,3,,,0,100,,67632,3,,,0,100,,62227,3,0,19 2 32 26,0,100,,62228,3,0,19 2 32 26,0,100,,62229,3,0,19 2 32 26,0,108,,72008,3,0,19 2 32 26,0
22019,'1965',553,,62171,3,0,19 2 32 26,0,92,,71978,3,0,19 2 32 26,0,70,,71979,3,0,19 2 32 26,0,205,,71983,3,,,0,30,,71984,3,,,0,100,,71986,3,,,0,70,,71987,3,,,0,30,,71988,3,,,0,70,,71989,3,,,0,30,,71990,3,,,0,70,,71991,3,,,0,30,,71992,3,,,0,596,,71997,3,,,0,99,,71998,3,,,0,69,,71999,3,0,19 2 32 26,0
22019,'1967',619,,62202,3,0,19 2 32 26,0,23,,62195,3,0,19 2 32 26,0,70,,62191,3,0,19 2 32 26,0,30,,62196,3,0,19 2 32 26,0,70,,62192,3,0,19 2 32 26,0,31,,62172,3,,,0,72,,62173,3,,,0,30,,62174,3,,,0,70,,62175,3,,,0,30,,62176,3,,,0,70,,62177,3,,,0,30,,62178,3,,,0,70,,62179,3,,,0,31,,62180,3,,,0,70,,62181,3,,,0,30,,62182,3,,,0,70,,62183,3,,,0,31,,62184,3,,,0,70,,62185,3,,,0,30,,62186,3,,,0,70,,62187,3,,,0,29,,62188,3,,,0,70,,62189,3,,,0,29,,62197,3,0,19 2 32 26,0,70,,62193,3,0,19 2 32 26,0,30,,62198,3,0,19 2 32 26,0,68,,62190,3,0,19 2 32 26,0,30,,62199,3,0,19 2 32 26,0,69,,62194,3,0,19 2 32 26,0,30,,62200,3,0,19 2 32 26,0,70,,62201,3,0,19 2 32 26,0
22019,'1969',647,,67650,3,0,19 2 32 26,0,100,,71977,3,0,19 2 32 26,0,100,,71974,3,,,0,93,,71975,3,,,0,100,,71969,3,,,0,100,,71973,3,,,0,100,,71970,3,,,0,100,,71971,3,,,0,100,,71968,3,,,0,100,,71972,3,,,0,100,,67644,3,,,0,100,,62242,3,0,19 2 32 26,0,100,,62243,3,0,19 2 32 26,0,100,,62244,3,0,19 2 32 26,0,108,,71976,3,0,19 2 32 26,0
22019,'1970',748,,74520,3,,,0,70,,74521,3,,,0,32,,74522,3,,,0,170,,74523,3,,,0,400,,74524,3,,,0,31,,74525,3,,,0,69,,74526,3,,,0,29,,74535,3,,,0,70,,74527,3,,,0,30,,74528,3,,,0,68,,74529,3,,,0,30,,74530,3,,,0,69,,74531,3,,,0,30,,74532,3,,,0,70,,74533,3,,,0,99,,74534,3,,,0
