2029,'1912',623,,74007,21,0,39 40,0,30,,74015,21,0,39 40,0,68,,74026,21,0,39 40,0,30,,74021,21,0,39 40,0,70,,74008,21,0,39 40,0,30,,74016,21,0,39 40,0,71,,74027,21,0,39 40,0,30,,74022,21,0,39 40,0,55,,66011,9,0,12,0,15,,74009,21,0,39 40,0,30,,74017,21,0,39 40,0,70,,74028,21,0,39 40,0,30,,74023,21,0,39 40,0,70,,74010,21,0,39 40,0,30,,74018,21,0,39 40,0,70,,74029,21,0,39 40,0,30,,74024,21,0,39 40,0,70,,74011,21,0,39 40,0,30,,74019,21,0,39 40,0,70,,74030,21,0,39 40,0,30,,74025,21,0,39 40,0,70,,74012,21,0,39 40,0,30,,74020,21,0,39 40,0,70,,74031,21,0,39 40,0,100,,74013,21,0,39 40,0,97,,74032,21,0,39 40,0,100,,74014,21,0,39 40,0,101,,74033,21,0,39 40,0,100,,74006,21,0,39 40,0
2029,'1959',623,,74108,21,0,39 40,0,30,,74116,21,0,39 40,0,68,,74127,21,0,39 40,0,30,,74122,21,0,39 40,0,70,,74109,21,0,39 40,0,30,,74117,21,0,39 40,0,71,,74128,21,0,39 40,0,30,,74123,21,0,39 40,0,55,,66012,9,0,12,0,15,,74110,21,0,39 40,0,30,,74118,21,0,39 40,0,70,,74129,21,0,39 40,0,30,,74124,21,0,39 40,0,70,,74111,21,0,39 40,0,30,,74119,21,0,39 40,0,70,,74130,21,0,39 40,0,30,,74125,21,0,39 40,0,70,,74112,21,0,39 40,0,30,,74120,21,0,39 40,0,70,,74131,21,0,39 40,0,30,,74126,21,0,39 40,0,70,,74113,21,0,39 40,0,30,,74121,21,0,39 40,0,70,,74132,21,0,39 40,0,100,,74114,21,0,39 40,0,97,,74133,21,0,39 40,0,100,,74115,21,0,39 40,0,101,,74134,21,0,39 40,0,100,,74107,21,0,39 40,0
2029,'1967',553,,74104,21,0,5 2 15 16 17,0,70,,74087,21,0,39 40,0,30,,74094,21,0,39 40,0,68,,74073,21,0,39 40,0,30,,74079,21,0,39 40,0,70,,74088,21,0,39 40,0,30,,74095,21,0,39 40,0,71,,74074,21,0,39 40,0,30,,74080,21,0,39 40,0,70,,74089,21,0,39 40,0,30,,74096,21,0,39 40,0,70,,74075,21,0,39 40,0,30,,74081,21,0,39 40,0,70,,74090,21,0,39 40,0,30,,74097,21,0,39 40,0,70,,74076,21,0,39 40,0,30,,74082,21,0,39 40,0,70,,74091,21,0,39 40,0,30,,74098,21,0,39 40,0,70,,74077,21,0,39 40,0,30,,74083,21,0,39 40,0,70,,74092,21,0,39 40,0,30,,74099,21,0,39 40,0,70,,74078,21,0,39 40,0,30,,74084,21,0,39 40,0,70,,74093,21,0,39 40,0,30,,74100,21,0,39 40,0,69,,74085,21,0,39 40,0,100,,74101,21,0,39 40,0,100,,74086,21,0,39 40,0,100,,74102,21,0,39 40,0
2029,'1969',623,,74140,21,0,39 40,0,30,,74148,21,0,39 40,0,68,,74159,21,0,39 40,0,30,,74154,21,0,39 40,0,70,,74141,21,0,39 40,0,30,,74149,21,0,39 40,0,71,,74160,21,0,39 40,0,30,,74155,21,0,39 40,0,55,,66013,9,0,12,0,15,,74142,21,0,39 40,0,30,,74150,21,0,39 40,0,70,,74161,21,0,39 40,0,30,,74156,21,0,39 40,0,70,,74143,21,0,39 40,0,30,,74151,21,0,39 40,0,70,,74162,21,0,39 40,0,30,,74157,21,0,39 40,0,70,,74144,21,0,39 40,0,30,,74152,21,0,39 40,0,70,,74163,21,0,39 40,0,30,,74158,21,0,39 40,0,70,,74145,21,0,39 40,0,30,,74153,21,0,39 40,0,70,,74164,21,0,39 40,0,100,,74146,21,0,39 40,0,97,,74165,21,0,39 40,0,100,,74147,21,0,39 40,0,101,,74166,21,0,39 40,0,100,,74139,21,0,39 40,0
2029,'1976',527,,74055,9,0,39 40,0,25,,74038,21,0,39 40,0,70,,74039,21,0,39 40,0,26,,74040,21,0,39 40,0,73,,74041,21,0,39 40,0,28,,74042,21,0,39 40,0,70,,74043,21,0,39 40,0,30,,74044,21,0,39 40,0,71,,74045,21,0,39 40,0,30,,74046,21,0,39 40,0,70,,74069,21,0,39 40,0,30,,74065,21,0,39 40,0,70,,74071,21,0,39 40,0,30,,74067,21,0,39 40,0,70,,74068,21,0,39 40,0,30,,74064,21,0,39 40,0,70,,74070,21,0,39 40,0,30,,74066,21,0,39 40,0,70,,74072,21,0,39 40,0,32,,74047,21,0,39 40,0,74,,74048,21,0,39 40,0,30,,74049,21,0,39 40,0,70,,74050,21,0,39 40,0,30,,74051,21,0,39 40,0,70,,74052,21,0,39 40,0,28,,74053,21,0,39 40,0,67,,74054,21,0,39 40,0,30,,74058,21,0,39 40,0,70,,74059,21,0,39 40,0,100,,74060,21,0,39 40,0,100,,74061,21,0,39 40,0,100,,74057,21,0,39 40,0
2029,'1977',527,,75190,9,0,39 40,0,25,,75173,21,0,39 40,0,70,,75174,21,0,39 40,0,26,,75175,21,0,39 40,0,73,,75176,21,0,39 40,0,28,,75177,21,0,39 40,0,70,,75178,21,0,39 40,0,30,,75179,21,0,39 40,0,71,,75180,21,0,39 40,0,30,,75181,21,0,39 40,0,70,,75204,21,0,39 40,0,30,,75200,21,0,39 40,0,70,,75206,21,0,39 40,0,30,,75202,21,0,39 40,0,70,,75203,21,0,39 40,0,30,,75199,21,0,39 40,0,70,,75205,21,0,39 40,0,30,,75201,21,0,39 40,0,70,,75207,21,0,39 40,0,32,,75182,21,0,39 40,0,74,,75183,21,0,39 40,0,30,,75184,21,0,39 40,0,70,,75185,21,0,39 40,0,30,,75186,21,0,39 40,0,70,,75187,21,0,39 40,0,28,,75188,21,0,39 40,0,67,,75189,21,0,39 40,0,30,,75193,21,0,39 40,0,70,,75194,21,0,39 40,0,100,,75195,21,0,39 40,0,100,,75196,21,0,39 40,0,100,,75192,21,0,39 40,0
701019,'1912',610,,72956,6,,,0,28,,72982,6,,,0,69,,72974,6,,,0,30,,72953,6,,,0,70,,72975,6,,,0,30,,72957,6,,,0,70,,72952,6,,,0,30,,68928,6,,,0,70,,72960,6,,,0,30,,72949,6,,,0,70,,72978,6,,,0,30,,68905,6,,,0,70,,68894,6,,,0,30,,68925,6,,,0,70,,68909,6,,,0,30,,72948,6,,,0,70,,72977,6,,,0,30,,72961,6,,,0,70,,72946,6,,,0,30,,72976,6,,,0,70,,72958,6,,,0,30,,72944,6,,,0,70,,72979,6,,,0,30,,72966,6,,,0,70,,72941,6,,,0,30,,72987,6,,,0,70,,72968,6,,,0,30,,72939,6,,,0,70,,72984,6,,,0,30,,72970,6,,,0,70,,72936,6,,,0,30,,68934,6,,,0,69,,72969,6,,,0,30,,72938,6,,,0,70,,68938,6,,,0,25,,72992,6,,,0
701019,'1959',610,,73165,6,,,0,28,,73191,6,,,0,69,,73183,6,,,0,30,,73162,6,,,0,70,,73184,6,,,0,30,,73166,6,,,0,70,,73161,6,,,0,30,,69027,6,,,0,70,,73169,6,,,0,30,,73158,6,,,0,70,,73187,6,,,0,30,,69004,6,,,0,70,,68993,6,,,0,30,,69024,6,,,0,70,,69008,6,,,0,30,,73157,6,,,0,70,,73186,6,,,0,30,,73170,6,,,0,70,,73155,6,,,0,30,,73185,6,,,0,70,,73167,6,,,0,30,,73153,6,,,0,70,,73188,6,,,0,30,,73175,6,,,0,70,,73150,6,,,0,30,,73196,6,,,0,70,,73177,6,,,0,30,,73148,6,,,0,70,,73193,6,,,0,30,,73179,6,,,0,70,,73145,6,,,0,30,,69033,6,,,0,69,,73178,6,,,0,30,,73147,6,,,0,70,,69037,6,,,0,25,,73201,6,,,0
701019,'1967',610,,68783,6,,,0,28,,68763,6,,,0,68,,68780,6,,,0,30,,68776,6,,,0,71,,68778,6,,,0,30,,68779,6,,,0,70,,68781,6,,,0,30,,68777,6,,,0,70,,68813,6,,,0,30,,68822,6,,,0,70,,68809,6,,,0,30,,68818,6,,,0,70,,68814,6,,,0,30,,68807,6,,,0,70,,68852,6,,,0,30,,68806,6,,,0,70,,68808,6,,,0,30,,68836,6,,,0,70,,68832,6,,,0,30,,68825,6,,,0,70,,73136,6,,,0,30,,68833,6,,,0,70,,68850,6,,,0,30,,68798,6,,,0,70,,73133,6,,,0,30,,68805,6,,,0,70,,68834,6,,,0,30,,68758,6,,,0,70,,68764,6,,,0,30,,68771,6,,,0,70,,68754,6,,,0,30,,68759,6,,,0,70,,68765,6,,,0,30,,68772,6,,,0,70,,68755,6,,,0,25,,68796,6,,,0
701019,'1969',610,,73016,6,,,0,28,,73042,6,,,0,69,,73034,6,,,0,30,,73013,6,,,0,70,,73035,6,,,0,30,,73017,6,,,0,70,,73012,6,,,0,30,,69126,6,,,0,70,,73020,6,,,0,30,,73009,6,,,0,70,,73038,6,,,0,30,,69103,6,,,0,70,,69092,6,,,0,30,,69123,6,,,0,70,,69107,6,,,0,30,,73008,6,,,0,70,,73037,6,,,0,30,,73021,6,,,0,70,,73006,6,,,0,30,,73036,6,,,0,70,,73018,6,,,0,30,,73004,6,,,0,70,,73039,6,,,0,30,,73026,6,,,0,70,,73001,6,,,0,30,,73047,6,,,0,70,,73028,6,,,0,30,,72999,6,,,0,70,,73044,6,,,0,30,,73030,6,,,0,70,,72996,6,,,0,30,,69132,6,,,0,69,,73029,6,,,0,30,,72998,6,,,0,70,,69136,6,,,0,25,,73052,6,,,0
701019,'1976',551,,73109,6,,,0,70,,73110,6,,,0,18,,69307,6,,,0,14,,73111,6,,,0,70,,73116,6,,,0,15,,69299,6,,,0,65,,69300,6,,,0,13,,73112,6,,,0,20,,69302,6,,,0,69,,73092,6,,,0,30,,74986,6,,,0,70,,74979,6,,,0,30,,73094,6,,,0,70,,73095,6,,,0,30,,74980,6,,,0,70,,69274,6,,,0,30,,73097,6,,,0,70,,74981,6,,,0,30,,74982,6,,,0,70,,73099,6,,,0,31,,73100,6,,,0,14,,69310,6,0,5 2 11 2 12,0,56,,74987,6,,,0,11,,69280,6,,,0,20,,73114,6,,,0,19,,73119,6,0,5 2 11 2 12,0,61,,73101,6,,,0,20,,73102,6,,,0,21,,73120,6,0,5 2 11 2 12,0,60,,73113,6,,,0,19,,73108,6,,,0,65,,73107,6,,,0,20,,74983,6,,,0,15,,69283,6,,,0,70,,69284,6,,,0,30,,73103,6,,,0,69,,69286,6,,,0,30,,73104,6,,,0,70,,69288,6,,,0,30,,69289,6,,,0,70,,73105,6,,,0,30,,69291,6,,,0,70,,69292,6,,,0,25,,73118,6,,,0
701019,'1977',551,,76301,6,,,0,70,,76302,6,,,0,18,,76312,6,,,0,14,,76303,6,,,0,70,,76311,6,,,0,15,,76304,6,,,0,65,,76305,6,,,0,13,,76306,6,,,0,20,,76307,6,,,0,69,,76274,6,,,0,30,,76319,6,,,0,70,,76275,6,,,0,30,,76276,6,,,0,70,,76277,6,,,0,30,,76278,6,,,0,70,,76279,6,,,0,30,,76280,6,,,0,70,,76281,6,,,0,30,,76282,6,,,0,70,,76283,6,,,0,31,,76284,6,,,0,14,,76316,6,0,5 2 11 2 12,0,56,,76320,6,,,0,11,,76285,6,,,0,20,,76309,6,,,0,19,,76315,6,0,5 2 11 2 12,0,61,,76286,6,,,0,20,,76287,6,,,0,21,,76317,6,0,5 2 11 2 12,0,60,,76308,6,,,0,19,,76300,6,,,0,65,,76299,6,,,0,20,,76298,6,,,0,15,,76288,6,,,0,70,,76289,6,,,0,30,,76290,6,,,0,69,,76291,6,,,0,30,,76292,6,,,0,70,,76293,6,,,0,30,,76294,6,,,0,70,,76295,6,,,0,30,,76296,6,,,0,70,,76297,6,,,0,25,,76314,6,,,0
14000001029,'1912',535,,73589,9,0,18 7,0,1811,,70205,9,,,0,69,,75060,9,,,0,30,,65884,9,,,0,70,,70206,9,,,0,30,,75059,9,,,0,70,,65880,9,,,0
14000001029,'1959',535,,73605,9,0,18 7,0,1811,,70208,9,,,0,69,,75067,9,,,0,30,,65891,9,,,0,70,,70209,9,,,0,30,,75066,9,,,0,70,,65887,9,,,0
14000001029,'1967',535,,75064,9,0,18 7,0,1811,,73602,9,,,0,69,,75063,9,,,0,30,,65872,9,,,0,70,,73599,9,,,0,30,,75065,9,,,0,70,,65875,9,,,0
14000001029,'1969',535,,73592,9,0,18 7,0,1811,,70211,9,,,0,69,,75069,9,,,0,30,,65898,9,,,0,70,,70212,9,,,0,30,,75068,9,,,0,70,,65894,9,,,0
14000001029,'1976',433,,65864,9,0,18 7,0,102,,73593,9,0,18 7,0,1811,,73595,9,,,0,69,,75061,9,,,0,30,,65871,9,,,0,70,,73594,9,,,0,30,,75062,9,,,0,70,,65870,9,,,0
14000001029,'1977',433,,76525,9,0,18 7,0,102,,76526,9,0,18 7,0,1811,,76528,9,,,0,69,,76529,9,,,0,30,,76532,9,,,0,70,,76527,9,,,0,30,,76530,9,,,0,70,,76531,9,,,0
