4029,'1912',726,,70787,9,,,0,30,,60008,9,,,0,70,,70786,9,,,0,30,,70788,9,,,0,71,,60005,9,,,0,30,,70779,9,,,0,69,,70782,9,,,0,30,,70767,9,,,0,70,,70772,9,,,0,30,,70775,9,,,0,68,,70778,9,,,0,30,,70780,9,,,0,70,,70768,9,,,0,30,,70771,9,,,0,70,,70774,9,,,0,30,,70777,9,,,0,70,,70781,9,,,0,30,,70769,9,,,0,70,,70770,9,,,0,30,,70773,9,,,0,70,,70776,9,,,0,30,,66240,9,,,0,70,,70791,9,,,0,33,,70792,9,,,0,70,,70790,9,,,0,30,,70785,9,,,0,70,,70789,9,,,0,30,,70783,9,,,0,100,,70784,9,,,0
4029,'1959',726,,70894,9,,,0,30,,60037,9,,,0,70,,70893,9,,,0,30,,70895,9,,,0,71,,60034,9,,,0,30,,70886,9,,,0,69,,70889,9,,,0,30,,70874,9,,,0,70,,70879,9,,,0,30,,70882,9,,,0,68,,70885,9,,,0,30,,70887,9,,,0,70,,70875,9,,,0,30,,70878,9,,,0,70,,70881,9,,,0,30,,70884,9,,,0,70,,70888,9,,,0,30,,70876,9,,,0,70,,70877,9,,,0,30,,70880,9,,,0,70,,70883,9,,,0,30,,66267,9,,,0,70,,70898,9,,,0,33,,70899,9,,,0,70,,70897,9,,,0,30,,70892,9,,,0,70,,70896,9,,,0,30,,70890,9,,,0,100,,70891,9,,,0
4029,'1967',628,,74215,9,,,0,28,,70867,9,,,0,70,,70868,9,,,0,30,,74216,9,,,0,70,,74217,9,,,0,30,,70871,9,,,0,70,,74218,9,,,0,30,,74209,9,,,0,68,,74203,9,,,0,30,,74198,9,,,0,70,,74207,9,,,0,30,,74213,9,,,0,70,,74208,9,,,0,30,,74197,9,,,0,70,,74200,9,,,0,30,,74211,9,,,0,70,,74196,9,,,0,30,,74210,9,,,0,70,,74205,9,,,0,30,,74199,9,,,0,70,,74194,9,,,0,30,,74212,9,,,0,70,,74214,9,,,0,30,,74206,9,,,0,70,,74201,9,,,0,30,,74219,9,,,0,72,,70849,9,,,0,30,,74195,9,,,0,71,,70850,9,,,0,30,,74204,9,,,0,70,,70865,9,,,0,30,,74202,9,,,0
4029,'1969',726,,70813,9,,,0,30,,60066,9,,,0,70,,70812,9,,,0,30,,70814,9,,,0,71,,60063,9,,,0,30,,70805,9,,,0,69,,70808,9,,,0,30,,70793,9,,,0,70,,70798,9,,,0,30,,70801,9,,,0,68,,70804,9,,,0,30,,70806,9,,,0,70,,70794,9,,,0,30,,70797,9,,,0,70,,70800,9,,,0,30,,70803,9,,,0,70,,70807,9,,,0,30,,70795,9,,,0,70,,70796,9,,,0,30,,70799,9,,,0,70,,70802,9,,,0,30,,66294,9,,,0,70,,70817,9,,,0,33,,70818,9,,,0,70,,70816,9,,,0,30,,70811,9,,,0,70,,70815,9,,,0,30,,70809,9,,,0,100,,70810,9,,,0
4029,'1976',626,,70819,9,,,0,30,,74183,9,,,0,73,,70821,9,,,0,24,,74184,9,,,0,76,,70823,9,,,0,24,,59926,9,,,0,71,,74185,9,,,0,30,,74186,9,,,0,70,,74187,9,,,0,30,,66313,9,,,0,70,,70827,9,,,0,30,,70828,9,,,0,70,,70829,9,,,0,30,,70830,9,,,0,70,,66314,9,,,0,30,,74188,9,,,0,70,,70832,9,,,0,35,,74189,9,,,0,65,,70834,9,,,0,76,,66317,9,,,0,24,,66318,9,,,0,76,,70835,9,,,0,24,,59943,9,,,0,76,,59944,9,,,0,27,,70836,9,,,0,29,,74190,9,,,0,70,,74191,9,,,0,30,,74192,9,,,0,70,,70840,9,,,0,30,,74193,9,,,0,70,,66322,9,,,0,30,,70842,9,,,0
4029,'1977',626,,75241,9,,,0,30,,75242,9,,,0,73,,75243,9,,,0,24,,75244,9,,,0,76,,75245,9,,,0,24,,75246,9,,,0,71,,75247,9,,,0,30,,75248,9,,,0,70,,75249,9,,,0,30,,75250,9,,,0,70,,75251,9,,,0,30,,75252,9,,,0,70,,75253,9,,,0,30,,75254,9,,,0,70,,75255,9,,,0,30,,75256,9,,,0,70,,75257,9,,,0,35,,75258,9,,,0,65,,75259,9,,,0,76,,75260,9,,,0,24,,75261,9,,,0,76,,75262,9,,,0,24,,75263,9,,,0,76,,75264,9,,,0,27,,75265,9,,,0,29,,75266,9,,,0,70,,75267,9,,,0,30,,75268,9,,,0,70,,75269,9,,,0,30,,75270,9,,,0,70,,75271,9,,,0,30,,75272,9,,,0
501019,'1912',614,,62927,6,,,0,30,,72182,6,,,0,67,,62926,6,,,0,30,,72181,6,,,0,70,,62929,6,,,0,30,,72183,6,,,0,70,,72180,6,,,0,30,,67874,6,,,0,70,,72174,6,,,0,30,,67866,6,,,0,72,,72173,6,,,0,30,,67867,6,,,0,70,,72176,6,,,0,30,,67868,6,,,0,70,,72172,6,,,0,30,,67873,6,,,0,70,,72171,6,,,0,30,,67872,6,,,0,70,,72170,6,,,0,30,,67869,6,,,0,70,,72169,6,,,0,30,,67871,6,,,0,70,,72175,6,,,0,30,,67870,6,,,0,69,,72179,6,,,0,30,,67878,6,,,0,70,,72178,6,,,0,30,,67881,6,,,0,69,,72177,6,,,0,30,,67853,6,,,0,70,,62923,6,,,0,30,,67879,6,,,0,70,,62922,6,,,0,30,,67880,6,,,0,70,,62921,6,,,0
501019,'1959',614,,62962,6,,,0,30,,72266,6,,,0,67,,62961,6,,,0,30,,72265,6,,,0,70,,62964,6,,,0,30,,72267,6,,,0,70,,72264,6,,,0,30,,67903,6,,,0,70,,72258,6,,,0,30,,67895,6,,,0,72,,72257,6,,,0,30,,67896,6,,,0,70,,72260,6,,,0,30,,67897,6,,,0,70,,72256,6,,,0,30,,67902,6,,,0,70,,72255,6,,,0,30,,67901,6,,,0,70,,72254,6,,,0,30,,67898,6,,,0,70,,72253,6,,,0,30,,67900,6,,,0,70,,72259,6,,,0,30,,67899,6,,,0,69,,72263,6,,,0,30,,67907,6,,,0,70,,72262,6,,,0,30,,67910,6,,,0,69,,72261,6,,,0,30,,67882,6,,,0,70,,62958,6,,,0,30,,67908,6,,,0,70,,62957,6,,,0,30,,67909,6,,,0,70,,62956,6,,,0
501019,'1967',614,,72230,6,,,0,30,,74810,6,,,0,67,,72229,6,,,0,30,,72232,6,,,0,70,,72228,6,,,0,30,,67831,6,,,0,70,,74809,6,,,0,30,,72231,6,,,0,72,,74814,6,,,0,31,,74824,6,,,0,70,,74815,6,,,0,30,,74825,6,,,0,70,,74816,6,,,0,30,,74826,6,,,0,70,,74817,6,,,0,30,,74827,6,,,0,70,,74818,6,,,0,30,,74828,6,,,0,70,,74819,6,,,0,30,,74829,6,,,0,70,,74820,6,,,0,30,,74822,6,,,0,70,,74821,6,,,0,30,,74823,6,,,0,70,,74808,6,,,0,29,,74813,6,,,0,68,,62881,6,,,0,30,,74811,6,,,0,70,,62880,6,,,0,30,,74812,6,,,0,70,,62879,6,,,0,30,,67832,6,,,0,70,,62878,6,,,0,30,,67833,6,,,0,70,,62877,6,,,0
501019,'1969',614,,62997,6,,,0,30,,72197,6,,,0,67,,62996,6,,,0,30,,72196,6,,,0,70,,62999,6,,,0,30,,72198,6,,,0,70,,72195,6,,,0,30,,67932,6,,,0,70,,72189,6,,,0,30,,67924,6,,,0,72,,72188,6,,,0,30,,67925,6,,,0,70,,72191,6,,,0,30,,67926,6,,,0,70,,72187,6,,,0,30,,67931,6,,,0,70,,72186,6,,,0,30,,67930,6,,,0,70,,72185,6,,,0,30,,67927,6,,,0,70,,72184,6,,,0,30,,67929,6,,,0,70,,72190,6,,,0,30,,67928,6,,,0,69,,72194,6,,,0,30,,67936,6,,,0,70,,72193,6,,,0,30,,67939,6,,,0,69,,72192,6,,,0,30,,67911,6,,,0,70,,62993,6,,,0,30,,67937,6,,,0,70,,62992,6,,,0,30,,67938,6,,,0,70,,62991,6,,,0
501019,'1976',611,,62836,6,,,0,30,,72199,6,,,0,76,,62838,6,,,0,24,,72200,6,,,0,64,,74801,6,,,0,12,,72202,6,,,0,24,,72203,6,,,0,62,,74802,6,,,0,11,,74803,6,,,0,30,,67965,6,,,0,70,,72206,6,,,0,30,,72207,6,,,0,70,,72208,6,,,0,30,,72209,6,,,0,70,,67966,6,,,0,30,,74804,6,,,0,70,,72211,6,,,0,30,,72212,6,,,0,70,,72213,6,,,0,26,,67968,6,,,0,12,,72214,6,,,0,62,,72215,6,,,0,24,,72216,6,,,0,12,,72217,6,,,0,64,,72218,6,,,0,24,,72219,6,,,0,12,,62862,6,,,0,64,,74805,6,,,0,23,,67974,6,,,0,12,,72221,6,,,0,66,,74806,6,,,0,28,,67977,6,,,0,70,,72222,6,,,0,29,,74807,6,,,0,70,,62870,6,,,0,30,,72223,6,,,0,69,,67980,6,,,0,30,,72224,6,,,0,70,,67982,6,,,0,30,,72225,6,,,0,70,,62876,6,,,0
501019,'1977',611,,75954,6,,,0,30,,75955,6,,,0,76,,75956,6,,,0,24,,75957,6,,,0,64,,75958,6,,,0,12,,75959,6,,,0,24,,75960,6,,,0,62,,75961,6,,,0,11,,75962,6,,,0,30,,75963,6,,,0,70,,75964,6,,,0,30,,75965,6,,,0,70,,75966,6,,,0,30,,75967,6,,,0,70,,75968,6,,,0,30,,75969,6,,,0,70,,75970,6,,,0,30,,75971,6,,,0,70,,75972,6,,,0,26,,75973,6,,,0,12,,75974,6,,,0,62,,75975,6,,,0,24,,75976,6,,,0,12,,75977,6,,,0,64,,75978,6,,,0,24,,75979,6,,,0,12,,75980,6,,,0,64,,75981,6,,,0,23,,75982,6,,,0,12,,75983,6,,,0,66,,75984,6,,,0,28,,75985,6,,,0,70,,75986,6,,,0,29,,75987,6,,,0,70,,75988,6,,,0,30,,75989,6,,,0,69,,75990,6,,,0,30,,75991,6,,,0,70,,75992,6,,,0,30,,75993,6,,,0,70,,75994,6,,,0
14000001019,'1912',2402,,65844,11,,,0,30,,70196,11,,,0,70,,75054,11,,,0,30,,65845,11,,,0,70,,70197,11,,,0
14000001019,'1959',2402,,65849,11,,,0,30,,70198,11,,,0,70,,75057,11,,,0,30,,65850,11,,,0,70,,70199,11,,,0
14000001019,'1967',2402,,65840,11,,,0,30,,73583,11,,,0,70,,75056,11,,,0,30,,65838,11,,,0,70,,73585,11,,,0
14000001019,'1969',2402,,65854,11,,,0,30,,70200,11,,,0,70,,75058,11,,,0,30,,65855,11,,,0,70,,70201,11,,,0
14000001019,'1976',2402,,65835,11,,,0,30,,73580,11,,,0,70,,75055,11,,,0,30,,65834,11,,,0,70,,73582,11,,,0
14000001019,'1977',2402,,76523,11,,,0,30,,76520,11,,,0,70,,76521,11,,,0,30,,76522,11,,,0,70,,76524,11,,,0
