1029,'1909',900,,59245,43,,,0,100,,59222,43,,,0,130,,59211,43,,,0,100,,59216,43,,,0,170,,59218,43,,,0,101,,59242,43,,,0,132,,59238,43,,,0,70,,59227,43,,,0,97,,59225,43,,,0,55,,59230,43,,,0,70,,59229,43,,,0,99,,59243,43,,,0,130,,59235,43,,,0,165,,59232,43,,,0
1029,'1912',623,,59281,43,,,0,100,,59282,43,,,0,100,,59283,43,,,0,100,,59284,43,,,0,101,,59285,43,,,0,100,,59286,43,,,0,100,,59287,43,,,0,100,,59288,43,,,0,100,,59289,43,,,0,100,,59290,43,,,0,100,,59291,43,,,0,100,,59292,43,,,0,100,,59293,43,,,0,100,,59294,43,,,0,100,,59295,43,,,0,100,,59296,43,,,0,101,,59297,43,,,0,94,,59298,43,,,0
1029,'1924',623,,59299,43,,,0,100,,59300,43,,,0,100,,59301,43,,,0,100,,59302,43,,,0,101,,59303,43,,,0,100,,59304,43,,,0,100,,59305,43,,,0,100,,59306,43,,,0,100,,59307,43,,,0,100,,59308,43,,,0,100,,59309,43,,,0,100,,59310,43,,,0,100,,59311,43,,,0,100,,59312,43,,,0,100,,59313,43,,,0,100,,59314,43,,,0,101,,59315,43,,,0,94,,59316,43,,,0
1029,'1925',623,,59317,43,,,0,100,,59318,43,,,0,100,,59319,43,,,0,100,,59320,43,,,0,101,,59321,43,,,0,100,,59322,43,,,0,100,,59323,43,,,0,100,,59324,43,,,0,100,,59325,43,,,0,100,,59326,43,,,0,100,,59327,43,,,0,100,,59328,43,,,0,100,,59329,43,,,0,100,,59330,43,,,0,100,,59331,43,,,0,100,,59332,43,,,0,101,,59333,43,,,0,94,,59334,43,,,0
1029,'1949',658,,65993,43,,,0,172,,65987,43,,,0,100,,65990,43,,,0,170,,65991,43,,,0,100,,65996,43,,,0,130,,65995,43,,,0,100,,65988,43,,,0,103,,65989,43,,,0,70,,65994,43,,,0
1029,'1955',623,,65951,43,,,0,30,,65963,43,,,0,70,,65970,43,,,0,30,,65958,43,,,0,70,,65979,43,,,0,30,,65967,43,,,0,72,,65950,43,,,0,29,,65962,43,,,0,70,,65973,43,,,0,30,,65957,43,,,0,70,,65980,43,,,0,30,,65966,43,,,0,70,,65949,43,,,0,30,,65961,43,,,0,70,,65972,43,,,0,30,,65956,43,,,0,70,,65952,43,,,0,30,,65965,43,,,0,70,,65948,43,,,0,30,,65960,43,,,0,70,,65968,43,,,0,30,,65955,43,,,0,70,,65977,43,,,0,30,,65964,43,,,0,69,,65947,43,,,0,31,,65959,43,,,0,70,,65971,43,,,0,30,,65953,43,,,0,70,,65975,43,,,0,30,,65974,43,,,0,70,,59246,43,,,0,30,,65954,43,,,0,70,,65969,43,,,0,30,,65978,43,,,0,68,,65976,43,,,0
1029,'1957',623,,70268,43,,,0,107,,70278,43,,,0,70,,70267,43,,,0,230,,70277,43,,,0,270,,70269,43,,,0,433,,70270,43,,,0,92,,70272,43,,,0,130,,70271,43,,,0,99,,70276,43,,,0,70,,70275,43,,,0,100,,70274,43,,,0,30,,70273,43,,,0
1029,'1958',623,,70284,43,,,0,30,,70296,43,,,0,70,,70303,43,,,0,30,,70291,43,,,0,70,,70312,43,,,0,30,,70300,43,,,0,72,,70283,43,,,0,29,,70295,43,,,0,70,,70306,43,,,0,30,,70290,43,,,0,70,,70313,43,,,0,30,,70299,43,,,0,70,,70282,43,,,0,30,,70294,43,,,0,70,,70305,43,,,0,30,,70289,43,,,0,70,,70285,43,,,0,30,,70298,43,,,0,70,,70281,43,,,0,30,,70293,43,,,0,70,,70301,43,,,0,30,,70288,43,,,0,70,,70310,43,,,0,30,,70297,43,,,0,69,,70280,43,,,0,31,,70292,43,,,0,70,,70304,43,,,0,30,,70286,43,,,0,70,,70308,43,,,0,30,,70307,43,,,0,70,,70279,43,,,0,30,,70287,43,,,0,70,,70302,43,,,0,30,,70311,43,,,0,68,,70309,43,,,0
2029,'1912',638,,70465,36,,,0,70,,70473,36,,,0,31,,70484,36,,,0,70,,70479,36,,,0,30,,70466,36,,,0,70,,70474,36,,,0,30,,70485,36,,,0,70,,70480,36,,,0,30,,70467,36,,,0,70,,70475,36,,,0,30,,70486,36,,,0,70,,70481,36,,,0,30,,70468,36,,,0,70,,70476,36,,,0,30,,70487,36,,,0,70,,70482,36,,,0,30,,70469,36,,,0,70,,70477,36,,,0,30,,70488,36,,,0,70,,70483,36,,,0,30,,70470,36,,,0,70,,70478,36,,,0,30,,70489,36,,,0,100,,70471,36,,,0,99,,70490,36,,,0,100,,70472,36,,,0,101,,70491,36,,,0,100,,70464,36,,,0
2029,'1925',638,,70497,36,,,0,70,,70505,36,,,0,31,,70516,36,,,0,70,,70511,36,,,0,30,,70498,36,,,0,70,,70506,36,,,0,30,,70517,36,,,0,70,,70512,36,,,0,30,,70499,36,,,0,70,,70507,36,,,0,30,,70518,36,,,0,70,,70513,36,,,0,30,,70500,36,,,0,70,,70508,36,,,0,30,,70519,36,,,0,70,,70514,36,,,0,30,,70501,36,,,0,70,,70509,36,,,0,30,,70520,36,,,0,70,,70515,36,,,0,30,,70502,36,,,0,70,,70510,36,,,0,30,,70521,36,,,0,100,,70503,36,,,0,99,,70522,36,,,0,100,,70504,36,,,0,101,,70523,36,,,0,100,,70496,36,,,0
2029,'1955',608,,59613,40,0,5 2 15 16 17,0,30,,59596,40,,,0,69,,59603,40,,,0,31,,59582,40,,,0,70,,59588,40,,,0,30,,59597,40,,,0,71,,59604,40,,,0,30,,59583,40,,,0,70,,59589,40,,,0,30,,59598,40,,,0,70,,59605,40,,,0,30,,59584,40,,,0,70,,59590,40,,,0,30,,59599,40,,,0,70,,59606,40,,,0,30,,59585,40,,,0,70,,59591,40,,,0,30,,59600,40,,,0,70,,59607,40,,,0,30,,59586,40,,,0,70,,59592,40,,,0,30,,59601,40,,,0,70,,59608,40,,,0,30,,59587,40,,,0,70,,59593,40,,,0,30,,59602,40,,,0,70,,59609,40,,,0,30,,59594,40,,,0,100,,59610,40,,,0,100,,59595,40,,,0,100,,59611,40,,,0
2029,'1956',638,,59650,40,,,0,70,,59658,40,,,0,31,,59669,40,,,0,70,,59664,40,,,0,30,,59651,40,,,0,70,,59659,40,,,0,30,,59670,40,,,0,70,,59665,40,,,0,30,,59652,40,,,0,70,,59660,40,,,0,30,,59671,40,,,0,70,,59666,40,,,0,30,,59653,40,,,0,70,,59661,40,,,0,30,,59672,40,,,0,70,,59667,40,,,0,30,,59654,40,,,0,70,,59662,40,,,0,30,,59673,40,,,0,70,,59668,40,,,0,30,,59655,40,,,0,70,,59663,40,,,0,30,,59674,40,,,0,100,,59656,40,,,0,99,,59675,40,,,0,100,,59657,40,,,0,101,,59676,40,,,0,100,,59649,40,,,0
2029,'1957',543,,70545,25,,,0,65,,70528,36,,,0,30,,70529,36,,,0,72,,70530,36,,,0,30,,70531,36,,,0,70,,70532,36,,,0,30,,70533,36,,,0,70,,70534,36,,,0,30,,70535,36,,,0,70,,70536,36,,,0,30,,70559,36,,,0,70,,70555,36,,,0,30,,70561,36,,,0,70,,70557,36,,,0,30,,70558,36,,,0,70,,70554,36,,,0,30,,70560,36,,,0,70,,70556,36,,,0,31,,70562,36,,,0,71,,70537,36,,,0,34,,70538,36,,,0,70,,70539,36,,,0,30,,70540,36,,,0,70,,70541,36,,,0,29,,70542,36,,,0,65,,70543,36,,,0,29,,70544,36,,,0,70,,70548,36,,,0,30,,70549,36,,,0,100,,70550,36,,,0,100,,70551,36,,,0,100,,70547,36,,,0
2029,'1958',608,,70594,36,,,0,30,,70577,36,,,0,69,,70584,36,,,0,31,,70563,36,,,0,70,,70569,36,,,0,30,,70578,36,,,0,71,,70585,36,,,0,30,,70564,36,,,0,70,,70570,36,,,0,30,,70579,36,,,0,70,,70586,36,,,0,30,,70565,36,,,0,70,,70571,36,,,0,30,,70580,36,,,0,70,,70587,36,,,0,30,,70566,36,,,0,70,,70572,36,,,0,30,,70581,36,,,0,70,,70588,36,,,0,30,,70567,36,,,0,70,,70573,36,,,0,30,,70582,36,,,0,70,,70589,36,,,0,30,,70568,36,,,0,70,,70574,36,,,0,30,,70583,36,,,0,70,,70590,36,,,0,30,,70575,36,,,0,100,,70591,36,,,0,100,,70576,36,,,0,100,,70592,36,,,0
2029,'1959',638,,70598,36,,,0,70,,70606,36,,,0,31,,70617,36,,,0,70,,70612,36,,,0,30,,70599,36,,,0,70,,70607,36,,,0,30,,70618,36,,,0,70,,70613,36,,,0,30,,70600,36,,,0,70,,70608,36,,,0,30,,70619,36,,,0,70,,70614,36,,,0,30,,70601,36,,,0,70,,70609,36,,,0,30,,70620,36,,,0,70,,70615,36,,,0,30,,70602,36,,,0,70,,70610,36,,,0,30,,70621,36,,,0,70,,70616,36,,,0,30,,70603,36,,,0,70,,70611,36,,,0,30,,70622,36,,,0,100,,70604,36,,,0,99,,70623,36,,,0,100,,70605,36,,,0,101,,70624,36,,,0,100,,70597,36,,,0
12029,'1909',648,,61285,19,,,0,71,,61282,19,,,0,30,,61275,19,,,0,171,,61262,10,,,0,30,,61263,10,,,0,70,,61264,10,,,0,130,,61267,10,,,0,70,,61268,10,,,0,30,,61269,10,,,0,170,,61272,10,,,0,30,,61278,19,,,0
12029,'1957',818,,71560,19,,,0,31,,71555,19,,,0,201,,71549,10,,,0,70,,71550,10,,,0,200,,71551,10,,,0,30,,71552,10,,,0,171,,71559,19,,,0,30,,71553,19,,,0,70,,71558,19,,,0,30,,71554,19,,,0,70,,71561,19,,,0,29,,71556,19,,,0,70,,71557,19,,,0
14000001029,'1909',447,,65864,24,0,18 7,0,2012,,65871,24,,,0,170,,65870,24,,,0
14000001029,'1910',2459,,65872,24,,,0,170,,65875,24,,,0
14000001029,'1912',549,,73589,24,0,18 7,0,1851,,70205,24,,,0,29,,73588,24,,,0,30,,65884,24,,,0,70,,70206,24,,,0,30,,73587,24,,,0,70,,65880,24,,,0
14000001029,'1924',2400,,70208,24,,,0,59,,65891,24,,,0,70,,70209,24,,,0,100,,65887,24,,,0
14000001029,'1925',549,,73592,24,0,18 7,0,1851,,70211,24,,,0,29,,73591,24,,,0,30,,65898,24,,,0,70,,70212,24,,,0,30,,73590,24,,,0,70,,65894,24,,,0
14000001029,'1955',549,,70203,24,0,18 7,0,1851,,70204,24,,,0,29,,65873,24,,,0,100,,70202,24,,,0,30,,65877,24,,,0
14000001029,'1956',549,,70210,24,0,18 7,0,1880,,65890,24,,,0,130,,65889,24,,,0
14000001029,'1957',549,,73593,24,0,18 7,0,1851,,73595,24,,,0,29,,73596,24,,,0,100,,73594,24,,,0,30,,73597,24,,,0
14000001029,'1958',549,,73600,24,0,18 7,0,1851,,73602,24,,,0,29,,73598,24,,,0,100,,73599,24,,,0,30,,73601,24,,,0
14000001029,'1959',549,,73605,24,0,18 7,0,1880,,73604,24,,,0,130,,73603,24,,,0
