2029,'1912',618,,70465,13,,,0,30,,70473,13,,,0,68,,70484,13,,,0,30,,70479,13,,,0,70,,70466,13,,,0,30,,70474,13,,,0,70,,70485,13,,,0,30,,70480,13,,,0,55,,66011,2,0,12,0,15,,70467,13,,,0,30,,70475,13,,,0,70,,70486,13,,,0,30,,70481,13,,,0,70,,70468,13,,,0,30,,70476,13,,,0,70,,70487,13,,,0,30,,70482,13,,,0,70,,70469,13,,,0,30,,70477,13,,,0,70,,70488,13,,,0,30,,70483,13,,,0,70,,70470,13,,,0,30,,70478,13,,,0,70,,70489,13,,,0,100,,70471,13,,,0,99,,70490,13,,,0,100,,70472,13,,,0,101,,70491,13,,,0,100,,70464,13,,,0
2029,'1924',1001,,66012,2,0,12,0
2029,'1925',618,,70497,13,,,0,30,,70505,13,,,0,68,,70516,13,,,0,30,,70511,13,,,0,70,,70498,13,,,0,30,,70506,13,,,0,70,,70517,13,,,0,30,,70512,13,,,0,55,,66013,2,0,12,0,15,,70499,13,,,0,30,,70507,13,,,0,70,,70518,13,,,0,30,,70513,13,,,0,70,,70500,13,,,0,30,,70508,13,,,0,70,,70519,13,,,0,30,,70514,13,,,0,70,,70501,13,,,0,30,,70509,13,,,0,70,,70520,13,,,0,30,,70515,13,,,0,70,,70502,13,,,0,30,,70510,13,,,0,70,,70521,13,,,0,100,,70503,13,,,0,99,,70522,13,,,0,100,,70504,13,,,0,101,,70523,13,,,0,100,,70496,13,,,0
2029,'1955',548,,59613,17,0,5 2 15 16 17,0,70,,59596,17,,,0,30,,59603,17,,,0,68,,59582,17,,,0,30,,59588,17,,,0,70,,59597,17,,,0,30,,59604,17,,,0,70,,59583,17,,,0,30,,59589,17,,,0,70,,59598,17,,,0,30,,59605,17,,,0,70,,59584,17,,,0,30,,59590,17,,,0,70,,59599,17,,,0,30,,59606,17,,,0,70,,59585,17,,,0,30,,59591,17,,,0,70,,59600,17,,,0,30,,59607,17,,,0,70,,59586,17,,,0,30,,59592,17,,,0,70,,59601,17,,,0,30,,59608,17,,,0,70,,59587,17,,,0,30,,59593,17,,,0,70,,59602,17,,,0,30,,59609,17,,,0,70,,59594,17,,,0,100,,59610,17,,,0,100,,59595,17,,,0,100,,59611,17,,,0
2029,'1956',618,,59650,17,,,0,30,,59658,17,,,0,68,,59669,17,,,0,30,,59664,17,,,0,70,,59651,17,,,0,30,,59659,17,,,0,70,,59670,17,,,0,30,,59665,17,,,0,70,,59652,17,,,0,30,,59660,17,,,0,70,,59671,17,,,0,30,,59666,17,,,0,70,,59653,17,,,0,30,,59661,17,,,0,70,,59672,17,,,0,30,,59667,17,,,0,70,,59654,17,,,0,30,,59662,17,,,0,70,,59673,17,,,0,30,,59668,17,,,0,70,,59655,17,,,0,30,,59663,17,,,0,70,,59674,17,,,0,100,,59656,17,,,0,99,,59675,17,,,0,100,,59657,17,,,0,101,,59676,17,,,0,100,,59649,17,,,0
2029,'1957',521,,70545,2,,,0,25,,70528,13,,,0,70,,70529,13,,,0,30,,70530,13,,,0,68,,70531,13,,,0,28,,70532,13,,,0,70,,70533,13,,,0,30,,70534,13,,,0,73,,70535,13,,,0,30,,70536,13,,,0,70,,70559,13,,,0,30,,70555,13,,,0,70,,70561,13,,,0,30,,70557,13,,,0,70,,70558,13,,,0,30,,70554,13,,,0,70,,70560,13,,,0,30,,70556,13,,,0,70,,70562,13,,,0,31,,70537,13,,,0,74,,70538,13,,,0,30,,70539,13,,,0,70,,70540,13,,,0,30,,70541,13,,,0,70,,70542,13,,,0,28,,70543,13,,,0,67,,70544,13,,,0,30,,70548,13,,,0,70,,70549,13,,,0,101,,70550,13,,,0,100,,70551,13,,,0,100,,70547,13,,,0
2029,'1958',548,,70594,13,,,0,70,,70577,13,,,0,30,,70584,13,,,0,68,,70563,13,,,0,30,,70569,13,,,0,70,,70578,13,,,0,30,,70585,13,,,0,70,,70564,13,,,0,30,,70570,13,,,0,70,,70579,13,,,0,30,,70586,13,,,0,70,,70565,13,,,0,30,,70571,13,,,0,70,,70580,13,,,0,30,,70587,13,,,0,70,,70566,13,,,0,30,,70572,13,,,0,70,,70581,13,,,0,30,,70588,13,,,0,70,,70567,13,,,0,30,,70573,13,,,0,70,,70582,13,,,0,30,,70589,13,,,0,70,,70568,13,,,0,30,,70574,13,,,0,70,,70583,13,,,0,30,,70590,13,,,0,70,,70575,13,,,0,100,,70591,13,,,0,100,,70576,13,,,0,100,,70592,13,,,0
2029,'1959',618,,70598,13,,,0,30,,70606,13,,,0,68,,70617,13,,,0,30,,70612,13,,,0,70,,70599,13,,,0,30,,70607,13,,,0,70,,70618,13,,,0,30,,70613,13,,,0,70,,70600,13,,,0,30,,70608,13,,,0,70,,70619,13,,,0,30,,70614,13,,,0,70,,70601,13,,,0,30,,70609,13,,,0,70,,70620,13,,,0,30,,70615,13,,,0,70,,70602,13,,,0,30,,70610,13,,,0,70,,70621,13,,,0,30,,70616,13,,,0,70,,70603,13,,,0,30,,70611,13,,,0,70,,70622,13,,,0,100,,70604,13,,,0,99,,70623,13,,,0,100,,70605,13,,,0,101,,70624,13,,,0,100,,70597,13,,,0
7029,'1909',513,,60618,13,,,0,35,,60617,13,0,13 35,0,67,,60588,13,,,0,1301,,60608,13,,,0,100,,60610,13,,,0,200,,60612,13,,,0
7029,'1910',816,,60635,13,,,0,230,,66633,13,,,0,70,,60638,13,,,0,200,,60640,13,,,0,30,,66636,13,,,0,70,,60641,13,,,0,100,,60642,13,,,0,100,,66647,13,,,0,100,,60644,13,,,0,230,,66642,13,,,0,70,,60647,13,,,0,100,,60648,13,,,0,200,,60650,13,,,0
7029,'1912',716,,60657,13,,,0,99,,60658,13,,,0,100,,60659,13,,,0,100,,60660,13,,,0,100,,60661,13,,,0,100,,60662,13,,,0,100,,60663,13,,,0,101,,60664,13,,,0,100,,60665,13,,,0,99,,60666,13,,,0,100,,60667,13,,,0,100,,60668,13,,,0,100,,60669,13,,,0,101,,60670,13,,,0,27,,71204,13,0,13 35,0,73,,60656,13,,,0
7029,'1924',716,,60691,13,,,0,99,,60692,13,,,0,100,,60693,13,,,0,100,,60694,13,,,0,100,,60695,13,,,0,100,,60696,13,,,0,100,,60697,13,,,0,101,,60698,13,,,0,100,,60699,13,,,0,99,,60700,13,,,0,100,,60701,13,,,0,100,,60702,13,,,0,100,,60703,13,,,0,101,,60704,13,,,0,100,,60690,13,,,0
7029,'1925',716,,60725,13,,,0,99,,60726,13,,,0,100,,60727,13,,,0,100,,60728,13,,,0,100,,60729,13,,,0,100,,60730,13,,,0,100,,60731,13,,,0,101,,60732,13,,,0,100,,60733,13,,,0,99,,60734,13,,,0,100,,60735,13,,,0,100,,60736,13,,,0,100,,60737,13,,,0,101,,60738,13,,,0,27,,71214,13,0,13 35,0,73,,60724,13,,,0
7029,'1949',1846,,66719,13,,,0
7029,'1955',617,,66651,2,,,0,29,,66629,13,,,0,70,,66643,13,,,0,30,,66630,13,,,0,100,,66631,13,,,0,70,,66644,13,,,0,30,,66632,13,,,0,70,,66645,13,,,0,130,,66634,13,,,0,70,,66646,13,,,0,30,,66635,13,,,0,200,,66637,13,,,0,100,,66638,13,,,0,100,,66639,13,,,0,100,,66640,13,,,0,70,,66648,13,,,0,30,,66641,13,,,0,70,,66649,13,,,0,300,,66650,13,,,0
7029,'1956',2043,,66674,13,0,13 35,0
7029,'1957',644,,71227,13,,,0,72,,71228,13,,,0,30,,71229,13,,,0,70,,71230,13,,,0,30,,71231,13,,,0,70,,71232,13,,,0,30,,71233,13,,,0,70,,71234,13,,,0,30,,71235,13,,,0,70,,71236,13,,,0,30,,71237,13,,,0,70,,71223,13,,,0,30,,71224,13,,,0,70,,71225,13,,,0,31,,71222,13,,,0,70,,71221,13,,,0,30,,71226,13,,,0,70,,71238,13,,,0,30,,71239,13,,,0,70,,71240,13,,,0,29,,71241,13,,,0,70,,71242,13,,,0,30,,71243,13,,,0,70,,71244,13,,,0,130,,71245,13,,,0,170,,71246,13,,,0,200,,71250,13,,,0
7029,'1958',617,,71269,2,,,0,29,,71251,13,,,0,70,,71262,13,,,0,30,,71252,13,,,0,100,,71253,13,,,0,70,,71263,13,,,0,30,,71254,13,,,0,70,,71264,13,,,0,130,,71255,13,,,0,70,,71265,13,,,0,30,,71256,13,,,0,200,,71257,13,,,0,100,,71258,13,,,0,100,,71259,13,,,0,100,,71260,13,,,0,70,,71266,13,,,0,30,,71261,13,,,0,70,,71267,13,,,0,300,,71268,13,,,0
7029,'1959',2043,,71275,13,0,13 35,0
14000001029,'1909',429,,65864,2,0,18 7,0,2012,,65871,2,,,0,170,,65870,2,,,0
14000001029,'1910',2441,,65872,2,,,0,170,,65875,2,,,0
14000001029,'1912',531,,73589,2,0,18 7,0,1811,,70205,2,,,0,69,,73588,2,,,0,30,,65884,2,,,0,70,,70206,2,,,0,30,,73587,2,,,0,70,,65880,2,,,0
14000001029,'1924',2342,,70208,2,,,0,99,,65891,2,,,0,70,,70209,2,,,0,100,,65887,2,,,0
14000001029,'1925',531,,73592,2,0,18 7,0,1811,,70211,2,,,0,69,,73591,2,,,0,30,,65898,2,,,0,70,,70212,2,,,0,30,,73590,2,,,0,70,,65894,2,,,0
14000001029,'1955',531,,70203,2,0,18 7,0,1811,,70204,2,,,0,69,,65873,2,,,0,100,,70202,2,,,0,30,,65877,2,,,0
14000001029,'1956',531,,70210,2,0,18 7,0,1880,,65890,2,,,0,130,,65889,2,,,0
14000001029,'1957',531,,73593,2,0,18 7,0,1811,,73595,2,,,0,69,,73596,2,,,0,100,,73594,2,,,0,30,,73597,2,,,0
14000001029,'1958',531,,73600,2,0,18 7,0,1811,,73602,2,,,0,69,,73598,2,,,0,100,,73599,2,,,0,30,,73601,2,,,0
14000001029,'1959',531,,73605,2,0,18 7,0,1880,,73604,2,,,0,130,,73603,2,,,0
