11019,'1912',923,,66957,30,,,0,100,,66958,30,,,0,100,,66959,30,,,0,103,,66960,30,,,0,100,,66961,30,,,0,100,,66962,30,,,0,100,,66963,30,,,0,99,,66964,30,,,0,100,,66965,30,,,0,100,,66966,30,,,0,97,,66967,30,,,0,100,,66968,30,,,0
11019,'1959',923,,66969,30,,,0,100,,66970,30,,,0,100,,66971,30,,,0,103,,66972,30,,,0,100,,66973,30,,,0,100,,66974,30,,,0,100,,66975,30,,,0,99,,66976,30,,,0,100,,66977,30,,,0,100,,66978,30,,,0,97,,66979,30,,,0,100,,66980,30,,,0
11019,'1967',723,,71500,30,,,0,100,,66945,30,,,0,102,,74382,30,,,0,101,,71502,30,,,0,100,,71503,30,,,0,102,,71504,30,,,0,100,,71505,30,,,0,100,,71506,30,,,0,100,,71507,30,,,0,98,,71508,30,,,0,100,,71509,30,,,0,100,,66955,30,,,0,97,,66942,30,,,0,100,,66943,30,,,0
11019,'1969',923,,66981,30,,,0,100,,66982,30,,,0,100,,66983,30,,,0,103,,66984,30,,,0,100,,66985,30,,,0,100,,66986,30,,,0,100,,66987,30,,,0,99,,66988,30,,,0,100,,66989,30,,,0,100,,66990,30,,,0,97,,66991,30,,,0,100,,66992,30,,,0
11019,'1976',725,,67009,30,,,0,101,,74374,30,,,0,103,,74375,30,,,0,100,,71488,30,,,0,100,,74376,30,,,0,100,,71490,30,,,0,100,,74377,30,,,0,100,,71492,30,,,0,100,,74378,30,,,0,100,,71494,30,,,0,100,,74379,30,,,0,98,,74380,30,,,0,99,,71496,30,,,0,100,,74381,30,,,0,99,,71498,30,,,0
11019,'1977',725,,75476,30,,,0,101,,75477,30,,,0,103,,75478,30,,,0,100,,75479,30,,,0,100,,75480,30,,,0,100,,75481,30,,,0,100,,75482,30,,,0,100,,75483,30,,,0,100,,75484,30,,,0,100,,75485,30,,,0,100,,75486,30,,,0,98,,75487,30,,,0,99,,75488,30,,,0,100,,75489,30,,,0,99,,75490,30,,,0
14019,'1912',658,,61463,26,,,0,100,,67238,26,,,0,101,,67227,26,,,0,100,,71631,26,,,0,100,,67229,26,,,0,143,,67230,26,,,0,100,,67231,26,,,0,101,,67232,26,,,0,100,,67233,26,,,0,100,,67234,26,,,0,99,,67235,26,,,0,100,,67236,26,,,0,100,,67237,26,,,0,99,,61451,26,,,0,105,,71630,26,,,0
14019,'1959',658,,61478,26,,,0,100,,67251,26,,,0,101,,67240,26,,,0,100,,71672,26,,,0,100,,67242,26,,,0,143,,67243,26,,,0,100,,67244,26,,,0,101,,67245,26,,,0,100,,67246,26,,,0,100,,67247,26,,,0,99,,67248,26,,,0,100,,67249,26,,,0,100,,67250,26,,,0,99,,61466,26,,,0,105,,71671,26,,,0
14019,'1967',657,,67210,26,,,0,100,,74438,26,,,0,143,,74439,26,,,0,100,,71664,26,,,0,100,,71665,26,,,0,104,,71666,26,,,0,100,,67216,26,,,0,100,,67217,26,,,0,100,,71667,26,,,0,100,,67219,26,,,0,98,,67220,26,,,0,100,,67221,26,,,0,100,,71668,26,,,0,57,,71669,26,,,0,100,,67224,26,,,0,100,,74440,26,,,0,100,,61449,26,,,0
14019,'1969',658,,61493,26,,,0,100,,67264,26,,,0,101,,67253,26,,,0,100,,71633,26,,,0,100,,67255,26,,,0,143,,67256,26,,,0,100,,67257,26,,,0,101,,67258,26,,,0,100,,67259,26,,,0,100,,67260,26,,,0,99,,67261,26,,,0,100,,67262,26,,,0,100,,67263,26,,,0,99,,61481,26,,,0,105,,71632,26,,,0
14019,'1976',534,,61431,26,,,0,100,,71660,26,,,0,82,,71634,26,,,0,30,,71647,26,,,0,68,,71635,26,,,0,22,,71648,26,,,0,71,,74432,26,,,0,29,,71649,26,,,0,70,,71637,26,,,0,30,,61417,26,,,0,70,,71638,26,,,0,30,,71650,26,,,0,70,,71639,26,,,0,30,,71651,26,,,0,70,,74433,26,,,0,30,,74435,26,,,0,70,,74434,26,,,0,31,,71653,26,,,0,73,,71642,26,,,0,30,,71654,26,,,0,80,,71643,26,,,0,30,,71655,26,,,0,67,,71644,26,,,0,30,,71656,26,,,0,70,,71645,26,,,0,19,,71657,26,,,0,70,,71646,26,,,0,30,,74436,26,,,0,69,,71661,26,,,0,29,,74437,26,,,0,92,,61428,26,,,0,100,,71659,26,,,0
14019,'1977',534,,75587,26,,,0,100,,75586,26,,,0,82,,75557,26,,,0,30,,75570,26,,,0,68,,75558,26,,,0,22,,75571,26,,,0,71,,75559,26,,,0,29,,75572,26,,,0,70,,75560,26,,,0,30,,75573,26,,,0,70,,75561,26,,,0,30,,75574,26,,,0,70,,75562,26,,,0,30,,75575,26,,,0,70,,75563,26,,,0,30,,75576,26,,,0,70,,75564,26,,,0,31,,75577,26,,,0,73,,75565,26,,,0,30,,75578,26,,,0,80,,75566,26,,,0,30,,75579,26,,,0,67,,75567,26,,,0,30,,75580,26,,,0,70,,75568,26,,,0,19,,75581,26,,,0,70,,75569,26,,,0,30,,75582,26,,,0,69,,75588,26,,,0,29,,75583,26,,,0,92,,75584,26,,,0,100,,75585,26,,,0
