22019,'1912',658,,67626,11,0,19 2 32 26,0,100,,71967,11,0,19 2 32 26,0,100,,71964,13,,,0,93,,71965,13,,,0,100,,71959,13,,,0,100,,71963,13,,,0,100,,71960,13,,,0,100,,71961,13,,,0,100,,71958,13,,,0,100,,71962,13,,,0,100,,67620,13,,,0,100,,62212,11,0,19 2 32 26,0,100,,62213,11,0,19 2 32 26,0,100,,62214,11,0,19 2 32 26,0,107,,71966,11,0,19 2 32 26,0
22019,'1959',658,,67638,11,0,19 2 32 26,0,100,,72009,11,0,19 2 32 26,0,100,,72006,13,,,0,93,,72007,13,,,0,100,,72001,13,,,0,100,,72005,13,,,0,100,,72002,13,,,0,100,,72003,13,,,0,100,,72000,13,,,0,100,,72004,13,,,0,100,,67632,13,,,0,100,,62227,11,0,19 2 32 26,0,100,,62228,11,0,19 2 32 26,0,100,,62229,11,0,19 2 32 26,0,107,,72008,11,0,19 2 32 26,0
22019,'1967',630,,62202,11,0,19 2 32 26,0,23,,62195,11,0,19 2 32 26,0,70,,62191,11,0,19 2 32 26,0,30,,62196,11,0,19 2 32 26,0,70,,62192,11,0,19 2 32 26,0,31,,62172,13,,,0,72,,62173,13,,,0,30,,62174,13,,,0,70,,62175,13,,,0,30,,62176,13,,,0,70,,62177,13,,,0,30,,62178,13,,,0,70,,62179,13,,,0,31,,62180,13,,,0,70,,62181,13,,,0,30,,62182,13,,,0,70,,62183,13,,,0,31,,62184,13,,,0,70,,62185,13,,,0,30,,62186,13,,,0,70,,62187,13,,,0,29,,62188,13,,,0,70,,62189,13,,,0,29,,62197,11,0,19 2 32 26,0,70,,62193,11,0,19 2 32 26,0,30,,62198,11,0,19 2 32 26,0,68,,62190,11,0,19 2 32 26,0,30,,62199,11,0,19 2 32 26,0,69,,62194,11,0,19 2 32 26,0,30,,62200,11,0,19 2 32 26,0,70,,62201,11,0,19 2 32 26,0
22019,'1969',658,,67650,11,0,19 2 32 26,0,100,,71977,11,0,19 2 32 26,0,100,,71974,13,,,0,93,,71975,13,,,0,100,,71969,13,,,0,100,,71973,13,,,0,100,,71970,13,,,0,100,,71971,13,,,0,100,,71968,13,,,0,100,,71972,13,,,0,100,,67644,13,,,0,100,,62242,11,0,19 2 32 26,0,100,,62243,11,0,19 2 32 26,0,100,,62244,11,0,19 2 32 26,0,107,,71976,11,0,19 2 32 26,0
22019,'1976',604,,62171,11,0,19 2 32 26,0,52,,71978,11,0,19 2 32 26,0,70,,71979,11,0,19 2 32 26,0,75,,74520,13,,,0,30,,74521,13,,,0,72,,74522,13,,,0,29,,71983,13,,,0,70,,71984,13,,,0,30,,74523,13,,,0,70,,71986,13,,,0,30,,71987,13,,,0,70,,71988,13,,,0,30,,71989,13,,,0,70,,71990,13,,,0,30,,71991,13,,,0,70,,71992,13,,,0,30,,74524,13,,,0,73,,74525,13,,,0,29,,74526,13,,,0,69,,74535,13,,,0,30,,74527,13,,,0,68,,74528,13,,,0,28,,74529,13,,,0,29,,74530,13,,,0,69,,74531,13,,,0,30,,74532,13,,,0,70,,74533,13,,,0,30,,71997,13,,,0,69,,74534,13,,,0,30,,71998,13,,,0,68,,71999,11,0,19 2 32 26,0
22019,'1977',656,,75741,11,0,19 2 32 26,0,70,,75742,11,0,19 2 32 26,0,75,,75743,13,,,0,30,,75744,13,,,0,72,,75745,13,,,0,29,,75746,13,,,0,70,,75747,13,,,0,30,,75748,13,,,0,70,,75749,13,,,0,30,,75750,13,,,0,70,,75751,13,,,0,30,,75752,13,,,0,70,,75753,13,,,0,30,,75754,13,,,0,70,,75755,13,,,0,30,,75756,13,,,0,73,,75757,13,,,0,29,,75758,13,,,0,69,,75770,13,,,0,30,,75759,13,,,0,68,,75760,13,,,0,28,,75761,13,,,0,29,,75762,13,,,0,69,,75763,13,,,0,30,,75764,13,,,0,70,,75765,13,,,0,30,,75766,13,,,0,69,,75767,13,,,0,30,,75768,13,,,0,68,,75769,11,0,19 2 32 26,0
600029,'1977',658,,76200,1,,,0,80,,76198,1,,,0,2,,76190,13,,,0,91,,76191,13,,,0,511,,76197,1,,,0,70,,76199,1,,,0,19,,76192,13,,,0,28,,76193,13,,,0,67,,76194,13,,,0,100,,76195,13,,,0,90,,76196,13,,,0
601019,'1959',608,,64051,1,,,0
601019,'1967',608,,64013,1,,,0
601019,'1976',640,,63982,1,,,0,65,,63994,1,,,0,715,,63956,1,,,0,30,,63993,1,,,0
602019,'1912',2235,,64193,16,,,0,70,,64194,16,,,0,30,,64195,16,,,0
602019,'1959',636,,64230,15,,,0,67,,64226,16,,,0,30,,64225,16,,,0,70,,64224,16,,,0,30,,64220,16,,,0,70,,64219,16,,,0,30,,64217,16,,,0,70,,64216,16,,,0,30,,64222,16,,,0,70,,64223,16,,,0,31,,64221,16,,,0,71,,64218,16,,,0,30,,64215,16,,,0,70,,64212,16,,,0,30,,64211,16,,,0,70,,64210,16,,,0,30,,64209,16,,,0,70,,64200,16,,,0,30,,64202,16,,,0,70,,64208,16,,,0,30,,64207,16,,,0,70,,64204,16,,,0,30,,64203,16,,,0,70,,64198,16,,,0,30,,64197,16,,,0,70,,64205,16,,,0,30,,64206,16,,,0,70,,64199,16,,,0,30,,64201,16,,,0,70,,64196,16,,,0,30,,64227,16,,,0,70,,64229,16,,,0,30,,64213,16,,,0,70,,64214,16,,,0,30,,64228,16,,,0
602019,'1967',638,,64192,15,,,0,67,,64190,16,,,0,30,,64191,16,,,0,70,,64181,16,,,0,30,,64182,16,,,0,71,,64180,16,,,0,31,,64179,16,,,0,70,,64178,16,,,0,30,,64177,16,,,0,70,,64188,16,,,0,30,,64187,16,,,0,70,,64186,16,,,0,30,,64185,16,,,0,70,,64184,16,,,0,30,,64183,16,,,0,70,,64175,16,,,0,30,,64176,16,,,0,70,,64189,16,,,0,30,,64174,16,,,0,70,,64173,16,,,0,30,,64172,16,,,0,70,,64171,16,,,0,30,,64170,16,,,0,70,,64168,16,,,0,30,,64169,16,,,0,70,,64167,16,,,0,30,,64160,16,,,0,69,,64161,16,,,0,29,,64159,16,,,0,70,,64162,16,,,0,30,,64165,16,,,0,70,,64166,16,,,0,30,,64164,16,,,0,70,,64163,16,,,0,28,,64158,16,,,0
602019,'1969',2135,,64233,16,,,0,70,,64235,16,,,0,30,,64231,16,,,0,70,,64232,16,,,0,30,,64234,16,,,0
602019,'1976',623,,64133,15,,,0,29,,64113,15,0,19 2 11 2 32 26,0,60,,64157,15,0,19 2 11 2 32 26,0,15,,64125,15,0,19 2 11 2 32 26,0,15,,64112,15,0,19 2 11 2 32 26,0,15,,64115,15,0,19 2 11 2 32 26,0,55,,64126,15,0,19 2 11 2 32 26,0,15,,64120,15,0,19 2 11 2 32 26,0,15,,64135,15,0,19 2 11 2 32 26,0,15,,64116,15,0,19 2 11 2 32 26,0,57,,64151,16,,,0,22,,64147,15,,,0,70,,74964,15,,,0,30,,74963,15,,,0,70,,64145,15,,,0,30,,64144,15,,,0,70,,64143,15,,,0,30,,74965,15,,,0,70,,74962,15,,,0,30,,64109,15,,,0,70,,64110,15,,,0,28,,64111,15,,,0,67,,64123,15,0,19 2 11 2 32 26,0,13,,64130,15,0,19 2 11 2 32 26,0,15,,64124,15,0,19 2 11 2 32 26,0,15,,64129,15,0,19 2 11 2 32 26,0,15,,64117,15,0,19 2 11 2 32 26,0,55,,64128,15,0,19 2 11 2 32 26,0,15,,64122,15,0,19 2 11 2 32 26,0,15,,64132,15,0,19 2 11 2 32 26,0,14,,64121,15,0,19 2 11 2 32 26,0,53,,64127,15,0,19 2 11 2 32 26,0,14,,64118,15,0,19 2 11 2 32 26,0,15,,64131,15,0,19 2 11 2 32 26,0,15,,64114,15,0,19 2 11 2 32 26,0,55,,64134,15,0,19 2 11 2 32 26,0,15,,64119,15,0,19 2 11 2 32 26,0,18,,64150,16,,,0,57,,64141,16,,,0,30,,64136,16,,,0,12,,64154,16,,,0,58,,64140,16,,,0,30,,64139,16,,,0,70,,64137,16,,,0,29,,64138,16,,,0,30,,64152,16,,,0,70,,64156,16,,,0,30,,64153,16,,,0,76,,64155,16,,,0
602019,'1977',2129,,76206,16,,,0,30,,76207,16,,,0,70,,76210,16,,,0,30,,76208,16,,,0,76,,76209,16,,,0
