609,'1912',841,,70905,1,0,5 2 6 7,0,100,,70910,1,0,5 2 6 7,0,100,,70921,1,0,5 2 6 7,0,100,,70911,1,0,5 2 6 7,0,102,,70922,1,0,5 2 6 7,0,100,,70909,1,0,5 2 6 7,0,100,,70920,1,0,5 2 6 7,0,100,,70908,1,0,5 2 6 7,0,100,,70919,1,0,5 2 6 7,0,100,,70907,1,0,5 2 6 7,0,98,,70923,1,0,5 2 6 7,0,100,,70912,1,0,5 2 6 7,0
609,'1925',841,,70941,1,0,5 2 6 7,0,100,,70946,1,0,5 2 6 7,0,100,,70957,1,0,5 2 6 7,0,100,,70947,1,0,5 2 6 7,0,102,,70958,1,0,5 2 6 7,0,100,,70945,1,0,5 2 6 7,0,100,,70956,1,0,5 2 6 7,0,100,,70944,1,0,5 2 6 7,0,100,,70955,1,0,5 2 6 7,0,100,,70943,1,0,5 2 6 7,0,98,,70959,1,0,5 2 6 7,0,100,,70948,1,0,5 2 6 7,0
609,'1955',612,,66377,14,0,15 16 17,0,30,,66358,14,0,15 16 17,0,70,,66346,14,0,15 16 17,0,30,,60217,14,0,15 16 17,0,70,,66345,14,0,15 16 17,0,30,,66357,14,0,15 16 17,0,70,,66344,14,0,15 16 17,0,28,,66370,14,0,15 16 17,0,70,,66343,14,0,15 16 17,0,30,,66356,14,0,15 16 17,0,73,,66342,14,0,15 16 17,0,30,,66369,14,0,15 16 17,0,70,,66341,14,0,15 16 17,0,30,,66355,14,0,15 16 17,0,70,,66340,14,0,15 16 17,0,30,,66368,14,0,15 16 17,0,70,,66339,14,0,15 16 17,0,30,,66354,14,0,15 16 17,0,70,,66338,14,0,15 16 17,0,30,,66367,14,0,15 16 17,0,70,,66337,14,0,15 16 17,0,30,,66353,14,0,15 16 17,0,70,,66336,14,0,15 16 17,0,30,,66373,14,0,15 16 17,0,70,,60204,14,0,15 16 17,0,30,,66371,14,0,15 16 17,0,68,,66374,14,4,,0,100,,66335,1,0,5 2 6 7,0,100,,66379,1,0,5 2 6 7,0
609,'1956',841,,66421,1,0,5 2 6 7,0,100,,66426,1,0,5 2 6 7,0,100,,66437,1,0,5 2 6 7,0,100,,66427,1,0,5 2 6 7,0,102,,66438,1,0,5 2 6 7,0,100,,66425,1,0,5 2 6 7,0,100,,66436,1,0,5 2 6 7,0,100,,66424,1,0,5 2 6 7,0,100,,66435,1,0,5 2 6 7,0,100,,66423,1,0,5 2 6 7,0,98,,66439,1,0,5 2 6 7,0,100,,66428,1,0,5 2 6 7,0
609,'1957',621,,71022,14,0,15 16 17,0,35,,70980,14,0,15 16 17,0,72,,70977,14,0,15 16 17,0,30,,70989,14,0,15 16 17,0,70,,70991,14,0,15 16 17,0,30,,71000,14,0,15 16 17,0,70,,71021,14,0,15 16 17,0,30,,70988,14,0,15 16 17,0,70,,70997,14,0,15 16 17,0,30,,70998,14,0,15 16 17,0,70,,70996,14,0,15 16 17,0,30,,71019,14,0,15 16 17,0,70,,71018,14,0,15 16 17,0,30,,71015,14,0,15 16 17,0,70,,71016,14,0,15 16 17,0,30,,71017,14,0,15 16 17,0,70,,71014,14,0,15 16 17,0,31,,71012,14,0,15 16 17,0,70,,71013,14,0,15 16 17,0,30,,71011,14,0,15 16 17,0,70,,71009,14,0,15 16 17,0,30,,71008,14,0,15 16 17,0,70,,71010,14,0,15 16 17,0,27,,71007,14,0,15 16 17,0,65,,71006,14,0,15 16 17,0,30,,71005,14,0,15 16 17,0,90,,71003,14,0,15 16 17,0,100,,71004,14,0,15 16 17,0,100,,71002,14,0,15 16 17,0,100,,71024,14,0,15 16 17,0
609,'1958',612,,71081,14,0,15 16 17,0,30,,71060,14,0,15 16 17,0,70,,71048,14,0,15 16 17,0,30,,71074,14,0,15 16 17,0,70,,71047,14,0,15 16 17,0,30,,71059,14,0,15 16 17,0,70,,71046,14,0,15 16 17,0,28,,71073,14,0,15 16 17,0,70,,71045,14,0,15 16 17,0,30,,71058,14,0,15 16 17,0,73,,71044,14,0,15 16 17,0,30,,71072,14,0,15 16 17,0,70,,71043,14,0,15 16 17,0,30,,71057,14,0,15 16 17,0,70,,71042,14,0,15 16 17,0,30,,71071,14,0,15 16 17,0,70,,71041,14,0,15 16 17,0,30,,71056,14,0,15 16 17,0,70,,71040,14,0,15 16 17,0,30,,71070,14,0,15 16 17,0,70,,71039,14,0,15 16 17,0,30,,71055,14,0,15 16 17,0,70,,71038,14,0,15 16 17,0,30,,71077,14,0,15 16 17,0,70,,71061,14,0,15 16 17,0,30,,71075,14,0,15 16 17,0,68,,71078,14,4,,0,100,,71037,1,0,5 2 6 7,0,100,,71083,1,0,5 2 6 7,0
609,'1959',841,,71089,1,0,5 2 6 7,0,100,,71094,1,0,5 2 6 7,0,100,,71105,1,0,5 2 6 7,0,100,,71095,1,0,5 2 6 7,0,102,,71106,1,0,5 2 6 7,0,100,,71093,1,0,5 2 6 7,0,100,,71104,1,0,5 2 6 7,0,100,,71092,1,0,5 2 6 7,0,100,,71103,1,0,5 2 6 7,0,100,,71091,1,0,5 2 6 7,0,98,,71107,1,0,5 2 6 7,0,100,,71096,1,0,5 2 6 7,0
11029,'1909',814,,61170,7,,,0
11029,'1910',713,,67037,7,,,0,1001,,67033,7,,,0,100,,67034,7,,,0,99,,67035,7,,,0
11029,'1912',812,,67039,7,,,0,100,,67040,7,,,0,104,,67041,7,,,0,100,,67042,7,,,0,100,,67043,7,,,0,100,,67044,7,,,0,100,,67045,7,,,0,100,,67046,7,,,0,100,,67047,7,,,0,98,,67048,7,,,0,100,,67049,7,,,0,99,,67050,7,,,0,100,,61211,7,,,0
11029,'1924',812,,67051,7,,,0,100,,67052,7,,,0,104,,67053,7,,,0,100,,67054,7,,,0,100,,67055,7,,,0,100,,67056,7,,,0,100,,67057,7,,,0,100,,67058,7,,,0,100,,67059,7,,,0,98,,67060,7,,,0,100,,67061,7,,,0,99,,67062,7,,,0,100,,61224,7,,,0
11029,'1925',812,,67063,7,,,0,100,,67064,7,,,0,104,,67065,7,,,0,100,,67066,7,,,0,100,,67067,7,,,0,100,,67068,7,,,0,100,,67069,7,,,0,100,,67070,7,,,0,100,,67071,7,,,0,98,,67072,7,,,0,100,,67073,7,,,0,99,,67074,7,,,0,100,,61237,7,,,0
11029,'1949',1716,,67097,7,,,0
11029,'1955',813,,67024,7,,,0,100,,67025,7,,,0,104,,67026,7,,,0,100,,67027,7,,,0,100,,67028,7,,,0,100,,67029,7,,,0,100,,67030,7,,,0,100,,67031,7,,,0,100,,67032,7,,,0,396,,67036,7,,,0
11029,'1957',713,,71512,7,,,0,201,,71513,7,,,0,101,,71514,7,,,0,100,,71515,7,,,0,100,,71516,7,,,0,100,,71517,7,,,0,101,,71518,7,,,0,100,,71519,7,,,0,100,,71520,7,,,0,198,,71521,7,,,0,100,,71522,7,,,0,100,,71523,7,,,0,99,,71511,7,,,0
11029,'1958',813,,71524,7,,,0,100,,71525,7,,,0,104,,71526,7,,,0,100,,71527,7,,,0,100,,71528,7,,,0,100,,71529,7,,,0,100,,71530,7,,,0,100,,71531,7,,,0,100,,71532,7,,,0,396,,71533,7,,,0
15019,'1909',705,,61509,52,,,0,836,,61526,52,,,0,296,,61532,52,,,0
15019,'1910',939,,61542,52,,,0,302,,61545,52,,,0,204,,61547,52,,,0,100,,61548,52,,,0,100,,61549,52,,,0,100,,67300,52,,,0,97,,61551,52,,,0
15019,'1912',738,,61566,52,,,0,100,,61564,52,,,0,100,,61567,52,,,0,102,,61565,52,,,0,100,,61562,52,,,0,100,,61560,52,,,0,103,,61563,52,,,0,100,,61561,52,,,0,100,,61558,52,,,0,99,,61559,52,,,0,100,,61556,52,,,0,100,,61557,52,,,0,100,,61555,52,,,0,97,,71673,52,,,0
15019,'1924',738,,61580,52,,,0,100,,61578,52,,,0,100,,61581,52,,,0,102,,61579,52,,,0,100,,61576,52,,,0,100,,61574,52,,,0,103,,61577,52,,,0,100,,61575,52,,,0,100,,61572,52,,,0,99,,61573,52,,,0,100,,61570,52,,,0,100,,61571,52,,,0,100,,61569,52,,,0
15019,'1925',738,,61594,52,,,0,100,,61592,52,,,0,100,,61595,52,,,0,102,,61593,52,,,0,100,,61590,52,,,0,100,,61588,52,,,0,103,,61591,52,,,0,100,,61589,52,,,0,100,,61586,52,,,0,99,,61587,52,,,0,100,,61584,52,,,0,100,,61585,52,,,0,100,,61583,52,,,0,97,,71674,52,,,0
15019,'1949',612,,67336,18,0,5 2 6 7,0,198,,67326,52,,,0,1495,,67335,52,0,5 2 6 7,0
15019,'1955',614,,67303,18,0,5 2 6 7,0,125,,67295,52,,,0,100,,67296,52,,,0,202,,67297,52,,,0,100,,67298,52,,,0,204,,67299,52,,,0,597,,67301,52,,,0,96,,67302,52,,,0
15019,'1956',2039,,67305,52,,,0
15019,'1957',735,,71675,52,,,0,105,,71676,52,,,0,68,,71677,52,,,0,30,,71678,52,,,0,70,,71679,52,,,0,30,,71680,52,,,0,70,,71681,52,,,0,30,,71682,52,,,0,70,,71683,52,,,0,30,,71684,52,,,0,70,,71685,52,,,0,30,,71686,52,,,0,70,,71687,52,,,0,30,,71688,52,,,0,73,,71689,52,,,0,100,,71690,52,,,0,29,,71691,52,,,0,68,,71692,52,,,0,30,,71693,52,,,0,69,,71694,52,,,0,100,,71695,52,,,0,30,,71699,52,,,0,70,,71696,52,,,0,98,,71697,52,,,0,100,,71698,52,,,0
15019,'1958',614,,71707,18,0,5 2 6 7,0,125,,71700,52,,,0,100,,71701,52,,,0,202,,71702,52,,,0,100,,71703,52,,,0,204,,71704,52,,,0,597,,71705,52,,,0,96,,71706,52,,,0
15019,'1959',2039,,71708,52,,,0
