2019,'1912',718,6,70341,40,,,0,30,6,70318,40,,,0,70,6,70322,40,,,0,30,6,70334,40,,,0,70,4,70329,40,,,0,30,4,70319,40,,,0,70,4,70323,40,,,0,30,4,70335,40,,,0,70,4,70330,40,,,0,30,4,70320,40,,,0,70,4,70324,40,,,0,30,4,70336,40,,,0,70,4,70331,40,,,0,30,4,70321,40,,,0,70,4,70325,40,,,0,30,4,70337,40,,,0,70,4,70332,40,,,0,30,4,70316,40,,,0,70,4,70326,40,,,0,30,4,70338,40,,,0,70,4,70333,40,,,0,30,4,70314,40,,,0,70,4,70327,40,,,0,30,4,70339,40,,,0,100,4,70315,40,,,0,102,7,70340,40,,,0,100,7,70317,40,,,0,95,2,70328,40,,,0,100,3,70342,40,,,0
2019,'1925',718,6,70370,40,,,0,30,6,70347,40,,,0,70,6,70351,40,,,0,30,6,70363,40,,,0,70,4,70358,40,,,0,30,4,70348,40,,,0,70,4,70352,40,,,0,30,4,70364,40,,,0,70,4,70359,40,,,0,30,4,70349,40,,,0,70,4,70353,40,,,0,30,4,70365,40,,,0,70,4,70360,40,,,0,30,4,70350,40,,,0,70,4,70354,40,,,0,30,4,70366,40,,,0,70,4,70361,40,,,0,30,4,70345,40,,,0,70,4,70355,40,,,0,30,4,70367,40,,,0,70,4,70362,40,,,0,30,4,70343,40,,,0,70,4,70356,40,,,0,30,4,70368,40,,,0,100,4,70344,40,,,0,102,7,70369,40,,,0,100,7,70346,40,,,0,95,2,70357,40,,,0,100,3,70371,40,,,0
2019,'1955',648,6,59396,31,,,0,70,6,59403,40,,,0,30,6,59412,40,,,0,70,6,59419,40,,,0,30,6,59397,40,,,0,70,6,59404,40,,,0,30,6,59413,40,,,0,68,2,59420,40,,,0,31,2,59398,40,,,0,70,2,59405,40,,,0,30,2,59414,40,,,0,70,2,59421,40,,,0,30,2,59399,40,,,0,70,2,59406,40,,,0,30,2,59415,40,,,0,70,2,59422,40,,,0,30,2,59400,40,,,0,70,2,59407,40,,,0,30,2,59416,40,,,0,70,2,59423,40,,,0,30,2,59401,40,,,0,70,2,59408,40,,,0,30,2,59417,40,,,0,70,2,59424,40,,,0,30,2,59402,40,,,0,70,2,59409,40,,,0,30,2,59418,40,,,0,101,5,59410,40,,,0,100,5,59425,40,,,0,97,2,59411,40,,,0,98,,59426,40,,,0
2019,'1956',718,6,59483,40,,,0,30,6,59460,40,,,0,70,6,59464,40,,,0,30,6,59476,40,,,0,70,4,59471,40,,,0,30,4,59461,40,,,0,70,4,59465,40,,,0,30,4,59477,40,,,0,70,4,59472,40,,,0,30,4,59462,40,,,0,70,4,59466,40,,,0,30,4,59478,40,,,0,70,4,59473,40,,,0,30,4,59463,40,,,0,70,4,59467,40,,,0,30,4,59479,40,,,0,70,4,59474,40,,,0,30,4,59458,40,,,0,70,4,59468,40,,,0,30,4,59480,40,,,0,70,4,59475,40,,,0,30,4,59456,40,,,0,70,4,59469,40,,,0,30,4,59481,40,,,0,100,4,59457,40,,,0,102,7,59482,40,,,0,100,7,59459,40,,,0,95,2,59470,40,,,0,100,3,59484,40,,,0
2019,'1957',507,,70403,31,4,,0,138,2,70372,40,,,0,69,,70373,40,,,0,30,,70374,40,,,0,70,,70375,40,,,0,33,2,70376,40,,,0,71,2,70377,40,,,0,31,2,70394,40,,,0,70,2,70395,40,,,0,30,2,70396,40,,,0,70,2,70397,40,,,0,30,2,70398,40,,,0,70,2,70399,40,,,0,30,2,70400,40,,,0,70,2,70401,40,,,0,30,2,70402,40,,,0,70,2,70392,40,,,0,33,2,70393,40,,,0,70,,70378,40,,,0,30,,70379,40,,,0,70,,70380,40,,,0,30,,70381,40,,,0,70,,70382,40,,,0,27,,70383,40,,,0,70,2,70384,40,,,0,30,2,70385,40,,,0,70,2,70391,40,,,0,30,2,70386,40,,,0,98,3,70387,40,,,0,100,3,70388,40,,,0,100,3,70389,40,,,0,97,,70390,40,,,0
2019,'1958',648,6,70404,31,,,0,70,6,70411,40,,,0,30,6,70420,40,,,0,70,6,70427,40,,,0,30,6,70405,40,,,0,70,6,70412,40,,,0,30,6,70421,40,,,0,68,2,70428,40,,,0,31,2,70406,40,,,0,70,2,70413,40,,,0,30,2,70422,40,,,0,70,2,70429,40,,,0,30,2,70407,40,,,0,70,2,70414,40,,,0,30,2,70423,40,,,0,70,2,70430,40,,,0,30,2,70408,40,,,0,70,2,70415,40,,,0,30,2,70424,40,,,0,70,2,70431,40,,,0,30,2,70409,40,,,0,70,2,70416,40,,,0,30,2,70425,40,,,0,70,2,70432,40,,,0,30,2,70410,40,,,0,70,2,70417,40,,,0,30,2,70426,40,,,0,101,5,70418,40,,,0,100,5,70433,40,,,0,97,2,70419,40,,,0,98,,70434,40,,,0
2019,'1959',718,6,70462,40,,,0,30,6,70439,40,,,0,70,6,70443,40,,,0,30,6,70455,40,,,0,70,4,70450,40,,,0,30,4,70440,40,,,0,70,4,70444,40,,,0,30,4,70456,40,,,0,70,4,70451,40,,,0,30,4,70441,40,,,0,70,4,70445,40,,,0,30,4,70457,40,,,0,70,4,70452,40,,,0,30,4,70442,40,,,0,70,4,70446,40,,,0,30,4,70458,40,,,0,70,4,70453,40,,,0,30,4,70437,40,,,0,70,4,70447,40,,,0,30,4,70459,40,,,0,70,4,70454,40,,,0,30,4,70435,40,,,0,70,4,70448,40,,,0,30,4,70460,40,,,0,100,4,70436,40,,,0,102,7,70461,40,,,0,100,7,70438,40,,,0,95,2,70449,40,,,0,100,3,70463,40,,,0
7019,'1909',545,,60398,20,,,0,72,,60370,1,,,0,31,,60397,20,,,0,1299,,60375,20,,,0,100,,60374,20,,,0,198,,60373,20,,,0
7019,'1910',617,,66558,1,,,0,230,,60423,20,,,0,271,,66542,20,,,0,30,,60426,20,,,0,200,,60428,20,,,0,70,,66551,20,,,0,30,,60429,20,,,0,100,,60430,20,,,0,100,,66550,20,,,0,100,,60432,20,,,0,267,,66556,20,,,0,30,,60411,20,,,0,70,,66559,1,,,0,30,,60412,20,,,0,70,,60442,5,,,0
7019,'1912',547,,71129,1,,,0,70,,60458,1,,,0,30,,60459,1,,,0,68,,66560,1,,,0,30,,60448,20,,,0,71,,66571,5,,,0,30,,60449,20,,,0,73,,71124,5,,,0,27,,60457,20,,,0,73,,71128,5,,,0,28,,60450,20,,,0,72,,71123,5,,,0,28,,60451,20,,,0,72,,71127,5,,,0,28,,60452,20,,,0,73,,71122,5,,,0,27,,60453,20,,,0,73,,71126,5,,,0,28,,60454,20,,,0,73,,71121,5,,,0,27,,60455,20,,,0,73,,71125,5,,,0,26,,60456,20,,,0,73,,71120,5,,,0,27,,60444,20,,,0,72,,66566,5,,,0,27,,60445,20,,,0,72,,60466,5,,,0,27,,60443,20,,,0,72,,60467,5,,,0,28,,60447,20,,,0,72,,60474,5,,,0,28,,60446,20,,,0,70,,60477,1,,,0,30,,60476,1,,,0
7019,'1924',617,,60493,1,,,0,30,,60494,1,,,0,68,,66573,1,,,0,30,,60483,20,,,0,71,,66584,5,,,0,30,,60484,20,,,0,100,,60492,20,,,0,101,,60485,20,,,0,100,,60486,20,,,0,100,,60487,20,,,0,100,,60488,20,,,0,101,,60489,20,,,0,100,,60490,20,,,0,99,,60491,20,,,0,100,,60479,20,,,0,72,,66579,5,,,0,27,,60480,20,,,0,72,,60501,5,,,0,27,,60478,20,,,0,72,,60502,5,,,0,28,,60482,20,,,0,72,,60509,5,,,0,28,,60481,20,,,0,70,,60512,1,,,0,30,,60511,1,,,0
7019,'1925',547,,71139,1,,,0,70,,60528,1,,,0,30,,60529,1,,,0,68,,66586,1,,,0,30,,60518,20,,,0,71,,66597,5,,,0,30,,60519,20,,,0,73,,71134,5,,,0,27,,60527,20,,,0,73,,71138,5,,,0,28,,60520,20,,,0,72,,71133,5,,,0,28,,60521,20,,,0,72,,71137,5,,,0,28,,60522,20,,,0,73,,71132,5,,,0,27,,60523,20,,,0,73,,71136,5,,,0,28,,60524,20,,,0,73,,71131,5,,,0,27,,60525,20,,,0,73,,71135,5,,,0,26,,60526,20,,,0,73,,71130,5,,,0,27,,60514,20,,,0,72,,66592,5,,,0,27,,60515,20,,,0,72,,60536,5,,,0,27,,60513,20,,,0,72,,60537,5,,,0,28,,60517,20,,,0,72,,60544,5,,,0,28,,60516,20,,,0,70,,60547,1,,,0,30,,60546,1,,,0
7019,'1949',1919,,66622,20,,,0
7019,'1955',645,,66545,20,,,0,70,,66538,20,,,0,30,,66546,20,,,0,70,,66539,20,,,0,102,,66540,20,,,0,30,,66547,20,,,0,71,,66541,20,,,0,30,,66548,20,,,0,170,,66543,20,,,0,30,,66549,20,,,0,70,,66544,20,,,0,200,,66553,20,,,0,100,,66552,20,,,0,100,,66554,20,,,0,100,,66557,20,,,0,29,,66535,20,,,0,69,,66555,20,,,0,30,,66536,20,,,0,299,,66537,20,,,0
7019,'1956',547,,66585,1,,,0,372,,66578,5,,,0,100,,66583,5,,,0,100,,66577,5,,,0,100,,66582,5,,,0,101,,66576,5,,,0,100,,66581,5,,,0,101,,66575,5,,,0,100,,66580,5,,,0,99,,66574,5,,,0
7019,'1957',509,,71167,1,,,0,210,,71162,20,,,0,32,,71161,20,,,0,72,,71160,20,,,0,27,,71159,20,,,0,70,,71155,20,,,0,30,,71157,20,,,0,70,,71158,20,,,0,30,,71156,20,,,0,70,,71154,20,,,0,30,,71166,20,,,0,70,,71165,20,,,0,30,,71164,20,,,0,70,,71163,20,,,0,30,,71147,20,,,0,71,,71153,20,,,0,33,,71146,20,,,0,51,3,71169,5,,,0,22,,71145,20,,,0,13,,71168,1,,,0,13,,71152,20,,,0,70,,71151,20,,,0,30,,71150,20,,,0,68,,71144,20,,,0,29,,71143,20,,,0,70,,71142,20,,,0,30,,71149,20,,,0,167,,71148,20,,,0,99,,71140,1,,,0,30,,71141,20,,,0,70,,71170,5,,,0,129,,71171,20,,,0
7019,'1958',645,,71181,20,,,0,70,,71175,20,,,0,30,,71182,20,,,0,70,,71176,20,,,0,102,,71177,20,,,0,30,,71183,20,,,0,71,,71178,20,,,0,30,,71184,20,,,0,170,,71179,20,,,0,30,,71185,20,,,0,70,,71180,20,,,0,200,,71187,20,,,0,100,,71186,20,,,0,100,,71188,20,,,0,100,,71190,20,,,0,29,,71172,20,,,0,69,,71189,20,,,0,30,,71173,20,,,0,299,,71174,20,,,0
7019,'1959',547,,71200,1,,,0,372,,71195,5,,,0,100,,71199,5,,,0,100,,71194,5,,,0,100,,71198,5,,,0,101,,71193,5,,,0,100,,71197,5,,,0,101,,71192,5,,,0,100,,71196,5,,,0,99,,71191,5,,,0
7029,'1912',645,,60679,13,4,,0,1570,,60689,13,4,,0,30,,60687,13,4,,0
7029,'1924',645,,60713,13,4,,0,1570,,60723,13,4,,0,30,,60721,13,4,,0
7029,'1925',645,,60747,13,4,,0,1570,,60757,13,4,,0,30,,60755,13,4,,0
