4019,'1910',1005,,66037,11,,,0
4019,'1912',805,,70650,11,,,0,30,,59832,11,,,0,70,,70649,11,,,0,30,,70651,11,,,0,70,,59830,11,,,0,30,,66070,11,,,0,70,,70638,11,,,0,30,,70642,11,,,0,69,,70645,11,,,0,31,,70631,11,,,0,69,,70634,11,,,0,30,,70637,11,,,0,70,,70641,11,,,0,30,,70643,11,,,0,70,,70630,11,,,0,30,,70633,11,,,0,70,,70636,11,,,0,30,,70640,11,,,0,70,,70644,11,,,0,31,,70629,11,,,0,70,,70632,11,,,0,30,,70635,11,,,0,70,,70639,11,,,0,30,,70648,11,,,0,70,,70652,11,,,0,30,,70646,11,,,0,70,,70653,11,,,0,30,,70647,11,,,0
4019,'1924',835,,59860,11,,,0,170,,59858,11,,,0,30,,66096,11,,,0
4019,'1925',805,,70675,11,,,0,30,,59888,11,,,0,70,,70674,11,,,0,30,,70676,11,,,0,70,,59886,11,,,0,30,,66122,11,,,0,70,,70663,11,,,0,30,,70667,11,,,0,69,,70670,11,,,0,31,,70656,11,,,0,69,,70659,11,,,0,30,,70662,11,,,0,70,,70666,11,,,0,30,,70668,11,,,0,70,,70655,11,,,0,30,,70658,11,,,0,70,,70661,11,,,0,30,,70665,11,,,0,70,,70669,11,,,0,31,,70654,11,,,0,70,,70657,11,,,0,30,,70660,11,,,0,70,,70664,11,,,0,30,,70673,11,,,0,70,,70677,11,,,0,30,,70671,11,,,0,70,,70678,11,,,0,30,,70672,11,,,0
4019,'1949',2204,,66173,11,,,0
4019,'1955',704,,66063,11,,,0,30,,66039,11,,,0,71,,66033,11,,,0,30,,66043,11,,,0,70,,66054,11,,,0,30,,66049,11,,,0,100,,66059,11,,,0,71,,66036,11,,,0,30,,66056,11,,,0,69,,66051,11,,,0,31,,66044,11,,,0,70,,66057,11,,,0,30,,66060,11,,,0,70,,66035,11,,,0,30,,66046,11,,,0,70,,66034,11,,,0,30,,66040,11,,,0,70,,66058,11,,,0,30,,66055,11,,,0,69,,66052,11,,,0,30,,66041,11,,,0,70,,66061,11,,,0,30,,66062,11,,,0,69,,66032,11,,,0,30,,66047,11,,,0,70,,66045,11,,,0,30,,66053,11,,,0,70,,66038,11,,,0,30,,66048,11,,,0,70,,66042,11,,,0,30,,66050,11,,,0
4019,'1956',805,,66112,11,,,0,100,,66111,11,,,0,30,,66113,11,,,0,170,,66100,11,,,0,30,,66104,11,,,0,69,,66107,11,,,0,31,,66092,11,,,0,69,,66095,11,,,0,30,,66099,11,,,0,70,,66103,11,,,0,30,,66105,11,,,0,70,,66091,11,,,0,30,,66094,11,,,0,70,,66098,11,,,0,30,,66102,11,,,0,70,,66106,11,,,0,31,,66090,11,,,0,70,,66093,11,,,0,30,,66097,11,,,0,70,,66101,11,,,0,30,,66110,11,,,0,70,,66114,11,,,0,30,,66108,11,,,0,70,,66115,11,,,0,30,,66109,11,,,0
4019,'1957',634,,70684,11,,,0,71,,70710,11,,,0,30,,70685,11,,,0,67,,70686,11,,,0,36,,70687,11,,,0,64,,70688,11,,,0,36,,70689,11,,,0,67,,70690,11,,,0,29,,70691,11,,,0,70,,70692,11,,,0,30,,70693,11,,,0,72,,70694,11,,,0,30,,70695,11,,,0,70,,70696,11,,,0,30,,70697,11,,,0,71,,70698,11,,,0,30,,70699,11,,,0,74,,70700,11,,,0,30,,70701,11,,,0,71,,70702,11,,,0,24,,70703,11,,,0,75,,70704,11,,,0,22,,70705,11,,,0,76,,70706,11,,,0,21,,70707,11,,,0,75,,70708,11,,,0,29,,70709,11,,,0,70,,70679,11,,,0,30,,70680,11,,,0,70,,70681,11,,,0,30,,70682,11,,,0,100,,70683,11,,,0
4019,'1958',704,,70741,11,,,0,30,,70717,11,,,0,71,,70712,11,,,0,30,,70721,11,,,0,70,,70732,11,,,0,30,,70727,11,,,0,100,,70737,11,,,0,71,,70715,11,,,0,30,,70734,11,,,0,69,,70729,11,,,0,31,,70722,11,,,0,70,,70735,11,,,0,30,,70738,11,,,0,70,,70714,11,,,0,30,,70724,11,,,0,70,,70713,11,,,0,30,,70718,11,,,0,70,,70736,11,,,0,30,,70733,11,,,0,69,,70730,11,,,0,30,,70719,11,,,0,70,,70739,11,,,0,30,,70740,11,,,0,69,,70711,11,,,0,30,,70725,11,,,0,70,,70723,11,,,0,30,,70731,11,,,0,70,,70716,11,,,0,30,,70726,11,,,0,70,,70720,11,,,0,30,,70728,11,,,0
4019,'1959',805,,70763,11,,,0,100,,70762,11,,,0,30,,70764,11,,,0,170,,70751,11,,,0,30,,70755,11,,,0,69,,70758,11,,,0,31,,70744,11,,,0,69,,70747,11,,,0,30,,70750,11,,,0,70,,70754,11,,,0,30,,70756,11,,,0,70,,70743,11,,,0,30,,70746,11,,,0,70,,70749,11,,,0,30,,70753,11,,,0,70,,70757,11,,,0,31,,70742,11,,,0,70,,70745,11,,,0,30,,70748,11,,,0,70,,70752,11,,,0,30,,70761,11,,,0,70,,70765,11,,,0,30,,70759,11,,,0,70,,70766,11,,,0,30,,70760,11,,,0
502019,'1912',642,,72480,8,,,0,70,,72466,8,,,0,30,,72483,8,,,0,70,,72497,8,,,0,30,,72477,8,,,0,70,,72496,8,,,0,30,,72479,8,,,0,70,,72495,8,,,0,30,,72474,8,,,0,70,,72494,8,,,0,30,,72469,8,,,0,72,,72493,8,,,0,30,,72472,8,,,0,70,,72491,8,,,0,30,,72470,8,,,0,70,,72492,8,,,0,30,,72473,8,,,0,70,,72490,8,,,0,30,,72467,8,,,0,70,,72489,8,,,0,30,,72471,8,,,0,69,,72488,8,,,0,30,,72468,8,,,0,70,,72487,8,,,0,30,,72481,8,,,0,70,,72486,8,,,0,30,,72482,8,,,0,69,,72485,8,,,0,30,,72475,8,,,0,70,,72498,8,,,0,30,,72484,8,,,0,70,,72499,8,,,0,30,,72478,8,,,0,70,,72500,8,,,0,30,,72476,8,,,0
502019,'1925',642,,72515,8,,,0,70,,72501,8,,,0,30,,72518,8,,,0,70,,72532,8,,,0,30,,72512,8,,,0,70,,72531,8,,,0,30,,72514,8,,,0,70,,72530,8,,,0,30,,72509,8,,,0,70,,72529,8,,,0,30,,72504,8,,,0,72,,72528,8,,,0,30,,72507,8,,,0,70,,72526,8,,,0,30,,72505,8,,,0,70,,72527,8,,,0,30,,72508,8,,,0,70,,72525,8,,,0,30,,72502,8,,,0,70,,72524,8,,,0,30,,72506,8,,,0,69,,72523,8,,,0,30,,72503,8,,,0,70,,72522,8,,,0,30,,72516,8,,,0,70,,72521,8,,,0,30,,72517,8,,,0,69,,72520,8,,,0,30,,72510,8,,,0,70,,72533,8,,,0,30,,72519,8,,,0,70,,72534,8,,,0,30,,72513,8,,,0,70,,72535,8,,,0,30,,72511,8,,,0
502019,'1955',642,,68255,8,,,0,70,,68262,8,,,0,30,,68254,8,,,0,70,,68263,8,,,0,30,,68253,8,,,0,70,,68264,8,,,0,30,,68252,8,,,0,73,,68265,8,,,0,30,,68273,8,,,0,70,,68266,8,,,0,30,,68274,8,,,0,70,,68267,8,,,0,30,,68275,8,,,0,70,,68268,8,,,0,30,,68276,8,,,0,70,,68269,8,,,0,30,,68277,8,,,0,70,,68270,8,,,0,30,,68278,8,,,0,70,,68271,8,,,0,30,,68279,8,,,0,70,,68272,8,,,0,30,,68280,8,,,0,70,,68256,8,,,0,30,,68281,8,,,0,67,,68258,8,,,0,30,,68282,8,,,0,70,,68257,8,,,0,30,,68251,8,,,0,70,,68259,8,,,0,30,,68250,8,,,0,70,,68260,8,,,0,30,,68249,8,,,0,70,,68261,8,,,0,30,,68248,8,,,0
502019,'1956',642,,68332,8,,,0,70,,68318,8,,,0,30,,68335,8,,,0,70,,68349,8,,,0,30,,68329,8,,,0,70,,68348,8,,,0,30,,68331,8,,,0,70,,68347,8,,,0,30,,68326,8,,,0,70,,68346,8,,,0,30,,68321,8,,,0,72,,68345,8,,,0,30,,68324,8,,,0,70,,68343,8,,,0,30,,68322,8,,,0,70,,68344,8,,,0,30,,68325,8,,,0,70,,68342,8,,,0,30,,68319,8,,,0,70,,68341,8,,,0,30,,68323,8,,,0,69,,68340,8,,,0,30,,68320,8,,,0,70,,68339,8,,,0,30,,68333,8,,,0,70,,68338,8,,,0,30,,68334,8,,,0,69,,68337,8,,,0,30,,68327,8,,,0,70,,68350,8,,,0,30,,68336,8,,,0,70,,68351,8,,,0,30,,68330,8,,,0,70,,68352,8,,,0,30,,68328,8,,,0
502019,'1957',612,,72536,8,,,0,30,,72537,8,,,0,65,,72577,8,,,0,10,,72538,8,,,0,26,,72539,8,,,0,64,,72540,8,,,0,12,,72541,8,,,0,24,,72542,8,,,0,64,,72543,8,,,0,12,,72544,8,,,0,24,,72545,8,,,0,72,,72546,8,,,0,30,,72547,8,,,0,70,,72548,8,,,0,30,,72549,8,,,0,70,,72550,8,,,0,30,,72551,8,,,0,70,,72552,8,,,0,30,,72553,8,,,0,70,,72554,8,,,0,35,,72555,8,,,0,70,,72556,8,,,0,30,,72557,8,,,0,68,,72558,8,,,0,24,,72559,8,,,0,12,,72560,8,,,0,62,,72561,8,,,0,5,,72578,8,,,0,17,,72562,8,,,0,12,,72563,8,,,0,64,,72564,8,,,0,22,,72565,8,,,0,12,,72566,8,,,0,65,,72567,8,,,0,30,,72568,8,,,0,69,,72569,8,,,0,30,,72570,8,,,0,70,,72571,8,,,0,30,,72572,8,,,0,70,,72573,8,,,0,30,,72574,8,,,0,70,,72575,8,,,0,30,,72576,8,,,0
502019,'1958',642,,72586,8,,,0,70,,72593,8,,,0,30,,72585,8,,,0,70,,72594,8,,,0,30,,72584,8,,,0,70,,72595,8,,,0,30,,72583,8,,,0,73,,72596,8,,,0,30,,72604,8,,,0,70,,72597,8,,,0,30,,72605,8,,,0,70,,72598,8,,,0,30,,72606,8,,,0,70,,72599,8,,,0,30,,72607,8,,,0,70,,72600,8,,,0,30,,72608,8,,,0,70,,72601,8,,,0,30,,72609,8,,,0,70,,72602,8,,,0,30,,72610,8,,,0,70,,72603,8,,,0,30,,72611,8,,,0,70,,72587,8,,,0,30,,72612,8,,,0,67,,72589,8,,,0,30,,72613,8,,,0,70,,72588,8,,,0,30,,72582,8,,,0,70,,72590,8,,,0,30,,72581,8,,,0,70,,72591,8,,,0,30,,72580,8,,,0,70,,72592,8,,,0,30,,72579,8,,,0
502019,'1959',642,,72628,8,,,0,70,,72614,8,,,0,30,,72631,8,,,0,70,,72645,8,,,0,30,,72625,8,,,0,70,,72644,8,,,0,30,,72627,8,,,0,70,,72643,8,,,0,30,,72622,8,,,0,70,,72642,8,,,0,30,,72617,8,,,0,72,,72641,8,,,0,30,,72620,8,,,0,70,,72639,8,,,0,30,,72618,8,,,0,70,,72640,8,,,0,30,,72621,8,,,0,70,,72638,8,,,0,30,,72615,8,,,0,70,,72637,8,,,0,30,,72619,8,,,0,69,,72636,8,,,0,30,,72616,8,,,0,70,,72635,8,,,0,30,,72629,8,,,0,70,,72634,8,,,0,30,,72630,8,,,0,69,,72633,8,,,0,30,,72623,8,,,0,70,,72646,8,,,0,30,,72632,8,,,0,70,,72647,8,,,0,30,,72626,8,,,0,70,,72648,8,,,0,30,,72624,8,,,0
14000001029,'1909',503,,65864,43,0,18 7,0,2012,,65871,43,,,0,130,,65870,43,,,0
14000001029,'1910',2515,,65872,43,,,0,130,,65875,43,,,0
14000001029,'1912',605,,73589,43,0,18 7,0,1811,,70205,43,,,0,29,,73588,43,,,0,70,,65884,43,,,0,30,,70206,43,,,0,70,,73587,43,,,0,30,,65880,43,,,0
14000001029,'1924',2416,,70208,43,,,0,99,,65891,43,,,0,30,,70209,43,,,0,100,,65887,43,,,0
14000001029,'1925',605,,73592,43,0,18 7,0,1811,,70211,43,,,0,29,,73591,43,,,0,70,,65898,43,,,0,30,,70212,43,,,0,70,,73590,43,,,0,30,,65894,43,,,0
14000001029,'1955',605,,70203,43,0,18 7,0,1811,,70204,43,,,0,29,,65873,43,,,0,100,,70202,43,,,0,70,,65877,43,,,0
14000001029,'1956',605,,70210,43,0,18 7,0,1840,,65890,43,,,0,170,,65889,43,,,0
14000001029,'1957',605,,73593,43,0,18 7,0,1811,,73595,43,,,0,29,,73596,43,,,0,100,,73594,43,,,0,70,,73597,43,,,0
14000001029,'1958',605,,73600,43,0,18 7,0,1811,,73602,43,,,0,29,,73598,43,,,0,100,,73599,43,,,0,70,,73601,43,,,0
14000001029,'1959',605,,73605,43,0,18 7,0,1840,,73604,43,,,0,170,,73603,43,,,0
