701019,'1910',632,,68785,14,,,0,68,,68770,14,,,0,30,,68760,14,,,0,70,,68766,14,,,0,30,,68773,14,,,0,16,,68789,14,,,0,55,,68756,14,,,0,30,,68761,14,,,0,70,,68767,14,,,0,19,,68811,14,,,0,15,,68831,14,,,0,71,,68835,14,,,0,30,,68842,14,,,0,70,,68849,14,,,0,15,,68840,14,,,0,15,,68797,14,,,0,70,,68830,14,,,0,15,,68801,14,,,0,15,,68839,14,,,0,70,,68804,14,,,0,30,,68829,14,,,0,70,,68838,14,,,0,15,,68800,14,,,0,15,,68843,14,,,0,70,,68820,14,,,0,15,,68841,14,,,0,84,,68799,14,,,0,15,,68819,14,,,0,15,,68826,14,,,0,70,,68812,14,,,0,15,,68815,14,,,0,85,,68803,14,,,0,12,,68786,14,,,0,15,,68816,14,,,0,15,,68791,14,,,0,55,,68768,14,,,0,30,,68774,14,,,0,70,,68757,14,,,0,29,,68762,14,,,0,70,,68769,14,,,0,30,,68775,14,,,0,70,,68782,14,,,0,30,,68784,14,,,0,25,,68794,14,,,0,65,,68787,14,,,0
701019,'1912',632,,72955,14,,,0,68,,72986,14,,,0,30,,72973,14,,,0,70,,72954,14,,,0,15,,68877,14,,,0,15,,72988,14,,,0,15,,72934,14,,,0,55,,72962,14,,,0,17,,68861,14,,,0,15,,72951,14,,,0,15,,68878,14,,,0,55,,68940,14,,,0,15,,72933,14,,,0,15,,72971,14,,,0,15,,68862,14,,,0,55,,72950,14,,,0,15,,68857,14,,,0,16,,72983,14,,,0,15,,68865,14,,,0,55,,68919,14,,,0,15,,68860,14,,,0,15,,68893,14,,,0,15,,68872,14,,,0,55,,68937,14,,,0,15,,68863,14,,,0,15,,68915,14,,,0,15,,68868,14,,,0,55,,72947,14,,,0,15,,68871,14,,,0,15,,72989,14,,,0,15,,68858,14,,,0,55,,72967,14,,,0,15,,68870,14,,,0,15,,72945,14,,,0,15,,68874,14,,,0,55,,72985,14,,,0,15,,68855,14,,,0,15,,72972,14,,,0,15,,68856,14,,,0,55,,72943,14,,,0,15,,68873,14,,,0,15,,72981,14,,,0,15,,68854,14,,,0,55,,72964,14,,,0,15,,68869,14,,,0,15,,72942,14,,,0,15,,68875,14,,,0,55,,72980,14,,,0,15,,68866,14,,,0,15,,72965,14,,,0,15,,68867,14,,,0,55,,72940,14,,,0,14,,68876,14,,,0,15,,72990,14,,,0,15,,68864,14,,,0,55,,72963,14,,,0,30,,72937,14,,,0,70,,68943,14,,,0,30,,72959,14,,,0,69,,72935,14,,,0,30,,68948,14,,,0,25,,72991,14,,,0,65,,68951,14,,,0
701019,'1924',815,,68976,14,,,0,102,,68960,14,,,0,30,,68977,14,,,0,55,,69039,14,,,0,45,,68961,14,,,0,70,,68956,14,,,0,31,,68964,14,,,0,55,,69018,14,,,0,15,,68959,14,,,0,15,,68992,14,,,0,15,,68971,14,,,0,55,,69036,14,,,0,15,,68962,14,,,0,15,,69014,14,,,0,15,,68967,14,,,0,70,,68970,14,,,0,30,,68957,14,,,0,70,,68969,14,,,0,30,,68973,14,,,0,70,,68954,14,,,0,30,,68955,14,,,0,70,,68972,14,,,0,30,,68953,14,,,0,70,,68968,14,,,0,30,,68974,14,,,0,70,,68965,14,,,0,30,,68966,14,,,0,69,,68975,14,,,0,30,,68963,14,,,0,155,,69042,14,,,0,129,,69047,14,,,0,90,,69050,14,,,0
701019,'1925',632,,73015,14,,,0,68,,73046,14,,,0,30,,73033,14,,,0,70,,73014,14,,,0,15,,69075,14,,,0,15,,73048,14,,,0,15,,72994,14,,,0,55,,73022,14,,,0,17,,69059,14,,,0,15,,73011,14,,,0,15,,69076,14,,,0,55,,69138,14,,,0,15,,72993,14,,,0,15,,73031,14,,,0,15,,69060,14,,,0,55,,73010,14,,,0,15,,69055,14,,,0,16,,73043,14,,,0,15,,69063,14,,,0,55,,69117,14,,,0,15,,69058,14,,,0,15,,69091,14,,,0,15,,69070,14,,,0,55,,69135,14,,,0,15,,69061,14,,,0,15,,69113,14,,,0,15,,69066,14,,,0,55,,73007,14,,,0,15,,69069,14,,,0,15,,73049,14,,,0,15,,69056,14,,,0,55,,73027,14,,,0,15,,69068,14,,,0,15,,73005,14,,,0,15,,69072,14,,,0,55,,73045,14,,,0,15,,69053,14,,,0,15,,73032,14,,,0,15,,69054,14,,,0,55,,73003,14,,,0,15,,69071,14,,,0,15,,73041,14,,,0,15,,69052,14,,,0,55,,73024,14,,,0,15,,69067,14,,,0,15,,73002,14,,,0,15,,69073,14,,,0,55,,73040,14,,,0,15,,69064,14,,,0,15,,73025,14,,,0,15,,69065,14,,,0,55,,73000,14,,,0,14,,69074,14,,,0,15,,73050,14,,,0,15,,69062,14,,,0,55,,73023,14,,,0,30,,72997,14,,,0,70,,69141,14,,,0,30,,73019,14,,,0,69,,72995,14,,,0,30,,69146,14,,,0,25,,73051,14,,,0,65,,69149,14,,,0
701019,'1949',700,,69208,14,,,0,102,,69212,14,,,0,30,,69214,14,,,0,70,,69216,14,,,0,102,,69311,14,,,0,45,,69222,14,,,0,100,,69226,14,,,0,85,,69229,14,,,0,100,,69233,14,,,0,85,,69236,14,,,0,135,,69241,14,,,0,70,,69243,14,,,0,100,,69246,14,,,0,12,,69247,14,,,0,167,,69253,14,,,0,15,,69254,14,,,0,15,,69255,14,,,0,15,,69256,14,,,0,83,,69259,14,,,0,15,,69260,14,,,0,85,,69262,14,,,0,70,,69263,14,,,0,100,,69265,14,,,0,30,,69266,14,,,0,90,,69268,14,,,0
701019,'1955',815,,68788,14,,,0,101,,68790,14,,,0,30,,68795,14,,,0,104,,68847,14,,,0,71,,68802,14,,,0,30,,68824,14,,,0,100,,68845,14,,,0,100,,68823,14,,,0,70,,68837,14,,,0,30,,68846,14,,,0,100,,68828,14,,,0,85,,68848,14,,,0,15,,68851,14,,,0,99,,68817,14,,,0,85,,68821,14,,,0,15,,68810,14,,,0,167,,68792,14,,,0,30,,68793,14,,,0
701019,'1956',632,,69000,14,,,0,68,,69041,14,,,0,30,,69022,14,,,0,70,,68999,14,,,0,30,,69044,14,,,0,15,,68958,14,,,0,55,,69009,14,,,0,32,,68996,14,,,0,85,,68952,14,,,0,15,,69020,14,,,0,70,,68995,14,,,0,31,,69035,14,,,0,270,,68990,14,,,0,30,,69045,14,,,0,70,,69015,14,,,0,30,,68988,14,,,0,70,,69040,14,,,0,30,,69021,14,,,0,70,,68986,14,,,0,30,,69032,14,,,0,70,,69011,14,,,0,30,,68985,14,,,0,70,,69031,14,,,0,30,,69012,14,,,0,70,,68983,14,,,0,29,,69046,14,,,0,70,,69010,14,,,0,30,,68980,14,,,0,100,,69005,14,,,0,69,,68978,14,,,0,55,,69048,14,,,0
701019,'1957',612,,73053,14,,,0,30,,73054,14,,,0,75,,73055,14,,,0,15,,73056,14,,,0,15,,73057,14,,,0,70,,73058,14,,,0,30,,73059,14,,,0,72,,73060,14,,,0,15,,73061,14,,,0,15,,73062,14,,,0,70,,73063,14,,,0,15,,73064,14,,,0,70,,73065,14,,,0,15,,73066,14,,,0,15,,73067,14,,,0,70,,73068,14,,,0,15,,73069,14,,,0,30,,73070,14,,,0,55,,73071,14,,,0,15,,73072,14,,,0,30,,73073,14,,,0,55,,73074,14,,,0,32,,73075,14,,,0,18,,73076,14,,,0,55,,73077,14,,,0,15,,73115,14,,,0,15,,73078,14,,,0,70,,73079,14,,,0,30,,73117,14,,,0,15,,73080,14,,,0,55,,73081,14,,,0,39,,73082,14,,,0,55,,73083,14,,,0,15,,73084,14,,,0,15,,73085,14,,,0,15,,73086,14,,,0,155,,73087,14,,,0,13,,73088,14,,,0,85,,73089,14,,,0,130,,73090,14,,,0,125,,73091,14,,,0
701019,'1958',815,,73122,14,,,0,101,,73123,14,,,0,30,,73126,14,,,0,104,,73139,14,,,0,71,,73127,14,,,0,30,,73132,14,,,0,100,,73137,14,,,0,100,,73131,14,,,0,70,,73135,14,,,0,30,,73138,14,,,0,100,,73134,14,,,0,85,,73140,14,,,0,15,,73141,14,,,0,99,,73129,14,,,0,85,,73130,14,,,0,15,,73128,14,,,0,167,,73124,14,,,0,30,,73125,14,,,0
701019,'1959',632,,73164,14,,,0,68,,73195,14,,,0,30,,73182,14,,,0,70,,73163,14,,,0,30,,73197,14,,,0,15,,73143,14,,,0,55,,73171,14,,,0,32,,73160,14,,,0,85,,73142,14,,,0,15,,73180,14,,,0,70,,73159,14,,,0,31,,73192,14,,,0,270,,73156,14,,,0,30,,73198,14,,,0,70,,73176,14,,,0,30,,73154,14,,,0,70,,73194,14,,,0,30,,73181,14,,,0,70,,73152,14,,,0,30,,73190,14,,,0,70,,73173,14,,,0,30,,73151,14,,,0,70,,73189,14,,,0,30,,73174,14,,,0,70,,73149,14,,,0,29,,73199,14,,,0,70,,73172,14,,,0,30,,73146,14,,,0,100,,73168,14,,,0,69,,73144,14,,,0,55,,73200,14,,,0
