1029,'1912',607,,73732,22,,,0,98,,73733,22,,,0,100,,73734,22,,,0,101,,73735,22,,,0,101,,73736,22,,,0,100,,73737,22,,,0,100,,73738,22,,,0,100,,73739,22,,,0,100,,73740,22,,,0,100,,73741,22,,,0,99,,73742,22,,,0,100,,73743,22,,,0,100,,73744,22,,,0,100,,73745,22,,,0,100,,73746,22,,,0,100,,73747,22,,,0,99,,73748,22,,,0,99,,73749,22,,,0
1029,'1966',606,,70284,23,,,0,28,,70296,23,,,0,70,,70303,23,,,0,30,,70291,23,,,0,70,,70312,23,,,0,30,,70300,23,,,0,72,,70283,23,,,0,29,,70295,23,,,0,70,,70306,23,,,0,30,,70290,23,,,0,70,,70313,23,,,0,30,,70299,23,,,0,70,,70282,23,,,0,30,,70294,23,,,0,70,,70305,23,,,0,30,,70289,23,,,0,70,,70285,23,,,0,30,,70298,23,,,0,70,,70281,23,,,0,30,,70293,23,,,0,70,,70301,23,,,0,30,,70288,23,,,0,70,,70310,23,,,0,30,,70297,23,,,0,69,,70280,23,,,0,31,,70292,23,,,0,70,,70304,23,,,0,30,,70286,23,,,0,70,,70308,23,,,0,30,,70307,23,,,0,70,,70279,23,,,0,30,,70287,23,,,0,70,,70302,23,,,0,30,,70311,23,,,0,69,,70309,23,,,0
1029,'1968',607,,59317,23,,,0,98,,59318,23,,,0,100,,59319,23,,,0,101,,59320,23,,,0,101,,59321,23,,,0,100,,59322,23,,,0,100,,59323,23,,,0,100,,59324,23,,,0,100,,59325,23,,,0,100,,59326,23,,,0,99,,59327,23,,,0,100,,59328,23,,,0,100,,59329,23,,,0,100,,59330,23,,,0,100,,59331,23,,,0,100,,59332,23,,,0,99,,59333,23,,,0,99,,59334,23,,,0
1029,'1970',605,,73759,22,,,0,35,,73760,22,,,0,66,,73780,22,,,0,30,,73756,22,,,0,70,,73751,22,,,0,30,,73784,22,,,0,73,,73754,22,,,0,30,,73761,22,,,0,70,,73779,22,,,0,30,,73758,22,,,0,70,,73750,22,,,0,30,,73783,22,,,0,70,,73755,22,,,0,30,,73762,22,,,0,70,,73778,22,,,0,30,,73757,22,,,0,70,,73752,22,,,0,30,,73781,22,,,0,71,,73753,22,,,0,30,,73763,22,,,0,70,,73777,22,,,0,30,,73766,22,,,0,70,,73765,22,,,0,29,,73764,22,,,0,67,,73770,22,,,0,30,,73769,22,,,0,70,,73768,22,,,0,30,,73767,22,,,0,70,,73782,22,,,0,29,,73776,22,,,0,70,,73775,22,,,0,30,,73774,22,,,0,70,,73773,22,,,0,30,,73772,22,,,0,65,,73771,22,,,0
1029,'1971',606,,73790,22,,,0,28,,73802,22,,,0,70,,73809,22,,,0,30,,73797,22,,,0,70,,73818,22,,,0,30,,73806,22,,,0,72,,73789,22,,,0,29,,73801,22,,,0,70,,73812,22,,,0,30,,73796,22,,,0,70,,73819,22,,,0,30,,73805,22,,,0,70,,73788,22,,,0,30,,73800,22,,,0,70,,73811,22,,,0,30,,73795,22,,,0,70,,73791,22,,,0,30,,73804,22,,,0,70,,73787,22,,,0,30,,73799,22,,,0,70,,73807,22,,,0,30,,73794,22,,,0,70,,73816,22,,,0,30,,73803,22,,,0,69,,73786,22,,,0,31,,73798,22,,,0,70,,73810,22,,,0,30,,73792,22,,,0,70,,73814,22,,,0,30,,73813,22,,,0,70,,73785,22,,,0,30,,73793,22,,,0,70,,73808,22,,,0,30,,73817,22,,,0,69,,73815,22,,,0
1029,'1972',607,,73820,22,,,0,98,,73821,22,,,0,100,,73822,22,,,0,101,,73823,22,,,0,101,,73824,22,,,0,100,,73825,22,,,0,100,,73826,22,,,0,100,,73827,22,,,0,100,,73828,22,,,0,100,,73829,22,,,0,99,,73830,22,,,0,100,,73831,22,,,0,100,,73832,22,,,0,100,,73833,22,,,0,100,,73834,22,,,0,100,,73835,22,,,0,99,,73836,22,,,0,99,,73837,22,,,0
1029,'1973',607,,73838,22,,,0,98,,73839,22,,,0,100,,73840,22,,,0,101,,73841,22,,,0,101,,73842,22,,,0,100,,73843,22,,,0,100,,73844,22,,,0,100,,73845,22,,,0,100,,73846,22,,,0,100,,73847,22,,,0,99,,73848,22,,,0,100,,73849,22,,,0,100,,73850,22,,,0,100,,73851,22,,,0,100,,73852,22,,,0,100,,73853,22,,,0,99,,73854,22,,,0,99,,73855,22,,,0
801019,'1912',751,,69897,6,0,12,0,70,,73475,6,0,12,0,30,,69901,6,0,12,0,70,,69890,6,0,12,0,30,,73474,6,0,12,0,70,,69895,6,0,12,0,30,,69908,6,0,12,0,70,,69899,6,0,12,0,30,,69896,6,0,12,0,70,,69905,6,0,12,0,30,,69891,6,0,12,0,70,,69902,6,0,12,0,30,,69904,6,0,12,0,70,,69900,6,0,12,0,30,,69887,6,0,12,0,70,,69906,6,0,12,0,30,,69892,6,0,12,0,70,,69888,6,0,12,0,30,,69903,6,0,12,0,70,,69886,6,0,12,0,30,,69889,6,0,12,0,70,,69907,6,0,12,0,30,,69884,6,0,12,0,71,,69894,6,0,12,0,30,,69909,6,0,12,0,70,,69898,6,0,12,0
801019,'1959',751,,69923,6,0,12,0,70,,73517,6,0,12,0,30,,69927,6,0,12,0,70,,69916,6,0,12,0,30,,73516,6,0,12,0,70,,69921,6,0,12,0,30,,69934,6,0,12,0,70,,69925,6,0,12,0,30,,69922,6,0,12,0,70,,69931,6,0,12,0,30,,69917,6,0,12,0,70,,69928,6,0,12,0,30,,69930,6,0,12,0,70,,69926,6,0,12,0,30,,69913,6,0,12,0,70,,69932,6,0,12,0,30,,69918,6,0,12,0,70,,69914,6,0,12,0,30,,69929,6,0,12,0,70,,69912,6,0,12,0,30,,69915,6,0,12,0,70,,69933,6,0,12,0,30,,69910,6,0,12,0,71,,69920,6,0,12,0,30,,69935,6,0,12,0,70,,69924,6,0,12,0
801019,'1965',647,,73492,6,0,12,0,65,,73491,6,0,12,0,16,,65487,6,0,12,0,18,,73490,6,0,12,0,60,,65486,6,0,12,0,20,,73496,6,0,12,0,25,,73478,6,0,12,0,70,,73479,6,0,12,0,100,,69984,6,0,12,0,30,,73481,6,0,12,0,169,,73483,6,0,12,0,31,,73484,6,0,12,0,100,,69991,6,0,12,0,70,,73486,6,0,12,0,31,,73493,6,0,12,0,95,,69993,6,0,12,0,80,,70008,6,0,12,0,20,,69995,6,0,12,0,60,,69996,6,0,12,0,145,,69998,6,0,12,0,170,,70001,6,0,12,0
801019,'1966',752,,73501,6,0,12,0,1270,,73504,6,0,12,0
801019,'1967',822,,69861,6,0,12,0,30,,73502,6,0,12,0,70,,73500,6,0,12,0,30,,69858,6,0,12,0,70,,73509,6,0,12,0,30,,73510,6,0,12,0,70,,73513,6,0,12,0,30,,69867,6,0,12,0,70,,73508,6,0,12,0,30,,69874,6,0,12,0,70,,73512,6,0,12,0,30,,73505,6,0,12,0,70,,73514,6,0,12,0,30,,69872,6,0,12,0,70,,73506,6,0,12,0,30,,69868,6,0,12,0,70,,73515,6,0,12,0,30,,69866,6,0,12,0,70,,73507,6,0,12,0,30,,69871,6,0,12,0,70,,73511,6,0,12,0,30,,69870,6,0,12,0,70,,69863,6,0,12,0,30,,73503,6,0,12,0
801019,'1969',751,,69949,6,0,12,0,70,,73477,6,0,12,0,30,,69953,6,0,12,0,70,,69942,6,0,12,0,30,,73476,6,0,12,0,70,,69947,6,0,12,0,30,,69960,6,0,12,0,70,,69951,6,0,12,0,30,,69948,6,0,12,0,70,,69957,6,0,12,0,30,,69943,6,0,12,0,70,,69954,6,0,12,0,30,,69956,6,0,12,0,70,,69952,6,0,12,0,30,,69939,6,0,12,0,70,,69958,6,0,12,0,30,,69944,6,0,12,0,70,,69940,6,0,12,0,30,,69955,6,0,12,0,70,,69938,6,0,12,0,30,,69941,6,0,12,0,70,,69959,6,0,12,0,30,,69936,6,0,12,0,71,,69946,6,0,12,0,30,,69961,6,0,12,0,70,,69950,6,0,12,0
801019,'1970',557,,75027,6,0,12,0,70,,75024,6,0,12,0,324,,75015,6,0,12,0,170,,75016,6,0,12,0,30,,75017,6,0,12,0,170,,75018,6,0,12,0,201,,75025,6,0,12,0,85,,75019,6,0,12,0,122,,75026,6,0,12,0,18,,75020,6,0,12,0,60,,75028,6,0,12,0,15,,75023,6,0,12,0,100,,75021,6,0,12,0,30,,75022,6,0,12,0
801019,'1971',752,,75029,6,0,12,0,1270,,75030,6,0,12,0
