11019,'1912',906,,66957,13,,,0,100,,66958,13,,,0,100,,66959,13,,,0,100,,66960,13,,,0,100,,66961,13,,,0,100,,66962,13,,,0,100,,66963,13,,,0,100,,66964,13,,,0,100,,66965,13,,,0,100,,66966,13,,,0,100,,66967,13,,,0,100,,66968,13,,,0
11019,'1959',906,,66969,13,,,0,100,,66970,13,,,0,100,,66971,13,,,0,100,,66972,13,,,0,100,,66973,13,,,0,100,,66974,13,,,0,100,,66975,13,,,0,100,,66976,13,,,0,100,,66977,13,,,0,100,,66978,13,,,0,100,,66979,13,,,0,100,,66980,13,,,0
11019,'1965',706,,67009,13,,,0,301,,71488,13,,,0,200,,71490,13,,,0,200,,71492,13,,,0,200,,71494,13,,,0,299,,71496,13,,,0,200,,71498,13,,,0
11019,'1966',906,,71501,13,,,0
11019,'1967',706,,71500,13,,,0,100,,66945,13,,,0,200,,71502,13,,,0,100,,71503,13,,,0,100,,71504,13,,,0,100,,71505,13,,,0,100,,71506,13,,,0,100,,71507,13,,,0,100,,71508,13,,,0,100,,71509,13,,,0,100,,66955,13,,,0,100,,66942,13,,,0,100,,66943,13,,,0
11019,'1969',906,,66981,13,,,0,100,,66982,13,,,0,100,,66983,13,,,0,100,,66984,13,,,0,100,,66985,13,,,0,100,,66986,13,,,0,100,,66987,13,,,0,100,,66988,13,,,0,100,,66989,13,,,0,100,,66990,13,,,0,100,,66991,13,,,0,100,,66992,13,,,0
11019,'1970',806,,74374,13,,,0,101,,74375,13,,,0,200,,74376,13,,,0,200,,74377,13,,,0,200,,74378,13,,,0,200,,74379,13,,,0,100,,74380,13,,,0,199,,74381,13,,,0
11019,'1971',906,,74382,13,,,0
32019,'1912',553,,74687,4,,,0,96,,74670,34,,,0,100,,74671,34,,,0,100,,74672,34,,,0,100,,74673,34,,,0,100,,74674,34,,,0,100,,74675,34,,,0,100,,74676,34,,,0,100,,74677,34,,,0,100,,74678,34,,,0,100,,74679,34,,,0,100,,74680,34,,,0,100,,74681,34,,,0,100,,74682,34,,,0,100,,74683,34,,,0,100,,74684,34,,,0,100,,74685,34,,,0,100,,74686,34,,,0
32019,'1965',619,,62575,4,,,0
32019,'1966',523,,72168,4,,,0,30,,72167,4,,,0,70,,72150,4,,,0,26,,72143,34,,,0,70,,72160,34,,,0,30,,72137,34,,,0,70,,72154,34,,,0,30,,72161,34,,,0,70,,72149,34,,,0,30,,72142,34,,,0,70,,72159,34,,,0,30,,72136,34,,,0,70,,72153,34,,,0,30,,72164,34,,,0,70,,72148,34,,,0,30,,72141,34,,,0,70,,72158,34,,,0,30,,72135,34,,,0,70,,72152,34,,,0,30,,72163,34,,,0,70,,72147,34,,,0,30,,72140,34,,,0,70,,72157,34,,,0,30,,72134,34,,,0,70,,72151,34,,,0,30,,72165,34,,,0,70,,72146,34,,,0,30,,72139,34,,,0,70,,72155,34,,,0,30,,72133,34,,,0,70,,72145,4,,,0,30,,72162,34,,,0,70,,72156,4,,,0,30,,72138,34,,,0,70,,72144,4,,,0,30,,72132,34,,,0
32019,'1968',553,,62672,4,,,0,96,,62655,34,,,0,100,,62656,34,,,0,100,,62657,34,,,0,100,,62658,34,,,0,100,,62659,34,,,0,100,,62660,34,,,0,100,,62661,34,,,0,100,,62662,34,,,0,100,,62663,34,,,0,100,,62664,34,,,0,100,,62665,34,,,0,100,,62666,34,,,0,100,,62667,34,,,0,100,,62668,34,,,0,100,,62669,34,,,0,100,,62670,34,,,0,100,,62671,34,,,0
32019,'1970',433,,74724,4,,,0,88,,74725,4,,,0,30,,74723,4,,,0,100,,74697,34,,,0,69,,74713,34,,,0,30,,74692,34,,,0,70,,74708,34,,,0,30,,74718,34,,,0,70,,74702,34,,,0,29,,74700,34,,,0,70,,74712,34,,,0,30,,74690,34,,,0,70,,74706,34,,,0,30,,74717,34,,,0,70,,74704,34,,,0,30,,74699,34,,,0,70,,74711,34,,,0,30,,74693,34,,,0,70,,74705,34,,,0,31,,74716,34,,,0,70,,74703,34,,,0,30,,74696,34,,,0,70,,74710,34,,,0,30,,74689,34,,,0,70,,74707,34,,,0,28,,74715,34,,,0,71,,74701,34,,,0,30,,74698,34,,,0,70,,74709,34,,,0,30,,74694,34,,,0,70,,74719,4,,,0,30,,74714,34,,,0,70,,74721,4,,,0,30,,74695,34,,,0,70,,74720,4,,,0,30,,74691,34,,,0
32019,'1971',523,,74762,4,,,0,30,,74761,4,,,0,70,,74744,4,,,0,26,,74737,34,,,0,70,,74754,34,,,0,30,,74731,34,,,0,70,,74748,34,,,0,30,,74755,34,,,0,70,,74743,34,,,0,30,,74736,34,,,0,70,,74753,34,,,0,30,,74730,34,,,0,70,,74747,34,,,0,30,,74758,34,,,0,70,,74742,34,,,0,30,,74735,34,,,0,70,,74752,34,,,0,30,,74729,34,,,0,70,,74746,34,,,0,30,,74757,34,,,0,70,,74741,34,,,0,30,,74734,34,,,0,70,,74751,34,,,0,30,,74728,34,,,0,70,,74745,34,,,0,30,,74759,34,,,0,70,,74740,34,,,0,30,,74733,34,,,0,70,,74749,34,,,0,30,,74727,34,,,0,70,,74739,4,,,0,30,,74756,34,,,0,70,,74750,4,,,0,30,,74732,34,,,0,70,,74738,4,,,0,30,,74726,34,,,0
32019,'1972',553,,74780,4,,,0,96,,74763,34,,,0,100,,74764,34,,,0,100,,74765,34,,,0,100,,74766,34,,,0,100,,74767,34,,,0,100,,74768,34,,,0,100,,74769,34,,,0,100,,74770,34,,,0,100,,74771,34,,,0,100,,74772,34,,,0,100,,74773,34,,,0,100,,74774,34,,,0,100,,74775,34,,,0,100,,74776,34,,,0,100,,74777,34,,,0,100,,74778,34,,,0,100,,74779,34,,,0
32019,'1973',553,,74799,4,,,0,96,,74782,34,,,0,100,,74783,34,,,0,100,,74784,34,,,0,100,,74785,34,,,0,100,,74786,34,,,0,100,,74787,34,,,0,100,,74788,34,,,0,100,,74789,34,,,0,100,,74790,34,,,0,100,,74791,34,,,0,100,,74792,34,,,0,100,,74793,34,,,0,100,,74794,34,,,0,100,,74795,34,,,0,100,,74796,34,,,0,100,,74797,34,,,0,100,,74798,34,,,0
