1029,'1912',558,,73732,9,,,0,98,,73733,9,,,0,100,,73734,9,,,0,100,,73735,9,,,0,100,,73736,9,,,0,100,,73737,9,,,0,100,,73738,9,,,0,100,,73739,9,,,0,100,,73740,9,,,0,100,,73741,9,,,0,100,,73742,9,,,0,100,,73743,9,,,0,100,,73744,9,,,0,100,,73745,9,,,0,100,,73746,9,,,0,100,,73747,9,,,0,100,,73748,9,,,0,100,,73749,9,,,0
1029,'1959',558,,73820,9,,,0,98,,73821,9,,,0,100,,73822,9,,,0,100,,73823,9,,,0,100,,73824,9,,,0,100,,73825,9,,,0,100,,73826,9,,,0,100,,73827,9,,,0,100,,73828,9,,,0,100,,73829,9,,,0,100,,73830,9,,,0,100,,73831,9,,,0,100,,73832,9,,,0,100,,73833,9,,,0,100,,73834,9,,,0,100,,73835,9,,,0,100,,73836,9,,,0,100,,73837,9,,,0
1029,'1967',558,,73790,9,,,0,68,,73802,9,,,0,30,,73809,9,,,0,70,,73797,9,,,0,30,,73818,9,,,0,70,,73806,9,,,0,30,,73789,9,,,0,68,,73801,9,,,0,30,,73812,9,,,0,70,,73796,9,,,0,30,,73819,9,,,0,70,,73805,9,,,0,30,,73788,9,,,0,70,,73800,9,,,0,30,,73811,9,,,0,70,,73795,9,,,0,30,,73791,9,,,0,70,,73804,9,,,0,30,,73787,9,,,0,70,,73799,9,,,0,30,,73807,9,,,0,70,,73794,9,,,0,30,,73816,9,,,0,70,,73803,9,,,0,30,,73786,9,,,0,72,,73798,9,,,0,30,,73810,9,,,0,70,,73792,9,,,0,30,,73814,9,,,0,70,,73813,9,,,0,30,,73785,9,,,0,70,,73793,9,,,0,30,,73808,9,,,0,70,,73817,9,,,0,30,,73815,9,,,0
1029,'1969',558,,73838,9,,,0,98,,73839,9,,,0,100,,73840,9,,,0,100,,73841,9,,,0,100,,73842,9,,,0,100,,73843,9,,,0,100,,73844,9,,,0,100,,73845,9,,,0,100,,73846,9,,,0,100,,73847,9,,,0,100,,73848,9,,,0,100,,73849,9,,,0,100,,73850,9,,,0,100,,73851,9,,,0,100,,73852,9,,,0,100,,73853,9,,,0,100,,73854,9,,,0,100,,73855,9,,,0
1029,'1976',555,,73759,9,,,0,75,,73760,9,,,0,25,,73780,9,,,0,70,,73756,9,,,0,30,,73751,9,,,0,70,,73784,9,,,0,33,,73754,9,,,0,70,,73761,9,,,0,30,,73779,9,,,0,70,,73758,9,,,0,30,,73750,9,,,0,70,,73783,9,,,0,30,,73755,9,,,0,70,,73762,9,,,0,30,,73778,9,,,0,70,,73757,9,,,0,30,,73752,9,,,0,70,,73781,9,,,0,31,,73753,9,,,0,70,,73763,9,,,0,30,,73777,9,,,0,70,,73766,9,,,0,30,,73765,9,,,0,70,,73764,9,,,0,27,,73770,9,,,0,70,,73769,9,,,0,30,,73768,9,,,0,70,,73767,9,,,0,30,,73782,9,,,0,70,,73776,9,,,0,30,,73775,9,,,0,70,,73774,9,,,0,30,,73773,9,,,0,70,,73772,9,,,0,25,,73771,9,,,0
1029,'1977',555,,75115,9,,,0,75,,75116,9,,,0,25,,75136,9,,,0,70,,75112,9,,,0,30,,75107,9,,,0,70,,75140,9,,,0,33,,75110,9,,,0,70,,75117,9,,,0,30,,75135,9,,,0,70,,75114,9,,,0,30,,75106,9,,,0,70,,75139,9,,,0,30,,75111,9,,,0,70,,75118,9,,,0,30,,75134,9,,,0,70,,75113,9,,,0,30,,75108,9,,,0,70,,75137,9,,,0,31,,75109,9,,,0,70,,75119,9,,,0,30,,75133,9,,,0,70,,75122,9,,,0,30,,75121,9,,,0,70,,75120,9,,,0,27,,75126,9,,,0,70,,75125,9,,,0,30,,75124,9,,,0,70,,75123,9,,,0,30,,75138,9,,,0,70,,75132,9,,,0,30,,75131,9,,,0,70,,75130,9,,,0,30,,75129,9,,,0,70,,75128,9,,,0,25,,75127,9,,,0
7019,'1912',737,,60448,12,,,0,101,,60449,12,,,0,100,,60457,12,,,0,100,,60450,12,,,0,100,,60451,12,,,0,100,,60452,12,,,0,100,,60453,12,,,0,101,,60454,12,,,0,100,,60455,12,,,0,99,,60456,12,,,0,100,,60444,12,,,0,99,,60445,12,,,0,100,,60443,12,,,0,100,,60447,12,,,0,100,,60446,12,,,0
7019,'1959',737,,60483,12,,,0,101,,60484,12,,,0,100,,60492,12,,,0,100,,60485,12,,,0,100,,60486,12,,,0,100,,60487,12,,,0,100,,60488,12,,,0,101,,60489,12,,,0,100,,60490,12,,,0,99,,60491,12,,,0,100,,60479,12,,,0,99,,60480,12,,,0,100,,60478,12,,,0,100,,60482,12,,,0,100,,60481,12,,,0
7019,'1967',638,,71181,12,,,0,69,,74315,12,,,0,30,,71182,12,,,0,70,,71176,12,,,0,32,,74316,12,,,0,70,,71177,12,,,0,30,,71183,12,,,0,70,,71178,12,,,0,30,,71184,12,,,0,70,,66542,12,,,0,30,,74317,12,,,0,70,,71179,12,,,0,30,,71185,12,,,0,70,,71180,12,,,0,30,,60428,12,,,0,70,,66551,12,,,0,30,,74318,12,,,0,70,,71187,12,,,0,30,,60430,12,,,0,70,,71186,12,,,0,30,,66550,12,,,0,70,,71188,12,,,0,30,,60432,12,,,0,70,,71190,12,,,0,29,,71172,12,,,0,70,,71189,12,,,0,30,,74313,12,,,0,70,,66556,12,,,0,30,,60411,12,,,0,99,,60412,12,,,0,100,,74314,12,,,0
7019,'1969',737,,60518,12,,,0,101,,60519,12,,,0,100,,60527,12,,,0,100,,60520,12,,,0,100,,60521,12,,,0,100,,60522,12,,,0,100,,60523,12,,,0,101,,60524,12,,,0,100,,60525,12,,,0,99,,60526,12,,,0,100,,60514,12,,,0,99,,60515,12,,,0,100,,60513,12,,,0,100,,60517,12,,,0,100,,60516,12,,,0
7019,'1976',535,,60398,12,,,0,103,,60397,12,,,0,70,,74307,12,,,0,32,,71161,12,,,0,71,,74306,12,,,0,29,,71159,12,,,0,70,,74305,12,,,0,30,,71157,12,,,0,70,,71158,12,,,0,30,,71156,12,,,0,70,,71154,12,,,0,30,,71166,12,,,0,70,,74310,12,,,0,30,,74309,12,,,0,70,,74308,12,,,0,30,,71147,12,,,0,71,,74304,12,,,0,32,,74299,12,,,0,73,,71145,12,,,0,27,,71152,12,,,0,70,,74303,12,,,0,30,,74302,12,,,0,68,,71144,12,,,0,30,,71143,12,,,0,70,,71142,12,,,0,30,,74301,12,,,0,69,,74300,12,,,0,29,,60375,12,,,0,70,,71148,12,,,0,30,,60374,12,,,0,99,,71141,12,,,0,99,,60373,12,,,0,100,,71171,12,,,0
7019,'1977',535,,75361,12,,,0,103,,75360,12,,,0,70,,75362,12,,,0,32,,75359,12,,,0,71,,75358,12,,,0,29,,75357,12,,,0,70,,75353,12,,,0,30,,75355,12,,,0,70,,75356,12,,,0,30,,75354,12,,,0,70,,75352,12,,,0,30,,75366,12,,,0,70,,75365,12,,,0,30,,75364,12,,,0,70,,75363,12,,,0,30,,75344,12,,,0,71,,75351,12,,,0,32,,75343,12,,,0,73,,75342,12,,,0,27,,75350,12,,,0,70,,75349,12,,,0,30,,75348,12,,,0,68,,75341,12,,,0,30,,75340,12,,,0,70,,75339,12,,,0,30,,75347,12,,,0,69,,75346,12,,,0,29,,75338,12,,,0,70,,75345,12,,,0,30,,75337,12,,,0,99,,75335,12,,,0,99,,75336,12,,,0,100,,75371,12,,,0
