2019,'1912',724,,70341,45,,,0,30,,70318,45,,,0,70,,70322,45,,,0,30,,70334,45,,,0,70,,70329,45,,,0,30,,70319,45,,,0,70,,70323,45,,,0,30,,70335,45,,,0,70,,70330,45,,,0,30,,70320,45,,,0,70,,70324,45,,,0,30,,70336,45,,,0,70,,70331,45,,,0,30,,70321,45,,,0,70,,70325,45,,,0,30,,70337,45,,,0,70,,70332,45,,,0,30,,70316,45,,,0,70,,70326,45,,,0,30,,70338,45,,,0,70,,70333,45,,,0,30,,70314,45,,,0,70,,70327,45,,,0,30,,70339,45,,,0,100,,70315,45,,,0,101,,70340,45,,,0,100,,70317,45,,,0,95,,70328,45,,,0,100,,70342,45,,,0
2019,'1925',724,,70370,45,,,0,30,,70347,45,,,0,70,,70351,45,,,0,30,,70363,45,,,0,70,,70358,45,,,0,30,,70348,45,,,0,70,,70352,45,,,0,30,,70364,45,,,0,70,,70359,45,,,0,30,,70349,45,,,0,70,,70353,45,,,0,30,,70365,45,,,0,70,,70360,45,,,0,30,,70350,45,,,0,70,,70354,45,,,0,30,,70366,45,,,0,70,,70361,45,,,0,30,,70345,45,,,0,70,,70355,45,,,0,30,,70367,45,,,0,70,,70362,45,,,0,30,,70343,45,,,0,70,,70356,45,,,0,30,,70368,45,,,0,100,,70344,45,,,0,101,,70369,45,,,0,100,,70346,45,,,0,95,,70357,45,,,0,100,,70371,45,,,0
2019,'1955',654,,59396,36,,,0,70,,59403,45,,,0,30,,59412,45,,,0,70,,59419,45,,,0,30,,59397,45,,,0,70,,59404,45,,,0,30,,59413,45,,,0,68,,59420,45,,,0,31,,59398,45,,,0,70,,59405,45,,,0,30,,59414,45,,,0,70,,59421,45,,,0,30,,59399,45,,,0,70,,59406,45,,,0,30,,59415,45,,,0,70,,59422,45,,,0,30,,59400,45,,,0,70,,59407,45,,,0,30,,59416,45,,,0,70,,59423,45,,,0,30,,59401,45,,,0,70,,59408,45,,,0,30,,59417,45,,,0,70,,59424,45,,,0,30,,59402,45,,,0,70,,59409,45,,,0,30,,59418,45,,,0,101,,59410,45,,,0,100,,59425,45,,,0,96,,59411,45,,,0,98,,59426,45,,,0
2019,'1956',724,,59483,45,,,0,30,,59460,45,,,0,70,,59464,45,,,0,30,,59476,45,,,0,70,,59471,45,,,0,30,,59461,45,,,0,70,,59465,45,,,0,30,,59477,45,,,0,70,,59472,45,,,0,30,,59462,45,,,0,70,,59466,45,,,0,30,,59478,45,,,0,70,,59473,45,,,0,30,,59463,45,,,0,70,,59467,45,,,0,30,,59479,45,,,0,70,,59474,45,,,0,30,,59458,45,,,0,70,,59468,45,,,0,30,,59480,45,,,0,70,,59475,45,,,0,30,,59456,45,,,0,70,,59469,45,,,0,30,,59481,45,,,0,100,,59457,45,,,0,101,,59482,45,,,0,100,,59459,45,,,0,95,,59470,45,,,0,100,,59484,45,,,0
2019,'1957',651,,70372,45,,,0,69,,70373,45,,,0,30,,70374,45,,,0,70,,70375,45,,,0,33,,70376,45,,,0,71,,70377,45,,,0,31,,70394,45,,,0,70,,70395,45,,,0,30,,70396,45,,,0,70,,70397,45,,,0,30,,70398,45,,,0,70,,70399,45,,,0,30,,70400,45,,,0,70,,70401,45,,,0,30,,70402,45,,,0,70,,70392,45,,,0,33,,70393,45,,,0,70,,70378,45,,,0,30,,70379,45,,,0,70,,70380,45,,,0,30,,70381,45,,,0,70,,70382,45,,,0,27,,70383,45,,,0,70,,70384,45,,,0,30,,70385,45,,,0,70,,70391,45,,,0,30,,70386,45,,,0,97,,70387,45,,,0,100,,70388,45,,,0,100,,70389,45,,,0,97,,70390,45,,,0
2019,'1958',654,,70404,36,,,0,70,,70411,45,,,0,30,,70420,45,,,0,70,,70427,45,,,0,30,,70405,45,,,0,70,,70412,45,,,0,30,,70421,45,,,0,68,,70428,45,,,0,31,,70406,45,,,0,70,,70413,45,,,0,30,,70422,45,,,0,70,,70429,45,,,0,30,,70407,45,,,0,70,,70414,45,,,0,30,,70423,45,,,0,70,,70430,45,,,0,30,,70408,45,,,0,70,,70415,45,,,0,30,,70424,45,,,0,70,,70431,45,,,0,30,,70409,45,,,0,70,,70416,45,,,0,30,,70425,45,,,0,70,,70432,45,,,0,30,,70410,45,,,0,70,,70417,45,,,0,30,,70426,45,,,0,101,,70418,45,,,0,100,,70433,45,,,0,96,,70419,45,,,0,98,,70434,45,,,0
2019,'1959',724,,70462,45,,,0,30,,70439,45,,,0,70,,70443,45,,,0,30,,70455,45,,,0,70,,70450,45,,,0,30,,70440,45,,,0,70,,70444,45,,,0,30,,70456,45,,,0,70,,70451,45,,,0,30,,70441,45,,,0,70,,70445,45,,,0,30,,70457,45,,,0,70,,70452,45,,,0,30,,70442,45,,,0,70,,70446,45,,,0,30,,70458,45,,,0,70,,70453,45,,,0,30,,70437,45,,,0,70,,70447,45,,,0,30,,70459,45,,,0,70,,70454,45,,,0,30,,70435,45,,,0,70,,70448,45,,,0,30,,70460,45,,,0,100,,70436,45,,,0,101,,70461,45,,,0,100,,70438,45,,,0,95,,70449,45,,,0,100,,70463,45,,,0
7019,'1909',534,,60398,10,,,0,103,,60397,10,,,0,1301,,60375,10,,,0,100,,60374,10,,,0,198,,60373,10,,,0
7019,'1910',838,,60423,10,,,0,270,,66542,10,,,0,30,,60426,10,,,0,200,,60428,10,,,0,70,,66551,10,,,0,30,,60429,10,,,0,100,,60430,10,,,0,100,,66550,10,,,0,100,,60432,10,,,0,269,,66556,10,,,0,30,,60411,10,,,0,99,,60412,10,,,0
7019,'1912',736,,60448,10,,,0,101,,60449,10,,,0,100,,60457,10,,,0,100,,60450,10,,,0,100,,60451,10,,,0,100,,60452,10,,,0,100,,60453,10,,,0,101,,60454,10,,,0,100,,60455,10,,,0,99,,60456,10,,,0,100,,60444,10,,,0,99,,60445,10,,,0,100,,60443,10,,,0,100,,60447,10,,,0,100,,60446,10,,,0
7019,'1924',736,,60483,10,,,0,101,,60484,10,,,0,100,,60492,10,,,0,100,,60485,10,,,0,100,,60486,10,,,0,100,,60487,10,,,0,100,,60488,10,,,0,101,,60489,10,,,0,100,,60490,10,,,0,99,,60491,10,,,0,100,,60479,10,,,0,99,,60480,10,,,0,100,,60478,10,,,0,100,,60482,10,,,0,100,,60481,10,,,0
7019,'1925',736,,60518,10,,,0,101,,60519,10,,,0,100,,60527,10,,,0,100,,60520,10,,,0,100,,60521,10,,,0,100,,60522,10,,,0,100,,60523,10,,,0,101,,60524,10,,,0,100,,60525,10,,,0,99,,60526,10,,,0,100,,60514,10,,,0,99,,60515,10,,,0,100,,60513,10,,,0,100,,60517,10,,,0,100,,60516,10,,,0
7019,'1949',1909,,66622,10,,,0
7019,'1955',637,,66545,10,,,0,69,,66538,10,,,0,30,,66546,10,,,0,70,,66539,10,,,0,102,,66540,10,,,0,30,,66547,10,,,0,70,,66541,10,,,0,30,,66548,10,,,0,170,,66543,10,,,0,30,,66549,10,,,0,70,,66544,10,,,0,200,,66553,10,,,0,100,,66552,10,,,0,100,,66554,10,,,0,100,,66557,10,,,0,29,,66535,10,,,0,70,,66555,10,,,0,30,,66536,10,,,0,299,,66537,10,,,0
7019,'1957',707,,71162,10,,,0,32,,71161,10,,,0,71,,71160,10,,,0,29,,71159,10,,,0,70,,71155,10,,,0,30,,71157,10,,,0,70,,71158,10,,,0,30,,71156,10,,,0,70,,71154,10,,,0,30,,71166,10,,,0,70,,71165,10,,,0,30,,71164,10,,,0,70,,71163,10,,,0,30,,71147,10,,,0,71,,71153,10,,,0,31,,71146,10,,,0,73,,71145,10,,,0,28,,71152,10,,,0,70,,71151,10,,,0,30,,71150,10,,,0,68,,71144,10,,,0,30,,71143,10,,,0,70,,71142,10,,,0,30,,71149,10,,,0,168,,71148,10,,,0,129,,71141,10,,,0,199,,71171,10,,,0
7019,'1958',637,,71181,10,,,0,69,,71175,10,,,0,30,,71182,10,,,0,70,,71176,10,,,0,102,,71177,10,,,0,30,,71183,10,,,0,70,,71178,10,,,0,30,,71184,10,,,0,170,,71179,10,,,0,30,,71185,10,,,0,70,,71180,10,,,0,200,,71187,10,,,0,100,,71186,10,,,0,100,,71188,10,,,0,100,,71190,10,,,0,29,,71172,10,,,0,70,,71189,10,,,0,30,,71173,10,,,0,299,,71174,10,,,0
