1029,'1909',825,,59245,11,,,0,103,,59222,11,,,0,130,,59211,11,,,0,100,,59216,11,,,0,170,,59218,11,,,0,100,,59242,11,,,0,131,,59238,11,,,0,70,,59227,11,,,0,100,,59225,11,,,0,98,,59230,11,,,0,30,,59229,11,,,0,100,,59243,11,,,0,169,,59235,11,,,0,125,,59232,11,,,0
1029,'1912',558,,59281,11,,,0,98,,59282,11,,,0,100,,59283,11,,,0,100,,59284,11,,,0,101,,59285,11,,,0,100,,59286,11,,,0,100,,59287,11,,,0,100,,59288,11,,,0,100,,59289,11,,,0,100,,59290,11,,,0,100,,59291,11,,,0,100,,59292,11,,,0,100,,59293,11,,,0,100,,59294,11,,,0,100,,59295,11,,,0,100,,59296,11,,,0,100,,59297,11,,,0,99,,59298,11,,,0
1029,'1924',558,,59299,11,,,0,98,,59300,11,,,0,100,,59301,11,,,0,100,,59302,11,,,0,101,,59303,11,,,0,100,,59304,11,,,0,100,,59305,11,,,0,100,,59306,11,,,0,100,,59307,11,,,0,100,,59308,11,,,0,100,,59309,11,,,0,100,,59310,11,,,0,100,,59311,11,,,0,100,,59312,11,,,0,100,,59313,11,,,0,100,,59314,11,,,0,100,,59315,11,,,0,99,,59316,11,,,0
1029,'1925',558,,59317,11,,,0,98,,59318,11,,,0,100,,59319,11,,,0,100,,59320,11,,,0,101,,59321,11,,,0,100,,59322,11,,,0,100,,59323,11,,,0,100,,59324,11,,,0,100,,59325,11,,,0,100,,59326,11,,,0,100,,59327,11,,,0,100,,59328,11,,,0,100,,59329,11,,,0,100,,59330,11,,,0,100,,59331,11,,,0,100,,59332,11,,,0,100,,59333,11,,,0,99,,59334,11,,,0
1029,'1949',631,,65993,11,,,0,124,,65987,11,,,0,103,,65990,11,,,0,170,,65991,11,,,0,100,,65996,11,,,0,130,,65995,11,,,0,100,,65988,11,,,0,101,,65989,11,,,0,70,,65994,11,,,0
1029,'1955',558,,65951,11,,,0,68,,65963,11,,,0,30,,65970,11,,,0,70,,65958,11,,,0,30,,65979,11,,,0,70,,65967,11,,,0,30,,65950,11,,,0,68,,65962,11,,,0,30,,65973,11,,,0,70,,65957,11,,,0,30,,65980,11,,,0,70,,65966,11,,,0,30,,65949,11,,,0,70,,65961,11,,,0,30,,65972,11,,,0,70,,65956,11,,,0,30,,65952,11,,,0,70,,65965,11,,,0,30,,65948,11,,,0,70,,65960,11,,,0,30,,65968,11,,,0,70,,65955,11,,,0,30,,65977,11,,,0,70,,65964,11,,,0,30,,65947,11,,,0,72,,65959,11,,,0,30,,65971,11,,,0,70,,65953,11,,,0,30,,65975,11,,,0,70,,65974,11,,,0,30,,59246,11,,,0,70,,65954,11,,,0,30,,65969,11,,,0,70,,65978,11,,,0,30,,65976,11,,,0
1029,'1957',556,,70268,11,,,0,100,,70278,11,,,0,69,,70267,11,,,0,233,,70277,11,,,0,270,,70269,11,,,0,431,,70270,11,,,0,98,,70272,11,,,0,170,,70271,11,,,0,99,,70276,11,,,0,30,,70275,11,,,0,100,,70274,11,,,0,70,,70273,11,,,0
1029,'1958',558,,70284,11,,,0,68,,70296,11,,,0,30,,70303,11,,,0,70,,70291,11,,,0,30,,70312,11,,,0,70,,70300,11,,,0,30,,70283,11,,,0,68,,70295,11,,,0,30,,70306,11,,,0,70,,70290,11,,,0,30,,70313,11,,,0,70,,70299,11,,,0,30,,70282,11,,,0,70,,70294,11,,,0,30,,70305,11,,,0,70,,70289,11,,,0,30,,70285,11,,,0,70,,70298,11,,,0,30,,70281,11,,,0,70,,70293,11,,,0,30,,70301,11,,,0,70,,70288,11,,,0,30,,70310,11,,,0,70,,70297,11,,,0,30,,70280,11,,,0,72,,70292,11,,,0,30,,70304,11,,,0,70,,70286,11,,,0,30,,70308,11,,,0,70,,70307,11,,,0,30,,70279,11,,,0,70,,70287,11,,,0,30,,70302,11,,,0,70,,70311,11,,,0,30,,70309,11,,,0
7019,'1909',536,,60398,13,,,0,103,,60397,13,,,0,1300,,60375,13,,,0,100,,60374,13,,,0,198,,60373,13,,,0
7019,'1910',839,,60423,13,,,0,271,,66542,13,,,0,30,,60426,13,,,0,200,,60428,13,,,0,70,,66551,13,,,0,30,,60429,13,,,0,100,,60430,13,,,0,100,,66550,13,,,0,100,,60432,13,,,0,268,,66556,13,,,0,30,,60411,13,,,0,99,,60412,13,,,0
7019,'1912',737,,60448,13,,,0,101,,60449,13,,,0,100,,60457,13,,,0,101,,60450,13,,,0,100,,60451,13,,,0,100,,60452,13,,,0,100,,60453,13,,,0,101,,60454,13,,,0,100,,60455,13,,,0,99,,60456,13,,,0,100,,60444,13,,,0,99,,60445,13,,,0,99,,60443,13,,,0,100,,60447,13,,,0,100,,60446,13,,,0
7019,'1924',737,,60483,13,,,0,101,,60484,13,,,0,100,,60492,13,,,0,101,,60485,13,,,0,100,,60486,13,,,0,100,,60487,13,,,0,100,,60488,13,,,0,101,,60489,13,,,0,100,,60490,13,,,0,99,,60491,13,,,0,100,,60479,13,,,0,99,,60480,13,,,0,99,,60478,13,,,0,100,,60482,13,,,0,100,,60481,13,,,0
7019,'1925',737,,60518,13,,,0,101,,60519,13,,,0,100,,60527,13,,,0,101,,60520,13,,,0,100,,60521,13,,,0,100,,60522,13,,,0,100,,60523,13,,,0,101,,60524,13,,,0,100,,60525,13,,,0,99,,60526,13,,,0,100,,60514,13,,,0,99,,60515,13,,,0,99,,60513,13,,,0,100,,60517,13,,,0,100,,60516,13,,,0
7019,'1949',1911,,66622,13,,,0
7019,'1955',638,,66545,13,,,0,69,,66538,13,,,0,30,,66546,13,,,0,70,,66539,13,,,0,102,,66540,13,,,0,30,,66547,13,,,0,71,,66541,13,,,0,30,,66548,13,,,0,170,,66543,13,,,0,30,,66549,13,,,0,70,,66544,13,,,0,200,,66553,13,,,0,100,,66552,13,,,0,100,,66554,13,,,0,100,,66557,13,,,0,29,,66535,13,,,0,69,,66555,13,,,0,30,,66536,13,,,0,299,,66537,13,,,0
7019,'1957',709,,71162,13,,,0,32,,71161,13,,,0,71,,71160,13,,,0,29,,71159,13,,,0,70,,71155,13,,,0,30,,71157,13,,,0,70,,71158,13,,,0,30,,71156,13,,,0,70,,71154,13,,,0,30,,71166,13,,,0,70,,71165,13,,,0,30,,71164,13,,,0,70,,71163,13,,,0,30,,71147,13,,,0,71,,71153,13,,,0,31,,71146,13,,,0,73,,71145,13,,,0,28,,71152,13,,,0,70,,71151,13,,,0,30,,71150,13,,,0,68,,71144,13,,,0,30,,71143,13,,,0,70,,71142,13,,,0,30,,71149,13,,,0,167,,71148,13,,,0,129,,71141,13,,,0,199,,71171,13,,,0
7019,'1958',638,,71181,13,,,0,69,,71175,13,,,0,30,,71182,13,,,0,70,,71176,13,,,0,102,,71177,13,,,0,30,,71183,13,,,0,71,,71178,13,,,0,30,,71184,13,,,0,170,,71179,13,,,0,30,,71185,13,,,0,70,,71180,13,,,0,200,,71187,13,,,0,100,,71186,13,,,0,100,,71188,13,,,0,100,,71190,13,,,0,29,,71172,13,,,0,69,,71189,13,,,0,30,,71173,13,,,0,299,,71174,13,,,0
