10019,'1912',739,,61000,10,,,0,70,,66748,10,,,0,30,,61002,10,,,0,70,,66749,10,,,0,30,,61004,10,,,0,70,,71282,10,,,0,30,,71283,10,,,0,70,,71284,10,,,0,30,,71285,10,,,0,71,,71286,10,,,0,30,,71287,10,,,0,70,,71288,10,,,0,30,,71289,10,,,0,70,,71290,10,,,0,30,,71291,10,,,0,70,,71292,10,,,0,30,,71293,10,,,0,70,,71294,10,,,0,30,,66763,10,,,0,70,,71295,10,,,0,30,,71296,10,,,0,69,,71297,10,,,0,30,,66767,10,,,0,70,,71298,10,,,0
10019,'1959',739,,61024,10,,,0,70,,66769,10,,,0,30,,61026,10,,,0,70,,66770,10,,,0,30,,61028,10,,,0,70,,71367,10,,,0,30,,71368,10,,,0,70,,71369,10,,,0,30,,71370,10,,,0,71,,71371,10,,,0,30,,71372,10,,,0,70,,71373,10,,,0,30,,71374,10,,,0,70,,71375,10,,,0,30,,71376,10,,,0,70,,71377,10,,,0,30,,71378,10,,,0,70,,71379,10,,,0,30,,66784,10,,,0,70,,71380,10,,,0,30,,71381,10,,,0,69,,71382,10,,,0,30,,66788,10,,,0,70,,71383,10,,,0
10019,'1965',609,,71317,10,,,0,101,,71319,10,,,0,100,,71321,10,,,0,30,,71322,10,,,0,71,,60946,10,,,0,30,,71323,10,,,0,70,,71324,10,,,0,30,,71325,10,,,0,100,,71327,10,,,0,70,,71328,10,,,0,30,,71329,10,,,0,70,,71330,10,,,0,30,,66831,10,,,0,499,,71340,10,,,0,100,,71341,10,,,0,68,,60968,10,,,0,30,,71342,10,,,0,70,,60970,10,,,0,100,,60971,10,,,0
10019,'1966',739,,71345,10,,,0,70,,71346,10,,,0,130,,71349,10,,,0,871,,71366,10,,,0
10019,'1967',639,,71343,10,,,0,70,,71344,10,,,0,130,,71347,10,,,0,70,,71348,10,,,0,101,,71350,10,,,0,30,,71351,10,,,0,70,,71352,10,,,0,30,,71353,10,,,0,70,,71354,10,,,0,30,,71355,10,,,0,70,,71356,10,,,0,30,,71357,10,,,0,70,,71358,10,,,0,30,,71359,10,,,0,70,,71360,10,,,0,30,,71361,10,,,0,70,,71362,10,,,0,30,,71363,10,,,0,70,,71364,10,,,0,30,,71365,10,,,0,100,,66746,10,,,0,69,,60997,10,,,0,100,,66747,10,,,0,100,,60999,10,,,0
10019,'1969',739,,61048,10,,,0,70,,66790,10,,,0,30,,61050,10,,,0,70,,66791,10,,,0,30,,61052,10,,,0,70,,71299,10,,,0,30,,71300,10,,,0,70,,71301,10,,,0,30,,71302,10,,,0,71,,71303,10,,,0,30,,71304,10,,,0,70,,71305,10,,,0,30,,71306,10,,,0,70,,71307,10,,,0,30,,71308,10,,,0,70,,71309,10,,,0,30,,71310,10,,,0,70,,71311,10,,,0,30,,66805,10,,,0,70,,71312,10,,,0,30,,71313,10,,,0,69,,71314,10,,,0,30,,66809,10,,,0,70,,71315,10,,,0
10019,'1970',539,,74338,10,,,0,100,,74339,10,,,0,101,,74340,10,,,0,371,,74341,10,,,0,300,,74342,10,,,0,32,,74343,10,,,0,70,,74344,10,,,0,30,,74345,10,,,0,70,,74346,10,,,0,30,,74347,10,,,0,70,,74348,10,,,0,27,,74349,10,,,0,70,,74350,10,,,0,100,,74351,10,,,0
10019,'1971',739,,74352,10,,,0,70,,74353,10,,,0,130,,74354,10,,,0,871,,74355,10,,,0
15019,'1912',725,,61566,32,,,0,100,,61564,32,,,0,100,,61567,32,,,0,101,,61565,32,,,0,100,,61562,32,,,0,100,,61560,32,,,0,102,,61563,32,,,0,100,,61561,32,,,0,100,,61558,32,,,0,100,,61559,32,,,0,100,,61556,32,,,0,100,,61557,32,,,0,100,,61555,32,,,0,97,,71673,32,,,0
15019,'1959',725,,61580,32,,,0,100,,61578,32,,,0,100,,61581,32,,,0,101,,61579,32,,,0,100,,61576,32,,,0,100,,61574,32,,,0,102,,61577,32,,,0,100,,61575,32,,,0,100,,61572,32,,,0,100,,61573,32,,,0,100,,61570,32,,,0,100,,61571,32,,,0,100,,61569,32,,,0,97,,71708,32,,,0
15019,'1965',651,,61509,32,,,0,104,,67326,32,,,0,70,,71676,32,,,0,28,,71677,32,,,0,70,,71678,32,,,0,200,,71682,32,,,0,130,,71685,32,,,0,70,,71686,32,,,0,30,,71687,32,,,0,70,,71688,32,,,0,33,,71689,32,,,0,70,,61526,32,,,0,30,,71690,32,,,0,98,,71692,32,,,0,70,,71693,32,,,0,29,,71694,32,,,0,70,,61532,32,,,0,30,,71695,32,,,0,70,,71699,32,,,0,30,,71696,32,,,0,98,,71697,32,,,0,100,,71698,32,,,0,100,,67335,32,0,5 2 6 7,0
15019,'1966',925,,61542,32,,,0,302,,61545,32,,,0,303,,61548,32,,,0,495,,71706,32,,,0
15019,'1967',725,,71700,32,,,0,100,,71701,32,,,0,202,,71702,32,,,0,100,,71703,32,,,0,203,,71704,32,,,0,100,,61547,32,,,0,200,,61549,32,,,0,100,,67300,32,,,0,98,,61551,32,,,0,100,,71705,32,,,0
15019,'1969',725,,61594,32,,,0,100,,61592,32,,,0,100,,61595,32,,,0,101,,61593,32,,,0,100,,61590,32,,,0,100,,61588,32,,,0,102,,61591,32,,,0,100,,61589,32,,,0,100,,61586,32,,,0,100,,61587,32,,,0,100,,61584,32,,,0,100,,61585,32,,,0,100,,61583,32,,,0,97,,71674,32,,,0
15019,'1970',721,,74441,32,,,0,232,,74442,32,,,0,70,,74443,32,,,0,30,,74444,32,,,0,100,,74445,32,,,0,70,,74446,32,,,0,403,,74447,32,,,0
15019,'1971',925,,74448,32,,,0,302,,74449,32,,,0,303,,74450,32,,,0,495,,74451,32,,,0
