10019,'1912',736,,61000,7,,,0,70,,66748,7,,,0,30,,61002,7,,,0,70,,66749,7,,,0,30,,61004,7,,,0,70,,71282,7,,,0,30,,71283,7,,,0,70,,71284,7,,,0,30,,71285,7,,,0,71,,71286,7,,,0,30,,71287,7,,,0,70,,71288,7,,,0,30,,71289,7,,,0,70,,71290,7,,,0,30,,71291,7,,,0,70,,71292,7,,,0,30,,71293,7,,,0,70,,71294,7,,,0,30,,66763,7,,,0,70,,71295,7,,,0,30,,71296,7,,,0,69,,71297,7,,,0,30,,66767,7,,,0,70,,71298,7,,,0
10019,'1959',736,,61024,7,,,0,70,,66769,7,,,0,30,,61026,7,,,0,70,,66770,7,,,0,30,,61028,7,,,0,70,,71367,7,,,0,30,,71368,7,,,0,70,,71369,7,,,0,30,,71370,7,,,0,71,,71371,7,,,0,30,,71372,7,,,0,70,,71373,7,,,0,30,,71374,7,,,0,70,,71375,7,,,0,30,,71376,7,,,0,70,,71377,7,,,0,30,,71378,7,,,0,70,,71379,7,,,0,30,,66784,7,,,0,70,,71380,7,,,0,30,,71381,7,,,0,69,,71382,7,,,0,30,,66788,7,,,0,70,,71383,7,,,0
10019,'1965',606,,71317,7,,,0,101,,71319,7,,,0,100,,71321,7,,,0,30,,71322,7,,,0,70,,60946,7,,,0,30,,71323,7,,,0,70,,71324,7,,,0,30,,71325,7,,,0,100,,71327,7,,,0,70,,71328,7,,,0,30,,71329,7,,,0,70,,71330,7,,,0,30,,66831,7,,,0,499,,71340,7,,,0,100,,71341,7,,,0,69,,60968,7,,,0,30,,71342,7,,,0,70,,60970,7,,,0,100,,60971,7,,,0
10019,'1966',736,,71345,7,,,0,70,,71346,7,,,0,130,,71349,7,,,0,871,,71366,7,,,0
10019,'1967',636,,71343,7,,,0,70,,71344,7,,,0,130,,71347,7,,,0,70,,71348,7,,,0,101,,71350,7,,,0,30,,71351,7,,,0,70,,71352,7,,,0,30,,71353,7,,,0,70,,71354,7,,,0,30,,71355,7,,,0,70,,71356,7,,,0,30,,71357,7,,,0,70,,71358,7,,,0,30,,71359,7,,,0,70,,71360,7,,,0,30,,71361,7,,,0,70,,71362,7,,,0,30,,71363,7,,,0,70,,71364,7,,,0,30,,71365,7,,,0,100,,66746,7,,,0,69,,60997,7,,,0,100,,66747,7,,,0,100,,60999,7,,,0
10019,'1969',736,,61048,7,,,0,70,,66790,7,,,0,30,,61050,7,,,0,70,,66791,7,,,0,30,,61052,7,,,0,70,,71299,7,,,0,30,,71300,7,,,0,70,,71301,7,,,0,30,,71302,7,,,0,71,,71303,7,,,0,30,,71304,7,,,0,70,,71305,7,,,0,30,,71306,7,,,0,70,,71307,7,,,0,30,,71308,7,,,0,70,,71309,7,,,0,30,,71310,7,,,0,70,,71311,7,,,0,30,,66805,7,,,0,70,,71312,7,,,0,30,,71313,7,,,0,69,,71314,7,,,0,30,,66809,7,,,0,70,,71315,7,,,0
10019,'1970',536,,74338,7,,,0,100,,74339,7,,,0,101,,74340,7,,,0,370,,74341,7,,,0,300,,74342,7,,,0,31,,74343,7,,,0,70,,74344,7,,,0,30,,74345,7,,,0,70,,74346,7,,,0,30,,74347,7,,,0,70,,74348,7,,,0,28,,74349,7,,,0,70,,74350,7,,,0,100,,74351,7,,,0
10019,'1971',736,,74352,7,,,0,70,,74353,7,,,0,130,,74354,7,,,0,871,,74355,7,,,0
15019,'1912',717,,61566,17,,,0,100,,61564,17,,,0,100,,61567,17,,,0,101,,61565,17,,,0,100,,61562,17,,,0,100,,61560,17,,,0,101,,61563,17,,,0,100,,61561,17,,,0,100,,61558,17,,,0,100,,61559,17,,,0,100,,61556,17,,,0,100,,61557,17,,,0,100,,61555,17,,,0,98,,71673,17,,,0
15019,'1959',717,,61580,17,,,0,100,,61578,17,,,0,100,,61581,17,,,0,101,,61579,17,,,0,100,,61576,17,,,0,100,,61574,17,,,0,101,,61577,17,,,0,100,,61575,17,,,0,100,,61572,17,,,0,100,,61573,17,,,0,100,,61570,17,,,0,100,,61571,17,,,0,100,,61569,17,,,0,98,,71708,17,,,0
15019,'1965',642,,61509,17,,,0,102,,67326,17,,,0,70,,71676,17,,,0,30,,71677,17,,,0,70,,71678,17,,,0,200,,71682,17,,,0,130,,71685,17,,,0,70,,71686,17,,,0,30,,71687,17,,,0,70,,71688,17,,,0,31,,71689,17,,,0,70,,61526,17,,,0,30,,71690,17,,,0,99,,71692,17,,,0,70,,71693,17,,,0,30,,71694,17,,,0,70,,61532,17,,,0,30,,71695,17,,,0,70,,71699,17,,,0,30,,71696,17,,,0,98,,71697,17,,,0,100,,71698,17,,,0,100,,67335,17,0,5 2 6 7,0
15019,'1966',917,,61542,17,,,0,301,,61545,17,,,0,302,,61548,17,,,0,497,,71706,17,,,0
15019,'1967',717,,71700,17,,,0,100,,71701,17,,,0,201,,71702,17,,,0,100,,71703,17,,,0,202,,71704,17,,,0,100,,61547,17,,,0,200,,61549,17,,,0,100,,67300,17,,,0,98,,61551,17,,,0,100,,71705,17,,,0
15019,'1969',717,,61594,17,,,0,100,,61592,17,,,0,100,,61595,17,,,0,101,,61593,17,,,0,100,,61590,17,,,0,100,,61588,17,,,0,101,,61591,17,,,0,100,,61589,17,,,0,100,,61586,17,,,0,100,,61587,17,,,0,100,,61584,17,,,0,100,,61585,17,,,0,100,,61583,17,,,0,98,,71674,17,,,0
15019,'1970',712,,74441,17,,,0,232,,74442,17,,,0,70,,74443,17,,,0,30,,74444,17,,,0,100,,74445,17,,,0,70,,74446,17,,,0,401,,74447,17,,,0
15019,'1971',917,,74448,17,,,0,301,,74449,17,,,0,302,,74450,17,,,0,497,,74451,17,,,0
