1019,'1912',620,,73606,23,,,0,100,,73607,23,,,0,101,,73608,23,,,0,100,,73609,23,,,0,100,,73610,23,,,0,100,,73611,23,,,0,100,,73612,23,,,0,100,,73613,23,,,0,100,,73614,23,,,0,100,,73615,23,,,0,100,,73616,23,,,0,100,,73617,23,,,0,100,,73618,23,,,0,100,,73619,23,,,0,100,,73620,23,,,0,100,,73621,23,,,0,103,,73622,23,,,0,95,,73623,23,,,0
1019,'1959',620,,73696,23,,,0,100,,73697,23,,,0,101,,73698,23,,,0,100,,73699,23,,,0,100,,73700,23,,,0,100,,73701,23,,,0,100,,73702,23,,,0,100,,73703,23,,,0,100,,73704,23,,,0,100,,73705,23,,,0,100,,73706,23,,,0,100,,73707,23,,,0,100,,73708,23,,,0,100,,73709,23,,,0,100,,73710,23,,,0,100,,73711,23,,,0,103,,73712,23,,,0,95,,73713,23,,,0
1019,'1967',551,,73695,23,,,0,70,,73684,23,,,0,30,,73670,23,,,0,70,,73689,23,,,0,30,,73679,23,,,0,70,,73664,23,,,0,30,,73685,23,,,0,70,,73687,23,,,0,30,,73669,23,,,0,70,,73690,23,,,0,30,,73678,23,,,0,70,,73663,23,,,0,30,,73673,23,,,0,70,,73683,23,,,0,30,,73668,23,,,0,70,,73691,23,,,0,30,,73677,23,,,0,70,,73662,23,,,0,30,,73672,23,,,0,70,,73682,23,,,0,30,,73667,23,,,0,70,,73692,23,,,0,30,,73676,23,,,0,70,,73661,23,,,0,30,,73671,23,,,0,70,,73681,23,,,0,30,,73665,23,,,0,70,,73693,23,,,0,30,,73674,23,,,0,70,,73660,23,,,0,30,,73666,23,,,0,70,,73680,23,,,0,34,,73675,23,,,0,70,,73694,23,,,0,30,,73688,23,,,0,65,,73686,23,,,0
1019,'1969',620,,73714,23,,,0,100,,73715,23,,,0,101,,73716,23,,,0,100,,73717,23,,,0,100,,73718,23,,,0,100,,73719,23,,,0,100,,73720,23,,,0,100,,73721,23,,,0,100,,73722,23,,,0,100,,73723,23,,,0,100,,73724,23,,,0,100,,73725,23,,,0,100,,73726,23,,,0,100,,73727,23,,,0,100,,73728,23,,,0,100,,73729,23,,,0,103,,73730,23,,,0,95,,73731,23,,,0
1019,'1976',550,,73659,23,,,0,75,,73655,23,,,0,30,,73631,23,,,0,73,,73626,23,,,0,30,,73644,23,,,0,70,,73628,23,,,0,30,,73633,23,,,0,72,,73658,23,,,0,70,,73630,23,,,0,30,,73624,23,,,0,70,,73643,23,,,0,30,,73629,23,,,0,70,,73634,23,,,0,30,,73654,23,,,0,70,,73632,23,,,0,30,,73625,23,,,0,70,,73656,23,,,0,30,,73627,23,,,0,70,,73635,23,,,0,30,,73653,23,,,0,70,,73646,23,,,0,30,,73638,23,,,0,70,,73636,23,,,0,30,,73639,23,,,0,28,,73641,23,,,0,70,,73640,23,,,0,30,,73637,23,,,0,65,,73657,23,,,0,30,,73651,23,,,0,68,,73652,23,,,0,30,,73650,23,,,0,70,,73649,23,,,0,30,,73648,23,,,0,70,,73647,23,,,0,30,,73645,23,,,0,70,,73642,23,,,0
1019,'1977',550,,75105,23,,,0,75,,75101,23,,,0,30,,75077,23,,,0,73,,75072,23,,,0,30,,75090,23,,,0,70,,75074,23,,,0,30,,75079,23,,,0,72,,75104,23,,,0,70,,75076,23,,,0,30,,75070,23,,,0,70,,75089,23,,,0,30,,75075,23,,,0,70,,75080,23,,,0,30,,75100,23,,,0,70,,75078,23,,,0,30,,75071,23,,,0,70,,75102,23,,,0,30,,75073,23,,,0,70,,75081,23,,,0,30,,75099,23,,,0,70,,75092,23,,,0,30,,75084,23,,,0,70,,75082,23,,,0,30,,75085,23,,,0,28,,75087,23,,,0,70,,75086,23,,,0,30,,75083,23,,,0,65,,75103,23,,,0,30,,75097,23,,,0,68,,75098,23,,,0,30,,75096,23,,,0,70,,75095,23,,,0,30,,75094,23,,,0,70,,75093,23,,,0,30,,75091,23,,,0,70,,75088,23,,,0
32019,'1912',636,,74670,23,,,0,95,,74671,23,,,0,100,,74672,23,,,0,100,,74673,23,,,0,100,,74674,23,,,0,101,,74675,23,,,0,102,,74676,23,,,0,100,,74677,23,,,0,100,,74678,23,,,0,100,,74679,23,,,0,100,,74680,23,,,0,100,,74681,23,,,0,98,,74682,23,,,0,100,,74683,23,,,0,100,,74684,23,,,0,100,,74685,23,,,0,100,,74686,23,,,0,95,,74688,23,0,5 2 8 7,0
32019,'1959',636,,74763,23,,,0,95,,74764,23,,,0,100,,74765,23,,,0,100,,74766,23,,,0,100,,74767,23,,,0,101,,74768,23,,,0,102,,74769,23,,,0,100,,74770,23,,,0,100,,74771,23,,,0,100,,74772,23,,,0,100,,74773,23,,,0,100,,74774,23,,,0,98,,74775,23,,,0,100,,74776,23,,,0,100,,74777,23,,,0,100,,74778,23,,,0,100,,74779,23,,,0,95,,74781,23,0,5 2 8 7,0
32019,'1967',635,,74737,23,,,0,65,,74754,23,,,0,30,,74731,23,,,0,70,,74748,23,,,0,30,,74755,23,,,0,72,,74743,23,,,0,30,,74736,23,,,0,70,,74753,23,,,0,30,,74730,23,,,0,70,,74747,23,,,0,30,,74758,23,,,0,71,,74742,23,,,0,30,,74735,23,,,0,71,,74752,23,,,0,30,,74729,23,,,0,70,,74746,23,,,0,30,,74757,23,,,0,70,,74741,23,,,0,30,,74734,23,,,0,70,,74751,23,,,0,30,,74728,23,,,0,70,,74745,23,,,0,30,,74759,23,,,0,70,,74740,23,,,0,30,,74733,23,,,0,68,,74749,23,,,0,30,,74727,23,,,0,100,,74756,23,,,0,98,,74732,23,,,0,100,,74726,23,,,0,100,,74760,23,0,5 2 8 7,0
32019,'1969',636,,74782,23,,,0,95,,74783,23,,,0,100,,74784,23,,,0,100,,74785,23,,,0,100,,74786,23,,,0,101,,74787,23,,,0,102,,74788,23,,,0,100,,74789,23,,,0,100,,74790,23,,,0,100,,74791,23,,,0,100,,74792,23,,,0,100,,74793,23,,,0,98,,74794,23,,,0,100,,74795,23,,,0,100,,74796,23,,,0,100,,74797,23,,,0,100,,74798,23,,,0,95,,74800,23,0,5 2 8 7,0
32019,'1976',636,,74697,23,,,0,66,,74713,23,,,0,32,,74692,23,,,0,71,,74708,23,,,0,30,,74718,23,,,0,70,,74702,23,,,0,29,,74700,23,,,0,70,,74712,23,,,0,30,,74690,23,,,0,70,,74706,23,,,0,30,,74717,23,,,0,70,,74704,23,,,0,30,,74699,23,,,0,70,,74711,23,,,0,30,,74693,23,,,0,70,,74705,23,,,0,28,,74716,23,,,0,70,,74703,23,,,0,30,,74696,23,,,0,70,,74710,23,,,0,30,,74689,23,,,0,70,,74707,23,,,0,32,,74715,23,,,0,71,,74701,23,,,0,29,,74698,23,,,0,70,,74709,23,,,0,30,,74694,23,,,0,99,,74714,23,,,0,100,,74695,23,,,0,100,,74691,23,,,0,95,,74722,23,0,5 2 8 7,0
32019,'1977',636,,75849,23,,,0,66,,75865,23,,,0,32,,75844,23,,,0,71,,75860,23,,,0,30,,75870,23,,,0,70,,75854,23,,,0,29,,75852,23,,,0,70,,75864,23,,,0,30,,75842,23,,,0,70,,75858,23,,,0,30,,75869,23,,,0,70,,75856,23,,,0,30,,75851,23,,,0,70,,75863,23,,,0,30,,75845,23,,,0,70,,75857,23,,,0,28,,75868,23,,,0,70,,75855,23,,,0,30,,75848,23,,,0,70,,75862,23,,,0,30,,75841,23,,,0,70,,75859,23,,,0,32,,75867,23,,,0,71,,75853,23,,,0,29,,75850,23,,,0,70,,75861,23,,,0,30,,75846,23,,,0,99,,75866,23,,,0,100,,75847,23,,,0,100,,75843,23,,,0,95,,75875,23,0,5 2 8 7,0
