22019,'1909',603,,62171,10,0,19 2 32 26,0,999,,62170,12,,,0,126,,62161,12,,,0,29,,62162,12,,,0,99,,62164,12,,,0,169,,62167,12,,,0
22019,'1910',629,,62202,10,0,19 2 32 26,0,23,,62195,10,0,19 2 32 26,0,70,,62191,10,0,19 2 32 26,0,30,,62196,10,0,19 2 32 26,0,70,,62192,10,0,19 2 32 26,0,31,,62172,12,,,0,72,,62173,12,,,0,30,,62174,12,,,0,70,,62175,12,,,0,30,,62176,12,,,0,70,,62177,12,,,0,30,,62178,12,,,0,70,,62179,12,,,0,31,,62180,12,,,0,70,,62181,12,,,0,30,,62182,12,,,0,70,,62183,12,,,0,31,,62184,12,,,0,70,,62185,12,,,0,30,,62186,12,,,0,70,,62187,12,,,0,29,,62188,12,,,0,70,,62189,12,,,0,29,,62197,10,0,19 2 32 26,0,70,,62193,10,0,19 2 32 26,0,30,,62198,10,0,19 2 32 26,0,68,,62190,10,0,19 2 32 26,0,30,,62199,10,0,19 2 32 26,0,69,,62194,10,0,19 2 32 26,0,30,,62200,10,0,19 2 32 26,0,70,,62201,10,0,19 2 32 26,0
22019,'1912',657,,67626,10,0,19 2 32 26,0,100,,71967,10,0,19 2 32 26,0,100,,71964,12,,,0,93,,71965,12,,,0,100,,71959,12,,,0,100,,71963,12,,,0,100,,71960,12,,,0,100,,71961,12,,,0,100,,71958,12,,,0,100,,71962,12,,,0,100,,67620,12,,,0,100,,62212,10,0,19 2 32 26,0,100,,62213,10,0,19 2 32 26,0,100,,62214,10,0,19 2 32 26,0,107,,71966,10,0,19 2 32 26,0
22019,'1924',657,,67638,10,0,19 2 32 26,0,993,,67632,12,,,0,100,,62227,10,0,19 2 32 26,0,100,,62228,10,0,19 2 32 26,0,100,,62229,10,0,19 2 32 26,0
22019,'1925',657,,67650,10,0,19 2 32 26,0,100,,71977,10,0,19 2 32 26,0,100,,71974,12,,,0,93,,71975,12,,,0,100,,71969,12,,,0,100,,71973,12,,,0,100,,71970,12,,,0,100,,71971,12,,,0,100,,71968,12,,,0,100,,71972,12,,,0,100,,67644,12,,,0,100,,62242,10,0,19 2 32 26,0,100,,62243,10,0,19 2 32 26,0,100,,62244,10,0,19 2 32 26,0,107,,71976,10,0,19 2 32 26,0
22019,'1949',1533,,67668,12,,,0,99,,67669,12,,,0,68,,67670,12,,,0
22019,'1956',757,,67637,10,0,19 2 32 26,0,100,,67634,12,,,0,93,,67635,12,,,0,100,,67628,12,,,0,100,,67633,12,,,0,100,,67629,12,,,0,100,,67630,12,,,0,100,,67627,12,,,0,100,,67631,12,,,0,507,,67636,10,0,19 2 32 26,0
22019,'1957',655,,71978,10,0,19 2 32 26,0,70,,71979,10,0,19 2 32 26,0,75,,71980,12,,,0,30,,71981,12,,,0,72,,71982,12,,,0,29,,71983,12,,,0,70,,71984,12,,,0,30,,71985,12,,,0,70,,71986,12,,,0,30,,71987,12,,,0,70,,71988,12,,,0,30,,71989,12,,,0,70,,71990,12,,,0,30,,71991,12,,,0,70,,71992,12,,,0,30,,71993,12,,,0,73,,71994,12,,,0,322,,71995,12,,,0,100,,71996,12,,,0,30,,71997,12,,,0,99,,71998,12,,,0,68,,71999,10,0,19 2 32 26,0
22019,'1959',757,,72009,10,0,19 2 32 26,0,100,,72006,12,,,0,93,,72007,12,,,0,100,,72001,12,,,0,100,,72005,12,,,0,100,,72002,12,,,0,100,,72003,12,,,0,100,,72000,12,,,0,100,,72004,12,,,0,507,,72008,10,0,19 2 32 26,0
602019,'1909',622,,64133,14,,,0,29,,64113,14,0,19 2 11 2 32 26,0,60,,64157,14,0,19 2 11 2 32 26,0,15,,64125,14,0,19 2 11 2 32 26,0,15,,64112,14,0,19 2 11 2 32 26,0,15,,64115,14,0,19 2 11 2 32 26,0,55,,64126,14,0,19 2 11 2 32 26,0,15,,64120,14,0,19 2 11 2 32 26,0,15,,64135,14,0,19 2 11 2 32 26,0,15,,64116,14,0,19 2 11 2 32 26,0,57,,64151,15,,,0,22,,64147,14,,,0,170,,64145,14,,,0,30,,64144,14,,,0,70,,64143,14,,,0,130,,64109,14,,,0,70,,64110,14,,,0,28,,64111,14,,,0,26,,64123,14,0,19 2 11 2 32 26,0,53,,64130,14,0,19 2 11 2 32 26,0,15,,64124,14,0,19 2 11 2 32 26,0,15,,64129,14,0,19 2 11 2 32 26,0,15,,64117,14,0,19 2 11 2 32 26,0,55,,64128,14,0,19 2 11 2 32 26,0,15,,64122,14,0,19 2 11 2 32 26,0,15,,64132,14,0,19 2 11 2 32 26,0,14,,64121,14,0,19 2 11 2 32 26,0,54,,64127,14,0,19 2 11 2 32 26,0,14,,64118,14,0,19 2 11 2 32 26,0,15,,64131,14,0,19 2 11 2 32 26,0,15,,64114,14,0,19 2 11 2 32 26,0,55,,64134,14,0,19 2 11 2 32 26,0,15,,64119,14,0,19 2 11 2 32 26,0,18,,64150,15,,,0,17,,64141,15,,,0,70,,64136,15,,,0,12,,64154,15,,,0,18,,64140,15,,,0,70,,64139,15,,,0,30,,64137,15,,,0,69,,64138,15,,,0,30,,64152,15,,,0,70,,64156,15,,,0,30,,64153,15,,,0,76,,64155,15,,,0
602019,'1910',637,,64192,14,,,0,67,,64190,15,,,0,30,,64191,15,,,0,70,,64181,15,,,0,30,,64182,15,,,0,71,,64180,15,,,0,31,,64179,15,,,0,70,,64178,15,,,0,30,,64177,15,,,0,70,,64188,15,,,0,30,,64187,15,,,0,70,,64186,15,,,0,30,,64185,15,,,0,70,,64184,15,,,0,30,,64183,15,,,0,70,,64175,15,,,0,30,,64176,15,,,0,70,,64189,15,,,0,30,,64174,15,,,0,70,,64173,15,,,0,30,,64172,15,,,0,70,,64171,15,,,0,30,,64170,15,,,0,70,,64168,15,,,0,30,,64169,15,,,0,70,,64167,15,,,0,30,,64160,15,,,0,69,,64161,15,,,0,29,,64159,15,,,0,70,,64162,15,,,0,30,,64165,15,,,0,70,,64166,15,,,0,30,,64164,15,,,0,70,,64163,15,,,0,28,,64158,15,,,0
602019,'1912',2234,,64193,15,,,0,70,,64194,15,,,0,30,,64195,15,,,0
602019,'1924',635,,64230,14,,,0,67,,64226,15,,,0,30,,64225,15,,,0,70,,64224,15,,,0,30,,64220,15,,,0,70,,64219,15,,,0,30,,64217,15,,,0,70,,64216,15,,,0,30,,64222,15,,,0,70,,64223,15,,,0,31,,64221,15,,,0,71,,64218,15,,,0,30,,64215,15,,,0,70,,64212,15,,,0,30,,64211,15,,,0,70,,64210,15,,,0,30,,64209,15,,,0,70,,64200,15,,,0,30,,64202,15,,,0,70,,64208,15,,,0,30,,64207,15,,,0,70,,64204,15,,,0,30,,64203,15,,,0,70,,64198,15,,,0,30,,64197,15,,,0,70,,64205,15,,,0,30,,64206,15,,,0,70,,64199,15,,,0,30,,64201,15,,,0,70,,64196,15,,,0,30,,64227,15,,,0,70,,64229,15,,,0,30,,64213,15,,,0,70,,64214,15,,,0,30,,64228,15,,,0
602019,'1925',2134,,64233,15,,,0,70,,64235,15,,,0,30,,64231,15,,,0,70,,64232,15,,,0,30,,64234,15,,,0
602019,'1957',1005,,72931,14,,,0,30,,72930,14,,,0,200,,72932,14,,,0,70,,72929,14,,,0
