10019,'1909',925,,60946,29,,,0,999,,60966,29,,,0,97,,60968,29,,,0,100,,60970,29,,,0,100,,60971,29,,,0
10019,'1910',1853,,66746,29,,,0,69,,60997,29,,,0,100,,66747,29,,,0,100,,60999,29,,,0
10019,'1912',752,,61000,29,,,0,70,,66748,29,,,0,30,,61002,29,,,0,70,,66749,29,,,0,30,,61004,29,,,0,70,,71282,29,,,0,30,,71283,29,,,0,70,,71284,29,,,0,30,,71285,29,,,0,71,,71286,29,,,0,30,,71287,29,,,0,70,,71288,29,,,0,30,,71289,29,,,0,70,,71290,29,,,0,30,,71291,29,,,0,70,,71292,29,,,0,30,,71293,29,,,0,70,,71294,29,,,0,30,,66763,29,,,0,70,,71295,29,,,0,30,,71296,29,,,0,69,,71297,29,,,0,30,,66767,29,,,0,70,,71298,29,,,0
10019,'1924',752,,61024,29,,,0,70,,66769,29,,,0,30,,61026,29,,,0,70,,66770,29,,,0,30,,61028,29,,,0,701,,66784,29,,,0,199,,66788,29,,,0
10019,'1925',752,,61048,29,,,0,70,,66790,29,,,0,30,,61050,29,,,0,70,,66791,29,,,0,30,,61052,29,,,0,70,,71299,29,,,0,30,,71300,29,,,0,70,,71301,29,,,0,30,,71302,29,,,0,71,,71303,29,,,0,30,,71304,29,,,0,70,,71305,29,,,0,30,,71306,29,,,0,70,,71307,29,,,0,30,,71308,29,,,0,70,,71309,29,,,0,30,,71310,29,,,0,70,,71311,29,,,0,30,,66805,29,,,0,70,,71312,29,,,0,30,,71313,29,,,0,69,,71314,29,,,0,30,,66809,29,,,0,70,,71315,29,,,0
10019,'1949',1355,,66831,29,,,0
10019,'1955',652,,60972,29,,,0,70,,66724,29,,,0,30,,66725,29,,,0,70,,66726,29,,,0,30,,60976,29,,,0,70,,66727,29,,,0,30,,66728,29,,,0,71,,66729,29,,,0,30,,66730,29,,,0,70,,66731,29,,,0,30,,66732,29,,,0,70,,66733,29,,,0,30,,66734,29,,,0,70,,66735,29,,,0,30,,66736,29,,,0,70,,66737,29,,,0,30,,66738,29,,,0,70,,66739,29,,,0,30,,66740,29,,,0,70,,66741,29,,,0,30,,66742,29,,,0,70,,66743,29,,,0,30,,66744,29,,,0,70,,66745,29,,,0
10019,'1956',1022,,66771,29,,,0,30,,66772,29,,,0,70,,66773,29,,,0,30,,66774,29,,,0,71,,66775,29,,,0,30,,66776,29,,,0,70,,66777,29,,,0,30,,66778,29,,,0,70,,66779,29,,,0,30,,66780,29,,,0,70,,66781,29,,,0,30,,66782,29,,,0,70,,66783,29,,,0,100,,66785,29,,,0,30,,66786,29,,,0,69,,66787,29,,,0,100,,66789,29,,,0
10019,'1957',552,,71316,29,,,0,70,,71317,29,,,0,30,,71318,29,,,0,72,,71319,29,,,0,30,,71320,29,,,0,70,,71321,29,,,0,30,,71322,29,,,0,101,,71323,29,,,0,70,,71324,29,,,0,30,,71325,29,,,0,70,,71326,29,,,0,30,,71327,29,,,0,70,,71328,29,,,0,30,,71329,29,,,0,70,,71330,29,,,0,100,,71331,29,,,0,34,,71332,29,,,0,70,,71333,29,,,0,30,,71334,29,,,0,70,,71335,29,,,0,30,,71336,29,,,0,69,,71337,29,,,0,26,,71338,29,,,0,70,,71339,29,,,0,30,,71340,29,,,0,100,,71341,29,,,0,97,,71342,29,,,0
10019,'1958',652,,71343,29,,,0,70,,71344,29,,,0,30,,71345,29,,,0,70,,71346,29,,,0,30,,71347,29,,,0,70,,71348,29,,,0,30,,71349,29,,,0,71,,71350,29,,,0,30,,71351,29,,,0,70,,71352,29,,,0,30,,71353,29,,,0,70,,71354,29,,,0,30,,71355,29,,,0,70,,71356,29,,,0,30,,71357,29,,,0,70,,71358,29,,,0,30,,71359,29,,,0,70,,71360,29,,,0,30,,71361,29,,,0,70,,71362,29,,,0,30,,71363,29,,,0,70,,71364,29,,,0,30,,71365,29,,,0,70,,71366,29,,,0
10019,'1959',1022,,71367,29,,,0,30,,71368,29,,,0,70,,71369,29,,,0,30,,71370,29,,,0,71,,71371,29,,,0,30,,71372,29,,,0,70,,71373,29,,,0,30,,71374,29,,,0,70,,71375,29,,,0,30,,71376,29,,,0,70,,71377,29,,,0,30,,71378,29,,,0,70,,71379,29,,,0,100,,71380,29,,,0,30,,71381,29,,,0,69,,71382,29,,,0,100,,71383,29,,,0
10090029,'1908',712,,65810,3,,,0,100,,65803,3,,,0,100,,65805,3,,,0,100,,65804,3,,,0,430,,65809,3,,,0,100,,65807,3,,,0,100,,65806,3,,,0,100,,65808,3,,,0
20090029,'1908',629,,65819,3,,,0,100,,65820,3,,,0,100,,65821,3,,,0,100,,65822,3,,,0,500,,65823,3,,,0,100,,65824,3,,,0,100,,65825,3,,,0,100,,65826,3,,,0
