14019,'1912',639,,61463,4,,,0,100,,67238,4,,,0,100,,67227,4,,,0,100,,71631,4,,,0,100,,67229,4,,,0,100,,67230,4,,,0,100,,67231,4,,,0,100,,67232,4,,,0,100,,67233,4,,,0,100,,67234,4,,,0,100,,67235,4,,,0,100,,67236,4,,,0,100,,67237,4,,,0,100,,61451,4,,,0,105,,71630,4,,,0
14019,'1959',639,,61478,4,,,0,100,,67251,4,,,0,100,,67240,4,,,0,100,,71672,4,,,0,100,,67242,4,,,0,100,,67243,4,,,0,100,,67244,4,,,0,100,,67245,4,,,0,100,,67246,4,,,0,100,,67247,4,,,0,100,,67248,4,,,0,100,,67249,4,,,0,100,,67250,4,,,0,100,,61466,4,,,0,105,,71671,4,,,0
14019,'1965',514,,61431,4,,,0,100,,71660,4,,,0,40,,71634,4,,,0,70,,71647,4,,,0,28,,71635,4,,,0,62,,71648,4,,,0,100,,71649,4,,,0,30,,71637,4,,,0,70,,61417,4,,,0,30,,71638,4,,,0,70,,71650,4,,,0,30,,71639,4,,,0,70,,71651,4,,,0,200,,71653,4,,,0,30,,71642,4,,,0,70,,71654,4,,,0,40,,71643,4,,,0,70,,71655,4,,,0,30,,71644,4,,,0,70,,71656,4,,,0,30,,71645,4,,,0,60,,71657,4,,,0,30,,71646,4,,,0,100,,71661,4,,,0,162,,61428,4,,,0,100,,71659,4,,,0
14019,'1966',738,,71662,4,,,0,101,,71663,4,,,0,1300,,71670,4,,,0
14019,'1967',638,,67210,4,,,0,301,,71664,4,,,0,100,,71665,4,,,0,100,,71666,4,,,0,100,,67216,4,,,0,100,,67217,4,,,0,100,,71667,4,,,0,100,,67219,4,,,0,100,,67220,4,,,0,100,,67221,4,,,0,100,,71668,4,,,0,100,,71669,4,,,0,100,,67224,4,,,0,200,,61449,4,,,0
14019,'1969',639,,61493,4,,,0,100,,67264,4,,,0,100,,67253,4,,,0,100,,71633,4,,,0,100,,67255,4,,,0,100,,67256,4,,,0,100,,67257,4,,,0,100,,67258,4,,,0,100,,67259,4,,,0,100,,67260,4,,,0,100,,67261,4,,,0,100,,67262,4,,,0,100,,67263,4,,,0,100,,61481,4,,,0,105,,71632,4,,,0
14019,'1970',844,,74432,4,,,0,400,,74433,4,,,0,70,,74435,4,,,0,30,,74434,4,,,0,570,,74436,4,,,0,100,,74437,4,,,0
14019,'1971',738,,74438,4,,,0,101,,74439,4,,,0,1300,,74440,4,,,0
14000001019,'1912',2353,,65844,2,,,0,70,,70196,2,,,0,30,,75054,2,,,0,70,,65845,2,,,0,30,,70197,2,,,0
14000001019,'1959',2353,,65849,2,,,0,70,,70198,2,,,0,100,,65850,2,,,0,30,,70199,2,,,0
14000001019,'1965',2353,,65835,2,,,0,70,,73580,2,,,0,100,,65834,2,,,0,30,,73582,2,,,0
14000001019,'1966',2453,,73584,2,,,0
14000001019,'1967',2353,,65840,2,,,0,70,,73583,2,,,0,100,,65838,2,,,0,30,,73585,2,,,0
14000001019,'1968',2453,,73579,2,,,0
14000001019,'1969',2353,,65854,2,,,0,70,,70200,2,,,0,100,,65855,2,,,0,30,,70201,2,,,0
14000001019,'1970',2453,,75055,2,,,0
14000001019,'1971',2453,,75056,2,,,0
14000001019,'1972',2453,,75057,2,,,0
14000001019,'1973',2453,,75058,2,,,0
