16029,'1912',733,,67445,14,,,0,103,,71800,14,,,0,95,,71798,14,,,0,105,,71803,14,,,0,98,,71805,14,,,0,100,,71802,14,,,0,101,,71804,14,,,0,100,,71797,14,,,0,100,,71799,14,,,0,99,,71801,14,,,0,99,,67438,14,,,0,101,,61917,14,,,0,100,,61912,14,,,0,103,,61913,14,,,0,97,,71806,14,,,0
16029,'1959',733,,67457,14,,,0,103,,71843,14,,,0,95,,71841,14,,,0,105,,71846,14,,,0,98,,71848,14,,,0,100,,71845,14,,,0,101,,71847,14,,,0,100,,71840,14,,,0,100,,71842,14,,,0,99,,71844,14,,,0,99,,67450,14,,,0,101,,61932,14,,,0,100,,61927,14,,,0,103,,61928,14,,,0,97,,71849,14,,,0
16029,'1965',605,,71839,14,,,0,30,,71817,14,,,0,73,,71818,14,,,0,37,,71819,14,,,0,70,,71820,14,,,0,199,,71824,14,,,0,30,,71825,14,,,0,100,,71827,14,,,0,70,,71828,14,,,0,30,,71829,14,,,0,70,,71830,14,,,0,30,,71831,14,,,0,71,,71832,14,,,0,32,,71833,14,,,0,100,,61859,14,,,0,488,,71836,14,,,0,100,,71837,14,,,0,69,,71838,14,,,0
16029,'1967',607,,61905,14,,,0,27,,61904,14,,,0,70,,61888,14,,,0,30,,61874,14,,,0,70,,61881,14,,,0,30,,61895,14,,,0,70,,61889,14,,,0,30,,61875,14,,,0,70,,61882,14,,,0,30,,61896,14,,,0,70,,61890,14,,,0,30,,61876,14,,,0,70,,61883,14,,,0,30,,61897,14,,,0,72,,61891,14,,,0,30,,61877,14,,,0,70,,61884,14,,,0,30,,61898,14,,,0,70,,61892,14,,,0,30,,61878,14,,,0,70,,61885,14,,,0,30,,61899,14,,,0,69,,61893,14,,,0,30,,61879,14,,,0,70,,61886,14,,,0,30,,61900,14,,,0,69,,61894,14,,,0,30,,61880,14,,,0,70,,61887,14,,,0,30,,61901,14,,,0,100,,61902,14,,,0,70,,61903,14,,,0
16029,'1969',733,,67469,14,,,0,103,,71810,14,,,0,95,,71808,14,,,0,105,,71813,14,,,0,98,,71815,14,,,0,100,,71812,14,,,0,101,,71814,14,,,0,100,,71807,14,,,0,100,,71809,14,,,0,99,,71811,14,,,0,99,,67462,14,,,0,101,,61947,14,,,0,100,,61942,14,,,0,103,,61943,14,,,0,97,,71816,14,,,0
16029,'1970',848,,74482,14,,,0,70,,74483,14,,,0,29,,74484,14,,,0,167,,74485,14,,,0,404,,74486,14,,,0,101,,74487,14,,,0,30,,74488,14,,,0,69,,74489,14,,,0,28,,74490,14,,,0,69,,74491,14,,,0,30,,74496,14,,,0,67,,74492,14,,,0,30,,74493,14,,,0,70,,74494,14,,,0,93,,74495,14,,,0
14000001019,'1912',2406,,65844,14,,,0,30,,70196,14,,,0,70,,75054,14,,,0,30,,65845,14,,,0,70,,70197,14,,,0
14000001019,'1959',2406,,65849,14,,,0,30,,70198,14,,,0,100,,65850,14,,,0,70,,70199,14,,,0
14000001019,'1965',2406,,65835,14,,,0,30,,73580,14,,,0,100,,65834,14,,,0,70,,73582,14,,,0
14000001019,'1966',2506,,73584,14,,,0
14000001019,'1967',2406,,65840,14,,,0,30,,73583,14,,,0,100,,65838,14,,,0,70,,73585,14,,,0
14000001019,'1968',2506,,73579,14,,,0
14000001019,'1969',2406,,65854,14,,,0,30,,70200,14,,,0,100,,65855,14,,,0,70,,70201,14,,,0
14000001019,'1970',2506,,75055,14,,,0
14000001019,'1971',2506,,75056,14,,,0
14000001019,'1972',2506,,75057,14,,,0
14000001019,'1973',2506,,75058,14,,,0
