1019,'1912',629,,73606,36,,,0,100,,73607,36,,,0,101,,73608,36,,,0,100,,73609,36,,,0,100,,73610,36,,,0,102,,73611,36,,,0,100,,73612,36,,,0,100,,73613,36,,,0,100,,73614,36,,,0,100,,73615,36,,,0,100,,73616,36,,,0,100,,73617,36,,,0,100,,73618,36,,,0,98,,73619,36,,,0,100,,73620,36,,,0,100,,73621,36,,,0,102,,73622,36,,,0,95,,73623,36,,,0
1019,'1966',600,,70266,36,,,0,30,,70255,36,,,0,70,,70241,36,,,0,30,,70260,36,,,0,70,,70250,36,,,0,30,,70235,36,,,0,70,,70256,36,,,0,30,,70258,36,,,0,70,,70240,36,,,0,32,,70261,36,,,0,70,,70249,36,,,0,30,,70234,36,,,0,70,,70244,36,,,0,30,,70254,36,,,0,70,,70239,36,,,0,30,,70262,36,,,0,70,,70248,36,,,0,30,,70233,36,,,0,70,,70243,36,,,0,30,,70253,36,,,0,70,,70238,36,,,0,30,,70263,36,,,0,70,,70247,36,,,0,30,,70232,36,,,0,70,,70242,36,,,0,30,,70252,36,,,0,70,,70236,36,,,0,28,,70264,36,,,0,70,,70245,36,,,0,30,,70231,36,,,0,70,,70237,36,,,0,30,,70251,36,,,0,74,,70246,36,,,0,30,,70265,36,,,0,70,,70259,36,,,0,25,,70257,36,,,0
1019,'1968',629,,59175,36,,,0,100,,59176,36,,,0,101,,59177,36,,,0,100,,59178,36,,,0,100,,59179,36,,,0,102,,59180,36,,,0,100,,59181,36,,,0,100,,59182,36,,,0,100,,59183,36,,,0,100,,59184,36,,,0,100,,59185,36,,,0,100,,59186,36,,,0,100,,59187,36,,,0,98,,59188,36,,,0,100,,59189,36,,,0,100,,59190,36,,,0,102,,59191,36,,,0,95,,59192,36,,,0
1019,'1970',559,,73659,36,,,0,75,,73655,36,,,0,71,,73631,36,,,0,33,,73626,36,,,0,70,,73644,36,,,0,30,,73628,36,,,0,71,,73633,36,,,0,32,,73658,36,,,0,70,,73630,36,,,0,30,,73624,36,,,0,70,,73643,36,,,0,30,,73629,36,,,0,70,,73634,36,,,0,30,,73654,36,,,0,70,,73632,36,,,0,30,,73625,36,,,0,70,,73656,36,,,0,31,,73627,36,,,0,70,,73635,36,,,0,30,,73653,36,,,0,70,,73646,36,,,0,30,,73638,36,,,0,70,,73636,36,,,0,28,,73639,36,,,0,68,,73641,36,,,0,30,,73640,36,,,0,70,,73637,36,,,0,25,,73657,36,,,0,70,,73651,36,,,0,28,,73652,36,,,0,70,,73650,36,,,0,30,,73649,36,,,0,70,,73648,36,,,0,30,,73647,36,,,0,70,,73645,36,,,0,30,,73642,36,,,0
1019,'1971',600,,73695,36,,,0,30,,73684,36,,,0,70,,73670,36,,,0,30,,73689,36,,,0,70,,73679,36,,,0,30,,73664,36,,,0,70,,73685,36,,,0,30,,73687,36,,,0,70,,73669,36,,,0,32,,73690,36,,,0,70,,73678,36,,,0,30,,73663,36,,,0,70,,73673,36,,,0,30,,73683,36,,,0,70,,73668,36,,,0,30,,73691,36,,,0,70,,73677,36,,,0,30,,73662,36,,,0,70,,73672,36,,,0,30,,73682,36,,,0,70,,73667,36,,,0,30,,73692,36,,,0,70,,73676,36,,,0,30,,73661,36,,,0,70,,73671,36,,,0,30,,73681,36,,,0,70,,73665,36,,,0,28,,73693,36,,,0,70,,73674,36,,,0,30,,73660,36,,,0,70,,73666,36,,,0,30,,73680,36,,,0,74,,73675,36,,,0,30,,73694,36,,,0,70,,73688,36,,,0,25,,73686,36,,,0
1019,'1972',629,,73696,36,,,0,100,,73697,36,,,0,101,,73698,36,,,0,100,,73699,36,,,0,100,,73700,36,,,0,102,,73701,36,,,0,100,,73702,36,,,0,100,,73703,36,,,0,100,,73704,36,,,0,100,,73705,36,,,0,100,,73706,36,,,0,100,,73707,36,,,0,100,,73708,36,,,0,98,,73709,36,,,0,100,,73710,36,,,0,100,,73711,36,,,0,102,,73712,36,,,0,95,,73713,36,,,0
1019,'1973',629,,73714,36,,,0,100,,73715,36,,,0,101,,73716,36,,,0,100,,73717,36,,,0,100,,73718,36,,,0,102,,73719,36,,,0,100,,73720,36,,,0,100,,73721,36,,,0,100,,73722,36,,,0,100,,73723,36,,,0,100,,73724,36,,,0,100,,73725,36,,,0,100,,73726,36,,,0,98,,73727,36,,,0,100,,73728,36,,,0,100,,73729,36,,,0,102,,73730,36,,,0,95,,73731,36,,,0
1029,'1912',600,,73732,13,,,0,58,,73733,13,,,0,100,,73734,13,,,0,100,,73735,13,,,0,101,,73736,13,,,0,100,,73737,13,,,0,100,,73738,13,,,0,100,,73739,13,,,0,100,,73740,13,,,0,100,,73741,13,,,0,100,,73742,13,,,0,100,,73743,13,,,0,100,,73744,13,,,0,100,,73745,13,,,0,100,,73746,13,,,0,100,,73747,13,,,0,100,,73748,13,,,0,99,,73749,13,,,0
1029,'1966',600,,70284,14,,,0,28,,70296,14,,,0,30,,70303,14,,,0,70,,70291,14,,,0,30,,70312,14,,,0,70,,70300,14,,,0,30,,70283,14,,,0,69,,70295,14,,,0,30,,70306,14,,,0,70,,70290,14,,,0,30,,70313,14,,,0,70,,70299,14,,,0,30,,70282,14,,,0,70,,70294,14,,,0,30,,70305,14,,,0,70,,70289,14,,,0,30,,70285,14,,,0,70,,70298,14,,,0,30,,70281,14,,,0,70,,70293,14,,,0,30,,70301,14,,,0,70,,70288,14,,,0,30,,70310,14,,,0,70,,70297,14,,,0,30,,70280,14,,,0,71,,70292,14,,,0,30,,70304,14,,,0,70,,70286,14,,,0,30,,70308,14,,,0,70,,70307,14,,,0,30,,70279,14,,,0,70,,70287,14,,,0,30,,70302,14,,,0,70,,70311,14,,,0,30,,70309,14,,,0
1029,'1968',600,,59317,14,,,0,58,,59318,14,,,0,100,,59319,14,,,0,100,,59320,14,,,0,101,,59321,14,,,0,100,,59322,14,,,0,100,,59323,14,,,0,100,,59324,14,,,0,100,,59325,14,,,0,100,,59326,14,,,0,100,,59327,14,,,0,100,,59328,14,,,0,100,,59329,14,,,0,100,,59330,14,,,0,100,,59331,14,,,0,100,,59332,14,,,0,100,,59333,14,,,0,99,,59334,14,,,0
1029,'1970',558,,73759,13,,,0,75,,73760,13,,,0,25,,73780,13,,,0,70,,73756,13,,,0,30,,73751,13,,,0,70,,73784,13,,,0,73,,73754,13,,,0,30,,73761,13,,,0,70,,73779,13,,,0,30,,73758,13,,,0,70,,73750,13,,,0,30,,73783,13,,,0,70,,73755,13,,,0,30,,73762,13,,,0,70,,73778,13,,,0,30,,73757,13,,,0,70,,73752,13,,,0,30,,73781,13,,,0,71,,73753,13,,,0,30,,73763,13,,,0,70,,73777,13,,,0,30,,73766,13,,,0,70,,73765,13,,,0,30,,73764,13,,,0,27,,73770,13,,,0,70,,73769,13,,,0,30,,73768,13,,,0,70,,73767,13,,,0,30,,73782,13,,,0,69,,73776,13,,,0,30,,73775,13,,,0,70,,73774,13,,,0,30,,73773,13,,,0,70,,73772,13,,,0,25,,73771,13,,,0
1029,'1971',600,,73790,13,,,0,28,,73802,13,,,0,30,,73809,13,,,0,70,,73797,13,,,0,30,,73818,13,,,0,70,,73806,13,,,0,30,,73789,13,,,0,69,,73801,13,,,0,30,,73812,13,,,0,70,,73796,13,,,0,30,,73819,13,,,0,70,,73805,13,,,0,30,,73788,13,,,0,70,,73800,13,,,0,30,,73811,13,,,0,70,,73795,13,,,0,30,,73791,13,,,0,70,,73804,13,,,0,30,,73787,13,,,0,70,,73799,13,,,0,30,,73807,13,,,0,70,,73794,13,,,0,30,,73816,13,,,0,70,,73803,13,,,0,30,,73786,13,,,0,71,,73798,13,,,0,30,,73810,13,,,0,70,,73792,13,,,0,30,,73814,13,,,0,70,,73813,13,,,0,30,,73785,13,,,0,70,,73793,13,,,0,30,,73808,13,,,0,70,,73817,13,,,0,30,,73815,13,,,0
1029,'1972',600,,73820,13,,,0,58,,73821,13,,,0,100,,73822,13,,,0,100,,73823,13,,,0,101,,73824,13,,,0,100,,73825,13,,,0,100,,73826,13,,,0,100,,73827,13,,,0,100,,73828,13,,,0,100,,73829,13,,,0,100,,73830,13,,,0,100,,73831,13,,,0,100,,73832,13,,,0,100,,73833,13,,,0,100,,73834,13,,,0,100,,73835,13,,,0,100,,73836,13,,,0,99,,73837,13,,,0
1029,'1973',600,,73838,13,,,0,58,,73839,13,,,0,100,,73840,13,,,0,100,,73841,13,,,0,101,,73842,13,,,0,100,,73843,13,,,0,100,,73844,13,,,0,100,,73845,13,,,0,100,,73846,13,,,0,100,,73847,13,,,0,100,,73848,13,,,0,100,,73849,13,,,0,100,,73850,13,,,0,100,,73851,13,,,0,100,,73852,13,,,0,100,,73853,13,,,0,100,,73854,13,,,0,99,,73855,13,,,0
2019,'1912',721,,73883,42,,,0,30,,73860,42,,,0,70,,73864,42,,,0,30,,73876,42,,,0,70,,73871,42,,,0,30,,73861,42,,,0,70,,73865,42,,,0,30,,73877,42,,,0,70,,73872,42,,,0,30,,73862,42,,,0,70,,73866,42,,,0,30,,73878,42,,,0,70,,73873,42,,,0,30,,73863,42,,,0,70,,73867,42,,,0,30,,73879,42,,,0,70,,73874,42,,,0,30,,73858,42,,,0,70,,73868,42,,,0,30,,73880,42,,,0,70,,73875,42,,,0,30,,73856,42,,,0,70,,73869,42,,,0,30,,73881,42,,,0,100,,73857,42,,,0,102,,73882,42,,,0,100,,73859,42,,,0,95,,73870,42,,,0,100,,73884,42,,,0
2019,'1966',651,,70404,33,,,0,70,,70411,42,,,0,30,,70420,42,,,0,70,,70427,42,,,0,30,,70405,42,,,0,70,,70412,42,,,0,30,,70421,42,,,0,69,,70428,42,,,0,31,,70406,42,,,0,70,,70413,42,,,0,30,,70422,42,,,0,70,,70429,42,,,0,30,,70407,42,,,0,70,,70414,42,,,0,30,,70423,42,,,0,70,,70430,42,,,0,30,,70408,42,,,0,70,,70415,42,,,0,30,,70424,42,,,0,70,,70431,42,,,0,30,,70409,42,,,0,70,,70416,42,,,0,30,,70425,42,,,0,70,,70432,42,,,0,30,,70410,42,,,0,70,,70417,42,,,0,30,,70426,42,,,0,100,,70418,42,,,0,100,,70433,42,,,0,97,,70419,42,,,0,98,,70434,42,,,0
2019,'1968',721,,70370,42,,,0,30,,70347,42,,,0,70,,70351,42,,,0,30,,70363,42,,,0,70,,70358,42,,,0,30,,70348,42,,,0,70,,70352,42,,,0,30,,70364,42,,,0,70,,70359,42,,,0,30,,70349,42,,,0,70,,70353,42,,,0,30,,70365,42,,,0,70,,70360,42,,,0,30,,70350,42,,,0,70,,70354,42,,,0,30,,70366,42,,,0,70,,70361,42,,,0,30,,70345,42,,,0,70,,70355,42,,,0,30,,70367,42,,,0,70,,70362,42,,,0,30,,70343,42,,,0,70,,70356,42,,,0,30,,70368,42,,,0,100,,70344,42,,,0,102,,70369,42,,,0,100,,70346,42,,,0,95,,70357,42,,,0,100,,70371,42,,,0
2019,'1970',648,,73885,42,,,0,69,,73886,42,,,0,30,,73887,42,,,0,70,,73888,42,,,0,33,,73889,42,,,0,71,,73890,42,,,0,31,,73907,42,,,0,70,,73908,42,,,0,30,,73909,42,,,0,70,,73910,42,,,0,30,,73911,42,,,0,70,,73912,42,,,0,30,,73913,42,,,0,70,,73914,42,,,0,30,,73915,42,,,0,70,,73905,42,,,0,34,,73906,42,,,0,70,,73891,42,,,0,30,,73892,42,,,0,70,,73893,42,,,0,30,,73894,42,,,0,69,,73895,42,,,0,27,,73896,42,,,0,70,,73897,42,,,0,30,,73898,42,,,0,70,,73904,42,,,0,30,,73899,42,,,0,98,,73900,42,,,0,100,,73901,42,,,0,100,,73902,42,,,0,97,,73903,42,,,0
2019,'1971',651,,73917,33,,,0,70,,73924,42,,,0,30,,73933,42,,,0,70,,73940,42,,,0,30,,73918,42,,,0,70,,73925,42,,,0,30,,73934,42,,,0,69,,73941,42,,,0,31,,73919,42,,,0,70,,73926,42,,,0,30,,73935,42,,,0,70,,73942,42,,,0,30,,73920,42,,,0,70,,73927,42,,,0,30,,73936,42,,,0,70,,73943,42,,,0,30,,73921,42,,,0,70,,73928,42,,,0,30,,73937,42,,,0,70,,73944,42,,,0,30,,73922,42,,,0,70,,73929,42,,,0,30,,73938,42,,,0,70,,73945,42,,,0,30,,73923,42,,,0,70,,73930,42,,,0,30,,73939,42,,,0,100,,73931,42,,,0,100,,73946,42,,,0,97,,73932,42,,,0,98,,73947,42,,,0
2019,'1972',721,,73975,42,,,0,30,,73952,42,,,0,70,,73956,42,,,0,30,,73968,42,,,0,70,,73963,42,,,0,30,,73953,42,,,0,70,,73957,42,,,0,30,,73969,42,,,0,70,,73964,42,,,0,30,,73954,42,,,0,70,,73958,42,,,0,30,,73970,42,,,0,70,,73965,42,,,0,30,,73955,42,,,0,70,,73959,42,,,0,30,,73971,42,,,0,70,,73966,42,,,0,30,,73950,42,,,0,70,,73960,42,,,0,30,,73972,42,,,0,70,,73967,42,,,0,30,,73948,42,,,0,70,,73961,42,,,0,30,,73973,42,,,0,100,,73949,42,,,0,102,,73974,42,,,0,100,,73951,42,,,0,95,,73962,42,,,0,100,,73976,42,,,0
2019,'1973',721,,74004,42,,,0,30,,73981,42,,,0,70,,73985,42,,,0,30,,73997,42,,,0,70,,73992,42,,,0,30,,73982,42,,,0,70,,73986,42,,,0,30,,73998,42,,,0,70,,73993,42,,,0,30,,73983,42,,,0,70,,73987,42,,,0,30,,73999,42,,,0,70,,73994,42,,,0,30,,73984,42,,,0,70,,73988,42,,,0,30,,74000,42,,,0,70,,73995,42,,,0,30,,73979,42,,,0,70,,73989,42,,,0,30,,74001,42,,,0,70,,73996,42,,,0,30,,73977,42,,,0,70,,73990,42,,,0,30,,74002,42,,,0,100,,73978,42,,,0,102,,74003,42,,,0,100,,73980,42,,,0,95,,73991,42,,,0,100,,74005,42,,,0
7029,'1912',719,,60657,16,,,0,99,,60658,16,,,0,100,,60659,16,,,0,100,,60660,16,,,0,100,,60661,16,,,0,100,,60662,16,,,0,100,,60663,16,,,0,101,,60664,16,,,0,100,,60665,16,,,0,99,,60666,16,,,0,100,,60667,16,,,0,100,,60668,16,,,0,100,,60669,16,,,0,101,,60670,16,,,0,27,,71204,16,0,13 35,0,73,,60656,16,,,0
7029,'1959',719,,60691,16,,,0,99,,60692,16,,,0,100,,60693,16,,,0,100,,60694,16,,,0,100,,60695,16,,,0,100,,60696,16,,,0,100,,60697,16,,,0,101,,60698,16,,,0,100,,60699,16,,,0,99,,60700,16,,,0,100,,60701,16,,,0,100,,60702,16,,,0,100,,60703,16,,,0,101,,60704,16,,,0,27,,71275,16,0,13 35,0,73,,60690,16,,,0
7029,'1965',516,,60618,16,,,0,35,,60617,16,0,13 35,0,66,,60588,16,,,0,103,,71228,16,,,0,100,,71230,16,,,0,100,,71232,16,,,0,30,,71233,16,,,0,70,,71234,16,,,0,30,,71235,16,,,0,70,,71236,16,,,0,200,,71225,16,,,0,132,,71226,16,,,0,69,,71238,16,,,0,129,,71241,16,,,0,70,,71242,16,,,0,30,,71243,16,,,0,170,,60608,16,,,0,30,,71245,16,,,0,70,,60610,16,,,0,100,,71246,16,,,0,99,,60612,16,,,0,100,,71250,16,,,0
7029,'1966',649,,71251,16,,,0,170,,60635,16,,,0,300,,60638,16,,,0,300,,60641,16,,,0,500,,71267,16,,,0,300,,71268,16,,,0
7029,'1967',620,,71269,5,,,0,99,,71262,16,,,0,30,,71252,16,,,0,100,,71253,16,,,0,70,,71263,16,,,0,30,,71254,16,,,0,70,,71264,16,,,0,30,,66633,16,,,0,100,,71255,16,,,0,70,,71265,16,,,0,30,,71256,16,,,0,70,,60640,16,,,0,30,,66636,16,,,0,100,,71257,16,,,0,70,,60642,16,,,0,30,,71258,16,,,0,70,,66647,16,,,0,30,,71259,16,,,0,70,,60644,16,,,0,30,,71260,16,,,0,70,,71266,16,,,0,30,,71261,16,,,0,100,,66642,16,,,0,70,,60647,16,,,0,100,,60648,16,,,0,200,,60650,16,,,0
7029,'1969',719,,60725,16,,,0,99,,60726,16,,,0,100,,60727,16,,,0,100,,60728,16,,,0,100,,60729,16,,,0,100,,60730,16,,,0,100,,60731,16,,,0,101,,60732,16,,,0,100,,60733,16,,,0,99,,60734,16,,,0,100,,60735,16,,,0,100,,60736,16,,,0,100,,60737,16,,,0,101,,60738,16,,,0,27,,71214,16,0,13 35,0,73,,60724,16,,,0
7029,'1970',648,,74323,16,,,0,102,,74324,16,,,0,100,,74325,16,,,0,300,,74326,16,,,0,70,,74321,16,,,0,30,,74322,16,,,0,101,,74320,16,,,0,70,,74319,16,,,0,130,,74327,16,,,0,70,,74328,16,,,0,199,,74329,16,,,0,30,,74330,16,,,0
7029,'1971',649,,74332,16,,,0,170,,74333,16,,,0,300,,74334,16,,,0,300,,74335,16,,,0,500,,74336,16,,,0,300,,74337,16,,,0
16019,'1965',644,,71765,23,,,0,70,,71766,23,,,0,204,,71770,23,,,0,30,,71771,23,,,0,100,,71773,23,,,0,70,,71774,23,,,0,30,,71775,23,,,0,70,,71776,23,,,0,30,,71777,23,,,0,70,,71778,23,,,0,30,,71779,23,,,0,596,,71784,23,,,0,99,,71785,23,,,0,70,,71786,23,,,0
16019,'1967',641,,61772,23,,,0,70,,61768,23,,,0,30,,61776,23,,,0,70,,61760,23,,,0,30,,61774,23,,,0,72,,61755,23,,,0,30,,61753,23,,,0,70,,61750,23,,,0,30,,61761,23,,,0,70,,61771,23,,,0,30,,61765,23,,,0,70,,61773,23,,,0,31,,61757,23,,,0,70,,61775,23,,,0,30,,61752,23,,,0,70,,61763,23,,,0,31,,61762,23,,,0,70,,61766,23,,,0,30,,61767,23,,,0,70,,61751,23,,,0,29,,61759,23,,,0,70,,61769,23,,,0,29,,61754,23,,,0,70,,61758,23,,,0,30,,61764,23,,,0,69,,61778,23,,,0,30,,61770,23,,,0,69,,61777,23,,,0,30,,61756,23,,,0,70,,61780,23,,,0
16019,'1970',746,,74466,23,,,0,70,,74467,23,,,0,32,,74468,23,,,0,170,,74469,23,,,0,400,,74470,23,,,0,30,,74471,23,,,0,69,,74472,23,,,0,29,,74473,23,,,0,70,,74474,23,,,0,30,,74475,23,,,0,69,,74476,23,,,0,30,,74477,23,,,0,69,,74478,23,,,0,30,,74479,23,,,0,70,,74480,23,,,0,99,,74481,23,,,0
