16019,'1912',758,2,67376,11,,,0,142,44,71745,11,,,0,100,43,71751,11,,,0,100,43,71750,11,,,0,100,43,71743,11,,,0,101,44,71746,11,,,0,100,44,71747,11,,,0,101,45,71749,11,,,0,100,45,71748,11,,,0,99,44,71744,11,,,0,99,44,67384,11,,,0,100,44,61792,11,,,0,59,3,61788,11,,,0,100,3,61786,11,,,0,100,3,71752,11,,,0
16019,'1959',758,2,67388,11,,,0,142,44,71789,11,,,0,100,43,71795,11,,,0,100,43,71794,11,,,0,100,43,71787,11,,,0,101,44,71790,11,,,0,100,44,71791,11,,,0,101,45,71793,11,,,0,100,45,71792,11,,,0,99,44,71788,11,,,0,99,44,67396,11,,,0,100,44,61807,11,,,0,59,3,61803,11,,,0,100,3,61801,11,,,0,100,3,71796,11,,,0
16019,'1965',630,3,71765,11,,,0,70,43,71766,11,,,0,202,,71770,11,,,0,30,2,71771,11,,,0,100,2,71773,11,,,0,70,2,71774,11,,,0,30,2,71775,11,,,0,70,2,71776,11,,,0,30,2,71777,11,,,0,70,2,71778,11,,,0,30,2,71779,11,,,0,598,2,71784,11,,,0,100,3,71785,11,,,0,70,43,71786,11,,,0,100,43,71763,11,,,0,30,3,71764,11,,,0
16019,'1967',630,3,61772,11,,,0,70,43,61768,11,,,0,30,3,61776,11,,,0,70,43,61760,11,,,0,30,2,61774,11,,,0,70,42,61755,11,,,0,30,2,61753,11,,,0,70,42,61750,11,,,0,30,2,61761,11,,,0,70,42,61771,11,,,0,30,2,61765,11,,,0,70,42,61773,11,,,0,30,2,61757,11,,,0,70,42,61775,11,,,0,30,2,61752,11,,,0,70,42,61763,11,,,0,30,2,61762,11,,,0,70,42,61766,11,,,0,30,2,61767,11,,,0,70,42,61751,11,,,0,30,2,61759,11,,,0,70,42,61769,11,,,0,30,2,61754,11,,,0,70,42,61758,11,,,0,30,2,61764,11,,,0,70,42,61778,11,,,0,30,2,61770,11,,,0,70,43,61777,11,,,0,30,3,61756,11,,,0,70,43,61780,11,,,0,100,43,61779,11,,,0,30,3,61749,11,,,0
16019,'1969',758,2,67400,11,,,0,142,44,71755,11,,,0,100,43,71761,11,,,0,100,43,71760,11,,,0,100,43,71753,11,,,0,101,44,71756,11,,,0,100,44,71757,11,,,0,101,45,71759,11,,,0,100,45,71758,11,,,0,99,44,71754,11,,,0,99,44,67408,11,,,0,100,44,61822,11,,,0,59,3,61818,11,,,0,100,3,61816,11,,,0,100,3,71762,11,,,0
16019,'1970',730,2,74466,11,,,0,70,41,74467,11,,,0,32,,74468,11,,,0,170,2,74469,11,,,0,400,2,74470,11,,,0,29,,74471,11,,,0,69,41,74472,11,,,0,30,,74473,11,,,0,70,41,74474,11,,,0,30,,74475,11,,,0,70,41,74476,11,,,0,30,2,74477,11,,,0,70,42,74478,11,,,0,30,2,74479,11,,,0,70,42,74480,11,,,0,100,42,74481,11,,,0,130,3,74465,11,,,0
32019,'1912',549,,74687,1,,,0,96,2,74670,31,,,0,100,7,74671,31,,,0,100,7,74672,31,,,0,100,7,74673,31,,,0,100,7,74674,31,,,0,100,6,74675,31,,,0,100,2,74676,31,,,0,100,2,74677,31,,,0,100,2,74678,31,,,0,100,2,74679,31,,,0,100,2,74680,31,,,0,100,2,74681,31,,,0,100,5,74682,31,,,0,100,5,74683,31,,,0,100,5,74684,31,,,0,100,6,74685,31,,,0,100,6,74686,31,,,0,89,,74688,31,4,,0
32019,'1965',615,,62575,1,,,0
32019,'1966',519,,72168,1,,,0,30,,72167,1,,,0,70,,72150,1,,,0,26,3,72143,31,,,0,70,8,72160,31,,,0,30,8,72137,31,,,0,70,8,72154,31,,,0,30,8,72161,31,,,0,70,6,72149,31,,,0,30,6,72142,31,,,0,70,5,72159,31,,,0,30,5,72136,31,,,0,70,5,72153,31,,,0,30,5,72164,31,,,0,70,4,72148,31,,,0,30,4,72141,31,,,0,70,2,72158,31,,,0,30,2,72135,31,,,0,70,2,72152,31,,,0,30,2,72163,31,,,0,70,2,72147,31,,,0,30,2,72140,31,,,0,70,2,72157,31,,,0,30,2,72134,31,,,0,70,2,72151,31,,,0,30,2,72165,31,,,0,70,3,72146,31,,,0,30,3,72139,31,,,0,70,5,72155,31,,,0,30,5,72133,31,,,0,70,,72145,1,,,0,30,5,72162,31,,,0,70,,72156,1,,,0,30,7,72138,31,,,0,70,,72144,1,,,0,30,7,72132,31,,,0,92,,72166,31,4,,0
32019,'1968',549,,62672,1,,,0,96,2,62655,31,,,0,100,7,62656,31,,,0,100,7,62657,31,,,0,100,7,62658,31,,,0,100,7,62659,31,,,0,100,6,62660,31,,,0,100,2,62661,31,,,0,100,2,62662,31,,,0,100,2,62663,31,,,0,100,2,62664,31,,,0,100,2,62665,31,,,0,100,2,62666,31,,,0,100,5,62667,31,,,0,100,5,62668,31,,,0,100,5,62669,31,,,0,100,6,62670,31,,,0,100,6,62671,31,,,0,89,,62673,31,4,,0
32019,'1970',429,,74724,1,,,0,88,,74725,1,,,0,30,,74723,1,,,0,100,3,74697,31,,,0,68,5,74713,31,,,0,30,,74692,31,,,0,70,,74708,31,,,0,30,,74718,31,,,0,70,,74702,31,,,0,29,,74700,31,,,0,70,,74712,31,,,0,30,,74690,31,,,0,70,,74706,31,,,0,30,,74717,31,,,0,70,,74704,31,,,0,30,,74699,31,,,0,70,,74711,31,,,0,30,,74693,31,,,0,70,,74705,31,,,0,31,2,74716,31,,,0,70,2,74703,31,,,0,30,2,74696,31,,,0,70,2,74710,31,,,0,30,2,74689,31,,,0,70,2,74707,31,,,0,29,,74715,31,,,0,71,,74701,31,,,0,30,3,74698,31,,,0,70,3,74709,31,,,0,30,3,74694,31,,,0,70,,74719,1,,,0,30,5,74714,31,,,0,70,,74721,1,,,0,30,5,74695,31,,,0,70,,74720,1,,,0,30,5,74691,31,,,0,90,,74722,31,4,,0
32019,'1971',519,,74762,1,,,0,30,,74761,1,,,0,70,,74744,1,,,0,26,3,74737,31,,,0,70,8,74754,31,,,0,30,8,74731,31,,,0,70,8,74748,31,,,0,30,8,74755,31,,,0,70,6,74743,31,,,0,30,6,74736,31,,,0,70,5,74753,31,,,0,30,5,74730,31,,,0,70,5,74747,31,,,0,30,5,74758,31,,,0,70,4,74742,31,,,0,30,4,74735,31,,,0,70,2,74752,31,,,0,30,2,74729,31,,,0,70,2,74746,31,,,0,30,2,74757,31,,,0,70,2,74741,31,,,0,30,2,74734,31,,,0,70,2,74751,31,,,0,30,2,74728,31,,,0,70,2,74745,31,,,0,30,2,74759,31,,,0,70,3,74740,31,,,0,30,3,74733,31,,,0,70,5,74749,31,,,0,30,5,74727,31,,,0,70,,74739,1,,,0,30,5,74756,31,,,0,70,,74750,1,,,0,30,7,74732,31,,,0,70,,74738,1,,,0,30,7,74726,31,,,0,92,,74760,31,4,,0
32019,'1972',549,,74780,1,,,0,96,2,74763,31,,,0,100,7,74764,31,,,0,100,7,74765,31,,,0,100,7,74766,31,,,0,100,7,74767,31,,,0,100,6,74768,31,,,0,100,2,74769,31,,,0,100,2,74770,31,,,0,100,2,74771,31,,,0,100,2,74772,31,,,0,100,2,74773,31,,,0,100,2,74774,31,,,0,100,5,74775,31,,,0,100,5,74776,31,,,0,100,5,74777,31,,,0,100,6,74778,31,,,0,100,6,74779,31,,,0,89,,74781,31,4,,0
32019,'1973',549,,74799,1,,,0,96,2,74782,31,,,0,100,7,74783,31,,,0,100,7,74784,31,,,0,100,7,74785,31,,,0,100,7,74786,31,,,0,100,6,74787,31,,,0,100,2,74788,31,,,0,100,2,74789,31,,,0,100,2,74790,31,,,0,100,2,74791,31,,,0,100,2,74792,31,,,0,100,2,74793,31,,,0,100,5,74794,31,,,0,100,5,74795,31,,,0,100,5,74796,31,,,0,100,6,74797,31,,,0,100,6,74798,31,,,0,89,,74800,31,4,,0
