10019,'1909',909,,60946,9,,,0,999,,60966,9,,,0,99,,60968,9,,,0,100,,60970,9,,,0,100,,60971,9,,,0
10019,'1910',1839,,66746,9,,,0,69,,60997,9,,,0,100,,66747,9,,,0,100,,60999,9,,,0
10019,'1912',738,,61000,9,,,0,70,,66748,9,,,0,30,,61002,9,,,0,70,,66749,9,,,0,30,,61004,9,,,0,70,,71282,9,,,0,30,,71283,9,,,0,70,,71284,9,,,0,30,,71285,9,,,0,71,,71286,9,,,0,30,,71287,9,,,0,70,,71288,9,,,0,30,,71289,9,,,0,70,,71290,9,,,0,30,,71291,9,,,0,70,,71292,9,,,0,30,,71293,9,,,0,70,,71294,9,,,0,30,,66763,9,,,0,70,,71295,9,,,0,30,,71296,9,,,0,69,,71297,9,,,0,30,,66767,9,,,0,70,,71298,9,,,0
10019,'1924',738,,61024,9,,,0,70,,66769,9,,,0,30,,61026,9,,,0,70,,66770,9,,,0,30,,61028,9,,,0,701,,66784,9,,,0,199,,66788,9,,,0
10019,'1925',738,,61048,9,,,0,70,,66790,9,,,0,30,,61050,9,,,0,70,,66791,9,,,0,30,,61052,9,,,0,70,,71299,9,,,0,30,,71300,9,,,0,70,,71301,9,,,0,30,,71302,9,,,0,71,,71303,9,,,0,30,,71304,9,,,0,70,,71305,9,,,0,30,,71306,9,,,0,70,,71307,9,,,0,30,,71308,9,,,0,70,,71309,9,,,0,30,,71310,9,,,0,70,,71311,9,,,0,30,,66805,9,,,0,70,,71312,9,,,0,30,,71313,9,,,0,69,,71314,9,,,0,30,,66809,9,,,0,70,,71315,9,,,0
10019,'1949',1339,,66831,9,,,0
10019,'1955',638,,60972,9,,,0,70,,66724,9,,,0,30,,66725,9,,,0,70,,66726,9,,,0,30,,60976,9,,,0,70,,66727,9,,,0,30,,66728,9,,,0,71,,66729,9,,,0,30,,66730,9,,,0,70,,66731,9,,,0,30,,66732,9,,,0,70,,66733,9,,,0,30,,66734,9,,,0,70,,66735,9,,,0,30,,66736,9,,,0,70,,66737,9,,,0,30,,66738,9,,,0,70,,66739,9,,,0,30,,66740,9,,,0,70,,66741,9,,,0,30,,66742,9,,,0,70,,66743,9,,,0,30,,66744,9,,,0,70,,66745,9,,,0
10019,'1956',1008,,66771,9,,,0,30,,66772,9,,,0,70,,66773,9,,,0,30,,66774,9,,,0,71,,66775,9,,,0,30,,66776,9,,,0,70,,66777,9,,,0,30,,66778,9,,,0,70,,66779,9,,,0,30,,66780,9,,,0,70,,66781,9,,,0,30,,66782,9,,,0,70,,66783,9,,,0,100,,66785,9,,,0,30,,66786,9,,,0,69,,66787,9,,,0,100,,66789,9,,,0
10019,'1957',538,,71316,9,,,0,70,,71317,9,,,0,30,,71318,9,,,0,71,,71319,9,,,0,30,,71320,9,,,0,70,,71321,9,,,0,30,,71322,9,,,0,100,,71323,9,,,0,70,,71324,9,,,0,30,,71325,9,,,0,70,,71326,9,,,0,30,,71327,9,,,0,70,,71328,9,,,0,30,,71329,9,,,0,70,,71330,9,,,0,100,,71331,9,,,0,31,,71332,9,,,0,70,,71333,9,,,0,30,,71334,9,,,0,70,,71335,9,,,0,30,,71336,9,,,0,70,,71337,9,,,0,28,,71338,9,,,0,70,,71339,9,,,0,30,,71340,9,,,0,100,,71341,9,,,0,99,,71342,9,,,0
10019,'1958',638,,71343,9,,,0,70,,71344,9,,,0,30,,71345,9,,,0,70,,71346,9,,,0,30,,71347,9,,,0,70,,71348,9,,,0,30,,71349,9,,,0,71,,71350,9,,,0,30,,71351,9,,,0,70,,71352,9,,,0,30,,71353,9,,,0,70,,71354,9,,,0,30,,71355,9,,,0,70,,71356,9,,,0,30,,71357,9,,,0,70,,71358,9,,,0,30,,71359,9,,,0,70,,71360,9,,,0,30,,71361,9,,,0,70,,71362,9,,,0,30,,71363,9,,,0,70,,71364,9,,,0,30,,71365,9,,,0,70,,71366,9,,,0
10019,'1959',1008,,71367,9,,,0,30,,71368,9,,,0,70,,71369,9,,,0,30,,71370,9,,,0,71,,71371,9,,,0,30,,71372,9,,,0,70,,71373,9,,,0,30,,71374,9,,,0,70,,71375,9,,,0,30,,71376,9,,,0,70,,71377,9,,,0,30,,71378,9,,,0,70,,71379,9,,,0,100,,71380,9,,,0,30,,71381,9,,,0,69,,71382,9,,,0,100,,71383,9,,,0
