4029,'1909',843,,59926,2,,,0,871,,59943,2,,,0,36,,59944,2,,,0
4029,'1910',620,,59977,2,,,0
4029,'1912',718,,70787,2,,,0,30,,60008,2,,,0,70,,70786,2,,,0,30,,70788,2,,,0,69,,60005,2,,,0,30,,70779,2,,,0,69,,70782,2,,,0,30,,70767,2,,,0,70,,70772,2,,,0,30,,70775,2,,,0,68,,70778,2,,,0,30,,70780,2,,,0,70,,70768,2,,,0,30,,70771,2,,,0,70,,70774,2,,,0,30,,70777,2,,,0,70,,70781,2,,,0,30,,70769,2,,,0,70,,70770,2,,,0,30,,70773,2,,,0,70,,70776,2,,,0,30,,66240,2,,,0,70,,70791,2,,,0,34,,70792,2,,,0,70,,70790,2,,,0,30,,70785,2,,,0,70,,70789,2,,,0,30,,70783,2,,,0,100,,70784,2,,,0
4029,'1924',748,,60037,2,,,0,169,,60034,2,,,0,827,,66267,2,,,0
4029,'1925',718,,70813,2,,,0,30,,60066,2,,,0,70,,70812,2,,,0,30,,70814,2,,,0,69,,60063,2,,,0,30,,70805,2,,,0,69,,70808,2,,,0,30,,70793,2,,,0,70,,70798,2,,,0,30,,70801,2,,,0,68,,70804,2,,,0,30,,70806,2,,,0,70,,70794,2,,,0,30,,70797,2,,,0,70,,70800,2,,,0,30,,70803,2,,,0,70,,70807,2,,,0,30,,70795,2,,,0,70,,70796,2,,,0,30,,70799,2,,,0,70,,70802,2,,,0,30,,66294,2,,,0,70,,70817,2,,,0,34,,70818,2,,,0,70,,70816,2,,,0,30,,70811,2,,,0,70,,70815,2,,,0,30,,70809,2,,,0,100,,70810,2,,,0
4029,'1949',1044,,66313,2,,,0,270,,66314,2,,,0,236,,66317,2,,,0,64,,66318,2,,,0,504,,66322,2,,,0
4029,'1955',648,,66208,2,,,0,70,,66209,2,,,0,30,,66210,2,,,0,70,,66211,2,,,0,30,,66212,2,,,0,69,,66213,2,,,0,30,,66201,2,,,0,67,,66195,2,,,0,30,,66188,2,,,0,70,,66199,2,,,0,30,,66205,2,,,0,70,,66200,2,,,0,30,,66187,2,,,0,70,,66192,2,,,0,30,,66203,2,,,0,70,,66186,2,,,0,30,,66202,2,,,0,70,,66197,2,,,0,30,,66189,2,,,0,70,,66184,2,,,0,30,,66204,2,,,0,70,,66207,2,,,0,30,,66198,2,,,0,70,,66193,2,,,0,30,,66214,2,,,0,72,,66190,2,,,0,30,,66185,2,,,0,72,,66191,2,,,0,30,,66196,2,,,0,70,,66206,2,,,0,30,,66194,2,,,0
4029,'1956',718,,66262,2,,,0,100,,66261,2,,,0,30,,66263,2,,,0,99,,66254,2,,,0,69,,66257,2,,,0,30,,66242,2,,,0,70,,66247,2,,,0,30,,66250,2,,,0,68,,66253,2,,,0,30,,66255,2,,,0,70,,66243,2,,,0,30,,66246,2,,,0,70,,66249,2,,,0,30,,66252,2,,,0,70,,66256,2,,,0,30,,66244,2,,,0,70,,66245,2,,,0,30,,66248,2,,,0,70,,66251,2,,,0,100,,66266,2,,,0,34,,66268,2,,,0,70,,66265,2,,,0,30,,66260,2,,,0,70,,66264,2,,,0,30,,66258,2,,,0,100,,66259,2,,,0
4029,'1957',618,,70819,2,,,0,30,,70820,2,,,0,71,,70821,2,,,0,24,,70822,2,,,0,76,,70823,2,,,0,95,,70824,2,,,0,30,,70825,2,,,0,70,,70826,2,,,0,100,,70827,2,,,0,30,,70828,2,,,0,70,,70829,2,,,0,30,,70830,2,,,0,100,,70831,2,,,0,70,,70832,2,,,0,35,,70833,2,,,0,65,,70834,2,,,0,136,,70835,2,,,0,167,,70836,2,,,0,29,,70837,2,,,0,70,,70838,2,,,0,30,,70839,2,,,0,72,,70840,2,,,0,30,,70841,2,,,0,100,,70842,2,,,0
4029,'1958',648,,70867,2,,,0,70,,70868,2,,,0,30,,70869,2,,,0,70,,70870,2,,,0,30,,70871,2,,,0,69,,70872,2,,,0,30,,70860,2,,,0,67,,70854,2,,,0,30,,70847,2,,,0,70,,70858,2,,,0,30,,70864,2,,,0,70,,70859,2,,,0,30,,70846,2,,,0,70,,70851,2,,,0,30,,70862,2,,,0,70,,70845,2,,,0,30,,70861,2,,,0,70,,70856,2,,,0,30,,70848,2,,,0,70,,70843,2,,,0,30,,70863,2,,,0,70,,70866,2,,,0,30,,70857,2,,,0,70,,70852,2,,,0,30,,70873,2,,,0,72,,70849,2,,,0,30,,70844,2,,,0,72,,70850,2,,,0,30,,70855,2,,,0,70,,70865,2,,,0,30,,70853,2,,,0
4029,'1959',718,,70894,2,,,0,100,,70893,2,,,0,30,,70895,2,,,0,99,,70886,2,,,0,69,,70889,2,,,0,30,,70874,2,,,0,70,,70879,2,,,0,30,,70882,2,,,0,68,,70885,2,,,0,30,,70887,2,,,0,70,,70875,2,,,0,30,,70878,2,,,0,70,,70881,2,,,0,30,,70884,2,,,0,70,,70888,2,,,0,30,,70876,2,,,0,70,,70877,2,,,0,30,,70880,2,,,0,70,,70883,2,,,0,100,,70898,2,,,0,34,,70899,2,,,0,70,,70897,2,,,0,30,,70892,2,,,0,70,,70896,2,,,0,30,,70890,2,,,0,100,,70891,2,,,0
7029,'1909',503,,60618,2,,,0,35,,60617,2,0,13 35,0,65,,60588,2,,,0,1300,,60608,2,,,0,100,,60610,2,,,0,30,,60616,2,0,13 35,0,170,,60612,2,,,0
7029,'1910',803,,60635,2,,,0,230,,66633,2,,,0,70,,60638,2,,,0,200,,60640,2,,,0,30,,66636,2,,,0,70,,60641,2,,,0,100,,60642,2,,,0,100,,66647,2,,,0,100,,60644,2,,,0,230,,66642,2,,,0,70,,60647,2,,,0,30,,66655,2,0,13 35,0,70,,60648,2,,,0,30,,66654,2,0,13 35,0,170,,60650,2,,,0
7029,'1912',633,,60679,2,0,13 35,0,70,,60657,2,,,0,100,,60658,2,,,0,30,,71210,2,0,13 35,0,70,,60659,2,,,0,30,,60681,2,0,13 35,0,70,,60660,2,,,0,30,,60676,2,0,13 35,0,70,,60661,2,,,0,30,,71209,2,0,13 35,0,70,,60662,2,,,0,30,,71203,2,0,13 35,0,70,,60663,2,,,0,30,,66666,2,0,13 35,0,70,,60664,2,,,0,30,,66659,2,0,13 35,0,70,,60665,2,,,0,30,,71206,2,0,13 35,0,70,,60666,2,,,0,30,,71202,2,0,13 35,0,70,,60667,2,,,0,30,,71207,2,0,13 35,0,70,,60668,2,,,0,30,,71201,2,0,13 35,0,70,,60669,2,,,0,30,,71208,2,0,13 35,0,70,,60670,2,,,0,30,,71204,2,0,13 35,0,70,,60656,2,,,0,30,,71205,2,0,13 35,0,70,,60689,2,0,13 35,0,30,,60687,2,0,13 35,0,70,,60686,2,0,13 35,0,29,,66656,2,0,13 35,0
7029,'1924',633,,60713,2,0,13 35,0,70,,60691,2,,,0,100,,60692,2,,,0,100,,60693,2,,,0,30,,60715,2,0,13 35,0,70,,60694,2,,,0,30,,60710,2,0,13 35,0,70,,60695,2,,,0,100,,60696,2,,,0,100,,60697,2,,,0,30,,66679,2,0,13 35,0,70,,60698,2,,,0,30,,66672,2,0,13 35,0,70,,60699,2,,,0,100,,60700,2,,,0,100,,60701,2,,,0,100,,60702,2,,,0,100,,60703,2,,,0,100,,60704,2,,,0,100,,60690,2,,,0,100,,60723,2,0,13 35,0,30,,60721,2,0,13 35,0,70,,60720,2,0,13 35,0,29,,66669,2,0,13 35,0
7029,'1925',633,,60747,2,0,13 35,0,70,,60725,2,,,0,100,,60726,2,,,0,30,,71220,2,0,13 35,0,70,,60727,2,,,0,30,,60749,2,0,13 35,0,70,,60728,2,,,0,30,,60744,2,0,13 35,0,70,,60729,2,,,0,30,,71219,2,0,13 35,0,70,,60730,2,,,0,30,,71213,2,0,13 35,0,70,,60731,2,,,0,30,,66692,2,0,13 35,0,70,,60732,2,,,0,30,,66685,2,0,13 35,0,70,,60733,2,,,0,30,,71216,2,0,13 35,0,70,,60734,2,,,0,30,,71212,2,0,13 35,0,70,,60735,2,,,0,30,,71217,2,0,13 35,0,70,,60736,2,,,0,30,,71211,2,0,13 35,0,70,,60737,2,,,0,30,,71218,2,0,13 35,0,70,,60738,2,,,0,30,,71214,2,0,13 35,0,70,,60724,2,,,0,30,,71215,2,0,13 35,0,70,,60757,2,0,13 35,0,30,,60755,2,0,13 35,0,70,,60754,2,0,13 35,0,29,,66682,2,0,13 35,0
7029,'1949',1833,,66719,2,,,0
7029,'1955',634,,66629,2,,,0,70,,66643,2,,,0,30,,66630,2,,,0,99,,66631,2,,,0,70,,66644,2,,,0,30,,66632,2,,,0,70,,66645,2,,,0,130,,66634,2,,,0,70,,66646,2,,,0,30,,66635,2,,,0,200,,66637,2,,,0,100,,66638,2,,,0,100,,66639,2,,,0,100,,66640,2,,,0,70,,66648,2,,,0,30,,66641,2,,,0,70,,66649,2,,,0,300,,66650,2,,,0,30,,66653,2,0,13 35,0,99,,66652,2,0,13 35,0
7029,'1956',833,,66681,2,0,13 35,0,300,,66680,2,0,13 35,0,100,,66673,2,0,13 35,0,300,,66676,2,0,13 35,0,100,,66671,2,0,13 35,0,100,,66677,2,0,13 35,0,100,,66670,2,0,13 35,0,100,,66678,2,0,13 35,0,100,,66674,2,0,13 35,0,100,,66675,2,0,13 35,0
7029,'1957',633,,71227,2,,,0,70,,71228,2,,,0,30,,71229,2,,,0,70,,71230,2,,,0,30,,71231,2,,,0,70,,71232,2,,,0,30,,71233,2,,,0,70,,71234,2,,,0,30,,71235,2,,,0,70,,71236,2,,,0,30,,71237,2,,,0,70,,71223,2,,,0,30,,71224,2,,,0,70,,71225,2,,,0,30,,71222,2,,,0,70,,71221,2,,,0,30,,71226,2,,,0,70,,71238,2,,,0,30,,71239,2,,,0,70,,71240,2,,,0,30,,71241,2,,,0,70,,71242,2,,,0,30,,71243,2,,,0,70,,71244,2,,,0,130,,71245,2,,,0,170,,71246,2,,,0,30,,71247,2,0,13 35,0,100,,71249,2,0,13 35,0,70,,71250,2,,,0,29,,71248,2,0,13 35,0
7029,'1958',634,,71251,2,,,0,70,,71262,2,,,0,30,,71252,2,,,0,99,,71253,2,,,0,70,,71263,2,,,0,30,,71254,2,,,0,70,,71264,2,,,0,130,,71255,2,,,0,70,,71265,2,,,0,30,,71256,2,,,0,200,,71257,2,,,0,100,,71258,2,,,0,100,,71259,2,,,0,100,,71260,2,,,0,70,,71266,2,,,0,30,,71261,2,,,0,70,,71267,2,,,0,300,,71268,2,,,0,30,,71271,2,0,13 35,0,99,,71270,2,0,13 35,0
7029,'1959',833,,71281,2,0,13 35,0,300,,71280,2,0,13 35,0,100,,71274,2,0,13 35,0,300,,71277,2,0,13 35,0,100,,71273,2,0,13 35,0,100,,71278,2,0,13 35,0,100,,71272,2,0,13 35,0,100,,71279,2,0,13 35,0,100,,71275,2,0,13 35,0,100,,71276,2,0,13 35,0
14000001019,'1909',2356,,65835,4,,,0,170,,65834,4,,,0
14000001019,'1910',2356,,65840,4,,,0,170,,65838,4,,,0
14000001019,'1912',2356,,65844,4,,,0,70,,70196,4,,,0,30,,73578,4,,,0,70,,65845,4,,,0,30,,70197,4,,,0
14000001019,'1924',2356,,65849,4,,,0,70,,70198,4,,,0,100,,65850,4,,,0,30,,70199,4,,,0
14000001019,'1925',2356,,65854,4,,,0,70,,70200,4,,,0,30,,73579,4,,,0,70,,65855,4,,,0,30,,70201,4,,,0
14000001019,'1955',2426,,70194,4,,,0,30,,65839,4,,,0,100,,70195,4,,,0
14000001019,'1956',2456,,65847,4,,,0
14000001019,'1957',2426,,73580,4,,,0,30,,73581,4,,,0,100,,73582,4,,,0
14000001019,'1958',2426,,73583,4,,,0,30,,73584,4,,,0,100,,73585,4,,,0
14000001019,'1959',2456,,73586,4,,,0
