2029,'1912',611,,70465,8,,,0,30,,70473,8,,,0,67,,70484,8,,,0,28,,70479,8,,,0,70,,70466,8,,,0,30,,70474,8,,,0,70,,70485,8,,,0,30,,70480,8,,,0,70,,70467,8,,,0,30,,70475,8,,,0,70,,70486,8,,,0,30,,70481,8,,,0,70,,70468,8,,,0,30,,70476,8,,,0,70,,70487,8,,,0,30,,70482,8,,,0,70,,70469,8,,,0,30,,70477,8,,,0,70,,70488,8,,,0,30,,70483,8,,,0,70,,70470,8,,,0,30,,70478,8,,,0,70,,70489,8,,,0,30,,70493,12,0,5 2 13 14,0,70,,70471,8,,,0,30,,70492,12,0,5 2 13 14,0,70,,70490,8,,,0,100,,70472,8,,,0,101,,70491,8,,,0,100,,70464,8,,,0,94,,70494,12,0,5 2 13 14,0,100,,70495,8,0,5 2 13 14,0
2029,'1925',611,,70497,8,,,0,30,,70505,8,,,0,67,,70516,8,,,0,28,,70511,8,,,0,70,,70498,8,,,0,30,,70506,8,,,0,70,,70517,8,,,0,30,,70512,8,,,0,70,,70499,8,,,0,30,,70507,8,,,0,70,,70518,8,,,0,30,,70513,8,,,0,70,,70500,8,,,0,30,,70508,8,,,0,70,,70519,8,,,0,30,,70514,8,,,0,70,,70501,8,,,0,30,,70509,8,,,0,70,,70520,8,,,0,30,,70515,8,,,0,70,,70502,8,,,0,30,,70510,8,,,0,70,,70521,8,,,0,30,,70525,12,0,5 2 13 14,0,70,,70503,8,,,0,30,,70524,12,0,5 2 13 14,0,70,,70522,8,,,0,100,,70504,8,,,0,101,,70523,8,,,0,100,,70496,8,,,0,94,,70526,12,0,5 2 13 14,0,100,,70527,8,0,5 2 13 14,0
2029,'1955',542,,59613,12,0,5 2 15 16 17,0,70,,59596,12,,,0,30,,59603,12,,,0,66,,59582,12,,,0,30,,59588,12,,,0,70,,59597,12,,,0,30,,59604,12,,,0,70,,59583,12,,,0,30,,59589,12,,,0,70,,59598,12,,,0,30,,59605,12,,,0,70,,59584,12,,,0,30,,59590,12,,,0,70,,59599,12,,,0,30,,59606,12,,,0,70,,59585,12,,,0,30,,59591,12,,,0,70,,59600,12,,,0,30,,59607,12,,,0,70,,59586,12,,,0,30,,59592,12,,,0,70,,59601,12,,,0,30,,59608,12,,,0,70,,59587,12,,,0,30,,59593,12,,,0,70,,59602,12,,,0,30,,59609,12,,,0,69,,59594,12,,,0,29,,59615,12,0,5 2 13 14,0,71,,59610,12,,,0,100,,59595,12,,,0,100,,59611,12,,,0,96,,59612,12,0,5 2 13 14,0,98,,59614,12,0,5 2 13 14,0
2029,'1956',612,,59650,12,,,0,30,,59658,12,,,0,68,,59669,12,,,0,28,,59664,12,,,0,70,,59651,12,,,0,30,,59659,12,,,0,70,,59670,12,,,0,30,,59665,12,,,0,70,,59652,12,,,0,30,,59660,12,,,0,70,,59671,12,,,0,30,,59666,12,,,0,70,,59653,12,,,0,30,,59661,12,,,0,70,,59672,12,,,0,30,,59667,12,,,0,70,,59654,12,,,0,30,,59662,12,,,0,70,,59673,12,,,0,30,,59668,12,,,0,70,,59655,12,,,0,30,,59663,12,,,0,70,,59674,12,,,0,28,,59678,12,0,5 2 13 14,0,72,,59656,12,,,0,28,,59677,12,0,5 2 13 14,0,71,,59675,12,,,0,100,,59657,12,,,0,101,,59676,12,,,0,100,,59649,12,,,0,93,,59679,12,0,5 2 13 14,0,101,,59680,12,0,5 2 13 14,0
2029,'1957',538,,70528,8,,,0,70,,70529,8,,,0,26,,70530,8,,,0,69,,70531,8,,,0,30,,70532,8,,,0,70,,70533,8,,,0,30,,70534,8,,,0,72,,70535,8,,,0,31,,70536,8,,,0,71,,70559,8,,,0,30,,70555,8,,,0,70,,70561,8,,,0,30,,70557,8,,,0,70,,70558,8,,,0,30,,70554,8,,,0,70,,70560,8,,,0,30,,70556,8,,,0,70,,70562,8,,,0,31,,70537,8,,,0,74,,70538,8,,,0,30,,70539,8,,,0,70,,70540,8,,,0,30,,70541,8,,,0,70,,70542,8,,,0,28,,70543,8,,,0,67,,70544,8,,,0,30,,70548,8,,,0,70,,70549,8,,,0,30,,70552,12,0,5 2 13 14,0,70,,70550,8,,,0,97,,70551,8,,,0,100,,70547,8,,,0,100,,70546,12,0,5 2 13 14,0,97,,70553,8,0,5 2 13 14,0
2029,'1958',541,,70594,8,,,0,70,,70577,8,,,0,30,,70584,8,,,0,65,,70563,8,,,0,30,,70569,8,,,0,70,,70578,8,,,0,30,,70585,8,,,0,70,,70564,8,,,0,30,,70570,8,,,0,70,,70579,8,,,0,30,,70586,8,,,0,70,,70565,8,,,0,30,,70571,8,,,0,70,,70580,8,,,0,30,,70587,8,,,0,70,,70566,8,,,0,30,,70572,8,,,0,70,,70581,8,,,0,30,,70588,8,,,0,70,,70567,8,,,0,30,,70573,8,,,0,70,,70582,8,,,0,30,,70589,8,,,0,70,,70568,8,,,0,30,,70574,8,,,0,70,,70583,8,,,0,30,,70590,8,,,0,70,,70575,8,,,0,30,,70596,12,0,5 2 13 14,0,70,,70591,8,,,0,100,,70576,8,,,0,100,,70592,8,,,0,97,,70593,12,0,5 2 13 14,0,97,,70595,8,0,5 2 13 14,0
2029,'1959',611,,70598,8,,,0,30,,70606,8,,,0,67,,70617,8,,,0,28,,70612,8,,,0,70,,70599,8,,,0,30,,70607,8,,,0,70,,70618,8,,,0,30,,70613,8,,,0,70,,70600,8,,,0,30,,70608,8,,,0,70,,70619,8,,,0,30,,70614,8,,,0,70,,70601,8,,,0,30,,70609,8,,,0,70,,70620,8,,,0,30,,70615,8,,,0,70,,70602,8,,,0,30,,70610,8,,,0,70,,70621,8,,,0,30,,70616,8,,,0,70,,70603,8,,,0,30,,70611,8,,,0,70,,70622,8,,,0,30,,70626,12,0,5 2 13 14,0,70,,70604,8,,,0,30,,70625,12,0,5 2 13 14,0,70,,70623,8,,,0,100,,70605,8,,,0,101,,70624,8,,,0,100,,70597,8,,,0,94,,70627,12,0,5 2 13 14,0,100,,70628,8,0,5 2 13 14,0
7029,'1909',521,,60618,24,,,0,101,,60588,24,,,0,1303,,60608,24,,,0,100,,60610,24,,,0,198,,60612,24,,,0
7029,'1910',824,,60635,24,,,0,230,,66633,24,,,0,70,,60638,24,,,0,200,,60640,24,,,0,30,,66636,24,,,0,70,,60641,24,,,0,100,,60642,24,,,0,100,,66647,24,,,0,100,,60644,24,,,0,230,,66642,24,,,0,69,,60647,24,,,0,100,,60648,24,,,0,200,,60650,24,,,0
7029,'1912',723,,60657,24,,,0,99,,60658,24,,,0,101,,60659,24,,,0,100,,60660,24,,,0,100,,60661,24,,,0,100,,60662,24,,,0,100,,60663,24,,,0,101,,60664,24,,,0,100,,60665,24,,,0,99,,60666,24,,,0,100,,60667,24,,,0,100,,60668,24,,,0,100,,60669,24,,,0,100,,60670,24,,,0,100,,60656,24,,,0
7029,'1924',723,,60691,24,,,0,99,,60692,24,,,0,101,,60693,24,,,0,100,,60694,24,,,0,100,,60695,24,,,0,100,,60696,24,,,0,100,,60697,24,,,0,101,,60698,24,,,0,100,,60699,24,,,0,99,,60700,24,,,0,100,,60701,24,,,0,100,,60702,24,,,0,100,,60703,24,,,0,100,,60704,24,,,0,100,,60690,24,,,0
7029,'1925',723,,60725,24,,,0,99,,60726,24,,,0,101,,60727,24,,,0,100,,60728,24,,,0,100,,60729,24,,,0,100,,60730,24,,,0,100,,60731,24,,,0,101,,60732,24,,,0,100,,60733,24,,,0,99,,60734,24,,,0,100,,60735,24,,,0,100,,60736,24,,,0,100,,60737,24,,,0,100,,60738,24,,,0,100,,60724,24,,,0
7029,'1949',1855,,66719,24,,,0
7029,'1955',624,,66651,13,,,0,29,,66629,24,,,0,70,,66643,24,,,0,30,,66630,24,,,0,101,,66631,24,,,0,70,,66644,24,,,0,30,,66632,24,,,0,70,,66645,24,,,0,130,,66634,24,,,0,70,,66646,24,,,0,30,,66635,24,,,0,200,,66637,24,,,0,100,,66638,24,,,0,100,,66639,24,,,0,100,,66640,24,,,0,70,,66648,24,,,0,30,,66641,24,,,0,70,,66649,24,,,0,299,,66650,24,,,0
7029,'1957',653,,71227,24,,,0,72,,71228,24,,,0,30,,71229,24,,,0,70,,71230,24,,,0,30,,71231,24,,,0,70,,71232,24,,,0,30,,71233,24,,,0,70,,71234,24,,,0,30,,71235,24,,,0,70,,71236,24,,,0,30,,71237,24,,,0,70,,71223,24,,,0,30,,71224,24,,,0,70,,71225,24,,,0,31,,71222,24,,,0,70,,71221,24,,,0,32,,71226,24,,,0,68,,71238,24,,,0,30,,71239,24,,,0,70,,71240,24,,,0,29,,71241,24,,,0,70,,71242,24,,,0,30,,71243,24,,,0,70,,71244,24,,,0,130,,71245,24,,,0,169,,71246,24,,,0,199,,71250,24,,,0
7029,'1958',624,,71269,13,,,0,29,,71251,24,,,0,70,,71262,24,,,0,30,,71252,24,,,0,101,,71253,24,,,0,70,,71263,24,,,0,30,,71254,24,,,0,70,,71264,24,,,0,130,,71255,24,,,0,70,,71265,24,,,0,30,,71256,24,,,0,200,,71257,24,,,0,100,,71258,24,,,0,100,,71259,24,,,0,100,,71260,24,,,0,70,,71266,24,,,0,30,,71261,24,,,0,70,,71267,24,,,0,299,,71268,24,,,0
