10029,'1909',950,,60789,21,,,0,998,,60809,21,,,0,95,,60811,21,,,0,100,,60813,21,,,0,100,,60814,21,,,0
10029,'1910',1916,,66855,21,,,0,28,,60815,21,,,0,100,,66856,21,,,0,100,,60842,21,,,0
10029,'1912',814,,60857,21,,,0,30,,66871,21,,,0,70,,60859,21,,,0,30,,66872,21,,,0,70,,60861,21,,,0,30,,71396,21,,,0,70,,71397,21,,,0,30,,71398,21,,,0,71,,71399,21,,,0,32,,71400,21,,,0,70,,71387,21,,,0,30,,71390,21,,,0,70,,71384,21,,,0,30,,71389,21,,,0,70,,71388,21,,,0,30,,71391,21,,,0,70,,71385,21,,,0,30,,71392,21,,,0,70,,66860,21,,,0,30,,71393,21,,,0,69,,71386,21,,,0,28,,71394,21,,,0,70,,66858,21,,,0,30,,71395,21,,,0
10029,'1924',814,,60881,21,,,0,30,,66892,21,,,0,70,,60883,21,,,0,30,,66893,21,,,0,70,,60885,21,,,0,703,,66881,21,,,0,197,,66879,21,,,0
10029,'1925',814,,60905,21,,,0,30,,66913,21,,,0,70,,60907,21,,,0,30,,66914,21,,,0,70,,60909,21,,,0,30,,71413,21,,,0,70,,71414,21,,,0,30,,71415,21,,,0,71,,71416,21,,,0,32,,71417,21,,,0,70,,71404,21,,,0,30,,71407,21,,,0,70,,71401,21,,,0,30,,71406,21,,,0,70,,71405,21,,,0,30,,71408,21,,,0,70,,71402,21,,,0,30,,71409,21,,,0,70,,66902,21,,,0,30,,71410,21,,,0,69,,71403,21,,,0,28,,71411,21,,,0,70,,66900,21,,,0,30,,71412,21,,,0
10029,'1949',1420,,66940,21,,,0
10029,'1955',714,,60816,21,,,0,30,,66833,21,,,0,70,,66834,21,,,0,30,,66835,21,,,0,70,,60820,21,,,0,30,,66836,21,,,0,71,,66837,21,,,0,32,,66838,21,,,0,70,,66839,21,,,0,30,,66840,21,,,0,70,,66841,21,,,0,30,,66842,21,,,0,70,,66843,21,,,0,30,,66844,21,,,0,70,,66845,21,,,0,30,,66846,21,,,0,70,,66847,21,,,0,30,,66848,21,,,0,70,,66849,21,,,0,30,,66850,21,,,0,70,,66851,21,,,0,30,,66852,21,,,0,70,,66853,21,,,0,30,,66854,21,,,0
10029,'1956',1044,,66894,21,,,0,70,,66895,21,,,0,30,,66896,21,,,0,71,,66897,21,,,0,32,,66898,21,,,0,70,,66883,21,,,0,30,,66886,21,,,0,70,,66878,21,,,0,30,,66885,21,,,0,70,,66884,21,,,0,30,,66887,21,,,0,70,,66880,21,,,0,30,,66888,21,,,0,100,,66889,21,,,0,69,,66882,21,,,0,28,,66890,21,,,0,100,,66891,21,,,0
10029,'1957',614,,71418,21,,,0,30,,71419,21,,,0,78,,71420,21,,,0,30,,71421,21,,,0,70,,71422,21,,,0,30,,71423,21,,,0,68,,71424,21,,,0,100,,71425,21,,,0,30,,71426,21,,,0,70,,71427,21,,,0,30,,71428,21,,,0,70,,71429,21,,,0,30,,71430,21,,,0,70,,71431,21,,,0,30,,71432,21,,,0,100,,71433,21,,,0,75,,71434,21,,,0,30,,71435,21,,,0,70,,71436,21,,,0,30,,71437,21,,,0,70,,71438,21,,,0,28,,71439,21,,,0,65,,71440,21,,,0,30,,71441,21,,,0,70,,71442,21,,,0,100,,71443,21,,,0,95,,71444,21,,,0
10029,'1958',714,,71445,21,,,0,30,,71446,21,,,0,70,,71447,21,,,0,30,,71448,21,,,0,70,,71449,21,,,0,30,,71450,21,,,0,71,,71451,21,,,0,32,,71452,21,,,0,70,,71453,21,,,0,30,,71454,21,,,0,70,,71455,21,,,0,30,,71456,21,,,0,70,,71457,21,,,0,30,,71458,21,,,0,70,,71459,21,,,0,30,,71460,21,,,0,70,,71461,21,,,0,30,,71462,21,,,0,70,,71463,21,,,0,30,,71464,21,,,0,70,,71465,21,,,0,30,,71466,21,,,0,70,,71467,21,,,0,30,,71468,21,,,0
10029,'1959',1044,,71481,21,,,0,70,,71482,21,,,0,30,,71483,21,,,0,71,,71484,21,,,0,32,,71485,21,,,0,70,,71472,21,,,0,30,,71475,21,,,0,70,,71469,21,,,0,30,,71474,21,,,0,70,,71473,21,,,0,30,,71476,21,,,0,70,,71470,21,,,0,30,,71477,21,,,0,100,,71478,21,,,0,69,,71471,21,,,0,28,,71479,21,,,0,100,,71480,21,,,0
