1029,'1912',609,,73732,25,,,0,98,,73733,25,,,0,100,,73734,25,,,0,101,,73735,25,,,0,101,,73736,25,,,0,100,,73737,25,,,0,100,,73738,25,,,0,100,,73739,25,,,0,100,,73740,25,,,0,100,,73741,25,,,0,99,,73742,25,,,0,100,,73743,25,,,0,100,,73744,25,,,0,100,,73745,25,,,0,100,,73746,25,,,0,100,,73747,25,,,0,98,,73748,25,,,0,99,,73749,25,,,0
1029,'1966',608,,70284,26,,,0,28,,70296,26,,,0,70,,70303,26,,,0,30,,70291,26,,,0,70,,70312,26,,,0,30,,70300,26,,,0,72,,70283,26,,,0,29,,70295,26,,,0,70,,70306,26,,,0,30,,70290,26,,,0,70,,70313,26,,,0,30,,70299,26,,,0,70,,70282,26,,,0,30,,70294,26,,,0,70,,70305,26,,,0,30,,70289,26,,,0,70,,70285,26,,,0,30,,70298,26,,,0,70,,70281,26,,,0,30,,70293,26,,,0,70,,70301,26,,,0,30,,70288,26,,,0,70,,70310,26,,,0,30,,70297,26,,,0,69,,70280,26,,,0,31,,70292,26,,,0,70,,70304,26,,,0,30,,70286,26,,,0,70,,70308,26,,,0,30,,70307,26,,,0,70,,70279,26,,,0,30,,70287,26,,,0,70,,70302,26,,,0,30,,70311,26,,,0,69,,70309,26,,,0
1029,'1968',609,,59317,26,,,0,98,,59318,26,,,0,100,,59319,26,,,0,101,,59320,26,,,0,101,,59321,26,,,0,100,,59322,26,,,0,100,,59323,26,,,0,100,,59324,26,,,0,100,,59325,26,,,0,100,,59326,26,,,0,99,,59327,26,,,0,100,,59328,26,,,0,100,,59329,26,,,0,100,,59330,26,,,0,100,,59331,26,,,0,100,,59332,26,,,0,98,,59333,26,,,0,99,,59334,26,,,0
1029,'1970',607,,73759,25,,,0,35,,73760,25,,,0,67,,73780,25,,,0,30,,73756,25,,,0,70,,73751,25,,,0,30,,73784,25,,,0,73,,73754,25,,,0,30,,73761,25,,,0,70,,73779,25,,,0,30,,73758,25,,,0,70,,73750,25,,,0,30,,73783,25,,,0,70,,73755,25,,,0,30,,73762,25,,,0,70,,73778,25,,,0,30,,73757,25,,,0,70,,73752,25,,,0,30,,73781,25,,,0,71,,73753,25,,,0,30,,73763,25,,,0,70,,73777,25,,,0,30,,73766,25,,,0,70,,73765,25,,,0,28,,73764,25,,,0,67,,73770,25,,,0,30,,73769,25,,,0,70,,73768,25,,,0,30,,73767,25,,,0,70,,73782,25,,,0,29,,73776,25,,,0,70,,73775,25,,,0,30,,73774,25,,,0,70,,73773,25,,,0,30,,73772,25,,,0,65,,73771,25,,,0
1029,'1971',608,,73790,25,,,0,28,,73802,25,,,0,70,,73809,25,,,0,30,,73797,25,,,0,70,,73818,25,,,0,30,,73806,25,,,0,72,,73789,25,,,0,29,,73801,25,,,0,70,,73812,25,,,0,30,,73796,25,,,0,70,,73819,25,,,0,30,,73805,25,,,0,70,,73788,25,,,0,30,,73800,25,,,0,70,,73811,25,,,0,30,,73795,25,,,0,70,,73791,25,,,0,30,,73804,25,,,0,70,,73787,25,,,0,30,,73799,25,,,0,70,,73807,25,,,0,30,,73794,25,,,0,70,,73816,25,,,0,30,,73803,25,,,0,69,,73786,25,,,0,31,,73798,25,,,0,70,,73810,25,,,0,30,,73792,25,,,0,70,,73814,25,,,0,30,,73813,25,,,0,70,,73785,25,,,0,30,,73793,25,,,0,70,,73808,25,,,0,30,,73817,25,,,0,69,,73815,25,,,0
1029,'1972',609,,73820,25,,,0,98,,73821,25,,,0,100,,73822,25,,,0,101,,73823,25,,,0,101,,73824,25,,,0,100,,73825,25,,,0,100,,73826,25,,,0,100,,73827,25,,,0,100,,73828,25,,,0,100,,73829,25,,,0,99,,73830,25,,,0,100,,73831,25,,,0,100,,73832,25,,,0,100,,73833,25,,,0,100,,73834,25,,,0,100,,73835,25,,,0,98,,73836,25,,,0,99,,73837,25,,,0
1029,'1973',609,,73838,25,,,0,98,,73839,25,,,0,100,,73840,25,,,0,101,,73841,25,,,0,101,,73842,25,,,0,100,,73843,25,,,0,100,,73844,25,,,0,100,,73845,25,,,0,100,,73846,25,,,0,100,,73847,25,,,0,99,,73848,25,,,0,100,,73849,25,,,0,100,,73850,25,,,0,100,,73851,25,,,0,100,,73852,25,,,0,100,,73853,25,,,0,98,,73854,25,,,0,99,,73855,25,,,0
801019,'1912',753,,69897,7,0,12,0,70,,73475,7,0,12,0,30,,69901,7,0,12,0,70,,69890,7,0,12,0,30,,73474,7,0,12,0,70,,69895,7,0,12,0,30,,69908,7,0,12,0,70,,69899,7,0,12,0,30,,69896,7,0,12,0,70,,69905,7,0,12,0,30,,69891,7,0,12,0,70,,69902,7,0,12,0,30,,69904,7,0,12,0,70,,69900,7,0,12,0,30,,69887,7,0,12,0,70,,69906,7,0,12,0,30,,69892,7,0,12,0,70,,69888,7,0,12,0,30,,69903,7,0,12,0,70,,69886,7,0,12,0,30,,69889,7,0,12,0,70,,69907,7,0,12,0,30,,69884,7,0,12,0,71,,69894,7,0,12,0,30,,69909,7,0,12,0,70,,69898,7,0,12,0
801019,'1959',753,,69923,7,0,12,0,70,,73517,7,0,12,0,30,,69927,7,0,12,0,70,,69916,7,0,12,0,30,,73516,7,0,12,0,70,,69921,7,0,12,0,30,,69934,7,0,12,0,70,,69925,7,0,12,0,30,,69922,7,0,12,0,70,,69931,7,0,12,0,30,,69917,7,0,12,0,70,,69928,7,0,12,0,30,,69930,7,0,12,0,70,,69926,7,0,12,0,30,,69913,7,0,12,0,70,,69932,7,0,12,0,30,,69918,7,0,12,0,70,,69914,7,0,12,0,30,,69929,7,0,12,0,70,,69912,7,0,12,0,30,,69915,7,0,12,0,70,,69933,7,0,12,0,30,,69910,7,0,12,0,71,,69920,7,0,12,0,30,,69935,7,0,12,0,70,,69924,7,0,12,0
801019,'1965',648,,73492,7,0,12,0,65,,73491,7,0,12,0,17,,65487,7,0,12,0,18,,73490,7,0,12,0,60,,65486,7,0,12,0,20,,73496,7,0,12,0,25,,73478,7,0,12,0,70,,73479,7,0,12,0,100,,69984,7,0,12,0,30,,73481,7,0,12,0,169,,73483,7,0,12,0,31,,73484,7,0,12,0,100,,69991,7,0,12,0,70,,73486,7,0,12,0,31,,73493,7,0,12,0,95,,69993,7,0,12,0,80,,70008,7,0,12,0,20,,69995,7,0,12,0,60,,69996,7,0,12,0,144,,69998,7,0,12,0,170,,70001,7,0,12,0
801019,'1966',754,,73501,7,0,12,0,1270,,73504,7,0,12,0
801019,'1967',824,,69861,7,0,12,0,30,,73502,7,0,12,0,70,,73500,7,0,12,0,30,,69858,7,0,12,0,70,,73509,7,0,12,0,30,,73510,7,0,12,0,70,,73513,7,0,12,0,30,,69867,7,0,12,0,70,,73508,7,0,12,0,30,,69874,7,0,12,0,70,,73512,7,0,12,0,30,,73505,7,0,12,0,70,,73514,7,0,12,0,30,,69872,7,0,12,0,70,,73506,7,0,12,0,30,,69868,7,0,12,0,70,,73515,7,0,12,0,30,,69866,7,0,12,0,70,,73507,7,0,12,0,30,,69871,7,0,12,0,70,,73511,7,0,12,0,30,,69870,7,0,12,0,70,,69863,7,0,12,0,30,,73503,7,0,12,0
801019,'1969',753,,69949,7,0,12,0,70,,73477,7,0,12,0,30,,69953,7,0,12,0,70,,69942,7,0,12,0,30,,73476,7,0,12,0,70,,69947,7,0,12,0,30,,69960,7,0,12,0,70,,69951,7,0,12,0,30,,69948,7,0,12,0,70,,69957,7,0,12,0,30,,69943,7,0,12,0,70,,69954,7,0,12,0,30,,69956,7,0,12,0,70,,69952,7,0,12,0,30,,69939,7,0,12,0,70,,69958,7,0,12,0,30,,69944,7,0,12,0,70,,69940,7,0,12,0,30,,69955,7,0,12,0,70,,69938,7,0,12,0,30,,69941,7,0,12,0,70,,69959,7,0,12,0,30,,69936,7,0,12,0,71,,69946,7,0,12,0,30,,69961,7,0,12,0,70,,69950,7,0,12,0
801019,'1970',558,,75027,7,0,12,0,70,,75024,7,0,12,0,325,,75015,7,0,12,0,170,,75016,7,0,12,0,30,,75017,7,0,12,0,170,,75018,7,0,12,0,201,,75025,7,0,12,0,85,,75019,7,0,12,0,122,,75026,7,0,12,0,17,,75020,7,0,12,0,60,,75028,7,0,12,0,15,,75023,7,0,12,0,100,,75021,7,0,12,0,30,,75022,7,0,12,0
801019,'1971',754,,75029,7,0,12,0,1270,,75030,7,0,12,0
