609,'1912',851,,70918,8,0,18 7,0,100,,70902,8,0,18 7,0,100,,70914,8,0,18 7,0,100,,70904,8,0,18 7,0,101,,70917,8,0,18 7,0,100,,70900,8,0,18 7,0,100,,70916,8,0,18 7,0,100,,70906,8,0,18 7,0,100,,70915,8,0,18 7,0,100,,70903,8,0,18 7,0,99,,70913,8,0,18 7,0,100,,70901,8,0,18 7,0
609,'1959',851,,71102,8,0,18 7,0,100,,71086,8,0,18 7,0,100,,71098,8,0,18 7,0,100,,71088,8,0,18 7,0,101,,71101,8,0,18 7,0,100,,71084,8,0,18 7,0,100,,71100,8,0,18 7,0,100,,71090,8,0,18 7,0,100,,71099,8,0,18 7,0,100,,71087,8,0,18 7,0,99,,71097,8,0,18 7,0,100,,71085,8,0,18 7,0
609,'1967',649,,74274,20,0,18 7,0,70,,74258,20,0,18 7,0,30,,74287,20,0,18 7,0,70,,71035,20,0,18 7,0,30,,71053,20,0,18 7,0,71,,71034,20,0,18 7,0,30,,74286,20,0,18 7,0,70,,74257,20,0,18 7,0,30,,74273,20,0,18 7,0,70,,74256,20,0,18 7,0,32,,74285,20,0,18 7,0,70,,74255,20,0,18 7,0,30,,74272,20,0,18 7,0,70,,74253,20,0,18 7,0,30,,74271,20,0,18 7,0,70,,74249,20,0,18 7,0,30,,74297,20,0,18 7,0,70,,74270,20,0,18 7,0,30,,74251,20,0,18 7,0,70,,74281,20,0,18 7,0,30,,74250,20,0,18 7,0,68,,74282,20,0,18 7,0,30,,74252,20,0,18 7,0,70,,74283,20,0,18 7,0,30,,74254,20,0,18 7,0,69,,74284,20,0,18 7,0,102,,74294,8,0,18 7,0,100,,71080,8,0,18 7,0
609,'1969',851,,70954,8,0,18 7,0,100,,70938,8,0,18 7,0,100,,70950,8,0,18 7,0,100,,70940,8,0,18 7,0,101,,70953,8,0,18 7,0,100,,70936,8,0,18 7,0,100,,70952,8,0,18 7,0,100,,70942,8,0,18 7,0,100,,70951,8,0,18 7,0,100,,70939,8,0,18 7,0,99,,70949,8,0,18 7,0,100,,70937,8,0,18 7,0
609,'1976',651,,74231,20,0,18 7,0,71,,74225,20,0,18 7,0,30,,70984,20,0,18 7,0,70,,70999,20,0,18 7,0,30,,70972,20,0,18 7,0,70,,74233,20,0,18 7,0,30,,74220,20,0,18 7,0,70,,74223,20,0,18 7,0,30,,70994,20,0,18 7,0,70,,70995,20,0,18 7,0,30,,74230,20,0,18 7,0,70,,70986,20,0,18 7,0,30,,70990,20,0,18 7,0,70,,70982,20,0,18 7,0,30,,70987,20,0,18 7,0,70,,70981,20,0,18 7,0,32,,70976,20,0,18 7,0,70,,70973,20,0,18 7,0,30,,74227,20,0,18 7,0,70,,60114,20,0,18 7,0,30,,74246,20,0,18 7,0,70,,74228,20,0,18 7,0,27,,74221,20,0,18 7,0,70,,74232,20,0,18 7,0,30,,74222,20,0,18 7,0,71,,74244,20,0,18 7,0,98,,70985,20,0,18 7,0,100,,74245,20,0,18 7,0,100,,70978,20,0,18 7,0,100,,71023,20,0,18 7,0
609,'1977',651,,75298,20,0,18 7,0,71,,75283,20,0,18 7,0,30,,75289,20,0,18 7,0,70,,75304,20,0,18 7,0,30,,75273,20,0,18 7,0,70,,75307,20,0,18 7,0,30,,75275,20,0,18 7,0,70,,75278,20,0,18 7,0,30,,75299,20,0,18 7,0,70,,75300,20,0,18 7,0,30,,75297,20,0,18 7,0,70,,75291,20,0,18 7,0,30,,75295,20,0,18 7,0,70,,75286,20,0,18 7,0,30,,75292,20,0,18 7,0,70,,75285,20,0,18 7,0,32,,75280,20,0,18 7,0,70,,75274,20,0,18 7,0,30,,75287,20,0,18 7,0,70,,75279,20,0,18 7,0,30,,75328,20,0,18 7,0,70,,75288,20,0,18 7,0,27,,75276,20,0,18 7,0,70,,75305,20,0,18 7,0,30,,75277,20,0,18 7,0,71,,75326,20,0,18 7,0,98,,75290,20,0,18 7,0,100,,75327,20,0,18 7,0,100,,75282,20,0,18 7,0,100,,75331,20,0,18 7,0
15029,'1912',746,,61664,61,,,0,95,,61670,61,,,0,100,,61663,61,,,0,100,,61662,61,,,0,102,,61669,61,,,0,100,,61667,61,,,0,100,,61666,61,,,0,102,,61661,61,,,0,100,,61659,61,,,0,99,,61660,61,,,0,99,,61665,61,,,0,99,,61671,61,,,0,100,,61668,61,,,0,100,,61672,61,,,0
15029,'1959',746,,61678,61,,,0,95,,61684,61,,,0,100,,61677,61,,,0,100,,61676,61,,,0,102,,61683,61,,,0,100,,61681,61,,,0,100,,61680,61,,,0,102,,61675,61,,,0,100,,61673,61,,,0,99,,61674,61,,,0,99,,61679,61,,,0,99,,61685,61,,,0,100,,61682,61,,,0,100,,61686,61,,,0
15029,'1967',612,,67345,21,,,0,138,,74461,61,,,0,93,,71738,61,,,0,100,,71739,61,,,0,101,,74462,61,,,0,101,,71740,61,,,0,100,,71741,61,,,0,100,,74463,61,,,0,104,,71742,61,,,0,100,,61654,61,,,0,99,,74464,61,,,0,100,,61656,61,,,0,100,,67344,61,,,0,96,,61644,61,,,0,100,,71737,61,,,0
15029,'1969',746,,61692,61,,,0,95,,61698,61,,,0,100,,61691,61,,,0,100,,61690,61,,,0,102,,61697,61,,,0,100,,61695,61,,,0,100,,61694,61,,,0,102,,61689,61,,,0,100,,61687,61,,,0,99,,61688,61,,,0,99,,61693,61,,,0,99,,61699,61,,,0,100,,61696,61,,,0,100,,61700,61,,,0
15029,'1976',617,,74452,21,,,0,20,,67365,21,,,0,72,,74453,61,,,0,37,,71711,61,,,0,70,,61615,61,,,0,31,,74454,61,,,0,71,,67366,61,,,0,28,,71713,61,,,0,68,,71714,61,,,0,30,,71715,61,,,0,70,,74455,61,,,0,30,,74456,61,,,0,70,,74457,61,,,0,30,,71719,61,,,0,70,,74458,61,,,0,30,,74459,61,,,0,70,,71722,61,,,0,31,,71723,61,,,0,74,,71724,61,,,0,33,,71725,61,,,0,73,,71726,61,,,0,30,,61632,61,,,0,67,,71727,61,,,0,26,,74460,61,,,0,68,,71729,61,,,0,27,,71730,61,,,0,69,,71731,61,,,0,30,,61638,61,,,0,70,,71732,61,,,0,30,,71736,61,,,0,69,,71733,61,,,0,97,,71734,61,,,0,100,,71735,61,,,0
15029,'1977',617,,75620,21,,,0,20,,75621,21,,,0,72,,75622,61,,,0,37,,75623,61,,,0,70,,75624,61,,,0,31,,75625,61,,,0,71,,75626,61,,,0,28,,75627,61,,,0,68,,75628,61,,,0,30,,75629,61,,,0,70,,75630,61,,,0,30,,75631,61,,,0,70,,75632,61,,,0,30,,75633,61,,,0,70,,75634,61,,,0,30,,75635,61,,,0,70,,75636,61,,,0,31,,75637,61,,,0,74,,75638,61,,,0,33,,75639,61,,,0,73,,75640,61,,,0,30,,75641,61,,,0,67,,75642,61,,,0,26,,75643,61,,,0,68,,75644,61,,,0,27,,75645,61,,,0,69,,75646,61,,,0,30,,75647,61,,,0,70,,75648,61,,,0,30,,75652,61,,,0,69,,75649,61,,,0,97,,75650,61,,,0,100,,75651,61,,,0
501029,'1912',558,,63203,1,,,0,70,,72282,1,,,0,20,,63220,13,,,0,70,,72281,13,,,0,30,,63219,13,,,0,70,,72280,13,,,0,30,,63218,13,,,0,70,,72283,13,,,0,31,,72279,13,,,0,75,,68056,13,,,0,15,,72293,13,,,0,15,,72274,13,,,0,56,,72297,13,,,0,16,,68049,13,,,0,15,,72299,13,,,0,15,,72275,13,,,0,55,,72286,13,,,0,15,,68050,13,,,0,15,,72289,13,,,0,15,,72269,13,,,0,55,,72292,13,,,0,15,,68055,13,,,0,15,,72295,13,,,0,15,,72270,13,,,0,55,,72300,13,,,0,15,,68054,13,,,0,15,,72285,13,,,0,15,,72272,13,,,0,55,,72288,13,,,0,15,,68052,13,,,0,15,,72291,13,,,0,15,,72268,13,,,0,55,,72296,13,,,0,15,,68051,13,,,0,15,,72298,13,,,0,15,,72273,13,,,0,55,,72284,13,,,0,14,,68053,13,,,0,15,,72287,13,,,0,15,,72271,13,,,0,55,,72290,13,,,0,15,,68063,13,,,0,30,,72278,13,,,0,71,,68066,13,,,0,15,,72294,13,,,0,10,,72277,13,,,0,68,,68062,13,,,0,29,,72276,13,,,0,70,,68064,13,,,0,30,,63214,13,,,0,70,,68065,13,,,0,30,,63213,13,,,0,70,,68061,13,,,0,26,,63212,13,,,0
501029,'1959',558,,63257,1,,,0,70,,72447,1,,,0,20,,63274,13,,,0,70,,72446,13,,,0,30,,63273,13,,,0,70,,72445,13,,,0,30,,63272,13,,,0,70,,72448,13,,,0,31,,72444,13,,,0,75,,68103,13,,,0,15,,72458,13,,,0,15,,72439,13,,,0,56,,72462,13,,,0,16,,68096,13,,,0,15,,72464,13,,,0,15,,72440,13,,,0,55,,72451,13,,,0,15,,68097,13,,,0,15,,72454,13,,,0,15,,72434,13,,,0,55,,72457,13,,,0,15,,68102,13,,,0,15,,72460,13,,,0,15,,72435,13,,,0,55,,72465,13,,,0,15,,68101,13,,,0,15,,72450,13,,,0,15,,72437,13,,,0,55,,72453,13,,,0,15,,68099,13,,,0,15,,72456,13,,,0,15,,72433,13,,,0,55,,72461,13,,,0,15,,68098,13,,,0,15,,72463,13,,,0,15,,72438,13,,,0,55,,72449,13,,,0,14,,68100,13,,,0,15,,72452,13,,,0,15,,72436,13,,,0,55,,72455,13,,,0,15,,68110,13,,,0,30,,72443,13,,,0,71,,68113,13,,,0,15,,72459,13,,,0,10,,72442,13,,,0,68,,68109,13,,,0,29,,72441,13,,,0,70,,68111,13,,,0,30,,63268,13,,,0,70,,68112,13,,,0,30,,63267,13,,,0,70,,68108,13,,,0,26,,63266,13,,,0
501029,'1967',558,,72389,1,,,0,70,,74850,1,,,0,21,,72388,13,,,0,75,,74849,13,,,0,15,,72425,13,,,0,15,,72387,13,,,0,70,,72393,13,,,0,30,,72386,13,,,0,70,,67993,13,,,0,30,,74847,13,,,0,55,,74845,13,,,0,15,,72391,13,,,0,16,,74848,13,,,0,16,,74856,13,,,0,55,,74865,13,,,0,15,,74881,13,,,0,15,,74874,13,,,0,15,,74857,13,,,0,55,,74866,13,,,0,16,,74882,13,,,0,15,,74875,13,,,0,15,,74858,13,,,0,55,,74867,13,,,0,15,,74883,13,,,0,15,,74876,13,,,0,15,,74859,13,,,0,55,,74868,13,,,0,15,,74884,13,,,0,15,,74877,13,,,0,15,,74860,13,,,0,55,,74869,13,,,0,15,,74885,13,,,0,15,,74878,13,,,0,15,,74861,13,,,0,55,,74870,13,,,0,15,,74886,13,,,0,15,,74879,13,,,0,15,,74862,13,,,0,55,,74871,13,,,0,15,,74864,13,,,0,15,,74880,13,,,0,15,,74863,13,,,0,55,,74872,13,,,0,15,,74853,13,,,0,15,,74855,13,,,0,15,,74846,13,,,0,55,,74873,13,,,0,14,,74854,13,,,0,15,,74888,13,,,0,15,,63149,13,,,0,68,,74851,13,,,0,25,,63148,13,,,0,70,,74852,13,,,0,30,,63147,13,,,0,70,,67998,13,,,0,28,,63146,13,,,0,70,,67997,13,,,0,27,,63145,13,,,0
501029,'1969',558,,63311,1,,,0,70,,72315,1,,,0,20,,63328,13,,,0,70,,72314,13,,,0,30,,63327,13,,,0,70,,72313,13,,,0,30,,63326,13,,,0,70,,72316,13,,,0,31,,72312,13,,,0,75,,68150,13,,,0,15,,72326,13,,,0,15,,72307,13,,,0,56,,72330,13,,,0,16,,68143,13,,,0,15,,72332,13,,,0,15,,72308,13,,,0,55,,72319,13,,,0,15,,68144,13,,,0,15,,72322,13,,,0,15,,72302,13,,,0,55,,72325,13,,,0,15,,68149,13,,,0,15,,72328,13,,,0,15,,72303,13,,,0,55,,72333,13,,,0,15,,68148,13,,,0,15,,72318,13,,,0,15,,72305,13,,,0,55,,72321,13,,,0,15,,68146,13,,,0,15,,72324,13,,,0,15,,72301,13,,,0,55,,72329,13,,,0,15,,68145,13,,,0,15,,72331,13,,,0,15,,72306,13,,,0,55,,72317,13,,,0,14,,68147,13,,,0,15,,72320,13,,,0,15,,72304,13,,,0,55,,72323,13,,,0,15,,68157,13,,,0,30,,72311,13,,,0,71,,68160,13,,,0,15,,72327,13,,,0,10,,72310,13,,,0,68,,68156,13,,,0,29,,72309,13,,,0,70,,68158,13,,,0,30,,63322,13,,,0,70,,68159,13,,,0,30,,63321,13,,,0,70,,68155,13,,,0,26,,63320,13,,,0
501029,'1976',554,,63073,13,,,0,71,,72381,1,,,0,27,,63074,13,,,0,50,,74844,13,,,0,10,,72336,13,,,0,10,,72337,13,,,0,20,,74830,13,,,0,15,,63078,13,,,0,57,,72339,13,,,0,12,,72340,13,,,0,13,,74831,13,,,0,5,,63139,13,,,0,5,,74832,13,,,0,51,,72343,13,,,0,15,,72344,13,,,0,12,,72345,13,,,0,15,,63086,13,,,0,15,,74833,13,,,0,55,,74834,13,,,0,15,,68221,13,,,0,15,,74835,13,,,0,15,,72349,13,,,0,55,,74836,13,,,0,16,,72351,13,,,0,15,,68222,13,,,0,15,,72352,13,,,0,55,,72353,13,,,0,15,,72354,13,,,0,15,,72355,13,,,0,15,,68223,13,,,0,55,,72356,13,,,0,15,,74837,13,,,0,15,,72358,13,,,0,15,,72359,13,,,0,55,,68225,13,,,0,16,,72360,13,,,0,16,,74838,13,,,0,9,,72382,1,,,0,48,,72334,13,,,0,15,,72335,13,,,0,12,,68226,13,,,0,6,,68246,13,,,0,6,,72362,13,,,0,12,,74839,13,,,0,52,,72364,13,,,0,12,,72365,13,,,0,12,,72366,13,,,0,6,,72380,13,,,0,6,,72367,13,,,0,12,,68231,13,,,0,52,,72368,13,,,0,9,,68232,13,,,0,12,,72369,13,,,0,11,,63118,13,,,0,10,,72370,13,,,0,12,,74840,13,,,0,52,,63121,13,,,0,12,,68235,13,,,0,12,,72372,13,,,0,12,,63124,13,,,0,12,,74841,13,,,0,52,,72373,13,,,0,15,,68239,13,,,0,15,,74842,13,,,0,15,,72375,13,,,0,70,,74843,13,,,0,30,,63131,13,,,0,68,,72376,13,,,0,25,,68242,13,,,0,70,,72377,13,,,0,30,,68244,13,,,0,70,,72378,13,,,0,26,,63137,13,,,0
501029,'1977',554,,75997,13,,,0,71,,76066,1,,,0,27,,75998,13,,,0,50,,76064,13,,,0,10,,75999,13,,,0,10,,76000,13,,,0,20,,76001,13,,,0,15,,76002,13,,,0,57,,76003,13,,,0,12,,76004,13,,,0,13,,76005,13,,,0,5,,76063,13,,,0,5,,76006,13,,,0,51,,76007,13,,,0,15,,76008,13,,,0,12,,76009,13,,,0,15,,76010,13,,,0,15,,76011,13,,,0,55,,76012,13,,,0,15,,76013,13,,,0,15,,76014,13,,,0,15,,76015,13,,,0,55,,76016,13,,,0,16,,76017,13,,,0,15,,76018,13,,,0,15,,76019,13,,,0,55,,76020,13,,,0,15,,76021,13,,,0,15,,76022,13,,,0,15,,76023,13,,,0,55,,76024,13,,,0,15,,76025,13,,,0,15,,76026,13,,,0,15,,76027,13,,,0,55,,76028,13,,,0,16,,76029,13,,,0,16,,76030,13,,,0,9,,76067,1,,,0,48,,75995,13,,,0,15,,75996,13,,,0,12,,76031,13,,,0,6,,76062,13,,,0,6,,76032,13,,,0,12,,76033,13,,,0,52,,76034,13,,,0,12,,76035,13,,,0,12,,76036,13,,,0,6,,76065,13,,,0,6,,76037,13,,,0,12,,76038,13,,,0,52,,76039,13,,,0,9,,76040,13,,,0,12,,76041,13,,,0,11,,76042,13,,,0,10,,76043,13,,,0,12,,76044,13,,,0,52,,76045,13,,,0,12,,76046,13,,,0,12,,76047,13,,,0,12,,76048,13,,,0,12,,76049,13,,,0,52,,76050,13,,,0,15,,76051,13,,,0,15,,76052,13,,,0,15,,76053,13,,,0,70,,76054,13,,,0,30,,76055,13,,,0,68,,76056,13,,,0,25,,76057,13,,,0,70,,76058,13,,,0,30,,76059,13,,,0,70,,76060,13,,,0,26,,76061,13,,,0
