22019,'1912',659,,67626,12,0,19 2 32 26,0,99,,71967,12,0,19 2 32 26,0,100,,71964,14,,,0,94,,71965,14,,,0,100,,71959,14,,,0,100,,71963,14,,,0,100,,71960,14,,,0,100,,71961,14,,,0,100,,71958,14,,,0,100,,71962,14,,,0,99,,67620,14,,,0,101,,62212,12,0,19 2 32 26,0,99,,62213,12,0,19 2 32 26,0,100,,62214,12,0,19 2 32 26,0,108,,71966,12,0,19 2 32 26,0
22019,'1959',659,,67638,12,0,19 2 32 26,0,99,,72009,12,0,19 2 32 26,0,100,,72006,14,,,0,94,,72007,14,,,0,100,,72001,14,,,0,100,,72005,14,,,0,100,,72002,14,,,0,100,,72003,14,,,0,100,,72000,14,,,0,100,,72004,14,,,0,99,,67632,14,,,0,101,,62227,12,0,19 2 32 26,0,99,,62228,12,0,19 2 32 26,0,100,,62229,12,0,19 2 32 26,0,108,,72008,12,0,19 2 32 26,0
22019,'1967',631,,62202,12,0,19 2 32 26,0,23,,62195,12,0,19 2 32 26,0,70,,62191,12,0,19 2 32 26,0,30,,62196,12,0,19 2 32 26,0,70,,62192,12,0,19 2 32 26,0,31,,62172,14,,,0,72,,62173,14,,,0,30,,62174,14,,,0,70,,62175,14,,,0,30,,62176,14,,,0,70,,62177,14,,,0,30,,62178,14,,,0,70,,62179,14,,,0,31,,62180,14,,,0,70,,62181,14,,,0,30,,62182,14,,,0,70,,62183,14,,,0,31,,62184,14,,,0,70,,62185,14,,,0,30,,62186,14,,,0,70,,62187,14,,,0,29,,62188,14,,,0,70,,62189,14,,,0,29,,62197,12,0,19 2 32 26,0,70,,62193,12,0,19 2 32 26,0,30,,62198,12,0,19 2 32 26,0,67,,62190,12,0,19 2 32 26,0,30,,62199,12,0,19 2 32 26,0,69,,62194,12,0,19 2 32 26,0,30,,62200,12,0,19 2 32 26,0,70,,62201,12,0,19 2 32 26,0
22019,'1969',659,,67650,12,0,19 2 32 26,0,99,,71977,12,0,19 2 32 26,0,100,,71974,14,,,0,94,,71975,14,,,0,100,,71969,14,,,0,100,,71973,14,,,0,100,,71970,14,,,0,100,,71971,14,,,0,100,,71968,14,,,0,100,,71972,14,,,0,99,,67644,14,,,0,101,,62242,12,0,19 2 32 26,0,99,,62243,12,0,19 2 32 26,0,100,,62244,12,0,19 2 32 26,0,108,,71976,12,0,19 2 32 26,0
22019,'1976',605,,62171,12,0,19 2 32 26,0,52,,71978,12,0,19 2 32 26,0,70,,71979,12,0,19 2 32 26,0,75,,74520,14,,,0,30,,74521,14,,,0,72,,74522,14,,,0,29,,71983,14,,,0,70,,71984,14,,,0,30,,74523,14,,,0,70,,71986,14,,,0,30,,71987,14,,,0,70,,71988,14,,,0,30,,71989,14,,,0,70,,71990,14,,,0,30,,71991,14,,,0,70,,71992,14,,,0,30,,74524,14,,,0,73,,74525,14,,,0,29,,74526,14,,,0,69,,74535,14,,,0,30,,74527,14,,,0,68,,74528,14,,,0,28,,74529,14,,,0,29,,74530,14,,,0,69,,74531,14,,,0,30,,74532,14,,,0,70,,74533,14,,,0,29,,71997,14,,,0,69,,74534,14,,,0,30,,71998,14,,,0,68,,71999,12,0,19 2 32 26,0
22019,'1977',657,,75741,12,0,19 2 32 26,0,70,,75742,12,0,19 2 32 26,0,75,,75743,14,,,0,30,,75744,14,,,0,72,,75745,14,,,0,29,,75746,14,,,0,70,,75747,14,,,0,30,,75748,14,,,0,70,,75749,14,,,0,30,,75750,14,,,0,70,,75751,14,,,0,30,,75752,14,,,0,70,,75753,14,,,0,30,,75754,14,,,0,70,,75755,14,,,0,30,,75756,14,,,0,73,,75757,14,,,0,29,,75758,14,,,0,69,,75770,14,,,0,30,,75759,14,,,0,68,,75760,14,,,0,28,,75761,14,,,0,29,,75762,14,,,0,69,,75763,14,,,0,30,,75764,14,,,0,70,,75765,14,,,0,29,,75766,14,,,0,69,,75767,14,,,0,30,,75768,14,,,0,68,,75769,12,0,19 2 32 26,0
600029,'1977',659,,76200,2,,,0,80,,76198,2,,,0,2,,76190,14,,,0,91,,76191,14,,,0,511,,76197,2,,,0,70,,76199,2,,,0,19,,76192,14,,,0,68,,76193,14,,,0,27,,76194,14,,,0,100,,76195,14,,,0,90,,76196,14,,,0
601019,'1959',609,,64051,2,,,0
601019,'1967',609,,64013,2,,,0
601019,'1976',641,,63982,2,,,0,65,,63994,2,,,0,715,,63956,2,,,0,30,,63993,2,,,0
602019,'1912',2235,,64193,17,,,0,70,,64194,17,,,0,30,,64195,17,,,0
602019,'1959',636,,64230,16,,,0,67,,64226,17,,,0,30,,64225,17,,,0,70,,64224,17,,,0,30,,64220,17,,,0,70,,64219,17,,,0,30,,64217,17,,,0,70,,64216,17,,,0,30,,64222,17,,,0,70,,64223,17,,,0,32,,64221,17,,,0,71,,64218,17,,,0,30,,64215,17,,,0,70,,64212,17,,,0,30,,64211,17,,,0,70,,64210,17,,,0,30,,64209,17,,,0,70,,64200,17,,,0,30,,64202,17,,,0,70,,64208,17,,,0,30,,64207,17,,,0,70,,64204,17,,,0,30,,64203,17,,,0,70,,64198,17,,,0,30,,64197,17,,,0,70,,64205,17,,,0,29,,64206,17,,,0,70,,64199,17,,,0,30,,64201,17,,,0,70,,64196,17,,,0,30,,64227,17,,,0,70,,64229,17,,,0,30,,64213,17,,,0,70,,64214,17,,,0,30,,64228,17,,,0
602019,'1967',638,,64192,16,,,0,67,,64190,17,,,0,30,,64191,17,,,0,70,,64181,17,,,0,30,,64182,17,,,0,72,,64180,17,,,0,31,,64179,17,,,0,70,,64178,17,,,0,30,,64177,17,,,0,70,,64188,17,,,0,30,,64187,17,,,0,70,,64186,17,,,0,30,,64185,17,,,0,70,,64184,17,,,0,30,,64183,17,,,0,70,,64175,17,,,0,30,,64176,17,,,0,70,,64189,17,,,0,30,,64174,17,,,0,70,,64173,17,,,0,30,,64172,17,,,0,70,,64171,17,,,0,30,,64170,17,,,0,70,,64168,17,,,0,30,,64169,17,,,0,70,,64167,17,,,0,30,,64160,17,,,0,69,,64161,17,,,0,29,,64159,17,,,0,70,,64162,17,,,0,30,,64165,17,,,0,70,,64166,17,,,0,30,,64164,17,,,0,70,,64163,17,,,0,28,,64158,17,,,0
602019,'1969',2135,,64233,17,,,0,70,,64235,17,,,0,30,,64231,17,,,0,70,,64232,17,,,0,30,,64234,17,,,0
602019,'1976',624,,64133,16,,,0,29,,64113,16,0,19 2 11 2 32 26,0,60,,64157,16,0,19 2 11 2 32 26,0,15,,64125,16,0,19 2 11 2 32 26,0,15,,64112,16,0,19 2 11 2 32 26,0,15,,64115,16,0,19 2 11 2 32 26,0,55,,64126,16,0,19 2 11 2 32 26,0,15,,64120,16,0,19 2 11 2 32 26,0,15,,64135,16,0,19 2 11 2 32 26,0,15,,64116,16,0,19 2 11 2 32 26,0,57,,64151,17,,,0,22,,64147,16,,,0,70,,74964,16,,,0,30,,74963,16,,,0,70,,64145,16,,,0,30,,64144,16,,,0,70,,64143,16,,,0,30,,74965,16,,,0,70,,74962,16,,,0,30,,64109,16,,,0,70,,64110,16,,,0,28,,64111,16,,,0,67,,64123,16,0,19 2 11 2 32 26,0,13,,64130,16,0,19 2 11 2 32 26,0,15,,64124,16,0,19 2 11 2 32 26,0,15,,64129,16,0,19 2 11 2 32 26,0,55,,64117,16,0,19 2 11 2 32 26,0,15,,64128,16,0,19 2 11 2 32 26,0,15,,64122,16,0,19 2 11 2 32 26,0,15,,64132,16,0,19 2 11 2 32 26,0,14,,64121,16,0,19 2 11 2 32 26,0,53,,64127,16,0,19 2 11 2 32 26,0,14,,64118,16,0,19 2 11 2 32 26,0,15,,64131,16,0,19 2 11 2 32 26,0,15,,64114,16,0,19 2 11 2 32 26,0,55,,64134,16,0,19 2 11 2 32 26,0,15,,64119,16,0,19 2 11 2 32 26,0,18,,64150,17,,,0,57,,64141,17,,,0,30,,64136,17,,,0,12,,64154,17,,,0,58,,64140,17,,,0,30,,64139,17,,,0,70,,64137,17,,,0,29,,64138,17,,,0,70,,64152,17,,,0,30,,64156,17,,,0,70,,64153,17,,,0,36,,64155,17,,,0
602019,'1977',2130,,76206,17,,,0,70,,76207,17,,,0,30,,76210,17,,,0,70,,76208,17,,,0,36,,76209,17,,,0
