10019,'1909',926,,60946,31,,,0,999,,60966,31,,,0,98,,60968,31,,,0,100,,60970,31,,,0,100,,60971,31,,,0
10019,'1910',1855,,66746,31,,,0,68,,60997,31,,,0,100,,66747,31,,,0,100,,60999,31,,,0
10019,'1912',753,,61000,31,,,0,70,,66748,31,,,0,30,,61002,31,,,0,70,,66749,31,,,0,30,,61004,31,,,0,70,,71282,31,,,0,30,,71283,31,,,0,70,,71284,31,,,0,30,,71285,31,,,0,72,,71286,31,,,0,30,,71287,31,,,0,70,,71288,31,,,0,30,,71289,31,,,0,70,,71290,31,,,0,30,,71291,31,,,0,70,,71292,31,,,0,30,,71293,31,,,0,70,,71294,31,,,0,30,,66763,31,,,0,70,,71295,31,,,0,30,,71296,31,,,0,68,,71297,31,,,0,30,,66767,31,,,0,70,,71298,31,,,0
10019,'1924',753,,61024,31,,,0,70,,66769,31,,,0,30,,61026,31,,,0,70,,66770,31,,,0,30,,61028,31,,,0,702,,66784,31,,,0,198,,66788,31,,,0
10019,'1925',753,,61048,31,,,0,70,,66790,31,,,0,30,,61050,31,,,0,70,,66791,31,,,0,30,,61052,31,,,0,70,,71299,31,,,0,30,,71300,31,,,0,70,,71301,31,,,0,30,,71302,31,,,0,72,,71303,31,,,0,30,,71304,31,,,0,70,,71305,31,,,0,30,,71306,31,,,0,70,,71307,31,,,0,30,,71308,31,,,0,70,,71309,31,,,0,30,,71310,31,,,0,70,,71311,31,,,0,30,,66805,31,,,0,70,,71312,31,,,0,30,,71313,31,,,0,68,,71314,31,,,0,30,,66809,31,,,0,70,,71315,31,,,0
10019,'1949',1356,,66831,31,,,0
10019,'1955',653,,60972,31,,,0,70,,66724,31,,,0,30,,66725,31,,,0,70,,66726,31,,,0,30,,60976,31,,,0,70,,66727,31,,,0,30,,66728,31,,,0,72,,66729,31,,,0,30,,66730,31,,,0,70,,66731,31,,,0,30,,66732,31,,,0,70,,66733,31,,,0,30,,66734,31,,,0,70,,66735,31,,,0,30,,66736,31,,,0,70,,66737,31,,,0,30,,66738,31,,,0,70,,66739,31,,,0,30,,66740,31,,,0,70,,66741,31,,,0,30,,66742,31,,,0,70,,66743,31,,,0,30,,66744,31,,,0,70,,66745,31,,,0
10019,'1956',1023,,66771,31,,,0,30,,66772,31,,,0,70,,66773,31,,,0,30,,66774,31,,,0,72,,66775,31,,,0,30,,66776,31,,,0,70,,66777,31,,,0,30,,66778,31,,,0,70,,66779,31,,,0,30,,66780,31,,,0,70,,66781,31,,,0,30,,66782,31,,,0,70,,66783,31,,,0,100,,66785,31,,,0,30,,66786,31,,,0,68,,66787,31,,,0,100,,66789,31,,,0
10019,'1957',554,,71316,31,,,0,70,,71317,31,,,0,30,,71318,31,,,0,71,,71319,31,,,0,30,,71320,31,,,0,70,,71321,31,,,0,30,,71322,31,,,0,101,,71323,31,,,0,70,,71324,31,,,0,30,,71325,31,,,0,70,,71326,31,,,0,30,,71327,31,,,0,70,,71328,31,,,0,30,,71329,31,,,0,70,,71330,31,,,0,100,,71331,31,,,0,74,,71332,31,,,0,30,,71333,31,,,0,70,,71334,31,,,0,30,,71335,31,,,0,70,,71336,31,,,0,30,,71337,31,,,0,25,,71338,31,,,0,70,,71339,31,,,0,30,,71340,31,,,0,100,,71341,31,,,0,98,,71342,31,,,0
10019,'1958',653,,71343,31,,,0,70,,71344,31,,,0,30,,71345,31,,,0,70,,71346,31,,,0,30,,71347,31,,,0,70,,71348,31,,,0,30,,71349,31,,,0,72,,71350,31,,,0,30,,71351,31,,,0,70,,71352,31,,,0,30,,71353,31,,,0,70,,71354,31,,,0,30,,71355,31,,,0,70,,71356,31,,,0,30,,71357,31,,,0,70,,71358,31,,,0,30,,71359,31,,,0,70,,71360,31,,,0,30,,71361,31,,,0,70,,71362,31,,,0,30,,71363,31,,,0,70,,71364,31,,,0,30,,71365,31,,,0,70,,71366,31,,,0
10019,'1959',1023,,71367,31,,,0,30,,71368,31,,,0,70,,71369,31,,,0,30,,71370,31,,,0,72,,71371,31,,,0,30,,71372,31,,,0,70,,71373,31,,,0,30,,71374,31,,,0,70,,71375,31,,,0,30,,71376,31,,,0,70,,71377,31,,,0,30,,71378,31,,,0,70,,71379,31,,,0,100,,71380,31,,,0,30,,71381,31,,,0,68,,71382,31,,,0,100,,71383,31,,,0
