2019,'1912',643,,70341,9,,,0,70,,70318,9,,,0,30,,70322,9,,,0,70,,70334,9,,,0,30,,70329,9,,,0,70,,70319,9,,,0,30,,70323,9,,,0,70,,70335,9,,,0,30,,70330,9,,,0,70,,70320,9,,,0,30,,70324,9,,,0,70,,70336,9,,,0,30,,70331,9,,,0,70,,70321,9,,,0,30,,70325,9,,,0,70,,70337,9,,,0,30,,70332,9,,,0,70,,70316,9,,,0,30,,70326,9,,,0,70,,70338,9,,,0,30,,70333,9,,,0,70,,70314,9,,,0,30,,70327,9,,,0,70,,70339,9,,,0,100,,70315,9,,,0,100,,70340,9,,,0,100,,70317,9,,,0,100,,70328,9,,,0,99,,70342,9,,,0
2019,'1925',643,,70370,9,,,0,70,,70347,9,,,0,30,,70351,9,,,0,70,,70363,9,,,0,30,,70358,9,,,0,70,,70348,9,,,0,30,,70352,9,,,0,70,,70364,9,,,0,30,,70359,9,,,0,70,,70349,9,,,0,30,,70353,9,,,0,70,,70365,9,,,0,30,,70360,9,,,0,70,,70350,9,,,0,30,,70354,9,,,0,70,,70366,9,,,0,30,,70361,9,,,0,70,,70345,9,,,0,30,,70355,9,,,0,70,,70367,9,,,0,30,,70362,9,,,0,70,,70343,9,,,0,30,,70356,9,,,0,70,,70368,9,,,0,100,,70344,9,,,0,100,,70369,9,,,0,100,,70346,9,,,0,100,,70357,9,,,0,99,,70371,9,,,0
2019,'1955',642,,59403,9,,,0,70,,59412,9,,,0,30,,59419,9,,,0,70,,59397,9,,,0,30,,59404,9,,,0,70,,59413,9,,,0,30,,59420,9,,,0,71,,59398,9,,,0,30,,59405,9,,,0,70,,59414,9,,,0,30,,59421,9,,,0,70,,59399,9,,,0,30,,59406,9,,,0,70,,59415,9,,,0,30,,59422,9,,,0,70,,59400,9,,,0,30,,59407,9,,,0,70,,59416,9,,,0,30,,59423,9,,,0,70,,59401,9,,,0,30,,59408,9,,,0,70,,59417,9,,,0,30,,59424,9,,,0,70,,59402,9,,,0,30,,59409,9,,,0,70,,59418,9,,,0,100,,59410,9,,,0,100,,59425,9,,,0,100,,59411,9,,,0,100,,59426,9,,,0
2019,'1956',643,,59483,9,,,0,70,,59460,9,,,0,30,,59464,9,,,0,70,,59476,9,,,0,30,,59471,9,,,0,70,,59461,9,,,0,30,,59465,9,,,0,70,,59477,9,,,0,30,,59472,9,,,0,70,,59462,9,,,0,30,,59466,9,,,0,70,,59478,9,,,0,30,,59473,9,,,0,70,,59463,9,,,0,30,,59467,9,,,0,70,,59479,9,,,0,30,,59474,9,,,0,70,,59458,9,,,0,30,,59468,9,,,0,70,,59480,9,,,0,30,,59475,9,,,0,70,,59456,9,,,0,30,,59469,9,,,0,70,,59481,9,,,0,100,,59457,9,,,0,100,,59482,9,,,0,100,,59459,9,,,0,100,,59470,9,,,0,99,,59484,9,,,0
2019,'1957',614,,70372,9,,,0,28,,70373,9,,,0,71,,70374,9,,,0,30,,70375,9,,,0,70,,70376,9,,,0,30,,70377,9,,,0,69,,70394,9,,,0,30,,70395,9,,,0,70,,70396,9,,,0,30,,70397,9,,,0,70,,70398,9,,,0,30,,70399,9,,,0,70,,70400,9,,,0,30,,70401,9,,,0,70,,70402,9,,,0,30,,70392,9,,,0,70,,70393,9,,,0,30,,70378,9,,,0,70,,70379,9,,,0,30,,70380,9,,,0,70,,70381,9,,,0,30,,70382,9,,,0,70,,70383,9,,,0,29,,70384,9,,,0,70,,70385,9,,,0,30,,70391,9,,,0,70,,70386,9,,,0,100,,70387,9,,,0,100,,70388,9,,,0,100,,70389,9,,,0,100,,70390,9,,,0
2019,'1958',642,,70411,9,,,0,70,,70420,9,,,0,30,,70427,9,,,0,70,,70405,9,,,0,30,,70412,9,,,0,70,,70421,9,,,0,30,,70428,9,,,0,71,,70406,9,,,0,30,,70413,9,,,0,70,,70422,9,,,0,30,,70429,9,,,0,70,,70407,9,,,0,30,,70414,9,,,0,70,,70423,9,,,0,30,,70430,9,,,0,70,,70408,9,,,0,30,,70415,9,,,0,70,,70424,9,,,0,30,,70431,9,,,0,70,,70409,9,,,0,30,,70416,9,,,0,70,,70425,9,,,0,30,,70432,9,,,0,70,,70410,9,,,0,30,,70417,9,,,0,70,,70426,9,,,0,100,,70418,9,,,0,100,,70433,9,,,0,100,,70419,9,,,0,100,,70434,9,,,0
2019,'1959',643,,70462,9,,,0,70,,70439,9,,,0,30,,70443,9,,,0,70,,70455,9,,,0,30,,70450,9,,,0,70,,70440,9,,,0,30,,70444,9,,,0,70,,70456,9,,,0,30,,70451,9,,,0,70,,70441,9,,,0,30,,70445,9,,,0,70,,70457,9,,,0,30,,70452,9,,,0,70,,70442,9,,,0,30,,70446,9,,,0,70,,70458,9,,,0,30,,70453,9,,,0,70,,70437,9,,,0,30,,70447,9,,,0,70,,70459,9,,,0,30,,70454,9,,,0,70,,70435,9,,,0,30,,70448,9,,,0,70,,70460,9,,,0,100,,70436,9,,,0,100,,70461,9,,,0,100,,70438,9,,,0,100,,70449,9,,,0,99,,70463,9,,,0
32019,'1909',624,,62575,11,,,0,104,,62566,41,,,0,99,,62561,41,,,0,129,,62553,41,,,0,100,,62543,41,,,0,170,,62557,41,,,0,100,,62564,41,,,0,132,,62569,41,,,0,70,,62556,41,,,0,30,,62549,41,,,0,70,,62563,41,,,0,30,,62542,41,,,0,70,,62560,41,,,0,27,,62568,41,,,0,270,,62572,11,,,0,130,,62548,41,,,0,70,,62573,11,,,0
32019,'1912',558,,62634,11,,,0,96,,62617,41,,,0,100,,62618,41,,,0,100,,62619,41,,,0,100,,62620,41,,,0,100,,62621,41,,,0,102,,62622,41,,,0,100,,62623,41,,,0,100,,62624,41,,,0,100,,62625,41,,,0,100,,62626,41,,,0,100,,62627,41,,,0,100,,62628,41,,,0,99,,62629,41,,,0,100,,62630,41,,,0,100,,62631,41,,,0,99,,62632,41,,,0,100,,62633,41,,,0
32019,'1924',558,,62653,11,,,0,96,,62636,41,,,0,100,,62637,41,,,0,100,,62638,41,,,0,100,,62639,41,,,0,100,,62640,41,,,0,102,,62641,41,,,0,100,,62642,41,,,0,100,,62643,41,,,0,100,,62644,41,,,0,100,,62645,41,,,0,100,,62646,41,,,0,100,,62647,41,,,0,99,,62648,41,,,0,100,,62649,41,,,0,100,,62650,41,,,0,99,,62651,41,,,0,100,,62652,41,,,0
32019,'1925',558,,62672,11,,,0,96,,62655,41,,,0,100,,62656,41,,,0,100,,62657,41,,,0,100,,62658,41,,,0,100,,62659,41,,,0,102,,62660,41,,,0,100,,62661,41,,,0,100,,62662,41,,,0,100,,62663,41,,,0,100,,62664,41,,,0,100,,62665,41,,,0,100,,62666,41,,,0,99,,62667,41,,,0,100,,62668,41,,,0,100,,62669,41,,,0,99,,62670,41,,,0,100,,62671,41,,,0
32019,'1949',656,,67817,41,,,0,102,,67816,41,,,0,169,,67819,41,,,0,99,,67821,41,,,0,130,,67822,41,,,0,100,,67818,41,,,0,170,,67820,41,,,0
32019,'1955',528,,67809,11,,,0,30,,67808,11,,,0,70,,67791,11,,,0,26,,67784,41,,,0,70,,67801,41,,,0,30,,67778,41,,,0,70,,67795,41,,,0,30,,67802,41,,,0,70,,67790,41,,,0,30,,67783,41,,,0,72,,67800,41,,,0,30,,67777,41,,,0,70,,67794,41,,,0,30,,67805,41,,,0,70,,67789,41,,,0,30,,67782,41,,,0,70,,67799,41,,,0,30,,67776,41,,,0,70,,67793,41,,,0,30,,67804,41,,,0,70,,67788,41,,,0,30,,67781,41,,,0,70,,67798,41,,,0,30,,67775,41,,,0,70,,67792,41,,,0,30,,67806,41,,,0,70,,67787,41,,,0,29,,67780,41,,,0,70,,67796,41,,,0,30,,62581,41,,,0,70,,67786,11,,,0,30,,67803,41,,,0,70,,67797,11,,,0,30,,67779,41,,,0,70,,67785,11,,,0,30,,62580,41,,,0
32019,'1957',438,,72130,11,,,0,88,,72131,11,,,0,30,,72129,11,,,0,301,,72126,41,,,0,269,,72123,41,,,0,230,,72119,41,,,0,470,,72122,41,,,0,30,,72121,41,,,0,70,,72124,41,,,0,30,,72120,41,,,0,99,,72125,41,,,0,70,,72127,11,,,0,130,,72118,41,,,0
32019,'1958',528,,72168,11,,,0,30,,72167,11,,,0,70,,72150,11,,,0,26,,72143,41,,,0,70,,72160,41,,,0,30,,72137,41,,,0,70,,72154,41,,,0,30,,72161,41,,,0,70,,72149,41,,,0,30,,72142,41,,,0,72,,72159,41,,,0,30,,72136,41,,,0,70,,72153,41,,,0,30,,72164,41,,,0,70,,72148,41,,,0,30,,72141,41,,,0,70,,72158,41,,,0,30,,72135,41,,,0,70,,72152,41,,,0,30,,72163,41,,,0,70,,72147,41,,,0,30,,72140,41,,,0,70,,72157,41,,,0,30,,72134,41,,,0,70,,72151,41,,,0,30,,72165,41,,,0,70,,72146,41,,,0,29,,72139,41,,,0,70,,72155,41,,,0,30,,72133,41,,,0,70,,72145,11,,,0,30,,72162,41,,,0,70,,72156,11,,,0,30,,72138,41,,,0,70,,72144,11,,,0,30,,72132,41,,,0
14000001019,'1909',2409,,65835,16,,,0,130,,65834,16,,,0
14000001019,'1910',2409,,65840,16,,,0,130,,65838,16,,,0
14000001019,'1912',2409,,65844,16,,,0,30,,70196,16,,,0,70,,73578,16,,,0,30,,65845,16,,,0,70,,70197,16,,,0
14000001019,'1924',2409,,65849,16,,,0,30,,70198,16,,,0,100,,65850,16,,,0,70,,70199,16,,,0
14000001019,'1925',2409,,65854,16,,,0,30,,70200,16,,,0,70,,73579,16,,,0,30,,65855,16,,,0,70,,70201,16,,,0
14000001019,'1955',2439,,70194,16,,,0,70,,65839,16,,,0,100,,70195,16,,,0
14000001019,'1956',2509,,65847,16,,,0
14000001019,'1957',2439,,73580,16,,,0,70,,73581,16,,,0,100,,73582,16,,,0
14000001019,'1958',2439,,73583,16,,,0,70,,73584,16,,,0,100,,73585,16,,,0
14000001019,'1959',2509,,73586,16,,,0
