4029,'1912',733,,70787,13,,,0,70,,60008,13,,,0,30,,70786,13,,,0,70,,70788,13,,,0,30,,60005,13,,,0,70,,70779,13,,,0,29,,70782,13,,,0,70,,70767,13,,,0,30,,70772,13,,,0,70,,70775,13,,,0,30,,70778,13,,,0,70,,70780,13,,,0,30,,70768,13,,,0,70,,70771,13,,,0,30,,70774,13,,,0,70,,70777,13,,,0,30,,70781,13,,,0,70,,70769,13,,,0,30,,70770,13,,,0,70,,70773,13,,,0,30,,70776,13,,,0,70,,66240,13,,,0,30,,70791,13,,,0,71,,70792,13,,,0,30,,70790,13,,,0,70,,70785,13,,,0,30,,70789,13,,,0,70,,70783,13,,,0,100,,70784,13,,,0
4029,'1959',733,,70894,13,,,0,70,,60037,13,,,0,30,,70893,13,,,0,70,,70895,13,,,0,30,,60034,13,,,0,70,,70886,13,,,0,29,,70889,13,,,0,70,,70874,13,,,0,30,,70879,13,,,0,70,,70882,13,,,0,30,,70885,13,,,0,70,,70887,13,,,0,30,,70875,13,,,0,70,,70878,13,,,0,30,,70881,13,,,0,70,,70884,13,,,0,30,,70888,13,,,0,70,,70876,13,,,0,30,,70877,13,,,0,70,,70880,13,,,0,30,,70883,13,,,0,70,,66267,13,,,0,30,,70898,13,,,0,71,,70899,13,,,0,30,,70897,13,,,0,70,,70892,13,,,0,30,,70896,13,,,0,70,,70890,13,,,0,100,,70891,13,,,0
4029,'1965',633,,70819,13,,,0,103,,70821,13,,,0,101,,70823,13,,,0,64,,59926,13,,,0,201,,66313,13,,,0,30,,70827,13,,,0,71,,70828,13,,,0,30,,70829,13,,,0,70,,70830,13,,,0,30,,66314,13,,,0,100,,70832,13,,,0,100,,70834,13,,,0,76,,66317,13,,,0,24,,66318,13,,,0,76,,70835,13,,,0,24,,59943,13,,,0,76,,59944,13,,,0,27,,70836,13,,,0,198,,70840,13,,,0,100,,66322,13,,,0,70,,70842,13,,,0
4029,'1966',635,,59977,13,,,0,168,,70869,13,,,0,30,,70870,13,,,0,100,,70872,13,,,0,71,,70860,13,,,0,29,,70854,13,,,0,70,,70847,13,,,0,30,,70858,13,,,0,70,,70864,13,,,0,30,,70859,13,,,0,70,,70846,13,,,0,30,,70851,13,,,0,70,,70862,13,,,0,30,,70845,13,,,0,70,,70861,13,,,0,30,,70856,13,,,0,70,,70848,13,,,0,30,,70843,13,,,0,70,,70863,13,,,0,30,,70866,13,,,0,70,,70857,13,,,0,30,,70852,13,,,0,70,,70873,13,,,0,101,,70844,13,,,0,99,,70855,13,,,0,100,,70853,13,,,0
4029,'1967',703,,70867,13,,,0,30,,70868,13,,,0,170,,70871,13,,,0,1031,,70849,13,,,0,99,,70850,13,,,0,100,,70865,13,,,0
4029,'1969',733,,70813,13,,,0,70,,60066,13,,,0,30,,70812,13,,,0,70,,70814,13,,,0,30,,60063,13,,,0,70,,70805,13,,,0,29,,70808,13,,,0,70,,70793,13,,,0,30,,70798,13,,,0,70,,70801,13,,,0,30,,70804,13,,,0,70,,70806,13,,,0,30,,70794,13,,,0,70,,70797,13,,,0,30,,70800,13,,,0,70,,70803,13,,,0,30,,70807,13,,,0,70,,70795,13,,,0,30,,70796,13,,,0,70,,70799,13,,,0,30,,70802,13,,,0,70,,66294,13,,,0,30,,70817,13,,,0,71,,70818,13,,,0,30,,70816,13,,,0,70,,70811,13,,,0,30,,70815,13,,,0,70,,70809,13,,,0,100,,70810,13,,,0
4029,'1970',703,,74183,13,,,0,98,,74184,13,,,0,131,,74185,13,,,0,70,,74186,13,,,0,30,,74187,13,,,0,371,,74188,13,,,0,105,,74189,13,,,0,397,,74190,13,,,0,29,,74191,13,,,0,71,,74192,13,,,0,99,,74193,13,,,0
4029,'1971',635,,74215,13,,,0,168,,74216,13,,,0,30,,74217,13,,,0,100,,74218,13,,,0,71,,74209,13,,,0,29,,74203,13,,,0,70,,74198,13,,,0,30,,74207,13,,,0,70,,74213,13,,,0,30,,74208,13,,,0,70,,74197,13,,,0,30,,74200,13,,,0,70,,74211,13,,,0,30,,74196,13,,,0,70,,74210,13,,,0,30,,74205,13,,,0,70,,74199,13,,,0,30,,74194,13,,,0,70,,74212,13,,,0,30,,74214,13,,,0,70,,74206,13,,,0,30,,74201,13,,,0,70,,74219,13,,,0,101,,74195,13,,,0,99,,74204,13,,,0,100,,74202,13,,,0
16019,'1912',801,,67376,13,,,0,103,,71745,13,,,0,100,,71751,13,,,0,100,,71750,13,,,0,100,,71743,13,,,0,101,,71746,13,,,0,100,,71747,13,,,0,101,,71749,13,,,0,100,,71748,13,,,0,99,,71744,13,,,0,99,,67384,13,,,0,99,,61792,13,,,0,99,,61788,13,,,0,100,,61786,13,,,0,100,,71752,13,,,0
16019,'1959',801,,67388,13,,,0,103,,71789,13,,,0,100,,71795,13,,,0,100,,71794,13,,,0,100,,71787,13,,,0,101,,71790,13,,,0,100,,71791,13,,,0,101,,71793,13,,,0,100,,71792,13,,,0,99,,71788,13,,,0,99,,67396,13,,,0,99,,61807,13,,,0,99,,61803,13,,,0,100,,61801,13,,,0,100,,71796,13,,,0
16019,'1965',634,,71765,13,,,0,70,,71766,13,,,0,203,,71770,13,,,0,30,,71771,13,,,0,100,,71773,13,,,0,70,,71774,13,,,0,30,,71775,13,,,0,70,,71776,13,,,0,30,,71777,13,,,0,70,,71778,13,,,0,30,,71779,13,,,0,597,,71784,13,,,0,100,,71785,13,,,0,70,,71786,13,,,0,99,,71763,13,,,0,30,,71764,13,,,0
16019,'1967',633,,61772,13,,,0,70,,61768,13,,,0,30,,61776,13,,,0,70,,61760,13,,,0,30,,61774,13,,,0,71,,61755,13,,,0,30,,61753,13,,,0,70,,61750,13,,,0,30,,61761,13,,,0,70,,61771,13,,,0,30,,61765,13,,,0,70,,61773,13,,,0,31,,61757,13,,,0,70,,61775,13,,,0,30,,61752,13,,,0,70,,61763,13,,,0,30,,61762,13,,,0,70,,61766,13,,,0,30,,61767,13,,,0,70,,61751,13,,,0,29,,61759,13,,,0,70,,61769,13,,,0,30,,61754,13,,,0,70,,61758,13,,,0,30,,61764,13,,,0,69,,61778,13,,,0,30,,61770,13,,,0,70,,61777,13,,,0,30,,61756,13,,,0,70,,61780,13,,,0,100,,61779,13,,,0,30,,61749,13,,,0
16019,'1969',801,,67400,13,,,0,103,,71755,13,,,0,100,,71761,13,,,0,100,,71760,13,,,0,100,,71753,13,,,0,101,,71756,13,,,0,100,,71757,13,,,0,101,,71759,13,,,0,100,,71758,13,,,0,99,,71754,13,,,0,99,,67408,13,,,0,99,,61822,13,,,0,99,,61818,13,,,0,100,,61816,13,,,0,100,,71762,13,,,0
16019,'1970',735,,74466,13,,,0,70,,74467,13,,,0,32,,74468,13,,,0,170,,74469,13,,,0,400,,74470,13,,,0,29,,74471,13,,,0,69,,74472,13,,,0,30,,74473,13,,,0,70,,74474,13,,,0,30,,74475,13,,,0,70,,74476,13,,,0,30,,74477,13,,,0,69,,74478,13,,,0,30,,74479,13,,,0,70,,74480,13,,,0,100,,74481,13,,,0,129,,74465,13,,,0
31019,'1912',558,,74568,3,,,0,90,,74551,15,,,0,100,,74552,15,,,0,100,,74553,15,,,0,100,,74554,15,,,0,100,,74555,15,,,0,99,,74556,15,,,0,100,,74557,15,,,0,100,,74558,15,,,0,100,,74559,15,,,0,100,,74560,15,,,0,100,,74561,15,,,0,100,,74562,15,,,0,100,,74563,15,,,0,101,,74564,15,,,0,100,,74565,15,,,0,100,,74566,15,,,0,100,,74567,15,,,0
31019,'1965',749,,62420,15,,,0,70,,62403,15,,,0,129,,62395,15,,,0,70,,62408,15,,,0,30,,62419,15,,,0,170,,62413,15,,,0,30,,62394,15,,,0,70,,62409,15,,,0,130,,62398,15,,,0,103,,62396,15,,,0,100,,62417,15,,,0,297,,72076,15,,,0
31019,'1966',558,,72116,3,,,0,66,,72109,3,,,0,24,,72086,15,,,0,70,,72102,15,,,0,30,,72115,15,,,0,70,,72098,15,,,0,30,,72092,15,,,0,70,,72108,15,,,0,30,,72085,15,,,0,70,,72101,15,,,0,30,,72110,15,,,0,70,,72097,15,,,0,30,,72091,15,,,0,70,,72107,15,,,0,30,,72084,15,,,0,70,,72100,15,,,0,30,,72113,15,,,0,70,,72096,15,,,0,30,,72090,15,,,0,70,,72106,15,,,0,30,,72083,15,,,0,70,,72099,15,,,0,30,,72112,15,,,0,70,,72095,15,,,0,30,,72089,15,,,0,70,,72105,15,,,0,30,,72082,15,,,0,70,,72117,15,,,0,30,,72111,15,,,0,100,,72088,15,,,0,100,,72081,15,,,0,100,,72114,15,,,0
31019,'1968',558,,62521,3,,,0,90,,62504,15,,,0,100,,62505,15,,,0,100,,62506,15,,,0,100,,62507,15,,,0,100,,62508,15,,,0,99,,62509,15,,,0,100,,62510,15,,,0,100,,62511,15,,,0,100,,62512,15,,,0,100,,62513,15,,,0,100,,62514,15,,,0,100,,62515,15,,,0,100,,62516,15,,,0,101,,62517,15,,,0,100,,62518,15,,,0,100,,62519,15,,,0,100,,62520,15,,,0
31019,'1970',557,,74593,3,,,0,66,,74588,3,,,0,25,,74570,15,,,0,71,,74580,15,,,0,130,,74574,15,,,0,69,,74584,15,,,0,200,,74579,15,,,0,30,,74575,15,,,0,200,,74586,15,,,0,70,,74577,15,,,0,103,,74583,15,,,0,100,,74581,15,,,0,97,,74578,15,,,0,30,,74573,15,,,0,70,,74582,15,,,0,30,,74571,15,,,0,70,,74594,15,,,0,130,,74576,15,,,0,100,,74572,15,,,0,100,,74585,15,,,0
31019,'1971',558,,74630,3,,,0,66,,74623,3,,,0,24,,74600,15,,,0,70,,74616,15,,,0,30,,74629,15,,,0,70,,74612,15,,,0,30,,74606,15,,,0,70,,74622,15,,,0,30,,74599,15,,,0,70,,74615,15,,,0,30,,74624,15,,,0,70,,74611,15,,,0,30,,74605,15,,,0,70,,74621,15,,,0,30,,74598,15,,,0,70,,74614,15,,,0,30,,74627,15,,,0,70,,74610,15,,,0,30,,74604,15,,,0,70,,74620,15,,,0,30,,74597,15,,,0,70,,74613,15,,,0,30,,74626,15,,,0,70,,74609,15,,,0,30,,74603,15,,,0,70,,74619,15,,,0,30,,74596,15,,,0,70,,74631,15,,,0,30,,74625,15,,,0,100,,74602,15,,,0,100,,74595,15,,,0,100,,74628,15,,,0
31019,'1972',558,,74649,3,,,0,90,,74632,15,,,0,100,,74633,15,,,0,100,,74634,15,,,0,100,,74635,15,,,0,100,,74636,15,,,0,99,,74637,15,,,0,100,,74638,15,,,0,100,,74639,15,,,0,100,,74640,15,,,0,100,,74641,15,,,0,100,,74642,15,,,0,100,,74643,15,,,0,100,,74644,15,,,0,101,,74645,15,,,0,100,,74646,15,,,0,100,,74647,15,,,0,100,,74648,15,,,0
31019,'1973',558,,74668,3,,,0,90,,74651,15,,,0,100,,74652,15,,,0,100,,74653,15,,,0,100,,74654,15,,,0,100,,74655,15,,,0,99,,74656,15,,,0,100,,74657,15,,,0,100,,74658,15,,,0,100,,74659,15,,,0,100,,74660,15,,,0,100,,74661,15,,,0,100,,74662,15,,,0,100,,74663,15,,,0,101,,74664,15,,,0,100,,74665,15,,,0,100,,74666,15,,,0,100,,74667,15,,,0
501019,'1912',617,,62927,8,,,0,30,,72182,8,,,0,67,,62926,8,,,0,30,,72181,8,,,0,70,,62929,8,,,0,30,,72183,8,,,0,71,,72180,8,,,0,30,,67874,8,,,0,70,,72174,8,,,0,30,,67866,8,,,0,73,,72173,8,,,0,30,,67867,8,,,0,70,,72176,8,,,0,30,,67868,8,,,0,70,,72172,8,,,0,30,,67873,8,,,0,70,,72171,8,,,0,30,,67872,8,,,0,70,,72170,8,,,0,30,,67869,8,,,0,70,,72169,8,,,0,30,,67871,8,,,0,70,,72175,8,,,0,30,,67870,8,,,0,68,,72179,8,,,0,30,,67878,8,,,0,70,,72178,8,,,0,30,,67881,8,,,0,69,,72177,8,,,0,30,,67853,8,,,0,70,,62923,8,,,0,30,,67879,8,,,0,69,,62922,8,,,0,30,,67880,8,,,0,70,,62921,8,,,0
501019,'1959',617,,62962,8,,,0,30,,72266,8,,,0,67,,62961,8,,,0,30,,72265,8,,,0,70,,62964,8,,,0,30,,72267,8,,,0,71,,72264,8,,,0,30,,67903,8,,,0,70,,72258,8,,,0,30,,67895,8,,,0,73,,72257,8,,,0,30,,67896,8,,,0,70,,72260,8,,,0,30,,67897,8,,,0,70,,72256,8,,,0,30,,67902,8,,,0,70,,72255,8,,,0,30,,67901,8,,,0,70,,72254,8,,,0,30,,67898,8,,,0,70,,72253,8,,,0,30,,67900,8,,,0,70,,72259,8,,,0,30,,67899,8,,,0,68,,72263,8,,,0,30,,67907,8,,,0,70,,72262,8,,,0,30,,67910,8,,,0,69,,72261,8,,,0,30,,67882,8,,,0,70,,62958,8,,,0,30,,67908,8,,,0,69,,62957,8,,,0,30,,67909,8,,,0,70,,62956,8,,,0
501019,'1965',522,,62835,2,,,0,93,,62836,8,,,0,30,,72199,8,,,0,76,,62838,8,,,0,24,,72200,8,,,0,76,,72202,8,,,0,24,,72203,8,,,0,104,,67965,8,,,0,70,,72206,8,,,0,30,,72207,8,,,0,70,,72208,8,,,0,30,,72209,8,,,0,70,,67966,8,,,0,100,,72211,8,,,0,30,,72212,8,,,0,70,,72213,8,,,0,26,,67968,8,,,0,12,,72214,8,,,0,62,,72215,8,,,0,24,,72216,8,,,0,12,,72217,8,,,0,64,,72218,8,,,0,24,,72219,8,,,0,12,,62862,8,,,0,87,,67974,8,,,0,12,,72221,8,,,0,94,,67977,8,,,0,70,,72222,8,,,0,98,,62870,8,,,0,30,,72223,8,,,0,69,,67980,8,,,0,30,,72224,8,,,0,70,,67982,8,,,0,30,,72225,8,,,0,70,,62876,8,,,0
501019,'1966',648,,72233,8,,,0,267,,72227,8,,,0,102,,72237,8,,,0,32,,72247,8,,,0,70,,72238,8,,,0,30,,72248,8,,,0,70,,72239,8,,,0,30,,72249,8,,,0,70,,72240,8,,,0,30,,72250,8,,,0,70,,72241,8,,,0,30,,72251,8,,,0,70,,72242,8,,,0,30,,72252,8,,,0,70,,72243,8,,,0,30,,72245,8,,,0,70,,72244,8,,,0,30,,72246,8,,,0,70,,72226,8,,,0,28,,72236,8,,,0,98,,72234,8,,,0,100,,72235,8,,,0
501019,'1967',618,,72230,8,,,0,97,,72229,8,,,0,30,,72232,8,,,0,70,,72228,8,,,0,30,,67831,8,,,0,100,,72231,8,,,0,970,,62881,8,,,0,100,,62880,8,,,0,100,,62879,8,,,0,30,,67832,8,,,0,70,,62878,8,,,0,30,,67833,8,,,0,69,,62877,8,,,0
501019,'1969',617,,62997,8,,,0,30,,72197,8,,,0,67,,62996,8,,,0,30,,72196,8,,,0,70,,62999,8,,,0,30,,72198,8,,,0,71,,72195,8,,,0,30,,67932,8,,,0,70,,72189,8,,,0,30,,67924,8,,,0,73,,72188,8,,,0,30,,67925,8,,,0,70,,72191,8,,,0,30,,67926,8,,,0,70,,72187,8,,,0,30,,67931,8,,,0,70,,72186,8,,,0,30,,67930,8,,,0,70,,72185,8,,,0,30,,67927,8,,,0,70,,72184,8,,,0,30,,67929,8,,,0,70,,72190,8,,,0,30,,67928,8,,,0,68,,72194,8,,,0,30,,67936,8,,,0,70,,72193,8,,,0,30,,67939,8,,,0,69,,72192,8,,,0,30,,67911,8,,,0,70,,62993,8,,,0,30,,67937,8,,,0,69,,62992,8,,,0,30,,67938,8,,,0,70,,62991,8,,,0
501019,'1970',809,,74801,8,,,0,99,,74802,8,,,0,11,,74803,8,,,0,330,,74804,8,,,0,470,,74805,8,,,0,101,,74806,8,,,0,126,,74807,8,,,0
501019,'1971',648,,74810,8,,,0,267,,74809,8,,,0,102,,74814,8,,,0,32,,74824,8,,,0,70,,74815,8,,,0,30,,74825,8,,,0,70,,74816,8,,,0,30,,74826,8,,,0,70,,74817,8,,,0,30,,74827,8,,,0,70,,74818,8,,,0,30,,74828,8,,,0,70,,74819,8,,,0,30,,74829,8,,,0,70,,74820,8,,,0,30,,74822,8,,,0,70,,74821,8,,,0,30,,74823,8,,,0,70,,74808,8,,,0,28,,74813,8,,,0,98,,74811,8,,,0,100,,74812,8,,,0
