10029,'1909',1002,,60789,35,,,0,957,,60809,35,,,0,95,,60811,35,,,0,100,,60813,35,,,0,100,,60814,35,,,0
10029,'1910',1928,,66855,35,,,0,28,,60815,35,,,0,100,,66856,35,,,0,100,,60842,35,,,0
10029,'1912',826,,60857,35,,,0,30,,66871,35,,,0,70,,60859,35,,,0,30,,66872,35,,,0,70,,60861,35,,,0,30,,71396,35,,,0,70,,71397,35,,,0,30,,71398,35,,,0,71,,71399,35,,,0,32,,71400,35,,,0,70,,71387,35,,,0,30,,71390,35,,,0,70,,71384,35,,,0,30,,71389,35,,,0,70,,71388,35,,,0,30,,71391,35,,,0,70,,71385,35,,,0,30,,71392,35,,,0,70,,66860,35,,,0,30,,71393,35,,,0,69,,71386,35,,,0,28,,71394,35,,,0,70,,66858,35,,,0,30,,71395,35,,,0
10029,'1924',826,,60881,35,,,0,30,,66892,35,,,0,70,,60883,35,,,0,30,,66893,35,,,0,70,,60885,35,,,0,703,,66881,35,,,0,197,,66879,35,,,0
10029,'1925',826,,60905,35,,,0,30,,66913,35,,,0,70,,60907,35,,,0,30,,66914,35,,,0,70,,60909,35,,,0,30,,71413,35,,,0,70,,71414,35,,,0,30,,71415,35,,,0,71,,71416,35,,,0,32,,71417,35,,,0,70,,71404,35,,,0,30,,71407,35,,,0,70,,71401,35,,,0,30,,71406,35,,,0,70,,71405,35,,,0,30,,71408,35,,,0,70,,71402,35,,,0,30,,71409,35,,,0,70,,66902,35,,,0,30,,71410,35,,,0,69,,71403,35,,,0,28,,71411,35,,,0,70,,66900,35,,,0,30,,71412,35,,,0
10029,'1949',1432,,66940,35,,,0
10029,'1955',726,,60816,35,,,0,30,,66833,35,,,0,70,,66834,35,,,0,30,,66835,35,,,0,70,,60820,35,,,0,30,,66836,35,,,0,71,,66837,35,,,0,32,,66838,35,,,0,70,,66839,35,,,0,30,,66840,35,,,0,70,,66841,35,,,0,30,,66842,35,,,0,70,,66843,35,,,0,30,,66844,35,,,0,70,,66845,35,,,0,30,,66846,35,,,0,70,,66847,35,,,0,30,,66848,35,,,0,70,,66849,35,,,0,30,,66850,35,,,0,70,,66851,35,,,0,30,,66852,35,,,0,70,,66853,35,,,0,30,,66854,35,,,0
10029,'1956',1056,,66894,35,,,0,70,,66895,35,,,0,30,,66896,35,,,0,71,,66897,35,,,0,32,,66898,35,,,0,70,,66883,35,,,0,30,,66886,35,,,0,70,,66878,35,,,0,30,,66885,35,,,0,70,,66884,35,,,0,30,,66887,35,,,0,70,,66880,35,,,0,30,,66888,35,,,0,100,,66889,35,,,0,69,,66882,35,,,0,28,,66890,35,,,0,100,,66891,35,,,0
10029,'1957',625,,71418,35,,,0,30,,71419,35,,,0,80,,71420,35,,,0,70,,71421,35,,,0,30,,71422,35,,,0,70,,71423,35,,,0,27,,71424,35,,,0,100,,71425,35,,,0,70,,71426,35,,,0,30,,71427,35,,,0,70,,71428,35,,,0,30,,71429,35,,,0,70,,71430,35,,,0,30,,71431,35,,,0,70,,71432,35,,,0,101,,71433,35,,,0,35,,71434,35,,,0,70,,71435,35,,,0,30,,71436,35,,,0,70,,71437,35,,,0,29,,71438,35,,,0,67,,71439,35,,,0,25,,71440,35,,,0,30,,71441,35,,,0,70,,71442,35,,,0,100,,71443,35,,,0,95,,71444,35,,,0
10029,'1958',726,,71445,35,,,0,30,,71446,35,,,0,70,,71447,35,,,0,30,,71448,35,,,0,70,,71449,35,,,0,30,,71450,35,,,0,71,,71451,35,,,0,32,,71452,35,,,0,70,,71453,35,,,0,30,,71454,35,,,0,70,,71455,35,,,0,30,,71456,35,,,0,70,,71457,35,,,0,30,,71458,35,,,0,70,,71459,35,,,0,30,,71460,35,,,0,70,,71461,35,,,0,30,,71462,35,,,0,70,,71463,35,,,0,30,,71464,35,,,0,70,,71465,35,,,0,30,,71466,35,,,0,70,,71467,35,,,0,30,,71468,35,,,0
10029,'1959',1056,,71481,35,,,0,70,,71482,35,,,0,30,,71483,35,,,0,71,,71484,35,,,0,32,,71485,35,,,0,70,,71472,35,,,0,30,,71475,35,,,0,70,,71469,35,,,0,30,,71474,35,,,0,70,,71473,35,,,0,30,,71476,35,,,0,70,,71470,35,,,0,30,,71477,35,,,0,100,,71478,35,,,0,69,,71471,35,,,0,28,,71479,35,,,0,100,,71480,35,,,0
