15019,'1909',646,,61509,24,,,0,873,,61526,24,,,0,299,,61532,24,,,0
15019,'1910',920,,61542,24,,,0,302,,61545,24,,,0,202,,61547,24,,,0,100,,61548,24,,,0,100,,61549,24,,,0,100,,67300,24,,,0,98,,61551,24,,,0
15019,'1912',720,,61566,24,,,0,100,,61564,24,,,0,100,,61567,24,,,0,101,,61565,24,,,0,100,,61562,24,,,0,100,,61560,24,,,0,102,,61563,24,,,0,100,,61561,24,,,0,100,,61558,24,,,0,100,,61559,24,,,0,100,,61556,24,,,0,100,,61557,24,,,0,100,,61555,24,,,0,97,,71673,24,,,0
15019,'1924',720,,61580,24,,,0,100,,61578,24,,,0,100,,61581,24,,,0,101,,61579,24,,,0,100,,61576,24,,,0,100,,61574,24,,,0,102,,61577,24,,,0,100,,61575,24,,,0,100,,61572,24,,,0,100,,61573,24,,,0,100,,61570,24,,,0,100,,61571,24,,,0,100,,61569,24,,,0
15019,'1925',720,,61594,24,,,0,100,,61592,24,,,0,100,,61595,24,,,0,101,,61593,24,,,0,100,,61590,24,,,0,100,,61588,24,,,0,102,,61591,24,,,0,100,,61589,24,,,0,100,,61586,24,,,0,100,,61587,24,,,0,100,,61584,24,,,0,100,,61585,24,,,0,100,,61583,24,,,0,97,,71674,24,,,0
15019,'1949',748,,67326,24,,,0,1498,,67335,24,0,5 2 6 7,0
15019,'1955',720,,67295,24,,,0,100,,67296,24,,,0,202,,67297,24,,,0,100,,67298,24,,,0,202,,67299,24,,,0,598,,67301,24,,,0,98,,67302,24,,,0
15019,'1956',2020,,67305,24,,,0
15019,'1957',716,,71675,24,,,0,102,,71676,24,,,0,30,,71677,24,,,0,70,,71678,24,,,0,30,,71679,24,,,0,70,,71680,24,,,0,30,,71681,24,,,0,70,,71682,24,,,0,30,,71683,24,,,0,70,,71684,24,,,0,30,,71685,24,,,0,70,,71686,24,,,0,30,,71687,24,,,0,70,,71688,24,,,0,31,,71689,24,,,0,100,,71690,24,,,0,70,,71691,24,,,0,29,,71692,24,,,0,70,,71693,24,,,0,30,,71694,24,,,0,100,,71695,24,,,0,70,,71699,24,,,0,30,,71696,24,,,0,98,,71697,24,,,0,100,,71698,24,,,0
15019,'1958',720,,71700,24,,,0,100,,71701,24,,,0,202,,71702,24,,,0,100,,71703,24,,,0,202,,71704,24,,,0,598,,71705,24,,,0,98,,71706,24,,,0
15019,'1959',2020,,71708,24,,,0
