4029,'1838',719,,35575,3,,,0,30,,51732,3,,,0,70,,35573,3,,,0,30,,44173,3,,,0,70,,51731,3,,,0,30,,35566,3,,,0,68,,44168,3,,,0,30,,44160,3,,,0,70,,44163,3,,,0,30,,35562,3,,,0,69,,44166,3,,,0,30,,35567,3,,,0,70,,44161,3,,,0,30,,35558,3,,,0,70,,44164,3,,,0,30,,35564,3,,,0,70,,44167,3,,,0,30,,35556,3,,,0,70,,44162,3,,,0,30,,35560,3,,,0,70,,44165,3,,,0,30,,51734,3,,,0,70,,44176,3,,,0,34,,44178,3,,,0,70,,51733,3,,,0,30,,44171,3,,,0,70,,44175,3,,,0,30,,44169,3,,,0,100,,44170,3,,,0
4029,'1897',619,,48875,3,,,0,30,,48876,3,,,0,71,,48877,3,,,0,25,,48878,3,,,0,76,,48879,3,,,0,24,,48880,3,,,0,71,,48881,3,,,0,30,,48882,3,,,0,70,,48883,3,,,0,30,,48884,3,,,0,70,,48885,3,,,0,30,,48886,3,,,0,70,,48887,3,,,0,30,,48888,3,,,0,70,,48889,3,,,0,30,,48890,3,,,0,70,,48891,3,,,0,35,,48892,3,,,0,65,,48893,3,,,0,36,,48894,3,,,0,64,,48895,3,,,0,36,,48896,3,,,0,64,,48897,3,,,0,36,,48898,3,,,0,67,,48899,3,,,0,29,,48900,3,,,0,70,,48901,3,,,0,30,,48902,3,,,0,72,,48903,3,,,0,30,,48904,3,,,0,70,,48905,3,,,0,30,,48906,3,,,0
4029,'1898',621,,48931,3,,,0,28,,48932,3,,,0,70,,48933,3,,,0,30,,48934,3,,,0,70,,48935,3,,,0,30,,48936,3,,,0,70,,48937,3,,,0,30,,48924,3,,,0,70,,48918,3,,,0,28,,48911,3,,,0,70,,48922,3,,,0,29,,48928,3,,,0,70,,48923,3,,,0,30,,48910,3,,,0,70,,48915,3,,,0,30,,48926,3,,,0,70,,48909,3,,,0,30,,48925,3,,,0,70,,48920,3,,,0,30,,48912,3,,,0,70,,48907,3,,,0,30,,48927,3,,,0,70,,48930,3,,,0,30,,48921,3,,,0,70,,48916,3,,,0,29,,48938,3,,,0,75,,48913,3,,,0,30,,48908,3,,,0,70,,48914,3,,,0,30,,48919,3,,,0,70,,48929,3,,,0,30,,48917,3,,,0
4029,'1899',719,,51756,3,,,0,30,,51758,3,,,0,70,,51754,3,,,0,30,,51757,3,,,0,70,,51755,3,,,0,30,,51747,3,,,0,68,,51750,3,,,0,30,,51735,3,,,0,70,,51740,3,,,0,30,,51743,3,,,0,69,,51746,3,,,0,30,,51748,3,,,0,70,,51736,3,,,0,30,,51739,3,,,0,70,,51742,3,,,0,30,,51745,3,,,0,70,,51749,3,,,0,30,,51737,3,,,0,70,,51738,3,,,0,30,,51741,3,,,0,70,,51744,3,,,0,30,,51762,3,,,0,70,,51761,3,,,0,34,,51763,3,,,0,70,,51760,3,,,0,30,,51753,3,,,0,70,,51759,3,,,0,30,,51751,3,,,0,100,,51752,3,,,0
7029,'1838',704,,51861,3,,,0,100,,51862,3,,,0,100,,51863,3,,,0,100,,51864,3,,,0,100,,51865,3,,,0,100,,51866,3,,,0,100,,51867,3,,,0,100,,51868,3,,,0,100,,51869,3,,,0,100,,51870,3,,,0,100,,51871,3,,,0,100,,51872,3,,,0,100,,51873,3,,,0,100,,51874,3,,,0,100,,51860,3,,,0
7029,'1897',504,,49158,3,,,0,100,,49159,3,,,0,30,,49160,3,,,0,70,,49161,3,,,0,30,,49162,3,,,0,70,,49163,3,,,0,30,,49164,3,,,0,70,,49165,3,,,0,30,,49166,3,,,0,70,,49167,3,,,0,30,,49168,3,,,0,70,,49169,3,,,0,30,,49170,3,,,0,70,,49154,3,,,0,30,,49155,3,,,0,70,,49156,3,,,0,31,,49153,3,,,0,70,,49152,3,,,0,30,,49157,3,,,0,70,,49171,3,,,0,30,,49172,3,,,0,70,,49173,3,,,0,29,,49174,3,,,0,70,,49175,3,,,0,30,,49176,3,,,0,70,,49177,3,,,0,30,,49178,3,,,0,70,,49179,3,,,0,30,,49180,3,,,0,70,,49181,3,,,0,100,,49182,3,,,0,100,,49183,3,,,0,100,,49184,3,,,0,30,,49185,3,0,13 14,0
7029,'1898',635,,49186,3,,,0,70,,49200,3,,,0,30,,49187,3,,,0,69,,49201,3,,,0,30,,49188,3,,,0,70,,49202,3,,,0,30,,49189,3,,,0,70,,49203,3,,,0,30,,49190,3,,,0,70,,49204,3,,,0,30,,49191,3,,,0,70,,49205,3,,,0,30,,49192,3,,,0,70,,49206,3,,,0,30,,49193,3,,,0,70,,49207,3,,,0,30,,49194,3,,,0,70,,49208,3,,,0,30,,49195,3,,,0,70,,49209,3,,,0,30,,49196,3,,,0,70,,49210,3,,,0,30,,49197,3,,,0,70,,49211,3,,,0,30,,49198,3,,,0,70,,49212,3,,,0,30,,49199,3,,,0,70,,49213,3,,,0,100,,49214,3,,,0,100,,49215,3,,,0,100,,49216,3,,,0,30,,49218,3,0,13 14,0
7029,'1899',704,,51876,3,,,0,100,,51877,3,,,0,100,,51878,3,,,0,100,,51879,3,,,0,100,,51880,3,,,0,100,,51881,3,,,0,100,,51882,3,,,0,100,,51883,3,,,0,100,,51884,3,,,0,100,,51885,3,,,0,100,,51886,3,,,0,100,,51887,3,,,0,100,,51888,3,,,0,100,,51889,3,,,0,100,,51875,3,,,0,230,,51890,3,0,13 14,0
13019,'1838',805,,51976,10,,,0,100,,44894,10,,,0,100,,36662,10,,,0,101,,36663,10,,,0,100,,36664,10,,,0,100,,44895,10,,,0,100,,36666,10,,,0,100,,36667,10,,,0,100,,36668,10,,,0,99,,36669,10,,,0,100,,36670,10,,,0,100,,36671,10,,,0,99,,42510,10,,,0,100,,44896,10,,,0,100,,51975,10,,,0
13019,'1897',615,,49532,10,,,0,30,,49533,10,,,0,70,,49534,10,,,0,30,,49535,10,,,0,96,,49536,10,,,0,100,,49537,10,,,0,100,,49538,10,,,0,100,,49539,10,,,0,100,,49540,10,,,0,100,,49541,10,,,0,70,,49542,10,,,0,31,,49543,10,,,0,70,,49544,10,,,0,31,,49554,10,,,0,70,,49545,10,,,0,30,,49555,10,,,0,70,,49546,10,,,0,30,,49553,10,,,0,99,,49547,10,,,0,100,,49552,10,,,0,99,,49551,10,,,0,98,,49550,10,,,0,100,,49549,10,,,0
13019,'1898',704,,49556,10,,,0,101,,49557,10,,,0,100,,49558,10,,,0,100,,49559,10,,,0,101,,49560,10,,,0,100,,49561,10,,,0,100,,49562,10,,,0,100,,49563,10,,,0,100,,49564,10,,,0,100,,49565,10,,,0,99,,49566,10,,,0,100,,49567,10,,,0,100,,49568,10,,,0,99,,49569,10,,,0,100,,49570,10,,,0,200,,49571,10,,,0
13019,'1899',805,,51978,10,,,0,100,,51979,10,,,0,100,,51980,10,,,0,101,,51981,10,,,0,100,,51982,10,,,0,100,,51983,10,,,0,100,,51984,10,,,0,100,,51985,10,,,0,100,,51986,10,,,0,99,,51987,10,,,0,100,,51988,10,,,0,100,,51989,10,,,0,99,,51990,10,,,0,100,,51991,10,,,0,100,,51977,10,,,0
501019,'1838',607,,45632,2,,,0,30,,45645,2,,,0,67,,45631,2,,,0,30,,45644,2,,,0,70,,45634,2,,,0,30,,45646,2,,,0,70,,38590,2,,,0,30,,52406,2,,,0,71,,52394,2,,,0,30,,52398,2,,,0,70,,45623,2,,,0,30,,52399,2,,,0,70,,45626,2,,,0,30,,52400,2,,,0,70,,45622,2,,,0,30,,52405,2,,,0,70,,45621,2,,,0,30,,52404,2,,,0,70,,45620,2,,,0,30,,52401,2,,,0,70,,45619,2,,,0,30,,52403,2,,,0,70,,45625,2,,,0,30,,52402,2,,,0,70,,45633,2,,,0,30,,52407,2,,,0,69,,45630,2,,,0,30,,38606,2,,,0,70,,45629,2,,,0,30,,52393,2,,,0,70,,52397,2,,,0,30,,52408,2,,,0,70,,52396,2,,,0,30,,52409,2,,,0,70,,52395,2,,,0
501019,'1897',604,,50275,2,,,0,30,,50276,2,,,0,74,,50277,2,,,0,24,,50278,2,,,0,24,,50279,2,,,0,52,,50280,2,,,0,24,,50281,2,,,0,22,,50282,2,,,0,51,,50283,2,,,0,30,,50284,2,,,0,70,,50285,2,,,0,30,,50286,2,,,0,70,,50287,2,,,0,30,,50288,2,,,0,70,,50289,2,,,0,30,,50290,2,,,0,70,,50291,2,,,0,30,,50292,2,,,0,70,,50293,2,,,0,26,,50294,2,,,0,12,,50295,2,,,0,62,,50296,2,,,0,24,,50297,2,,,0,12,,50298,2,,,0,64,,50299,2,,,0,24,,50300,2,,,0,12,,50301,2,,,0,64,,50302,2,,,0,24,,50303,2,,,0,12,,50304,2,,,0,66,,50305,2,,,0,28,,50306,2,,,0,70,,50307,2,,,0,30,,50308,2,,,0,70,,50309,2,,,0,30,,50310,2,,,0,69,,50311,2,,,0,30,,50312,2,,,0,70,,50313,2,,,0,30,,50314,2,,,0,70,,50315,2,,,0
501019,'1898',607,,50325,2,,,0,30,,50328,2,,,0,67,,50324,2,,,0,30,,50327,2,,,0,70,,50323,2,,,0,30,,50329,2,,,0,70,,50322,2,,,0,30,,50326,2,,,0,71,,50335,2,,,0,30,,50345,2,,,0,70,,50336,2,,,0,30,,50346,2,,,0,70,,50337,2,,,0,30,,50347,2,,,0,70,,50338,2,,,0,30,,50348,2,,,0,70,,50339,2,,,0,30,,50349,2,,,0,70,,50340,2,,,0,30,,50350,2,,,0,70,,50341,2,,,0,30,,50343,2,,,0,70,,50342,2,,,0,30,,50344,2,,,0,70,,50321,2,,,0,30,,50334,2,,,0,70,,50320,2,,,0,30,,50332,2,,,0,69,,50319,2,,,0,30,,50333,2,,,0,70,,50318,2,,,0,30,,50330,2,,,0,70,,50317,2,,,0,30,,50331,2,,,0,70,,50316,2,,,0
501019,'1899',607,,52425,2,,,0,30,,52439,2,,,0,67,,52424,2,,,0,30,,52438,2,,,0,70,,52427,2,,,0,30,,52440,2,,,0,70,,52428,2,,,0,30,,52437,2,,,0,71,,52416,2,,,0,30,,52429,2,,,0,70,,52415,2,,,0,30,,52430,2,,,0,70,,52418,2,,,0,30,,52431,2,,,0,70,,52414,2,,,0,30,,52436,2,,,0,70,,52413,2,,,0,30,,52435,2,,,0,70,,52412,2,,,0,30,,52432,2,,,0,70,,52411,2,,,0,30,,52434,2,,,0,70,,52417,2,,,0,30,,52433,2,,,0,70,,52426,2,,,0,30,,52441,2,,,0,69,,52423,2,,,0,30,,52444,2,,,0,70,,52422,2,,,0,30,,52410,2,,,0,70,,52421,2,,,0,30,,52442,2,,,0,70,,52420,2,,,0,30,,52443,2,,,0,70,,52419,2,,,0
20007019,'1838',634,,52953,3,,,0,200,,52949,3,,,0,100,,48439,3,,,0,100,,41918,3,,,0,100,,41919,3,,,0,100,,41920,3,,,0,100,,48440,3,,,0,100,,41922,3,,,0,100,,41923,3,,,0,100,,41924,3,,,0,100,,41925,3,,,0,100,,41926,3,,,0,100,,41927,3,,,0,99,,43939,3,,,0,100,,48441,3,,,0,70,,52951,3,,,0,30,,52950,3,,,0,70,,52948,3,,,0,30,,52952,3,,,0
20007019,'1897',539,,51487,3,,,0,1494,,51488,3,,,0,100,,51489,3,,,0,100,,51490,3,,,0,200,,51491,3,,,0
20007019,'1898',2033,,51492,3,,,0,100,,51493,3,,,0,100,,51494,3,,,0
20007019,'1899',634,,52969,3,,,0,200,,52955,3,,,0,100,,52956,3,,,0,100,,52957,3,,,0,100,,52958,3,,,0,100,,52959,3,,,0,100,,52960,3,,,0,100,,52961,3,,,0,100,,52962,3,,,0,100,,52963,3,,,0,100,,52964,3,,,0,100,,52965,3,,,0,100,,52966,3,,,0,99,,52967,3,,,0,100,,52968,3,,,0,70,,52971,3,,,0,30,,52970,3,,,0,70,,52954,3,,,0
14000001019,'1838',2358,,52974,5,,,0,70,,52973,5,,,0,30,,52978,5,,,0,70,,52975,5,,,0,30,,52976,5,,,0
14000001019,'1897',2358,,51500,5,,,0,70,,51497,5,,,0,30,,51501,5,,,0,70,,51499,5,,,0,30,,51498,5,,,0
14000001019,'1898',2358,,51508,5,,,0,70,,51509,5,,,0,30,,51510,5,,,0,70,,51511,5,,,0,30,,51506,5,,,0
14000001019,'1899',2358,,52979,5,,,0,70,,52981,5,,,0,30,,52982,5,,,0,70,,52983,5,,,0,30,,52984,5,,,0
