4019,'1912',812,,70650,16,,,0,30,,59832,16,,,0,70,,70649,16,,,0,30,,70651,16,,,0,72,,59830,16,,,0,30,,66070,16,,,0,70,,70638,16,,,0,30,,70642,16,,,0,70,,70645,16,,,0,31,,70631,16,,,0,69,,70634,16,,,0,30,,70637,16,,,0,69,,70641,16,,,0,30,,70643,16,,,0,70,,70630,16,,,0,30,,70633,16,,,0,70,,70636,16,,,0,30,,70640,16,,,0,69,,70644,16,,,0,31,,70629,16,,,0,70,,70632,16,,,0,29,,70635,16,,,0,70,,70639,16,,,0,30,,70648,16,,,0,70,,70652,16,,,0,30,,70646,16,,,0,70,,70653,16,,,0,30,,70647,16,,,0
4019,'1959',812,,70763,16,,,0,30,,59860,16,,,0,70,,70762,16,,,0,30,,70764,16,,,0,72,,59858,16,,,0,30,,66096,16,,,0,70,,70751,16,,,0,30,,70755,16,,,0,70,,70758,16,,,0,31,,70744,16,,,0,69,,70747,16,,,0,30,,70750,16,,,0,69,,70754,16,,,0,30,,70756,16,,,0,70,,70743,16,,,0,30,,70746,16,,,0,70,,70749,16,,,0,30,,70753,16,,,0,69,,70757,16,,,0,31,,70742,16,,,0,70,,70745,16,,,0,29,,70748,16,,,0,70,,70752,16,,,0,30,,70761,16,,,0,70,,70765,16,,,0,30,,70759,16,,,0,70,,70766,16,,,0,30,,70760,16,,,0
4019,'1967',712,,74182,16,,,0,30,,74176,16,,,0,71,,70712,16,,,0,30,,74177,16,,,0,70,,74181,16,,,0,30,,70727,16,,,0,72,,66037,16,,,0,30,,70737,16,,,0,71,,70715,16,,,0,30,,70734,16,,,0,70,,70729,16,,,0,30,,70722,16,,,0,70,,70735,16,,,0,30,,70738,16,,,0,70,,70714,16,,,0,30,,70724,16,,,0,70,,70713,16,,,0,30,,70718,16,,,0,70,,70736,16,,,0,30,,70733,16,,,0,69,,70730,16,,,0,30,,70719,16,,,0,70,,70739,16,,,0,30,,70740,16,,,0,67,,70711,16,,,0,30,,70725,16,,,0,70,,70723,16,,,0,30,,74180,16,,,0,70,,70716,16,,,0,30,,74178,16,,,0,70,,70720,16,,,0,30,,74179,16,,,0
4019,'1969',812,,70675,16,,,0,30,,59888,16,,,0,70,,70674,16,,,0,30,,70676,16,,,0,72,,59886,16,,,0,30,,66122,16,,,0,70,,70663,16,,,0,30,,70667,16,,,0,70,,70670,16,,,0,31,,70656,16,,,0,69,,70659,16,,,0,30,,70662,16,,,0,69,,70666,16,,,0,30,,70668,16,,,0,70,,70655,16,,,0,30,,70658,16,,,0,70,,70661,16,,,0,30,,70665,16,,,0,69,,70669,16,,,0,31,,70654,16,,,0,70,,70657,16,,,0,29,,70660,16,,,0,70,,70664,16,,,0,30,,70673,16,,,0,70,,70677,16,,,0,30,,70671,16,,,0,70,,70678,16,,,0,30,,70672,16,,,0
4019,'1976',642,,74174,16,,,0,71,,70710,16,,,0,30,,70685,16,,,0,67,,70686,16,,,0,36,,70687,16,,,0,64,,70688,16,,,0,36,,70689,16,,,0,68,,70690,16,,,0,29,,70691,16,,,0,70,,70692,16,,,0,31,,70693,16,,,0,72,,70694,16,,,0,30,,70695,16,,,0,70,,74175,16,,,0,30,,70697,16,,,0,71,,70698,16,,,0,30,,70699,16,,,0,76,,70700,16,,,0,30,,70701,16,,,0,71,,70702,16,,,0,24,,70703,16,,,0,73,,70704,16,,,0,22,,70705,16,,,0,75,,70706,16,,,0,20,,70707,16,,,0,75,,70708,16,,,0,29,,70709,16,,,0,70,,74171,16,,,0,30,,74172,16,,,0,69,,70681,16,,,0,30,,74173,16,,,0,70,,66173,16,,,0,30,,70683,16,,,0
4019,'1977',642,,75214,16,,,0,71,,75240,16,,,0,30,,75215,16,,,0,67,,75216,16,,,0,36,,75217,16,,,0,64,,75218,16,,,0,36,,75219,16,,,0,68,,75220,16,,,0,29,,75221,16,,,0,70,,75222,16,,,0,31,,75223,16,,,0,72,,75224,16,,,0,30,,75225,16,,,0,70,,75226,16,,,0,30,,75227,16,,,0,71,,75228,16,,,0,30,,75229,16,,,0,76,,75230,16,,,0,30,,75231,16,,,0,71,,75232,16,,,0,24,,75233,16,,,0,73,,75234,16,,,0,22,,75235,16,,,0,75,,75236,16,,,0,20,,75237,16,,,0,75,,75238,16,,,0,29,,75239,16,,,0,70,,75208,16,,,0,30,,75209,16,,,0,69,,75210,16,,,0,30,,75211,16,,,0,70,,75212,16,,,0,30,,75213,16,,,0
7019,'1912',558,,71129,11,,,0,70,,60458,11,,,0,30,,60459,11,,,0,68,,66560,11,,,0,30,,60448,30,,,0,71,,66571,15,,,0,30,,60449,30,,,0,73,,71124,15,,,0,27,,60457,30,,,0,75,,71128,15,,,0,68,,60450,30,,,0,32,,71123,15,,,0,68,,60451,30,,,0,32,,71127,15,,,0,68,,60452,30,,,0,33,,71122,15,,,0,67,,60453,30,,,0,33,,71126,15,,,0,68,,60454,30,,,0,33,,71121,15,,,0,67,,60455,30,,,0,33,,71125,15,,,0,66,,60456,30,,,0,33,,71120,15,,,0,67,,60444,30,,,0,32,,66566,15,,,0,27,,60445,30,,,0,70,,60466,15,,,0,27,,60443,30,,,0,71,,60467,15,,,0,28,,60447,30,,,0,72,,60474,15,,,0,28,,60446,30,,,0,70,,60477,11,,,0,30,,60476,11,,,0
7019,'1959',558,,71200,11,,,0,70,,60493,11,,,0,30,,60494,11,,,0,68,,66573,11,,,0,30,,60483,30,,,0,71,,66584,15,,,0,30,,60484,30,,,0,73,,71195,15,,,0,27,,60492,30,,,0,75,,71199,15,,,0,68,,60485,30,,,0,32,,71194,15,,,0,68,,60486,30,,,0,32,,71198,15,,,0,68,,60487,30,,,0,33,,71193,15,,,0,67,,60488,30,,,0,33,,71197,15,,,0,68,,60489,30,,,0,33,,71192,15,,,0,67,,60490,30,,,0,33,,71196,15,,,0,66,,60491,30,,,0,33,,71191,15,,,0,67,,60479,30,,,0,32,,66579,15,,,0,27,,60480,30,,,0,70,,60501,15,,,0,27,,60478,30,,,0,71,,60502,15,,,0,28,,60482,30,,,0,72,,60509,15,,,0,28,,60481,30,,,0,70,,60512,11,,,0,30,,60511,11,,,0
7019,'1967',628,,66558,11,,,0,28,,71181,30,,,0,70,,74315,30,,,0,30,,71182,30,,,0,70,,71176,30,,,0,32,,74316,30,,,0,70,,71177,30,,,0,30,,71183,30,,,0,74,,71178,30,,,0,70,,71184,30,,,0,30,,66542,30,,,0,70,,74317,30,,,0,30,,71179,30,,,0,70,,71185,30,,,0,30,,71180,30,,,0,70,,60428,30,,,0,30,,66551,30,,,0,70,,74318,30,,,0,30,,71187,30,,,0,70,,60430,30,,,0,30,,71186,30,,,0,68,,66550,30,,,0,30,,71188,30,,,0,70,,60432,30,,,0,30,,71190,30,,,0,29,,71172,30,,,0,68,,71189,30,,,0,30,,74313,30,,,0,68,,66556,30,,,0,30,,60411,30,,,0,70,,66559,11,,,0,30,,60412,30,,,0,70,,60442,15,,,0,30,,74314,30,,,0
7019,'1969',558,,71139,11,,,0,70,,60528,11,,,0,30,,60529,11,,,0,68,,66586,11,,,0,30,,60518,30,,,0,71,,66597,15,,,0,30,,60519,30,,,0,73,,71134,15,,,0,27,,60527,30,,,0,75,,71138,15,,,0,68,,60520,30,,,0,32,,71133,15,,,0,68,,60521,30,,,0,32,,71137,15,,,0,68,,60522,30,,,0,33,,71132,15,,,0,67,,60523,30,,,0,33,,71136,15,,,0,68,,60524,30,,,0,33,,71131,15,,,0,67,,60525,30,,,0,33,,71135,15,,,0,66,,60526,30,,,0,33,,71130,15,,,0,67,,60514,30,,,0,32,,66592,15,,,0,27,,60515,30,,,0,70,,60536,15,,,0,27,,60513,30,,,0,71,,60537,15,,,0,28,,60517,30,,,0,72,,60544,15,,,0,28,,60516,30,,,0,70,,60547,11,,,0,30,,60546,11,,,0
7019,'1976',520,,74311,11,,,0,36,,60398,30,,,0,103,,60397,30,,,0,72,,74307,30,,,0,72,,71161,30,,,0,33,,74306,30,,,0,67,,71159,30,,,0,31,,74305,30,,,0,70,,71157,30,,,0,30,,71158,30,,,0,70,,71156,30,,,0,30,,71154,30,,,0,70,,71166,30,,,0,30,,74310,30,,,0,70,,74309,30,,,0,30,,74308,30,,,0,70,,71147,30,,,0,32,,74304,30,,,0,74,,74299,30,,,0,11,,74312,15,,,0,22,,71145,30,,,0,13,,71168,11,,,0,53,,71152,30,,,0,30,,74303,30,,,0,70,,74302,30,,,0,26,,71144,30,,,0,67,,71143,30,,,0,30,,71142,30,,,0,70,,74301,30,,,0,29,,74300,30,,,0,27,,60375,30,,,0,70,,71148,30,,,0,30,,60374,30,,,0,97,,71141,30,,,0,70,,71170,15,,,0,29,,60373,30,,,0,100,,71171,30,,,0
7019,'1977',520,,75367,11,,,0,36,,75361,30,,,0,103,,75360,30,,,0,72,,75362,30,,,0,72,,75359,30,,,0,33,,75358,30,,,0,67,,75357,30,,,0,31,,75353,30,,,0,70,,75355,30,,,0,30,,75356,30,,,0,70,,75354,30,,,0,30,,75352,30,,,0,70,,75366,30,,,0,30,,75365,30,,,0,70,,75364,30,,,0,30,,75363,30,,,0,70,,75344,30,,,0,32,,75351,30,,,0,74,,75343,30,,,0,11,,75369,15,,,0,22,,75342,30,,,0,13,,75368,11,,,0,53,,75350,30,,,0,30,,75349,30,,,0,70,,75348,30,,,0,26,,75341,30,,,0,67,,75340,30,,,0,30,,75339,30,,,0,70,,75347,30,,,0,29,,75346,30,,,0,27,,75338,30,,,0,70,,75345,30,,,0,30,,75337,30,,,0,97,,75335,30,,,0,70,,75370,15,,,0,29,,75336,30,,,0,100,,75371,30,,,0
14000001029,'1912',610,,73589,48,0,18 7,0
14000001029,'1959',610,,73605,48,0,18 7,0
14000001029,'1967',610,,75064,48,0,18 7,0
14000001029,'1969',610,,73592,48,0,18 7,0
14000001029,'1976',508,,65864,48,0,18 7,0,102,,73593,48,0,18 7,0
14000001029,'1977',508,,76525,48,0,18 7,0,102,,76526,48,0,18 7,0
