32019,'1912',624,,74670,7,,,0,95,,74671,7,,,0,100,,74672,7,,,0,100,,74673,7,,,0,100,,74674,7,,,0,101,,74675,7,,,0,101,,74676,7,,,0,100,,74677,7,,,0,100,,74678,7,,,0,100,,74679,7,,,0,100,,74680,7,,,0,100,,74681,7,,,0,98,,74682,7,,,0,100,,74683,7,,,0,100,,74684,7,,,0,100,,74685,7,,,0,100,,74686,7,,,0,95,,74688,7,0,5 2 8 7,0
32019,'1959',624,,74763,7,,,0,95,,74764,7,,,0,100,,74765,7,,,0,100,,74766,7,,,0,100,,74767,7,,,0,101,,74768,7,,,0,101,,74769,7,,,0,100,,74770,7,,,0,100,,74771,7,,,0,100,,74772,7,,,0,100,,74773,7,,,0,100,,74774,7,,,0,98,,74775,7,,,0,100,,74776,7,,,0,100,,74777,7,,,0,100,,74778,7,,,0,100,,74779,7,,,0,95,,74781,7,0,5 2 8 7,0
32019,'1967',624,,74737,7,,,0,25,,74754,7,,,0,70,,74731,7,,,0,30,,74748,7,,,0,70,,74755,7,,,0,30,,74743,7,,,0,70,,74736,7,,,0,30,,74753,7,,,0,70,,74730,7,,,0,30,,74747,7,,,0,70,,74758,7,,,0,30,,74742,7,,,0,70,,74735,7,,,0,31,,74752,7,,,0,70,,74729,7,,,0,30,,74746,7,,,0,70,,74757,7,,,0,30,,74741,7,,,0,70,,74734,7,,,0,30,,74751,7,,,0,70,,74728,7,,,0,30,,74745,7,,,0,70,,74759,7,,,0,30,,74740,7,,,0,70,,74733,7,,,0,29,,74749,7,,,0,70,,74727,7,,,0,100,,74756,7,,,0,100,,74732,7,,,0,100,,74726,7,,,0,100,,74760,7,0,5 2 8 7,0
32019,'1969',624,,74782,7,,,0,95,,74783,7,,,0,100,,74784,7,,,0,100,,74785,7,,,0,100,,74786,7,,,0,101,,74787,7,,,0,101,,74788,7,,,0,100,,74789,7,,,0,100,,74790,7,,,0,100,,74791,7,,,0,100,,74792,7,,,0,100,,74793,7,,,0,98,,74794,7,,,0,100,,74795,7,,,0,100,,74796,7,,,0,100,,74797,7,,,0,100,,74798,7,,,0,95,,74800,7,0,5 2 8 7,0
32019,'1976',624,,74697,7,,,0,26,,74713,7,,,0,70,,74692,7,,,0,31,,74708,7,,,0,70,,74718,7,,,0,30,,74702,7,,,0,69,,74700,7,,,0,30,,74712,7,,,0,70,,74690,7,,,0,30,,74706,7,,,0,70,,74717,7,,,0,30,,74704,7,,,0,70,,74699,7,,,0,30,,74711,7,,,0,70,,74693,7,,,0,30,,74705,7,,,0,67,,74716,7,,,0,27,,74703,7,,,0,70,,74696,7,,,0,30,,74710,7,,,0,70,,74689,7,,,0,30,,74707,7,,,0,73,,74715,7,,,0,33,,74701,7,,,0,70,,74698,7,,,0,30,,74709,7,,,0,70,,74694,7,,,0,99,,74714,7,,,0,100,,74695,7,,,0,100,,74691,7,,,0,95,,74722,7,0,5 2 8 7,0
32019,'1977',624,,75849,7,,,0,26,,75865,7,,,0,70,,75844,7,,,0,31,,75860,7,,,0,70,,75870,7,,,0,30,,75854,7,,,0,69,,75852,7,,,0,30,,75864,7,,,0,70,,75842,7,,,0,30,,75858,7,,,0,70,,75869,7,,,0,30,,75856,7,,,0,70,,75851,7,,,0,30,,75863,7,,,0,70,,75845,7,,,0,30,,75857,7,,,0,67,,75868,7,,,0,27,,75855,7,,,0,70,,75848,7,,,0,30,,75862,7,,,0,70,,75841,7,,,0,30,,75859,7,,,0,73,,75867,7,,,0,33,,75853,7,,,0,70,,75850,7,,,0,30,,75861,7,,,0,70,,75846,7,,,0,99,,75866,7,,,0,100,,75847,7,,,0,100,,75843,7,,,0,95,,75875,7,0,5 2 8 7,0
502029,'1912',624,,72667,14,,,0,28,,72649,14,,,0,65,,72658,14,,,0,30,,72683,14,,,0,71,,72663,14,,,0,30,,72682,14,,,0,71,,72661,14,,,0,30,,72681,14,,,0,70,,72650,14,,,0,30,,72680,14,,,0,55,,72692,14,,,0,15,,72651,14,,,0,15,,72694,14,,,0,15,,72679,14,,,0,55,,72697,14,,,0,17,,72652,14,,,0,15,,72686,14,,,0,15,,72678,14,,,0,55,,72689,14,,,0,15,,72653,14,,,0,15,,72691,14,,,0,15,,72677,14,,,0,55,,72695,14,,,0,15,,72654,14,,,0,15,,72696,14,,,0,15,,72676,14,,,0,55,,72685,14,,,0,15,,72655,14,,,0,15,,72688,14,,,0,15,,72675,14,,,0,55,,72690,14,,,0,15,,72656,14,,,0,14,,72693,14,,,0,15,,72674,14,,,0,55,,72698,14,,,0,15,,72657,14,,,0,15,,72684,14,,,0,15,,72673,14,,,0,55,,72687,14,,,0,15,,72666,14,,,0,29,,72672,14,,,0,70,,72664,14,,,0,30,,72671,14,,,0,70,,72659,14,,,0,30,,72670,14,,,0,70,,72660,14,,,0,30,,72668,14,,,0,68,,72665,14,,,0,30,,72669,14,,,0,70,,72662,14,,,0
502029,'1959',624,,72893,14,,,0,28,,72875,14,,,0,65,,72884,14,,,0,30,,72909,14,,,0,71,,72889,14,,,0,30,,72908,14,,,0,71,,72887,14,,,0,30,,72907,14,,,0,70,,72876,14,,,0,30,,72906,14,,,0,55,,72918,14,,,0,15,,72877,14,,,0,15,,72920,14,,,0,15,,72905,14,,,0,55,,72923,14,,,0,17,,72878,14,,,0,15,,72912,14,,,0,15,,72904,14,,,0,55,,72915,14,,,0,15,,72879,14,,,0,15,,72917,14,,,0,15,,72903,14,,,0,55,,72921,14,,,0,15,,72880,14,,,0,15,,72922,14,,,0,15,,72902,14,,,0,55,,72911,14,,,0,15,,72881,14,,,0,15,,72914,14,,,0,15,,72901,14,,,0,55,,72916,14,,,0,15,,72882,14,,,0,14,,72919,14,,,0,15,,72900,14,,,0,55,,72924,14,,,0,15,,72883,14,,,0,15,,72910,14,,,0,15,,72899,14,,,0,55,,72913,14,,,0,15,,72892,14,,,0,29,,72898,14,,,0,70,,72890,14,,,0,30,,72897,14,,,0,70,,72885,14,,,0,30,,72896,14,,,0,70,,72886,14,,,0,30,,72894,14,,,0,68,,72891,14,,,0,30,,72895,14,,,0,70,,72888,14,,,0
502029,'1967',622,,72827,14,,,0,15,,74956,14,,,0,15,,72834,14,,,0,70,,74936,14,,,0,30,,72835,14,,,0,65,,74935,14,,,0,30,,74938,14,,,0,71,,74934,14,,,0,30,,74939,14,,,0,56,,72838,14,,,0,17,,74948,14,,,0,15,,72847,14,,,0,15,,74940,14,,,0,55,,72839,14,,,0,15,,74949,14,,,0,15,,72848,14,,,0,15,,74941,14,,,0,55,,72840,14,,,0,15,,74950,14,,,0,15,,72849,14,,,0,15,,74942,14,,,0,55,,72841,14,,,0,15,,74951,14,,,0,15,,72850,14,,,0,15,,74943,14,,,0,55,,72842,14,,,0,15,,74952,14,,,0,15,,72851,14,,,0,15,,74944,14,,,0,55,,72843,14,,,0,15,,74953,14,,,0,15,,72852,14,,,0,15,,74945,14,,,0,55,,72844,14,,,0,15,,74954,14,,,0,15,,72853,14,,,0,15,,74946,14,,,0,55,,72845,14,,,0,15,,74955,14,,,0,15,,72854,14,,,0,15,,74937,14,,,0,55,,72846,14,,,0,15,,74947,14,,,0,15,,72855,14,,,0,15,,72830,14,,,0,55,,72872,14,,,0,14,,74957,14,,,0,30,,72831,14,,,0,69,,74933,14,,,0,30,,72832,14,,,0,70,,74932,14,,,0,30,,72828,14,,,0,68,,74931,14,,,0,30,,72833,14,,,0,70,,74930,14,,,0
502029,'1969',624,,72717,14,,,0,28,,72699,14,,,0,65,,72708,14,,,0,30,,72733,14,,,0,71,,72713,14,,,0,30,,72732,14,,,0,71,,72711,14,,,0,30,,72731,14,,,0,70,,72700,14,,,0,30,,72730,14,,,0,55,,72742,14,,,0,15,,72701,14,,,0,15,,72744,14,,,0,15,,72729,14,,,0,55,,72747,14,,,0,17,,72702,14,,,0,15,,72736,14,,,0,15,,72728,14,,,0,55,,72739,14,,,0,15,,72703,14,,,0,15,,72741,14,,,0,15,,72727,14,,,0,55,,72745,14,,,0,15,,72704,14,,,0,15,,72746,14,,,0,15,,72726,14,,,0,55,,72735,14,,,0,15,,72705,14,,,0,15,,72738,14,,,0,15,,72725,14,,,0,55,,72740,14,,,0,15,,72706,14,,,0,14,,72743,14,,,0,15,,72724,14,,,0,55,,72748,14,,,0,15,,72707,14,,,0,15,,72734,14,,,0,15,,72723,14,,,0,55,,72737,14,,,0,15,,72716,14,,,0,29,,72722,14,,,0,70,,72714,14,,,0,30,,72721,14,,,0,70,,72709,14,,,0,30,,72720,14,,,0,70,,72710,14,,,0,30,,72718,14,,,0,68,,72715,14,,,0,30,,72719,14,,,0,70,,72712,14,,,0
502029,'1976',551,,74922,14,,,0,55,,74923,14,,,0,15,,72751,14,,,0,16,,72752,14,,,0,7,,72753,14,,,0,8,,74924,14,,,0,56,,72755,14,,,0,13,,72756,14,,,0,13,,72757,14,,,0,12,,72758,14,,,0,6,,72759,14,,,0,6,,74925,14,,,0,52,,72761,14,,,0,6,,72762,14,,,0,6,,72763,14,,,0,12,,72764,14,,,0,12,,72765,14,,,0,12,,72766,14,,,0,50,,72767,14,,,0,14,,72768,14,,,0,14,,72769,14,,,0,15,,72770,14,,,0,55,,72771,14,,,0,15,,72772,14,,,0,15,,72773,14,,,0,15,,74926,14,,,0,55,,72775,14,,,0,16,,72776,14,,,0,15,,72777,14,,,0,15,,74927,14,,,0,55,,72779,14,,,0,15,,72780,14,,,0,15,,74928,14,,,0,15,,72782,14,,,0,55,,72783,14,,,0,15,,72784,14,,,0,15,,72785,14,,,0,15,,74929,14,,,0,55,,72787,14,,,0,15,,72788,14,,,0,15,,72789,14,,,0,15,,72790,14,,,0,57,,72791,14,,,0,15,,72792,14,,,0,15,,72793,14,,,0,12,,72794,14,,,0,52,,72795,14,,,0,12,,72796,14,,,0,11,,72797,14,,,0,12,,72798,14,,,0,12,,72799,14,,,0,52,,72800,14,,,0,12,,72801,14,,,0,12,,72802,14,,,0,11,,72803,14,,,0,11,,72804,14,,,0,52,,72805,14,,,0,11,,72806,14,,,0,12,,72807,14,,,0,12,,72808,14,,,0,15,,72809,14,,,0,55,,72819,14,,,0,15,,72810,14,,,0,30,,72811,14,,,0,70,,72812,14,,,0,30,,72813,14,,,0,70,,72814,14,,,0,30,,72815,14,,,0,70,,72816,14,,,0,30,,72817,14,,,0,70,,72818,14,,,0
502029,'1977',551,,76111,14,,,0,55,,76112,14,,,0,15,,76113,14,,,0,16,,76114,14,,,0,7,,76115,14,,,0,8,,76116,14,,,0,56,,76117,14,,,0,13,,76118,14,,,0,13,,76119,14,,,0,12,,76120,14,,,0,6,,76121,14,,,0,6,,76122,14,,,0,52,,76123,14,,,0,6,,76124,14,,,0,6,,76125,14,,,0,12,,76126,14,,,0,12,,76127,14,,,0,12,,76128,14,,,0,50,,76129,14,,,0,14,,76130,14,,,0,14,,76131,14,,,0,15,,76132,14,,,0,55,,76133,14,,,0,15,,76134,14,,,0,15,,76135,14,,,0,15,,76136,14,,,0,55,,76137,14,,,0,16,,76138,14,,,0,15,,76139,14,,,0,15,,76140,14,,,0,55,,76141,14,,,0,15,,76142,14,,,0,15,,76143,14,,,0,15,,76144,14,,,0,55,,76145,14,,,0,15,,76146,14,,,0,15,,76147,14,,,0,15,,76148,14,,,0,55,,76149,14,,,0,15,,76150,14,,,0,15,,76151,14,,,0,15,,76152,14,,,0,57,,76153,14,,,0,15,,76154,14,,,0,15,,76155,14,,,0,12,,76156,14,,,0,52,,76157,14,,,0,12,,76158,14,,,0,11,,76159,14,,,0,12,,76160,14,,,0,12,,76161,14,,,0,52,,76162,14,,,0,12,,76163,14,,,0,12,,76164,14,,,0,11,,76165,14,,,0,11,,76166,14,,,0,52,,76167,14,,,0,11,,76168,14,,,0,12,,76169,14,,,0,12,,76170,14,,,0,15,,76171,14,,,0,55,,76181,14,,,0,15,,76172,14,,,0,30,,76173,14,,,0,70,,76174,14,,,0,30,,76175,14,,,0,70,,76176,14,,,0,30,,76177,14,,,0,70,,76178,14,,,0,30,,76179,14,,,0,70,,76180,14,,,0
