60029,'1912',616,,62746,3,,,0,24,,62761,3,,,0,70,,62748,3,,,0,30,,62763,3,,,0,70,,62757,3,,,0,30,,62762,3,,,0,70,,62752,3,,,0,30,,62753,3,,,0,69,,62754,3,,,0,30,,62756,3,,,0,70,,62750,3,,,0,30,,62764,3,,,0,70,,62745,3,,,0,30,,62755,3,,,0,70,,62743,3,,,0,30,,62741,3,,,0,70,,62744,3,,,0,30,,62765,3,,,0,70,,62766,3,,,0,30,,62742,3,,,0,70,,62769,3,,,0,30,,62740,3,,,0,70,,62768,3,,,0,30,,62738,3,,,0,70,,62767,3,,,0,30,,62751,3,,,0,70,,62759,3,,,0,30,,62739,3,,,0,70,,62758,3,,,0,29,,62760,3,,,0,71,,62747,3,,,0,30,,62749,3,,,0
60029,'1925',616,,62775,3,,,0,24,,62772,3,,,0,70,,62781,3,,,0,30,,62780,3,,,0,70,,62776,3,,,0,30,,62771,3,,,0,70,,62779,3,,,0,30,,62782,3,,,0,69,,62796,3,,,0,30,,62773,3,,,0,70,,62777,3,,,0,30,,62790,3,,,0,70,,62783,3,,,0,30,,62785,3,,,0,70,,62786,3,,,0,30,,62794,3,,,0,70,,62795,3,,,0,30,,62770,3,,,0,70,,62784,3,,,0,30,,62793,3,,,0,70,,62778,3,,,0,30,,62792,3,,,0,70,,62774,3,,,0,30,,62791,3,,,0,70,,62799,3,,,0,30,,62789,3,,,0,70,,62798,3,,,0,30,,62788,3,,,0,70,,62797,3,,,0,30,,62787,3,,,0
602019,'1909',613,,64133,5,,,0,289,,64151,6,,,0,21,,64147,5,,,0,100,,64146,5,,,0,30,,64145,5,,,0,70,,64144,5,,,0,30,,64143,5,,,0,100,,64142,5,,,0,70,,64109,5,,,0,30,,64110,5,,,0,68,,64111,5,,,0,411,,64150,6,,,0,17,,64141,6,,,0,70,,64136,6,,,0,12,,64154,6,,,0,18,,64140,6,,,0,70,,64139,6,,,0,30,,64137,6,,,0,70,,64138,6,,,0,30,,64152,6,,,0,70,,64156,6,,,0,30,,64153,6,,,0,76,,64155,6,,,0
602019,'1910',628,,64192,5,,,0,27,,64190,6,,,0,70,,64191,6,,,0,30,,64181,6,,,0,70,,64182,6,,,0,30,,64180,6,,,0,70,,64179,6,,,0,30,,64178,6,,,0,70,,64177,6,,,0,30,,64188,6,,,0,70,,64187,6,,,0,30,,64186,6,,,0,70,,64185,6,,,0,30,,64184,6,,,0,70,,64183,6,,,0,30,,64175,6,,,0,70,,64176,6,,,0,30,,64189,6,,,0,70,,64174,6,,,0,30,,64173,6,,,0,70,,64172,6,,,0,30,,64171,6,,,0,70,,64170,6,,,0,30,,64168,6,,,0,70,,64169,6,,,0,30,,64167,6,,,0,70,,64160,6,,,0,30,,64161,6,,,0,70,,64159,6,,,0,30,,64162,6,,,0,70,,64165,6,,,0,30,,64166,6,,,0,70,,64164,6,,,0,30,,64163,6,,,0,68,,64158,6,,,0
602019,'1912',2225,,64193,6,,,0,30,,64194,6,,,0,70,,64195,6,,,0
602019,'1924',626,,64230,5,,,0,27,,64226,6,,,0,70,,64225,6,,,0,30,,64224,6,,,0,70,,64220,6,,,0,30,,64219,6,,,0,70,,64217,6,,,0,30,,64216,6,,,0,70,,64222,6,,,0,30,,64223,6,,,0,71,,64221,6,,,0,31,,64218,6,,,0,70,,64215,6,,,0,30,,64212,6,,,0,70,,64211,6,,,0,30,,64210,6,,,0,70,,64209,6,,,0,30,,64200,6,,,0,70,,64202,6,,,0,30,,64208,6,,,0,70,,64207,6,,,0,30,,64204,6,,,0,70,,64203,6,,,0,30,,64198,6,,,0,70,,64197,6,,,0,30,,64205,6,,,0,70,,64206,6,,,0,30,,64199,6,,,0,70,,64201,6,,,0,30,,64196,6,,,0,70,,64227,6,,,0,30,,64229,6,,,0,70,,64213,6,,,0,30,,64214,6,,,0,70,,64228,6,,,0
602019,'1925',2125,,64233,6,,,0,30,,64235,6,,,0,70,,64231,6,,,0,30,,64232,6,,,0,70,,64234,6,,,0
602019,'1943',953,,64148,5,,,0,270,,64149,5,,,0
602019,'1948',953,,68750,5,,,0,270,,68751,5,,,0
602019,'1949',953,,68752,5,,,0,270,,68753,5,,,0
