2019,'1912',703,,70341,28,,,0,30,,70318,28,,,0,70,,70322,28,,,0,30,,70334,28,,,0,71,,70329,28,,,0,30,,70319,28,,,0,70,,70323,28,,,0,30,,70335,28,,,0,70,,70330,28,,,0,30,,70320,28,,,0,70,,70324,28,,,0,30,,70336,28,,,0,70,,70331,28,,,0,30,,70321,28,,,0,70,,70325,28,,,0,30,,70337,28,,,0,70,,70332,28,,,0,30,,70316,28,,,0,70,,70326,28,,,0,30,,70338,28,,,0,70,,70333,28,,,0,30,,70314,28,,,0,70,,70327,28,,,0,30,,70339,28,,,0,100,,70315,28,,,0,100,,70340,28,,,0,100,,70317,28,,,0,100,,70328,28,,,0,99,,70342,28,,,0
2019,'1925',703,,70370,28,,,0,30,,70347,28,,,0,70,,70351,28,,,0,30,,70363,28,,,0,71,,70358,28,,,0,30,,70348,28,,,0,70,,70352,28,,,0,30,,70364,28,,,0,70,,70359,28,,,0,30,,70349,28,,,0,70,,70353,28,,,0,30,,70365,28,,,0,70,,70360,28,,,0,30,,70350,28,,,0,70,,70354,28,,,0,30,,70366,28,,,0,70,,70361,28,,,0,30,,70345,28,,,0,70,,70355,28,,,0,30,,70367,28,,,0,70,,70362,28,,,0,30,,70343,28,,,0,70,,70356,28,,,0,30,,70368,28,,,0,100,,70344,28,,,0,100,,70369,28,,,0,100,,70346,28,,,0,100,,70357,28,,,0,99,,70371,28,,,0
2019,'1955',633,,59396,19,,,0,70,,59403,28,,,0,30,,59412,28,,,0,70,,59419,28,,,0,30,,59397,28,,,0,70,,59404,28,,,0,30,,59413,28,,,0,70,,59420,28,,,0,31,,59398,28,,,0,70,,59405,28,,,0,30,,59414,28,,,0,70,,59421,28,,,0,30,,59399,28,,,0,70,,59406,28,,,0,30,,59415,28,,,0,70,,59422,28,,,0,30,,59400,28,,,0,70,,59407,28,,,0,30,,59416,28,,,0,70,,59423,28,,,0,30,,59401,28,,,0,70,,59408,28,,,0,30,,59417,28,,,0,70,,59424,28,,,0,30,,59402,28,,,0,70,,59409,28,,,0,30,,59418,28,,,0,100,,59410,28,,,0,100,,59425,28,,,0,100,,59411,28,,,0,100,,59426,28,,,0
2019,'1956',703,,59483,28,,,0,30,,59460,28,,,0,70,,59464,28,,,0,30,,59476,28,,,0,71,,59471,28,,,0,30,,59461,28,,,0,70,,59465,28,,,0,30,,59477,28,,,0,70,,59472,28,,,0,30,,59462,28,,,0,70,,59466,28,,,0,30,,59478,28,,,0,70,,59473,28,,,0,30,,59463,28,,,0,70,,59467,28,,,0,30,,59479,28,,,0,70,,59474,28,,,0,30,,59458,28,,,0,70,,59468,28,,,0,30,,59480,28,,,0,70,,59475,28,,,0,30,,59456,28,,,0,70,,59469,28,,,0,30,,59481,28,,,0,100,,59457,28,,,0,100,,59482,28,,,0,100,,59459,28,,,0,100,,59470,28,,,0,99,,59484,28,,,0
2019,'1957',458,,70403,19,0,5 2 13 14,0,176,,70372,28,,,0,70,,70373,28,,,0,30,,70374,28,,,0,70,,70375,28,,,0,31,,70376,28,,,0,70,,70377,28,,,0,31,,70394,28,,,0,70,,70395,28,,,0,30,,70396,28,,,0,70,,70397,28,,,0,30,,70398,28,,,0,70,,70399,28,,,0,30,,70400,28,,,0,70,,70401,28,,,0,30,,70402,28,,,0,70,,70392,28,,,0,32,,70393,28,,,0,71,,70378,28,,,0,30,,70379,28,,,0,70,,70380,28,,,0,30,,70381,28,,,0,70,,70382,28,,,0,29,,70383,28,,,0,69,,70384,28,,,0,30,,70385,28,,,0,70,,70391,28,,,0,30,,70386,28,,,0,98,,70387,28,,,0,100,,70388,28,,,0,100,,70389,28,,,0,100,,70390,28,,,0
2019,'1958',633,,70404,19,,,0,70,,70411,28,,,0,30,,70420,28,,,0,70,,70427,28,,,0,30,,70405,28,,,0,70,,70412,28,,,0,30,,70421,28,,,0,70,,70428,28,,,0,31,,70406,28,,,0,70,,70413,28,,,0,30,,70422,28,,,0,70,,70429,28,,,0,30,,70407,28,,,0,70,,70414,28,,,0,30,,70423,28,,,0,70,,70430,28,,,0,30,,70408,28,,,0,70,,70415,28,,,0,30,,70424,28,,,0,70,,70431,28,,,0,30,,70409,28,,,0,70,,70416,28,,,0,30,,70425,28,,,0,70,,70432,28,,,0,30,,70410,28,,,0,70,,70417,28,,,0,30,,70426,28,,,0,100,,70418,28,,,0,100,,70433,28,,,0,100,,70419,28,,,0,100,,70434,28,,,0
2019,'1959',703,,70462,28,,,0,30,,70439,28,,,0,70,,70443,28,,,0,30,,70455,28,,,0,71,,70450,28,,,0,30,,70440,28,,,0,70,,70444,28,,,0,30,,70456,28,,,0,70,,70451,28,,,0,30,,70441,28,,,0,70,,70445,28,,,0,30,,70457,28,,,0,70,,70452,28,,,0,30,,70442,28,,,0,70,,70446,28,,,0,30,,70458,28,,,0,70,,70453,28,,,0,30,,70437,28,,,0,70,,70447,28,,,0,30,,70459,28,,,0,70,,70454,28,,,0,30,,70435,28,,,0,70,,70448,28,,,0,30,,70460,28,,,0,100,,70436,28,,,0,100,,70461,28,,,0,100,,70438,28,,,0,100,,70449,28,,,0,99,,70463,28,,,0
14000001019,'1909',2425,,65835,35,,,0,130,,65834,35,,,0
14000001019,'1910',2425,,65840,35,,,0,130,,65838,35,,,0
14000001019,'1912',2425,,65844,35,,,0,30,,70196,35,,,0,70,,73578,35,,,0,30,,65845,35,,,0,70,,70197,35,,,0
14000001019,'1924',2425,,65849,35,,,0,30,,70198,35,,,0,100,,65850,35,,,0,70,,70199,35,,,0
14000001019,'1925',2425,,65854,35,,,0,30,,70200,35,,,0,70,,73579,35,,,0,30,,65855,35,,,0,70,,70201,35,,,0
14000001019,'1955',2455,,70194,35,,,0,70,,65839,35,,,0,100,,70195,35,,,0
14000001019,'1956',2525,,65847,35,,,0
14000001019,'1957',2455,,73580,35,,,0,70,,73581,35,,,0,100,,73582,35,,,0
14000001019,'1958',2455,,73583,35,,,0,70,,73584,35,,,0,100,,73585,35,,,0
14000001019,'1959',2525,,73586,35,,,0
