11029,'1838',813,,44813,8,,,0,100,,44814,8,,,0,104,,44815,8,,,0,100,,44816,8,,,0,100,,44817,8,,,0,100,,44818,8,,,0,100,,44819,8,,,0,100,,44820,8,,,0,100,,44821,8,,,0,98,,44822,8,,,0,100,,36554,8,,,0,99,,44823,8,,,0,100,,42486,8,,,0
11029,'1867',813,,44848,8,,,0,100,,44849,8,,,0,104,,44850,8,,,0,100,,44851,8,,,0,100,,44852,8,,,0,100,,44853,8,,,0,100,,44854,8,,,0,100,,44855,8,,,0,100,,44856,8,,,0,98,,44857,8,,,0,100,,36626,8,,,0,99,,44858,8,,,0,100,,42497,8,,,0
11029,'1892',713,,36586,8,,,0,101,,44825,8,,,0,100,,44826,8,,,0,101,,44827,8,,,0,100,,44828,8,,,0,200,,44830,8,,,0,200,,42488,8,,,0,100,,44832,8,,,0,100,,44833,8,,,0,100,,44834,8,,,0,100,,36598,8,,,0,200,,44824,8,,,0
11029,'1896',615,,49470,1,,,0,600,,49467,8,,,0,200,,49468,8,,,0,600,,49469,8,,,0
11029,'1897',615,,49486,1,,,0,98,,49472,8,,,0,101,,49473,8,,,0,100,,49474,8,,,0,101,,49475,8,,,0,100,,49476,8,,,0,100,,49477,8,,,0,100,,49478,8,,,0,100,,49479,8,,,0,100,,49480,8,,,0,100,,49481,8,,,0,100,,49482,8,,,0,100,,49483,8,,,0,100,,49484,8,,,0,100,,49485,8,,,0,100,,49471,8,,,0
11029,'1898',615,,49487,1,,,0,98,,49501,8,,,0,100,,49488,8,,,0,100,,49489,8,,,0,104,,49490,8,,,0,100,,49491,8,,,0,100,,49492,8,,,0,100,,49493,8,,,0,100,,49494,8,,,0,100,,49495,8,,,0,100,,49496,8,,,0,98,,49497,8,,,0,100,,49498,8,,,0,99,,49499,8,,,0,100,,49500,8,,,0
15019,'1838',742,,45028,53,,,0,100,,36883,53,,,0,100,,36886,53,,,0,101,,45027,53,,,0,100,,36881,53,,,0,100,,36879,53,,,0,101,,45026,53,,,0,100,,36880,53,,,0,100,,36877,53,,,0,99,,45025,53,,,0,100,,36875,53,,,0,100,,36876,53,,,0,100,,45024,53,,,0,99,,36887,53,,,0
15019,'1867',742,,45053,53,,,0,100,,36959,53,,,0,100,,36962,53,,,0,101,,45052,53,,,0,100,,36957,53,,,0,100,,36955,53,,,0,101,,45051,53,,,0,100,,36956,53,,,0,100,,36953,53,,,0,99,,45050,53,,,0,100,,36951,53,,,0,100,,36952,53,,,0,100,,45049,53,,,0,99,,36963,53,,,0
15019,'1892',708,,36905,53,,,0,30,,45029,53,,,0,172,,36909,53,,,0,30,,36910,53,,,0,70,,36911,53,,,0,100,,45031,53,,,0,30,,42569,53,,,0,70,,45032,53,,,0,30,,45033,53,,,0,100,,36918,53,,,0,70,,45034,53,,,0,31,,36920,53,,,0,102,,45035,53,,,0,100,,36924,53,,,0,69,,36925,53,,,0,96,,45037,53,,,0,100,,45038,53,,,0,30,,45039,53,,,0,70,,36931,53,,,0,100,,45040,53,,,0,98,,45041,53,,,0,100,,45042,53,4,,0
15019,'1896',614,,49628,19,4,,0,200,,49629,53,,,0,31,,49630,53,,,0,195,,49631,53,,,0,270,,49632,53,,,0,203,,49633,53,,,0,100,,49634,53,,,0,128,,49635,53,,,0,97,,49636,53,,,0
15019,'1897',614,,49637,19,4,,0,94,,49638,53,,,0,30,,49639,53,,,0,76,,49640,53,,,0,31,,49641,53,,,0,65,,49642,53,,,0,30,,49643,53,,,0,70,,49644,53,,,0,30,,49645,53,,,0,70,,49646,53,,,0,30,,49647,53,,,0,70,,49648,53,,,0,30,,49649,53,,,0,70,,49650,53,,,0,30,,49651,53,,,0,70,,49652,53,,,0,31,,49653,53,,,0,72,,49654,53,,,0,30,,49655,53,,,0,70,,49656,53,,,0,30,,49657,53,,,0,69,,49658,53,,,0,29,,49659,53,,,0,67,,49660,53,,,0,30,,49661,53,,,0,70,,49662,53,,,0,30,,49663,53,,,0,70,,49664,53,,,0,100,,49665,53,,,0,98,,49666,53,,,0,100,,49667,53,4,,0
15019,'1898',615,,49682,19,4,,0,127,,49668,53,,,0,100,,49669,53,,,0,100,,49670,53,,,0,101,,49671,53,,,0,100,,49672,53,,,0,100,,49673,53,,,0,102,,49674,53,,,0,100,,49675,53,,,0,100,,49676,53,,,0,98,,49677,53,,,0,100,,49678,53,,,0,100,,49679,53,,,0,100,,49680,53,,,0,99,,49681,53,,,0
