2019,'1912',723,,73883,44,,,0,30,,73860,44,,,0,70,,73864,44,,,0,30,,73876,44,,,0,70,,73871,44,,,0,30,,73861,44,,,0,70,,73865,44,,,0,30,,73877,44,,,0,70,,73872,44,,,0,30,,73862,44,,,0,70,,73866,44,,,0,30,,73878,44,,,0,70,,73873,44,,,0,30,,73863,44,,,0,70,,73867,44,,,0,30,,73879,44,,,0,70,,73874,44,,,0,30,,73858,44,,,0,70,,73868,44,,,0,30,,73880,44,,,0,70,,73875,44,,,0,30,,73856,44,,,0,70,,73869,44,,,0,30,,73881,44,,,0,100,,73857,44,,,0,102,,73882,44,,,0,100,,73859,44,,,0,94,,73870,44,,,0,100,,73884,44,,,0
2019,'1959',723,,73975,44,,,0,30,,73952,44,,,0,70,,73956,44,,,0,30,,73968,44,,,0,70,,73963,44,,,0,30,,73953,44,,,0,70,,73957,44,,,0,30,,73969,44,,,0,70,,73964,44,,,0,30,,73954,44,,,0,70,,73958,44,,,0,30,,73970,44,,,0,70,,73965,44,,,0,30,,73955,44,,,0,70,,73959,44,,,0,30,,73971,44,,,0,70,,73966,44,,,0,30,,73950,44,,,0,70,,73960,44,,,0,30,,73972,44,,,0,70,,73967,44,,,0,30,,73948,44,,,0,70,,73961,44,,,0,30,,73973,44,,,0,100,,73949,44,,,0,102,,73974,44,,,0,100,,73951,44,,,0,94,,73962,44,,,0,100,,73976,44,,,0
2019,'1967',653,,73917,35,,,0,70,,73924,44,,,0,30,,73933,44,,,0,70,,73940,44,,,0,30,,73918,44,,,0,70,,73925,44,,,0,30,,73934,44,,,0,68,,73941,44,,,0,31,,73919,44,,,0,70,,73926,44,,,0,30,,73935,44,,,0,70,,73942,44,,,0,30,,73920,44,,,0,70,,73927,44,,,0,30,,73936,44,,,0,70,,73943,44,,,0,30,,73921,44,,,0,70,,73928,44,,,0,30,,73937,44,,,0,70,,73944,44,,,0,30,,73922,44,,,0,70,,73929,44,,,0,30,,73938,44,,,0,70,,73945,44,,,0,30,,73923,44,,,0,70,,73930,44,,,0,30,,73939,44,,,0,101,,73931,44,,,0,100,,73946,44,,,0,97,,73932,44,,,0,98,,73947,44,,,0
2019,'1969',723,,74004,44,,,0,30,,73981,44,,,0,70,,73985,44,,,0,30,,73997,44,,,0,70,,73992,44,,,0,30,,73982,44,,,0,70,,73986,44,,,0,30,,73998,44,,,0,70,,73993,44,,,0,30,,73983,44,,,0,70,,73987,44,,,0,30,,73999,44,,,0,70,,73994,44,,,0,30,,73984,44,,,0,70,,73988,44,,,0,30,,74000,44,,,0,70,,73995,44,,,0,30,,73979,44,,,0,70,,73989,44,,,0,30,,74001,44,,,0,70,,73996,44,,,0,30,,73977,44,,,0,70,,73990,44,,,0,30,,74002,44,,,0,100,,73978,44,,,0,102,,74003,44,,,0,100,,73980,44,,,0,94,,73991,44,,,0,100,,74005,44,,,0
2019,'1976',650,,73885,44,,,0,69,,73886,44,,,0,30,,73887,44,,,0,70,,73888,44,,,0,33,,73889,44,,,0,71,,73890,44,,,0,31,,73907,44,,,0,70,,73908,44,,,0,30,,73909,44,,,0,70,,73910,44,,,0,30,,73911,44,,,0,70,,73912,44,,,0,30,,73913,44,,,0,70,,73914,44,,,0,30,,73915,44,,,0,70,,73905,44,,,0,33,,73906,44,,,0,70,,73891,44,,,0,30,,73892,44,,,0,70,,73893,44,,,0,30,,73894,44,,,0,70,,73895,44,,,0,27,,73896,44,,,0,70,,73897,44,,,0,30,,73898,44,,,0,70,,73904,44,,,0,30,,73899,44,,,0,98,,73900,44,,,0,100,,73901,44,,,0,100,,73902,44,,,0,97,,73903,44,,,0
2019,'1977',650,,75141,44,,,0,69,,75142,44,,,0,30,,75143,44,,,0,70,,75144,44,,,0,33,,75145,44,,,0,71,,75146,44,,,0,31,,75163,44,,,0,70,,75164,44,,,0,30,,75165,44,,,0,70,,75166,44,,,0,30,,75167,44,,,0,70,,75168,44,,,0,30,,75169,44,,,0,70,,75170,44,,,0,30,,75171,44,,,0,70,,75161,44,,,0,33,,75162,44,,,0,70,,75147,44,,,0,30,,75148,44,,,0,70,,75149,44,,,0,30,,75150,44,,,0,70,,75151,44,,,0,27,,75152,44,,,0,70,,75153,44,,,0,30,,75154,44,,,0,70,,75160,44,,,0,30,,75155,44,,,0,98,,75156,44,,,0,100,,75157,44,,,0,100,,75158,44,,,0,97,,75159,44,,,0
7019,'1912',735,,60448,9,,,0,101,,60449,9,,,0,100,,60457,9,,,0,101,,60450,9,,,0,100,,60451,9,,,0,100,,60452,9,,,0,100,,60453,9,,,0,101,,60454,9,,,0,100,,60455,9,,,0,99,,60456,9,,,0,100,,60444,9,,,0,99,,60445,9,,,0,99,,60443,9,,,0,100,,60447,9,,,0,100,,60446,9,,,0
7019,'1959',735,,60483,9,,,0,101,,60484,9,,,0,100,,60492,9,,,0,101,,60485,9,,,0,100,,60486,9,,,0,100,,60487,9,,,0,100,,60488,9,,,0,101,,60489,9,,,0,100,,60490,9,,,0,99,,60491,9,,,0,100,,60479,9,,,0,99,,60480,9,,,0,99,,60478,9,,,0,100,,60482,9,,,0,100,,60481,9,,,0
7019,'1967',636,,71181,9,,,0,69,,74315,9,,,0,30,,71182,9,,,0,70,,71176,9,,,0,32,,74316,9,,,0,70,,71177,9,,,0,30,,71183,9,,,0,71,,71178,9,,,0,30,,71184,9,,,0,70,,66542,9,,,0,30,,74317,9,,,0,70,,71179,9,,,0,30,,71185,9,,,0,70,,71180,9,,,0,30,,60428,9,,,0,70,,66551,9,,,0,30,,74318,9,,,0,70,,71187,9,,,0,30,,60430,9,,,0,70,,71186,9,,,0,30,,66550,9,,,0,70,,71188,9,,,0,30,,60432,9,,,0,70,,71190,9,,,0,29,,71172,9,,,0,69,,71189,9,,,0,30,,74313,9,,,0,70,,66556,9,,,0,30,,60411,9,,,0,99,,60412,9,,,0,100,,74314,9,,,0
7019,'1969',735,,60518,9,,,0,101,,60519,9,,,0,100,,60527,9,,,0,101,,60520,9,,,0,100,,60521,9,,,0,100,,60522,9,,,0,100,,60523,9,,,0,101,,60524,9,,,0,100,,60525,9,,,0,99,,60526,9,,,0,100,,60514,9,,,0,99,,60515,9,,,0,99,,60513,9,,,0,100,,60517,9,,,0,100,,60516,9,,,0
7019,'1976',534,,60398,9,,,0,103,,60397,9,,,0,70,,74307,9,,,0,32,,71161,9,,,0,70,,74306,9,,,0,30,,71159,9,,,0,70,,74305,9,,,0,30,,71157,9,,,0,70,,71158,9,,,0,30,,71156,9,,,0,70,,71154,9,,,0,30,,71166,9,,,0,70,,74310,9,,,0,30,,74309,9,,,0,70,,74308,9,,,0,30,,71147,9,,,0,71,,74304,9,,,0,31,,74299,9,,,0,73,,71145,9,,,0,27,,71152,9,,,0,70,,74303,9,,,0,30,,74302,9,,,0,68,,71144,9,,,0,30,,71143,9,,,0,70,,71142,9,,,0,30,,74301,9,,,0,69,,74300,9,,,0,29,,60375,9,,,0,70,,71148,9,,,0,30,,60374,9,,,0,99,,71141,9,,,0,99,,60373,9,,,0,100,,71171,9,,,0
7019,'1977',534,,75361,9,,,0,103,,75360,9,,,0,70,,75362,9,,,0,32,,75359,9,,,0,70,,75358,9,,,0,30,,75357,9,,,0,70,,75353,9,,,0,30,,75355,9,,,0,70,,75356,9,,,0,30,,75354,9,,,0,70,,75352,9,,,0,30,,75366,9,,,0,70,,75365,9,,,0,30,,75364,9,,,0,70,,75363,9,,,0,30,,75344,9,,,0,71,,75351,9,,,0,31,,75343,9,,,0,73,,75342,9,,,0,27,,75350,9,,,0,70,,75349,9,,,0,30,,75348,9,,,0,68,,75341,9,,,0,30,,75340,9,,,0,70,,75339,9,,,0,30,,75347,9,,,0,69,,75346,9,,,0,29,,75338,9,,,0,70,,75345,9,,,0,30,,75337,9,,,0,99,,75335,9,,,0,99,,75336,9,,,0,100,,75371,9,,,0
