15019,'1909',635,,61509,6,,,0,871,,61526,6,,,0,300,,61532,6,,,0
15019,'1910',910,,61542,6,,,0,300,,61545,6,,,0,201,,61547,6,,,0,100,,61548,6,,,0,100,,61549,6,,,0,100,,67300,6,,,0,99,,61551,6,,,0
15019,'1912',710,,61566,6,,,0,100,,61564,6,,,0,100,,61567,6,,,0,100,,61565,6,,,0,100,,61562,6,,,0,100,,61560,6,,,0,101,,61563,6,,,0,100,,61561,6,,,0,100,,61558,6,,,0,100,,61559,6,,,0,100,,61556,6,,,0,100,,61557,6,,,0,100,,61555,6,,,0,99,,71673,6,,,0
15019,'1924',710,,61580,6,,,0,100,,61578,6,,,0,100,,61581,6,,,0,100,,61579,6,,,0,100,,61576,6,,,0,100,,61574,6,,,0,101,,61577,6,,,0,100,,61575,6,,,0,100,,61572,6,,,0,100,,61573,6,,,0,100,,61570,6,,,0,100,,61571,6,,,0,100,,61569,6,,,0
15019,'1925',710,,61594,6,,,0,100,,61592,6,,,0,100,,61595,6,,,0,100,,61593,6,,,0,100,,61590,6,,,0,100,,61588,6,,,0,101,,61591,6,,,0,100,,61589,6,,,0,100,,61586,6,,,0,100,,61587,6,,,0,100,,61584,6,,,0,100,,61585,6,,,0,100,,61583,6,,,0,99,,71674,6,,,0
15019,'1949',736,,67326,6,,,0,1499,,67335,6,0,5 2 6 7,0
15019,'1955',710,,67295,6,,,0,100,,67296,6,,,0,200,,67297,6,,,0,100,,67298,6,,,0,201,,67299,6,,,0,599,,67301,6,,,0,100,,67302,6,,,0
15019,'1956',2010,,67305,6,,,0
15019,'1957',705,,71675,6,,,0,101,,71676,6,,,0,30,,71677,6,,,0,70,,71678,6,,,0,30,,71679,6,,,0,70,,71680,6,,,0,30,,71681,6,,,0,70,,71682,6,,,0,30,,71683,6,,,0,70,,71684,6,,,0,30,,71685,6,,,0,70,,71686,6,,,0,30,,71687,6,,,0,70,,71688,6,,,0,30,,71689,6,,,0,100,,71690,6,,,0,70,,71691,6,,,0,30,,71692,6,,,0,70,,71693,6,,,0,30,,71694,6,,,0,100,,71695,6,,,0,70,,71699,6,,,0,30,,71696,6,,,0,99,,71697,6,,,0,100,,71698,6,,,0
15019,'1958',710,,71700,6,,,0,100,,71701,6,,,0,200,,71702,6,,,0,100,,71703,6,,,0,201,,71704,6,,,0,599,,71705,6,,,0,100,,71706,6,,,0
15019,'1959',2010,,71708,6,,,0
