16029,'1838',738,,45175,14,,,0,99,,45176,14,,,0,95,,42757,14,,,0,104,,45179,14,,,0,98,,45181,14,,,0,100,,45178,14,,,0,101,,45180,14,,,0,100,,45173,14,,,0,100,,45174,14,,,0,99,,42762,14,,,0,99,,45177,14,,,0,101,,42768,14,,,0,100,,42763,14,,,0,103,,42764,14,,,0,97,,42770,14,,,0
16029,'1867',738,,45190,14,,,0,99,,45191,14,,,0,95,,42837,14,,,0,104,,45194,14,,,0,98,,45196,14,,,0,100,,45193,14,,,0,101,,45195,14,,,0,100,,45188,14,,,0,100,,45189,14,,,0,99,,42842,14,,,0,99,,45192,14,,,0,101,,42848,14,,,0,100,,42843,14,,,0,103,,42844,14,,,0,97,,42850,14,,,0
16029,'1892',606,,42771,14,,,0,30,,42772,14,,,0,73,,42773,14,,,0,36,,42774,14,,,0,71,,42775,14,,,0,32,,42776,14,,,0,70,,42777,14,,,0,29,,45182,14,,,0,67,,42779,14,,,0,30,,42780,14,,,0,100,,42782,14,,,0,70,,42783,14,,,0,30,,45184,14,,,0,70,,42785,14,,,0,30,,42786,14,,,0,71,,42787,14,,,0,32,,42788,14,,,0,71,,42789,14,,,0,29,,45185,14,,,0,72,,42791,14,,,0,30,,42792,14,,,0,69,,42793,14,,,0,28,,42794,14,,,0,69,,42795,14,,,0,30,,45187,14,,,0,67,,42796,14,,,0,100,,42798,14,,,0,24,,42799,14,,,0,70,,45186,14,,,0,29,,42801,14,,,0,70,,42802,14,,,0
16029,'1896',1114,,49807,14,,,0,828,,49808,14,,,0
16029,'1897',606,,49809,14,,,0,30,,49810,14,,,0,73,,49811,14,,,0,36,,49812,14,,,0,71,,49813,14,,,0,32,,49814,14,,,0,70,,49815,14,,,0,29,,49816,14,,,0,67,,49817,14,,,0,30,,49818,14,,,0,70,,49819,14,,,0,30,,49820,14,,,0,70,,49821,14,,,0,30,,49822,14,,,0,70,,49823,14,,,0,30,,49824,14,,,0,71,,49825,14,,,0,32,,49826,14,,,0,71,,49827,14,,,0,29,,49828,14,,,0,72,,49829,14,,,0,30,,49830,14,,,0,69,,49831,14,,,0,28,,49832,14,,,0,69,,49833,14,,,0,30,,49841,14,,,0,67,,49834,14,,,0,30,,49835,14,,,0,70,,49836,14,,,0,24,,49837,14,,,0,70,,49838,14,,,0,29,,49839,14,,,0,70,,49840,14,,,0
16029,'1898',607,,49849,14,,,0,27,,49864,14,,,0,70,,49857,14,,,0,30,,49842,14,,,0,70,,49850,14,,,0,30,,49865,14,,,0,70,,49858,14,,,0,28,,49843,14,,,0,71,,49851,14,,,0,30,,49866,14,,,0,70,,49859,14,,,0,31,,49844,14,,,0,70,,49852,14,,,0,30,,49867,14,,,0,71,,49860,14,,,0,30,,49845,14,,,0,71,,49853,14,,,0,29,,49868,14,,,0,71,,49861,14,,,0,30,,49846,14,,,0,69,,49854,14,,,0,30,,49869,14,,,0,69,,49862,14,,,0,29,,49847,14,,,0,71,,49855,14,,,0,30,,49870,14,,,0,70,,49863,14,,,0,30,,49848,14,,,0,70,,49856,14,,,0,31,,49871,14,,,0,97,,49872,14,,,0,73,,49873,14,,,0
14000001019,'1838',2406,,48465,14,,,0,30,,48464,14,,,0,70,,41972,14,,,0,30,,48466,14,,,0,70,,48463,14,,,0
14000001019,'1867',2406,,48477,14,,,0,30,,48476,14,,,0,70,,41993,14,,,0,30,,48478,14,,,0,70,,48475,14,,,0
14000001019,'1892',2406,,48470,14,,,0,100,,41985,14,,,0,30,,48469,14,,,0
14000001019,'1896',2436,,51496,14,,,0,170,,51495,14,,,0
14000001019,'1897',2406,,51500,14,,,0,30,,51497,14,,,0,70,,51501,14,,,0,30,,51499,14,,,0,70,,51498,14,,,0
14000001019,'1898',2406,,51508,14,,,0,30,,51509,14,,,0,70,,51510,14,,,0,30,,51511,14,,,0,70,,51506,14,,,0
