15019,'1909',637,,61509,9,,,0,871,,61526,9,,,0,300,,61532,9,,,0
15019,'1910',912,,61542,9,,,0,300,,61545,9,,,0,201,,61547,9,,,0,100,,61548,9,,,0,100,,61549,9,,,0,100,,67300,9,,,0,99,,61551,9,,,0
15019,'1912',712,,61566,9,,,0,100,,61564,9,,,0,100,,61567,9,,,0,100,,61565,9,,,0,100,,61562,9,,,0,100,,61560,9,,,0,101,,61563,9,,,0,100,,61561,9,,,0,100,,61558,9,,,0,100,,61559,9,,,0,100,,61556,9,,,0,100,,61557,9,,,0,100,,61555,9,,,0,99,,71673,9,,,0
15019,'1924',712,,61580,9,,,0,100,,61578,9,,,0,100,,61581,9,,,0,100,,61579,9,,,0,100,,61576,9,,,0,100,,61574,9,,,0,101,,61577,9,,,0,100,,61575,9,,,0,100,,61572,9,,,0,100,,61573,9,,,0,100,,61570,9,,,0,100,,61571,9,,,0,100,,61569,9,,,0
15019,'1925',712,,61594,9,,,0,100,,61592,9,,,0,100,,61595,9,,,0,100,,61593,9,,,0,100,,61590,9,,,0,100,,61588,9,,,0,101,,61591,9,,,0,100,,61589,9,,,0,100,,61586,9,,,0,100,,61587,9,,,0,100,,61584,9,,,0,100,,61585,9,,,0,100,,61583,9,,,0,99,,71674,9,,,0
15019,'1949',738,,67326,9,,,0,1499,,67335,9,0,5 2 6 7,0
15019,'1955',712,,67295,9,,,0,100,,67296,9,,,0,200,,67297,9,,,0,100,,67298,9,,,0,201,,67299,9,,,0,599,,67301,9,,,0,100,,67302,9,,,0
15019,'1956',2012,,67305,9,,,0
15019,'1957',707,,71675,9,,,0,101,,71676,9,,,0,30,,71677,9,,,0,70,,71678,9,,,0,30,,71679,9,,,0,70,,71680,9,,,0,30,,71681,9,,,0,70,,71682,9,,,0,30,,71683,9,,,0,70,,71684,9,,,0,30,,71685,9,,,0,70,,71686,9,,,0,30,,71687,9,,,0,70,,71688,9,,,0,30,,71689,9,,,0,100,,71690,9,,,0,70,,71691,9,,,0,30,,71692,9,,,0,70,,71693,9,,,0,30,,71694,9,,,0,100,,71695,9,,,0,70,,71699,9,,,0,30,,71696,9,,,0,99,,71697,9,,,0,100,,71698,9,,,0
15019,'1958',712,,71700,9,,,0,100,,71701,9,,,0,200,,71702,9,,,0,100,,71703,9,,,0,201,,71704,9,,,0,599,,71705,9,,,0,100,,71706,9,,,0
15019,'1959',2012,,71708,9,,,0
