2019,'1912',709,,73883,36,,,0,30,,73860,36,,,0,70,,73864,36,,,0,30,,73876,36,,,0,72,,73871,36,,,0,30,,73861,36,,,0,70,,73865,36,,,0,30,,73877,36,,,0,70,,73872,36,,,0,30,,73862,36,,,0,70,,73866,36,,,0,30,,73878,36,,,0,70,,73873,36,,,0,30,,73863,36,,,0,70,,73867,36,,,0,30,,73879,36,,,0,70,,73874,36,,,0,30,,73858,36,,,0,70,,73868,36,,,0,30,,73880,36,,,0,70,,73875,36,,,0,30,,73856,36,,,0,70,,73869,36,,,0,30,,73881,36,,,0,100,,73857,36,,,0,99,,73882,36,,,0,100,,73859,36,,,0,100,,73870,36,,,0,99,,73884,36,,,0
2019,'1966',639,,70404,27,,,0,70,,70411,36,,,0,30,,70420,36,,,0,70,,70427,36,,,0,30,,70405,36,,,0,70,,70412,36,,,0,30,,70421,36,,,0,71,,70428,36,,,0,31,,70406,36,,,0,70,,70413,36,,,0,30,,70422,36,,,0,70,,70429,36,,,0,30,,70407,36,,,0,70,,70414,36,,,0,30,,70423,36,,,0,70,,70430,36,,,0,30,,70408,36,,,0,70,,70415,36,,,0,30,,70424,36,,,0,70,,70431,36,,,0,30,,70409,36,,,0,70,,70416,36,,,0,30,,70425,36,,,0,70,,70432,36,,,0,30,,70410,36,,,0,70,,70417,36,,,0,30,,70426,36,,,0,99,,70418,36,,,0,100,,70433,36,,,0,100,,70419,36,,,0,100,,70434,36,,,0
2019,'1968',709,,70370,36,,,0,30,,70347,36,,,0,70,,70351,36,,,0,30,,70363,36,,,0,72,,70358,36,,,0,30,,70348,36,,,0,70,,70352,36,,,0,30,,70364,36,,,0,70,,70359,36,,,0,30,,70349,36,,,0,70,,70353,36,,,0,30,,70365,36,,,0,70,,70360,36,,,0,30,,70350,36,,,0,70,,70354,36,,,0,30,,70366,36,,,0,70,,70361,36,,,0,30,,70345,36,,,0,70,,70355,36,,,0,30,,70367,36,,,0,70,,70362,36,,,0,30,,70343,36,,,0,70,,70356,36,,,0,30,,70368,36,,,0,100,,70344,36,,,0,99,,70369,36,,,0,100,,70346,36,,,0,100,,70357,36,,,0,99,,70371,36,,,0
2019,'1970',504,,73916,27,0,5 2 13 14,0,136,,73885,36,,,0,70,,73886,36,,,0,30,,73887,36,,,0,70,,73888,36,,,0,31,,73889,36,,,0,71,,73890,36,,,0,31,,73907,36,,,0,70,,73908,36,,,0,30,,73909,36,,,0,70,,73910,36,,,0,30,,73911,36,,,0,70,,73912,36,,,0,30,,73913,36,,,0,70,,73914,36,,,0,30,,73915,36,,,0,70,,73905,36,,,0,33,,73906,36,,,0,71,,73891,36,,,0,30,,73892,36,,,0,70,,73893,36,,,0,30,,73894,36,,,0,70,,73895,36,,,0,28,,73896,36,,,0,69,,73897,36,,,0,30,,73898,36,,,0,70,,73904,36,,,0,30,,73899,36,,,0,97,,73900,36,,,0,100,,73901,36,,,0,100,,73902,36,,,0,100,,73903,36,,,0
2019,'1971',639,,73917,27,,,0,70,,73924,36,,,0,30,,73933,36,,,0,70,,73940,36,,,0,30,,73918,36,,,0,70,,73925,36,,,0,30,,73934,36,,,0,71,,73941,36,,,0,31,,73919,36,,,0,70,,73926,36,,,0,30,,73935,36,,,0,70,,73942,36,,,0,30,,73920,36,,,0,70,,73927,36,,,0,30,,73936,36,,,0,70,,73943,36,,,0,30,,73921,36,,,0,70,,73928,36,,,0,30,,73937,36,,,0,70,,73944,36,,,0,30,,73922,36,,,0,70,,73929,36,,,0,30,,73938,36,,,0,70,,73945,36,,,0,30,,73923,36,,,0,70,,73930,36,,,0,30,,73939,36,,,0,99,,73931,36,,,0,100,,73946,36,,,0,100,,73932,36,,,0,100,,73947,36,,,0
2019,'1972',709,,73975,36,,,0,30,,73952,36,,,0,70,,73956,36,,,0,30,,73968,36,,,0,72,,73963,36,,,0,30,,73953,36,,,0,70,,73957,36,,,0,30,,73969,36,,,0,70,,73964,36,,,0,30,,73954,36,,,0,70,,73958,36,,,0,30,,73970,36,,,0,70,,73965,36,,,0,30,,73955,36,,,0,70,,73959,36,,,0,30,,73971,36,,,0,70,,73966,36,,,0,30,,73950,36,,,0,70,,73960,36,,,0,30,,73972,36,,,0,70,,73967,36,,,0,30,,73948,36,,,0,70,,73961,36,,,0,30,,73973,36,,,0,100,,73949,36,,,0,99,,73974,36,,,0,100,,73951,36,,,0,100,,73962,36,,,0,99,,73976,36,,,0
2019,'1973',709,,74004,36,,,0,30,,73981,36,,,0,70,,73985,36,,,0,30,,73997,36,,,0,72,,73992,36,,,0,30,,73982,36,,,0,70,,73986,36,,,0,30,,73998,36,,,0,70,,73993,36,,,0,30,,73983,36,,,0,70,,73987,36,,,0,30,,73999,36,,,0,70,,73994,36,,,0,30,,73984,36,,,0,70,,73988,36,,,0,30,,74000,36,,,0,70,,73995,36,,,0,30,,73979,36,,,0,70,,73989,36,,,0,30,,74001,36,,,0,70,,73996,36,,,0,30,,73977,36,,,0,70,,73990,36,,,0,30,,74002,36,,,0,100,,73978,36,,,0,99,,74003,36,,,0,100,,73980,36,,,0,100,,73991,36,,,0,99,,74005,36,,,0
16019,'1912',807,,67376,21,,,0,103,,71745,21,,,0,100,,71751,21,,,0,100,,71750,21,,,0,100,,71743,21,,,0,101,,71746,21,,,0,100,,71747,21,,,0,101,,71749,21,,,0,100,,71748,21,,,0,99,,71744,21,,,0,99,,67384,21,,,0,99,,61792,21,,,0,99,,61788,21,,,0,100,,61786,21,,,0,100,,71752,21,,,0
16019,'1959',807,,67388,21,,,0,103,,71789,21,,,0,100,,71795,21,,,0,100,,71794,21,,,0,100,,71787,21,,,0,101,,71790,21,,,0,100,,71791,21,,,0,101,,71793,21,,,0,100,,71792,21,,,0,99,,71788,21,,,0,99,,67396,21,,,0,99,,61807,21,,,0,99,,61803,21,,,0,100,,61801,21,,,0,100,,71796,21,,,0
16019,'1965',641,,71765,21,,,0,70,,71766,21,,,0,204,,71770,21,,,0,30,,71771,21,,,0,100,,71773,21,,,0,70,,71774,21,,,0,30,,71775,21,,,0,70,,71776,21,,,0,30,,71777,21,,,0,70,,71778,21,,,0,30,,71779,21,,,0,596,,71784,21,,,0,99,,71785,21,,,0,70,,71786,21,,,0,98,,71763,21,,,0,30,,71764,21,,,0
16019,'1967',638,,61772,21,,,0,70,,61768,21,,,0,30,,61776,21,,,0,70,,61760,21,,,0,30,,61774,21,,,0,72,,61755,21,,,0,30,,61753,21,,,0,70,,61750,21,,,0,30,,61761,21,,,0,70,,61771,21,,,0,30,,61765,21,,,0,70,,61773,21,,,0,31,,61757,21,,,0,70,,61775,21,,,0,30,,61752,21,,,0,70,,61763,21,,,0,31,,61762,21,,,0,70,,61766,21,,,0,30,,61767,21,,,0,70,,61751,21,,,0,29,,61759,21,,,0,70,,61769,21,,,0,29,,61754,21,,,0,70,,61758,21,,,0,30,,61764,21,,,0,69,,61778,21,,,0,30,,61770,21,,,0,69,,61777,21,,,0,30,,61756,21,,,0,70,,61780,21,,,0,100,,61779,21,,,0,30,,61749,21,,,0
16019,'1969',807,,67400,21,,,0,103,,71755,21,,,0,100,,71761,21,,,0,100,,71760,21,,,0,100,,71753,21,,,0,101,,71756,21,,,0,100,,71757,21,,,0,101,,71759,21,,,0,100,,71758,21,,,0,99,,71754,21,,,0,99,,67408,21,,,0,99,,61822,21,,,0,99,,61818,21,,,0,100,,61816,21,,,0,100,,71762,21,,,0
16019,'1970',743,,74466,21,,,0,70,,74467,21,,,0,32,,74468,21,,,0,170,,74469,21,,,0,400,,74470,21,,,0,30,,74471,21,,,0,69,,74472,21,,,0,29,,74473,21,,,0,70,,74474,21,,,0,30,,74475,21,,,0,69,,74476,21,,,0,30,,74477,21,,,0,69,,74478,21,,,0,30,,74479,21,,,0,70,,74480,21,,,0,99,,74481,21,,,0,129,,74465,21,,,0
702019,'1912',653,,73221,6,,,0,70,,73211,6,,,0,30,,73229,6,,,0,70,,73217,6,,,0,30,,73210,6,,,0,70,,73228,6,,,0,31,,73220,6,,,0,70,,73209,6,,,0,30,,69375,6,,,0,70,,73216,6,,,0,30,,69356,6,,,0,70,,73222,6,,,0,30,,69360,6,,,0,70,,73208,6,,,0,30,,73227,6,,,0,70,,73215,6,,,0,30,,73207,6,,,0,70,,73225,6,,,0,30,,73219,6,,,0,70,,73206,6,,,0,30,,73224,6,,,0,70,,73214,6,,,0,30,,73205,6,,,0,69,,73223,6,,,0,30,,73213,6,,,0,70,,73204,6,,,0,30,,73226,6,,,0,70,,73212,6,,,0,30,,73203,6,,,0,70,,69377,6,,,0,30,,73218,6,,,0,70,,73202,6,,,0,30,,69372,6,,,0,65,,73230,6,,,0,25,,73231,6,,,0
702019,'1959',653,,73310,6,,,0,70,,73300,6,,,0,30,,73318,6,,,0,70,,73306,6,,,0,30,,73299,6,,,0,70,,73317,6,,,0,31,,73309,6,,,0,70,,73298,6,,,0,30,,69410,6,,,0,70,,73305,6,,,0,30,,69391,6,,,0,70,,73311,6,,,0,30,,69395,6,,,0,70,,73297,6,,,0,30,,73316,6,,,0,70,,73304,6,,,0,30,,73296,6,,,0,70,,73314,6,,,0,30,,73308,6,,,0,70,,73295,6,,,0,30,,73313,6,,,0,70,,73303,6,,,0,30,,73294,6,,,0,69,,73312,6,,,0,30,,73302,6,,,0,70,,73293,6,,,0,30,,73315,6,,,0,70,,73301,6,,,0,30,,73292,6,,,0,70,,69412,6,,,0,30,,73307,6,,,0,70,,73291,6,,,0,30,,69407,6,,,0,65,,73319,6,,,0,25,,73320,6,,,0
702019,'1965',637,,73262,6,,,0,65,,73263,6,,,0,24,,69507,6,,,0,22,,69477,6,,,0,55,,73264,6,,,0,23,,64880,6,,,0,17,,73285,6,,,0,12,,69506,6,,,0,72,,69479,6,,,0,90,,73266,6,,,0,30,,73288,6,,,0,100,,69483,6,,,0,70,,73268,6,,,0,130,,73270,6,,,0,70,,73271,6,,,0,102,,73286,6,,,0,22,,73273,6,,,0,60,,73274,6,,,0,20,,73275,6,,,0,20,,73276,6,,,0,60,,73287,6,,,0,20,,73277,6,,,0,17,,73278,6,,,0,85,,69495,6,,,0,30,,69496,6,,,0,70,,73280,6,,,0,30,,69498,6,,,0,70,,73281,6,,,0,30,,73282,6,,,0,70,,69501,6,,,0,30,,73283,6,,,0,69,,69503,6,,,0,30,,69504,6,,,0,65,,73284,6,,,0,25,,69511,6,,,0
702019,'1967',652,,69324,6,,,0,70,,69326,6,,,0,30,,69328,6,,,0,70,,69323,6,,,0,30,,69325,6,,,0,71,,69327,6,,,0,30,,69329,6,,,0,71,,69340,6,,,0,30,,69338,6,,,0,70,,69344,6,,,0,30,,69335,6,,,0,70,,69348,6,,,0,30,,69337,6,,,0,70,,69346,6,,,0,30,,69343,6,,,0,70,,69342,6,,,0,30,,69339,6,,,0,70,,69332,6,,,0,30,,73290,6,,,0,70,,69331,6,,,0,30,,69341,6,,,0,70,,69334,6,,,0,30,,73289,6,,,0,70,,69345,6,,,0,30,,69336,6,,,0,70,,69318,6,,,0,30,,69321,6,,,0,70,,69314,6,,,0,29,,69316,6,,,0,70,,69319,6,,,0,30,,69322,6,,,0,70,,69315,6,,,0,30,,69317,6,,,0,65,,69320,6,,,0,25,,69330,6,,,0
702019,'1969',653,,73251,6,,,0,70,,73241,6,,,0,30,,73259,6,,,0,70,,73247,6,,,0,30,,73240,6,,,0,70,,73258,6,,,0,31,,73250,6,,,0,70,,73239,6,,,0,30,,69445,6,,,0,70,,73246,6,,,0,30,,69426,6,,,0,70,,73252,6,,,0,30,,69430,6,,,0,70,,73238,6,,,0,30,,73257,6,,,0,70,,73245,6,,,0,30,,73237,6,,,0,70,,73255,6,,,0,30,,73249,6,,,0,70,,73236,6,,,0,30,,73254,6,,,0,70,,73244,6,,,0,30,,73235,6,,,0,69,,73253,6,,,0,30,,73243,6,,,0,70,,73234,6,,,0,30,,73256,6,,,0,70,,73242,6,,,0,30,,73233,6,,,0,70,,69447,6,,,0,30,,73248,6,,,0,70,,73232,6,,,0,30,,69442,6,,,0,65,,73260,6,,,0,25,,73261,6,,,0
702019,'1970',947,,74990,6,,,0,170,,74991,6,,,0,130,,74992,6,,,0,70,,74993,6,,,0,132,,74994,6,,,0,309,,74995,6,,,0
14000001019,'1912',2430,,65844,43,,,0,70,,70196,43,,,0,30,,75054,43,,,0,70,,65845,43,,,0,30,,70197,43,,,0
14000001019,'1959',2430,,65849,43,,,0,70,,70198,43,,,0,100,,65850,43,,,0,30,,70199,43,,,0
14000001019,'1965',2430,,65835,43,,,0,70,,73580,43,,,0,100,,65834,43,,,0,30,,73582,43,,,0
14000001019,'1966',2530,,73584,43,,,0
14000001019,'1967',2430,,65840,43,,,0,70,,73583,43,,,0,100,,65838,43,,,0,30,,73585,43,,,0
14000001019,'1968',2530,,73579,43,,,0
14000001019,'1969',2430,,65854,43,,,0,70,,70200,43,,,0,100,,65855,43,,,0,30,,70201,43,,,0
14000001019,'1970',2530,,75055,43,,,0
14000001019,'1971',2530,,75056,43,,,0
14000001019,'1972',2530,,75057,43,,,0
14000001019,'1973',2530,,75058,43,,,0
