10019,'1909',915,,60946,15,,,0,999,,60966,15,,,0,98,,60968,15,,,0,100,,60970,15,,,0,100,,60971,15,,,0
10019,'1910',1844,,66746,15,,,0,69,,60997,15,,,0,100,,66747,15,,,0,100,,60999,15,,,0
10019,'1912',743,,61000,15,,,0,70,,66748,15,,,0,30,,61002,15,,,0,70,,66749,15,,,0,30,,61004,15,,,0,70,,71282,15,,,0,30,,71283,15,,,0,70,,71284,15,,,0,30,,71285,15,,,0,71,,71286,15,,,0,30,,71287,15,,,0,70,,71288,15,,,0,30,,71289,15,,,0,70,,71290,15,,,0,30,,71291,15,,,0,70,,71292,15,,,0,30,,71293,15,,,0,70,,71294,15,,,0,30,,66763,15,,,0,70,,71295,15,,,0,30,,71296,15,,,0,69,,71297,15,,,0,30,,66767,15,,,0,70,,71298,15,,,0
10019,'1924',743,,61024,15,,,0,70,,66769,15,,,0,30,,61026,15,,,0,70,,66770,15,,,0,30,,61028,15,,,0,701,,66784,15,,,0,199,,66788,15,,,0
10019,'1925',743,,61048,15,,,0,70,,66790,15,,,0,30,,61050,15,,,0,70,,66791,15,,,0,30,,61052,15,,,0,70,,71299,15,,,0,30,,71300,15,,,0,70,,71301,15,,,0,30,,71302,15,,,0,71,,71303,15,,,0,30,,71304,15,,,0,70,,71305,15,,,0,30,,71306,15,,,0,70,,71307,15,,,0,30,,71308,15,,,0,70,,71309,15,,,0,30,,71310,15,,,0,70,,71311,15,,,0,30,,66805,15,,,0,70,,71312,15,,,0,30,,71313,15,,,0,69,,71314,15,,,0,30,,66809,15,,,0,70,,71315,15,,,0
10019,'1949',1345,,66831,15,,,0
10019,'1955',643,,60972,15,,,0,70,,66724,15,,,0,30,,66725,15,,,0,70,,66726,15,,,0,30,,60976,15,,,0,70,,66727,15,,,0,30,,66728,15,,,0,71,,66729,15,,,0,30,,66730,15,,,0,70,,66731,15,,,0,30,,66732,15,,,0,70,,66733,15,,,0,30,,66734,15,,,0,70,,66735,15,,,0,30,,66736,15,,,0,70,,66737,15,,,0,30,,66738,15,,,0,70,,66739,15,,,0,30,,66740,15,,,0,70,,66741,15,,,0,30,,66742,15,,,0,70,,66743,15,,,0,30,,66744,15,,,0,70,,66745,15,,,0
10019,'1956',1013,,66771,15,,,0,30,,66772,15,,,0,70,,66773,15,,,0,30,,66774,15,,,0,71,,66775,15,,,0,30,,66776,15,,,0,70,,66777,15,,,0,30,,66778,15,,,0,70,,66779,15,,,0,30,,66780,15,,,0,70,,66781,15,,,0,30,,66782,15,,,0,70,,66783,15,,,0,100,,66785,15,,,0,30,,66786,15,,,0,69,,66787,15,,,0,100,,66789,15,,,0
10019,'1957',543,,71316,15,,,0,70,,71317,15,,,0,30,,71318,15,,,0,71,,71319,15,,,0,30,,71320,15,,,0,70,,71321,15,,,0,30,,71322,15,,,0,101,,71323,15,,,0,70,,71324,15,,,0,30,,71325,15,,,0,70,,71326,15,,,0,30,,71327,15,,,0,70,,71328,15,,,0,30,,71329,15,,,0,70,,71330,15,,,0,100,,71331,15,,,0,33,,71332,15,,,0,70,,71333,15,,,0,30,,71334,15,,,0,70,,71335,15,,,0,30,,71336,15,,,0,70,,71337,15,,,0,26,,71338,15,,,0,70,,71339,15,,,0,30,,71340,15,,,0,100,,71341,15,,,0,98,,71342,15,,,0
10019,'1958',643,,71343,15,,,0,70,,71344,15,,,0,30,,71345,15,,,0,70,,71346,15,,,0,30,,71347,15,,,0,70,,71348,15,,,0,30,,71349,15,,,0,71,,71350,15,,,0,30,,71351,15,,,0,70,,71352,15,,,0,30,,71353,15,,,0,70,,71354,15,,,0,30,,71355,15,,,0,70,,71356,15,,,0,30,,71357,15,,,0,70,,71358,15,,,0,30,,71359,15,,,0,70,,71360,15,,,0,30,,71361,15,,,0,70,,71362,15,,,0,30,,71363,15,,,0,70,,71364,15,,,0,30,,71365,15,,,0,70,,71366,15,,,0
10019,'1959',1013,,71367,15,,,0,30,,71368,15,,,0,70,,71369,15,,,0,30,,71370,15,,,0,71,,71371,15,,,0,30,,71372,15,,,0,70,,71373,15,,,0,30,,71374,15,,,0,70,,71375,15,,,0,30,,71376,15,,,0,70,,71377,15,,,0,30,,71378,15,,,0,70,,71379,15,,,0,100,,71380,15,,,0,30,,71381,15,,,0,69,,71382,15,,,0,100,,71383,15,,,0
