1029,'1912',557,,73732,8,,,0,98,,73733,8,,,0,100,,73734,8,,,0,100,,73735,8,,,0,101,,73736,8,,,0,100,,73737,8,,,0,100,,73738,8,,,0,100,,73739,8,,,0,100,,73740,8,,,0,100,,73741,8,,,0,100,,73742,8,,,0,100,,73743,8,,,0,100,,73744,8,,,0,100,,73745,8,,,0,100,,73746,8,,,0,100,,73747,8,,,0,100,,73748,8,,,0,99,,73749,8,,,0
1029,'1970',555,,73759,8,,,0,75,,73760,8,,,0,25,,73780,8,,,0,70,,73756,8,,,0,30,,73751,8,,,0,70,,73784,8,,,0,33,,73754,8,,,0,70,,73761,8,,,0,30,,73779,8,,,0,70,,73758,8,,,0,30,,73750,8,,,0,70,,73783,8,,,0,30,,73755,8,,,0,70,,73762,8,,,0,30,,73778,8,,,0,70,,73757,8,,,0,30,,73752,8,,,0,70,,73781,8,,,0,31,,73753,8,,,0,70,,73763,8,,,0,30,,73777,8,,,0,70,,73766,8,,,0,30,,73765,8,,,0,70,,73764,8,,,0,27,,73770,8,,,0,70,,73769,8,,,0,30,,73768,8,,,0,70,,73767,8,,,0,30,,73782,8,,,0,69,,73776,8,,,0,30,,73775,8,,,0,70,,73774,8,,,0,30,,73773,8,,,0,70,,73772,8,,,0,25,,73771,8,,,0
1029,'1971',557,,73790,8,,,0,68,,73802,8,,,0,30,,73809,8,,,0,70,,73797,8,,,0,30,,73818,8,,,0,70,,73806,8,,,0,30,,73789,8,,,0,69,,73801,8,,,0,30,,73812,8,,,0,70,,73796,8,,,0,30,,73819,8,,,0,70,,73805,8,,,0,30,,73788,8,,,0,70,,73800,8,,,0,30,,73811,8,,,0,70,,73795,8,,,0,30,,73791,8,,,0,70,,73804,8,,,0,30,,73787,8,,,0,70,,73799,8,,,0,30,,73807,8,,,0,70,,73794,8,,,0,30,,73816,8,,,0,70,,73803,8,,,0,30,,73786,8,,,0,71,,73798,8,,,0,30,,73810,8,,,0,70,,73792,8,,,0,30,,73814,8,,,0,70,,73813,8,,,0,30,,73785,8,,,0,70,,73793,8,,,0,30,,73808,8,,,0,70,,73817,8,,,0,30,,73815,8,,,0
1029,'1972',557,,73820,8,,,0,98,,73821,8,,,0,100,,73822,8,,,0,100,,73823,8,,,0,101,,73824,8,,,0,100,,73825,8,,,0,100,,73826,8,,,0,100,,73827,8,,,0,100,,73828,8,,,0,100,,73829,8,,,0,100,,73830,8,,,0,100,,73831,8,,,0,100,,73832,8,,,0,100,,73833,8,,,0,100,,73834,8,,,0,100,,73835,8,,,0,100,,73836,8,,,0,99,,73837,8,,,0
1029,'1973',557,,73838,8,,,0,98,,73839,8,,,0,100,,73840,8,,,0,100,,73841,8,,,0,101,,73842,8,,,0,100,,73843,8,,,0,100,,73844,8,,,0,100,,73845,8,,,0,100,,73846,8,,,0,100,,73847,8,,,0,100,,73848,8,,,0,100,,73849,8,,,0,100,,73850,8,,,0,100,,73851,8,,,0,100,,73852,8,,,0,100,,73853,8,,,0,100,,73854,8,,,0,99,,73855,8,,,0
2029,'1912',610,,74007,7,0,39 40,0,30,,74015,7,0,39 40,0,67,,74026,7,0,39 40,0,28,,74021,7,0,39 40,0,70,,74008,7,0,39 40,0,30,,74016,7,0,39 40,0,70,,74027,7,0,39 40,0,30,,74022,7,0,39 40,0,70,,74009,7,0,39 40,0,30,,74017,7,0,39 40,0,70,,74028,7,0,39 40,0,30,,74023,7,0,39 40,0,70,,74010,7,0,39 40,0,30,,74018,7,0,39 40,0,70,,74029,7,0,39 40,0,30,,74024,7,0,39 40,0,70,,74011,7,0,39 40,0,30,,74019,7,0,39 40,0,70,,74030,7,0,39 40,0,30,,74025,7,0,39 40,0,70,,74012,7,0,39 40,0,30,,74020,7,0,39 40,0,70,,74031,7,0,39 40,0,29,,74035,7,0,5 2 13 14,0,71,,74013,7,0,39 40,0,29,,74034,7,0,5 2 13 14,0,71,,74032,7,0,39 40,0,100,,74014,7,0,39 40,0,101,,74033,7,0,39 40,0,100,,74006,7,0,39 40,0,53,,74036,7,0,5 2 13 14,0,141,,74037,7,0,5 2 13 14,0
2029,'1966',1935,,70596,10,0,5 2 13 14,0,366,,70593,10,0,5 2 13 14,0
2029,'1968',1735,,70525,10,0,5 2 13 14,0,100,,70524,10,0,5 2 13 14,0,465,,70526,10,0,5 2 13 14,0
2029,'1970',537,,74038,7,0,39 40,0,70,,74039,7,0,39 40,0,26,,74040,7,0,39 40,0,69,,74041,7,0,39 40,0,30,,74042,7,0,39 40,0,70,,74043,7,0,39 40,0,30,,74044,7,0,39 40,0,72,,74045,7,0,39 40,0,31,,74046,7,0,39 40,0,71,,74069,7,0,39 40,0,30,,74065,7,0,39 40,0,70,,74071,7,0,39 40,0,30,,74067,7,0,39 40,0,70,,74068,7,0,39 40,0,30,,74064,7,0,39 40,0,70,,74070,7,0,39 40,0,30,,74066,7,0,39 40,0,70,,74072,7,0,39 40,0,31,,74047,7,0,39 40,0,74,,74048,7,0,39 40,0,30,,74049,7,0,39 40,0,70,,74050,7,0,39 40,0,30,,74051,7,0,39 40,0,70,,74052,7,0,39 40,0,28,,74053,7,0,39 40,0,67,,74054,7,0,39 40,0,30,,74058,7,0,39 40,0,70,,74059,7,0,39 40,0,29,,74062,7,0,5 2 13 14,0,71,,74060,7,0,39 40,0,97,,74061,7,0,39 40,0,100,,74057,7,0,39 40,0,99,,74056,7,0,5 2 13 14,0,98,,74063,7,0,5 2 13 14,0
2029,'1971',540,,74104,7,0,5 2 15 16 17,0,70,,74087,7,0,39 40,0,30,,74094,7,0,39 40,0,65,,74073,7,0,39 40,0,30,,74079,7,0,39 40,0,70,,74088,7,0,39 40,0,30,,74095,7,0,39 40,0,70,,74074,7,0,39 40,0,30,,74080,7,0,39 40,0,70,,74089,7,0,39 40,0,30,,74096,7,0,39 40,0,70,,74075,7,0,39 40,0,30,,74081,7,0,39 40,0,70,,74090,7,0,39 40,0,30,,74097,7,0,39 40,0,70,,74076,7,0,39 40,0,30,,74082,7,0,39 40,0,70,,74091,7,0,39 40,0,30,,74098,7,0,39 40,0,70,,74077,7,0,39 40,0,30,,74083,7,0,39 40,0,70,,74092,7,0,39 40,0,30,,74099,7,0,39 40,0,70,,74078,7,0,39 40,0,30,,74084,7,0,39 40,0,70,,74093,7,0,39 40,0,30,,74100,7,0,39 40,0,70,,74085,7,0,39 40,0,29,,74106,7,0,5 2 13 14,0,71,,74101,7,0,39 40,0,100,,74086,7,0,39 40,0,100,,74102,7,0,39 40,0,96,,74103,7,0,5 2 13 14,0,58,,74105,7,0,5 2 13 14,0
2029,'1972',610,,74108,7,0,39 40,0,30,,74116,7,0,39 40,0,67,,74127,7,0,39 40,0,28,,74122,7,0,39 40,0,70,,74109,7,0,39 40,0,30,,74117,7,0,39 40,0,70,,74128,7,0,39 40,0,30,,74123,7,0,39 40,0,70,,74110,7,0,39 40,0,30,,74118,7,0,39 40,0,70,,74129,7,0,39 40,0,30,,74124,7,0,39 40,0,70,,74111,7,0,39 40,0,30,,74119,7,0,39 40,0,70,,74130,7,0,39 40,0,30,,74125,7,0,39 40,0,70,,74112,7,0,39 40,0,30,,74120,7,0,39 40,0,70,,74131,7,0,39 40,0,30,,74126,7,0,39 40,0,70,,74113,7,0,39 40,0,30,,74121,7,0,39 40,0,70,,74132,7,0,39 40,0,29,,74136,7,0,5 2 13 14,0,71,,74114,7,0,39 40,0,29,,74135,7,0,5 2 13 14,0,71,,74133,7,0,39 40,0,100,,74115,7,0,39 40,0,101,,74134,7,0,39 40,0,100,,74107,7,0,39 40,0,53,,74137,7,0,5 2 13 14,0,141,,74138,7,0,5 2 13 14,0
2029,'1973',610,,74140,7,0,39 40,0,30,,74148,7,0,39 40,0,67,,74159,7,0,39 40,0,28,,74154,7,0,39 40,0,70,,74141,7,0,39 40,0,30,,74149,7,0,39 40,0,70,,74160,7,0,39 40,0,30,,74155,7,0,39 40,0,70,,74142,7,0,39 40,0,30,,74150,7,0,39 40,0,70,,74161,7,0,39 40,0,30,,74156,7,0,39 40,0,70,,74143,7,0,39 40,0,30,,74151,7,0,39 40,0,70,,74162,7,0,39 40,0,30,,74157,7,0,39 40,0,70,,74144,7,0,39 40,0,30,,74152,7,0,39 40,0,70,,74163,7,0,39 40,0,30,,74158,7,0,39 40,0,70,,74145,7,0,39 40,0,30,,74153,7,0,39 40,0,70,,74164,7,0,39 40,0,29,,74168,7,0,5 2 13 14,0,71,,74146,7,0,39 40,0,29,,74167,7,0,5 2 13 14,0,71,,74165,7,0,39 40,0,100,,74147,7,0,39 40,0,101,,74166,7,0,39 40,0,100,,74139,7,0,39 40,0,53,,74169,7,0,5 2 13 14,0,141,,74170,7,0,5 2 13 14,0
