2019,'1912',710,,70341,38,,,0,30,,70318,38,,,0,70,,70322,38,,,0,30,,70334,38,,,0,72,,70329,38,,,0,30,,70319,38,,,0,70,,70323,38,,,0,30,,70335,38,,,0,70,,70330,38,,,0,30,,70320,38,,,0,70,,70324,38,,,0,30,,70336,38,,,0,70,,70331,38,,,0,30,,70321,38,,,0,70,,70325,38,,,0,30,,70337,38,,,0,70,,70332,38,,,0,30,,70316,38,,,0,70,,70326,38,,,0,30,,70338,38,,,0,70,,70333,38,,,0,30,,70314,38,,,0,70,,70327,38,,,0,30,,70339,38,,,0,100,,70315,38,,,0,99,,70340,38,,,0,100,,70317,38,,,0,100,,70328,38,,,0,99,,70342,38,,,0
2019,'1925',710,,70370,38,,,0,30,,70347,38,,,0,70,,70351,38,,,0,30,,70363,38,,,0,72,,70358,38,,,0,30,,70348,38,,,0,70,,70352,38,,,0,30,,70364,38,,,0,70,,70359,38,,,0,30,,70349,38,,,0,70,,70353,38,,,0,30,,70365,38,,,0,70,,70360,38,,,0,30,,70350,38,,,0,70,,70354,38,,,0,30,,70366,38,,,0,70,,70361,38,,,0,30,,70345,38,,,0,70,,70355,38,,,0,30,,70367,38,,,0,70,,70362,38,,,0,30,,70343,38,,,0,70,,70356,38,,,0,30,,70368,38,,,0,100,,70344,38,,,0,99,,70369,38,,,0,100,,70346,38,,,0,100,,70357,38,,,0,99,,70371,38,,,0
2019,'1955',640,,59396,29,,,0,70,,59403,38,,,0,30,,59412,38,,,0,70,,59419,38,,,0,30,,59397,38,,,0,70,,59404,38,,,0,30,,59413,38,,,0,72,,59420,38,,,0,31,,59398,38,,,0,70,,59405,38,,,0,30,,59414,38,,,0,70,,59421,38,,,0,30,,59399,38,,,0,70,,59406,38,,,0,30,,59415,38,,,0,70,,59422,38,,,0,30,,59400,38,,,0,70,,59407,38,,,0,30,,59416,38,,,0,70,,59423,38,,,0,30,,59401,38,,,0,70,,59408,38,,,0,30,,59417,38,,,0,70,,59424,38,,,0,30,,59402,38,,,0,70,,59409,38,,,0,30,,59418,38,,,0,98,,59410,38,,,0,100,,59425,38,,,0,100,,59411,38,,,0,100,,59426,38,,,0
2019,'1956',710,,59483,38,,,0,30,,59460,38,,,0,70,,59464,38,,,0,30,,59476,38,,,0,72,,59471,38,,,0,30,,59461,38,,,0,70,,59465,38,,,0,30,,59477,38,,,0,70,,59472,38,,,0,30,,59462,38,,,0,70,,59466,38,,,0,30,,59478,38,,,0,70,,59473,38,,,0,30,,59463,38,,,0,70,,59467,38,,,0,30,,59479,38,,,0,70,,59474,38,,,0,30,,59458,38,,,0,70,,59468,38,,,0,30,,59480,38,,,0,70,,59475,38,,,0,30,,59456,38,,,0,70,,59469,38,,,0,30,,59481,38,,,0,100,,59457,38,,,0,99,,59482,38,,,0,100,,59459,38,,,0,100,,59470,38,,,0,99,,59484,38,,,0
2019,'1957',505,,70403,29,0,5 2 13 14,0,136,,70372,38,,,0,71,,70373,38,,,0,30,,70374,38,,,0,70,,70375,38,,,0,31,,70376,38,,,0,71,,70377,38,,,0,31,,70394,38,,,0,70,,70395,38,,,0,30,,70396,38,,,0,70,,70397,38,,,0,30,,70398,38,,,0,70,,70399,38,,,0,30,,70400,38,,,0,70,,70401,38,,,0,30,,70402,38,,,0,70,,70392,38,,,0,33,,70393,38,,,0,71,,70378,38,,,0,30,,70379,38,,,0,70,,70380,38,,,0,30,,70381,38,,,0,70,,70382,38,,,0,27,,70383,38,,,0,69,,70384,38,,,0,30,,70385,38,,,0,70,,70391,38,,,0,30,,70386,38,,,0,97,,70387,38,,,0,100,,70388,38,,,0,100,,70389,38,,,0,100,,70390,38,,,0
2019,'1958',640,,70404,29,,,0,70,,70411,38,,,0,30,,70420,38,,,0,70,,70427,38,,,0,30,,70405,38,,,0,70,,70412,38,,,0,30,,70421,38,,,0,72,,70428,38,,,0,31,,70406,38,,,0,70,,70413,38,,,0,30,,70422,38,,,0,70,,70429,38,,,0,30,,70407,38,,,0,70,,70414,38,,,0,30,,70423,38,,,0,70,,70430,38,,,0,30,,70408,38,,,0,70,,70415,38,,,0,30,,70424,38,,,0,70,,70431,38,,,0,30,,70409,38,,,0,70,,70416,38,,,0,30,,70425,38,,,0,70,,70432,38,,,0,30,,70410,38,,,0,70,,70417,38,,,0,30,,70426,38,,,0,98,,70418,38,,,0,100,,70433,38,,,0,100,,70419,38,,,0,100,,70434,38,,,0
2019,'1959',710,,70462,38,,,0,30,,70439,38,,,0,70,,70443,38,,,0,30,,70455,38,,,0,72,,70450,38,,,0,30,,70440,38,,,0,70,,70444,38,,,0,30,,70456,38,,,0,70,,70451,38,,,0,30,,70441,38,,,0,70,,70445,38,,,0,30,,70457,38,,,0,70,,70452,38,,,0,30,,70442,38,,,0,70,,70446,38,,,0,30,,70458,38,,,0,70,,70453,38,,,0,30,,70437,38,,,0,70,,70447,38,,,0,30,,70459,38,,,0,70,,70454,38,,,0,30,,70435,38,,,0,70,,70448,38,,,0,30,,70460,38,,,0,100,,70436,38,,,0,99,,70461,38,,,0,100,,70438,38,,,0,100,,70449,38,,,0,99,,70463,38,,,0
7019,'1909',543,,60398,18,,,0,103,,60397,18,,,0,1299,,60375,18,,,0,100,,60374,18,,,0,197,,60373,18,,,0
7019,'1910',844,,60423,18,,,0,272,,66542,18,,,0,30,,60426,18,,,0,200,,60428,18,,,0,70,,66551,18,,,0,30,,60429,18,,,0,100,,60430,18,,,0,100,,66550,18,,,0,100,,60432,18,,,0,267,,66556,18,,,0,30,,60411,18,,,0,99,,60412,18,,,0,71,,60442,3,,,0
7019,'1912',743,,60448,18,,,0,71,,66571,3,,,0,30,,60449,18,,,0,73,,71124,3,,,0,27,,60457,18,,,0,73,,71128,3,,,0,28,,60450,18,,,0,72,,71123,3,,,0,28,,60451,18,,,0,72,,71127,3,,,0,28,,60452,18,,,0,73,,71122,3,,,0,27,,60453,18,,,0,73,,71126,3,,,0,28,,60454,18,,,0,73,,71121,3,,,0,27,,60455,18,,,0,73,,71125,3,,,0,26,,60456,18,,,0,73,,71120,3,,,0,27,,60444,18,,,0,72,,66566,3,,,0,27,,60445,18,,,0,72,,60466,3,,,0,27,,60443,18,,,0,72,,60467,3,,,0,28,,60447,18,,,0,72,,60474,3,,,0,28,,60446,18,,,0
7019,'1924',743,,60483,18,,,0,71,,66584,3,,,0,30,,60484,18,,,0,100,,60492,18,,,0,101,,60485,18,,,0,100,,60486,18,,,0,100,,60487,18,,,0,100,,60488,18,,,0,101,,60489,18,,,0,100,,60490,18,,,0,99,,60491,18,,,0,100,,60479,18,,,0,72,,66579,3,,,0,27,,60480,18,,,0,72,,60501,3,,,0,27,,60478,18,,,0,72,,60502,3,,,0,28,,60482,18,,,0,72,,60509,3,,,0,28,,60481,18,,,0
7019,'1925',743,,60518,18,,,0,71,,66597,3,,,0,30,,60519,18,,,0,73,,71134,3,,,0,27,,60527,18,,,0,73,,71138,3,,,0,28,,60520,18,,,0,72,,71133,3,,,0,28,,60521,18,,,0,72,,71137,3,,,0,28,,60522,18,,,0,73,,71132,3,,,0,27,,60523,18,,,0,73,,71136,3,,,0,28,,60524,18,,,0,73,,71131,3,,,0,27,,60525,18,,,0,73,,71135,3,,,0,26,,60526,18,,,0,73,,71130,3,,,0,27,,60514,18,,,0,72,,66592,3,,,0,27,,60515,18,,,0,72,,60536,3,,,0,27,,60513,18,,,0,72,,60537,3,,,0,28,,60517,18,,,0,72,,60544,3,,,0,28,,60516,18,,,0
7019,'1949',1917,,66622,18,,,0
7019,'1955',643,,66545,18,,,0,69,,66538,18,,,0,30,,66546,18,,,0,70,,66539,18,,,0,102,,66540,18,,,0,30,,66547,18,,,0,72,,66541,18,,,0,30,,66548,18,,,0,170,,66543,18,,,0,30,,66549,18,,,0,70,,66544,18,,,0,200,,66553,18,,,0,100,,66552,18,,,0,100,,66554,18,,,0,100,,66557,18,,,0,29,,66535,18,,,0,69,,66555,18,,,0,30,,66536,18,,,0,298,,66537,18,,,0
7019,'1956',917,,66578,3,,,0,100,,66583,3,,,0,100,,66577,3,,,0,100,,66582,3,,,0,101,,66576,3,,,0,100,,66581,3,,,0,101,,66575,3,,,0,100,,66580,3,,,0,99,,66574,3,,,0
7019,'1957',716,,71162,18,,,0,32,,71161,18,,,0,72,,71160,18,,,0,28,,71159,18,,,0,70,,71155,18,,,0,30,,71157,18,,,0,70,,71158,18,,,0,30,,71156,18,,,0,70,,71154,18,,,0,30,,71166,18,,,0,70,,71165,18,,,0,30,,71164,18,,,0,70,,71163,18,,,0,30,,71147,18,,,0,71,,71153,18,,,0,32,,71146,18,,,0,49,,71169,3,,,0,24,,71145,18,,,0,27,,71152,18,,,0,70,,71151,18,,,0,30,,71150,18,,,0,68,,71144,18,,,0,29,,71143,18,,,0,70,,71142,18,,,0,30,,71149,18,,,0,167,,71148,18,,,0,128,,71141,18,,,0,71,,71170,3,,,0,128,,71171,18,,,0
7019,'1958',643,,71181,18,,,0,69,,71175,18,,,0,30,,71182,18,,,0,70,,71176,18,,,0,102,,71177,18,,,0,30,,71183,18,,,0,72,,71178,18,,,0,30,,71184,18,,,0,170,,71179,18,,,0,30,,71185,18,,,0,70,,71180,18,,,0,200,,71187,18,,,0,100,,71186,18,,,0,100,,71188,18,,,0,100,,71190,18,,,0,29,,71172,18,,,0,69,,71189,18,,,0,30,,71173,18,,,0,298,,71174,18,,,0
7019,'1959',917,,71195,3,,,0,100,,71199,3,,,0,100,,71194,3,,,0,100,,71198,3,,,0,101,,71193,3,,,0,100,,71197,3,,,0,101,,71192,3,,,0,100,,71196,3,,,0,99,,71191,3,,,0
