15019,'1909',654,,61509,37,,,0,876,,61526,37,,,0,296,,61532,37,,,0
15019,'1910',928,,61542,37,,,0,302,,61545,37,,,0,204,,61547,37,,,0,100,,61548,37,,,0,100,,61549,37,,,0,100,,67300,37,,,0,97,,61551,37,,,0
15019,'1912',728,,61566,37,,,0,100,,61564,37,,,0,100,,61567,37,,,0,101,,61565,37,,,0,100,,61562,37,,,0,100,,61560,37,,,0,103,,61563,37,,,0,100,,61561,37,,,0,100,,61558,37,,,0,99,,61559,37,,,0,100,,61556,37,,,0,100,,61557,37,,,0,100,,61555,37,,,0,97,,71673,37,,,0
15019,'1924',728,,61580,37,,,0,100,,61578,37,,,0,100,,61581,37,,,0,101,,61579,37,,,0,100,,61576,37,,,0,100,,61574,37,,,0,103,,61577,37,,,0,100,,61575,37,,,0,100,,61572,37,,,0,99,,61573,37,,,0,100,,61570,37,,,0,100,,61571,37,,,0,100,,61569,37,,,0
15019,'1925',728,,61594,37,,,0,100,,61592,37,,,0,100,,61595,37,,,0,101,,61593,37,,,0,100,,61590,37,,,0,100,,61588,37,,,0,103,,61591,37,,,0,100,,61589,37,,,0,100,,61586,37,,,0,99,,61587,37,,,0,100,,61584,37,,,0,100,,61585,37,,,0,100,,61583,37,,,0,97,,71674,37,,,0
15019,'1949',601,,67336,3,0,5 2 6 7,0,158,,67326,37,,,0,1495,,67335,37,0,5 2 6 7,0
15019,'1955',603,,67303,3,0,5 2 6 7,0,125,,67295,37,,,0,100,,67296,37,,,0,202,,67297,37,,,0,100,,67298,37,,,0,204,,67299,37,,,0,597,,67301,37,,,0,97,,67302,37,,,0
15019,'1956',2028,,67305,37,,,0
15019,'1957',724,,71675,37,,,0,105,,71676,37,,,0,28,,71677,37,,,0,70,,71678,37,,,0,30,,71679,37,,,0,70,,71680,37,,,0,30,,71681,37,,,0,70,,71682,37,,,0,30,,71683,37,,,0,70,,71684,37,,,0,30,,71685,37,,,0,70,,71686,37,,,0,30,,71687,37,,,0,70,,71688,37,,,0,73,,71689,37,,,0,100,,71690,37,,,0,29,,71691,37,,,0,28,,71692,37,,,0,70,,71693,37,,,0,29,,71694,37,,,0,100,,71695,37,,,0,70,,71699,37,,,0,30,,71696,37,,,0,98,,71697,37,,,0,100,,71698,37,,,0
15019,'1958',603,,71707,3,0,5 2 6 7,0,125,,71700,37,,,0,100,,71701,37,,,0,202,,71702,37,,,0,100,,71703,37,,,0,204,,71704,37,,,0,597,,71705,37,,,0,97,,71706,37,,,0
15019,'1959',2028,,71708,37,,,0
