1029,'1912',556,,73732,6,,,0,98,,73733,6,,,0,100,,73734,6,,,0,100,,73735,6,,,0,101,,73736,6,,,0,100,,73737,6,,,0,100,,73738,6,,,0,100,,73739,6,,,0,100,,73740,6,,,0,100,,73741,6,,,0,100,,73742,6,,,0,100,,73743,6,,,0,100,,73744,6,,,0,100,,73745,6,,,0,100,,73746,6,,,0,100,,73747,6,,,0,100,,73748,6,,,0,99,,73749,6,,,0
1029,'1959',556,,73820,6,,,0,98,,73821,6,,,0,100,,73822,6,,,0,100,,73823,6,,,0,101,,73824,6,,,0,100,,73825,6,,,0,100,,73826,6,,,0,100,,73827,6,,,0,100,,73828,6,,,0,100,,73829,6,,,0,100,,73830,6,,,0,100,,73831,6,,,0,100,,73832,6,,,0,100,,73833,6,,,0,100,,73834,6,,,0,100,,73835,6,,,0,100,,73836,6,,,0,99,,73837,6,,,0
1029,'1967',556,,73790,6,,,0,68,,73802,6,,,0,30,,73809,6,,,0,70,,73797,6,,,0,30,,73818,6,,,0,70,,73806,6,,,0,30,,73789,6,,,0,68,,73801,6,,,0,30,,73812,6,,,0,70,,73796,6,,,0,30,,73819,6,,,0,70,,73805,6,,,0,30,,73788,6,,,0,70,,73800,6,,,0,30,,73811,6,,,0,70,,73795,6,,,0,30,,73791,6,,,0,70,,73804,6,,,0,30,,73787,6,,,0,70,,73799,6,,,0,30,,73807,6,,,0,70,,73794,6,,,0,30,,73816,6,,,0,70,,73803,6,,,0,30,,73786,6,,,0,72,,73798,6,,,0,30,,73810,6,,,0,70,,73792,6,,,0,30,,73814,6,,,0,70,,73813,6,,,0,30,,73785,6,,,0,70,,73793,6,,,0,30,,73808,6,,,0,70,,73817,6,,,0,30,,73815,6,,,0
1029,'1969',556,,73838,6,,,0,98,,73839,6,,,0,100,,73840,6,,,0,100,,73841,6,,,0,101,,73842,6,,,0,100,,73843,6,,,0,100,,73844,6,,,0,100,,73845,6,,,0,100,,73846,6,,,0,100,,73847,6,,,0,100,,73848,6,,,0,100,,73849,6,,,0,100,,73850,6,,,0,100,,73851,6,,,0,100,,73852,6,,,0,100,,73853,6,,,0,100,,73854,6,,,0,99,,73855,6,,,0
1029,'1976',554,,73759,6,,,0,75,,73760,6,,,0,25,,73780,6,,,0,69,,73756,6,,,0,30,,73751,6,,,0,70,,73784,6,,,0,33,,73754,6,,,0,70,,73761,6,,,0,30,,73779,6,,,0,70,,73758,6,,,0,30,,73750,6,,,0,70,,73783,6,,,0,30,,73755,6,,,0,70,,73762,6,,,0,30,,73778,6,,,0,70,,73757,6,,,0,30,,73752,6,,,0,70,,73781,6,,,0,31,,73753,6,,,0,70,,73763,6,,,0,30,,73777,6,,,0,70,,73766,6,,,0,30,,73765,6,,,0,70,,73764,6,,,0,28,,73770,6,,,0,70,,73769,6,,,0,30,,73768,6,,,0,70,,73767,6,,,0,30,,73782,6,,,0,69,,73776,6,,,0,30,,73775,6,,,0,70,,73774,6,,,0,30,,73773,6,,,0,70,,73772,6,,,0,25,,73771,6,,,0
1029,'1977',554,,75115,6,,,0,75,,75116,6,,,0,25,,75136,6,,,0,69,,75112,6,,,0,30,,75107,6,,,0,70,,75140,6,,,0,33,,75110,6,,,0,70,,75117,6,,,0,30,,75135,6,,,0,70,,75114,6,,,0,30,,75106,6,,,0,70,,75139,6,,,0,30,,75111,6,,,0,70,,75118,6,,,0,30,,75134,6,,,0,70,,75113,6,,,0,30,,75108,6,,,0,70,,75137,6,,,0,31,,75109,6,,,0,70,,75119,6,,,0,30,,75133,6,,,0,70,,75122,6,,,0,30,,75121,6,,,0,70,,75120,6,,,0,28,,75126,6,,,0,70,,75125,6,,,0,30,,75124,6,,,0,70,,75123,6,,,0,30,,75138,6,,,0,69,,75132,6,,,0,30,,75131,6,,,0,70,,75130,6,,,0,30,,75129,6,,,0,70,,75128,6,,,0,25,,75127,6,,,0
2029,'1912',609,,74007,5,0,39 40,0,30,,74015,5,0,39 40,0,66,,74026,5,0,39 40,0,28,,74021,5,0,39 40,0,70,,74008,5,0,39 40,0,30,,74016,5,0,39 40,0,70,,74027,5,0,39 40,0,30,,74022,5,0,39 40,0,70,,74009,5,0,39 40,0,30,,74017,5,0,39 40,0,70,,74028,5,0,39 40,0,30,,74023,5,0,39 40,0,70,,74010,5,0,39 40,0,30,,74018,5,0,39 40,0,70,,74029,5,0,39 40,0,30,,74024,5,0,39 40,0,70,,74011,5,0,39 40,0,30,,74019,5,0,39 40,0,70,,74030,5,0,39 40,0,30,,74025,5,0,39 40,0,70,,74012,5,0,39 40,0,30,,74020,5,0,39 40,0,70,,74031,5,0,39 40,0,30,,74035,5,0,5 2 13 14,0,70,,74013,5,0,39 40,0,30,,74034,5,0,5 2 13 14,0,70,,74032,5,0,39 40,0,100,,74014,5,0,39 40,0,101,,74033,5,0,39 40,0,100,,74006,5,0,39 40,0,54,,74036,5,0,5 2 13 14,0,100,,74037,5,0,5 2 13 14,0
2029,'1959',609,,74108,5,0,39 40,0,30,,74116,5,0,39 40,0,66,,74127,5,0,39 40,0,28,,74122,5,0,39 40,0,70,,74109,5,0,39 40,0,30,,74117,5,0,39 40,0,70,,74128,5,0,39 40,0,30,,74123,5,0,39 40,0,70,,74110,5,0,39 40,0,30,,74118,5,0,39 40,0,70,,74129,5,0,39 40,0,30,,74124,5,0,39 40,0,70,,74111,5,0,39 40,0,30,,74119,5,0,39 40,0,70,,74130,5,0,39 40,0,30,,74125,5,0,39 40,0,70,,74112,5,0,39 40,0,30,,74120,5,0,39 40,0,70,,74131,5,0,39 40,0,30,,74126,5,0,39 40,0,70,,74113,5,0,39 40,0,30,,74121,5,0,39 40,0,70,,74132,5,0,39 40,0,30,,74136,5,0,5 2 13 14,0,70,,74114,5,0,39 40,0,30,,74135,5,0,5 2 13 14,0,70,,74133,5,0,39 40,0,100,,74115,5,0,39 40,0,101,,74134,5,0,39 40,0,100,,74107,5,0,39 40,0,54,,74137,5,0,5 2 13 14,0,100,,74138,5,0,5 2 13 14,0
2029,'1967',539,,74104,5,0,5 2 15 16 17,0,70,,74087,5,0,39 40,0,30,,74094,5,0,39 40,0,64,,74073,5,0,39 40,0,30,,74079,5,0,39 40,0,70,,74088,5,0,39 40,0,30,,74095,5,0,39 40,0,70,,74074,5,0,39 40,0,30,,74080,5,0,39 40,0,70,,74089,5,0,39 40,0,30,,74096,5,0,39 40,0,70,,74075,5,0,39 40,0,30,,74081,5,0,39 40,0,70,,74090,5,0,39 40,0,30,,74097,5,0,39 40,0,70,,74076,5,0,39 40,0,30,,74082,5,0,39 40,0,70,,74091,5,0,39 40,0,30,,74098,5,0,39 40,0,70,,74077,5,0,39 40,0,30,,74083,5,0,39 40,0,70,,74092,5,0,39 40,0,30,,74099,5,0,39 40,0,70,,74078,5,0,39 40,0,30,,74084,5,0,39 40,0,70,,74093,5,0,39 40,0,30,,74100,5,0,39 40,0,70,,74085,5,0,39 40,0,30,,74106,5,0,5 2 13 14,0,70,,74101,5,0,39 40,0,100,,74086,5,0,39 40,0,100,,74102,5,0,39 40,0,56,,74103,5,0,5 2 13 14,0,98,,74105,5,0,5 2 13 14,0
2029,'1969',609,,74140,5,0,39 40,0,30,,74148,5,0,39 40,0,66,,74159,5,0,39 40,0,28,,74154,5,0,39 40,0,70,,74141,5,0,39 40,0,30,,74149,5,0,39 40,0,70,,74160,5,0,39 40,0,30,,74155,5,0,39 40,0,70,,74142,5,0,39 40,0,30,,74150,5,0,39 40,0,70,,74161,5,0,39 40,0,30,,74156,5,0,39 40,0,70,,74143,5,0,39 40,0,30,,74151,5,0,39 40,0,70,,74162,5,0,39 40,0,30,,74157,5,0,39 40,0,70,,74144,5,0,39 40,0,30,,74152,5,0,39 40,0,70,,74163,5,0,39 40,0,30,,74158,5,0,39 40,0,70,,74145,5,0,39 40,0,30,,74153,5,0,39 40,0,70,,74164,5,0,39 40,0,30,,74168,5,0,5 2 13 14,0,70,,74146,5,0,39 40,0,30,,74167,5,0,5 2 13 14,0,70,,74165,5,0,39 40,0,100,,74147,5,0,39 40,0,101,,74166,5,0,39 40,0,100,,74139,5,0,39 40,0,54,,74169,5,0,5 2 13 14,0,100,,74170,5,0,5 2 13 14,0
2029,'1976',536,,74038,5,0,39 40,0,70,,74039,5,0,39 40,0,26,,74040,5,0,39 40,0,68,,74041,5,0,39 40,0,29,,74042,5,0,39 40,0,30,,74043,5,0,39 40,0,70,,74044,5,0,39 40,0,73,,74045,5,0,39 40,0,31,,74046,5,0,39 40,0,71,,74069,5,0,39 40,0,30,,74065,5,0,39 40,0,70,,74071,5,0,39 40,0,30,,74067,5,0,39 40,0,70,,74068,5,0,39 40,0,30,,74064,5,0,39 40,0,70,,74070,5,0,39 40,0,30,,74066,5,0,39 40,0,70,,74072,5,0,39 40,0,30,,74047,5,0,39 40,0,74,,74048,5,0,39 40,0,30,,74049,5,0,39 40,0,70,,74050,5,0,39 40,0,30,,74051,5,0,39 40,0,70,,74052,5,0,39 40,0,29,,74053,5,0,39 40,0,67,,74054,5,0,39 40,0,30,,74058,5,0,39 40,0,70,,74059,5,0,39 40,0,30,,74062,5,0,5 2 13 14,0,70,,74060,5,0,39 40,0,97,,74061,5,0,39 40,0,100,,74057,5,0,39 40,0,100,,74056,5,0,5 2 13 14,0,57,,74063,5,0,5 2 13 14,0
2029,'1977',536,,75173,5,0,39 40,0,70,,75174,5,0,39 40,0,26,,75175,5,0,39 40,0,68,,75176,5,0,39 40,0,29,,75177,5,0,39 40,0,30,,75178,5,0,39 40,0,70,,75179,5,0,39 40,0,73,,75180,5,0,39 40,0,31,,75181,5,0,39 40,0,71,,75204,5,0,39 40,0,30,,75200,5,0,39 40,0,70,,75206,5,0,39 40,0,30,,75202,5,0,39 40,0,70,,75203,5,0,39 40,0,30,,75199,5,0,39 40,0,70,,75205,5,0,39 40,0,30,,75201,5,0,39 40,0,70,,75207,5,0,39 40,0,30,,75182,5,0,39 40,0,74,,75183,5,0,39 40,0,30,,75184,5,0,39 40,0,70,,75185,5,0,39 40,0,30,,75186,5,0,39 40,0,70,,75187,5,0,39 40,0,29,,75188,5,0,39 40,0,67,,75189,5,0,39 40,0,30,,75193,5,0,39 40,0,70,,75194,5,0,39 40,0,30,,75197,5,0,5 2 13 14,0,70,,75195,5,0,39 40,0,97,,75196,5,0,39 40,0,100,,75192,5,0,39 40,0,100,,75191,5,0,5 2 13 14,0,57,,75198,5,0,5 2 13 14,0
