14000001019,'1909',2407,,65835,15,,,0,130,,65834,15,,,0
14000001019,'1910',2407,,65840,15,,,0,130,,65838,15,,,0
14000001019,'1912',2407,,65844,15,,,0,30,,70196,15,,,0,70,,73578,15,,,0,30,,65845,15,,,0,70,,70197,15,,,0
14000001019,'1924',2407,,65849,15,,,0,30,,70198,15,,,0,100,,65850,15,,,0,70,,70199,15,,,0
14000001019,'1925',2407,,65854,15,,,0,30,,70200,15,,,0,70,,73579,15,,,0,30,,65855,15,,,0,70,,70201,15,,,0
14000001019,'1955',2437,,70194,15,,,0,70,,65839,15,,,0,100,,70195,15,,,0
14000001019,'1956',2507,,65847,15,,,0
14000001019,'1957',2437,,73580,15,,,0,70,,73581,15,,,0,100,,73582,15,,,0
14000001019,'1958',2437,,73583,15,,,0,70,,73584,15,,,0,100,,73585,15,,,0
14000001019,'1959',2507,,73586,15,,,0
