4019,'1838',810,,35397,15,,,0,30,,44019,15,,,0,70,,35395,15,,,0,30,,44020,15,,,0,73,,44018,15,,,0,30,,44005,15,,,0,70,,44008,15,,,0,30,,42187,15,,,0,69,,44014,15,,,0,31,,44001,15,,,0,69,,44004,15,,,0,30,,44007,15,,,0,70,,44011,15,,,0,30,,44012,15,,,0,70,,44000,15,,,0,30,,44003,15,,,0,70,,44006,15,,,0,30,,44010,15,,,0,69,,44013,15,,,0,31,,43999,15,,,0,70,,44002,15,,,0,28,,42183,15,,,0,70,,44009,15,,,0,30,,44017,15,,,0,70,,42191,15,,,0,30,,44015,15,,,0,70,,44021,15,,,0,30,,44016,15,,,0
4019,'1867',810,,35540,15,,,0,30,,44088,15,,,0,70,,35538,15,,,0,30,,44089,15,,,0,73,,44087,15,,,0,30,,44074,15,,,0,70,,44077,15,,,0,30,,42202,15,,,0,69,,44083,15,,,0,31,,44070,15,,,0,69,,44073,15,,,0,30,,44076,15,,,0,70,,44080,15,,,0,30,,44081,15,,,0,70,,44069,15,,,0,30,,44072,15,,,0,70,,44075,15,,,0,30,,44079,15,,,0,69,,44082,15,,,0,31,,44068,15,,,0,70,,44071,15,,,0,28,,42198,15,,,0,70,,44078,15,,,0,30,,44086,15,,,0,70,,42206,15,,,0,30,,44084,15,,,0,70,,44090,15,,,0,30,,44085,15,,,0
4019,'1892',640,,35458,15,,,0,71,,35484,15,,,0,30,,42192,15,,,0,67,,44023,15,,,0,36,,44024,15,,,0,64,,44025,15,,,0,36,,44026,15,,,0,68,,44027,15,,,0,29,,44028,15,,,0,70,,44029,15,,,0,31,,44030,15,,,0,72,,44031,15,,,0,30,,42194,15,,,0,100,,35471,15,,,0,176,,44033,15,,,0,30,,44034,15,,,0,71,,35476,15,,,0,97,,44036,15,,,0,23,,35479,15,,,0,75,,44037,15,,,0,21,,44038,15,,,0,75,,35482,15,,,0,28,,44039,15,,,0,70,,35452,15,,,0,30,,35453,15,,,0,70,,35454,15,,,0,30,,35455,15,,,0,70,,44022,15,,,0,30,,35457,15,,,0
4019,'1896',1314,,48802,15,,,0,101,,48803,15,,,0,30,,48804,15,,,0,200,,48805,15,,,0
4019,'1897',640,,48812,15,,,0,71,,48838,15,,,0,30,,48813,15,,,0,67,,48814,15,,,0,36,,48815,15,,,0,64,,48816,15,,,0,36,,48817,15,,,0,68,,48818,15,,,0,29,,48819,15,,,0,70,,48820,15,,,0,31,,48821,15,,,0,72,,48822,15,,,0,30,,48823,15,,,0,70,,48824,15,,,0,30,,48825,15,,,0,71,,48826,15,,,0,30,,48827,15,,,0,75,,48828,15,,,0,30,,48829,15,,,0,71,,48830,15,,,0,24,,48831,15,,,0,73,,48832,15,,,0,23,,48833,15,,,0,75,,48834,15,,,0,21,,48835,15,,,0,75,,48836,15,,,0,28,,48837,15,,,0,70,,48806,15,,,0,30,,48807,15,,,0,70,,48808,15,,,0,30,,48809,15,,,0,70,,48810,15,,,0,30,,48811,15,,,0
4019,'1898',710,,48870,15,,,0,30,,48846,15,,,0,71,,48840,15,,,0,30,,48850,15,,,0,70,,48861,15,,,0,30,,48856,15,,,0,72,,48844,15,,,0,30,,48866,15,,,0,70,,48843,15,,,0,30,,48863,15,,,0,69,,48858,15,,,0,31,,48851,15,,,0,69,,48864,15,,,0,30,,48867,15,,,0,70,,48842,15,,,0,31,,48853,15,,,0,70,,48841,15,,,0,30,,48847,15,,,0,70,,48865,15,,,0,30,,48862,15,,,0,69,,48859,15,,,0,30,,48848,15,,,0,70,,48868,15,,,0,28,,48869,15,,,0,70,,48839,15,,,0,30,,48854,15,,,0,70,,48852,15,,,0,30,,48860,15,,,0,70,,48845,15,,,0,30,,48855,15,,,0,70,,48849,15,,,0,30,,48857,15,,,0
7019,'1838',557,,35966,10,,,0,70,,44518,10,,,0,30,,44519,10,,,0,68,,44520,10,,,0,30,,35957,29,,,0,71,,44529,14,,,0,30,,35958,29,,,0,73,,44524,14,,,0,27,,44517,29,,,0,75,,42367,14,,,0,28,,35959,29,,,0,72,,44523,14,,,0,28,,35960,29,,,0,72,,44528,14,,,0,28,,44515,29,,,0,73,,44522,14,,,0,27,,35962,29,,,0,73,,44527,14,,,0,68,,35963,29,,,0,33,,44521,14,,,0,67,,44516,29,,,0,33,,44526,14,,,0,26,,35965,29,,,0,73,,42356,14,,,0,27,,35953,29,,,0,72,,44525,14,,,0,27,,44513,29,,,0,70,,42361,14,,,0,27,,35952,29,,,0,70,,42362,14,,,0,28,,35956,29,,,0,72,,42369,14,,,0,28,,44514,29,,,0,70,,42355,10,,,0,30,,42354,10,,,0
7019,'1867',557,,36122,10,,,0,70,,44569,10,,,0,30,,44570,10,,,0,68,,44571,10,,,0,30,,36113,29,,,0,71,,44580,14,,,0,30,,36114,29,,,0,73,,44575,14,,,0,27,,44568,29,,,0,75,,42392,14,,,0,28,,36115,29,,,0,72,,44574,14,,,0,28,,36116,29,,,0,72,,44579,14,,,0,28,,44566,29,,,0,73,,44573,14,,,0,27,,36118,29,,,0,73,,44578,14,,,0,68,,36119,29,,,0,33,,44572,14,,,0,67,,44567,29,,,0,33,,44577,14,,,0,26,,36121,29,,,0,73,,42381,14,,,0,27,,36109,29,,,0,72,,44576,14,,,0,27,,44564,29,,,0,70,,42386,14,,,0,27,,36108,29,,,0,70,,42387,14,,,0,28,,36112,29,,,0,72,,42394,14,,,0,28,,44565,29,,,0,70,,42380,10,,,0,30,,42379,10,,,0
7019,'1892',518,,44530,10,,,0,36,,44531,29,,,0,72,,36070,10,,,0,31,,44532,29,,,0,175,,36040,29,,,0,70,,36048,29,,,0,28,,44534,29,,,0,70,,42371,29,,,0,31,,42370,29,,,0,70,,42372,29,,,0,30,,36043,29,,,0,71,,36051,29,,,0,30,,36044,29,,,0,100,,44535,29,,,0,70,,42373,29,,,0,32,,44536,29,,,0,74,,44543,29,,,0,47,,44546,10,,,0,52,,36068,29,,,0,30,,44544,29,,,0,98,,44539,29,,,0,65,,42374,29,,,0,30,,44540,29,,,0,28,,36059,29,,,0,70,,36060,29,,,0,27,,44541,29,,,0,70,,44542,29,,,0,98,,44545,10,,,0,102,,42377,14,,,0,128,,42375,29,,,0
7019,'1896',728,,49064,29,,,0,72,,49065,29,,,0,502,,49066,29,,,0,239,,49071,29,,,0,166,,49067,29,,,0,348,,49068,29,,,0,99,,49069,29,,,0,99,,49070,29,,,0
7019,'1897',518,,49106,10,,,0,36,,49072,27,,,0,72,,49109,10,,,0,31,,49073,27,,,0,71,,49074,27,,,0,72,,49082,27,,,0,32,,49075,27,,,0,70,,49083,27,,,0,28,,49076,27,,,0,70,,49084,27,,,0,31,,49077,27,,,0,70,,49085,27,,,0,30,,49078,27,,,0,71,,49086,27,,,0,30,,49079,27,,,0,70,,49087,27,,,0,30,,49080,27,,,0,70,,49088,27,,,0,32,,49081,27,,,0,74,,49101,27,,,0,33,,49102,27,,,0,14,,49108,10,,,0,52,,49103,27,,,0,30,,49104,27,,,0,70,,49089,27,,,0,28,,49091,27,,,0,65,,49090,27,,,0,30,,49093,27,,,0,28,,49094,27,,,0,70,,49095,27,,,0,27,,49096,27,,,0,70,,49097,27,,,0,30,,49098,27,,,0,68,,49107,10,,,0,31,,49099,27,,,0,71,,49105,12,,,0,28,,49100,27,,,0,100,,49092,27,,,0
7019,'1898',627,,49142,10,,,0,28,,49122,27,,,0,70,,49115,27,,,0,30,,49123,27,,,0,70,,49116,27,,,0,31,,49124,27,,,0,70,,49117,27,,,0,30,,49125,27,,,0,73,,49118,27,,,0,30,,49126,27,,,0,70,,49119,27,,,0,30,,49127,27,,,0,70,,49120,27,,,0,30,,49128,27,,,0,70,,49121,27,,,0,30,,49129,27,,,0,70,,49134,27,,,0,71,,49130,27,,,0,30,,49136,27,,,0,70,,49131,27,,,0,30,,49135,27,,,0,29,,49132,27,,,0,70,,49137,27,,,0,30,,49133,27,,,0,70,,49140,27,,,0,29,,49110,27,,,0,67,,49138,27,,,0,30,,49111,27,,,0,69,,49139,27,,,0,30,,49112,27,,,0,70,,49143,10,,,0,30,,49113,27,,,0,72,,49141,12,,,0,27,,49114,27,,,0
502019,'1838',646,,39100,11,,,0,70,,46219,11,,,0,30,,39103,11,,,0,70,,46232,11,,,0,32,,39097,11,,,0,70,,46231,11,,,0,30,,39099,11,,,0,71,,46230,11,,,0,30,,39094,11,,,0,70,,46229,11,,,0,30,,39089,11,,,0,71,,46228,11,,,0,30,,46220,11,,,0,70,,46226,11,,,0,30,,39090,11,,,0,70,,46227,11,,,0,30,,39093,11,,,0,70,,46225,11,,,0,30,,39087,11,,,0,70,,46224,11,,,0,30,,39091,11,,,0,69,,46223,11,,,0,30,,39088,11,,,0,70,,46222,11,,,0,30,,39101,11,,,0,70,,46221,11,,,0,30,,43617,11,,,0,68,,39105,11,,,0,30,,39095,11,,,0,70,,39118,11,,,0,30,,39104,11,,,0,70,,39119,11,,,0,30,,39098,11,,,0,68,,39120,11,,,0,30,,39096,11,,,0
502019,'1867',646,,39238,11,,,0,70,,46289,11,,,0,30,,39241,11,,,0,70,,46302,11,,,0,32,,39235,11,,,0,70,,46301,11,,,0,30,,39237,11,,,0,71,,46300,11,,,0,30,,39232,11,,,0,70,,46299,11,,,0,30,,39227,11,,,0,71,,46298,11,,,0,30,,46290,11,,,0,70,,46296,11,,,0,30,,39228,11,,,0,70,,46297,11,,,0,30,,39231,11,,,0,70,,46295,11,,,0,30,,39225,11,,,0,70,,46294,11,,,0,30,,39229,11,,,0,69,,46293,11,,,0,30,,39226,11,,,0,70,,46292,11,,,0,30,,39239,11,,,0,70,,46291,11,,,0,30,,43623,11,,,0,68,,39243,11,,,0,30,,39233,11,,,0,70,,39256,11,,,0,30,,39242,11,,,0,70,,39257,11,,,0,30,,39236,11,,,0,68,,39258,11,,,0,30,,39234,11,,,0
502019,'1892',616,,46233,11,,,0,95,,46254,11,,,0,10,,46234,11,,,0,92,,46236,11,,,0,12,,46237,11,,,0,24,,43618,11,,,0,64,,39154,11,,,0,12,,43619,11,,,0,24,,46238,11,,,0,102,,46240,11,,,0,70,,46241,11,,,0,30,,46242,11,,,0,71,,46243,11,,,0,30,,46244,11,,,0,70,,46245,11,,,0,30,,43620,11,,,0,106,,39166,11,,,0,100,,46246,11,,,0,68,,39169,11,,,0,24,,43621,11,,,0,52,,46247,11,,,0,22,,39172,11,,,0,5,,46255,11,,,0,91,,46249,11,,,0,22,,39176,11,,,0,12,,46250,11,,,0,65,,46251,11,,,0,99,,46252,11,,,0,100,,46253,11,,,0,30,,39183,11,,,0,70,,39184,11,,,0,30,,39185,11,,,0,69,,39186,11,,,0,30,,39187,11,,,0
502019,'1896',646,,50493,11,,,0,103,,50494,11,,,0,272,,50495,11,,,0,401,,50496,11,,,0,106,,50497,11,,,0,216,,50498,11,,,0,12,,50499,11,,,0,193,,50500,11,,,0,99,,50501,11,,,0
502019,'1897',616,,50502,11,,,0,30,,50503,11,,,0,65,,50543,11,,,0,10,,50504,11,,,0,28,,50505,11,,,0,64,,50506,11,,,0,12,,50507,11,,,0,24,,50508,11,,,0,64,,50509,11,,,0,12,,50510,11,,,0,24,,50511,11,,,0,72,,50512,11,,,0,30,,50513,11,,,0,70,,50514,11,,,0,30,,50515,11,,,0,71,,50516,11,,,0,30,,50517,11,,,0,70,,50518,11,,,0,30,,50519,11,,,0,70,,50520,11,,,0,36,,50521,11,,,0,70,,50522,11,,,0,30,,50523,11,,,0,68,,50524,11,,,0,24,,50525,11,,,0,52,,50526,11,,,0,22,,50527,11,,,0,5,,50544,11,,,0,15,,50528,11,,,0,12,,50529,11,,,0,64,,50530,11,,,0,22,,50531,11,,,0,12,,50532,11,,,0,65,,50533,11,,,0,30,,50534,11,,,0,69,,50535,11,,,0,30,,50536,11,,,0,70,,50537,11,,,0,30,,50538,11,,,0,70,,50539,11,,,0,30,,50540,11,,,0,69,,50541,11,,,0,30,,50542,11,,,0
502019,'1898',646,,50552,11,,,0,70,,50559,11,,,0,30,,50551,11,,,0,70,,50560,11,,,0,32,,50550,11,,,0,70,,50561,11,,,0,30,,50549,11,,,0,71,,50562,11,,,0,30,,50570,11,,,0,70,,50563,11,,,0,30,,50571,11,,,0,71,,50564,11,,,0,30,,50572,11,,,0,70,,50565,11,,,0,30,,50573,11,,,0,71,,50566,11,,,0,30,,50574,11,,,0,70,,50567,11,,,0,30,,50575,11,,,0,69,,50568,11,,,0,30,,50576,11,,,0,69,,50569,11,,,0,30,,50577,11,,,0,70,,50553,11,,,0,30,,50578,11,,,0,70,,50555,11,,,0,98,,50554,11,,,0,30,,50548,11,,,0,70,,50556,11,,,0,30,,50547,11,,,0,70,,50557,11,,,0,30,,50546,11,,,0,70,,50558,11,,,0,30,,50545,11,,,0
14000001029,'1838',603,,48495,48,0,18 7,0,1817,,48491,48,,,0,30,,42005,48,,,0,70,,48494,48,,,0,30,,48493,48,,,0,70,,42004,48,,,0,30,,48492,48,,,0
14000001029,'1867',603,,48509,48,0,18 7,0,1817,,48505,48,,,0,30,,42035,48,,,0,70,,48508,48,,,0,30,,48507,48,,,0,70,,42034,48,,,0,30,,48506,48,,,0
14000001029,'1892',506,,42016,48,0,18 7,0,102,,48496,48,0,18 7,0,1842,,42020,48,,,0,70,,48500,48,,,0,100,,42021,48,,,0,30,,48499,48,,,0
14000001029,'1896',2420,,51513,48,,,0,130,,51512,48,,,0
14000001029,'1897',506,,51514,45,0,18 7,0,102,,51515,45,0,18 7,0,1812,,51519,45,,,0,30,,51521,45,,,0,70,,51518,46,,,0,30,,51517,46,,,0,70,,51516,46,,,0,30,,51520,46,,,0
14000001029,'1898',603,,51526,45,0,18 7,0,1817,,51524,45,,,0,30,,51528,45,,,0,70,,51527,46,,,0,30,,51525,46,,,0,70,,51522,46,,,0,30,,51523,46,,,0
