32019,'1838',625,,38343,7,,,0,95,,38344,7,,,0,100,,38345,7,,,0,100,,38346,7,,,0,100,,38347,7,,,0,101,,38348,7,,,0,100,,38349,7,,,0,100,,38350,7,,,0,100,,38351,7,,,0,100,,38352,7,,,0,100,,38353,7,,,0,100,,38354,7,,,0,100,,38355,7,,,0,100,,38356,7,,,0,100,,38357,7,,,0,99,,38358,7,,,0,100,,38359,7,,,0,95,,38361,7,0,5 2 8 7,0
32019,'1867',625,,38474,7,,,0,95,,38475,7,,,0,100,,38476,7,,,0,100,,38477,7,,,0,100,,38478,7,,,0,101,,38479,7,,,0,100,,38480,7,,,0,100,,38481,7,,,0,100,,38482,7,,,0,100,,38483,7,,,0,100,,38484,7,,,0,100,,38485,7,,,0,100,,38486,7,,,0,100,,38487,7,,,0,100,,38488,7,,,0,99,,38489,7,,,0,100,,38490,7,,,0,95,,38492,7,0,5 2 8 7,0
32019,'1892',651,,43467,7,,,0,70,,43446,7,,,0,30,,45609,7,,,0,70,,43472,7,,,0,30,,43456,7,,,0,70,,43454,7,,,0,30,,43466,7,,,0,70,,43444,7,,,0,30,,45607,7,,,0,70,,43471,7,,,0,30,,43458,7,,,0,100,,43465,7,,,0,70,,43447,7,,,0,30,,45606,7,,,0,69,,43470,7,,,0,30,,43457,7,,,0,71,,43450,7,,,0,30,,43464,7,,,0,71,,43443,7,,,0,30,,45608,7,,,0,69,,43469,7,,,0,30,,43455,7,,,0,70,,43452,7,,,0,30,,43463,7,,,0,70,,43448,7,,,0,100,,43468,7,,,0,99,,43449,7,,,0,100,,43445,7,,,0,95,,43477,7,0,5 2 8 7,0
32019,'1896',625,,50192,7,,,0,596,,50193,7,,,0
32019,'1897',625,,50202,7,,,0,26,,50218,7,,,0,70,,50197,7,,,0,30,,50213,7,,,0,70,,50223,7,,,0,30,,50207,7,,,0,70,,50205,7,,,0,30,,50217,7,,,0,70,,50195,7,,,0,30,,50211,7,,,0,70,,50222,7,,,0,30,,50209,7,,,0,70,,50204,7,,,0,30,,50216,7,,,0,70,,50198,7,,,0,30,,50210,7,,,0,69,,50221,7,,,0,30,,50208,7,,,0,71,,50201,7,,,0,30,,50215,7,,,0,71,,50194,7,,,0,30,,50212,7,,,0,69,,50220,7,,,0,30,,50206,7,,,0,70,,50203,7,,,0,30,,50214,7,,,0,70,,50199,7,,,0,100,,50219,7,,,0,99,,50200,7,,,0,100,,50196,7,,,0,95,,50229,7,0,5 2 8 7,0
32019,'1898',625,,50243,7,,,0,25,,50260,7,,,0,70,,50237,7,,,0,30,,50254,7,,,0,70,,50261,7,,,0,30,,50249,7,,,0,70,,50242,7,,,0,30,,50259,7,,,0,70,,50236,7,,,0,30,,50253,7,,,0,71,,50264,7,,,0,30,,50248,7,,,0,70,,50241,7,,,0,30,,50258,7,,,0,70,,50235,7,,,0,30,,50252,7,,,0,70,,50263,7,,,0,30,,50247,7,,,0,70,,50240,7,,,0,30,,50257,7,,,0,70,,50234,7,,,0,30,,50251,7,,,0,70,,50265,7,,,0,30,,50246,7,,,0,70,,50239,7,,,0,30,,50255,7,,,0,70,,50233,7,,,0,100,,50262,7,,,0,99,,50238,7,,,0,100,,50232,7,,,0,100,,50266,7,0,5 2 8 7,0
502029,'1838',624,,39300,14,,,0,28,,46373,14,,,0,65,,39291,14,,,0,30,,46386,14,,,0,71,,39296,14,,,0,30,,46385,14,,,0,72,,39294,14,,,0,30,,46384,14,,,0,70,,39283,14,,,0,30,,46383,14,,,0,55,,43635,14,,,0,15,,39284,14,,,0,16,,46395,14,,,0,15,,46382,14,,,0,55,,46398,14,,,0,15,,46374,14,,,0,15,,46389,14,,,0,15,,46381,14,,,0,55,,46391,14,,,0,15,,39286,14,,,0,15,,46393,14,,,0,15,,46380,14,,,0,55,,46396,14,,,0,16,,39287,14,,,0,15,,46397,14,,,0,15,,46379,14,,,0,55,,46388,14,,,0,15,,39288,14,,,0,15,,46390,14,,,0,15,,46378,14,,,0,55,,46392,14,,,0,14,,39289,14,,,0,14,,46394,14,,,0,15,,46377,14,,,0,55,,46399,14,,,0,15,,39290,14,,,0,15,,46387,14,,,0,15,,46376,14,,,0,55,,43632,14,,,0,15,,39299,14,,,0,30,,46375,14,,,0,70,,43630,14,,,0,30,,39304,14,,,0,70,,39292,14,,,0,30,,39303,14,,,0,70,,39293,14,,,0,30,,39301,14,,,0,68,,39298,14,,,0,30,,39302,14,,,0,70,,39295,14,,,0
502029,'1867',624,,39544,14,,,0,28,,46491,14,,,0,65,,39535,14,,,0,30,,46504,14,,,0,71,,39540,14,,,0,30,,46503,14,,,0,72,,39538,14,,,0,30,,46502,14,,,0,70,,39527,14,,,0,30,,46501,14,,,0,55,,43653,14,,,0,15,,39528,14,,,0,16,,46513,14,,,0,15,,46500,14,,,0,55,,46516,14,,,0,15,,46492,14,,,0,15,,46507,14,,,0,15,,46499,14,,,0,55,,46509,14,,,0,15,,39530,14,,,0,15,,46511,14,,,0,15,,46498,14,,,0,55,,46514,14,,,0,16,,39531,14,,,0,15,,46515,14,,,0,15,,46497,14,,,0,55,,46506,14,,,0,15,,39532,14,,,0,15,,46508,14,,,0,15,,46496,14,,,0,55,,46510,14,,,0,14,,39533,14,,,0,14,,46512,14,,,0,15,,46495,14,,,0,55,,46517,14,,,0,15,,39534,14,,,0,15,,46505,14,,,0,15,,46494,14,,,0,55,,43650,14,,,0,15,,39543,14,,,0,30,,46493,14,,,0,70,,43648,14,,,0,30,,39548,14,,,0,70,,39536,14,,,0,30,,39547,14,,,0,70,,39537,14,,,0,30,,39545,14,,,0,68,,39542,14,,,0,30,,39546,14,,,0,70,,39539,14,,,0
502029,'1892',549,,46400,14,,,0,55,,39402,14,,,0,32,,39404,14,,,0,7,,43639,14,,,0,8,,46401,14,,,0,56,,43640,14,,,0,26,,46403,14,,,0,12,,46404,14,,,0,7,,39411,14,,,0,6,,46405,14,,,0,52,,46406,14,,,0,6,,46407,14,,,0,6,,43641,14,,,0,12,,46408,14,,,0,12,,39417,14,,,0,12,,43642,14,,,0,51,,46409,14,,,0,13,,46410,14,,,0,14,,46411,14,,,0,70,,46413,14,,,0,15,,46414,14,,,0,15,,46415,14,,,0,16,,46416,14,,,0,55,,46417,14,,,0,15,,46418,14,,,0,16,,46419,14,,,0,15,,46420,14,,,0,55,,43644,14,,,0,15,,46421,14,,,0,30,,46422,14,,,0,55,,39435,14,,,0,15,,43645,14,,,0,100,,39440,14,,,0,16,,46424,14,,,0,70,,46425,14,,,0,15,,46426,14,,,0,15,,39445,14,,,0,12,,39446,14,,,0,64,,43646,14,,,0,12,,46428,14,,,0,12,,46429,14,,,0,12,,39451,14,,,0,52,,39452,14,,,0,34,,46431,14,,,0,12,,46432,14,,,0,52,,46433,14,,,0,11,,39458,14,,,0,12,,46434,14,,,0,12,,39460,14,,,0,15,,46435,14,,,0,55,,46438,14,,,0,43,,46436,14,,,0,100,,46437,14,,,0,70,,39466,14,,,0,30,,39467,14,,,0,70,,39468,14,,,0,30,,39469,14,,,0,70,,39470,14,,,0
502029,'1896',619,,50579,14,,,0,101,,50580,14,,,0,231,,50581,14,,,0,287,,50582,14,,,0,100,,50583,14,,,0,15,,50584,14,,,0,55,,50585,14,,,0,46,,50586,14,,,0,149,,50587,14,,,0,112,,50588,14,,,0,11,,50589,14,,,0,194,,50590,14,,,0,99,,50591,14,,,0
502029,'1897',549,,50592,14,,,0,55,,50593,14,,,0,15,,50594,14,,,0,17,,50595,14,,,0,7,,50596,14,,,0,8,,50597,14,,,0,56,,50598,14,,,0,13,,50599,14,,,0,13,,50600,14,,,0,12,,50601,14,,,0,7,,50602,14,,,0,6,,50603,14,,,0,52,,50604,14,,,0,6,,50605,14,,,0,6,,50606,14,,,0,12,,50607,14,,,0,12,,50608,14,,,0,12,,50609,14,,,0,51,,50610,14,,,0,13,,50611,14,,,0,14,,50612,14,,,0,15,,50613,14,,,0,55,,50614,14,,,0,15,,50615,14,,,0,15,,50616,14,,,0,16,,50617,14,,,0,55,,50618,14,,,0,15,,50619,14,,,0,16,,50620,14,,,0,15,,50621,14,,,0,55,,50622,14,,,0,15,,50623,14,,,0,15,,50624,14,,,0,15,,50625,14,,,0,55,,50626,14,,,0,15,,50627,14,,,0,15,,50628,14,,,0,15,,50629,14,,,0,55,,50630,14,,,0,15,,50631,14,,,0,16,,50632,14,,,0,15,,50633,14,,,0,55,,50634,14,,,0,15,,50635,14,,,0,15,,50636,14,,,0,12,,50637,14,,,0,52,,50638,14,,,0,12,,50639,14,,,0,12,,50640,14,,,0,12,,50641,14,,,0,12,,50642,14,,,0,52,,50643,14,,,0,12,,50644,14,,,0,11,,50645,14,,,0,11,,50646,14,,,0,12,,50647,14,,,0,52,,50648,14,,,0,11,,50649,14,,,0,12,,50650,14,,,0,12,,50651,14,,,0,15,,50652,14,,,0,55,,50662,14,,,0,14,,50653,14,,,0,29,,50654,14,,,0,70,,50655,14,,,0,30,,50656,14,,,0,70,,50657,14,,,0,30,,50658,14,,,0,70,,50659,14,,,0,30,,50660,14,,,0,70,,50661,14,,,0
502029,'1898',622,,50670,14,,,0,15,,50716,14,,,0,15,,50677,14,,,0,70,,50669,14,,,0,30,,50678,14,,,0,66,,50668,14,,,0,30,,50679,14,,,0,72,,50667,14,,,0,30,,50680,14,,,0,55,,50681,14,,,0,15,,50707,14,,,0,15,,50690,14,,,0,15,,50699,14,,,0,55,,50682,14,,,0,15,,50708,14,,,0,16,,50691,14,,,0,15,,50700,14,,,0,55,,50683,14,,,0,15,,50709,14,,,0,15,,50692,14,,,0,15,,50701,14,,,0,55,,50684,14,,,0,15,,50710,14,,,0,15,,50693,14,,,0,15,,50702,14,,,0,55,,50685,14,,,0,16,,50711,14,,,0,15,,50694,14,,,0,15,,50703,14,,,0,55,,50686,14,,,0,15,,50712,14,,,0,15,,50695,14,,,0,15,,50704,14,,,0,55,,50687,14,,,0,14,,50713,14,,,0,14,,50696,14,,,0,15,,50705,14,,,0,55,,50688,14,,,0,15,,50714,14,,,0,15,,50697,14,,,0,15,,50672,14,,,0,55,,50689,14,,,0,15,,50706,14,,,0,15,,50698,14,,,0,15,,50673,14,,,0,55,,50715,14,,,0,45,,50674,14,,,0,70,,50666,14,,,0,30,,50675,14,,,0,70,,50665,14,,,0,30,,50671,14,,,0,68,,50664,14,,,0,30,,50676,14,,,0,70,,50663,14,,,0
