16029,'1909',1506,,61858,9,,,0,29,,61859,9,,,0,102,,61861,9,,,0,167,,61864,9,,,0,30,,61872,9,,,0,97,,61866,9,,,0,123,,61869,9,,,0
16029,'1910',558,,61905,9,,,0,67,,61904,9,,,0,30,,61888,9,,,0,67,,61874,9,,,0,30,,61881,9,,,0,71,,61895,9,,,0,30,,61889,9,,,0,70,,61875,9,,,0,31,,61882,9,,,0,70,,61896,9,,,0,30,,61890,9,,,0,70,,61876,9,,,0,30,,61883,9,,,0,70,,61897,9,,,0,32,,61891,9,,,0,70,,61877,9,,,0,30,,61884,9,,,0,70,,61898,9,,,0,30,,61892,9,,,0,70,,61878,9,,,0,30,,61885,9,,,0,70,,61899,9,,,0,29,,61893,9,,,0,70,,61879,9,,,0,30,,61886,9,,,0,69,,61900,9,,,0,29,,61894,9,,,0,70,,61880,9,,,0,29,,61887,9,,,0,70,,61901,9,,,0,100,,61902,9,,,0,30,,61903,9,,,0
16029,'1912',724,,67445,9,,,0,102,,71800,9,,,0,97,,71798,9,,,0,103,,71803,9,,,0,98,,71805,9,,,0,100,,71802,9,,,0,101,,71804,9,,,0,100,,71797,9,,,0,100,,71799,9,,,0,99,,71801,9,,,0,99,,67438,9,,,0,100,,61917,9,,,0,100,,61912,9,,,0,102,,61913,9,,,0,97,,71806,9,,,0
16029,'1924',724,,67457,9,,,0,999,,67450,9,,,0,100,,61932,9,,,0,100,,61927,9,,,0,102,,61928,9,,,0
16029,'1925',724,,67469,9,,,0,102,,71810,9,,,0,97,,71808,9,,,0,103,,71813,9,,,0,98,,71815,9,,,0,100,,71812,9,,,0,101,,71814,9,,,0,100,,71807,9,,,0,100,,71809,9,,,0,99,,71811,9,,,0,99,,67462,9,,,0,100,,61947,9,,,0,100,,61942,9,,,0,102,,61943,9,,,0,97,,71816,9,,,0
16029,'1949',1607,,67488,9,,,0,99,,67489,9,,,0,28,,67490,9,,,0
16029,'1956',826,,67449,9,,,0,97,,67447,9,,,0,103,,67453,9,,,0,98,,67455,9,,,0,100,,67452,9,,,0,101,,67454,9,,,0,100,,67446,9,,,0,100,,67448,9,,,0,99,,67451,9,,,0,498,,67456,9,,,0
16029,'1957',555,,71839,9,,,0,70,,71817,9,,,0,33,,71818,9,,,0,75,,71819,9,,,0,71,,71820,9,,,0,32,,71821,9,,,0,70,,71822,9,,,0,30,,71823,9,,,0,67,,71824,9,,,0,30,,71825,9,,,0,70,,71826,9,,,0,30,,71827,9,,,0,70,,71828,9,,,0,30,,71829,9,,,0,70,,71830,9,,,0,30,,71831,9,,,0,71,,71832,9,,,0,31,,71833,9,,,0,466,,71834,9,,,0,100,,71835,9,,,0,24,,71836,9,,,0,99,,71837,9,,,0,27,,71838,9,,,0
16029,'1959',826,,71843,9,,,0,97,,71841,9,,,0,103,,71846,9,,,0,98,,71848,9,,,0,100,,71845,9,,,0,101,,71847,9,,,0,100,,71840,9,,,0,100,,71842,9,,,0,99,,71844,9,,,0,498,,71849,9,,,0
32019,'1909',707,,62566,28,,,0,104,,62561,28,,,0,128,,62553,28,,,0,100,,62543,28,,,0,170,,62557,28,,,0,100,,62564,28,,,0,129,,62569,28,,,0,70,,62556,28,,,0,30,,62549,28,,,0,70,,62563,28,,,0,30,,62542,28,,,0,70,,62560,28,,,0,31,,62568,28,,,0,398,,62548,28,,,0
32019,'1912',640,,62617,28,,,0,95,,62618,28,,,0,100,,62619,28,,,0,100,,62620,28,,,0,100,,62621,28,,,0,101,,62622,28,,,0,103,,62623,28,,,0,100,,62624,28,,,0,100,,62625,28,,,0,100,,62626,28,,,0,100,,62627,28,,,0,100,,62628,28,,,0,98,,62629,28,,,0,100,,62630,28,,,0,100,,62631,28,,,0,99,,62632,28,,,0,100,,62633,28,,,0,95,,62635,28,0,5 2 8 7,0
32019,'1924',640,,62636,28,,,0,95,,62637,28,,,0,100,,62638,28,,,0,100,,62639,28,,,0,100,,62640,28,,,0,101,,62641,28,,,0,103,,62642,28,,,0,100,,62643,28,,,0,100,,62644,28,,,0,100,,62645,28,,,0,100,,62646,28,,,0,100,,62647,28,,,0,98,,62648,28,,,0,100,,62649,28,,,0,100,,62650,28,,,0,99,,62651,28,,,0,100,,62652,28,,,0,95,,62654,28,0,5 2 8 7,0
32019,'1925',640,,62655,28,,,0,95,,62656,28,,,0,100,,62657,28,,,0,100,,62658,28,,,0,100,,62659,28,,,0,101,,62660,28,,,0,103,,62661,28,,,0,100,,62662,28,,,0,100,,62663,28,,,0,100,,62664,28,,,0,100,,62665,28,,,0,100,,62666,28,,,0,98,,62667,28,,,0,100,,62668,28,,,0,100,,62669,28,,,0,99,,62670,28,,,0,100,,62671,28,,,0,95,,62673,28,0,5 2 8 7,0
32019,'1949',641,,67817,28,,,0,99,,67816,28,,,0,170,,67819,28,,,0,99,,67821,28,,,0,130,,67822,28,,,0,100,,67818,28,,,0,170,,67820,28,,,0
32019,'1955',639,,67784,28,,,0,65,,67801,28,,,0,30,,67778,28,,,0,70,,67795,28,,,0,30,,67802,28,,,0,72,,67790,28,,,0,30,,67783,28,,,0,71,,67800,28,,,0,30,,67777,28,,,0,70,,67794,28,,,0,30,,67805,28,,,0,71,,67789,28,,,0,30,,67782,28,,,0,71,,67799,28,,,0,30,,67776,28,,,0,70,,67793,28,,,0,30,,67804,28,,,0,70,,67788,28,,,0,30,,67781,28,,,0,70,,67798,28,,,0,30,,67775,28,,,0,70,,67792,28,,,0,30,,67806,28,,,0,70,,67787,28,,,0,30,,67780,28,,,0,68,,67796,28,,,0,30,,62581,28,,,0,100,,67803,28,,,0,98,,67779,28,,,0,100,,62580,28,,,0,99,,67807,28,0,5 2 8 7,0
32019,'1957',841,,72126,28,,,0,268,,72123,28,,,0,230,,72119,28,,,0,471,,72122,28,,,0,29,,72121,28,,,0,70,,72124,28,,,0,30,,72120,28,,,0,98,,72125,28,,,0,200,,72118,28,,,0,95,,72128,28,0,5 2 8 7,0
32019,'1958',639,,72143,28,,,0,65,,72160,28,,,0,30,,72137,28,,,0,70,,72154,28,,,0,30,,72161,28,,,0,72,,72149,28,,,0,30,,72142,28,,,0,71,,72159,28,,,0,30,,72136,28,,,0,70,,72153,28,,,0,30,,72164,28,,,0,71,,72148,28,,,0,30,,72141,28,,,0,71,,72158,28,,,0,30,,72135,28,,,0,70,,72152,28,,,0,30,,72163,28,,,0,70,,72147,28,,,0,30,,72140,28,,,0,70,,72157,28,,,0,30,,72134,28,,,0,70,,72151,28,,,0,30,,72165,28,,,0,70,,72146,28,,,0,30,,72139,28,,,0,68,,72155,28,,,0,30,,72133,28,,,0,100,,72162,28,,,0,98,,72138,28,,,0,100,,72132,28,,,0,99,,72166,28,0,5 2 8 7,0
