7019,'1909',548,,60398,24,,,0,72,,60370,5,,,0,31,,60397,24,,,0,1299,,60375,24,,,0,100,,60374,24,,,0,197,,60373,24,,,0
7019,'1910',620,,66558,5,,,0,230,,60423,24,,,0,271,,66542,24,,,0,30,,60426,24,,,0,200,,60428,24,,,0,70,,66551,24,,,0,30,,60429,24,,,0,100,,60430,24,,,0,100,,66550,24,,,0,100,,60432,24,,,0,266,,66556,24,,,0,30,,60411,24,,,0,70,,66559,5,,,0,30,,60412,24,,,0,70,,60442,9,,,0
7019,'1912',550,,71129,5,,,0,70,,60458,5,,,0,30,,60459,5,,,0,68,,66560,5,,,0,30,,60448,24,,,0,71,,66571,9,,,0,30,,60449,24,,,0,73,,71124,9,,,0,27,,60457,24,,,0,73,,71128,9,,,0,28,,60450,24,,,0,72,,71123,9,,,0,28,,60451,24,,,0,72,,71127,9,,,0,28,,60452,24,,,0,73,,71122,9,,,0,27,,60453,24,,,0,73,,71126,9,,,0,28,,60454,24,,,0,73,,71121,9,,,0,27,,60455,24,,,0,73,,71125,9,,,0,26,,60456,24,,,0,73,,71120,9,,,0,27,,60444,24,,,0,72,,66566,9,,,0,27,,60445,24,,,0,72,,60466,9,,,0,27,,60443,24,,,0,72,,60467,9,,,0,28,,60447,24,,,0,72,,60474,9,,,0,28,,60446,24,,,0,70,,60477,5,,,0,30,,60476,5,,,0
7019,'1924',620,,60493,5,,,0,30,,60494,5,,,0,68,,66573,5,,,0,30,,60483,24,,,0,71,,66584,9,,,0,30,,60484,24,,,0,100,,60492,24,,,0,101,,60485,24,,,0,100,,60486,24,,,0,100,,60487,24,,,0,100,,60488,24,,,0,101,,60489,24,,,0,100,,60490,24,,,0,99,,60491,24,,,0,100,,60479,24,,,0,72,,66579,9,,,0,27,,60480,24,,,0,72,,60501,9,,,0,27,,60478,24,,,0,72,,60502,9,,,0,28,,60482,24,,,0,72,,60509,9,,,0,28,,60481,24,,,0,70,,60512,5,,,0,30,,60511,5,,,0
7019,'1925',550,,71139,5,,,0,70,,60528,5,,,0,30,,60529,5,,,0,68,,66586,5,,,0,30,,60518,24,,,0,71,,66597,9,,,0,30,,60519,24,,,0,73,,71134,9,,,0,27,,60527,24,,,0,73,,71138,9,,,0,28,,60520,24,,,0,72,,71133,9,,,0,28,,60521,24,,,0,72,,71137,9,,,0,28,,60522,24,,,0,73,,71132,9,,,0,27,,60523,24,,,0,73,,71136,9,,,0,28,,60524,24,,,0,73,,71131,9,,,0,27,,60525,24,,,0,73,,71135,9,,,0,26,,60526,24,,,0,73,,71130,9,,,0,27,,60514,24,,,0,72,,66592,9,,,0,27,,60515,24,,,0,72,,60536,9,,,0,27,,60513,24,,,0,72,,60537,9,,,0,28,,60517,24,,,0,72,,60544,9,,,0,28,,60516,24,,,0,70,,60547,5,,,0,30,,60546,5,,,0
7019,'1949',1922,,66622,24,,,0
7019,'1955',648,,66545,24,,,0,70,,66538,24,,,0,30,,66546,24,,,0,70,,66539,24,,,0,102,,66540,24,,,0,30,,66547,24,,,0,71,,66541,24,,,0,30,,66548,24,,,0,170,,66543,24,,,0,30,,66549,24,,,0,70,,66544,24,,,0,200,,66553,24,,,0,100,,66552,24,,,0,100,,66554,24,,,0,100,,66557,24,,,0,29,,66535,24,,,0,69,,66555,24,,,0,30,,66536,24,,,0,298,,66537,24,,,0
7019,'1956',550,,66585,5,,,0,372,,66578,9,,,0,100,,66583,9,,,0,100,,66577,9,,,0,100,,66582,9,,,0,101,,66576,9,,,0,100,,66581,9,,,0,101,,66575,9,,,0,100,,66580,9,,,0,99,,66574,9,,,0
7019,'1957',512,,71167,5,,,0,210,,71162,24,,,0,32,,71161,24,,,0,72,,71160,24,,,0,27,,71159,24,,,0,70,,71155,24,,,0,30,,71157,24,,,0,70,,71158,24,,,0,30,,71156,24,,,0,70,,71154,24,,,0,30,,71166,24,,,0,70,,71165,24,,,0,30,,71164,24,,,0,70,,71163,24,,,0,30,,71147,24,,,0,71,,71153,24,,,0,34,,71146,24,,,0,51,,71169,9,,,0,22,,71145,24,,,0,13,,71168,5,,,0,13,,71152,24,,,0,70,,71151,24,,,0,30,,71150,24,,,0,68,,71144,24,,,0,28,,71143,24,,,0,70,,71142,24,,,0,30,,71149,24,,,0,167,,71148,24,,,0,99,,71140,5,,,0,29,,71141,24,,,0,70,,71170,9,,,0,129,,71171,24,,,0
7019,'1958',648,,71181,24,,,0,70,,71175,24,,,0,30,,71182,24,,,0,70,,71176,24,,,0,102,,71177,24,,,0,30,,71183,24,,,0,71,,71178,24,,,0,30,,71184,24,,,0,170,,71179,24,,,0,30,,71185,24,,,0,70,,71180,24,,,0,200,,71187,24,,,0,100,,71186,24,,,0,100,,71188,24,,,0,100,,71190,24,,,0,29,,71172,24,,,0,69,,71189,24,,,0,30,,71173,24,,,0,298,,71174,24,,,0
7019,'1959',550,,71200,5,,,0,372,,71195,9,,,0,100,,71199,9,,,0,100,,71194,9,,,0,100,,71198,9,,,0,101,,71193,9,,,0,100,,71197,9,,,0,101,,71192,9,,,0,100,,71196,9,,,0,99,,71191,9,,,0
11029,'1909',842,,61170,32,,,0
11029,'1910',741,,67037,32,,,0,1001,,67033,32,,,0,100,,67034,32,,,0,100,,67035,32,,,0
11029,'1912',841,,67039,32,,,0,100,,67040,32,,,0,101,,67041,32,,,0,100,,67042,32,,,0,100,,67043,32,,,0,100,,67044,32,,,0,100,,67045,32,,,0,100,,67046,32,,,0,100,,67047,32,,,0,97,,67048,32,,,0,100,,67049,32,,,0,99,,67050,32,,,0,98,,61211,32,,,0
11029,'1924',841,,67051,32,,,0,100,,67052,32,,,0,101,,67053,32,,,0,100,,67054,32,,,0,100,,67055,32,,,0,100,,67056,32,,,0,100,,67057,32,,,0,100,,67058,32,,,0,100,,67059,32,,,0,97,,67060,32,,,0,100,,67061,32,,,0,99,,67062,32,,,0,98,,61224,32,,,0
11029,'1925',841,,67063,32,,,0,100,,67064,32,,,0,101,,67065,32,,,0,100,,67066,32,,,0,100,,67067,32,,,0,100,,67068,32,,,0,100,,67069,32,,,0,100,,67070,32,,,0,100,,67071,32,,,0,97,,67072,32,,,0,100,,67073,32,,,0,99,,67074,32,,,0,98,,61237,32,,,0
11029,'1949',642,,67101,25,,,0,1101,,67097,32,,,0
11029,'1955',641,,67038,25,,,0,200,,67024,32,,,0,100,,67025,32,,,0,102,,67026,32,,,0,100,,67027,32,,,0,100,,67028,32,,,0,100,,67029,32,,,0,100,,67030,32,,,0,100,,67031,32,,,0,100,,67032,32,,,0,399,,67036,32,,,0
11029,'1957',742,,71512,32,,,0,200,,71513,32,,,0,100,,71514,32,,,0,100,,71515,32,,,0,100,,71516,32,,,0,100,,71517,32,,,0,101,,71518,32,,,0,100,,71519,32,,,0,100,,71520,32,,,0,199,,71521,32,,,0,100,,71522,32,,,0,100,,71523,32,,,0,94,,71511,32,,,0
11029,'1958',641,,71534,25,,,0,200,,71524,32,,,0,100,,71525,32,,,0,102,,71526,32,,,0,100,,71527,32,,,0,100,,71528,32,,,0,100,,71529,32,,,0,100,,71530,32,,,0,100,,71531,32,,,0,100,,71532,32,,,0,399,,71533,32,,,0
