1029,'1912',618,,73732,36,,,0,100,,73733,36,,,0,100,,73734,36,,,0,100,,73735,36,,,0,101,,73736,36,,,0,100,,73737,36,,,0,100,,73738,36,,,0,100,,73739,36,,,0,100,,73740,36,,,0,100,,73741,36,,,0,100,,73742,36,,,0,100,,73743,36,,,0,100,,73744,36,,,0,100,,73745,36,,,0,100,,73746,36,,,0,100,,73747,36,,,0,100,,73748,36,,,0,95,,73749,36,,,0
1029,'1959',618,,73820,36,,,0,100,,73821,36,,,0,100,,73822,36,,,0,100,,73823,36,,,0,101,,73824,36,,,0,100,,73825,36,,,0,100,,73826,36,,,0,100,,73827,36,,,0,100,,73828,36,,,0,100,,73829,36,,,0,100,,73830,36,,,0,100,,73831,36,,,0,100,,73832,36,,,0,100,,73833,36,,,0,100,,73834,36,,,0,100,,73835,36,,,0,100,,73836,36,,,0,95,,73837,36,,,0
1029,'1967',618,,73790,36,,,0,30,,73802,36,,,0,70,,73809,36,,,0,30,,73797,36,,,0,70,,73818,36,,,0,30,,73806,36,,,0,71,,73789,36,,,0,30,,73801,36,,,0,70,,73812,36,,,0,30,,73796,36,,,0,70,,73819,36,,,0,30,,73805,36,,,0,70,,73788,36,,,0,30,,73800,36,,,0,70,,73811,36,,,0,30,,73795,36,,,0,70,,73791,36,,,0,30,,73804,36,,,0,70,,73787,36,,,0,30,,73799,36,,,0,70,,73807,36,,,0,30,,73794,36,,,0,70,,73816,36,,,0,30,,73803,36,,,0,69,,73786,36,,,0,31,,73798,36,,,0,70,,73810,36,,,0,30,,73792,36,,,0,70,,73814,36,,,0,30,,73813,36,,,0,70,,73785,36,,,0,30,,73793,36,,,0,70,,73808,36,,,0,30,,73817,36,,,0,68,,73815,36,,,0
1029,'1969',618,,73838,36,,,0,100,,73839,36,,,0,100,,73840,36,,,0,100,,73841,36,,,0,101,,73842,36,,,0,100,,73843,36,,,0,100,,73844,36,,,0,100,,73845,36,,,0,100,,73846,36,,,0,100,,73847,36,,,0,100,,73848,36,,,0,100,,73849,36,,,0,100,,73850,36,,,0,100,,73851,36,,,0,100,,73852,36,,,0,100,,73853,36,,,0,100,,73854,36,,,0,95,,73855,36,,,0
1029,'1976',618,,73759,36,,,0,35,,73760,36,,,0,71,,73780,36,,,0,30,,73756,36,,,0,70,,73751,36,,,0,30,,73784,36,,,0,70,,73754,36,,,0,30,,73761,36,,,0,70,,73779,36,,,0,30,,73758,36,,,0,70,,73750,36,,,0,30,,73783,36,,,0,70,,73755,36,,,0,30,,73762,36,,,0,70,,73778,36,,,0,30,,73757,36,,,0,70,,73752,36,,,0,31,,73781,36,,,0,72,,73753,36,,,0,30,,73763,36,,,0,70,,73777,36,,,0,30,,73766,36,,,0,70,,73765,36,,,0,27,,73764,36,,,0,65,,73770,36,,,0,30,,73769,36,,,0,70,,73768,36,,,0,30,,73767,36,,,0,70,,73782,36,,,0,30,,73776,36,,,0,70,,73775,36,,,0,30,,73774,36,,,0,70,,73773,36,,,0,30,,73772,36,,,0,65,,73771,36,,,0
1029,'1977',618,,75115,36,,,0,35,,75116,36,,,0,71,,75136,36,,,0,30,,75112,36,,,0,70,,75107,36,,,0,30,,75140,36,,,0,70,,75110,36,,,0,30,,75117,36,,,0,70,,75135,36,,,0,30,,75114,36,,,0,70,,75106,36,,,0,30,,75139,36,,,0,70,,75111,36,,,0,30,,75118,36,,,0,70,,75134,36,,,0,30,,75113,36,,,0,70,,75108,36,,,0,31,,75137,36,,,0,72,,75109,36,,,0,30,,75119,36,,,0,70,,75133,36,,,0,30,,75122,36,,,0,70,,75121,36,,,0,27,,75120,36,,,0,65,,75126,36,,,0,30,,75125,36,,,0,70,,75124,36,,,0,30,,75123,36,,,0,70,,75138,36,,,0,30,,75132,36,,,0,70,,75131,36,,,0,30,,75130,36,,,0,70,,75129,36,,,0,30,,75128,36,,,0,65,,75127,36,,,0
2029,'1912',633,,74007,31,0,39 40,0,70,,74015,31,0,39 40,0,31,,74026,31,0,39 40,0,70,,74021,31,0,39 40,0,30,,74008,31,0,39 40,0,70,,74016,31,0,39 40,0,30,,74027,31,0,39 40,0,70,,74022,31,0,39 40,0,30,,74009,31,0,39 40,0,70,,74017,31,0,39 40,0,30,,74028,31,0,39 40,0,70,,74023,31,0,39 40,0,30,,74010,31,0,39 40,0,70,,74018,31,0,39 40,0,30,,74029,31,0,39 40,0,70,,74024,31,0,39 40,0,30,,74011,31,0,39 40,0,70,,74019,31,0,39 40,0,30,,74030,31,0,39 40,0,70,,74025,31,0,39 40,0,30,,74012,31,0,39 40,0,70,,74020,31,0,39 40,0,30,,74031,31,0,39 40,0,100,,74013,31,0,39 40,0,99,,74032,31,0,39 40,0,100,,74014,31,0,39 40,0,101,,74033,31,0,39 40,0,100,,74006,31,0,39 40,0
2029,'1959',633,,74108,31,0,39 40,0,70,,74116,31,0,39 40,0,31,,74127,31,0,39 40,0,70,,74122,31,0,39 40,0,30,,74109,31,0,39 40,0,70,,74117,31,0,39 40,0,30,,74128,31,0,39 40,0,70,,74123,31,0,39 40,0,30,,74110,31,0,39 40,0,70,,74118,31,0,39 40,0,30,,74129,31,0,39 40,0,70,,74124,31,0,39 40,0,30,,74111,31,0,39 40,0,70,,74119,31,0,39 40,0,30,,74130,31,0,39 40,0,70,,74125,31,0,39 40,0,30,,74112,31,0,39 40,0,70,,74120,31,0,39 40,0,30,,74131,31,0,39 40,0,70,,74126,31,0,39 40,0,30,,74113,31,0,39 40,0,70,,74121,31,0,39 40,0,30,,74132,31,0,39 40,0,100,,74114,31,0,39 40,0,99,,74133,31,0,39 40,0,100,,74115,31,0,39 40,0,101,,74134,31,0,39 40,0,100,,74107,31,0,39 40,0
2029,'1967',603,,74104,31,0,5 2 15 16 17,0,30,,74087,31,0,39 40,0,69,,74094,31,0,39 40,0,31,,74073,31,0,39 40,0,70,,74079,31,0,39 40,0,30,,74088,31,0,39 40,0,71,,74095,31,0,39 40,0,30,,74074,31,0,39 40,0,70,,74080,31,0,39 40,0,30,,74089,31,0,39 40,0,70,,74096,31,0,39 40,0,30,,74075,31,0,39 40,0,70,,74081,31,0,39 40,0,30,,74090,31,0,39 40,0,70,,74097,31,0,39 40,0,30,,74076,31,0,39 40,0,70,,74082,31,0,39 40,0,30,,74091,31,0,39 40,0,70,,74098,31,0,39 40,0,30,,74077,31,0,39 40,0,70,,74083,31,0,39 40,0,30,,74092,31,0,39 40,0,70,,74099,31,0,39 40,0,30,,74078,31,0,39 40,0,70,,74084,31,0,39 40,0,30,,74093,31,0,39 40,0,70,,74100,31,0,39 40,0,30,,74085,31,0,39 40,0,100,,74101,31,0,39 40,0,100,,74086,31,0,39 40,0,100,,74102,31,0,39 40,0
2029,'1969',633,,74140,31,0,39 40,0,70,,74148,31,0,39 40,0,31,,74159,31,0,39 40,0,70,,74154,31,0,39 40,0,30,,74141,31,0,39 40,0,70,,74149,31,0,39 40,0,30,,74160,31,0,39 40,0,70,,74155,31,0,39 40,0,30,,74142,31,0,39 40,0,70,,74150,31,0,39 40,0,30,,74161,31,0,39 40,0,70,,74156,31,0,39 40,0,30,,74143,31,0,39 40,0,70,,74151,31,0,39 40,0,30,,74162,31,0,39 40,0,70,,74157,31,0,39 40,0,30,,74144,31,0,39 40,0,70,,74152,31,0,39 40,0,30,,74163,31,0,39 40,0,70,,74158,31,0,39 40,0,30,,74145,31,0,39 40,0,70,,74153,31,0,39 40,0,30,,74164,31,0,39 40,0,100,,74146,31,0,39 40,0,99,,74165,31,0,39 40,0,100,,74147,31,0,39 40,0,101,,74166,31,0,39 40,0,100,,74139,31,0,39 40,0
2029,'1976',538,,74055,19,0,39 40,0,65,,74038,31,0,39 40,0,30,,74039,31,0,39 40,0,71,,74040,31,0,39 40,0,29,,74041,31,0,39 40,0,71,,74042,31,0,39 40,0,30,,74043,31,0,39 40,0,70,,74044,31,0,39 40,0,30,,74045,31,0,39 40,0,70,,74046,31,0,39 40,0,30,,74069,31,0,39 40,0,70,,74065,31,0,39 40,0,30,,74071,31,0,39 40,0,70,,74067,31,0,39 40,0,30,,74068,31,0,39 40,0,70,,74064,31,0,39 40,0,30,,74070,31,0,39 40,0,70,,74066,31,0,39 40,0,31,,74072,31,0,39 40,0,71,,74047,31,0,39 40,0,34,,74048,31,0,39 40,0,70,,74049,31,0,39 40,0,30,,74050,31,0,39 40,0,70,,74051,31,0,39 40,0,29,,74052,31,0,39 40,0,66,,74053,31,0,39 40,0,29,,74054,31,0,39 40,0,70,,74058,31,0,39 40,0,30,,74059,31,0,39 40,0,100,,74060,31,0,39 40,0,100,,74061,31,0,39 40,0,100,,74057,31,0,39 40,0
2029,'1977',538,,75190,19,0,39 40,0,65,,75173,31,0,39 40,0,30,,75174,31,0,39 40,0,71,,75175,31,0,39 40,0,29,,75176,31,0,39 40,0,71,,75177,31,0,39 40,0,30,,75178,31,0,39 40,0,70,,75179,31,0,39 40,0,30,,75180,31,0,39 40,0,70,,75181,31,0,39 40,0,30,,75204,31,0,39 40,0,70,,75200,31,0,39 40,0,30,,75206,31,0,39 40,0,70,,75202,31,0,39 40,0,30,,75203,31,0,39 40,0,70,,75199,31,0,39 40,0,30,,75205,31,0,39 40,0,70,,75201,31,0,39 40,0,31,,75207,31,0,39 40,0,71,,75182,31,0,39 40,0,34,,75183,31,0,39 40,0,70,,75184,31,0,39 40,0,30,,75185,31,0,39 40,0,70,,75186,31,0,39 40,0,29,,75187,31,0,39 40,0,66,,75188,31,0,39 40,0,29,,75189,31,0,39 40,0,70,,75193,31,0,39 40,0,30,,75194,31,0,39 40,0,100,,75195,31,0,39 40,0,100,,75196,31,0,39 40,0,100,,75192,31,0,39 40,0
12029,'1976',643,,74418,13,,,0,71,,61282,13,,,0,30,,61275,13,,,0,69,,74416,13,,,0,31,,74410,13,,,0,70,,61262,4,,,0,30,,61263,4,,,0,70,,61264,4,,,0,30,,74404,4,,,0,70,,74405,4,,,0,30,,61267,4,,,0,70,,61268,4,,,0,30,,61269,4,,,0,70,,74406,4,,,0,30,,74407,4,,,0,70,,61272,4,,,0,30,,74412,13,,,0,71,,74415,13,,,0,30,,74408,13,,,0,70,,74414,13,,,0,30,,74409,13,,,0,70,,74417,13,,,0,29,,74411,13,,,0,70,,74413,13,,,0
12029,'1977',644,,75523,4,,,0,71,,75522,4,,,0,30,,75521,4,,,0,71,,75524,4,,,0,629,,75531,4,,,0,71,,75528,4,,,0,29,,75529,4,,,0,71,,75527,4,,,0,29,,75526,4,,,0,71,,75525,4,,,0,29,,75530,4,,,0,71,,75532,4,,,0
14000001029,'1912',544,,73589,18,0,18 7,0,1811,,70205,18,,,0,69,,75060,18,,,0,30,,65884,18,,,0,70,,70206,18,,,0,30,,75059,18,,,0,70,,65880,18,,,0
14000001029,'1959',544,,73605,18,0,18 7,0,1811,,70208,18,,,0,69,,75067,18,,,0,30,,65891,18,,,0,70,,70209,18,,,0,30,,75066,18,,,0,70,,65887,18,,,0
14000001029,'1967',544,,75064,18,0,18 7,0,1811,,73602,18,,,0,69,,75063,18,,,0,30,,65872,18,,,0,70,,73599,18,,,0,30,,75065,18,,,0,70,,65875,18,,,0
14000001029,'1969',544,,73592,18,0,18 7,0,1811,,70211,18,,,0,69,,75069,18,,,0,30,,65898,18,,,0,70,,70212,18,,,0,30,,75068,18,,,0,70,,65894,18,,,0
14000001029,'1976',442,,65864,18,0,18 7,0,102,,73593,18,0,18 7,0,1811,,73595,18,,,0,69,,75061,18,,,0,30,,65871,18,,,0,70,,73594,18,,,0,30,,75062,18,,,0,70,,65870,18,,,0
14000001029,'1977',442,,76525,18,0,18 7,0,102,,76526,18,0,18 7,0,1811,,76528,18,,,0,69,,76529,18,,,0,30,,76532,18,,,0,70,,76527,18,,,0,30,,76530,18,,,0,70,,76531,18,,,0
