1019,'1909',806,,59087,33,,,0,100,,59076,33,,,0,132,,59067,33,,,0,100,,59072,33,,,0,170,,59075,33,,,0,100,,59099,33,,,0,131,,59096,33,,,0,70,,59089,33,,,0,197,,59084,33,,,0,30,,59083,33,,,0,95,,59100,33,,,0,128,,59093,33,,,0,170,,59090,33,,,0,30,,59088,33,,,0
1019,'1912',627,,59139,33,,,0,100,,59140,33,,,0,101,,59141,33,,,0,100,,59142,33,,,0,100,,59143,33,,,0,101,,59144,33,,,0,100,,59145,33,,,0,100,,59146,33,,,0,100,,59147,33,,,0,100,,59148,33,,,0,100,,59149,33,,,0,100,,59150,33,,,0,100,,59151,33,,,0,99,,59152,33,,,0,100,,59153,33,,,0,100,,59154,33,,,0,102,,59155,33,,,0,95,,59156,33,,,0
1019,'1924',627,,59157,33,,,0,100,,59158,33,,,0,101,,59159,33,,,0,100,,59160,33,,,0,100,,59161,33,,,0,101,,59162,33,,,0,100,,59163,33,,,0,100,,59164,33,,,0,100,,59165,33,,,0,100,,59166,33,,,0,100,,59167,33,,,0,100,,59168,33,,,0,100,,59169,33,,,0,99,,59170,33,,,0,100,,59171,33,,,0,100,,59172,33,,,0,102,,59173,33,,,0,95,,59174,33,,,0
1019,'1925',627,,59175,33,,,0,100,,59176,33,,,0,101,,59177,33,,,0,100,,59178,33,,,0,100,,59179,33,,,0,101,,59180,33,,,0,100,,59181,33,,,0,100,,59182,33,,,0,100,,59183,33,,,0,100,,59184,33,,,0,100,,59185,33,,,0,100,,59186,33,,,0,100,,59187,33,,,0,99,,59188,33,,,0,100,,59189,33,,,0,100,,59190,33,,,0,102,,59191,33,,,0,95,,59192,33,,,0
1019,'1949',736,,65941,33,,,0,100,,65942,33,,,0,172,,65943,33,,,0,100,,65945,33,,,0,130,,65946,33,,,0,100,,65940,33,,,0,171,,65944,33,,,0
1019,'1955',558,,65933,33,,,0,70,,65923,33,,,0,30,,65909,33,,,0,70,,65927,33,,,0,30,,65918,33,,,0,70,,65903,33,,,0,30,,65924,33,,,0,70,,65925,33,,,0,30,,65908,33,,,0,71,,65928,33,,,0,30,,65917,33,,,0,70,,65902,33,,,0,30,,65912,33,,,0,70,,65922,33,,,0,30,,65907,33,,,0,70,,65929,33,,,0,30,,65916,33,,,0,70,,65901,33,,,0,30,,65911,33,,,0,70,,65921,33,,,0,30,,65906,33,,,0,70,,65930,33,,,0,30,,65915,33,,,0,70,,65900,33,,,0,30,,65910,33,,,0,70,,65920,33,,,0,30,,65904,33,,,0,69,,65931,33,,,0,30,,65913,33,,,0,70,,59103,33,,,0,30,,65905,33,,,0,70,,65919,33,,,0,74,,65914,33,,,0,30,,65932,33,,,0,70,,65926,33,,,0,25,,59129,33,,,0
1019,'1957',557,,70230,33,,,0,75,,70228,33,,,0,71,,70217,33,,,0,235,,70229,33,,,0,270,,70218,33,,,0,231,,70216,33,,,0,200,,70221,33,,,0,70,,70219,33,,,0,29,,70222,33,,,0,168,,70220,33,,,0,95,,70226,33,,,0,28,,70227,33,,,0,100,,70225,33,,,0,30,,70224,33,,,0,170,,70223,33,,,0
1019,'1958',558,,70266,33,,,0,70,,70255,33,,,0,30,,70241,33,,,0,70,,70260,33,,,0,30,,70250,33,,,0,70,,70235,33,,,0,30,,70256,33,,,0,70,,70258,33,,,0,30,,70240,33,,,0,71,,70261,33,,,0,30,,70249,33,,,0,70,,70234,33,,,0,30,,70244,33,,,0,70,,70254,33,,,0,30,,70239,33,,,0,70,,70262,33,,,0,30,,70248,33,,,0,70,,70233,33,,,0,30,,70243,33,,,0,70,,70253,33,,,0,30,,70238,33,,,0,70,,70263,33,,,0,30,,70247,33,,,0,70,,70232,33,,,0,30,,70242,33,,,0,70,,70252,33,,,0,30,,70236,33,,,0,69,,70264,33,,,0,30,,70245,33,,,0,70,,70231,33,,,0,30,,70237,33,,,0,70,,70251,33,,,0,74,,70246,33,,,0,30,,70265,33,,,0,70,,70259,33,,,0,25,,70257,33,,,0
22029,'1909',1522,,62280,14,,,0,102,,62282,14,,,0,127,,62285,14,,,0,70,,62286,14,,,0,98,,62288,14,,,0,124,,62291,14,,,0,270,,62295,12,0,19 2 33 21,0,36,,62294,12,0,19 2 33 21,0
22029,'1910',615,,62327,12,0,19 2 33 21,0,30,,62326,12,0,19 2 33 21,0,65,,62319,12,0,19 2 33 21,0,30,,62314,12,0,19 2 33 21,0,70,,62320,12,0,19 2 33 21,0,31,,62296,14,,,0,70,,62297,14,,,0,30,,62298,14,,,0,72,,62299,14,,,0,30,,62300,14,,,0,70,,62301,14,,,0,30,,62302,14,,,0,70,,62303,14,,,0,31,,62304,14,,,0,70,,62305,14,,,0,31,,62306,14,,,0,69,,62307,14,,,0,31,,62308,14,,,0,70,,62309,14,,,0,30,,62310,14,,,0,70,,62311,14,,,0,29,,62312,14,,,0,69,,62313,14,,,0,29,,62315,12,0,19 2 33 21,0,69,,62321,12,0,19 2 33 21,0,30,,62316,12,0,19 2 33 21,0,70,,62322,12,0,19 2 33 21,0,30,,62317,12,0,19 2 33 21,0,70,,62323,12,0,19 2 33 21,0,30,,62318,12,0,19 2 33 21,0,67,,62324,12,0,19 2 33 21,0,33,,62325,12,0,19 2 33 21,0
22029,'1912',713,,67683,12,0,19 2 33 21,0,100,,72010,14,,,0,100,,72011,14,,,0,100,,72012,14,,,0,100,,72013,14,,,0,100,,72014,14,,,0,100,,72015,14,,,0,100,,72016,14,,,0,100,,72017,14,,,0,100,,72018,14,,,0,100,,67681,14,,,0,99,,62341,12,0,19 2 33 21,0,100,,62338,12,0,19 2 33 21,0,100,,62339,12,0,19 2 33 21,0,100,,72019,12,0,19 2 33 21,0
22029,'1924',713,,67695,12,0,19 2 33 21,0,1000,,67693,14,,,0,99,,62356,12,0,19 2 33 21,0,100,,62353,12,0,19 2 33 21,0,100,,62354,12,0,19 2 33 21,0
22029,'1925',713,,67707,12,0,19 2 33 21,0,100,,72020,14,,,0,100,,72021,14,,,0,100,,72022,14,,,0,100,,72023,14,,,0,100,,72024,14,,,0,100,,72025,14,,,0,100,,72026,14,,,0,100,,72027,14,,,0,100,,72028,14,,,0,100,,67705,14,,,0,99,,62371,12,0,19 2 33 21,0,100,,62368,12,0,19 2 33 21,0,100,,62369,12,0,19 2 33 21,0,100,,72029,12,0,19 2 33 21,0
22029,'1949',1554,,67725,14,,,0,100,,67726,14,,,0,67,,67727,14,,,0
22029,'1956',813,,67684,14,,,0,100,,67685,14,,,0,100,,67686,14,,,0,100,,67687,14,,,0,100,,67688,14,,,0,100,,67689,14,,,0,100,,67690,14,,,0,100,,67691,14,,,0,100,,67692,14,,,0,499,,67694,12,0,19 2 33 21,0
22029,'1957',648,,72031,12,0,19 2 33 21,0,72,,72032,12,0,19 2 33 21,0,30,,72033,12,0,19 2 33 21,0,73,,72034,12,0,19 2 33 21,0,30,,72035,12,0,19 2 33 21,0,71,,72036,14,,,0,27,,72037,14,,,0,70,,72042,14,,,0,30,,72038,14,,,0,70,,72043,14,,,0,30,,72039,14,,,0,70,,72030,14,,,0,30,,72040,14,,,0,70,,72041,14,,,0,31,,72044,14,,,0,70,,72045,14,,,0,30,,72046,14,,,0,397,,72047,14,,,0,100,,72048,14,,,0,64,,72049,14,,,0,100,,72050,14,,,0,28,,72051,12,0,19 2 33 21,0
22029,'1959',813,,72052,14,,,0,100,,72053,14,,,0,100,,72054,14,,,0,100,,72055,14,,,0,100,,72056,14,,,0,100,,72057,14,,,0,100,,72058,14,,,0,100,,72059,14,,,0,100,,72060,14,,,0,499,,72061,12,0,19 2 33 21,0
