609,'1912',837,,70924,7,0,5 2 6 7,0,100,,70925,7,0,5 2 6 7,0,100,,70926,7,0,5 2 6 7,0,100,,70927,7,0,5 2 6 7,0,101,,70928,7,0,5 2 6 7,0,100,,70929,7,0,5 2 6 7,0,100,,70930,7,0,5 2 6 7,0,100,,70931,7,0,5 2 6 7,0,100,,70932,7,0,5 2 6 7,0,100,,70933,7,0,5 2 6 7,0,99,,70934,7,0,5 2 6 7,0,100,,70935,7,0,5 2 6 7,0
609,'1959',837,,71108,7,0,5 2 6 7,0,100,,71109,7,0,5 2 6 7,0,100,,71110,7,0,5 2 6 7,0,100,,71111,7,0,5 2 6 7,0,101,,71112,7,0,5 2 6 7,0,100,,71113,7,0,5 2 6 7,0,100,,71114,7,0,5 2 6 7,0,100,,71115,7,0,5 2 6 7,0,100,,71116,7,0,5 2 6 7,0,100,,71117,7,0,5 2 6 7,0,99,,71118,7,0,5 2 6 7,0,100,,71119,7,0,5 2 6 7,0
609,'1965',823,,70991,7,0,15 16 17,0,30,,71000,7,0,15 16 17,0,100,,70988,7,0,15 16 17,0,70,,70997,7,0,15 16 17,0,30,,70998,7,0,15 16 17,0,70,,70996,7,0,15 16 17,0,30,,71019,7,0,15 16 17,0,70,,71018,7,0,15 16 17,0,30,,71015,7,0,15 16 17,0,470,,71010,7,0,15 16 17,0,29,,71007,7,0,15 16 17,0,95,,71005,7,0,15 16 17,0,90,,71003,7,0,15 16 17,0,200,,71002,7,0,15 16 17,0,100,,71024,7,0,15 16 17,0
609,'1966',608,,71081,7,0,15 16 17,0,30,,71060,7,0,15 16 17,0,70,,71048,7,0,15 16 17,0,200,,71046,7,0,15 16 17,0,28,,71073,7,0,15 16 17,0,70,,71045,7,0,15 16 17,0,30,,71058,7,0,15 16 17,0,72,,71044,7,0,15 16 17,0,30,,71072,7,0,15 16 17,0,70,,71043,7,0,15 16 17,0,30,,71057,7,0,15 16 17,0,70,,71042,7,0,15 16 17,0,30,,71071,7,0,15 16 17,0,70,,71041,7,0,15 16 17,0,30,,71056,7,0,15 16 17,0,70,,71040,7,0,15 16 17,0,30,,71070,7,0,15 16 17,0,70,,71039,7,0,15 16 17,0,30,,71055,7,0,15 16 17,0,70,,71038,7,0,15 16 17,0,30,,71077,7,0,15 16 17,0,70,,71061,7,0,15 16 17,0,30,,71075,7,0,15 16 17,0,68,,71078,7,0,5 2 6 7,0,100,,71069,7,0,5 2 6 7,0
609,'1967',738,,71074,7,0,15 16 17,0,70,,71047,7,0,15 16 17,0,30,,71059,7,0,15 16 17,0,1268,,71082,7,0,5 2 6 7,0
609,'1969',837,,70960,7,0,5 2 6 7,0,100,,70961,7,0,5 2 6 7,0,100,,70962,7,0,5 2 6 7,0,100,,70963,7,0,5 2 6 7,0,101,,70964,7,0,5 2 6 7,0,100,,70965,7,0,5 2 6 7,0,100,,70966,7,0,5 2 6 7,0,100,,70967,7,0,5 2 6 7,0,100,,70968,7,0,5 2 6 7,0,100,,70969,7,0,5 2 6 7,0,99,,70970,7,0,5 2 6 7,0,100,,70971,7,0,5 2 6 7,0
609,'1970',617,,74248,7,0,15 16 17,0,35,,74226,7,0,15 16 17,0,71,,74224,7,0,15 16 17,0,30,,74229,7,0,15 16 17,0,170,,74247,7,0,15 16 17,0,400,,74242,7,0,15 16 17,0,30,,74243,7,0,15 16 17,0,70,,74241,7,0,15 16 17,0,30,,74239,7,0,15 16 17,0,70,,74240,7,0,15 16 17,0,30,,74238,7,0,15 16 17,0,70,,74237,7,0,15 16 17,0,30,,74236,7,0,15 16 17,0,164,,74235,7,0,15 16 17,0,220,,74234,7,0,15 16 17,0
609,'1971',608,,74298,7,0,15 16 17,0,30,,74279,7,0,15 16 17,0,70,,74269,7,0,15 16 17,0,200,,74268,7,0,15 16 17,0,28,,74292,7,0,15 16 17,0,70,,74267,7,0,15 16 17,0,30,,74278,7,0,15 16 17,0,72,,74266,7,0,15 16 17,0,30,,74291,7,0,15 16 17,0,70,,74265,7,0,15 16 17,0,30,,74277,7,0,15 16 17,0,70,,74264,7,0,15 16 17,0,30,,74290,7,0,15 16 17,0,70,,74263,7,0,15 16 17,0,30,,74276,7,0,15 16 17,0,70,,74262,7,0,15 16 17,0,30,,74289,7,0,15 16 17,0,70,,74261,7,0,15 16 17,0,30,,74275,7,0,15 16 17,0,70,,74260,7,0,15 16 17,0,30,,74295,7,0,15 16 17,0,70,,74280,7,0,15 16 17,0,30,,74293,7,0,15 16 17,0,68,,74296,7,0,5 2 6 7,0,100,,74288,7,0,5 2 6 7,0
10029,'1912',824,,60857,33,,,0,30,,66871,33,,,0,70,,60859,33,,,0,30,,66872,33,,,0,70,,60861,33,,,0,30,,71396,33,,,0,70,,71397,33,,,0,30,,71398,33,,,0,72,,71399,33,,,0,32,,71400,33,,,0,70,,71387,33,,,0,30,,71390,33,,,0,70,,71384,33,,,0,30,,71389,33,,,0,70,,71388,33,,,0,30,,71391,33,,,0,70,,71385,33,,,0,30,,71392,33,,,0,70,,66860,33,,,0,30,,71393,33,,,0,68,,71386,33,,,0,28,,71394,33,,,0,70,,66858,33,,,0,30,,71395,33,,,0
10029,'1959',824,,60881,33,,,0,30,,66892,33,,,0,70,,60883,33,,,0,30,,66893,33,,,0,70,,60885,33,,,0,30,,71481,33,,,0,70,,71482,33,,,0,30,,71483,33,,,0,72,,71484,33,,,0,32,,71485,33,,,0,70,,71472,33,,,0,30,,71475,33,,,0,70,,71469,33,,,0,30,,71474,33,,,0,70,,71473,33,,,0,30,,71476,33,,,0,70,,71470,33,,,0,30,,71477,33,,,0,70,,66881,33,,,0,30,,71478,33,,,0,68,,71471,33,,,0,28,,71479,33,,,0,70,,66879,33,,,0,30,,71480,33,,,0
10029,'1965',654,,71419,33,,,0,150,,71421,33,,,0,100,,71423,33,,,0,27,,71424,33,,,0,70,,60789,33,,,0,30,,71425,33,,,0,70,,71426,33,,,0,30,,71427,33,,,0,100,,71429,33,,,0,70,,71430,33,,,0,30,,71431,33,,,0,70,,71432,33,,,0,30,,66940,33,,,0,497,,71442,33,,,0,100,,71443,33,,,0,25,,60811,33,,,0,70,,71444,33,,,0,30,,60813,33,,,0,100,,60814,33,,,0
10029,'1966',824,,71447,33,,,0,30,,71448,33,,,0,172,,71451,33,,,0,832,,71468,33,,,0
10029,'1967',724,,71445,33,,,0,30,,71446,33,,,0,170,,71449,33,,,0,30,,71450,33,,,0,104,,71452,33,,,0,70,,71453,33,,,0,30,,71454,33,,,0,70,,71455,33,,,0,30,,71456,33,,,0,70,,71457,33,,,0,30,,71458,33,,,0,70,,71459,33,,,0,30,,71460,33,,,0,70,,71461,33,,,0,30,,71462,33,,,0,70,,71463,33,,,0,30,,71464,33,,,0,70,,71465,33,,,0,30,,71466,33,,,0,70,,71467,33,,,0,98,,66855,33,,,0,28,,60815,33,,,0,100,,66856,33,,,0,100,,60842,33,,,0
10029,'1969',824,,60905,33,,,0,30,,66913,33,,,0,70,,60907,33,,,0,30,,66914,33,,,0,70,,60909,33,,,0,30,,71413,33,,,0,70,,71414,33,,,0,30,,71415,33,,,0,72,,71416,33,,,0,32,,71417,33,,,0,70,,71404,33,,,0,30,,71407,33,,,0,70,,71401,33,,,0,30,,71406,33,,,0,70,,71405,33,,,0,30,,71408,33,,,0,70,,71402,33,,,0,30,,71409,33,,,0,70,,66902,33,,,0,30,,71410,33,,,0,68,,71403,33,,,0,28,,71411,33,,,0,70,,66900,33,,,0,30,,71412,33,,,0
10029,'1970',624,,74356,33,,,0,110,,74357,33,,,0,100,,74358,33,,,0,367,,74359,33,,,0,301,,74360,33,,,0,35,,74361,33,,,0,70,,74362,33,,,0,30,,74363,33,,,0,70,,74364,33,,,0,29,,74365,33,,,0,67,,74366,33,,,0,25,,74367,33,,,0,30,,74368,33,,,0,100,,74369,33,,,0
10029,'1971',824,,74370,33,,,0,30,,74371,33,,,0,172,,74372,33,,,0,832,,74373,33,,,0
