1019,'1912',607,,73606,10,,,0,100,,73607,10,,,0,100,,73608,10,,,0,100,,73609,10,,,0,100,,73610,10,,,0,100,,73611,10,,,0,100,,73612,10,,,0,100,,73613,10,,,0,100,,73614,10,,,0,100,,73615,10,,,0,100,,73616,10,,,0,100,,73617,10,,,0,100,,73618,10,,,0,100,,73619,10,,,0,100,,73620,10,,,0,100,,73621,10,,,0,100,,73622,10,,,0,100,,73623,10,,,0
1019,'1959',607,,73696,10,,,0,100,,73697,10,,,0,100,,73698,10,,,0,100,,73699,10,,,0,100,,73700,10,,,0,100,,73701,10,,,0,100,,73702,10,,,0,100,,73703,10,,,0,100,,73704,10,,,0,100,,73705,10,,,0,100,,73706,10,,,0,100,,73707,10,,,0,100,,73708,10,,,0,100,,73709,10,,,0,100,,73710,10,,,0,100,,73711,10,,,0,100,,73712,10,,,0,100,,73713,10,,,0
1019,'1967',536,,73695,10,,,0,70,,73684,10,,,0,30,,73670,10,,,0,70,,73689,10,,,0,30,,73679,10,,,0,70,,73664,10,,,0,30,,73685,10,,,0,70,,73687,10,,,0,30,,73669,10,,,0,72,,73690,10,,,0,30,,73678,10,,,0,70,,73663,10,,,0,30,,73673,10,,,0,70,,73683,10,,,0,30,,73668,10,,,0,70,,73691,10,,,0,30,,73677,10,,,0,70,,73662,10,,,0,30,,73672,10,,,0,70,,73682,10,,,0,30,,73667,10,,,0,70,,73692,10,,,0,30,,73676,10,,,0,70,,73661,10,,,0,30,,73671,10,,,0,70,,73681,10,,,0,30,,73665,10,,,0,69,,73693,10,,,0,30,,73674,10,,,0,70,,73660,10,,,0,30,,73666,10,,,0,70,,73680,10,,,0,30,,73675,10,,,0,70,,73694,10,,,0,30,,73688,10,,,0,70,,73686,10,,,0
1019,'1969',607,,73714,10,,,0,100,,73715,10,,,0,100,,73716,10,,,0,100,,73717,10,,,0,100,,73718,10,,,0,100,,73719,10,,,0,100,,73720,10,,,0,100,,73721,10,,,0,100,,73722,10,,,0,100,,73723,10,,,0,100,,73724,10,,,0,100,,73725,10,,,0,100,,73726,10,,,0,100,,73727,10,,,0,100,,73728,10,,,0,100,,73729,10,,,0,100,,73730,10,,,0,100,,73731,10,,,0
1019,'1976',536,,73659,10,,,0,75,,73655,10,,,0,30,,73631,10,,,0,72,,73626,10,,,0,30,,73644,10,,,0,70,,73628,10,,,0,30,,73633,10,,,0,70,,73658,10,,,0,30,,73630,10,,,0,70,,73624,10,,,0,30,,73643,10,,,0,70,,73629,10,,,0,30,,73634,10,,,0,70,,73654,10,,,0,30,,73632,10,,,0,70,,73625,10,,,0,30,,73656,10,,,0,70,,73627,10,,,0,30,,73635,10,,,0,70,,73653,10,,,0,30,,73646,10,,,0,70,,73638,10,,,0,30,,73636,10,,,0,70,,73639,10,,,0,30,,73641,10,,,0,70,,73640,10,,,0,30,,73637,10,,,0,65,,73657,10,,,0,30,,73651,10,,,0,68,,73652,10,,,0,30,,73650,10,,,0,70,,73649,10,,,0,30,,73648,10,,,0,70,,73647,10,,,0,30,,73645,10,,,0,70,,73642,10,,,0
1019,'1977',536,,75105,10,,,0,75,,75101,10,,,0,30,,75077,10,,,0,72,,75072,10,,,0,30,,75090,10,,,0,70,,75074,10,,,0,30,,75079,10,,,0,70,,75104,10,,,0,30,,75076,10,,,0,70,,75070,10,,,0,30,,75089,10,,,0,70,,75075,10,,,0,30,,75080,10,,,0,70,,75100,10,,,0,30,,75078,10,,,0,70,,75071,10,,,0,30,,75102,10,,,0,70,,75073,10,,,0,30,,75081,10,,,0,70,,75099,10,,,0,30,,75092,10,,,0,70,,75084,10,,,0,30,,75082,10,,,0,70,,75085,10,,,0,30,,75087,10,,,0,70,,75086,10,,,0,30,,75083,10,,,0,65,,75103,10,,,0,30,,75097,10,,,0,68,,75098,10,,,0,30,,75096,10,,,0,70,,75095,10,,,0,30,,75094,10,,,0,70,,75093,10,,,0,30,,75091,10,,,0,70,,75088,10,,,0
2019,'1912',652,,73883,19,,,0,70,,73860,19,,,0,30,,73864,19,,,0,70,,73876,19,,,0,30,,73871,19,,,0,70,,73861,19,,,0,30,,73865,19,,,0,70,,73877,19,,,0,30,,73872,19,,,0,70,,73862,19,,,0,30,,73866,19,,,0,70,,73878,19,,,0,30,,73873,19,,,0,70,,73863,19,,,0,30,,73867,19,,,0,70,,73879,19,,,0,30,,73874,19,,,0,70,,73858,19,,,0,30,,73868,19,,,0,70,,73880,19,,,0,30,,73875,19,,,0,70,,73856,19,,,0,30,,73869,19,,,0,70,,73881,19,,,0,100,,73857,19,,,0,100,,73882,19,,,0,100,,73859,19,,,0,100,,73870,19,,,0,99,,73884,19,,,0
2019,'1959',652,,73975,19,,,0,70,,73952,19,,,0,30,,73956,19,,,0,70,,73968,19,,,0,30,,73963,19,,,0,70,,73953,19,,,0,30,,73957,19,,,0,70,,73969,19,,,0,30,,73964,19,,,0,70,,73954,19,,,0,30,,73958,19,,,0,70,,73970,19,,,0,30,,73965,19,,,0,70,,73955,19,,,0,30,,73959,19,,,0,70,,73971,19,,,0,30,,73966,19,,,0,70,,73950,19,,,0,30,,73960,19,,,0,70,,73972,19,,,0,30,,73967,19,,,0,70,,73948,19,,,0,30,,73961,19,,,0,70,,73973,19,,,0,100,,73949,19,,,0,100,,73974,19,,,0,100,,73951,19,,,0,100,,73962,19,,,0,99,,73976,19,,,0
2019,'1967',621,,73917,10,,,0,30,,73924,19,,,0,70,,73933,19,,,0,30,,73940,19,,,0,70,,73918,19,,,0,30,,73925,19,,,0,70,,73934,19,,,0,30,,73941,19,,,0,72,,73919,19,,,0,30,,73926,19,,,0,70,,73935,19,,,0,30,,73942,19,,,0,70,,73920,19,,,0,30,,73927,19,,,0,70,,73936,19,,,0,30,,73943,19,,,0,70,,73921,19,,,0,30,,73928,19,,,0,70,,73937,19,,,0,30,,73944,19,,,0,70,,73922,19,,,0,30,,73929,19,,,0,70,,73938,19,,,0,30,,73945,19,,,0,70,,73923,19,,,0,30,,73930,19,,,0,70,,73939,19,,,0,99,,73931,19,,,0,100,,73946,19,,,0,100,,73932,19,,,0,100,,73947,19,,,0
2019,'1969',652,,74004,19,,,0,70,,73981,19,,,0,30,,73985,19,,,0,70,,73997,19,,,0,30,,73992,19,,,0,70,,73982,19,,,0,30,,73986,19,,,0,70,,73998,19,,,0,30,,73993,19,,,0,70,,73983,19,,,0,30,,73987,19,,,0,70,,73999,19,,,0,30,,73994,19,,,0,70,,73984,19,,,0,30,,73988,19,,,0,70,,74000,19,,,0,30,,73995,19,,,0,70,,73979,19,,,0,30,,73989,19,,,0,70,,74001,19,,,0,30,,73996,19,,,0,70,,73977,19,,,0,30,,73990,19,,,0,70,,74002,19,,,0,100,,73978,19,,,0,100,,74003,19,,,0,100,,73980,19,,,0,100,,73991,19,,,0,99,,74005,19,,,0
2019,'1976',448,,73916,10,0,5 2 13 14,0,173,,73885,19,,,0,30,,73886,19,,,0,72,,73887,19,,,0,30,,73888,19,,,0,70,,73889,19,,,0,30,,73890,19,,,0,70,,73907,19,,,0,30,,73908,19,,,0,70,,73909,19,,,0,30,,73910,19,,,0,70,,73911,19,,,0,30,,73912,19,,,0,70,,73913,19,,,0,30,,73914,19,,,0,70,,73915,19,,,0,30,,73905,19,,,0,70,,73906,19,,,0,30,,73891,19,,,0,70,,73892,19,,,0,30,,73893,19,,,0,70,,73894,19,,,0,30,,73895,19,,,0,70,,73896,19,,,0,30,,73897,19,,,0,70,,73898,19,,,0,30,,73904,19,,,0,70,,73899,19,,,0,98,,73900,19,,,0,100,,73901,19,,,0,100,,73902,19,,,0,100,,73903,19,,,0
2019,'1977',448,,75172,10,0,5 2 13 14,0,173,,75141,19,,,0,30,,75142,19,,,0,72,,75143,19,,,0,30,,75144,19,,,0,70,,75145,19,,,0,30,,75146,19,,,0,70,,75163,19,,,0,30,,75164,19,,,0,70,,75165,19,,,0,30,,75166,19,,,0,70,,75167,19,,,0,30,,75168,19,,,0,70,,75169,19,,,0,30,,75170,19,,,0,70,,75171,19,,,0,30,,75161,19,,,0,70,,75162,19,,,0,30,,75147,19,,,0,70,,75148,19,,,0,30,,75149,19,,,0,70,,75150,19,,,0,30,,75151,19,,,0,70,,75152,19,,,0,30,,75153,19,,,0,70,,75154,19,,,0,30,,75160,19,,,0,70,,75155,19,,,0,98,,75156,19,,,0,100,,75157,19,,,0,100,,75158,19,,,0,100,,75159,19,,,0
12019,'1976',631,,61256,10,,,0,71,,61259,10,,,0,31,,74399,10,,,0,70,,74403,10,,,0,30,,61261,10,,,0,70,,61258,10,0,5 2 12,0,30,,74394,10,0,5 2 12,0,70,,74395,10,0,5 2 12,0,30,,61238,10,0,5 2 12,0,70,,61239,10,0,5 2 12,0,30,,61240,10,0,5 2 12,0,70,,74391,10,0,5 2 12,0,30,,74392,10,0,5 2 12,0,70,,61243,10,0,5 2 12,0,30,,61244,10,0,5 2 12,0,70,,61245,10,0,5 2 12,0,30,,74393,10,,,0,69,,74402,10,,,0,30,,74398,10,,,0,70,,74400,10,,,0,30,,74397,10,,,0,70,,74401,10,,,0,30,,74396,10,,,0,70,,71547,10,,,0
12019,'1977',633,,75512,10,0,5 2 12,0,70,,75508,10,0,5 2 12,0,30,,75510,10,0,5 2 12,0,71,,75509,10,0,5 2 12,0,29,,75511,10,0,5 2 12,0,600,,75520,10,0,5 2 12,0,71,,75518,10,0,5 2 12,0,29,,75516,10,0,5 2 12,0,71,,75517,10,0,5 2 12,0,29,,75515,10,0,5 2 12,0,71,,75513,10,0,5 2 12,0,29,,75514,10,0,5 2 12,0,71,,75519,10,0,5 2 12,0
14000001019,'1912',2416,,65844,26,,,0,30,,70196,26,,,0,70,,75054,26,,,0,30,,65845,26,,,0,70,,70197,26,,,0
14000001019,'1959',2416,,65849,26,,,0,30,,70198,26,,,0,70,,75057,26,,,0,30,,65850,26,,,0,70,,70199,26,,,0
14000001019,'1967',2416,,65840,26,,,0,30,,73583,26,,,0,70,,75056,26,,,0,30,,65838,26,,,0,70,,73585,26,,,0
14000001019,'1969',2416,,65854,26,,,0,30,,70200,26,,,0,70,,75058,26,,,0,30,,65855,26,,,0,70,,70201,26,,,0
14000001019,'1976',2416,,65835,26,,,0,30,,73580,26,,,0,70,,75055,26,,,0,30,,65834,26,,,0,70,,73582,26,,,0
14000001019,'1977',2416,,76523,26,,,0,30,,76520,26,,,0,70,,76521,26,,,0,30,,76522,26,,,0,70,,76524,26,,,0
