22029,'1912',703,,67683,3,0,19 2 33 21,0,99,,72010,3,,,0,100,,72011,3,,,0,100,,72012,3,,,0,100,,72013,3,,,0,100,,72014,3,,,0,100,,72015,3,,,0,100,,72016,3,,,0,100,,72017,3,,,0,100,,72018,3,,,0,100,,67681,3,,,0,100,,62341,3,0,19 2 33 21,0,100,,62338,3,0,19 2 33 21,0,100,,62339,3,0,19 2 33 21,0,100,,72019,3,0,19 2 33 21,0
22029,'1959',703,,67695,3,0,19 2 33 21,0,99,,72052,3,,,0,100,,72053,3,,,0,100,,72054,3,,,0,100,,72055,3,,,0,100,,72056,3,,,0,100,,72057,3,,,0,100,,72058,3,,,0,100,,72059,3,,,0,100,,72060,3,,,0,100,,67693,3,,,0,100,,62356,3,0,19 2 33 21,0,100,,62353,3,0,19 2 33 21,0,100,,62354,3,0,19 2 33 21,0,100,,72061,3,0,19 2 33 21,0
22029,'1965',636,,72031,3,0,19 2 33 21,0,72,,72032,3,0,19 2 33 21,0,30,,72033,3,0,19 2 33 21,0,201,,72037,3,,,0,70,,72042,3,,,0,100,,72043,3,,,0,30,,72039,3,,,0,70,,72030,3,,,0,30,,72040,3,,,0,70,,72041,3,,,0,31,,72044,3,,,0,70,,72045,3,,,0,98,,62280,3,,,0,494,,72049,3,,,0,100,,72050,3,,,0,30,,72051,3,0,19 2 33 21,0,172,,62295,3,0,19 2 33 21,0,36,,62294,3,0,19 2 33 21,0
22029,'1967',607,,62327,3,0,19 2 33 21,0,30,,62326,3,0,19 2 33 21,0,65,,62319,3,0,19 2 33 21,0,30,,62314,3,0,19 2 33 21,0,70,,62320,3,0,19 2 33 21,0,30,,62296,3,,,0,70,,62297,3,,,0,30,,62298,3,,,0,70,,62299,3,,,0,30,,62300,3,,,0,70,,62301,3,,,0,30,,62302,3,,,0,70,,62303,3,,,0,30,,62304,3,,,0,70,,62305,3,,,0,31,,62306,3,,,0,69,,62307,3,,,0,31,,62308,3,,,0,70,,62309,3,,,0,30,,62310,3,,,0,70,,62311,3,,,0,30,,62312,3,,,0,69,,62313,3,,,0,31,,62315,3,0,19 2 33 21,0,69,,62321,3,0,19 2 33 21,0,30,,62316,3,0,19 2 33 21,0,70,,62322,3,0,19 2 33 21,0,30,,62317,3,0,19 2 33 21,0,70,,62323,3,0,19 2 33 21,0,30,,62318,3,0,19 2 33 21,0,27,,62324,3,0,19 2 33 21,0,73,,62325,3,0,19 2 33 21,0
22029,'1969',703,,67707,3,0,19 2 33 21,0,99,,72020,3,,,0,100,,72021,3,,,0,100,,72022,3,,,0,100,,72023,3,,,0,100,,72024,3,,,0,100,,72025,3,,,0,100,,72026,3,,,0,100,,72027,3,,,0,100,,72028,3,,,0,100,,67705,3,,,0,100,,62371,3,0,19 2 33 21,0,100,,62368,3,0,19 2 33 21,0,100,,62369,3,0,19 2 33 21,0,100,,72029,3,0,19 2 33 21,0
22029,'1970',811,,74536,3,0,19 2 33 21,0,30,,74537,3,0,19 2 33 21,0,70,,74538,3,,,0,128,,74539,3,,,0,401,,74540,3,,,0,100,,74541,3,,,0,70,,74542,3,,,0,30,,74543,3,,,0,69,,74544,3,,,0,30,,74545,3,,,0,70,,74546,3,,,0,28,,74547,3,,,0,70,,74548,3,,,0,30,,74549,3,,,0,95,,74550,3,,,0
601019,'1912',2242,,64031,3,,,0
601019,'1959',612,,64050,3,,,0,30,,64068,3,,,0,70,,64049,3,,,0,30,,64067,3,,,0,70,,64048,3,,,0,30,,64066,3,,,0,70,,64047,3,,,0,30,,64065,3,,,0,70,,64045,3,,,0,30,,64064,3,,,0,70,,64046,3,,,0,30,,64063,3,,,0,70,,64044,3,,,0,30,,64062,3,,,0,70,,64040,3,,,0,30,,64061,3,,,0,70,,64043,3,,,0,30,,64060,3,,,0,70,,64041,3,,,0,30,,64059,3,,,0,70,,64039,3,,,0,30,,64058,3,,,0,70,,64042,3,,,0,30,,64057,3,,,0,70,,64036,3,,,0,30,,64056,3,,,0,70,,64037,3,,,0,30,,64055,3,,,0,70,,64038,3,,,0,30,,64054,3,,,0,70,,64035,3,,,0,30,,64053,3,,,0,70,,64034,3,,,0,30,,64052,3,,,0
601019,'1965',609,,63995,3,,,0,19,,63975,3,,,0,16,,63977,3,0,19 2 11 2 34,0,13,,63970,3,0,19 2 11 2 34,0,52,,63974,3,0,19 2 11 2 34,0,15,,63984,3,0,19 2 11 2 34,0,16,,63978,3,0,19 2 11 2 34,0,15,,63969,3,0,19 2 11 2 34,0,55,,63971,3,0,19 2 11 2 34,0,15,,63983,3,0,19 2 11 2 34,0,24,,63957,3,0,5 2 11 2 12,0,70,,63958,3,0,5 2 11 2 12,0,30,,63959,3,0,5 2 11 2 12,0,170,,63962,3,0,5 2 11 2 12,0,30,,63963,3,0,5 2 11 2 12,0,70,,63964,3,0,5 2 11 2 12,0,130,,63967,3,0,5 2 11 2 12,0,62,,63952,3,,,0,13,,63991,3,0,19 2 11 2 34,0,15,,63980,3,0,19 2 11 2 34,0,15,,63987,3,0,19 2 11 2 34,0,55,,63976,3,0,19 2 11 2 34,0,15,,63988,3,0,19 2 11 2 34,0,15,,63979,3,0,19 2 11 2 34,0,15,,63985,3,0,19 2 11 2 34,0,55,,63981,3,0,19 2 11 2 34,0,15,,63986,3,0,19 2 11 2 34,0,15,,63973,3,0,19 2 11 2 34,0,15,,63989,3,0,19 2 11 2 34,0,55,,63968,3,0,19 2 11 2 34,0,15,,63992,3,0,19 2 11 2 34,0,15,,63972,3,0,19 2 11 2 34,0,15,,63990,3,0,19 2 11 2 34,0,55,,63946,3,,,0,30,,63947,3,,,0,15,,63955,3,,,0,55,,63953,3,,,0,30,,63950,3,,,0,70,,63951,3,,,0,30,,63945,3,,,0,70,,63948,3,,,0,30,,63944,3,,,0,70,,63949,3,,,0,33,,63954,3,,,0
601019,'1967',612,,64012,3,,,0,30,,64030,3,,,0,70,,64011,3,,,0,30,,64029,3,,,0,70,,64010,3,,,0,30,,64028,3,,,0,70,,64009,3,,,0,30,,64027,3,,,0,70,,64007,3,,,0,30,,64025,3,,,0,70,,64008,3,,,0,30,,64026,3,,,0,70,,64006,3,,,0,30,,64024,3,,,0,70,,63997,3,,,0,30,,64023,3,,,0,70,,64005,3,,,0,30,,64022,3,,,0,70,,64003,3,,,0,30,,64021,3,,,0,70,,63998,3,,,0,30,,64019,3,,,0,70,,64000,3,,,0,30,,64020,3,,,0,70,,64004,3,,,0,30,,64018,3,,,0,70,,63999,3,,,0,30,,64017,3,,,0,70,,64002,3,,,0,30,,64016,3,,,0,70,,64001,3,,,0,30,,64015,3,,,0,70,,63996,3,,,0,30,,64014,3,,,0
601019,'1969',2142,,64071,3,,,0,70,,64069,3,,,0,30,,64070,3,,,0
601019,'1970',1019,,74958,3,0,5 2 11 2 12,0,30,,74959,3,0,5 2 11 2 12,0,200,,74960,3,0,5 2 11 2 12,0,70,,74961,3,0,5 2 11 2 12,0
