1029,'1909',844,,59245,32,,,0,102,,59222,32,,,0,170,,59211,32,,,0,100,,59216,32,,,0,130,,59218,32,,,0,101,,59242,32,,,0,171,,59238,32,,,0,30,,59227,32,,,0,97,,59225,32,,,0,97,,59230,32,,,0,70,,59229,32,,,0,100,,59243,32,,,0,129,,59235,32,,,0,165,,59232,32,,,0
1029,'1912',613,,59281,32,,,0,98,,59282,32,,,0,100,,59283,32,,,0,101,,59284,32,,,0,101,,59285,32,,,0,100,,59286,32,,,0,100,,59287,32,,,0,100,,59288,32,,,0,100,,59289,32,,,0,100,,59290,32,,,0,99,,59291,32,,,0,100,,59292,32,,,0,100,,59293,32,,,0,100,,59294,32,,,0,100,,59295,32,,,0,100,,59296,32,,,0,97,,59297,32,,,0,100,,59298,32,,,0
1029,'1924',613,,59299,32,,,0,98,,59300,32,,,0,100,,59301,32,,,0,101,,59302,32,,,0,101,,59303,32,,,0,100,,59304,32,,,0,100,,59305,32,,,0,100,,59306,32,,,0,100,,59307,32,,,0,100,,59308,32,,,0,99,,59309,32,,,0,100,,59310,32,,,0,100,,59311,32,,,0,100,,59312,32,,,0,100,,59313,32,,,0,100,,59314,32,,,0,97,,59315,32,,,0,100,,59316,32,,,0
1029,'1925',613,,59317,32,,,0,98,,59318,32,,,0,100,,59319,32,,,0,101,,59320,32,,,0,101,,59321,32,,,0,100,,59322,32,,,0,100,,59323,32,,,0,100,,59324,32,,,0,100,,59325,32,,,0,100,,59326,32,,,0,99,,59327,32,,,0,100,,59328,32,,,0,100,,59329,32,,,0,100,,59330,32,,,0,100,,59331,32,,,0,100,,59332,32,,,0,97,,59333,32,,,0,100,,59334,32,,,0
1029,'1949',646,,65993,32,,,0,168,,65987,32,,,0,102,,65990,32,,,0,130,,65991,32,,,0,100,,65996,32,,,0,170,,65995,32,,,0,100,,65988,32,,,0,102,,65989,32,,,0,30,,65994,32,,,0
1029,'1955',612,,65951,32,,,0,28,,65963,32,,,0,70,,65970,32,,,0,30,,65958,32,,,0,70,,65979,32,,,0,30,,65967,32,,,0,72,,65950,32,,,0,29,,65962,32,,,0,70,,65973,32,,,0,30,,65957,32,,,0,70,,65980,32,,,0,30,,65966,32,,,0,70,,65949,32,,,0,30,,65961,32,,,0,70,,65972,32,,,0,30,,65956,32,,,0,70,,65952,32,,,0,30,,65965,32,,,0,70,,65948,32,,,0,30,,65960,32,,,0,70,,65968,32,,,0,30,,65955,32,,,0,70,,65977,32,,,0,30,,65964,32,,,0,69,,65947,32,,,0,31,,65959,32,,,0,70,,65971,32,,,0,30,,65953,32,,,0,70,,65975,32,,,0,30,,65974,32,,,0,70,,59246,32,,,0,30,,65954,32,,,0,70,,65969,32,,,0,30,,65978,32,,,0,69,,65976,32,,,0
1029,'1957',611,,70268,32,,,0,103,,70278,32,,,0,30,,70267,32,,,0,272,,70277,32,,,0,230,,70269,32,,,0,472,,70270,32,,,0,94,,70272,32,,,0,130,,70271,32,,,0,99,,70276,32,,,0,70,,70275,32,,,0,100,,70274,32,,,0,30,,70273,32,,,0
1029,'1958',612,,70284,32,,,0,28,,70296,32,,,0,70,,70303,32,,,0,30,,70291,32,,,0,70,,70312,32,,,0,30,,70300,32,,,0,72,,70283,32,,,0,29,,70295,32,,,0,70,,70306,32,,,0,30,,70290,32,,,0,70,,70313,32,,,0,30,,70299,32,,,0,70,,70282,32,,,0,30,,70294,32,,,0,70,,70305,32,,,0,30,,70289,32,,,0,70,,70285,32,,,0,30,,70298,32,,,0,70,,70281,32,,,0,30,,70293,32,,,0,70,,70301,32,,,0,30,,70288,32,,,0,70,,70310,32,,,0,30,,70297,32,,,0,69,,70280,32,,,0,31,,70292,32,,,0,70,,70304,32,,,0,30,,70286,32,,,0,70,,70308,32,,,0,30,,70307,32,,,0,70,,70279,32,,,0,30,,70287,32,,,0,70,,70302,32,,,0,30,,70311,32,,,0,69,,70309,32,,,0
31019,'1909',631,,62422,12,,,0,98,,62407,24,,,0,30,,62420,24,,,0,70,,62403,24,,,0,129,,62395,24,,,0,70,,62408,24,,,0,30,,62419,24,,,0,170,,62413,24,,,0,30,,62394,24,,,0,70,,62409,24,,,0,130,,62398,24,,,0,143,,62396,24,,,0,99,,62417,24,,,0,356,,62402,24,,,0
31019,'1912',605,,62483,12,,,0,50,,62466,24,,,0,100,,62467,24,,,0,101,,62468,24,,,0,100,,62469,24,,,0,100,,62470,24,,,0,101,,62471,24,,,0,100,,62472,24,,,0,100,,62473,24,,,0,100,,62474,24,,,0,100,,62475,24,,,0,100,,62476,24,,,0,100,,62477,24,,,0,100,,62478,24,,,0,99,,62479,24,,,0,100,,62480,24,,,0,100,,62481,24,,,0,99,,62482,24,,,0
31019,'1924',605,,62502,12,,,0,50,,62485,24,,,0,100,,62486,24,,,0,101,,62487,24,,,0,100,,62488,24,,,0,100,,62489,24,,,0,101,,62490,24,,,0,100,,62491,24,,,0,100,,62492,24,,,0,100,,62493,24,,,0,100,,62494,24,,,0,100,,62495,24,,,0,100,,62496,24,,,0,100,,62497,24,,,0,99,,62498,24,,,0,100,,62499,24,,,0,100,,62500,24,,,0,99,,62501,24,,,0
31019,'1925',605,,62521,12,,,0,50,,62504,24,,,0,100,,62505,24,,,0,101,,62506,24,,,0,100,,62507,24,,,0,100,,62508,24,,,0,101,,62509,24,,,0,100,,62510,24,,,0,100,,62511,24,,,0,100,,62512,24,,,0,100,,62513,24,,,0,100,,62514,24,,,0,100,,62515,24,,,0,100,,62516,24,,,0,99,,62517,24,,,0,100,,62518,24,,,0,100,,62519,24,,,0,99,,62520,24,,,0
31019,'1949',605,,67774,12,,,0
31019,'1955',605,,67762,12,,,0,26,,67755,12,,,0,24,,67732,24,,,0,70,,67748,24,,,0,30,,67761,24,,,0,70,,67744,24,,,0,30,,67738,24,,,0,71,,67754,24,,,0,30,,67731,24,,,0,70,,67747,24,,,0,30,,67756,24,,,0,70,,67743,24,,,0,30,,67737,24,,,0,72,,67753,24,,,0,30,,67730,24,,,0,70,,67746,24,,,0,30,,67759,24,,,0,70,,67742,24,,,0,30,,67736,24,,,0,70,,67752,24,,,0,30,,67729,24,,,0,70,,67745,24,,,0,30,,67758,24,,,0,70,,67741,24,,,0,29,,67735,24,,,0,70,,67751,24,,,0,30,,62430,24,,,0,69,,67763,24,,,0,30,,67757,24,,,0,100,,67734,24,,,0,100,,62429,24,,,0,100,,67760,24,,,0
31019,'1957',656,,72062,24,,,0,203,,72066,24,,,0,69,,72074,24,,,0,200,,72070,24,,,0,30,,72067,24,,,0,200,,72077,24,,,0,70,,72068,24,,,0,103,,72073,24,,,0,100,,72071,24,,,0,96,,72069,24,,,0,29,,72065,24,,,0,70,,72072,24,,,0,30,,72063,24,,,0,70,,72080,24,,,0,30,,72076,24,,,0,200,,72064,24,,,0,100,,72075,24,,,0
31019,'1958',605,,72116,12,,,0,26,,72109,12,,,0,24,,72086,24,,,0,70,,72102,24,,,0,30,,72115,24,,,0,70,,72098,24,,,0,30,,72092,24,,,0,71,,72108,24,,,0,30,,72085,24,,,0,70,,72101,24,,,0,30,,72110,24,,,0,70,,72097,24,,,0,30,,72091,24,,,0,72,,72107,24,,,0,30,,72084,24,,,0,70,,72100,24,,,0,30,,72113,24,,,0,70,,72096,24,,,0,30,,72090,24,,,0,70,,72106,24,,,0,30,,72083,24,,,0,70,,72099,24,,,0,30,,72112,24,,,0,70,,72095,24,,,0,29,,72089,24,,,0,70,,72105,24,,,0,30,,72082,24,,,0,69,,72117,24,,,0,30,,72111,24,,,0,100,,72088,24,,,0,100,,72081,24,,,0,100,,72114,24,,,0
