1029,'1909',903,,59245,48,,,0,100,,59222,48,,,0,130,,59211,48,,,0,100,,59216,48,,,0,170,,59218,48,,,0,102,,59242,48,,,0,132,,59238,48,,,0,70,,59227,48,,,0,96,,59225,48,,,0,55,,59230,48,,,0,70,,59229,48,,,0,99,,59243,48,,,0,130,,59235,48,,,0,165,,59232,48,,,0
1029,'1912',626,,59281,48,,,0,100,,59282,48,,,0,100,,59283,48,,,0,101,,59284,48,,,0,100,,59285,48,,,0,100,,59286,48,,,0,100,,59287,48,,,0,100,,59288,48,,,0,100,,59289,48,,,0,100,,59290,48,,,0,100,,59291,48,,,0,100,,59292,48,,,0,100,,59293,48,,,0,100,,59294,48,,,0,100,,59295,48,,,0,100,,59296,48,,,0,101,,59297,48,,,0,94,,59298,48,,,0
1029,'1924',626,,59299,48,,,0,100,,59300,48,,,0,100,,59301,48,,,0,101,,59302,48,,,0,100,,59303,48,,,0,100,,59304,48,,,0,100,,59305,48,,,0,100,,59306,48,,,0,100,,59307,48,,,0,100,,59308,48,,,0,100,,59309,48,,,0,100,,59310,48,,,0,100,,59311,48,,,0,100,,59312,48,,,0,100,,59313,48,,,0,100,,59314,48,,,0,101,,59315,48,,,0,94,,59316,48,,,0
1029,'1925',626,,59317,48,,,0,100,,59318,48,,,0,100,,59319,48,,,0,101,,59320,48,,,0,100,,59321,48,,,0,100,,59322,48,,,0,100,,59323,48,,,0,100,,59324,48,,,0,100,,59325,48,,,0,100,,59326,48,,,0,100,,59327,48,,,0,100,,59328,48,,,0,100,,59329,48,,,0,100,,59330,48,,,0,100,,59331,48,,,0,100,,59332,48,,,0,101,,59333,48,,,0,94,,59334,48,,,0
1029,'1949',701,,65993,48,,,0,132,,65987,48,,,0,100,,65990,48,,,0,170,,65991,48,,,0,100,,65996,48,,,0,130,,65995,48,,,0,101,,65988,48,,,0,103,,65989,48,,,0,70,,65994,48,,,0
1029,'1955',626,,65951,48,,,0,30,,65963,48,,,0,70,,65970,48,,,0,30,,65958,48,,,0,70,,65979,48,,,0,30,,65967,48,,,0,72,,65950,48,,,0,29,,65962,48,,,0,70,,65973,48,,,0,30,,65957,48,,,0,70,,65980,48,,,0,30,,65966,48,,,0,70,,65949,48,,,0,30,,65961,48,,,0,70,,65972,48,,,0,30,,65956,48,,,0,70,,65952,48,,,0,30,,65965,48,,,0,70,,65948,48,,,0,30,,65960,48,,,0,70,,65968,48,,,0,30,,65955,48,,,0,70,,65977,48,,,0,30,,65964,48,,,0,69,,65947,48,,,0,31,,65959,48,,,0,70,,65971,48,,,0,30,,65953,48,,,0,70,,65975,48,,,0,30,,65974,48,,,0,70,,59246,48,,,0,30,,65954,48,,,0,70,,65969,48,,,0,30,,65978,48,,,0,70,,65976,48,,,0
1029,'1957',626,,70268,48,,,0,107,,70278,48,,,0,70,,70267,48,,,0,230,,70277,48,,,0,270,,70269,48,,,0,433,,70270,48,,,0,92,,70272,48,,,0,130,,70271,48,,,0,99,,70276,48,,,0,70,,70275,48,,,0,100,,70274,48,,,0,30,,70273,48,,,0
1029,'1958',626,,70284,48,,,0,30,,70296,48,,,0,70,,70303,48,,,0,30,,70291,48,,,0,70,,70312,48,,,0,30,,70300,48,,,0,72,,70283,48,,,0,29,,70295,48,,,0,70,,70306,48,,,0,30,,70290,48,,,0,70,,70313,48,,,0,30,,70299,48,,,0,70,,70282,48,,,0,30,,70294,48,,,0,70,,70305,48,,,0,30,,70289,48,,,0,70,,70285,48,,,0,30,,70298,48,,,0,70,,70281,48,,,0,30,,70293,48,,,0,70,,70301,48,,,0,30,,70288,48,,,0,70,,70310,48,,,0,30,,70297,48,,,0,69,,70280,48,,,0,31,,70292,48,,,0,70,,70304,48,,,0,30,,70286,48,,,0,70,,70308,48,,,0,30,,70307,48,,,0,70,,70279,48,,,0,30,,70287,48,,,0,70,,70302,48,,,0,30,,70311,48,,,0,70,,70309,48,,,0
2029,'1912',641,,70465,41,,,0,70,,70473,41,,,0,31,,70484,41,,,0,70,,70479,41,,,0,30,,70466,41,,,0,70,,70474,41,,,0,30,,70485,41,,,0,70,,70480,41,,,0,30,,70467,41,,,0,70,,70475,41,,,0,30,,70486,41,,,0,70,,70481,41,,,0,30,,70468,41,,,0,70,,70476,41,,,0,30,,70487,41,,,0,70,,70482,41,,,0,30,,70469,41,,,0,70,,70477,41,,,0,30,,70488,41,,,0,70,,70483,41,,,0,30,,70470,41,,,0,70,,70478,41,,,0,30,,70489,41,,,0,100,,70471,41,,,0,99,,70490,41,,,0,100,,70472,41,,,0,101,,70491,41,,,0,100,,70464,41,,,0
2029,'1925',641,,70497,41,,,0,70,,70505,41,,,0,31,,70516,41,,,0,70,,70511,41,,,0,30,,70498,41,,,0,70,,70506,41,,,0,30,,70517,41,,,0,70,,70512,41,,,0,30,,70499,41,,,0,70,,70507,41,,,0,30,,70518,41,,,0,70,,70513,41,,,0,30,,70500,41,,,0,70,,70508,41,,,0,30,,70519,41,,,0,70,,70514,41,,,0,30,,70501,41,,,0,70,,70509,41,,,0,30,,70520,41,,,0,70,,70515,41,,,0,30,,70502,41,,,0,70,,70510,41,,,0,30,,70521,41,,,0,100,,70503,41,,,0,99,,70522,41,,,0,100,,70504,41,,,0,101,,70523,41,,,0,100,,70496,41,,,0
2029,'1955',611,,59613,45,0,5 2 15 16 17,0,30,,59596,45,,,0,69,,59603,45,,,0,31,,59582,45,,,0,70,,59588,45,,,0,30,,59597,45,,,0,71,,59604,45,,,0,30,,59583,45,,,0,70,,59589,45,,,0,30,,59598,45,,,0,70,,59605,45,,,0,30,,59584,45,,,0,70,,59590,45,,,0,30,,59599,45,,,0,70,,59606,45,,,0,30,,59585,45,,,0,70,,59591,45,,,0,30,,59600,45,,,0,70,,59607,45,,,0,30,,59586,45,,,0,70,,59592,45,,,0,30,,59601,45,,,0,70,,59608,45,,,0,30,,59587,45,,,0,70,,59593,45,,,0,30,,59602,45,,,0,70,,59609,45,,,0,30,,59594,45,,,0,100,,59610,45,,,0,100,,59595,45,,,0,100,,59611,45,,,0
2029,'1956',641,,59650,45,,,0,70,,59658,45,,,0,31,,59669,45,,,0,70,,59664,45,,,0,30,,59651,45,,,0,70,,59659,45,,,0,30,,59670,45,,,0,70,,59665,45,,,0,30,,59652,45,,,0,70,,59660,45,,,0,30,,59671,45,,,0,70,,59666,45,,,0,30,,59653,45,,,0,70,,59661,45,,,0,30,,59672,45,,,0,70,,59667,45,,,0,30,,59654,45,,,0,70,,59662,45,,,0,30,,59673,45,,,0,70,,59668,45,,,0,30,,59655,45,,,0,70,,59663,45,,,0,30,,59674,45,,,0,100,,59656,45,,,0,99,,59675,45,,,0,100,,59657,45,,,0,101,,59676,45,,,0,100,,59649,45,,,0
2029,'1957',546,,70545,30,,,0,65,,70528,41,,,0,30,,70529,41,,,0,72,,70530,41,,,0,30,,70531,41,,,0,70,,70532,41,,,0,30,,70533,41,,,0,70,,70534,41,,,0,30,,70535,41,,,0,70,,70536,41,,,0,30,,70559,41,,,0,70,,70555,41,,,0,30,,70561,41,,,0,70,,70557,41,,,0,30,,70558,41,,,0,70,,70554,41,,,0,30,,70560,41,,,0,70,,70556,41,,,0,32,,70562,41,,,0,71,,70537,41,,,0,34,,70538,41,,,0,70,,70539,41,,,0,30,,70540,41,,,0,70,,70541,41,,,0,28,,70542,41,,,0,65,,70543,41,,,0,29,,70544,41,,,0,70,,70548,41,,,0,30,,70549,41,,,0,100,,70550,41,,,0,100,,70551,41,,,0,100,,70547,41,,,0
2029,'1958',611,,70594,41,,,0,30,,70577,41,,,0,69,,70584,41,,,0,31,,70563,41,,,0,70,,70569,41,,,0,30,,70578,41,,,0,71,,70585,41,,,0,30,,70564,41,,,0,70,,70570,41,,,0,30,,70579,41,,,0,70,,70586,41,,,0,30,,70565,41,,,0,70,,70571,41,,,0,30,,70580,41,,,0,70,,70587,41,,,0,30,,70566,41,,,0,70,,70572,41,,,0,30,,70581,41,,,0,70,,70588,41,,,0,30,,70567,41,,,0,70,,70573,41,,,0,30,,70582,41,,,0,70,,70589,41,,,0,30,,70568,41,,,0,70,,70574,41,,,0,30,,70583,41,,,0,70,,70590,41,,,0,30,,70575,41,,,0,100,,70591,41,,,0,100,,70576,41,,,0,100,,70592,41,,,0
2029,'1959',641,,70598,41,,,0,70,,70606,41,,,0,31,,70617,41,,,0,70,,70612,41,,,0,30,,70599,41,,,0,70,,70607,41,,,0,30,,70618,41,,,0,70,,70613,41,,,0,30,,70600,41,,,0,70,,70608,41,,,0,30,,70619,41,,,0,70,,70614,41,,,0,30,,70601,41,,,0,70,,70609,41,,,0,30,,70620,41,,,0,70,,70615,41,,,0,30,,70602,41,,,0,70,,70610,41,,,0,30,,70621,41,,,0,70,,70616,41,,,0,30,,70603,41,,,0,70,,70611,41,,,0,30,,70622,41,,,0,100,,70604,41,,,0,99,,70623,41,,,0,100,,70605,41,,,0,101,,70624,41,,,0,100,,70597,41,,,0
12029,'1909',651,,61285,24,,,0,71,,61282,24,,,0,30,,61275,24,,,0,171,,61262,15,,,0,30,,61263,15,,,0,70,,61264,15,,,0,130,,61267,15,,,0,70,,61268,15,,,0,30,,61269,15,,,0,170,,61272,15,,,0,31,,61278,24,,,0
12029,'1957',821,,71560,24,,,0,31,,71555,24,,,0,201,,71549,15,,,0,70,,71550,15,,,0,200,,71551,15,,,0,30,,71552,15,,,0,172,,71559,24,,,0,30,,71553,24,,,0,70,,71558,24,,,0,30,,71554,24,,,0,70,,71561,24,,,0,28,,71556,24,,,0,70,,71557,24,,,0
31019,'1909',642,,62422,30,,,0,101,,62407,42,,,0,70,,62420,42,,,0,30,,62403,42,,,0,169,,62395,42,,,0,30,,62408,42,,,0,70,,62419,42,,,0,130,,62413,42,,,0,70,,62394,42,,,0,30,,62409,42,,,0,171,,62398,42,,,0,103,,62396,42,,,0,99,,62417,42,,,0,392,,62402,42,,,0
31019,'1912',617,,62483,30,,,0,90,,62466,42,,,0,100,,62467,42,,,0,101,,62468,42,,,0,100,,62469,42,,,0,100,,62470,42,,,0,101,,62471,42,,,0,100,,62472,42,,,0,100,,62473,42,,,0,100,,62474,42,,,0,100,,62475,42,,,0,100,,62476,42,,,0,100,,62477,42,,,0,100,,62478,42,,,0,99,,62479,42,,,0,100,,62480,42,,,0,99,,62481,42,,,0,99,,62482,42,,,0
31019,'1924',617,,62502,30,,,0,90,,62485,42,,,0,100,,62486,42,,,0,101,,62487,42,,,0,100,,62488,42,,,0,100,,62489,42,,,0,101,,62490,42,,,0,100,,62491,42,,,0,100,,62492,42,,,0,100,,62493,42,,,0,100,,62494,42,,,0,100,,62495,42,,,0,100,,62496,42,,,0,100,,62497,42,,,0,99,,62498,42,,,0,100,,62499,42,,,0,99,,62500,42,,,0,99,,62501,42,,,0
31019,'1925',617,,62521,30,,,0,90,,62504,42,,,0,100,,62505,42,,,0,101,,62506,42,,,0,100,,62507,42,,,0,100,,62508,42,,,0,101,,62509,42,,,0,100,,62510,42,,,0,100,,62511,42,,,0,100,,62512,42,,,0,100,,62513,42,,,0,100,,62514,42,,,0,100,,62515,42,,,0,100,,62516,42,,,0,99,,62517,42,,,0,100,,62518,42,,,0,99,,62519,42,,,0,99,,62520,42,,,0
31019,'1949',616,,67774,30,,,0
31019,'1955',616,,67762,30,,,0,26,,67755,30,,,0,64,,67732,42,,,0,30,,67748,42,,,0,70,,67761,42,,,0,30,,67744,42,,,0,71,,67738,42,,,0,31,,67754,42,,,0,70,,67731,42,,,0,30,,67747,42,,,0,70,,67756,42,,,0,30,,67743,42,,,0,70,,67737,42,,,0,32,,67753,42,,,0,70,,67730,42,,,0,30,,67746,42,,,0,70,,67759,42,,,0,30,,67742,42,,,0,70,,67736,42,,,0,30,,67752,42,,,0,70,,67729,42,,,0,30,,67745,42,,,0,70,,67758,42,,,0,30,,67741,42,,,0,69,,67735,42,,,0,30,,67751,42,,,0,70,,62430,42,,,0,28,,67763,42,,,0,70,,67757,42,,,0,100,,67734,42,,,0,100,,62429,42,,,0,100,,67760,42,,,0
31019,'1957',708,,72062,42,,,0,205,,72066,42,,,0,29,,72074,42,,,0,200,,72070,42,,,0,70,,72067,42,,,0,201,,72077,42,,,0,30,,72068,42,,,0,103,,72073,42,,,0,100,,72071,42,,,0,95,,72069,42,,,0,69,,72065,42,,,0,30,,72072,42,,,0,70,,72063,42,,,0,30,,72080,42,,,0,67,,72076,42,,,0,200,,72064,42,,,0,100,,72075,42,,,0
31019,'1958',616,,72116,30,,,0,26,,72109,30,,,0,64,,72086,42,,,0,30,,72102,42,,,0,70,,72115,42,,,0,30,,72098,42,,,0,71,,72092,42,,,0,31,,72108,42,,,0,70,,72085,42,,,0,30,,72101,42,,,0,70,,72110,42,,,0,30,,72097,42,,,0,70,,72091,42,,,0,32,,72107,42,,,0,70,,72084,42,,,0,30,,72100,42,,,0,70,,72113,42,,,0,30,,72096,42,,,0,70,,72090,42,,,0,30,,72106,42,,,0,70,,72083,42,,,0,30,,72099,42,,,0,70,,72112,42,,,0,30,,72095,42,,,0,69,,72089,42,,,0,30,,72105,42,,,0,70,,72082,42,,,0,28,,72117,42,,,0,70,,72111,42,,,0,100,,72088,42,,,0,100,,72081,42,,,0,100,,72114,42,,,0
14000001029,'1909',450,,65864,29,0,18 7,0,2052,,65871,29,,,0,130,,65870,29,,,0
14000001029,'1910',2502,,65872,29,,,0,130,,65875,29,,,0
14000001029,'1912',552,,73589,29,0,18 7,0,1851,,70205,29,,,0,29,,73588,29,,,0,70,,65884,29,,,0,30,,70206,29,,,0,70,,73587,29,,,0,30,,65880,29,,,0
14000001029,'1924',2403,,70208,29,,,0,99,,65891,29,,,0,30,,70209,29,,,0,100,,65887,29,,,0
14000001029,'1925',552,,73592,29,0,18 7,0,1851,,70211,29,,,0,29,,73591,29,,,0,70,,65898,29,,,0,30,,70212,29,,,0,70,,73590,29,,,0,30,,65894,29,,,0
14000001029,'1955',552,,70203,29,0,18 7,0,1851,,70204,29,,,0,29,,65873,29,,,0,100,,70202,29,,,0,70,,65877,29,,,0
14000001029,'1956',552,,70210,29,0,18 7,0,1880,,65890,29,,,0,170,,65889,29,,,0
14000001029,'1957',552,,73593,29,0,18 7,0,1851,,73595,29,,,0,29,,73596,29,,,0,100,,73594,29,,,0,70,,73597,29,,,0
14000001029,'1958',552,,73600,29,0,18 7,0,1851,,73602,29,,,0,29,,73598,29,,,0,100,,73599,29,,,0,70,,73601,29,,,0
14000001029,'1959',552,,73605,29,0,18 7,0,1880,,73604,29,,,0,170,,73603,29,,,0
