13019,'1909',2151,,61318,23,,,0
13019,'1910',1320,,67129,23,,,0
13019,'1912',816,,71572,23,,,0,100,,61342,23,,,0,100,,71562,23,,,0,101,,71563,23,,,0,101,,71564,23,,,0,101,,67142,23,,,0,100,,67143,23,,,0,100,,71565,23,,,0,100,,71566,23,,,0,98,,71567,23,,,0,99,,71568,23,,,0,100,,71569,23,,,0,100,,71570,23,,,0,100,,71571,23,,,0,100,,61341,23,,,0
13019,'1924',916,,61357,23,,,0,403,,67155,23,,,0,100,,67156,23,,,0,797,,61356,23,,,0
13019,'1925',816,,71583,23,,,0,100,,61372,23,,,0,100,,71573,23,,,0,101,,71574,23,,,0,101,,71575,23,,,0,101,,67168,23,,,0,100,,67169,23,,,0,100,,71576,23,,,0,100,,71577,23,,,0,98,,71578,23,,,0,99,,71579,23,,,0,100,,71580,23,,,0,100,,71581,23,,,0,100,,71582,23,,,0,100,,61371,23,,,0
13019,'1949',1726,,67203,23,,,0,228,,67206,23,,,0,268,,67204,2,,,0
13019,'1955',716,,67123,23,,,0,100,,67124,23,,,0,100,,67125,23,,,0,100,,67126,23,,,0,104,,67127,23,,,0,100,,67128,23,,,0,200,,67130,23,,,0,100,,67131,23,,,0,100,,67132,23,,,0,99,,67133,23,,,0,99,,67134,23,,,0,99,,67135,23,,,0,99,,67136,23,,,0,100,,67137,23,,,0,200,,67138,23,,,0
13019,'1956',816,,67164,23,,,0,200,,67152,23,,,0,101,,67153,23,,,0,101,,67154,23,,,0,301,,67157,23,,,0,100,,67158,23,,,0,98,,67159,23,,,0,99,,67160,23,,,0,100,,67161,23,,,0,100,,67162,23,,,0,100,,67163,23,,,0
13019,'1957',628,,71584,23,,,0,30,,71585,23,,,0,69,,71586,23,,,0,30,,71587,23,,,0,96,,71588,23,,,0,101,,71589,23,,,0,100,,71590,23,,,0,100,,71591,23,,,0,100,,71592,23,,,0,100,,71593,23,,,0,70,,71594,23,,,0,32,,71595,23,,,0,70,,71596,23,,,0,30,,71603,23,,,0,70,,71597,23,,,0,30,,71600,23,,,0,98,,71601,23,,,0,100,,71602,23,,,0,199,,71599,23,,,0,198,,71598,23,,,0
13019,'1958',716,,71604,23,,,0,100,,71605,23,,,0,100,,71606,23,,,0,100,,71607,23,,,0,104,,71608,23,,,0,100,,71609,23,,,0,200,,71610,23,,,0,100,,71611,23,,,0,100,,71612,23,,,0,99,,71613,23,,,0,99,,71614,23,,,0,99,,71615,23,,,0,99,,71616,23,,,0,100,,71617,23,,,0,200,,71618,23,,,0
13019,'1959',816,,71629,23,,,0,200,,71619,23,,,0,101,,71620,23,,,0,101,,71621,23,,,0,301,,71622,23,,,0,100,,71623,23,,,0,98,,71624,23,,,0,99,,71625,23,,,0,100,,71626,23,,,0,100,,71627,23,,,0,100,,71628,23,,,0
