1029,'1838',620,,34957,41,,,0,100,,34958,41,,,0,100,,34959,41,,,0,100,,34960,41,,,0,100,,34961,41,,,0,100,,34962,41,,,0,100,,34963,41,,,0,100,,34964,41,,,0,100,,34965,41,,,0,100,,34966,41,,,0,100,,34967,41,,,0,100,,34968,41,,,0,100,,34969,41,,,0,100,,34970,41,,,0,100,,34971,41,,,0,100,,34972,41,,,0,100,,34973,41,,,0,95,,34974,41,,,0
1029,'1897',620,,48609,41,,,0,30,,48610,41,,,0,70,,48630,41,,,0,30,,48606,41,,,0,71,,48601,41,,,0,30,,48634,41,,,0,69,,48604,41,,,0,30,,48611,41,,,0,71,,48629,41,,,0,30,,48608,41,,,0,70,,48600,41,,,0,30,,48633,41,,,0,70,,48605,41,,,0,30,,48612,41,,,0,70,,48628,41,,,0,30,,48607,41,,,0,70,,48602,41,,,0,30,,48631,41,,,0,70,,48603,41,,,0,30,,48613,41,,,0,70,,48627,41,,,0,30,,48616,41,,,0,70,,48615,41,,,0,29,,48614,41,,,0,70,,48620,41,,,0,30,,48619,41,,,0,70,,48618,41,,,0,30,,48617,41,,,0,70,,48632,41,,,0,30,,48626,41,,,0,70,,48625,41,,,0,30,,48624,41,,,0,70,,48623,41,,,0,30,,48622,41,,,0,65,,48621,41,,,0
1029,'1898',620,,48640,41,,,0,30,,48652,41,,,0,70,,48659,41,,,0,30,,48647,41,,,0,70,,48668,41,,,0,30,,48656,41,,,0,69,,48639,41,,,0,31,,48651,41,,,0,70,,48662,41,,,0,30,,48646,41,,,0,70,,48669,41,,,0,30,,48655,41,,,0,70,,48638,41,,,0,30,,48650,41,,,0,70,,48661,41,,,0,30,,48645,41,,,0,70,,48641,41,,,0,30,,48654,41,,,0,70,,48637,41,,,0,30,,48649,41,,,0,70,,48657,41,,,0,30,,48644,41,,,0,70,,48666,41,,,0,30,,48653,41,,,0,70,,48636,41,,,0,30,,48648,41,,,0,70,,48660,41,,,0,30,,48642,41,,,0,70,,48664,41,,,0,30,,48663,41,,,0,70,,48635,41,,,0,30,,48643,41,,,0,70,,48658,41,,,0,30,,48667,41,,,0,65,,48665,41,,,0
1029,'1899',620,,51547,41,,,0,100,,51548,41,,,0,100,,51549,41,,,0,100,,51550,41,,,0,100,,51551,41,,,0,100,,51552,41,,,0,100,,51553,41,,,0,100,,51554,41,,,0,100,,51555,41,,,0,100,,51556,41,,,0,100,,51557,41,,,0,100,,51558,41,,,0,100,,51559,41,,,0,100,,51560,41,,,0,100,,51561,41,,,0,100,,51562,41,,,0,100,,51563,41,,,0,95,,51564,41,,,0
2029,'1838',635,,51624,34,,,0,70,,51632,34,,,0,30,,51643,34,,,0,70,,51638,34,,,0,30,,51625,34,,,0,70,,51633,34,,,0,30,,51644,34,,,0,70,,51639,34,,,0,30,,51626,34,,,0,70,,51634,34,,,0,30,,51645,34,,,0,70,,51640,34,,,0,30,,51627,34,,,0,70,,51635,34,,,0,30,,51646,34,,,0,70,,51641,34,,,0,30,,51628,34,,,0,70,,51636,34,,,0,30,,51647,34,,,0,70,,51642,34,,,0,30,,51629,34,,,0,70,,51637,34,,,0,30,,51648,34,,,0,100,,51630,34,,,0,100,,51649,34,,,0,100,,51631,34,,,0,100,,51650,34,,,0,100,,51623,34,,,0
2029,'1897',538,,48735,20,,,0,67,,48737,34,,,0,30,,48738,34,,,0,70,,48739,34,,,0,30,,48740,34,,,0,70,,48741,34,,,0,30,,48767,34,,,0,70,,48758,34,,,0,30,,48743,34,,,0,70,,48744,34,,,0,30,,48745,34,,,0,70,,48746,34,,,0,30,,48747,34,,,0,70,,48748,34,,,0,30,,48749,34,,,0,70,,48750,34,,,0,30,,48751,34,,,0,70,,48752,34,,,0,30,,48753,34,,,0,70,,48754,34,,,0,30,,48755,34,,,0,70,,48756,34,,,0,30,,48757,34,,,0,70,,48759,34,,,0,31,,48760,34,,,0,69,,48761,34,,,0,30,,48762,34,,,0,70,,48763,34,,,0,30,,48764,34,,,0,100,,48765,34,,,0,100,,48766,34,,,0,100,,48742,34,,,0
2029,'1898',605,,48799,34,0,5 2 15 16 17,0,30,,48782,34,,,0,70,,48789,34,,,0,30,,48768,34,,,0,70,,48774,34,,,0,30,,48783,34,,,0,70,,48790,34,,,0,30,,48769,34,,,0,70,,48775,34,,,0,30,,48784,34,,,0,70,,48791,34,,,0,30,,48770,34,,,0,70,,48776,34,,,0,30,,48785,34,,,0,70,,48792,34,,,0,30,,48771,34,,,0,70,,48777,34,,,0,30,,48786,34,,,0,70,,48793,34,,,0,30,,48772,34,,,0,70,,48778,34,,,0,30,,48787,34,,,0,70,,48794,34,,,0,30,,48773,34,,,0,70,,48779,34,,,0,30,,48788,34,,,0,70,,48795,34,,,0,30,,48780,34,,,0,100,,48796,34,,,0,100,,48781,34,,,0,100,,48797,34,,,0
2029,'1899',635,,51657,34,,,0,70,,51665,34,,,0,30,,51676,34,,,0,70,,51671,34,,,0,30,,51658,34,,,0,70,,51666,34,,,0,30,,51677,34,,,0,70,,51672,34,,,0,30,,51659,34,,,0,70,,51667,34,,,0,30,,51678,34,,,0,70,,51673,34,,,0,30,,51660,34,,,0,70,,51668,34,,,0,30,,51679,34,,,0,70,,51674,34,,,0,30,,51661,34,,,0,70,,51669,34,,,0,30,,51680,34,,,0,70,,51675,34,,,0,30,,51662,34,,,0,70,,51670,34,,,0,30,,51681,34,,,0,100,,51663,34,,,0,100,,51682,34,,,0,100,,51664,34,,,0,100,,51683,34,,,0,100,,51656,34,,,0
14000001029,'1838',544,,52991,19,0,18 7,0,1813,,52986,19,,,0,70,,52988,19,,,0,30,,52989,20,,,0,70,,52987,20,,,0,30,,52992,20,,,0,70,,52990,20,,,0
14000001029,'1897',443,,51514,19,0,18 7,0,102,,51515,19,0,18 7,0,1812,,51519,19,,,0,70,,51521,19,,,0,30,,51518,20,,,0,70,,51517,20,,,0,30,,51516,20,,,0,70,,51520,20,,,0
14000001029,'1898',544,,51526,19,0,18 7,0,1813,,51524,19,,,0,70,,51528,19,,,0,30,,51527,20,,,0,70,,51525,20,,,0,30,,51522,20,,,0,70,,51523,20,,,0
14000001029,'1899',544,,52997,19,0,18 7,0,1813,,52993,19,,,0,70,,52999,19,,,0,30,,52995,20,,,0,70,,52994,20,,,0,30,,52998,20,,,0,70,,52996,20,,,0
