1019,'1909',811,,59087,40,,,0,101,,59076,40,,,0,132,,59067,40,,,0,100,,59072,40,,,0,170,,59075,40,,,0,100,,59099,40,,,0,131,,59096,40,,,0,70,,59089,40,,,0,196,,59084,40,,,0,30,,59083,40,,,0,95,,59100,40,,,0,168,,59093,40,,,0,130,,59090,40,,,0,70,,59088,40,,,0
1019,'1912',632,,59139,40,,,0,100,,59140,40,,,0,101,,59141,40,,,0,100,,59142,40,,,0,100,,59143,40,,,0,102,,59144,40,,,0,100,,59145,40,,,0,100,,59146,40,,,0,100,,59147,40,,,0,100,,59148,40,,,0,100,,59149,40,,,0,100,,59150,40,,,0,100,,59151,40,,,0,98,,59152,40,,,0,100,,59153,40,,,0,100,,59154,40,,,0,102,,59155,40,,,0,95,,59156,40,,,0
1019,'1924',632,,59157,40,,,0,100,,59158,40,,,0,101,,59159,40,,,0,100,,59160,40,,,0,100,,59161,40,,,0,102,,59162,40,,,0,100,,59163,40,,,0,100,,59164,40,,,0,100,,59165,40,,,0,100,,59166,40,,,0,100,,59167,40,,,0,100,,59168,40,,,0,100,,59169,40,,,0,98,,59170,40,,,0,100,,59171,40,,,0,100,,59172,40,,,0,102,,59173,40,,,0,95,,59174,40,,,0
1019,'1925',632,,59175,40,,,0,100,,59176,40,,,0,101,,59177,40,,,0,100,,59178,40,,,0,100,,59179,40,,,0,102,,59180,40,,,0,100,,59181,40,,,0,100,,59182,40,,,0,100,,59183,40,,,0,100,,59184,40,,,0,100,,59185,40,,,0,100,,59186,40,,,0,100,,59187,40,,,0,98,,59188,40,,,0,100,,59189,40,,,0,100,,59190,40,,,0,102,,59191,40,,,0,95,,59192,40,,,0
1019,'1949',741,,65941,40,,,0,100,,65942,40,,,0,173,,65943,40,,,0,100,,65945,40,,,0,130,,65946,40,,,0,100,,65940,40,,,0,171,,65944,40,,,0
1019,'1955',603,,65933,40,,,0,30,,65923,40,,,0,70,,65909,40,,,0,30,,65927,40,,,0,70,,65918,40,,,0,30,,65903,40,,,0,70,,65924,40,,,0,30,,65925,40,,,0,70,,65908,40,,,0,32,,65928,40,,,0,70,,65917,40,,,0,30,,65902,40,,,0,70,,65912,40,,,0,30,,65922,40,,,0,70,,65907,40,,,0,30,,65929,40,,,0,70,,65916,40,,,0,30,,65901,40,,,0,70,,65911,40,,,0,30,,65921,40,,,0,70,,65906,40,,,0,30,,65930,40,,,0,70,,65915,40,,,0,30,,65900,40,,,0,70,,65910,40,,,0,30,,65920,40,,,0,70,,65904,40,,,0,28,,65931,40,,,0,70,,65913,40,,,0,30,,59103,40,,,0,70,,65905,40,,,0,30,,65919,40,,,0,74,,65914,40,,,0,30,,65932,40,,,0,70,,65926,40,,,0,25,,59129,40,,,0
1019,'1957',602,,70230,40,,,0,35,,70228,40,,,0,71,,70217,40,,,0,236,,70229,40,,,0,270,,70218,40,,,0,231,,70216,40,,,0,200,,70221,40,,,0,70,,70219,40,,,0,28,,70222,40,,,0,168,,70220,40,,,0,95,,70226,40,,,0,28,,70227,40,,,0,100,,70225,40,,,0,70,,70224,40,,,0,130,,70223,40,,,0
1019,'1958',603,,70266,40,,,0,30,,70255,40,,,0,70,,70241,40,,,0,30,,70260,40,,,0,70,,70250,40,,,0,30,,70235,40,,,0,70,,70256,40,,,0,30,,70258,40,,,0,70,,70240,40,,,0,32,,70261,40,,,0,70,,70249,40,,,0,30,,70234,40,,,0,70,,70244,40,,,0,30,,70254,40,,,0,70,,70239,40,,,0,30,,70262,40,,,0,70,,70248,40,,,0,30,,70233,40,,,0,70,,70243,40,,,0,30,,70253,40,,,0,70,,70238,40,,,0,30,,70263,40,,,0,70,,70247,40,,,0,30,,70232,40,,,0,70,,70242,40,,,0,30,,70252,40,,,0,70,,70236,40,,,0,28,,70264,40,,,0,70,,70245,40,,,0,30,,70231,40,,,0,70,,70237,40,,,0,30,,70251,40,,,0,74,,70246,40,,,0,30,,70265,40,,,0,70,,70259,40,,,0,25,,70257,40,,,0
7029,'1909',519,,60618,20,,,0,100,,60588,20,,,0,1304,,60608,20,,,0,100,,60610,20,,,0,199,,60612,20,,,0
7029,'1910',822,,60635,20,,,0,230,,66633,20,,,0,70,,60638,20,,,0,200,,60640,20,,,0,30,,66636,20,,,0,70,,60641,20,,,0,100,,60642,20,,,0,100,,66647,20,,,0,100,,60644,20,,,0,230,,66642,20,,,0,70,,60647,20,,,0,100,,60648,20,,,0,200,,60650,20,,,0
7029,'1912',721,,60657,20,,,0,100,,60658,20,,,0,100,,60659,20,,,0,100,,60660,20,,,0,100,,60661,20,,,0,100,,60662,20,,,0,100,,60663,20,,,0,101,,60664,20,,,0,100,,60665,20,,,0,99,,60666,20,,,0,100,,60667,20,,,0,100,,60668,20,,,0,100,,60669,20,,,0,101,,60670,20,,,0,100,,60656,20,,,0
7029,'1924',721,,60691,20,,,0,100,,60692,20,,,0,100,,60693,20,,,0,100,,60694,20,,,0,100,,60695,20,,,0,100,,60696,20,,,0,100,,60697,20,,,0,101,,60698,20,,,0,100,,60699,20,,,0,99,,60700,20,,,0,100,,60701,20,,,0,100,,60702,20,,,0,100,,60703,20,,,0,101,,60704,20,,,0,100,,60690,20,,,0
7029,'1925',721,,60725,20,,,0,100,,60726,20,,,0,100,,60727,20,,,0,100,,60728,20,,,0,100,,60729,20,,,0,100,,60730,20,,,0,100,,60731,20,,,0,101,,60732,20,,,0,100,,60733,20,,,0,99,,60734,20,,,0,100,,60735,20,,,0,100,,60736,20,,,0,100,,60737,20,,,0,101,,60738,20,,,0,100,,60724,20,,,0
7029,'1949',1853,,66719,20,,,0
7029,'1955',623,,66651,9,,,0,29,,66629,20,,,0,70,,66643,20,,,0,30,,66630,20,,,0,100,,66631,20,,,0,70,,66644,20,,,0,30,,66632,20,,,0,70,,66645,20,,,0,130,,66634,20,,,0,70,,66646,20,,,0,30,,66635,20,,,0,200,,66637,20,,,0,100,,66638,20,,,0,100,,66639,20,,,0,100,,66640,20,,,0,70,,66648,20,,,0,30,,66641,20,,,0,70,,66649,20,,,0,300,,66650,20,,,0
7029,'1957',651,,71227,20,,,0,72,,71228,20,,,0,30,,71229,20,,,0,70,,71230,20,,,0,30,,71231,20,,,0,70,,71232,20,,,0,30,,71233,20,,,0,70,,71234,20,,,0,30,,71235,20,,,0,70,,71236,20,,,0,30,,71237,20,,,0,70,,71223,20,,,0,30,,71224,20,,,0,70,,71225,20,,,0,31,,71222,20,,,0,70,,71221,20,,,0,31,,71226,20,,,0,69,,71238,20,,,0,30,,71239,20,,,0,70,,71240,20,,,0,29,,71241,20,,,0,70,,71242,20,,,0,30,,71243,20,,,0,70,,71244,20,,,0,130,,71245,20,,,0,170,,71246,20,,,0,199,,71250,20,,,0
7029,'1958',623,,71269,9,,,0,29,,71251,20,,,0,70,,71262,20,,,0,30,,71252,20,,,0,100,,71253,20,,,0,70,,71263,20,,,0,30,,71254,20,,,0,70,,71264,20,,,0,130,,71255,20,,,0,70,,71265,20,,,0,30,,71256,20,,,0,200,,71257,20,,,0,100,,71258,20,,,0,100,,71259,20,,,0,100,,71260,20,,,0,70,,71266,20,,,0,30,,71261,20,,,0,70,,71267,20,,,0,300,,71268,20,,,0
