609,'1912',849,,70918,6,0,18 7,0,100,,70902,6,0,18 7,0,100,,70914,6,0,18 7,0,100,,70904,6,0,18 7,0,101,,70917,6,0,18 7,0,100,,70900,6,0,18 7,0,100,,70916,6,0,18 7,0,100,,70906,6,0,18 7,0,100,,70915,6,0,18 7,0,100,,70903,6,0,18 7,0,99,,70913,6,0,18 7,0,100,,70901,6,0,18 7,0
609,'1959',849,,71102,6,0,18 7,0,100,,71086,6,0,18 7,0,100,,71098,6,0,18 7,0,100,,71088,6,0,18 7,0,101,,71101,6,0,18 7,0,100,,71084,6,0,18 7,0,100,,71100,6,0,18 7,0,100,,71090,6,0,18 7,0,100,,71099,6,0,18 7,0,100,,71087,6,0,18 7,0,99,,71097,6,0,18 7,0,100,,71085,6,0,18 7,0
609,'1967',647,,74274,18,0,18 7,0,70,,74258,18,0,18 7,0,30,,74287,18,0,18 7,0,70,,71035,18,0,18 7,0,30,,71053,18,0,18 7,0,71,,71034,18,0,18 7,0,30,,74286,18,0,18 7,0,70,,74257,18,0,18 7,0,30,,74273,18,0,18 7,0,70,,74256,18,0,18 7,0,32,,74285,18,0,18 7,0,70,,74255,18,0,18 7,0,30,,74272,18,0,18 7,0,70,,74253,18,0,18 7,0,30,,74271,18,0,18 7,0,70,,74249,18,0,18 7,0,30,,74297,18,0,18 7,0,70,,74270,18,0,18 7,0,30,,74251,18,0,18 7,0,70,,74281,18,0,18 7,0,30,,74250,18,0,18 7,0,68,,74282,18,0,18 7,0,30,,74252,18,0,18 7,0,70,,74283,18,0,18 7,0,30,,74254,18,0,18 7,0,69,,74284,18,0,18 7,0,102,,74294,6,0,18 7,0,100,,71080,6,0,18 7,0
609,'1969',849,,70954,6,0,18 7,0,100,,70938,6,0,18 7,0,100,,70950,6,0,18 7,0,100,,70940,6,0,18 7,0,101,,70953,6,0,18 7,0,100,,70936,6,0,18 7,0,100,,70952,6,0,18 7,0,100,,70942,6,0,18 7,0,100,,70951,6,0,18 7,0,100,,70939,6,0,18 7,0,99,,70949,6,0,18 7,0,100,,70937,6,0,18 7,0
609,'1976',649,,74231,18,0,18 7,0,71,,74225,18,0,18 7,0,30,,70984,18,0,18 7,0,70,,70999,18,0,18 7,0,30,,70972,18,0,18 7,0,70,,74233,18,0,18 7,0,30,,74220,18,0,18 7,0,70,,74223,18,0,18 7,0,30,,70994,18,0,18 7,0,70,,70995,18,0,18 7,0,30,,74230,18,0,18 7,0,70,,70986,18,0,18 7,0,30,,70990,18,0,18 7,0,70,,70982,18,0,18 7,0,30,,70987,18,0,18 7,0,70,,70981,18,0,18 7,0,32,,70976,18,0,18 7,0,70,,70973,18,0,18 7,0,30,,74227,18,0,18 7,0,70,,60114,18,0,18 7,0,30,,74246,18,0,18 7,0,70,,74228,18,0,18 7,0,27,,74221,18,0,18 7,0,70,,74232,18,0,18 7,0,30,,74222,18,0,18 7,0,71,,74244,18,0,18 7,0,98,,70985,18,0,18 7,0,100,,74245,18,0,18 7,0,100,,70978,18,0,18 7,0,100,,71023,18,0,18 7,0
609,'1977',649,,75298,18,0,18 7,0,71,,75283,18,0,18 7,0,30,,75289,18,0,18 7,0,70,,75304,18,0,18 7,0,30,,75273,18,0,18 7,0,70,,75307,18,0,18 7,0,30,,75275,18,0,18 7,0,70,,75278,18,0,18 7,0,30,,75299,18,0,18 7,0,70,,75300,18,0,18 7,0,30,,75297,18,0,18 7,0,70,,75291,18,0,18 7,0,30,,75295,18,0,18 7,0,70,,75286,18,0,18 7,0,30,,75292,18,0,18 7,0,70,,75285,18,0,18 7,0,32,,75280,18,0,18 7,0,70,,75274,18,0,18 7,0,30,,75287,18,0,18 7,0,70,,75279,18,0,18 7,0,30,,75328,18,0,18 7,0,70,,75288,18,0,18 7,0,27,,75276,18,0,18 7,0,70,,75305,18,0,18 7,0,30,,75277,18,0,18 7,0,71,,75326,18,0,18 7,0,98,,75290,18,0,18 7,0,100,,75327,18,0,18 7,0,100,,75282,18,0,18 7,0,100,,75331,18,0,18 7,0
10019,'1912',734,,61000,5,,,0,70,,66748,5,,,0,30,,61002,5,,,0,70,,66749,5,,,0,30,,61004,5,,,0,70,,71282,5,,,0,30,,71283,5,,,0,70,,71284,5,,,0,30,,71285,5,,,0,71,,71286,5,,,0,30,,71287,5,,,0,70,,71288,5,,,0,30,,71289,5,,,0,70,,71290,5,,,0,30,,71291,5,,,0,70,,71292,5,,,0,30,,71293,5,,,0,70,,71294,5,,,0,30,,66763,5,,,0,70,,71295,5,,,0,30,,71296,5,,,0,69,,71297,5,,,0,30,,66767,5,,,0,70,,71298,5,,,0
10019,'1959',734,,61024,5,,,0,70,,66769,5,,,0,30,,61026,5,,,0,70,,66770,5,,,0,30,,61028,5,,,0,70,,71367,5,,,0,30,,71368,5,,,0,70,,71369,5,,,0,30,,71370,5,,,0,71,,71371,5,,,0,30,,71372,5,,,0,70,,71373,5,,,0,30,,71374,5,,,0,70,,71375,5,,,0,30,,71376,5,,,0,70,,71377,5,,,0,30,,71378,5,,,0,70,,71379,5,,,0,30,,66784,5,,,0,70,,71380,5,,,0,30,,71381,5,,,0,69,,71382,5,,,0,30,,66788,5,,,0,70,,71383,5,,,0
10019,'1967',634,,71343,5,,,0,70,,71344,5,,,0,30,,74352,5,,,0,70,,74353,5,,,0,30,,71347,5,,,0,70,,71348,5,,,0,30,,74354,5,,,0,71,,71350,5,,,0,30,,71351,5,,,0,70,,71352,5,,,0,30,,71353,5,,,0,70,,71354,5,,,0,30,,71355,5,,,0,70,,71356,5,,,0,30,,71357,5,,,0,70,,71358,5,,,0,30,,71359,5,,,0,70,,71360,5,,,0,30,,71361,5,,,0,70,,71362,5,,,0,30,,71363,5,,,0,70,,71364,5,,,0,30,,71365,5,,,0,70,,74355,5,,,0,30,,66746,5,,,0,69,,60997,5,,,0,100,,66747,5,,,0,100,,60999,5,,,0
10019,'1969',734,,61048,5,,,0,70,,66790,5,,,0,30,,61050,5,,,0,70,,66791,5,,,0,30,,61052,5,,,0,70,,71299,5,,,0,30,,71300,5,,,0,70,,71301,5,,,0,30,,71302,5,,,0,71,,71303,5,,,0,30,,71304,5,,,0,70,,71305,5,,,0,30,,71306,5,,,0,70,,71307,5,,,0,30,,71308,5,,,0,70,,71309,5,,,0,30,,71310,5,,,0,70,,71311,5,,,0,30,,66805,5,,,0,70,,71312,5,,,0,30,,71313,5,,,0,69,,71314,5,,,0,30,,66809,5,,,0,70,,71315,5,,,0
10019,'1976',534,,74338,5,,,0,70,,71317,5,,,0,30,,74339,5,,,0,71,,71319,5,,,0,30,,74340,5,,,0,70,,71321,5,,,0,30,,71322,5,,,0,70,,60946,5,,,0,30,,71323,5,,,0,70,,71324,5,,,0,30,,71325,5,,,0,70,,74341,5,,,0,30,,71327,5,,,0,70,,71328,5,,,0,30,,71329,5,,,0,70,,71330,5,,,0,30,,66831,5,,,0,70,,74342,5,,,0,31,,74343,5,,,0,70,,74344,5,,,0,30,,74345,5,,,0,70,,74346,5,,,0,30,,74347,5,,,0,70,,74348,5,,,0,28,,74349,5,,,0,70,,74350,5,,,0,30,,71340,5,,,0,70,,74351,5,,,0,30,,71341,5,,,0,70,,60968,5,,,0,30,,71342,5,,,0,70,,60970,5,,,0,100,,60971,5,,,0
10019,'1977',534,,75410,5,,,0,70,,75411,5,,,0,30,,75412,5,,,0,71,,75413,5,,,0,30,,75414,5,,,0,70,,75415,5,,,0,30,,75416,5,,,0,70,,75417,5,,,0,30,,75418,5,,,0,70,,75419,5,,,0,30,,75420,5,,,0,70,,75421,5,,,0,30,,75422,5,,,0,70,,75423,5,,,0,30,,75424,5,,,0,70,,75425,5,,,0,30,,75426,5,,,0,70,,75427,5,,,0,31,,75428,5,,,0,70,,75429,5,,,0,30,,75430,5,,,0,70,,75431,5,,,0,30,,75432,5,,,0,70,,75433,5,,,0,28,,75434,5,,,0,70,,75435,5,,,0,30,,75436,5,,,0,70,,75437,5,,,0,30,,75438,5,,,0,70,,75439,5,,,0,30,,75440,5,,,0,70,,75441,5,,,0,100,,75442,5,,,0
