16019,'1909',1527,,61737,10,,,0,130,,61740,10,,,0,69,,61741,10,,,0,100,,61743,10,,,0,130,,61746,10,,,0,169,,61716,10,,,0
16019,'1910',625,,61772,10,,,0,30,,61768,10,,,0,70,,61776,10,,,0,30,,61760,10,,,0,71,,61774,10,,,0,30,,61755,10,,,0,70,,61753,10,,,0,30,,61750,10,,,0,70,,61761,10,,,0,30,,61771,10,,,0,70,,61765,10,,,0,30,,61773,10,,,0,70,,61757,10,,,0,30,,61775,10,,,0,70,,61752,10,,,0,30,,61763,10,,,0,70,,61762,10,,,0,30,,61766,10,,,0,70,,61767,10,,,0,30,,61751,10,,,0,70,,61759,10,,,0,30,,61769,10,,,0,70,,61754,10,,,0,30,,61758,10,,,0,70,,61764,10,,,0,30,,61778,10,,,0,70,,61770,10,,,0,29,,61777,10,,,0,70,,61756,10,,,0,30,,61780,10,,,0,100,,61779,10,,,0,70,,61749,10,,,0
16019,'1912',754,,67376,10,,,0,100,,71745,10,,,0,101,,71751,10,,,0,100,,71750,10,,,0,100,,71743,10,,,0,100,,71746,10,,,0,100,,71747,10,,,0,100,,71749,10,,,0,100,,71748,10,,,0,100,,71744,10,,,0,99,,67384,10,,,0,100,,61792,10,,,0,100,,61788,10,,,0,100,,61786,10,,,0,100,,71752,10,,,0
16019,'1924',754,,67388,10,,,0,1000,,67396,10,,,0,100,,61807,10,,,0,100,,61803,10,,,0,100,,61801,10,,,0
16019,'1925',754,,67400,10,,,0,100,,71755,10,,,0,101,,71761,10,,,0,100,,71760,10,,,0,100,,71753,10,,,0,100,,71756,10,,,0,100,,71757,10,,,0,100,,71759,10,,,0,100,,71758,10,,,0,100,,71754,10,,,0,99,,67408,10,,,0,100,,61822,10,,,0,100,,61818,10,,,0,100,,61816,10,,,0,100,,71762,10,,,0
16019,'1949',1457,,67430,10,,,0,100,,67431,10,,,0,70,,67432,10,,,0
16019,'1956',854,,67391,10,,,0,101,,67398,10,,,0,100,,67397,10,,,0,100,,67389,10,,,0,100,,67392,10,,,0,100,,67393,10,,,0,100,,67395,10,,,0,100,,67394,10,,,0,100,,67390,10,,,0,499,,67399,10,,,0
16019,'1957',625,,71765,10,,,0,30,,71766,10,,,0,71,,71767,10,,,0,31,,71768,10,,,0,72,,71769,10,,,0,30,,71770,10,,,0,69,,71771,10,,,0,30,,71772,10,,,0,70,,71773,10,,,0,30,,71774,10,,,0,70,,71775,10,,,0,30,,71776,10,,,0,70,,71777,10,,,0,30,,71778,10,,,0,70,,71779,10,,,0,30,,71780,10,,,0,70,,71781,10,,,0,328,,71782,10,,,0,100,,71783,10,,,0,70,,71784,10,,,0,99,,71785,10,,,0,30,,71786,10,,,0,100,,71763,10,,,0,70,,71764,10,,,0
16019,'1959',854,,71789,10,,,0,101,,71795,10,,,0,100,,71794,10,,,0,100,,71787,10,,,0,100,,71790,10,,,0,100,,71791,10,,,0,100,,71793,10,,,0,100,,71792,10,,,0,100,,71788,10,,,0,499,,71796,10,,,0
14000001029,'1909',459,,65864,39,0,18 7,0,2052,,65871,39,,,0,130,,65870,39,,,0
14000001029,'1910',2511,,65872,39,,,0,130,,65875,39,,,0
14000001029,'1912',601,,73589,39,0,18 7,0,1811,,70205,39,,,0,29,,73588,39,,,0,70,,65884,39,,,0,30,,70206,39,,,0,70,,73587,39,,,0,30,,65880,39,,,0
14000001029,'1924',2412,,70208,39,,,0,99,,65891,39,,,0,30,,70209,39,,,0,100,,65887,39,,,0
14000001029,'1925',601,,73592,39,0,18 7,0,1811,,70211,39,,,0,29,,73591,39,,,0,70,,65898,39,,,0,30,,70212,39,,,0,70,,73590,39,,,0,30,,65894,39,,,0
14000001029,'1955',601,,70203,39,0,18 7,0,1811,,70204,39,,,0,29,,65873,39,,,0,100,,70202,39,,,0,70,,65877,39,,,0
14000001029,'1956',601,,70210,39,0,18 7,0,1840,,65890,39,,,0,170,,65889,39,,,0
14000001029,'1957',601,,73593,39,0,18 7,0,1811,,73595,39,,,0,29,,73596,39,,,0,100,,73594,39,,,0,70,,73597,39,,,0
14000001029,'1958',601,,73600,39,0,18 7,0,1811,,73602,39,,,0,29,,73598,39,,,0,100,,73599,39,,,0,70,,73601,39,,,0
14000001029,'1959',601,,73605,39,0,18 7,0,1840,,73604,39,,,0,170,,73603,39,,,0
