1019,'1912',623,,73606,28,,,0,100,,73607,28,,,0,101,,73608,28,,,0,100,,73609,28,,,0,100,,73610,28,,,0,100,,73611,28,,,0,100,,73612,28,,,0,100,,73613,28,,,0,100,,73614,28,,,0,100,,73615,28,,,0,100,,73616,28,,,0,100,,73617,28,,,0,100,,73618,28,,,0,100,,73619,28,,,0,100,,73620,28,,,0,100,,73621,28,,,0,103,,73622,28,,,0,95,,73623,28,,,0
1019,'1959',623,,73696,28,,,0,100,,73697,28,,,0,101,,73698,28,,,0,100,,73699,28,,,0,100,,73700,28,,,0,100,,73701,28,,,0,100,,73702,28,,,0,100,,73703,28,,,0,100,,73704,28,,,0,100,,73705,28,,,0,100,,73706,28,,,0,100,,73707,28,,,0,100,,73708,28,,,0,100,,73709,28,,,0,100,,73710,28,,,0,100,,73711,28,,,0,103,,73712,28,,,0,95,,73713,28,,,0
1019,'1967',554,,73695,28,,,0,70,,73684,28,,,0,30,,73670,28,,,0,70,,73689,28,,,0,30,,73679,28,,,0,70,,73664,28,,,0,30,,73685,28,,,0,70,,73687,28,,,0,30,,73669,28,,,0,70,,73690,28,,,0,30,,73678,28,,,0,70,,73663,28,,,0,30,,73673,28,,,0,70,,73683,28,,,0,30,,73668,28,,,0,70,,73691,28,,,0,30,,73677,28,,,0,70,,73662,28,,,0,30,,73672,28,,,0,70,,73682,28,,,0,30,,73667,28,,,0,70,,73692,28,,,0,30,,73676,28,,,0,70,,73661,28,,,0,30,,73671,28,,,0,70,,73681,28,,,0,30,,73665,28,,,0,70,,73693,28,,,0,30,,73674,28,,,0,70,,73660,28,,,0,30,,73666,28,,,0,70,,73680,28,,,0,34,,73675,28,,,0,70,,73694,28,,,0,30,,73688,28,,,0,65,,73686,28,,,0
1019,'1969',623,,73714,28,,,0,100,,73715,28,,,0,101,,73716,28,,,0,100,,73717,28,,,0,100,,73718,28,,,0,100,,73719,28,,,0,100,,73720,28,,,0,100,,73721,28,,,0,100,,73722,28,,,0,100,,73723,28,,,0,100,,73724,28,,,0,100,,73725,28,,,0,100,,73726,28,,,0,100,,73727,28,,,0,100,,73728,28,,,0,100,,73729,28,,,0,103,,73730,28,,,0,95,,73731,28,,,0
1019,'1976',553,,73659,28,,,0,75,,73655,28,,,0,30,,73631,28,,,0,73,,73626,28,,,0,70,,73644,28,,,0,30,,73628,28,,,0,70,,73633,28,,,0,32,,73658,28,,,0,70,,73630,28,,,0,30,,73624,28,,,0,70,,73643,28,,,0,30,,73629,28,,,0,70,,73634,28,,,0,30,,73654,28,,,0,70,,73632,28,,,0,30,,73625,28,,,0,70,,73656,28,,,0,31,,73627,28,,,0,70,,73635,28,,,0,30,,73653,28,,,0,70,,73646,28,,,0,30,,73638,28,,,0,70,,73636,28,,,0,29,,73639,28,,,0,68,,73641,28,,,0,30,,73640,28,,,0,70,,73637,28,,,0,25,,73657,28,,,0,30,,73651,28,,,0,68,,73652,28,,,0,30,,73650,28,,,0,70,,73649,28,,,0,30,,73648,28,,,0,70,,73647,28,,,0,30,,73645,28,,,0,70,,73642,28,,,0
1019,'1977',553,,75105,28,,,0,75,,75101,28,,,0,30,,75077,28,,,0,73,,75072,28,,,0,70,,75090,28,,,0,30,,75074,28,,,0,70,,75079,28,,,0,32,,75104,28,,,0,70,,75076,28,,,0,30,,75070,28,,,0,70,,75089,28,,,0,30,,75075,28,,,0,70,,75080,28,,,0,30,,75100,28,,,0,70,,75078,28,,,0,30,,75071,28,,,0,70,,75102,28,,,0,31,,75073,28,,,0,70,,75081,28,,,0,30,,75099,28,,,0,70,,75092,28,,,0,30,,75084,28,,,0,70,,75082,28,,,0,29,,75085,28,,,0,68,,75087,28,,,0,30,,75086,28,,,0,70,,75083,28,,,0,25,,75103,28,,,0,30,,75097,28,,,0,68,,75098,28,,,0,30,,75096,28,,,0,70,,75095,28,,,0,30,,75094,28,,,0,70,,75093,28,,,0,30,,75091,28,,,0,70,,75088,28,,,0
802019,'1912',835,,70057,5,,,0,70,,70055,5,,,0,30,,73518,5,,,0,70,,70060,5,,,0,30,,70046,5,,,0,70,,70052,5,,,0,30,,70051,5,,,0,71,,70036,5,,,0,30,,70050,5,,,0,70,,70044,5,,,0,30,,70045,5,,,0,70,,70062,5,,,0,30,,70058,5,,,0,70,,70048,5,,,0,30,,70043,5,,,0,70,,70059,5,,,0,30,,70049,5,,,0,70,,70037,5,,,0,30,,70038,5,,,0,70,,70053,5,,,0,30,,70047,5,,,0,69,,70042,5,,,0,30,,70040,5,,,0,70,,70054,5,,,0,30,,70041,5,,,0,70,,70039,5,,,0,30,,70061,5,,,0
802019,'1959',835,,70084,5,,,0,70,,70082,5,,,0,30,,73559,5,,,0,70,,70087,5,,,0,30,,70073,5,,,0,70,,70079,5,,,0,30,,70078,5,,,0,71,,70063,5,,,0,30,,70077,5,,,0,70,,70071,5,,,0,30,,70072,5,,,0,70,,70089,5,,,0,30,,70085,5,,,0,70,,70075,5,,,0,30,,70070,5,,,0,70,,70086,5,,,0,30,,70076,5,,,0,70,,70064,5,,,0,30,,70065,5,,,0,70,,70080,5,,,0,30,,70074,5,,,0,69,,70069,5,,,0,30,,70067,5,,,0,70,,70081,5,,,0,30,,70068,5,,,0,70,,70066,5,,,0,30,,70088,5,,,0
802019,'1967',835,,73556,5,,,0,70,,73555,5,,,0,30,,70034,5,,,0,71,,73558,5,,,0,30,,73547,5,,,0,70,,73550,5,,,0,30,,70011,5,,,0,70,,73548,5,,,0,30,,70025,5,,,0,70,,73549,5,,,0,30,,73542,5,,,0,70,,73551,5,,,0,30,,70021,5,,,0,70,,73546,5,,,0,30,,70015,5,,,0,70,,73544,5,,,0,30,,70012,5,,,0,70,,73545,5,,,0,30,,70016,5,,,0,70,,73543,5,,,0,30,,70014,5,,,0,69,,70026,5,,,0,30,,73554,5,,,0,70,,75049,5,,,0,30,,65687,5,,,0,70,,73552,5,,,0,30,,75048,5,,,0
802019,'1969',835,,70111,5,,,0,70,,70109,5,,,0,30,,73519,5,,,0,70,,70114,5,,,0,30,,70100,5,,,0,70,,70106,5,,,0,30,,70105,5,,,0,71,,70090,5,,,0,30,,70104,5,,,0,70,,70098,5,,,0,30,,70099,5,,,0,70,,70116,5,,,0,30,,70112,5,,,0,70,,70102,5,,,0,30,,70097,5,,,0,70,,70113,5,,,0,30,,70103,5,,,0,70,,70091,5,,,0,30,,70092,5,,,0,70,,70107,5,,,0,30,,70101,5,,,0,69,,70096,5,,,0,30,,70094,5,,,0,70,,70108,5,,,0,30,,70095,5,,,0,70,,70093,5,,,0,30,,70115,5,,,0
802019,'1976',610,,75046,5,,,0,45,,73539,5,,,0,70,,73538,5,,,0,20,,65662,5,,,0,60,,73520,5,,,0,30,,73537,5,,,0,70,,73521,5,,,0,28,,75031,5,,,0,70,,70138,5,,,0,30,,73523,5,,,0,70,,75032,5,,,0,30,,75033,5,,,0,70,,73525,5,,,0,30,,73526,5,,,0,70,,75034,5,,,0,30,,70145,5,,,0,70,,73528,5,,,0,33,,75035,5,,,0,70,,75036,5,,,0,20,,70149,5,,,0,20,,75037,5,,,0,60,,70163,5,,,0,20,,70151,5,,,0,20,,70152,5,,,0,60,,75038,5,,,0,20,,75039,5,,,0,19,,75045,5,,,0,60,,75040,5,,,0,20,,75047,5,,,0,20,,73533,5,,,0,60,,75041,5,,,0,30,,75042,5,,,0,70,,70157,5,,,0,25,,75043,5,,,0,70,,75044,5,,,0,30,,73536,5,,,0
802019,'1977',610,,76496,5,,,0,45,,76493,5,,,0,70,,76491,5,,,0,20,,76495,5,,,0,60,,76462,5,,,0,30,,76490,5,,,0,70,,76463,5,,,0,28,,76464,5,,,0,70,,76465,5,,,0,30,,76466,5,,,0,70,,76467,5,,,0,30,,76468,5,,,0,70,,76469,5,,,0,30,,76470,5,,,0,70,,76471,5,,,0,30,,76472,5,,,0,70,,76473,5,,,0,33,,76474,5,,,0,70,,76475,5,,,0,20,,76476,5,,,0,20,,76477,5,,,0,60,,76492,5,,,0,20,,76478,5,,,0,20,,76479,5,,,0,60,,76480,5,,,0,20,,76481,5,,,0,19,,76494,5,,,0,60,,76482,5,,,0,20,,76497,5,,,0,20,,76483,5,,,0,60,,76484,5,,,0,30,,76485,5,,,0,70,,76486,5,,,0,25,,76487,5,,,0,70,,76488,5,,,0,30,,76489,5,,,0
