2019,'1838',718,6,35124,40,,,0,30,6,35101,40,,,0,70,6,35105,40,,,0,30,6,35117,40,,,0,70,4,35112,40,,,0,30,4,35102,40,,,0,70,4,35106,40,,,0,30,4,35118,40,,,0,70,4,35113,40,,,0,30,4,35103,40,,,0,70,4,35107,40,,,0,30,4,35119,40,,,0,70,4,35114,40,,,0,30,4,35104,40,,,0,70,4,35108,40,,,0,30,4,35120,40,,,0,70,4,35115,40,,,0,30,4,35099,40,,,0,70,4,35109,40,,,0,30,4,35121,40,,,0,70,4,35116,40,,,0,30,4,35097,40,,,0,70,4,35110,40,,,0,30,4,35122,40,,,0,100,4,35098,40,,,0,102,7,35123,40,,,0,100,7,35100,40,,,0,95,2,35111,40,,,0,100,3,35125,40,,,0
2019,'1867',718,6,35217,40,,,0,30,6,35194,40,,,0,70,6,35198,40,,,0,30,6,35210,40,,,0,70,4,35205,40,,,0,30,4,35195,40,,,0,70,4,35199,40,,,0,30,4,35211,40,,,0,70,4,35206,40,,,0,30,4,35196,40,,,0,70,4,35200,40,,,0,30,4,35212,40,,,0,70,4,35207,40,,,0,30,4,35197,40,,,0,70,4,35201,40,,,0,30,4,35213,40,,,0,70,4,35208,40,,,0,30,4,35192,40,,,0,70,4,35202,40,,,0,30,4,35214,40,,,0,70,4,35209,40,,,0,30,4,35190,40,,,0,70,4,35203,40,,,0,30,4,35215,40,,,0,100,4,35191,40,,,0,102,7,35216,40,,,0,100,7,35193,40,,,0,95,2,35204,40,,,0,100,3,35218,40,,,0
2019,'1892',509,,43997,31,4,,0,139,3,35127,40,,,0,68,,35128,40,,,0,29,,35129,40,,,0,73,3,35130,40,,,0,31,4,35131,40,,,0,69,3,35132,40,,,0,30,3,35133,40,,,0,70,3,35134,40,,,0,30,3,35135,40,,,0,70,3,35136,40,,,0,30,3,35137,40,,,0,70,3,35138,40,,,0,30,3,35139,40,,,0,70,3,35140,40,,,0,30,3,35141,40,,,0,70,3,35142,40,,,0,29,,35143,40,,,0,70,,35144,40,,,0,30,,35145,40,,,0,71,,35146,40,,,0,32,2,35147,40,,,0,68,3,35148,40,,,0,30,3,35149,40,,,0,70,3,35150,40,,,0,30,3,35151,40,,,0,70,3,35157,40,,,0,30,3,35152,40,,,0,100,3,35153,40,,,0,100,3,35154,40,,,0,100,3,35155,40,,,0,98,,35156,40,,,0
7019,'1838',547,,35966,1,,,0,70,,44518,1,,,0,30,,44519,1,,,0,68,,44520,1,,,0,30,,35957,20,,,0,71,,44529,5,,,0,30,,35958,20,,,0,73,,44524,5,,,0,27,,44517,20,,,0,73,,42367,5,,,0,28,,35959,20,,,0,72,,44523,5,,,0,28,,35960,20,,,0,72,,44528,5,,,0,28,,44515,20,,,0,73,,44522,5,,,0,27,,35962,20,,,0,73,,44527,5,,,0,28,,35963,20,,,0,73,,44521,5,,,0,27,,44516,20,,,0,73,,44526,5,,,0,26,,35965,20,,,0,73,,42356,5,,,0,27,,35953,20,,,0,72,,44525,5,,,0,27,,44513,20,,,0,72,,42361,5,,,0,27,,35952,20,,,0,72,,42362,5,,,0,28,,35956,20,,,0,72,,42369,5,,,0,28,,44514,20,,,0,70,,42355,1,,,0,30,,42354,1,,,0
7019,'1867',547,,36122,1,,,0,70,,44569,1,,,0,30,,44570,1,,,0,68,,44571,1,,,0,30,,36113,20,,,0,71,,44580,5,,,0,30,,36114,20,,,0,73,,44575,5,,,0,27,,44568,20,,,0,73,,42392,5,,,0,28,,36115,20,,,0,72,,44574,5,,,0,28,,36116,20,,,0,72,,44579,5,,,0,28,,44566,20,,,0,73,,44573,5,,,0,27,,36118,20,,,0,73,,44578,5,,,0,28,,36119,20,,,0,73,,44572,5,,,0,27,,44567,20,,,0,73,,44577,5,,,0,26,,36121,20,,,0,73,,42381,5,,,0,27,,36109,20,,,0,72,,44576,5,,,0,27,,44564,20,,,0,72,,42386,5,,,0,27,,36108,20,,,0,72,,42387,5,,,0,28,,36112,20,,,0,72,,42394,5,,,0,28,,44565,20,,,0,70,,42380,1,,,0,30,,42379,1,,,0
7019,'1892',509,,44530,1,,,0,36,,44531,20,,,0,72,,36070,1,,,0,31,,44532,20,,,0,175,,36040,20,,,0,29,,36048,20,,,0,68,,44534,20,,,0,30,,42371,20,,,0,70,,42370,20,,,0,30,,42372,20,,,0,70,,36043,20,,,0,30,,36051,20,,,0,70,,36044,20,,,0,100,,44535,20,,,0,30,,42373,20,,,0,71,,44536,20,,,0,33,,44543,20,,,0,87,,44546,1,,,0,12,,36068,20,,,0,70,,44544,20,,,0,98,,44539,20,,,0,29,,42374,20,,,0,70,,44540,20,,,0,28,,36059,20,,,0,70,,36060,20,,,0,28,,44541,20,,,0,70,,44542,20,,,0,99,,44545,1,,,0,103,,42377,5,,,0,127,,42375,20,,,0
7019,'1896',719,,49064,20,,,0,32,,49065,20,,,0,499,,49066,20,,,0,277,,49071,20,,,0,126,,49067,20,,,0,393,,49068,20,,,0,100,,49069,20,,,0,99,,49070,20,,,0
20007019,'1838',647,,48442,13,4,,0,1568,,43940,13,4,,0,30,,43938,13,4,,0
20007019,'1867',647,,48452,13,4,,0,1568,,43945,13,4,,0,30,,43943,13,4,,0
20007019,'1898',2245,,51494,13,4,,0
