7019,'1912',730,,60448,1,,,0,101,,60449,1,,,0,100,,60457,1,,,0,100,,60450,1,,,0,100,,60451,1,,,0,100,,60452,1,,,0,100,,60453,1,,,0,101,,60454,1,,,0,100,,60455,1,,,0,99,,60456,1,,,0,100,,60444,1,,,0,99,,60445,1,,,0,100,,60443,1,,,0,100,,60447,1,,,0,100,,60446,1,,,0
7019,'1959',730,,60483,1,,,0,101,,60484,1,,,0,100,,60492,1,,,0,100,,60485,1,,,0,100,,60486,1,,,0,100,,60487,1,,,0,100,,60488,1,,,0,101,,60489,1,,,0,100,,60490,1,,,0,99,,60491,1,,,0,100,,60479,1,,,0,99,,60480,1,,,0,100,,60478,1,,,0,100,,60482,1,,,0,100,,60481,1,,,0
7019,'1965',528,,60398,1,,,0,103,,60397,1,,,0,102,,71161,1,,,0,100,,71159,1,,,0,100,,71157,1,,,0,70,,71158,1,,,0,30,,71156,1,,,0,70,,71154,1,,,0,30,,71166,1,,,0,200,,71147,1,,,0,174,,71145,1,,,0,28,,71152,1,,,0,168,,71144,1,,,0,30,,71143,1,,,0,70,,71142,1,,,0,129,,60375,1,,,0,70,,71148,1,,,0,30,,60374,1,,,0,99,,71141,1,,,0,99,,60373,1,,,0,100,,71171,1,,,0
7019,'1966',700,,71175,1,,,0,132,,60423,1,,,0,300,,60426,1,,,0,300,,60429,1,,,0,499,,71173,1,,,0,299,,71174,1,,,0
7019,'1967',631,,71181,1,,,0,99,,71182,1,,,0,70,,71176,1,,,0,102,,71177,1,,,0,30,,71183,1,,,0,70,,71178,1,,,0,30,,71184,1,,,0,70,,66542,1,,,0,100,,71179,1,,,0,30,,71185,1,,,0,70,,71180,1,,,0,30,,60428,1,,,0,70,,66551,1,,,0,100,,71187,1,,,0,30,,60430,1,,,0,70,,71186,1,,,0,30,,66550,1,,,0,70,,71188,1,,,0,30,,60432,1,,,0,70,,71190,1,,,0,29,,71172,1,,,0,70,,71189,1,,,0,100,,66556,1,,,0,30,,60411,1,,,0,99,,60412,1,,,0
7019,'1969',730,,60518,1,,,0,101,,60519,1,,,0,100,,60527,1,,,0,100,,60520,1,,,0,100,,60521,1,,,0,100,,60522,1,,,0,100,,60523,1,,,0,101,,60524,1,,,0,100,,60525,1,,,0,99,,60526,1,,,0,100,,60514,1,,,0,99,,60515,1,,,0,100,,60513,1,,,0,100,,60517,1,,,0,100,,60516,1,,,0
7019,'1970',701,,74307,1,,,0,102,,74306,1,,,0,100,,74305,1,,,0,300,,74310,1,,,0,30,,74309,1,,,0,70,,74308,1,,,0,101,,74304,1,,,0,30,,74299,1,,,0,171,,74303,1,,,0,30,,74302,1,,,0,198,,74301,1,,,0,69,,74300,1,,,0
7019,'1971',700,,74315,1,,,0,132,,74316,1,,,0,300,,74317,1,,,0,300,,74318,1,,,0,499,,74313,1,,,0,299,,74314,1,,,0
7029,'1912',730,,60657,34,4,,0,99,,60658,34,4,,0,102,,60659,34,4,,0,100,,60660,34,4,,0,100,,60661,34,4,,0,100,,60662,34,4,,0,100,,60663,34,4,,0,101,,60664,34,4,,0,100,,60665,34,4,,0,99,,60666,34,4,,0,100,,60667,34,4,,0,99,,60668,34,4,,0,100,,60669,34,4,,0,100,,60670,34,4,,0,100,,60656,34,4,,0
7029,'1959',730,,60691,34,4,,0,99,,60692,34,4,,0,102,,60693,34,4,,0,100,,60694,34,4,,0,100,,60695,34,4,,0,100,,60696,34,4,,0,100,,60697,34,4,,0,101,,60698,34,4,,0,100,,60699,34,4,,0,99,,60700,34,4,,0,100,,60701,34,4,,0,99,,60702,34,4,,0,100,,60703,34,4,,0,100,,60704,34,4,,0,100,,60690,34,4,,0
7029,'1965',528,,60618,34,4,,0,103,,60588,34,4,,0,102,,71228,34,4,,0,100,,71230,34,4,,0,100,,71232,34,4,,0,70,,71233,34,4,,0,30,,71234,34,4,,0,70,,71235,34,4,,0,30,,71236,34,4,,0,200,,71225,34,4,,0,174,,71226,34,4,,0,28,,71238,34,4,,0,168,,71241,34,4,,0,30,,71242,34,4,,0,70,,71243,34,4,,0,129,,60608,34,4,,0,70,,71245,34,4,,0,30,,60610,34,4,,0,99,,71246,34,4,,0,99,,60612,34,4,,0,100,,71250,34,4,,0
7029,'1966',700,,71251,34,4,,0,132,,60635,34,4,,0,300,,60638,34,4,,0,300,,60641,34,4,,0,499,,71267,34,4,,0,299,,71268,34,4,,0
7029,'1967',631,,71269,23,4,,0,99,,71262,34,4,,0,70,,71252,34,4,,0,102,,71253,34,4,,0,30,,71263,34,4,,0,70,,71254,34,4,,0,30,,71264,34,4,,0,70,,66633,34,4,,0,100,,71255,34,4,,0,30,,71265,34,4,,0,70,,71256,34,4,,0,30,,60640,34,4,,0,70,,66636,34,4,,0,100,,71257,34,4,,0,30,,60642,34,4,,0,70,,71258,34,4,,0,30,,66647,34,4,,0,70,,71259,34,4,,0,30,,60644,34,4,,0,70,,71260,34,4,,0,29,,71266,34,4,,0,70,,71261,34,4,,0,100,,66642,34,4,,0,29,,60647,34,4,,0,100,,60648,34,4,,0,200,,60650,34,4,,0
7029,'1969',730,,60725,34,4,,0,99,,60726,34,4,,0,102,,60727,34,4,,0,100,,60728,34,4,,0,100,,60729,34,4,,0,100,,60730,34,4,,0,100,,60731,34,4,,0,101,,60732,34,4,,0,100,,60733,34,4,,0,99,,60734,34,4,,0,100,,60735,34,4,,0,99,,60736,34,4,,0,100,,60737,34,4,,0,100,,60738,34,4,,0,100,,60724,34,4,,0
7029,'1970',701,,74323,34,4,,0,102,,74324,34,4,,0,100,,74325,34,4,,0,300,,74326,34,4,,0,30,,74321,34,4,,0,70,,74322,34,4,,0,101,,74320,34,4,,0,30,,74319,34,4,,0,171,,74327,34,4,,0,30,,74328,34,4,,0,198,,74329,34,4,,0,69,,74330,34,4,,0
7029,'1971',700,,74332,34,4,,0,132,,74333,34,4,,0,300,,74334,34,4,,0,300,,74335,34,4,,0,499,,74336,34,4,,0,299,,74337,34,4,,0
