6029,'1838',834,,35833,4,0,5 2 6 7,0,100,,51777,4,0,5 2 6 7,0,100,,44424,4,0,5 2 6 7,0,100,,44414,4,0,5 2 6 7,0,101,,44423,4,0,5 2 6 7,0,100,,44419,4,0,5 2 6 7,0,100,,44422,4,0,5 2 6 7,0,100,,44417,4,0,5 2 6 7,0,100,,44421,4,0,5 2 6 7,0,100,,44418,4,0,5 2 6 7,0,99,,44420,4,0,5 2 6 7,0,100,,44415,4,0,5 2 6 7,0
6029,'1897',614,,49009,4,,,0,30,,49010,4,,,0,71,,49011,4,,,0,30,,49012,4,,,0,70,,49013,4,,,0,30,,49014,4,,,0,70,,49015,4,,,0,30,,49016,4,,,0,70,,49017,4,,,0,30,,49018,4,,,0,70,,49019,4,,,0,30,,49020,4,,,0,70,,49021,4,,,0,30,,49022,4,,,0,70,,49023,4,,,0,30,,49024,4,,,0,70,,49025,4,,,0,30,,49026,4,,,0,70,,49027,4,,,0,30,,49028,4,,,0,70,,49029,4,,,0,30,,49030,4,,,0,70,,49031,4,,,0,30,,49032,4,,,0,70,,49033,4,,,0,30,,49034,4,,,0,90,,49006,4,,,0,99,,49008,4,,,0,100,,49005,4,,,0,100,,49007,4,,,0
6029,'1898',609,,49036,4,,,0,30,,49038,4,,,0,65,,49054,4,,,0,30,,49062,4,,,0,70,,49037,4,,,0,30,,49048,4,,,0,70,,49055,4,,,0,30,,49063,4,,,0,71,,49047,4,,,0,30,,49060,4,,,0,70,,49046,4,,,0,30,,49052,4,,,0,70,,49045,4,,,0,30,,49059,4,,,0,70,,49044,4,,,0,30,,49051,4,,,0,70,,49043,4,,,0,30,,49058,4,,,0,70,,49042,4,,,0,30,,49050,4,,,0,70,,49041,4,,,0,30,,49057,4,,,0,70,,49040,4,,,0,30,,49049,4,,,0,70,,49039,4,,,0,30,,49056,4,,,0,69,,49035,4,0,5 2 6 7,0,100,,49061,4,0,5 2 6 7,0,100,,49053,4,0,5 2 6 7,0
6029,'1899',834,,51789,4,0,5 2 6 7,0,100,,51780,4,0,5 2 6 7,0,100,,51788,4,0,5 2 6 7,0,100,,51778,4,0,5 2 6 7,0,101,,51787,4,0,5 2 6 7,0,100,,51783,4,0,5 2 6 7,0,100,,51786,4,0,5 2 6 7,0,100,,51781,4,0,5 2 6 7,0,100,,51785,4,0,5 2 6 7,0,100,,51782,4,0,5 2 6 7,0,99,,51784,4,0,5 2 6 7,0,100,,51779,4,0,5 2 6 7,0
15019,'1838',716,,52031,15,,,0,100,,52029,15,,,0,100,,52032,15,,,0,100,,52030,15,,,0,100,,52027,15,,,0,100,,52025,15,,,0,101,,52028,15,,,0,100,,52026,15,,,0,100,,52023,15,,,0,99,,52024,15,,,0,100,,52021,15,,,0,100,,52022,15,,,0,100,,52020,15,,,0,100,,52033,15,,,0
15019,'1897',641,,49638,15,,,0,70,,49639,15,,,0,33,,49640,15,,,0,70,,49641,15,,,0,27,,49642,15,,,0,70,,49643,15,,,0,30,,49644,15,,,0,70,,49645,15,,,0,30,,49646,15,,,0,70,,49647,15,,,0,30,,49648,15,,,0,70,,49649,15,,,0,30,,49650,15,,,0,70,,49651,15,,,0,30,,49652,15,,,0,70,,49653,15,,,0,31,,49654,15,,,0,70,,49655,15,,,0,30,,49656,15,,,0,70,,49657,15,,,0,30,,49658,15,,,0,70,,49659,15,,,0,29,,49660,15,,,0,70,,49661,15,,,0,30,,49662,15,,,0,70,,49663,15,,,0,30,,49664,15,,,0,100,,49665,15,,,0,99,,49666,15,,,0,100,,49667,15,0,5 2 6 7,0
15019,'1898',716,,49668,15,,,0,100,,49669,15,,,0,100,,49670,15,,,0,100,,49671,15,,,0,100,,49672,15,,,0,100,,49673,15,,,0,101,,49674,15,,,0,100,,49675,15,,,0,100,,49676,15,,,0,99,,49677,15,,,0,100,,49678,15,,,0,100,,49679,15,,,0,100,,49680,15,,,0,100,,49681,15,,,0
15019,'1899',716,,52045,15,,,0,100,,52043,15,,,0,100,,52046,15,,,0,100,,52044,15,,,0,100,,52041,15,,,0,100,,52039,15,,,0,101,,52042,15,,,0,100,,52040,15,,,0,100,,52037,15,,,0,99,,52038,15,,,0,100,,52035,15,,,0,100,,52036,15,,,0,100,,52034,15,,,0,100,,52047,15,,,0
502029,'1838',605,,52558,3,,,0,28,,52556,3,,,0,25,,52557,3,,,0,70,,52560,3,,,0,30,,39296,3,,,0,70,,52559,3,,,0,31,,39294,3,,,0,70,,46384,3,,,0,30,,39283,3,,,0,70,,46383,3,,,0,15,,52565,3,,,0,15,,39284,3,,,0,55,,52566,3,,,0,15,,46382,3,,,0,15,,52568,3,,,0,15,,46374,3,,,0,55,,46389,3,,,0,15,,46381,3,,,0,15,,52563,3,,,0,15,,39286,3,,,0,55,,46393,3,,,0,15,,46380,3,,,0,15,,52567,3,,,0,15,,39287,3,,,0,55,,46397,3,,,0,15,,46379,3,,,0,15,,52561,3,,,0,15,,39288,3,,,0,55,,46390,3,,,0,15,,46378,3,,,0,15,,52564,3,,,0,15,,39289,3,,,0,55,,46394,3,,,0,15,,46377,3,,,0,15,,52569,3,,,0,15,,39290,3,,,0,55,,46387,3,,,0,15,,46376,3,,,0,15,,52562,3,,,0,15,,39299,3,,,0,70,,46375,3,,,0,30,,43630,3,,,0,70,,39304,3,,,0,30,,39292,3,,,0,70,,39303,3,,,0,30,,39293,3,,,0,70,,39301,3,,,0,29,,39298,3,,,0,70,,39302,3,,,0,30,,39295,3,,,0
502029,'1897',529,,50592,3,,,0,15,,50593,3,,,0,15,,50594,3,,,0,55,,50595,3,,,0,7,,50596,3,,,0,8,,50597,3,,,0,15,,50598,3,,,0,12,,50599,3,,,0,52,,50600,3,,,0,12,,50601,3,,,0,7,,50602,3,,,0,6,,50603,3,,,0,12,,50604,3,,,0,6,,50605,3,,,0,6,,50606,3,,,0,52,,50607,3,,,0,12,,50608,3,,,0,12,,50609,3,,,0,11,,50610,3,,,0,15,,50611,3,,,0,55,,50612,3,,,0,15,,50613,3,,,0,15,,50614,3,,,0,15,,50615,3,,,0,55,,50616,3,,,0,15,,50617,3,,,0,15,,50618,3,,,0,15,,50619,3,,,0,55,,50620,3,,,0,15,,50621,3,,,0,15,,50622,3,,,0,15,,50623,3,,,0,55,,50624,3,,,0,15,,50625,3,,,0,15,,50626,3,,,0,15,,50627,3,,,0,55,,50628,3,,,0,15,,50629,3,,,0,15,,50630,3,,,0,15,,50631,3,,,0,55,,50632,3,,,0,15,,50633,3,,,0,15,,50634,3,,,0,15,,50635,3,,,0,55,,50636,3,,,0,12,,50637,3,,,0,12,,50638,3,,,0,12,,50639,3,,,0,52,,50640,3,,,0,12,,50641,3,,,0,12,,50642,3,,,0,12,,50643,3,,,0,12,,50644,3,,,0,52,,50645,3,,,0,12,,50646,3,,,0,12,,50647,3,,,0,12,,50648,3,,,0,12,,50649,3,,,0,52,,50650,3,,,0,12,,50651,3,,,0,15,,50652,3,,,0,15,,50662,3,,,0,15,,50653,3,,,0,70,,50654,3,,,0,30,,50655,3,,,0,70,,50656,3,,,0,30,,50657,3,,,0,70,,50658,3,,,0,30,,50659,3,,,0,70,,50660,3,,,0,30,,50661,3,,,0
502029,'1898',603,,50670,3,,,0,15,,50716,3,,,0,15,,50677,3,,,0,70,,50669,3,,,0,30,,50678,3,,,0,25,,50668,3,,,0,70,,50679,3,,,0,31,,50667,3,,,0,70,,50680,3,,,0,15,,50681,3,,,0,15,,50707,3,,,0,55,,50690,3,,,0,15,,50699,3,,,0,15,,50682,3,,,0,15,,50708,3,,,0,55,,50691,3,,,0,15,,50700,3,,,0,15,,50683,3,,,0,15,,50709,3,,,0,55,,50692,3,,,0,15,,50701,3,,,0,15,,50684,3,,,0,15,,50710,3,,,0,55,,50693,3,,,0,15,,50702,3,,,0,15,,50685,3,,,0,15,,50711,3,,,0,55,,50694,3,,,0,15,,50703,3,,,0,15,,50686,3,,,0,15,,50712,3,,,0,55,,50695,3,,,0,15,,50704,3,,,0,15,,50687,3,,,0,15,,50713,3,,,0,55,,50696,3,,,0,15,,50705,3,,,0,15,,50688,3,,,0,15,,50714,3,,,0,55,,50697,3,,,0,15,,50672,3,,,0,15,,50689,3,,,0,15,,50706,3,,,0,55,,50698,3,,,0,15,,50673,3,,,0,15,,50715,3,,,0,85,,50674,3,,,0,30,,50666,3,,,0,70,,50675,3,,,0,30,,50665,3,,,0,70,,50671,3,,,0,29,,50664,3,,,0,70,,50676,3,,,0,30,,50663,3,,,0
502029,'1899',605,,52588,3,,,0,28,,52570,3,,,0,25,,52579,3,,,0,70,,52604,3,,,0,30,,52584,3,,,0,70,,52603,3,,,0,31,,52582,3,,,0,70,,52602,3,,,0,30,,52571,3,,,0,70,,52601,3,,,0,15,,52613,3,,,0,15,,52572,3,,,0,55,,52615,3,,,0,15,,52600,3,,,0,15,,52618,3,,,0,15,,52573,3,,,0,55,,52607,3,,,0,15,,52599,3,,,0,15,,52610,3,,,0,15,,52574,3,,,0,55,,52612,3,,,0,15,,52598,3,,,0,15,,52616,3,,,0,15,,52575,3,,,0,55,,52617,3,,,0,15,,52597,3,,,0,15,,52606,3,,,0,15,,52576,3,,,0,55,,52609,3,,,0,15,,52596,3,,,0,15,,52611,3,,,0,15,,52577,3,,,0,55,,52614,3,,,0,15,,52595,3,,,0,15,,52619,3,,,0,15,,52578,3,,,0,55,,52605,3,,,0,15,,52594,3,,,0,15,,52608,3,,,0,15,,52587,3,,,0,70,,52593,3,,,0,30,,52585,3,,,0,70,,52592,3,,,0,30,,52580,3,,,0,70,,52591,3,,,0,30,,52581,3,,,0,70,,52589,3,,,0,29,,52586,3,,,0,70,,52590,3,,,0,30,,52583,3,,,0
