22019,'1912',849,,71964,7,,,0,93,,71965,7,,,0,100,,71959,7,,,0,100,,71963,7,,,0,100,,71960,7,,,0,100,,71961,7,,,0,100,,71958,7,,,0,100,,71962,7,,,0,100,,67620,7,,,0
22019,'1959',849,,72006,7,,,0,93,,72007,7,,,0,100,,72001,7,,,0,100,,72005,7,,,0,100,,72002,7,,,0,100,,72003,7,,,0,100,,72000,7,,,0,100,,72004,7,,,0,100,,67632,7,,,0
22019,'1967',845,,62172,7,,,0,72,,62173,7,,,0,30,,62174,7,,,0,70,,62175,7,,,0,30,,62176,7,,,0,70,,62177,7,,,0,30,,62178,7,,,0,70,,62179,7,,,0,31,,62180,7,,,0,70,,62181,7,,,0,30,,62182,7,,,0,70,,62183,7,,,0,31,,62184,7,,,0,70,,62185,7,,,0,30,,62186,7,,,0,70,,62187,7,,,0,29,,62188,7,,,0,70,,62189,7,,,0
22019,'1969',849,,71974,7,,,0,93,,71975,7,,,0,100,,71969,7,,,0,100,,71973,7,,,0,100,,71970,7,,,0,100,,71971,7,,,0,100,,71968,7,,,0,100,,71972,7,,,0,100,,67644,7,,,0
22019,'1976',751,,74520,7,,,0,70,,74521,7,,,0,32,,74522,7,,,0,70,,71983,7,,,0,30,,71984,7,,,0,70,,74523,7,,,0,30,,71986,7,,,0,70,,71987,7,,,0,30,,71988,7,,,0,70,,71989,7,,,0,30,,71990,7,,,0,70,,71991,7,,,0,30,,71992,7,,,0,70,,74524,7,,,0,31,,74525,7,,,0,69,,74526,7,,,0,29,,74535,7,,,0,70,,74527,7,,,0,30,,74528,7,,,0,68,,74529,7,,,0,29,,74530,7,,,0,69,,74531,7,,,0,30,,74532,7,,,0,70,,74533,7,,,0,30,,71997,7,,,0,69,,74534,7,,,0,30,,71998,7,,,0
22019,'1977',751,,75743,7,,,0,70,,75744,7,,,0,32,,75745,7,,,0,70,,75746,7,,,0,30,,75747,7,,,0,70,,75748,7,,,0,30,,75749,7,,,0,70,,75750,7,,,0,30,,75751,7,,,0,70,,75752,7,,,0,30,,75753,7,,,0,70,,75754,7,,,0,30,,75755,7,,,0,70,,75756,7,,,0,31,,75757,7,,,0,69,,75758,7,,,0,29,,75770,7,,,0,70,,75759,7,,,0,30,,75760,7,,,0,68,,75761,7,,,0,29,,75762,7,,,0,69,,75763,7,,,0,30,,75764,7,,,0,70,,75765,7,,,0,30,,75766,7,,,0,69,,75767,7,,,0,30,,75768,7,,,0
801019,'1912',748,,69897,4,0,12,0,70,,73475,4,0,12,0,30,,69901,4,0,12,0,70,,69890,4,0,12,0,30,,73474,4,0,12,0,70,,69895,4,0,12,0,30,,69908,4,0,12,0,70,,69899,4,0,12,0,30,,69896,4,0,12,0,70,,69905,4,0,12,0,30,,69891,4,0,12,0,70,,69902,4,0,12,0,30,,69904,4,0,12,0,70,,69900,4,0,12,0,30,,69887,4,0,12,0,70,,69906,4,0,12,0,30,,69892,4,0,12,0,70,,69888,4,0,12,0,30,,69903,4,0,12,0,70,,69886,4,0,12,0,30,,69889,4,0,12,0,70,,69907,4,0,12,0,30,,69884,4,0,12,0,71,,69894,4,0,12,0,30,,69909,4,0,12,0,70,,69898,4,0,12,0
801019,'1959',748,,69923,4,0,12,0,70,,73517,4,0,12,0,30,,69927,4,0,12,0,70,,69916,4,0,12,0,30,,73516,4,0,12,0,70,,69921,4,0,12,0,30,,69934,4,0,12,0,70,,69925,4,0,12,0,30,,69922,4,0,12,0,70,,69931,4,0,12,0,30,,69917,4,0,12,0,70,,69928,4,0,12,0,30,,69930,4,0,12,0,70,,69926,4,0,12,0,30,,69913,4,0,12,0,70,,69932,4,0,12,0,30,,69918,4,0,12,0,70,,69914,4,0,12,0,30,,69929,4,0,12,0,70,,69912,4,0,12,0,30,,69915,4,0,12,0,70,,69933,4,0,12,0,30,,69910,4,0,12,0,71,,69920,4,0,12,0,30,,69935,4,0,12,0,70,,69924,4,0,12,0
801019,'1967',749,,75029,4,0,12,0,70,,69861,4,0,12,0,30,,73502,4,0,12,0,70,,73500,4,0,12,0,30,,69858,4,0,12,0,70,,73509,4,0,12,0,30,,73510,4,0,12,0,70,,73513,4,0,12,0,30,,69867,4,0,12,0,70,,73508,4,0,12,0,30,,69874,4,0,12,0,70,,73512,4,0,12,0,30,,73505,4,0,12,0,70,,73514,4,0,12,0,30,,69872,4,0,12,0,70,,73506,4,0,12,0,30,,69868,4,0,12,0,70,,73515,4,0,12,0,30,,69866,4,0,12,0,70,,73507,4,0,12,0,30,,69871,4,0,12,0,70,,73511,4,0,12,0,30,,69870,4,0,12,0,70,,69863,4,0,12,0,30,,73503,4,0,12,0,70,,75030,4,0,12,0
801019,'1969',748,,69949,4,0,12,0,70,,73477,4,0,12,0,30,,69953,4,0,12,0,70,,69942,4,0,12,0,30,,73476,4,0,12,0,70,,69947,4,0,12,0,30,,69960,4,0,12,0,70,,69951,4,0,12,0,30,,69948,4,0,12,0,70,,69957,4,0,12,0,30,,69943,4,0,12,0,70,,69954,4,0,12,0,30,,69956,4,0,12,0,70,,69952,4,0,12,0,30,,69939,4,0,12,0,70,,69958,4,0,12,0,30,,69944,4,0,12,0,70,,69940,4,0,12,0,30,,69955,4,0,12,0,70,,69938,4,0,12,0,30,,69941,4,0,12,0,70,,69959,4,0,12,0,30,,69936,4,0,12,0,71,,69946,4,0,12,0,30,,69961,4,0,12,0,70,,69950,4,0,12,0
801019,'1976',554,,75027,4,0,12,0,70,,75024,4,0,12,0,20,,73492,4,0,12,0,65,,73491,4,0,12,0,16,,65487,4,0,12,0,18,,73490,4,0,12,0,60,,65486,4,0,12,0,20,,73496,4,0,12,0,25,,73478,4,0,12,0,70,,73479,4,0,12,0,30,,75015,4,0,12,0,70,,69984,4,0,12,0,30,,73481,4,0,12,0,70,,75016,4,0,12,0,30,,75017,4,0,12,0,69,,73483,4,0,12,0,31,,73484,4,0,12,0,70,,75018,4,0,12,0,30,,69991,4,0,12,0,70,,73486,4,0,12,0,31,,73493,4,0,12,0,70,,75025,4,0,12,0,25,,69993,4,0,12,0,60,,75019,4,0,12,0,20,,70008,4,0,12,0,20,,69995,4,0,12,0,60,,69996,4,0,12,0,22,,75026,4,0,12,0,18,,75020,4,0,12,0,60,,75028,4,0,12,0,15,,75023,4,0,12,0,30,,69998,4,0,12,0,70,,75021,4,0,12,0,30,,75022,4,0,12,0,70,,70001,4,0,12,0
801019,'1977',554,,76460,4,0,12,0,70,,76455,4,0,12,0,20,,76452,4,0,12,0,65,,76449,4,0,12,0,16,,76451,4,0,12,0,18,,76448,4,0,12,0,60,,76450,4,0,12,0,20,,76456,4,0,12,0,25,,76427,4,0,12,0,70,,76428,4,0,12,0,30,,76429,4,0,12,0,70,,76430,4,0,12,0,30,,76431,4,0,12,0,70,,76432,4,0,12,0,30,,76433,4,0,12,0,69,,76434,4,0,12,0,31,,76435,4,0,12,0,70,,76436,4,0,12,0,30,,76437,4,0,12,0,70,,76438,4,0,12,0,31,,76453,4,0,12,0,70,,76457,4,0,12,0,25,,76439,4,0,12,0,60,,76440,4,0,12,0,20,,76458,4,0,12,0,20,,76441,4,0,12,0,60,,76442,4,0,12,0,22,,76459,4,0,12,0,18,,76443,4,0,12,0,60,,76461,4,0,12,0,15,,76454,4,0,12,0,30,,76444,4,0,12,0,70,,76445,4,0,12,0,30,,76446,4,0,12,0,70,,76447,4,0,12,0
