7019,'1897',521,,49106,12,4,,0
502019,'1838',649,,52517,12,4,,0,70,,52516,12,4,,0,30,,52518,12,4,,0,70,,52520,12,4,,0,32,,39097,12,4,,0,70,,52519,12,4,,0,30,,39099,12,4,,0,72,,46230,12,4,,0,30,,39094,12,4,,0,70,,46229,12,4,,0,30,,39089,12,4,,0,71,,46228,12,4,,0,30,,46220,12,4,,0,70,,46226,12,4,,0,30,,39090,12,4,,0,70,,46227,12,4,,0,30,,39093,12,4,,0,70,,46225,12,4,,0,30,,39087,12,4,,0,70,,46224,12,4,,0,30,,39091,12,4,,0,69,,46223,12,4,,0,30,,39088,12,4,,0,69,,46222,12,4,,0,30,,39101,12,4,,0,70,,46221,12,4,,0,30,,43617,12,4,,0,68,,39105,12,4,,0,30,,39095,12,4,,0,70,,39118,12,4,,0,30,,39104,12,4,,0,70,,39119,12,4,,0,30,,39098,12,4,,0,68,,39120,12,4,,0,30,,39096,12,4,,0
502019,'1897',619,,50502,12,4,,0,30,,50503,12,4,,0,65,,50543,12,4,,0,10,,50504,12,4,,0,28,,50505,12,4,,0,65,,50506,12,4,,0,12,,50507,12,4,,0,24,,50508,12,4,,0,64,,50509,12,4,,0,12,,50510,12,4,,0,24,,50511,12,4,,0,72,,50512,12,4,,0,30,,50513,12,4,,0,70,,50514,12,4,,0,30,,50515,12,4,,0,71,,50516,12,4,,0,30,,50517,12,4,,0,70,,50518,12,4,,0,30,,50519,12,4,,0,70,,50520,12,4,,0,77,,50521,12,4,,0,30,,50522,12,4,,0,70,,50523,12,4,,0,28,,50524,12,4,,0,24,,50525,12,4,,0,52,,50526,12,4,,0,21,,50527,12,4,,0,5,,50544,12,4,,0,15,,50528,12,4,,0,52,,50529,12,4,,0,24,,50530,12,4,,0,22,,50531,12,4,,0,12,,50532,12,4,,0,64,,50533,12,4,,0,30,,50534,12,4,,0,69,,50535,12,4,,0,30,,50536,12,4,,0,70,,50537,12,4,,0,30,,50538,12,4,,0,70,,50539,12,4,,0,30,,50540,12,4,,0,69,,50541,12,4,,0,30,,50542,12,4,,0
502019,'1898',649,,50552,12,4,,0,70,,50559,12,4,,0,30,,50551,12,4,,0,70,,50560,12,4,,0,32,,50550,12,4,,0,70,,50561,12,4,,0,30,,50549,12,4,,0,72,,50562,12,4,,0,30,,50570,12,4,,0,70,,50563,12,4,,0,30,,50571,12,4,,0,71,,50564,12,4,,0,30,,50572,12,4,,0,70,,50565,12,4,,0,30,,50573,12,4,,0,71,,50566,12,4,,0,30,,50574,12,4,,0,70,,50567,12,4,,0,30,,50575,12,4,,0,69,,50568,12,4,,0,30,,50576,12,4,,0,69,,50569,12,4,,0,30,,50577,12,4,,0,69,,50553,12,4,,0,30,,50578,12,4,,0,70,,50555,12,4,,0,98,,50554,12,4,,0,30,,50548,12,4,,0,70,,50556,12,4,,0,30,,50547,12,4,,0,70,,50557,12,4,,0,30,,50546,12,4,,0,70,,50558,12,4,,0,30,,50545,12,4,,0
502019,'1899',649,,52535,12,4,,0,70,,52521,12,4,,0,30,,52538,12,4,,0,70,,52552,12,4,,0,32,,52532,12,4,,0,70,,52551,12,4,,0,30,,52534,12,4,,0,72,,52550,12,4,,0,30,,52529,12,4,,0,70,,52549,12,4,,0,30,,52524,12,4,,0,71,,52548,12,4,,0,30,,52527,12,4,,0,70,,52546,12,4,,0,30,,52525,12,4,,0,70,,52547,12,4,,0,30,,52528,12,4,,0,70,,52545,12,4,,0,30,,52522,12,4,,0,70,,52544,12,4,,0,30,,52526,12,4,,0,69,,52543,12,4,,0,30,,52523,12,4,,0,69,,52542,12,4,,0,30,,52536,12,4,,0,70,,52541,12,4,,0,30,,52537,12,4,,0,68,,52540,12,4,,0,30,,52530,12,4,,0,70,,52553,12,4,,0,30,,52539,12,4,,0,70,,52554,12,4,,0,30,,52533,12,4,,0,68,,52555,12,4,,0,30,,52531,12,4,,0
502029,'1838',602,,52558,1,,,0,28,,52556,1,,,0,25,,52557,1,,,0,70,,52560,1,,,0,30,,39296,1,,,0,70,,52559,1,,,0,30,,39294,1,,,0,70,,46384,1,,,0,30,,39283,1,,,0,70,,46383,1,,,0,15,,52565,1,,,0,15,,39284,1,,,0,55,,52566,1,,,0,15,,46382,1,,,0,15,,52568,1,,,0,15,,46374,1,,,0,55,,46389,1,,,0,15,,46381,1,,,0,15,,52563,1,,,0,15,,39286,1,,,0,55,,46393,1,,,0,15,,46380,1,,,0,15,,52567,1,,,0,15,,39287,1,,,0,55,,46397,1,,,0,15,,46379,1,,,0,15,,52561,1,,,0,15,,39288,1,,,0,55,,46390,1,,,0,15,,46378,1,,,0,15,,52564,1,,,0,15,,39289,1,,,0,55,,46394,1,,,0,15,,46377,1,,,0,15,,52569,1,,,0,15,,39290,1,,,0,55,,46387,1,,,0,15,,46376,1,,,0,15,,52562,1,,,0,15,,39299,1,,,0,70,,46375,1,,,0,30,,43630,1,,,0,70,,39304,1,,,0,30,,39292,1,,,0,70,,39303,1,,,0,30,,39293,1,,,0,70,,39301,1,,,0,30,,39298,1,,,0,70,,39302,1,,,0,30,,39295,1,,,0
502029,'1897',525,,50592,1,,,0,15,,50593,1,,,0,15,,50594,1,,,0,55,,50595,1,,,0,7,,50596,1,,,0,8,,50597,1,,,0,15,,50598,1,,,0,12,,50599,1,,,0,52,,50600,1,,,0,12,,50601,1,,,0,6,,50602,1,,,0,6,,50603,1,,,0,12,,50604,1,,,0,6,,50605,1,,,0,6,,50606,1,,,0,52,,50607,1,,,0,12,,50608,1,,,0,12,,50609,1,,,0,12,,50610,1,,,0,15,,50611,1,,,0,55,,50612,1,,,0,15,,50613,1,,,0,15,,50614,1,,,0,15,,50615,1,,,0,55,,50616,1,,,0,15,,50617,1,,,0,15,,50618,1,,,0,15,,50619,1,,,0,55,,50620,1,,,0,15,,50621,1,,,0,15,,50622,1,,,0,15,,50623,1,,,0,55,,50624,1,,,0,15,,50625,1,,,0,15,,50626,1,,,0,15,,50627,1,,,0,55,,50628,1,,,0,15,,50629,1,,,0,15,,50630,1,,,0,15,,50631,1,,,0,55,,50632,1,,,0,15,,50633,1,,,0,15,,50634,1,,,0,15,,50635,1,,,0,55,,50636,1,,,0,12,,50637,1,,,0,12,,50638,1,,,0,12,,50639,1,,,0,12,,50640,1,,,0,52,,50641,1,,,0,12,,50642,1,,,0,12,,50643,1,,,0,12,,50644,1,,,0,12,,50645,1,,,0,52,,50646,1,,,0,12,,50647,1,,,0,12,,50648,1,,,0,12,,50649,1,,,0,12,,50650,1,,,0,52,,50651,1,,,0,15,,50652,1,,,0,15,,50662,1,,,0,15,,50653,1,,,0,70,,50654,1,,,0,30,,50655,1,,,0,70,,50656,1,,,0,30,,50657,1,,,0,70,,50658,1,,,0,30,,50659,1,,,0,70,,50660,1,,,0,30,,50661,1,,,0
502029,'1898',600,,50670,1,,,0,15,,50716,1,,,0,15,,50677,1,,,0,70,,50669,1,,,0,30,,50678,1,,,0,25,,50668,1,,,0,70,,50679,1,,,0,30,,50667,1,,,0,70,,50680,1,,,0,15,,50681,1,,,0,15,,50707,1,,,0,55,,50690,1,,,0,15,,50699,1,,,0,15,,50682,1,,,0,15,,50708,1,,,0,55,,50691,1,,,0,15,,50700,1,,,0,15,,50683,1,,,0,15,,50709,1,,,0,55,,50692,1,,,0,15,,50701,1,,,0,15,,50684,1,,,0,15,,50710,1,,,0,55,,50693,1,,,0,15,,50702,1,,,0,15,,50685,1,,,0,15,,50711,1,,,0,55,,50694,1,,,0,15,,50703,1,,,0,15,,50686,1,,,0,15,,50712,1,,,0,55,,50695,1,,,0,15,,50704,1,,,0,15,,50687,1,,,0,15,,50713,1,,,0,55,,50696,1,,,0,15,,50705,1,,,0,15,,50688,1,,,0,15,,50714,1,,,0,55,,50697,1,,,0,15,,50672,1,,,0,15,,50689,1,,,0,15,,50706,1,,,0,55,,50698,1,,,0,15,,50673,1,,,0,15,,50715,1,,,0,85,,50674,1,,,0,30,,50666,1,,,0,70,,50675,1,,,0,30,,50665,1,,,0,70,,50671,1,,,0,30,,50664,1,,,0,70,,50676,1,,,0,30,,50663,1,,,0
502029,'1899',602,,52588,1,,,0,28,,52570,1,,,0,25,,52579,1,,,0,70,,52604,1,,,0,30,,52584,1,,,0,70,,52603,1,,,0,30,,52582,1,,,0,70,,52602,1,,,0,30,,52571,1,,,0,70,,52601,1,,,0,15,,52613,1,,,0,15,,52572,1,,,0,55,,52615,1,,,0,15,,52600,1,,,0,15,,52618,1,,,0,15,,52573,1,,,0,55,,52607,1,,,0,15,,52599,1,,,0,15,,52610,1,,,0,15,,52574,1,,,0,55,,52612,1,,,0,15,,52598,1,,,0,15,,52616,1,,,0,15,,52575,1,,,0,55,,52617,1,,,0,15,,52597,1,,,0,15,,52606,1,,,0,15,,52576,1,,,0,55,,52609,1,,,0,15,,52596,1,,,0,15,,52611,1,,,0,15,,52577,1,,,0,55,,52614,1,,,0,15,,52595,1,,,0,15,,52619,1,,,0,15,,52578,1,,,0,55,,52605,1,,,0,15,,52594,1,,,0,15,,52608,1,,,0,15,,52587,1,,,0,70,,52593,1,,,0,30,,52585,1,,,0,70,,52592,1,,,0,30,,52580,1,,,0,70,,52591,1,,,0,30,,52581,1,,,0,70,,52589,1,,,0,30,,52586,1,,,0,70,,52590,1,,,0,30,,52583,1,,,0
10019019,'1897',643,,51463,15,4,,0,70,,51460,15,4,,0
14000001029,'1838',605,,52991,47,4,,0
14000001029,'1897',508,,51514,47,4,,0,102,,51515,47,4,,0
14000001029,'1898',605,,51526,47,4,,0
14000001029,'1899',605,,52997,47,4,,0
