4029,'1912',724,,70787,7,,,0,30,,60008,7,,,0,70,,70786,7,,,0,30,,70788,7,,,0,71,,60005,7,,,0,30,,70779,7,,,0,69,,70782,7,,,0,30,,70767,7,,,0,70,,70772,7,,,0,30,,70775,7,,,0,68,,70778,7,,,0,30,,70780,7,,,0,70,,70768,7,,,0,30,,70771,7,,,0,70,,70774,7,,,0,30,,70777,7,,,0,70,,70781,7,,,0,30,,70769,7,,,0,70,,70770,7,,,0,30,,70773,7,,,0,70,,70776,7,,,0,30,,66240,7,,,0,70,,70791,7,,,0,33,,70792,7,,,0,70,,70790,7,,,0,30,,70785,7,,,0,70,,70789,7,,,0,30,,70783,7,,,0,100,,70784,7,,,0
4029,'1959',724,,70894,7,,,0,30,,60037,7,,,0,70,,70893,7,,,0,30,,70895,7,,,0,71,,60034,7,,,0,30,,70886,7,,,0,69,,70889,7,,,0,30,,70874,7,,,0,70,,70879,7,,,0,30,,70882,7,,,0,68,,70885,7,,,0,30,,70887,7,,,0,70,,70875,7,,,0,30,,70878,7,,,0,70,,70881,7,,,0,30,,70884,7,,,0,70,,70888,7,,,0,30,,70876,7,,,0,70,,70877,7,,,0,30,,70880,7,,,0,70,,70883,7,,,0,30,,66267,7,,,0,70,,70898,7,,,0,33,,70899,7,,,0,70,,70897,7,,,0,30,,70892,7,,,0,70,,70896,7,,,0,30,,70890,7,,,0,100,,70891,7,,,0
4029,'1965',624,,70819,7,,,0,103,,70821,7,,,0,100,,70823,7,,,0,24,,59926,7,,,0,201,,66313,7,,,0,70,,70827,7,,,0,30,,70828,7,,,0,70,,70829,7,,,0,30,,70830,7,,,0,70,,66314,7,,,0,100,,70832,7,,,0,100,,70834,7,,,0,36,,66317,7,,,0,64,,66318,7,,,0,36,,70835,7,,,0,64,,59943,7,,,0,36,,59944,7,,,0,67,,70836,7,,,0,199,,70840,7,,,0,100,,66322,7,,,0,30,,70842,7,,,0
4029,'1966',626,,59977,7,,,0,128,,70869,7,,,0,70,,70870,7,,,0,100,,70872,7,,,0,30,,70860,7,,,0,68,,70854,7,,,0,30,,70847,7,,,0,70,,70858,7,,,0,30,,70864,7,,,0,70,,70859,7,,,0,30,,70846,7,,,0,70,,70851,7,,,0,30,,70862,7,,,0,70,,70845,7,,,0,30,,70861,7,,,0,70,,70856,7,,,0,30,,70848,7,,,0,70,,70843,7,,,0,30,,70863,7,,,0,70,,70866,7,,,0,30,,70857,7,,,0,70,,70852,7,,,0,30,,70873,7,,,0,102,,70844,7,,,0,101,,70855,7,,,0,100,,70853,7,,,0
4029,'1967',654,,70867,7,,,0,70,,70868,7,,,0,130,,70871,7,,,0,1070,,70849,7,,,0,101,,70850,7,,,0,100,,70865,7,,,0
4029,'1969',724,,70813,7,,,0,30,,60066,7,,,0,70,,70812,7,,,0,30,,70814,7,,,0,71,,60063,7,,,0,30,,70805,7,,,0,69,,70808,7,,,0,30,,70793,7,,,0,70,,70798,7,,,0,30,,70801,7,,,0,68,,70804,7,,,0,30,,70806,7,,,0,70,,70794,7,,,0,30,,70797,7,,,0,70,,70800,7,,,0,30,,70803,7,,,0,70,,70807,7,,,0,30,,70795,7,,,0,70,,70796,7,,,0,30,,70799,7,,,0,70,,70802,7,,,0,30,,66294,7,,,0,70,,70817,7,,,0,33,,70818,7,,,0,70,,70816,7,,,0,30,,70811,7,,,0,70,,70815,7,,,0,30,,70809,7,,,0,100,,70810,7,,,0
4029,'1970',654,,74183,7,,,0,97,,74184,7,,,0,171,,74185,7,,,0,30,,74186,7,,,0,70,,74187,7,,,0,330,,74188,7,,,0,105,,74189,7,,,0,397,,74190,7,,,0,70,,74191,7,,,0,30,,74192,7,,,0,100,,74193,7,,,0
4029,'1971',626,,74215,7,,,0,128,,74216,7,,,0,70,,74217,7,,,0,100,,74218,7,,,0,30,,74209,7,,,0,68,,74203,7,,,0,30,,74198,7,,,0,70,,74207,7,,,0,30,,74213,7,,,0,70,,74208,7,,,0,30,,74197,7,,,0,70,,74200,7,,,0,30,,74211,7,,,0,70,,74196,7,,,0,30,,74210,7,,,0,70,,74205,7,,,0,30,,74199,7,,,0,70,,74194,7,,,0,30,,74212,7,,,0,70,,74214,7,,,0,30,,74206,7,,,0,70,,74201,7,,,0,30,,74219,7,,,0,102,,74195,7,,,0,101,,74204,7,,,0,100,,74202,7,,,0
501019,'1912',612,,62927,5,,,0,30,,72182,5,,,0,67,,62926,5,,,0,30,,72181,5,,,0,70,,62929,5,,,0,30,,72183,5,,,0,70,,72180,5,,,0,30,,67874,5,,,0,70,,72174,5,,,0,30,,67866,5,,,0,72,,72173,5,,,0,30,,67867,5,,,0,70,,72176,5,,,0,30,,67868,5,,,0,70,,72172,5,,,0,30,,67873,5,,,0,70,,72171,5,,,0,30,,67872,5,,,0,70,,72170,5,,,0,30,,67869,5,,,0,70,,72169,5,,,0,30,,67871,5,,,0,70,,72175,5,,,0,30,,67870,5,,,0,69,,72179,5,,,0,30,,67878,5,,,0,70,,72178,5,,,0,30,,67881,5,,,0,69,,72177,5,,,0,30,,67853,5,,,0,70,,62923,5,,,0,30,,67879,5,,,0,70,,62922,5,,,0,30,,67880,5,,,0,70,,62921,5,,,0
501019,'1959',612,,62962,5,,,0,30,,72266,5,,,0,67,,62961,5,,,0,30,,72265,5,,,0,70,,62964,5,,,0,30,,72267,5,,,0,70,,72264,5,,,0,30,,67903,5,,,0,70,,72258,5,,,0,30,,67895,5,,,0,72,,72257,5,,,0,30,,67896,5,,,0,70,,72260,5,,,0,30,,67897,5,,,0,70,,72256,5,,,0,30,,67902,5,,,0,70,,72255,5,,,0,30,,67901,5,,,0,70,,72254,5,,,0,30,,67898,5,,,0,70,,72253,5,,,0,30,,67900,5,,,0,70,,72259,5,,,0,30,,67899,5,,,0,69,,72263,5,,,0,30,,67907,5,,,0,70,,72262,5,,,0,30,,67910,5,,,0,69,,72261,5,,,0,30,,67882,5,,,0,70,,62958,5,,,0,30,,67908,5,,,0,70,,62957,5,,,0,30,,67909,5,,,0,70,,62956,5,,,0
501019,'1965',609,,62836,5,,,0,30,,72199,5,,,0,76,,62838,5,,,0,24,,72200,5,,,0,76,,72202,5,,,0,24,,72203,5,,,0,103,,67965,5,,,0,70,,72206,5,,,0,30,,72207,5,,,0,70,,72208,5,,,0,30,,72209,5,,,0,70,,67966,5,,,0,100,,72211,5,,,0,30,,72212,5,,,0,70,,72213,5,,,0,26,,67968,5,,,0,12,,72214,5,,,0,62,,72215,5,,,0,24,,72216,5,,,0,12,,72217,5,,,0,64,,72218,5,,,0,24,,72219,5,,,0,12,,62862,5,,,0,87,,67974,5,,,0,12,,72221,5,,,0,94,,67977,5,,,0,70,,72222,5,,,0,99,,62870,5,,,0,30,,72223,5,,,0,69,,67980,5,,,0,30,,72224,5,,,0,70,,67982,5,,,0,30,,72225,5,,,0,70,,62876,5,,,0
501019,'1966',642,,72233,5,,,0,267,,72227,5,,,0,102,,72237,5,,,0,31,,72247,5,,,0,70,,72238,5,,,0,30,,72248,5,,,0,70,,72239,5,,,0,30,,72249,5,,,0,70,,72240,5,,,0,30,,72250,5,,,0,70,,72241,5,,,0,30,,72251,5,,,0,70,,72242,5,,,0,30,,72252,5,,,0,70,,72243,5,,,0,30,,72245,5,,,0,70,,72244,5,,,0,30,,72246,5,,,0,70,,72226,5,,,0,29,,72236,5,,,0,98,,72234,5,,,0,100,,72235,5,,,0
501019,'1967',612,,72230,5,,,0,97,,72229,5,,,0,30,,72232,5,,,0,70,,72228,5,,,0,30,,67831,5,,,0,100,,72231,5,,,0,970,,62881,5,,,0,100,,62880,5,,,0,100,,62879,5,,,0,30,,67832,5,,,0,70,,62878,5,,,0,30,,67833,5,,,0,70,,62877,5,,,0
501019,'1969',612,,62997,5,,,0,30,,72197,5,,,0,67,,62996,5,,,0,30,,72196,5,,,0,70,,62999,5,,,0,30,,72198,5,,,0,70,,72195,5,,,0,30,,67932,5,,,0,70,,72189,5,,,0,30,,67924,5,,,0,72,,72188,5,,,0,30,,67925,5,,,0,70,,72191,5,,,0,30,,67926,5,,,0,70,,72187,5,,,0,30,,67931,5,,,0,70,,72186,5,,,0,30,,67930,5,,,0,70,,72185,5,,,0,30,,67927,5,,,0,70,,72184,5,,,0,30,,67929,5,,,0,70,,72190,5,,,0,30,,67928,5,,,0,69,,72194,5,,,0,30,,67936,5,,,0,70,,72193,5,,,0,30,,67939,5,,,0,69,,72192,5,,,0,30,,67911,5,,,0,70,,62993,5,,,0,30,,67937,5,,,0,70,,62992,5,,,0,30,,67938,5,,,0,70,,62991,5,,,0
501019,'1970',803,,74801,5,,,0,98,,74802,5,,,0,11,,74803,5,,,0,330,,74804,5,,,0,470,,74805,5,,,0,101,,74806,5,,,0,127,,74807,5,,,0
501019,'1971',642,,74810,5,,,0,267,,74809,5,,,0,102,,74814,5,,,0,31,,74824,5,,,0,70,,74815,5,,,0,30,,74825,5,,,0,70,,74816,5,,,0,30,,74826,5,,,0,70,,74817,5,,,0,30,,74827,5,,,0,70,,74818,5,,,0,30,,74828,5,,,0,70,,74819,5,,,0,30,,74829,5,,,0,70,,74820,5,,,0,30,,74822,5,,,0,70,,74821,5,,,0,30,,74823,5,,,0,70,,74808,5,,,0,29,,74813,5,,,0,98,,74811,5,,,0,100,,74812,5,,,0
14000001019,'1912',2400,,65844,9,,,0,30,,70196,9,,,0,70,,75054,9,,,0,30,,65845,9,,,0,70,,70197,9,,,0
14000001019,'1959',2400,,65849,9,,,0,30,,70198,9,,,0,100,,65850,9,,,0,70,,70199,9,,,0
14000001019,'1965',2400,,65835,9,,,0,30,,73580,9,,,0,100,,65834,9,,,0,70,,73582,9,,,0
14000001019,'1966',2500,,73584,9,,,0
14000001019,'1967',2400,,65840,9,,,0,30,,73583,9,,,0,100,,65838,9,,,0,70,,73585,9,,,0
14000001019,'1968',2500,,73579,9,,,0
14000001019,'1969',2400,,65854,9,,,0,30,,70200,9,,,0,100,,65855,9,,,0,70,,70201,9,,,0
14000001019,'1970',2500,,75055,9,,,0
14000001019,'1971',2500,,75056,9,,,0
14000001019,'1972',2500,,75057,9,,,0
14000001019,'1973',2500,,75058,9,,,0
