2029,'1912',625,,74007,23,0,39 40,0,30,,74015,23,0,39 40,0,68,,74026,23,0,39 40,0,30,,74021,23,0,39 40,0,70,,74008,23,0,39 40,0,30,,74016,23,0,39 40,0,71,,74027,23,0,39 40,0,30,,74022,23,0,39 40,0,55,,66011,11,0,12,0,15,,74009,23,0,39 40,0,30,,74017,23,0,39 40,0,70,,74028,23,0,39 40,0,30,,74023,23,0,39 40,0,70,,74010,23,0,39 40,0,30,,74018,23,0,39 40,0,70,,74029,23,0,39 40,0,30,,74024,23,0,39 40,0,70,,74011,23,0,39 40,0,30,,74019,23,0,39 40,0,70,,74030,23,0,39 40,0,30,,74025,23,0,39 40,0,70,,74012,23,0,39 40,0,30,,74020,23,0,39 40,0,70,,74031,23,0,39 40,0,100,,74013,23,0,39 40,0,97,,74032,23,0,39 40,0,100,,74014,23,0,39 40,0,101,,74033,23,0,39 40,0,100,,74006,23,0,39 40,0
2029,'1959',1009,,66012,11,0,12,0
2029,'1966',555,,70594,22,0,39 40,0,70,,70577,22,0,39 40,0,30,,70584,22,0,39 40,0,68,,70563,22,0,39 40,0,30,,70569,22,0,39 40,0,70,,70578,22,0,39 40,0,30,,70585,22,0,39 40,0,71,,70564,22,0,39 40,0,30,,70570,22,0,39 40,0,70,,70579,22,0,39 40,0,30,,70586,22,0,39 40,0,70,,70565,22,0,39 40,0,30,,70571,22,0,39 40,0,70,,70580,22,0,39 40,0,30,,70587,22,0,39 40,0,70,,70566,22,0,39 40,0,30,,70572,22,0,39 40,0,70,,70581,22,0,39 40,0,30,,70588,22,0,39 40,0,70,,70567,22,0,39 40,0,30,,70573,22,0,39 40,0,70,,70582,22,0,39 40,0,30,,70589,22,0,39 40,0,70,,70568,22,0,39 40,0,30,,70574,22,0,39 40,0,70,,70583,22,0,39 40,0,30,,70590,22,0,39 40,0,69,,70575,22,0,39 40,0,100,,70591,22,0,39 40,0,100,,70576,22,0,39 40,0,100,,70592,22,0,39 40,0
2029,'1968',625,,70497,22,0,39 40,0,30,,70505,22,0,39 40,0,68,,70516,22,0,39 40,0,30,,70511,22,0,39 40,0,70,,70498,22,0,39 40,0,30,,70506,22,0,39 40,0,71,,70517,22,0,39 40,0,30,,70512,22,0,39 40,0,70,,70499,22,0,39 40,0,30,,70507,22,0,39 40,0,70,,70518,22,0,39 40,0,30,,70513,22,0,39 40,0,70,,70500,22,0,39 40,0,30,,70508,22,0,39 40,0,70,,70519,22,0,39 40,0,30,,70514,22,0,39 40,0,70,,70501,22,0,39 40,0,30,,70509,22,0,39 40,0,70,,70520,22,0,39 40,0,30,,70515,22,0,39 40,0,70,,70502,22,0,39 40,0,30,,70510,22,0,39 40,0,70,,70521,22,0,39 40,0,100,,70503,22,0,39 40,0,97,,70522,22,0,39 40,0,100,,70504,22,0,39 40,0,101,,70523,22,0,39 40,0,100,,70496,22,0,39 40,0
2029,'1969',1009,,66013,11,0,12,0
2029,'1970',529,,74055,11,0,39 40,0,25,,74038,23,0,39 40,0,70,,74039,23,0,39 40,0,27,,74040,23,0,39 40,0,72,,74041,23,0,39 40,0,28,,74042,23,0,39 40,0,70,,74043,23,0,39 40,0,30,,74044,23,0,39 40,0,71,,74045,23,0,39 40,0,30,,74046,23,0,39 40,0,70,,74069,23,0,39 40,0,30,,74065,23,0,39 40,0,70,,74071,23,0,39 40,0,30,,74067,23,0,39 40,0,70,,74068,23,0,39 40,0,30,,74064,23,0,39 40,0,70,,74070,23,0,39 40,0,30,,74066,23,0,39 40,0,70,,74072,23,0,39 40,0,32,,74047,23,0,39 40,0,74,,74048,23,0,39 40,0,30,,74049,23,0,39 40,0,70,,74050,23,0,39 40,0,30,,74051,23,0,39 40,0,70,,74052,23,0,39 40,0,28,,74053,23,0,39 40,0,67,,74054,23,0,39 40,0,30,,74058,23,0,39 40,0,70,,74059,23,0,39 40,0,100,,74060,23,0,39 40,0,100,,74061,23,0,39 40,0,100,,74057,23,0,39 40,0
2029,'1971',555,,74104,23,0,5 2 15 16 17,0,70,,74087,23,0,39 40,0,30,,74094,23,0,39 40,0,68,,74073,23,0,39 40,0,30,,74079,23,0,39 40,0,70,,74088,23,0,39 40,0,30,,74095,23,0,39 40,0,71,,74074,23,0,39 40,0,30,,74080,23,0,39 40,0,70,,74089,23,0,39 40,0,30,,74096,23,0,39 40,0,70,,74075,23,0,39 40,0,30,,74081,23,0,39 40,0,70,,74090,23,0,39 40,0,30,,74097,23,0,39 40,0,70,,74076,23,0,39 40,0,30,,74082,23,0,39 40,0,70,,74091,23,0,39 40,0,30,,74098,23,0,39 40,0,70,,74077,23,0,39 40,0,30,,74083,23,0,39 40,0,70,,74092,23,0,39 40,0,30,,74099,23,0,39 40,0,70,,74078,23,0,39 40,0,30,,74084,23,0,39 40,0,70,,74093,23,0,39 40,0,30,,74100,23,0,39 40,0,69,,74085,23,0,39 40,0,100,,74101,23,0,39 40,0,100,,74086,23,0,39 40,0,100,,74102,23,0,39 40,0
2029,'1972',625,,74108,23,0,39 40,0,30,,74116,23,0,39 40,0,68,,74127,23,0,39 40,0,30,,74122,23,0,39 40,0,70,,74109,23,0,39 40,0,30,,74117,23,0,39 40,0,71,,74128,23,0,39 40,0,30,,74123,23,0,39 40,0,70,,74110,23,0,39 40,0,30,,74118,23,0,39 40,0,70,,74129,23,0,39 40,0,30,,74124,23,0,39 40,0,70,,74111,23,0,39 40,0,30,,74119,23,0,39 40,0,70,,74130,23,0,39 40,0,30,,74125,23,0,39 40,0,70,,74112,23,0,39 40,0,30,,74120,23,0,39 40,0,70,,74131,23,0,39 40,0,30,,74126,23,0,39 40,0,70,,74113,23,0,39 40,0,30,,74121,23,0,39 40,0,70,,74132,23,0,39 40,0,100,,74114,23,0,39 40,0,97,,74133,23,0,39 40,0,100,,74115,23,0,39 40,0,101,,74134,23,0,39 40,0,100,,74107,23,0,39 40,0
2029,'1973',625,,74140,23,0,39 40,0,30,,74148,23,0,39 40,0,68,,74159,23,0,39 40,0,30,,74154,23,0,39 40,0,70,,74141,23,0,39 40,0,30,,74149,23,0,39 40,0,71,,74160,23,0,39 40,0,30,,74155,23,0,39 40,0,70,,74142,23,0,39 40,0,30,,74150,23,0,39 40,0,70,,74161,23,0,39 40,0,30,,74156,23,0,39 40,0,70,,74143,23,0,39 40,0,30,,74151,23,0,39 40,0,70,,74162,23,0,39 40,0,30,,74157,23,0,39 40,0,70,,74144,23,0,39 40,0,30,,74152,23,0,39 40,0,70,,74163,23,0,39 40,0,30,,74158,23,0,39 40,0,70,,74145,23,0,39 40,0,30,,74153,23,0,39 40,0,70,,74164,23,0,39 40,0,100,,74146,23,0,39 40,0,97,,74165,23,0,39 40,0,100,,74147,23,0,39 40,0,101,,74166,23,0,39 40,0,100,,74139,23,0,39 40,0
14000001029,'1912',537,,73589,11,0,18 7,0,1811,,70205,11,,,0,69,,75060,11,,,0,30,,65884,11,,,0,70,,70206,11,,,0,30,,75059,11,,,0,70,,65880,11,,,0
14000001029,'1959',537,,73605,11,0,18 7,0,1811,,70208,11,,,0,99,,65891,11,,,0,70,,70209,11,,,0,100,,65887,11,,,0
14000001029,'1965',435,,65864,11,0,18 7,0,102,,73593,11,0,18 7,0,1811,,73595,11,,,0,99,,65871,11,,,0,70,,73594,11,,,0,100,,65870,11,,,0
14000001029,'1966',537,,73600,11,0,18 7,0,1880,,73598,11,,,0,130,,73601,11,,,0
14000001029,'1967',2348,,73602,11,,,0,99,,65872,11,,,0,70,,73599,11,,,0,100,,65875,11,,,0
14000001029,'1968',2417,,73591,11,,,0,130,,73590,11,,,0
14000001029,'1969',537,,73592,11,0,18 7,0,1811,,70211,11,,,0,99,,65898,11,,,0,70,,70212,11,,,0,100,,65894,11,,,0
14000001029,'1970',2417,,75061,11,,,0,130,,75062,11,,,0
14000001029,'1971',537,,75064,11,0,18 7,0,1880,,75063,11,,,0,130,,75065,11,,,0
14000001029,'1972',2417,,75067,11,,,0,130,,75066,11,,,0
14000001029,'1973',2417,,75069,11,,,0,130,,75068,11,,,0
