11029,'1912',825,,67039,24,,,0,100,,67040,24,,,0,105,,67041,24,,,0,100,,67042,24,,,0,100,,67043,24,,,0,100,,67044,24,,,0,100,,67045,24,,,0,100,,67046,24,,,0,100,,67047,24,,,0,97,,67048,24,,,0,100,,67049,24,,,0,99,,67050,24,,,0,100,,61211,24,,,0
11029,'1959',825,,67051,24,,,0,100,,67052,24,,,0,105,,67053,24,,,0,100,,67054,24,,,0,100,,67055,24,,,0,100,,67056,24,,,0,100,,67057,24,,,0,100,,67058,24,,,0,100,,67059,24,,,0,97,,67060,24,,,0,100,,67061,24,,,0,99,,67062,24,,,0,100,,61224,24,,,0
11029,'1965',627,,67101,17,,,0,202,,61170,24,,,0,100,,71513,24,,,0,201,,71515,24,,,0,200,,71517,24,,,0,201,,71519,24,,,0,296,,71521,24,,,0,200,,71523,24,,,0,99,,71511,24,,,0
11029,'1966',826,,71524,24,,,0
11029,'1967',627,,71534,17,,,0,99,,67037,24,,,0,200,,71525,24,,,0,104,,71526,24,,,0,101,,71527,24,,,0,100,,71528,24,,,0,100,,71529,24,,,0,100,,71530,24,,,0,100,,71531,24,,,0,100,,71532,24,,,0,96,,67033,24,,,0,100,,67034,24,,,0,99,,67035,24,,,0,100,,71533,24,,,0
11029,'1969',825,,67063,24,,,0,100,,67064,24,,,0,105,,67065,24,,,0,100,,67066,24,,,0,100,,67067,24,,,0,100,,67068,24,,,0,100,,67069,24,,,0,100,,67070,24,,,0,100,,67071,24,,,0,97,,67072,24,,,0,100,,67073,24,,,0,99,,67074,24,,,0,100,,61237,24,,,0
11029,'1970',726,,74383,24,,,0,304,,74384,24,,,0,200,,74385,24,,,0,201,,74386,24,,,0,200,,74387,24,,,0,100,,74388,24,,,0,196,,74389,24,,,0
11029,'1971',826,,74390,24,,,0
31019,'1912',638,,74551,12,,,0,100,,74552,12,,,0,101,,74553,12,,,0,100,,74554,12,,,0,100,,74555,12,,,0,101,,74556,12,,,0,100,,74557,12,,,0,100,,74558,12,,,0,100,,74559,12,,,0,100,,74560,12,,,0,100,,74561,12,,,0,100,,74562,12,,,0,100,,74563,12,,,0,99,,74564,12,,,0,100,,74565,12,,,0,99,,74566,12,,,0,100,,74567,12,,,0,95,,74569,12,0,5 2 8 7,0
31019,'1965',741,,62420,12,,,0,70,,62403,12,,,0,130,,62395,12,,,0,70,,62408,12,,,0,30,,62419,12,,,0,170,,62413,12,,,0,30,,62394,12,,,0,70,,62409,12,,,0,130,,62398,12,,,0,101,,62396,12,,,0,100,,62417,12,,,0,298,,72076,12,,,0
31019,'1966',638,,72086,12,,,0,70,,72102,12,,,0,30,,72115,12,,,0,70,,72098,12,,,0,30,,72092,12,,,0,71,,72108,12,,,0,30,,72085,12,,,0,71,,72101,12,,,0,30,,72110,12,,,0,70,,72097,12,,,0,30,,72091,12,,,0,70,,72107,12,,,0,30,,72084,12,,,0,70,,72100,12,,,0,30,,72113,12,,,0,70,,72096,12,,,0,30,,72090,12,,,0,70,,72106,12,,,0,30,,72083,12,,,0,70,,72099,12,,,0,30,,72112,12,,,0,70,,72095,12,,,0,30,,72089,12,,,0,70,,72105,12,,,0,30,,72082,12,,,0,69,,72117,12,,,0,30,,72111,12,,,0,70,,72094,12,0,5 2 8 7,0,30,,72088,12,,,0,69,,72104,12,0,5 2 8 7,0,30,,72081,12,,,0,70,,72093,12,0,5 2 8 7,0,30,,72114,12,,,0,70,,72103,12,0,5 2 8 7,0,30,,72087,12,0,5 2 8 7,0
31019,'1968',638,,62504,12,,,0,100,,62505,12,,,0,101,,62506,12,,,0,100,,62507,12,,,0,100,,62508,12,,,0,101,,62509,12,,,0,100,,62510,12,,,0,100,,62511,12,,,0,100,,62512,12,,,0,100,,62513,12,,,0,100,,62514,12,,,0,100,,62515,12,,,0,100,,62516,12,,,0,99,,62517,12,,,0,100,,62518,12,,,0,99,,62519,12,,,0,100,,62520,12,,,0,95,,62522,12,0,5 2 8 7,0
31019,'1970',639,,74570,12,,,0,71,,74580,12,,,0,131,,74574,12,,,0,70,,74584,12,,,0,200,,74579,12,,,0,30,,74575,12,,,0,200,,74586,12,,,0,70,,74577,12,,,0,101,,74583,12,,,0,100,,74581,12,,,0,99,,74578,12,,,0,29,,74573,12,,,0,70,,74582,12,,,0,30,,74571,12,,,0,70,,74594,12,,,0,99,,74589,12,0,5 2 8 7,0,30,,74576,12,,,0,70,,74590,12,0,5 2 8 7,0,30,,74572,12,,,0,70,,74592,12,0,5 2 8 7,0,30,,74585,12,,,0,70,,74591,12,0,5 2 8 7,0,25,,74587,12,0,5 2 8 7,0
31019,'1971',638,,74600,12,,,0,70,,74616,12,,,0,30,,74629,12,,,0,70,,74612,12,,,0,30,,74606,12,,,0,71,,74622,12,,,0,30,,74599,12,,,0,71,,74615,12,,,0,30,,74624,12,,,0,70,,74611,12,,,0,30,,74605,12,,,0,70,,74621,12,,,0,30,,74598,12,,,0,70,,74614,12,,,0,30,,74627,12,,,0,70,,74610,12,,,0,30,,74604,12,,,0,70,,74620,12,,,0,30,,74597,12,,,0,70,,74613,12,,,0,30,,74626,12,,,0,70,,74609,12,,,0,30,,74603,12,,,0,70,,74619,12,,,0,30,,74596,12,,,0,69,,74631,12,,,0,30,,74625,12,,,0,70,,74608,12,0,5 2 8 7,0,30,,74602,12,,,0,69,,74618,12,0,5 2 8 7,0,30,,74595,12,,,0,70,,74607,12,0,5 2 8 7,0,30,,74628,12,,,0,70,,74617,12,0,5 2 8 7,0,30,,74601,12,0,5 2 8 7,0
31019,'1972',638,,74632,12,,,0,100,,74633,12,,,0,101,,74634,12,,,0,100,,74635,12,,,0,100,,74636,12,,,0,101,,74637,12,,,0,100,,74638,12,,,0,100,,74639,12,,,0,100,,74640,12,,,0,100,,74641,12,,,0,100,,74642,12,,,0,100,,74643,12,,,0,100,,74644,12,,,0,99,,74645,12,,,0,100,,74646,12,,,0,99,,74647,12,,,0,100,,74648,12,,,0,95,,74650,12,0,5 2 8 7,0
31019,'1973',638,,74651,12,,,0,100,,74652,12,,,0,101,,74653,12,,,0,100,,74654,12,,,0,100,,74655,12,,,0,101,,74656,12,,,0,100,,74657,12,,,0,100,,74658,12,,,0,100,,74659,12,,,0,100,,74660,12,,,0,100,,74661,12,,,0,100,,74662,12,,,0,100,,74663,12,,,0,99,,74664,12,,,0,100,,74665,12,,,0,99,,74666,12,,,0,100,,74667,12,,,0,95,,74669,12,0,5 2 8 7,0
