14019,'1909',532,,61431,23,,,0,501,,61417,23,,,0,999,,61427,23,,,0,92,,61428,23,,,0
14019,'1910',655,,67210,23,,,0,646,,67216,23,,,0,100,,67217,23,,,0,200,,67219,23,,,0,58,,67220,23,,,0,100,,67221,23,,,0,297,,67224,23,,,0,200,,61449,23,,,0
14019,'1912',656,,61463,23,,,0,100,,67238,23,,,0,100,,67227,23,,,0,100,,71631,23,,,0,100,,67229,23,,,0,103,,67230,23,,,0,100,,67231,23,,,0,141,,67232,23,,,0,100,,67233,23,,,0,100,,67234,23,,,0,59,,67235,23,,,0,100,,67236,23,,,0,100,,67237,23,,,0,99,,61451,23,,,0,145,,71630,23,,,0
14019,'1924',656,,61478,23,,,0,100,,67251,23,,,0,100,,67240,23,,,0,200,,67242,23,,,0,103,,67243,23,,,0,100,,67244,23,,,0,141,,67245,23,,,0,100,,67246,23,,,0,100,,67247,23,,,0,59,,67248,23,,,0,100,,67249,23,,,0,100,,67250,23,,,0,99,,61466,23,,,0
14019,'1925',656,,61493,23,,,0,100,,67264,23,,,0,100,,67253,23,,,0,100,,71633,23,,,0,100,,67255,23,,,0,103,,67256,23,,,0,100,,67257,23,,,0,141,,67258,23,,,0,100,,67259,23,,,0,100,,67260,23,,,0,59,,67261,23,,,0,100,,67262,23,,,0,100,,67263,23,,,0,99,,61481,23,,,0,145,,71632,23,,,0
14019,'1955',755,,67211,23,,,0,102,,67212,23,,,0,100,,67213,23,,,0,100,,67214,23,,,0,144,,67215,23,,,0,300,,67218,23,,,0,358,,67222,23,,,0,97,,67223,23,,,0,200,,67225,23,,,0
14019,'1956',956,,67241,23,,,0,1147,,67239,23,,,0
14019,'1957',632,,71660,23,,,0,81,,71634,23,,,0,30,,71647,23,,,0,68,,71635,23,,,0,22,,71648,23,,,0,71,,71636,23,,,0,29,,71649,23,,,0,70,,71637,23,,,0,100,,71638,23,,,0,30,,71650,23,,,0,70,,71639,23,,,0,30,,71651,23,,,0,70,,71640,23,,,0,30,,71652,23,,,0,70,,71641,23,,,0,31,,71653,23,,,0,72,,71642,23,,,0,30,,71654,23,,,0,80,,71643,23,,,0,30,,71655,23,,,0,68,,71644,23,,,0,30,,71656,23,,,0,70,,71645,23,,,0,19,,71657,23,,,0,70,,71646,23,,,0,30,,71658,23,,,0,69,,71661,23,,,0,222,,71659,23,,,0
14019,'1958',755,,71662,23,,,0,102,,71663,23,,,0,100,,71664,23,,,0,100,,71665,23,,,0,144,,71666,23,,,0,300,,71667,23,,,0,358,,71668,23,,,0,97,,71669,23,,,0,200,,71670,23,,,0
14019,'1959',956,,71672,23,,,0,1147,,71671,23,,,0
