801019,'1909',724,,65487,3,0,12,0,78,,65486,3,0,12,0
801019,'1910',818,,69861,3,0,12,0,130,,69858,3,0,12,0,200,,69867,3,0,12,0,100,,69874,3,0,12,0,200,,69872,3,0,12,0,100,,69868,3,0,12,0,100,,69866,3,0,12,0,100,,69871,3,0,12,0,100,,69870,3,0,12,0,70,,69863,3,0,12,0
801019,'1912',747,,69897,3,0,12,0,70,,73475,3,0,12,0,30,,69901,3,0,12,0,70,,69890,3,0,12,0,30,,73474,3,0,12,0,70,,69895,3,0,12,0,30,,69908,3,0,12,0,70,,69899,3,0,12,0,30,,69896,3,0,12,0,70,,69905,3,0,12,0,30,,69891,3,0,12,0,70,,69902,3,0,12,0,30,,69904,3,0,12,0,70,,69900,3,0,12,0,30,,69887,3,0,12,0,70,,69906,3,0,12,0,30,,69892,3,0,12,0,70,,69888,3,0,12,0,30,,69903,3,0,12,0,70,,69886,3,0,12,0,30,,69889,3,0,12,0,70,,69907,3,0,12,0,30,,69884,3,0,12,0,71,,69894,3,0,12,0,30,,69909,3,0,12,0,70,,69898,3,0,12,0
801019,'1924',747,,69923,3,0,12,0,100,,69927,3,0,12,0,70,,69916,3,0,12,0,100,,69921,3,0,12,0,30,,69934,3,0,12,0,70,,69925,3,0,12,0,30,,69922,3,0,12,0,70,,69931,3,0,12,0,30,,69917,3,0,12,0,70,,69928,3,0,12,0,30,,69930,3,0,12,0,70,,69926,3,0,12,0,30,,69913,3,0,12,0,70,,69932,3,0,12,0,30,,69918,3,0,12,0,70,,69914,3,0,12,0,30,,69929,3,0,12,0,70,,69912,3,0,12,0,30,,69915,3,0,12,0,70,,69933,3,0,12,0,30,,69910,3,0,12,0,71,,69920,3,0,12,0,30,,69935,3,0,12,0,70,,69924,3,0,12,0
801019,'1925',747,,69949,3,0,12,0,70,,73477,3,0,12,0,30,,69953,3,0,12,0,70,,69942,3,0,12,0,30,,73476,3,0,12,0,70,,69947,3,0,12,0,30,,69960,3,0,12,0,70,,69951,3,0,12,0,30,,69948,3,0,12,0,70,,69957,3,0,12,0,30,,69943,3,0,12,0,70,,69954,3,0,12,0,30,,69956,3,0,12,0,70,,69952,3,0,12,0,30,,69939,3,0,12,0,70,,69958,3,0,12,0,30,,69944,3,0,12,0,70,,69940,3,0,12,0,30,,69955,3,0,12,0,70,,69938,3,0,12,0,30,,69941,3,0,12,0,70,,69959,3,0,12,0,30,,69936,3,0,12,0,71,,69946,3,0,12,0,30,,69961,3,0,12,0,70,,69950,3,0,12,0
801019,'1949',553,,70009,3,0,12,0,464,,69984,3,0,12,0,100,,69986,3,0,12,0,230,,69991,3,0,12,0,196,,69993,3,0,12,0,80,,70008,3,0,12,0,20,,69995,3,0,12,0,60,,69996,3,0,12,0,145,,69998,3,0,12,0,70,,69999,3,0,12,0,100,,70001,3,0,12,0
801019,'1955',748,,69860,3,0,12,0,100,,69862,3,0,12,0,70,,69859,3,0,12,0,100,,69877,3,0,12,0,30,,69878,3,0,12,0,70,,69881,3,0,12,0,100,,69876,3,0,12,0,100,,69880,3,0,12,0,30,,69869,3,0,12,0,70,,69882,3,0,12,0,100,,69873,3,0,12,0,100,,69883,3,0,12,0,100,,69875,3,0,12,0,100,,69879,3,0,12,0,130,,69864,3,0,12,0,70,,69865,3,0,12,0
801019,'1956',817,,69919,3,0,12,0,130,,69911,3,0,12,0
801019,'1957',623,,73495,3,0,12,0,20,,73492,3,0,12,0,65,,73491,3,0,12,0,34,,73490,3,0,12,0,80,,73496,3,0,12,0,25,,73478,3,0,12,0,70,,73479,3,0,12,0,30,,73480,3,0,12,0,100,,73481,3,0,12,0,100,,73482,3,0,12,0,69,,73483,3,0,12,0,31,,73484,3,0,12,0,70,,73485,3,0,12,0,100,,73486,3,0,12,0,31,,73493,3,0,12,0,70,,73497,3,0,12,0,85,,73487,3,0,12,0,122,,73498,3,0,12,0,18,,73488,3,0,12,0,60,,73499,3,0,12,0,15,,73494,3,0,12,0,130,,73489,3,0,12,0
801019,'1958',748,,73501,3,0,12,0,100,,73502,3,0,12,0,70,,73500,3,0,12,0,100,,73509,3,0,12,0,30,,73510,3,0,12,0,70,,73513,3,0,12,0,100,,73508,3,0,12,0,100,,73512,3,0,12,0,30,,73505,3,0,12,0,70,,73514,3,0,12,0,100,,73506,3,0,12,0,100,,73515,3,0,12,0,100,,73507,3,0,12,0,100,,73511,3,0,12,0,130,,73503,3,0,12,0,70,,73504,3,0,12,0
801019,'1959',817,,73517,3,0,12,0,130,,73516,3,0,12,0
