11029,'1909',828,,61170,23,,,0
11029,'1910',725,,67037,23,,,0,1002,,67033,23,,,0,100,,67034,23,,,0,99,,67035,23,,,0
11029,'1912',825,,67039,23,,,0,100,,67040,23,,,0,105,,67041,23,,,0,100,,67042,23,,,0,100,,67043,23,,,0,100,,67044,23,,,0,100,,67045,23,,,0,100,,67046,23,,,0,100,,67047,23,,,0,97,,67048,23,,,0,100,,67049,23,,,0,99,,67050,23,,,0,100,,61211,23,,,0
11029,'1924',825,,67051,23,,,0,100,,67052,23,,,0,105,,67053,23,,,0,100,,67054,23,,,0,100,,67055,23,,,0,100,,67056,23,,,0,100,,67057,23,,,0,100,,67058,23,,,0,100,,67059,23,,,0,97,,67060,23,,,0,100,,67061,23,,,0,99,,67062,23,,,0,100,,61224,23,,,0
11029,'1925',825,,67063,23,,,0,100,,67064,23,,,0,105,,67065,23,,,0,100,,67066,23,,,0,100,,67067,23,,,0,100,,67068,23,,,0,100,,67069,23,,,0,100,,67070,23,,,0,100,,67071,23,,,0,97,,67072,23,,,0,100,,67073,23,,,0,99,,67074,23,,,0,100,,61237,23,,,0
11029,'1949',627,,67101,16,,,0,1103,,67097,23,,,0
11029,'1955',626,,67038,16,,,0,200,,67024,23,,,0,100,,67025,23,,,0,104,,67026,23,,,0,101,,67027,23,,,0,100,,67028,23,,,0,100,,67029,23,,,0,100,,67030,23,,,0,100,,67031,23,,,0,100,,67032,23,,,0,395,,67036,23,,,0
11029,'1957',726,,71512,23,,,0,202,,71513,23,,,0,101,,71514,23,,,0,100,,71515,23,,,0,100,,71516,23,,,0,100,,71517,23,,,0,101,,71518,23,,,0,100,,71519,23,,,0,100,,71520,23,,,0,197,,71521,23,,,0,100,,71522,23,,,0,100,,71523,23,,,0,99,,71511,23,,,0
11029,'1958',626,,71534,16,,,0,200,,71524,23,,,0,100,,71525,23,,,0,104,,71526,23,,,0,101,,71527,23,,,0,100,,71528,23,,,0,100,,71529,23,,,0,100,,71530,23,,,0,100,,71531,23,,,0,100,,71532,23,,,0,395,,71533,23,,,0
31019,'1909',709,,62407,11,,,0,32,,62420,11,,,0,70,,62403,11,,,0,129,,62395,11,,,0,70,,62408,11,,,0,30,,62419,11,,,0,170,,62413,11,,,0,30,,62394,11,,,0,70,,62409,11,,,0,130,,62398,11,,,0,101,,62396,11,,,0,100,,62417,11,,,0,367,,62423,11,0,5 2 8 7,0,30,,62402,11,,,0,170,,62426,11,0,5 2 8 7,0,125,,62421,11,0,5 2 8 7,0
31019,'1912',638,,62466,11,,,0,100,,62467,11,,,0,100,,62468,11,,,0,100,,62469,11,,,0,100,,62470,11,,,0,101,,62471,11,,,0,100,,62472,11,,,0,100,,62473,11,,,0,100,,62474,11,,,0,100,,62475,11,,,0,100,,62476,11,,,0,100,,62477,11,,,0,100,,62478,11,,,0,99,,62479,11,,,0,100,,62480,11,,,0,100,,62481,11,,,0,100,,62482,11,,,0,95,,62484,11,0,5 2 8 7,0
31019,'1924',638,,62485,11,,,0,100,,62486,11,,,0,100,,62487,11,,,0,100,,62488,11,,,0,100,,62489,11,,,0,101,,62490,11,,,0,100,,62491,11,,,0,100,,62492,11,,,0,100,,62493,11,,,0,100,,62494,11,,,0,100,,62495,11,,,0,100,,62496,11,,,0,100,,62497,11,,,0,99,,62498,11,,,0,100,,62499,11,,,0,100,,62500,11,,,0,100,,62501,11,,,0,95,,62503,11,0,5 2 8 7,0
31019,'1925',638,,62504,11,,,0,100,,62505,11,,,0,100,,62506,11,,,0,100,,62507,11,,,0,100,,62508,11,,,0,101,,62509,11,,,0,100,,62510,11,,,0,100,,62511,11,,,0,100,,62512,11,,,0,100,,62513,11,,,0,100,,62514,11,,,0,100,,62515,11,,,0,100,,62516,11,,,0,99,,62517,11,,,0,100,,62518,11,,,0,100,,62519,11,,,0,100,,62520,11,,,0,95,,62522,11,0,5 2 8 7,0
31019,'1955',638,,67732,11,,,0,70,,67748,11,,,0,30,,67761,11,,,0,70,,67744,11,,,0,30,,67738,11,,,0,70,,67754,11,,,0,30,,67731,11,,,0,71,,67747,11,,,0,30,,67756,11,,,0,70,,67743,11,,,0,30,,67737,11,,,0,70,,67753,11,,,0,30,,67730,11,,,0,70,,67746,11,,,0,30,,67759,11,,,0,70,,67742,11,,,0,30,,67736,11,,,0,70,,67752,11,,,0,30,,67729,11,,,0,70,,67745,11,,,0,30,,67758,11,,,0,70,,67741,11,,,0,30,,67735,11,,,0,70,,67751,11,,,0,30,,62430,11,,,0,69,,67763,11,,,0,30,,67757,11,,,0,70,,67740,11,0,5 2 8 7,0,30,,67734,11,,,0,70,,67750,11,0,5 2 8 7,0,30,,62429,11,,,0,70,,67739,11,0,5 2 8 7,0,30,,67760,11,,,0,70,,67749,11,0,5 2 8 7,0,30,,67733,11,0,5 2 8 7,0
31019,'1957',638,,72062,11,,,0,203,,72066,11,,,0,69,,72074,11,,,0,200,,72070,11,,,0,30,,72067,11,,,0,200,,72077,11,,,0,70,,72068,11,,,0,101,,72073,11,,,0,100,,72071,11,,,0,99,,72069,11,,,0,29,,72065,11,,,0,70,,72072,11,,,0,30,,72063,11,,,0,70,,72080,11,,,0,30,,72076,11,,,0,169,,72078,11,0,5 2 8 7,0,30,,72064,11,,,0,100,,72075,11,,,0,70,,72079,11,0,5 2 8 7,0
31019,'1958',638,,72086,11,,,0,70,,72102,11,,,0,30,,72115,11,,,0,70,,72098,11,,,0,30,,72092,11,,,0,70,,72108,11,,,0,30,,72085,11,,,0,71,,72101,11,,,0,30,,72110,11,,,0,70,,72097,11,,,0,30,,72091,11,,,0,70,,72107,11,,,0,30,,72084,11,,,0,70,,72100,11,,,0,30,,72113,11,,,0,70,,72096,11,,,0,30,,72090,11,,,0,70,,72106,11,,,0,30,,72083,11,,,0,70,,72099,11,,,0,30,,72112,11,,,0,70,,72095,11,,,0,30,,72089,11,,,0,70,,72105,11,,,0,30,,72082,11,,,0,69,,72117,11,,,0,30,,72111,11,,,0,70,,72094,11,0,5 2 8 7,0,30,,72088,11,,,0,70,,72104,11,0,5 2 8 7,0,30,,72081,11,,,0,70,,72093,11,0,5 2 8 7,0,30,,72114,11,,,0,70,,72103,11,0,5 2 8 7,0,30,,72087,11,0,5 2 8 7,0
702029,'1909',802,,65124,11,0,9 10,0
702029,'1910',633,,69527,11,0,9 10,0,23,,69513,11,0,9 10,0,70,,69517,11,0,9 10,0,30,,69521,11,0,9 10,0,71,,69524,11,0,9 10,0,30,,69514,11,0,9 10,0,55,,69530,11,0,5 2 11 2 12,0,15,,69518,11,0,9 10,0,30,,69559,11,0,9 10,0,74,,69552,11,0,9 10,0,70,,69540,11,0,9 10,0,15,,69549,11,0,5 2 11 2 12,0,15,,69555,11,0,9 10,0,70,,69550,11,0,9 10,0,15,,69572,11,0,5 2 11 2 12,0,15,,69547,11,0,9 10,0,70,,69544,11,0,9 10,0,30,,69571,11,0,9 10,0,70,,69558,11,0,9 10,0,15,,69543,11,0,5 2 11 2 12,0,15,,69546,11,0,9 10,0,70,,69553,11,0,9 10,0,15,,69537,11,0,5 2 11 2 12,0,85,,69541,11,0,9 10,0,15,,69539,11,0,5 2 11 2 12,0,15,,69573,11,0,9 10,0,70,,69551,11,0,9 10,0,15,,69561,11,0,5 2 11 2 12,0,85,,69545,11,0,9 10,0,15,,69567,11,0,5 2 11 2 12,0,15,,69574,11,0,9 10,0,15,,69538,11,0,5 2 11 2 12,0,55,,69557,11,0,9 10,0,28,,69519,11,0,9 10,0,30,,69522,11,0,9 10,0,55,,65204,11,0,5 2 11 2 12,0,15,,69525,11,0,9 10,0,30,,69515,11,0,9 10,0,68,,69520,11,0,9 10,0,30,,69523,11,0,9 10,0,70,,69526,11,0,9 10,0,30,,69516,11,0,9 10,0,65,,69536,11,0,9 10,0,30,,69535,11,0,5 2 11 2 12,0
702029,'1912',634,,73341,11,0,9 10,0,23,,73330,11,0,9 10,0,70,,73343,11,0,9 10,0,30,,73339,11,0,9 10,0,55,,69616,11,0,5 2 11 2 12,0,16,,73329,11,0,9 10,0,15,,69628,11,0,5 2 11 2 12,0,15,,73342,11,0,9 10,0,55,,73350,11,0,5 2 11 2 12,0,15,,73331,11,0,9 10,0,15,,69614,11,0,5 2 11 2 12,0,15,,73328,11,0,9 10,0,55,,69623,11,0,5 2 11 2 12,0,16,,69604,11,0,9 10,0,15,,69624,11,0,5 2 11 2 12,0,15,,73334,11,0,9 10,0,55,,69615,11,0,5 2 11 2 12,0,15,,69582,11,0,9 10,0,15,,69634,11,0,5 2 11 2 12,0,15,,73348,11,0,9 10,0,56,,69612,11,0,5 2 11 2 12,0,15,,69593,11,0,9 10,0,15,,69626,11,0,5 2 11 2 12,0,55,,73327,11,0,9 10,0,15,,69635,11,0,5 2 11 2 12,0,15,,73344,11,0,9 10,0,15,,69618,11,0,5 2 11 2 12,0,55,,73337,11,0,9 10,0,15,,69621,11,0,5 2 11 2 12,0,15,,73326,11,0,9 10,0,15,,69633,11,0,5 2 11 2 12,0,55,,73345,11,0,9 10,0,15,,69613,11,0,5 2 11 2 12,0,15,,73333,11,0,9 10,0,15,,69622,11,0,5 2 11 2 12,0,55,,73325,11,0,9 10,0,15,,69631,11,0,5 2 11 2 12,0,15,,73349,11,0,9 10,0,15,,69611,11,0,5 2 11 2 12,0,55,,73332,11,0,9 10,0,15,,69627,11,0,5 2 11 2 12,0,15,,73324,11,0,9 10,0,15,,69629,11,0,5 2 11 2 12,0,55,,73346,11,0,9 10,0,15,,69619,11,0,5 2 11 2 12,0,13,,73340,11,0,9 10,0,15,,69625,11,0,5 2 11 2 12,0,15,,73323,11,0,9 10,0,55,,69630,11,0,5 2 11 2 12,0,15,,73347,11,0,9 10,0,15,,69617,11,0,5 2 11 2 12,0,15,,73336,11,0,9 10,0,55,,69620,11,0,5 2 11 2 12,0,15,,73322,11,0,9 10,0,15,,69632,11,0,5 2 11 2 12,0,15,,69602,11,0,9 10,0,54,,69610,11,0,5 2 11 2 12,0,15,,73338,11,0,9 10,0,30,,73321,11,0,9 10,0,70,,69606,11,0,9 10,0,30,,73335,11,0,9 10,0,65,,73351,11,0,9 10,0,30,,69637,11,0,5 2 11 2 12,0
702029,'1924',812,,69679,11,0,5 2 11 2 12,0,31,,69691,11,0,5 2 11 2 12,0,100,,69677,11,0,5 2 11 2 12,0,70,,69686,11,0,5 2 11 2 12,0,16,,69667,11,0,9 10,0,15,,69687,11,0,5 2 11 2 12,0,70,,69678,11,0,5 2 11 2 12,0,15,,69645,11,0,9 10,0,15,,69697,11,0,5 2 11 2 12,0,71,,69675,11,0,5 2 11 2 12,0,15,,69656,11,0,9 10,0,15,,69689,11,0,5 2 11 2 12,0,70,,69698,11,0,5 2 11 2 12,0,30,,69681,11,0,5 2 11 2 12,0,70,,69684,11,0,5 2 11 2 12,0,30,,69696,11,0,5 2 11 2 12,0,70,,69676,11,0,5 2 11 2 12,0,30,,69685,11,0,5 2 11 2 12,0,70,,69694,11,0,5 2 11 2 12,0,30,,69674,11,0,5 2 11 2 12,0,70,,69690,11,0,5 2 11 2 12,0,30,,69692,11,0,5 2 11 2 12,0,70,,69682,11,0,5 2 11 2 12,0,28,,69688,11,0,5 2 11 2 12,0,70,,69693,11,0,5 2 11 2 12,0,30,,69680,11,0,5 2 11 2 12,0,70,,69683,11,0,5 2 11 2 12,0,30,,69695,11,0,5 2 11 2 12,0,15,,69665,11,0,9 10,0,54,,69673,11,0,5 2 11 2 12,0,115,,69669,11,0,9 10,0,125,,69700,11,0,5 2 11 2 12,0
702029,'1925',634,,73372,11,0,9 10,0,23,,73361,11,0,9 10,0,70,,73374,11,0,9 10,0,30,,73370,11,0,9 10,0,55,,69742,11,0,5 2 11 2 12,0,16,,73360,11,0,9 10,0,15,,69754,11,0,5 2 11 2 12,0,15,,73373,11,0,9 10,0,55,,73381,11,0,5 2 11 2 12,0,15,,73362,11,0,9 10,0,15,,69740,11,0,5 2 11 2 12,0,15,,73359,11,0,9 10,0,55,,69749,11,0,5 2 11 2 12,0,16,,69730,11,0,9 10,0,15,,69750,11,0,5 2 11 2 12,0,15,,73365,11,0,9 10,0,55,,69741,11,0,5 2 11 2 12,0,15,,69708,11,0,9 10,0,15,,69760,11,0,5 2 11 2 12,0,15,,73379,11,0,9 10,0,56,,69738,11,0,5 2 11 2 12,0,15,,69719,11,0,9 10,0,15,,69752,11,0,5 2 11 2 12,0,55,,73358,11,0,9 10,0,15,,69761,11,0,5 2 11 2 12,0,15,,73375,11,0,9 10,0,15,,69744,11,0,5 2 11 2 12,0,55,,73368,11,0,9 10,0,15,,69747,11,0,5 2 11 2 12,0,15,,73357,11,0,9 10,0,15,,69759,11,0,5 2 11 2 12,0,55,,73376,11,0,9 10,0,15,,69739,11,0,5 2 11 2 12,0,15,,73364,11,0,9 10,0,15,,69748,11,0,5 2 11 2 12,0,55,,73356,11,0,9 10,0,15,,69757,11,0,5 2 11 2 12,0,15,,73380,11,0,9 10,0,15,,69737,11,0,5 2 11 2 12,0,55,,73363,11,0,9 10,0,15,,69753,11,0,5 2 11 2 12,0,15,,73355,11,0,9 10,0,15,,69755,11,0,5 2 11 2 12,0,55,,73377,11,0,9 10,0,15,,69745,11,0,5 2 11 2 12,0,13,,73371,11,0,9 10,0,15,,69751,11,0,5 2 11 2 12,0,15,,73354,11,0,9 10,0,55,,69756,11,0,5 2 11 2 12,0,15,,73378,11,0,9 10,0,15,,69743,11,0,5 2 11 2 12,0,15,,73367,11,0,9 10,0,55,,69746,11,0,5 2 11 2 12,0,15,,73353,11,0,9 10,0,15,,69758,11,0,5 2 11 2 12,0,15,,69728,11,0,9 10,0,54,,69736,11,0,5 2 11 2 12,0,15,,73369,11,0,9 10,0,30,,73352,11,0,9 10,0,70,,69732,11,0,9 10,0,30,,73366,11,0,9 10,0,65,,73382,11,0,9 10,0,30,,69763,11,0,5 2 11 2 12,0
702029,'1949',708,,69850,11,0,9 10,0,17,,69798,11,0,9 10,0,107,,69848,11,0,9 10,0,70,,69849,11,0,9 10,0,35,,69828,11,0,5 2 11 2 12,0,100,,69830,11,0,5 2 11 2 12,0,85,,69804,11,0,9 10,0,100,,69806,11,0,9 10,0,85,,69835,11,0,5 2 11 2 12,0,100,,69837,11,0,5 2 11 2 12,0,95,,69838,11,0,5 2 11 2 12,0,100,,69839,11,0,5 2 11 2 12,0,157,,69815,11,0,9 10,0,70,,69856,11,0,9 10,0,15,,69842,11,0,5 2 11 2 12,0,85,,69817,11,0,9 10,0,15,,69844,11,0,5 2 11 2 12,0,68,,69845,11,0,5 2 11 2 12,0,45,,69820,11,0,9 10,0,100,,69822,11,0,9 10,0,70,,69823,11,0,9 10,0,95,,69851,11,0,9 10,0,30,,69825,11,0,5 2 11 2 12,0
702029,'1955',812,,69534,11,0,5 2 11 2 12,0,30,,69529,11,0,5 2 11 2 12,0,100,,69531,11,0,5 2 11 2 12,0,74,,69566,11,0,5 2 11 2 12,0,30,,69562,11,0,5 2 11 2 12,0,100,,69542,11,0,5 2 11 2 12,0,100,,69568,11,0,5 2 11 2 12,0,70,,69554,11,0,5 2 11 2 12,0,30,,69565,11,0,5 2 11 2 12,0,100,,69570,11,0,5 2 11 2 12,0,85,,69556,11,0,9 10,0,15,,69560,11,0,5 2 11 2 12,0,100,,69564,11,0,5 2 11 2 12,0,85,,69548,11,0,9 10,0,15,,69563,11,0,5 2 11 2 12,0,170,,69569,11,0,5 2 11 2 12,0,28,,69528,11,0,5 2 11 2 12,0,100,,69532,11,0,5 2 11 2 12,0,70,,69533,11,0,5 2 11 2 12,0
702029,'1956',634,,69660,11,0,9 10,0,23,,69648,11,0,9 10,0,70,,69662,11,0,9 10,0,30,,69658,11,0,9 10,0,71,,69647,11,0,9 10,0,30,,69661,11,0,9 10,0,55,,69672,11,0,5 2 11 2 12,0,15,,69649,11,0,9 10,0,30,,69646,11,0,9 10,0,101,,69652,11,0,9 10,0,100,,69670,11,0,9 10,0,141,,69644,11,0,9 10,0,30,,69663,11,0,9 10,0,70,,69655,11,0,9 10,0,30,,69643,11,0,9 10,0,70,,69664,11,0,9 10,0,30,,69651,11,0,9 10,0,70,,69642,11,0,9 10,0,30,,69671,11,0,9 10,0,70,,69650,11,0,9 10,0,30,,69641,11,0,9 10,0,70,,69666,11,0,9 10,0,28,,69659,11,0,9 10,0,30,,69640,11,0,9 10,0,70,,69668,11,0,9 10,0,30,,69654,11,0,9 10,0,70,,69639,11,0,9 10,0,99,,69657,11,0,9 10,0,30,,69638,11,0,9 10,0,100,,69653,11,0,9 10,0,65,,69699,11,0,9 10,0
702029,'1957',617,,73383,11,0,9 10,0,20,,73384,11,0,9 10,0,103,,73385,11,0,9 10,0,77,,73386,11,0,9 10,0,30,,73406,11,0,5 2 11 2 12,0,75,,73387,11,0,9 10,0,30,,73388,11,0,9 10,0,55,,73408,11,0,5 2 11 2 12,0,15,,73423,11,0,9 10,0,30,,73389,11,0,9 10,0,55,,73409,11,0,5 2 11 2 12,0,30,,73410,11,0,5 2 11 2 12,0,15,,73390,11,0,9 10,0,55,,73411,11,0,5 2 11 2 12,0,30,,73412,11,0,5 2 11 2 12,0,15,,73391,11,0,9 10,0,70,,73392,11,0,9 10,0,15,,73413,11,0,5 2 11 2 12,0,15,,73393,11,0,9 10,0,70,,73394,11,0,9 10,0,15,,73407,11,0,5 2 11 2 12,0,10,,73419,11,0,9 10,0,70,,73395,11,0,9 10,0,15,,73420,11,0,9 10,0,15,,73396,11,0,9 10,0,70,,73398,11,0,9 10,0,15,,73397,11,0,9 10,0,15,,73421,11,0,9 10,0,55,,73422,11,0,5 2 11 2 12,0,15,,73399,11,0,9 10,0,15,,73400,11,0,9 10,0,12,,73414,11,0,5 2 11 2 12,0,70,,73415,11,0,5 2 11 2 12,0,45,,73401,11,0,9 10,0,55,,73416,11,0,5 2 11 2 12,0,45,,73402,11,0,9 10,0,68,,73403,11,0,9 10,0,15,,73417,11,0,5 2 11 2 12,0,70,,73418,11,0,5 2 11 2 12,0,15,,73404,11,0,9 10,0,130,,73405,11,0,9 10,0
702029,'1958',812,,73429,11,0,5 2 11 2 12,0,30,,73425,11,0,5 2 11 2 12,0,100,,73426,11,0,5 2 11 2 12,0,74,,73439,11,0,5 2 11 2 12,0,30,,73435,11,0,5 2 11 2 12,0,100,,73430,11,0,5 2 11 2 12,0,100,,73440,11,0,5 2 11 2 12,0,70,,73432,11,0,5 2 11 2 12,0,30,,73438,11,0,5 2 11 2 12,0,100,,73442,11,0,5 2 11 2 12,0,85,,73433,11,0,9 10,0,15,,73434,11,0,5 2 11 2 12,0,100,,73437,11,0,5 2 11 2 12,0,85,,73431,11,0,9 10,0,15,,73436,11,0,5 2 11 2 12,0,170,,73441,11,0,5 2 11 2 12,0,28,,73424,11,0,5 2 11 2 12,0,100,,73427,11,0,5 2 11 2 12,0,70,,73428,11,0,5 2 11 2 12,0
702029,'1959',634,,73463,11,0,9 10,0,23,,73452,11,0,9 10,0,70,,73465,11,0,9 10,0,30,,73461,11,0,9 10,0,71,,73451,11,0,9 10,0,30,,73464,11,0,9 10,0,55,,73472,11,0,5 2 11 2 12,0,15,,73453,11,0,9 10,0,30,,73450,11,0,9 10,0,101,,73456,11,0,9 10,0,100,,73470,11,0,9 10,0,141,,73449,11,0,9 10,0,30,,73466,11,0,9 10,0,70,,73459,11,0,9 10,0,30,,73448,11,0,9 10,0,70,,73467,11,0,9 10,0,30,,73455,11,0,9 10,0,70,,73447,11,0,9 10,0,30,,73471,11,0,9 10,0,70,,73454,11,0,9 10,0,30,,73446,11,0,9 10,0,70,,73468,11,0,9 10,0,28,,73462,11,0,9 10,0,30,,73445,11,0,9 10,0,70,,73469,11,0,9 10,0,30,,73458,11,0,9 10,0,70,,73444,11,0,9 10,0,99,,73460,11,0,9 10,0,30,,73443,11,0,9 10,0,100,,73457,11,0,9 10,0,65,,73473,11,0,9 10,0
