2019,'1838',701,,51592,26,,,0,30,,51569,26,,,0,70,,51573,26,,,0,30,,51585,26,,,0,70,,51580,26,,,0,30,,51570,26,,,0,70,,51574,26,,,0,30,,51586,26,,,0,70,,51581,26,,,0,30,,51571,26,,,0,70,,51575,26,,,0,30,,51587,26,,,0,70,,51582,26,,,0,30,,51572,26,,,0,70,,51576,26,,,0,30,,51588,26,,,0,70,,51583,26,,,0,30,,51567,26,,,0,70,,51577,26,,,0,30,,51589,26,,,0,70,,51584,26,,,0,30,,51565,26,,,0,70,,51578,26,,,0,30,,51590,26,,,0,100,,51566,26,,,0,100,,51591,26,,,0,100,,51568,26,,,0,100,,51579,26,,,0,99,,51593,26,,,0
2019,'1897',455,,48670,17,0,5 2 13 14,0,176,,48690,26,,,0,70,,48694,26,,,0,28,,48674,26,,,0,72,,48678,26,,,0,30,,48682,26,,,0,70,,48686,26,,,0,30,,48700,26,,,0,70,,48673,26,,,0,30,,48677,26,,,0,70,,48681,26,,,0,30,,48685,26,,,0,70,,48689,26,,,0,30,,48693,26,,,0,70,,48696,26,,,0,30,,48698,26,,,0,70,,48688,26,,,0,30,,48692,26,,,0,70,,48701,26,,,0,30,,48676,26,,,0,70,,48680,26,,,0,30,,48684,26,,,0,28,,48672,26,,,0,72,,48671,26,,,0,70,,48675,26,,,0,30,,48679,26,,,0,70,,48683,26,,,0,30,,48699,26,,,0,100,,48687,26,,,0,100,,48691,26,,,0,100,,48695,26,,,0,100,,48697,26,,,0
2019,'1898',631,,48702,17,,,0,70,,48709,26,,,0,30,,48718,26,,,0,70,,48725,26,,,0,30,,48703,26,,,0,70,,48710,26,,,0,30,,48719,26,,,0,70,,48726,26,,,0,30,,48704,26,,,0,70,,48711,26,,,0,30,,48720,26,,,0,70,,48727,26,,,0,30,,48705,26,,,0,70,,48712,26,,,0,30,,48721,26,,,0,70,,48728,26,,,0,30,,48706,26,,,0,70,,48713,26,,,0,30,,48722,26,,,0,70,,48729,26,,,0,30,,48707,26,,,0,70,,48714,26,,,0,30,,48723,26,,,0,70,,48730,26,,,0,30,,48708,26,,,0,70,,48715,26,,,0,30,,48724,26,,,0,100,,48716,26,,,0,100,,48731,26,,,0,100,,48717,26,,,0,100,,48732,26,,,0
2019,'1899',701,,51621,26,,,0,30,,51598,26,,,0,70,,51602,26,,,0,30,,51614,26,,,0,70,,51609,26,,,0,30,,51599,26,,,0,70,,51603,26,,,0,30,,51615,26,,,0,70,,51610,26,,,0,30,,51600,26,,,0,70,,51604,26,,,0,30,,51616,26,,,0,70,,51611,26,,,0,30,,51601,26,,,0,70,,51605,26,,,0,30,,51617,26,,,0,70,,51612,26,,,0,30,,51596,26,,,0,70,,51606,26,,,0,30,,51618,26,,,0,70,,51613,26,,,0,30,,51594,26,,,0,70,,51607,26,,,0,30,,51619,26,,,0,100,,51595,26,,,0,100,,51620,26,,,0,100,,51597,26,,,0,100,,51608,26,,,0,99,,51622,26,,,0
702019,'1838',645,,47354,1,,,0,70,,52766,1,,,0,30,,52775,1,,,0,70,,47350,1,,,0,30,,52765,1,,,0,70,,52774,1,,,0,30,,47353,1,,,0,70,,52764,1,,,0,30,,47359,1,,,0,70,,52769,1,,,0,30,,52763,1,,,0,70,,52771,1,,,0,30,,47344,1,,,0,70,,52762,1,,,0,30,,52773,1,,,0,70,,47348,1,,,0,30,,52761,1,,,0,70,,47360,1,,,0,30,,52770,1,,,0,70,,47337,1,,,0,30,,52772,1,,,0,70,,47347,1,,,0,30,,52760,1,,,0,70,,47357,1,,,0,30,,52768,1,,,0,70,,52759,1,,,0,30,,47362,1,,,0,70,,52767,1,,,0,30,,52758,1,,,0,70,,47361,1,,,0,30,,47351,1,,,0,70,,52757,1,,,0,30,,47356,1,,,0,65,,47366,1,,,0,25,,52776,1,,,0
702019,'1897',630,,51108,1,,,0,25,,51109,1,,,0,64,,51143,1,,,0,21,,51110,1,,,0,15,,51111,1,,,0,63,,51112,1,,,0,17,,51144,1,,,0,12,,51142,1,,,0,68,,51113,1,,,0,30,,51114,1,,,0,70,,51115,1,,,0,30,,51148,1,,,0,70,,51116,1,,,0,30,,51117,1,,,0,70,,51118,1,,,0,30,,51119,1,,,0,70,,51120,1,,,0,30,,51121,1,,,0,70,,51122,1,,,0,30,,51123,1,,,0,65,,51145,1,,,0,20,,51124,1,,,0,20,,51125,1,,,0,60,,51126,1,,,0,20,,51127,1,,,0,20,,51146,1,,,0,60,,51128,1,,,0,20,,51129,1,,,0,20,,51130,1,,,0,65,,51131,1,,,0,30,,51132,1,,,0,70,,51133,1,,,0,30,,51134,1,,,0,70,,51135,1,,,0,30,,51136,1,,,0,70,,51137,1,,,0,30,,51138,1,,,0,70,,51139,1,,,0,30,,51140,1,,,0,65,,51141,1,,,0,25,,51147,1,,,0
702019,'1898',645,,51176,1,,,0,70,,51178,1,,,0,30,,51181,1,,,0,70,,51175,1,,,0,30,,51177,1,,,0,70,,51179,1,,,0,30,,51182,1,,,0,70,,51180,1,,,0,30,,51155,1,,,0,70,,51162,1,,,0,30,,51169,1,,,0,70,,51149,1,,,0,30,,51156,1,,,0,70,,51163,1,,,0,30,,51170,1,,,0,70,,51150,1,,,0,30,,51157,1,,,0,70,,51164,1,,,0,30,,51171,1,,,0,70,,51151,1,,,0,30,,51158,1,,,0,70,,51165,1,,,0,30,,51172,1,,,0,70,,51152,1,,,0,30,,51159,1,,,0,70,,51166,1,,,0,30,,51173,1,,,0,70,,51153,1,,,0,30,,51160,1,,,0,70,,51167,1,,,0,30,,51174,1,,,0,70,,51154,1,,,0,30,,51161,1,,,0,65,,51168,1,,,0,25,,51183,1,,,0
702019,'1899',645,,52798,1,,,0,70,,52787,1,,,0,30,,52809,1,,,0,70,,52794,1,,,0,30,,52786,1,,,0,70,,52808,1,,,0,30,,52797,1,,,0,70,,52785,1,,,0,30,,52803,1,,,0,70,,52793,1,,,0,30,,52784,1,,,0,70,,52799,1,,,0,30,,52788,1,,,0,70,,52783,1,,,0,30,,52807,1,,,0,70,,52792,1,,,0,30,,52782,1,,,0,70,,52804,1,,,0,30,,52796,1,,,0,70,,52781,1,,,0,30,,52802,1,,,0,70,,52791,1,,,0,30,,52780,1,,,0,70,,52801,1,,,0,30,,52790,1,,,0,70,,52779,1,,,0,30,,52806,1,,,0,70,,52789,1,,,0,30,,52778,1,,,0,70,,52805,1,,,0,30,,52795,1,,,0,70,,52777,1,,,0,30,,52800,1,,,0,65,,52810,1,,,0,25,,52811,1,,,0
702029,'1838',643,,47612,19,4,,0,65,,52821,19,4,,0,30,,52827,19,4,,0,70,,47610,19,4,,0,32,,52820,19,4,,0,70,,52826,19,4,,0,30,,47601,19,4,,0,70,,52819,19,4,,0,31,,47619,19,4,,0,70,,52823,19,4,,0,30,,52818,19,4,,0,70,,52829,19,4,,0,30,,47608,19,4,,0,70,,52817,19,4,,0,32,,52828,19,4,,0,70,,47607,19,4,,0,30,,52816,19,4,,0,70,,47616,19,4,,0,30,,52822,19,4,,0,70,,47594,19,4,,0,30,,52830,19,4,,0,70,,47602,19,4,,0,28,,52815,19,4,,0,70,,47618,19,4,,0,28,,52825,19,4,,0,70,,52814,19,4,,0,30,,47620,19,4,,0,70,,52824,19,4,,0,30,,52813,19,4,,0,70,,47617,19,4,,0,28,,47609,19,4,,0,70,,52812,19,4,,0,30,,47621,19,4,,0,70,,47605,19,4,,0,25,,52831,19,4,,0
702029,'1897',627,,51190,19,4,,0,20,,51191,19,4,,0,72,,51247,19,4,,0,18,,51192,19,4,,0,17,,51193,19,4,,0,62,,51194,19,4,,0,14,,51195,19,4,,0,14,,51245,19,4,,0,70,,51246,19,4,,0,30,,51196,19,4,,0,70,,51197,19,4,,0,30,,51253,19,4,,0,70,,51198,19,4,,0,30,,51199,19,4,,0,70,,51200,19,4,,0,30,,51201,19,4,,0,70,,51202,19,4,,0,30,,51203,19,4,,0,70,,51204,19,4,,0,31,,51205,19,4,,0,55,,51249,19,4,,0,30,,51206,19,4,,0,15,,51250,19,4,,0,55,,51207,19,4,,0,30,,51209,19,4,,0,15,,51208,19,4,,0,55,,51251,19,4,,0,30,,51210,19,4,,0,14,,51211,19,4,,0,67,,51212,19,4,,0,29,,51254,19,4,,0,70,,51213,19,4,,0,30,,51214,19,4,,0,70,,51215,19,4,,0,30,,51216,19,4,,0,70,,51217,19,4,,0,30,,51218,19,4,,0,70,,51219,19,4,,0,30,,51220,19,4,,0,66,,51221,19,4,,0,25,,51248,19,4,,0
702029,'1898',643,,51287,19,4,,0,65,,51255,19,4,,0,30,,51264,19,4,,0,70,,51272,19,4,,0,32,,51280,19,4,,0,70,,51256,19,4,,0,30,,51265,19,4,,0,70,,51273,19,4,,0,31,,51281,19,4,,0,70,,51257,19,4,,0,30,,51266,19,4,,0,70,,51274,19,4,,0,30,,51282,19,4,,0,70,,51258,19,4,,0,32,,51267,19,4,,0,70,,51275,19,4,,0,30,,51317,19,4,,0,70,,51259,19,4,,0,30,,51268,19,4,,0,70,,51276,19,4,,0,30,,51283,19,4,,0,70,,51260,19,4,,0,28,,51269,19,4,,0,70,,51277,19,4,,0,28,,51284,19,4,,0,70,,51261,19,4,,0,30,,51270,19,4,,0,70,,51278,19,4,,0,30,,51285,19,4,,0,70,,51262,19,4,,0,28,,51271,19,4,,0,70,,51279,19,4,,0,30,,51286,19,4,,0,70,,51263,19,4,,0,25,,51316,19,4,,0
702029,'1899',643,,52854,19,4,,0,65,,52842,19,4,,0,30,,52856,19,4,,0,70,,52852,19,4,,0,32,,52841,19,4,,0,70,,52855,19,4,,0,30,,52843,19,4,,0,70,,52840,19,4,,0,31,,52861,19,4,,0,70,,52846,19,4,,0,30,,52839,19,4,,0,70,,52864,19,4,,0,30,,52850,19,4,,0,70,,52838,19,4,,0,32,,52857,19,4,,0,70,,52849,19,4,,0,30,,52837,19,4,,0,70,,52858,19,4,,0,30,,52845,19,4,,0,70,,52836,19,4,,0,30,,52865,19,4,,0,70,,52844,19,4,,0,28,,52835,19,4,,0,70,,52860,19,4,,0,28,,52853,19,4,,0,70,,52834,19,4,,0,30,,52862,19,4,,0,70,,52848,19,4,,0,30,,52833,19,4,,0,70,,52859,19,4,,0,28,,52851,19,4,,0,70,,52832,19,4,,0,30,,52863,19,4,,0,70,,52847,19,4,,0,25,,52894,19,4,,0
