1029,'1912',559,,73732,11,,,0,98,,73733,11,,,0,100,,73734,11,,,0,100,,73735,11,,,0,100,,73736,11,,,0,100,,73737,11,,,0,100,,73738,11,,,0,100,,73739,11,,,0,100,,73740,11,,,0,100,,73741,11,,,0,100,,73742,11,,,0,100,,73743,11,,,0,100,,73744,11,,,0,100,,73745,11,,,0,100,,73746,11,,,0,100,,73747,11,,,0,100,,73748,11,,,0,100,,73749,11,,,0
1029,'1959',559,,73820,11,,,0,98,,73821,11,,,0,100,,73822,11,,,0,100,,73823,11,,,0,100,,73824,11,,,0,100,,73825,11,,,0,100,,73826,11,,,0,100,,73827,11,,,0,100,,73828,11,,,0,100,,73829,11,,,0,100,,73830,11,,,0,100,,73831,11,,,0,100,,73832,11,,,0,100,,73833,11,,,0,100,,73834,11,,,0,100,,73835,11,,,0,100,,73836,11,,,0,100,,73837,11,,,0
1029,'1967',559,,73790,11,,,0,68,,73802,11,,,0,30,,73809,11,,,0,70,,73797,11,,,0,30,,73818,11,,,0,70,,73806,11,,,0,30,,73789,11,,,0,68,,73801,11,,,0,30,,73812,11,,,0,70,,73796,11,,,0,30,,73819,11,,,0,70,,73805,11,,,0,30,,73788,11,,,0,70,,73800,11,,,0,30,,73811,11,,,0,70,,73795,11,,,0,30,,73791,11,,,0,70,,73804,11,,,0,30,,73787,11,,,0,70,,73799,11,,,0,30,,73807,11,,,0,70,,73794,11,,,0,30,,73816,11,,,0,70,,73803,11,,,0,30,,73786,11,,,0,72,,73798,11,,,0,30,,73810,11,,,0,70,,73792,11,,,0,30,,73814,11,,,0,70,,73813,11,,,0,30,,73785,11,,,0,70,,73793,11,,,0,30,,73808,11,,,0,70,,73817,11,,,0,30,,73815,11,,,0
1029,'1969',559,,73838,11,,,0,98,,73839,11,,,0,100,,73840,11,,,0,100,,73841,11,,,0,100,,73842,11,,,0,100,,73843,11,,,0,100,,73844,11,,,0,100,,73845,11,,,0,100,,73846,11,,,0,100,,73847,11,,,0,100,,73848,11,,,0,100,,73849,11,,,0,100,,73850,11,,,0,100,,73851,11,,,0,100,,73852,11,,,0,100,,73853,11,,,0,100,,73854,11,,,0,100,,73855,11,,,0
1029,'1976',556,,73759,11,,,0,75,,73760,11,,,0,25,,73780,11,,,0,70,,73756,11,,,0,30,,73751,11,,,0,70,,73784,11,,,0,33,,73754,11,,,0,70,,73761,11,,,0,30,,73779,11,,,0,70,,73758,11,,,0,30,,73750,11,,,0,70,,73783,11,,,0,30,,73755,11,,,0,70,,73762,11,,,0,30,,73778,11,,,0,70,,73757,11,,,0,30,,73752,11,,,0,70,,73781,11,,,0,71,,73753,11,,,0,30,,73763,11,,,0,70,,73777,11,,,0,30,,73766,11,,,0,70,,73765,11,,,0,30,,73764,11,,,0,27,,73770,11,,,0,70,,73769,11,,,0,30,,73768,11,,,0,70,,73767,11,,,0,30,,73782,11,,,0,70,,73776,11,,,0,30,,73775,11,,,0,70,,73774,11,,,0,30,,73773,11,,,0,70,,73772,11,,,0,25,,73771,11,,,0
1029,'1977',556,,75115,11,,,0,75,,75116,11,,,0,25,,75136,11,,,0,70,,75112,11,,,0,30,,75107,11,,,0,70,,75140,11,,,0,33,,75110,11,,,0,70,,75117,11,,,0,30,,75135,11,,,0,70,,75114,11,,,0,30,,75106,11,,,0,70,,75139,11,,,0,30,,75111,11,,,0,70,,75118,11,,,0,30,,75134,11,,,0,70,,75113,11,,,0,30,,75108,11,,,0,70,,75137,11,,,0,71,,75109,11,,,0,30,,75119,11,,,0,70,,75133,11,,,0,30,,75122,11,,,0,70,,75121,11,,,0,30,,75120,11,,,0,27,,75126,11,,,0,70,,75125,11,,,0,30,,75124,11,,,0,70,,75123,11,,,0,30,,75138,11,,,0,70,,75132,11,,,0,30,,75131,11,,,0,70,,75130,11,,,0,30,,75129,11,,,0,70,,75128,11,,,0,25,,75127,11,,,0
7019,'1912',737,,60448,14,,,0,101,,60449,14,,,0,100,,60457,14,,,0,101,,60450,14,,,0,100,,60451,14,,,0,100,,60452,14,,,0,100,,60453,14,,,0,101,,60454,14,,,0,100,,60455,14,,,0,99,,60456,14,,,0,100,,60444,14,,,0,99,,60445,14,,,0,99,,60443,14,,,0,100,,60447,14,,,0,100,,60446,14,,,0
7019,'1959',737,,60483,14,,,0,101,,60484,14,,,0,100,,60492,14,,,0,101,,60485,14,,,0,100,,60486,14,,,0,100,,60487,14,,,0,100,,60488,14,,,0,101,,60489,14,,,0,100,,60490,14,,,0,99,,60491,14,,,0,100,,60479,14,,,0,99,,60480,14,,,0,99,,60478,14,,,0,100,,60482,14,,,0,100,,60481,14,,,0
7019,'1967',638,,71181,14,,,0,69,,74315,14,,,0,30,,71182,14,,,0,70,,71176,14,,,0,32,,74316,14,,,0,70,,71177,14,,,0,30,,71183,14,,,0,71,,71178,14,,,0,30,,71184,14,,,0,70,,66542,14,,,0,30,,74317,14,,,0,70,,71179,14,,,0,30,,71185,14,,,0,70,,71180,14,,,0,30,,60428,14,,,0,70,,66551,14,,,0,30,,74318,14,,,0,70,,71187,14,,,0,30,,60430,14,,,0,70,,71186,14,,,0,30,,66550,14,,,0,70,,71188,14,,,0,30,,60432,14,,,0,70,,71190,14,,,0,29,,71172,14,,,0,69,,71189,14,,,0,30,,74313,14,,,0,70,,66556,14,,,0,30,,60411,14,,,0,99,,60412,14,,,0,100,,74314,14,,,0
7019,'1969',737,,60518,14,,,0,101,,60519,14,,,0,100,,60527,14,,,0,101,,60520,14,,,0,100,,60521,14,,,0,100,,60522,14,,,0,100,,60523,14,,,0,101,,60524,14,,,0,100,,60525,14,,,0,99,,60526,14,,,0,100,,60514,14,,,0,99,,60515,14,,,0,99,,60513,14,,,0,100,,60517,14,,,0,100,,60516,14,,,0
7019,'1976',536,,60398,14,,,0,103,,60397,14,,,0,70,,74307,14,,,0,32,,71161,14,,,0,71,,74306,14,,,0,29,,71159,14,,,0,70,,74305,14,,,0,30,,71157,14,,,0,70,,71158,14,,,0,30,,71156,14,,,0,70,,71154,14,,,0,30,,71166,14,,,0,70,,74310,14,,,0,30,,74309,14,,,0,70,,74308,14,,,0,30,,71147,14,,,0,71,,74304,14,,,0,32,,74299,14,,,0,73,,71145,14,,,0,27,,71152,14,,,0,70,,74303,14,,,0,30,,74302,14,,,0,68,,71144,14,,,0,30,,71143,14,,,0,70,,71142,14,,,0,30,,74301,14,,,0,69,,74300,14,,,0,28,,60375,14,,,0,70,,71148,14,,,0,30,,60374,14,,,0,99,,71141,14,,,0,99,,60373,14,,,0,100,,71171,14,,,0
7019,'1977',536,,75361,14,,,0,103,,75360,14,,,0,70,,75362,14,,,0,32,,75359,14,,,0,71,,75358,14,,,0,29,,75357,14,,,0,70,,75353,14,,,0,30,,75355,14,,,0,70,,75356,14,,,0,30,,75354,14,,,0,70,,75352,14,,,0,30,,75366,14,,,0,70,,75365,14,,,0,30,,75364,14,,,0,70,,75363,14,,,0,30,,75344,14,,,0,71,,75351,14,,,0,32,,75343,14,,,0,73,,75342,14,,,0,27,,75350,14,,,0,70,,75349,14,,,0,30,,75348,14,,,0,68,,75341,14,,,0,30,,75340,14,,,0,70,,75339,14,,,0,30,,75347,14,,,0,69,,75346,14,,,0,28,,75338,14,,,0,70,,75345,14,,,0,30,,75337,14,,,0,99,,75335,14,,,0,99,,75336,14,,,0,100,,75371,14,,,0
