15019,'1909',636,,61509,8,,,0,871,,61526,8,,,0,300,,61532,8,,,0
15019,'1910',911,,61542,8,,,0,300,,61545,8,,,0,201,,61547,8,,,0,100,,61548,8,,,0,100,,61549,8,,,0,100,,67300,8,,,0,99,,61551,8,,,0
15019,'1912',711,,61566,8,,,0,100,,61564,8,,,0,100,,61567,8,,,0,100,,61565,8,,,0,100,,61562,8,,,0,100,,61560,8,,,0,101,,61563,8,,,0,100,,61561,8,,,0,100,,61558,8,,,0,100,,61559,8,,,0,100,,61556,8,,,0,100,,61557,8,,,0,100,,61555,8,,,0,99,,71673,8,,,0
15019,'1924',711,,61580,8,,,0,100,,61578,8,,,0,100,,61581,8,,,0,100,,61579,8,,,0,100,,61576,8,,,0,100,,61574,8,,,0,101,,61577,8,,,0,100,,61575,8,,,0,100,,61572,8,,,0,100,,61573,8,,,0,100,,61570,8,,,0,100,,61571,8,,,0,100,,61569,8,,,0
15019,'1925',711,,61594,8,,,0,100,,61592,8,,,0,100,,61595,8,,,0,100,,61593,8,,,0,100,,61590,8,,,0,100,,61588,8,,,0,101,,61591,8,,,0,100,,61589,8,,,0,100,,61586,8,,,0,100,,61587,8,,,0,100,,61584,8,,,0,100,,61585,8,,,0,100,,61583,8,,,0,99,,71674,8,,,0
15019,'1949',737,,67326,8,,,0,1499,,67335,8,0,5 2 6 7,0
15019,'1955',711,,67295,8,,,0,100,,67296,8,,,0,200,,67297,8,,,0,100,,67298,8,,,0,201,,67299,8,,,0,599,,67301,8,,,0,100,,67302,8,,,0
15019,'1956',2011,,67305,8,,,0
15019,'1957',706,,71675,8,,,0,101,,71676,8,,,0,30,,71677,8,,,0,70,,71678,8,,,0,30,,71679,8,,,0,70,,71680,8,,,0,30,,71681,8,,,0,70,,71682,8,,,0,30,,71683,8,,,0,70,,71684,8,,,0,30,,71685,8,,,0,70,,71686,8,,,0,30,,71687,8,,,0,70,,71688,8,,,0,30,,71689,8,,,0,100,,71690,8,,,0,70,,71691,8,,,0,30,,71692,8,,,0,70,,71693,8,,,0,30,,71694,8,,,0,100,,71695,8,,,0,70,,71699,8,,,0,30,,71696,8,,,0,99,,71697,8,,,0,100,,71698,8,,,0
15019,'1958',711,,71700,8,,,0,100,,71701,8,,,0,200,,71702,8,,,0,100,,71703,8,,,0,201,,71704,8,,,0,599,,71705,8,,,0,100,,71706,8,,,0
15019,'1959',2011,,71708,8,,,0
