701019,'1838',637,,46692,19,4,,0,70,,40013,19,4,,0,30,,46714,19,4,,0,70,,46691,19,4,,0,15,,46668,19,4,,0,16,,46732,19,4,,0,15,,46650,19,4,,0,55,,46701,19,4,,0,15,,46652,19,4,,0,15,,46688,19,4,,0,15,,46669,19,4,,0,55,,46728,19,4,,0,15,,46644,19,4,,0,15,,46712,19,4,,0,15,,46653,19,4,,0,55,,46687,19,4,,0,16,,46648,19,4,,0,17,,40007,19,4,,0,15,,46656,19,4,,0,55,,46710,19,4,,0,15,,46651,19,4,,0,15,,46684,19,4,,0,15,,46663,19,4,,0,55,,46725,19,4,,0,15,,46654,19,4,,0,15,,46706,19,4,,0,15,,46659,19,4,,0,55,,46682,19,4,,0,15,,46662,19,4,,0,15,,46733,19,4,,0,15,,46649,19,4,,0,55,,46707,19,4,,0,15,,46661,19,4,,0,15,,46680,19,4,,0,15,,46665,19,4,,0,55,,46729,19,4,,0,15,,46646,19,4,,0,15,,46713,19,4,,0,15,,46647,19,4,,0,55,,46678,19,4,,0,15,,46664,19,4,,0,15,,46723,19,4,,0,15,,46645,19,4,,0,55,,46703,19,4,,0,14,,46660,19,4,,0,14,,46677,19,4,,0,15,,46666,19,4,,0,55,,46722,19,4,,0,15,,46657,19,4,,0,15,,46704,19,4,,0,15,,46658,19,4,,0,55,,46675,19,4,,0,15,,46667,19,4,,0,14,,46734,19,4,,0,15,,46655,19,4,,0,55,,46702,19,4,,0,29,,46672,19,4,,0,70,,46730,19,4,,0,30,,46697,19,4,,0,70,,46670,19,4,,0,29,,46735,19,4,,0,65,,46737,19,4,,0,25,,46736,19,4,,0
701019,'1867',637,,46989,19,4,,0,70,,40614,19,4,,0,30,,47011,19,4,,0,70,,46988,19,4,,0,15,,46965,19,4,,0,16,,47029,19,4,,0,15,,46947,19,4,,0,55,,46998,19,4,,0,15,,46949,19,4,,0,15,,46985,19,4,,0,15,,46966,19,4,,0,55,,47025,19,4,,0,15,,46941,19,4,,0,15,,47009,19,4,,0,15,,46950,19,4,,0,55,,46984,19,4,,0,16,,46945,19,4,,0,17,,40608,19,4,,0,15,,46953,19,4,,0,55,,47007,19,4,,0,15,,46948,19,4,,0,15,,46981,19,4,,0,15,,46960,19,4,,0,55,,47022,19,4,,0,15,,46951,19,4,,0,15,,47003,19,4,,0,15,,46956,19,4,,0,55,,46979,19,4,,0,15,,46959,19,4,,0,15,,47030,19,4,,0,15,,46946,19,4,,0,55,,47004,19,4,,0,15,,46958,19,4,,0,15,,46977,19,4,,0,15,,46962,19,4,,0,55,,47026,19,4,,0,15,,46943,19,4,,0,15,,47010,19,4,,0,15,,46944,19,4,,0,55,,46975,19,4,,0,15,,46961,19,4,,0,15,,47020,19,4,,0,15,,46942,19,4,,0,55,,47000,19,4,,0,14,,46957,19,4,,0,14,,46974,19,4,,0,15,,46963,19,4,,0,55,,47019,19,4,,0,15,,46954,19,4,,0,15,,47001,19,4,,0,15,,46955,19,4,,0,55,,46972,19,4,,0,15,,46964,19,4,,0,14,,47031,19,4,,0,15,,46952,19,4,,0,55,,46999,19,4,,0,29,,46969,19,4,,0,70,,47027,19,4,,0,30,,46994,19,4,,0,70,,46967,19,4,,0,29,,47032,19,4,,0,65,,47034,19,4,,0,25,,47033,19,4,,0
701019,'1892',617,,46739,19,4,,0,90,,46741,19,4,,0,16,,46742,19,4,,0,18,,46743,19,4,,0,15,,46744,19,4,,0,55,,46745,19,4,,0,15,,43721,19,4,,0,15,,46746,19,4,,0,15,,46747,19,4,,0,55,,46748,19,4,,0,15,,46749,19,4,,0,15,,46750,19,4,,0,15,,46751,19,4,,0,55,,46841,19,4,,0,31,,46753,19,4,,0,15,,46754,19,4,,0,55,,46755,19,4,,0,15,,46756,19,4,,0,15,,46757,19,4,,0,70,,46759,19,4,,0,15,,46760,19,4,,0,15,,46761,19,4,,0,15,,46762,19,4,,0,55,,46763,19,4,,0,15,,46764,19,4,,0,15,,46765,19,4,,0,15,,46766,19,4,,0,55,,46767,19,4,,0,15,,46768,19,4,,0,15,,46769,19,4,,0,17,,46770,19,4,,0,58,,40350,19,4,,0,30,,40351,19,4,,0,55,,46771,19,4,,0,15,,46772,19,4,,0,15,,46773,19,4,,0,85,,46775,19,4,,0,13,,46776,19,4,,0,13,,46777,19,4,,0,15,,46778,19,4,,0,54,,46779,19,4,,0,13,,46780,19,4,,0,15,,46781,19,4,,0,69,,46783,19,4,,0,14,,46784,19,4,,0,15,,46785,19,4,,0,15,,46786,19,4,,0,55,,46787,19,4,,0,30,,46789,19,4,,0,15,,46790,19,4,,0,55,,46791,19,4,,0,30,,46792,19,4,,0,70,,46793,19,4,,0,29,,46794,19,4,,0,70,,46795,19,4,,0,30,,46796,19,4,,0,65,,46797,19,4,,0,25,,46798,19,4,,0
701019,'1896',649,,50887,19,4,,0,377,,50888,19,4,,0,131,,50889,19,4,,0,375,,50896,19,4,,0,115,,50897,19,4,,0,55,,50890,19,4,,0,153,,50891,19,4,,0,168,,50892,19,4,,0
701019,'1897',617,,50898,19,4,,0,32,,50899,19,4,,0,58,,50900,19,4,,0,16,,50901,19,4,,0,18,,50902,19,4,,0,15,,50903,19,4,,0,55,,50904,19,4,,0,15,,50905,19,4,,0,15,,50906,19,4,,0,15,,50907,19,4,,0,55,,50908,19,4,,0,15,,50909,19,4,,0,15,,50910,19,4,,0,15,,50911,19,4,,0,55,,51006,19,4,,0,15,,50912,19,4,,0,16,,50913,19,4,,0,15,,50914,19,4,,0,55,,50915,19,4,,0,15,,50916,19,4,,0,15,,50917,19,4,,0,15,,50918,19,4,,0,55,,50919,19,4,,0,15,,50920,19,4,,0,15,,50921,19,4,,0,15,,50922,19,4,,0,55,,50923,19,4,,0,15,,50924,19,4,,0,15,,50925,19,4,,0,15,,50926,19,4,,0,55,,50927,19,4,,0,15,,50928,19,4,,0,15,,50929,19,4,,0,17,,50930,19,4,,0,58,,50931,19,4,,0,15,,50997,19,4,,0,15,,50932,19,4,,0,55,,50933,19,4,,0,15,,50934,19,4,,0,15,,50935,19,4,,0,15,,51000,19,4,,0,55,,50936,19,4,,0,15,,50937,19,4,,0,13,,50938,19,4,,0,13,,50939,19,4,,0,15,,50940,19,4,,0,54,,50941,19,4,,0,13,,50942,19,4,,0,15,,50943,19,4,,0,15,,50944,19,4,,0,54,,50945,19,4,,0,14,,50946,19,4,,0,15,,50947,19,4,,0,15,,50948,19,4,,0,55,,50949,19,4,,0,15,,50950,19,4,,0,15,,50951,19,4,,0,15,,50952,19,4,,0,55,,50953,19,4,,0,30,,50954,19,4,,0,70,,50955,19,4,,0,29,,50956,19,4,,0,70,,50957,19,4,,0,30,,50958,19,4,,0,65,,50959,19,4,,0,25,,50960,19,4,,0
701019,'1898',637,,51076,19,4,,0,70,,51041,19,4,,0,30,,51021,19,4,,0,70,,51033,19,4,,0,15,,51079,19,4,,0,16,,51045,19,4,,0,15,,51080,19,4,,0,55,,51011,19,4,,0,15,,51081,19,4,,0,15,,51022,19,4,,0,15,,51088,19,4,,0,55,,51034,19,4,,0,15,,51091,19,4,,0,15,,51046,19,4,,0,15,,51086,19,4,,0,55,,51012,19,4,,0,16,,51089,19,4,,0,17,,51023,19,4,,0,15,,51087,19,4,,0,55,,51035,19,4,,0,15,,51090,19,4,,0,15,,51047,19,4,,0,15,,51102,19,4,,0,55,,51013,19,4,,0,15,,51101,19,4,,0,15,,51024,19,4,,0,15,,51100,19,4,,0,55,,51036,19,4,,0,15,,51099,19,4,,0,15,,51048,19,4,,0,15,,51098,19,4,,0,55,,51014,19,4,,0,15,,51097,19,4,,0,15,,51025,19,4,,0,15,,51103,19,4,,0,55,,51037,19,4,,0,15,,51096,19,4,,0,15,,51049,19,4,,0,15,,51095,19,4,,0,55,,51015,19,4,,0,15,,51094,19,4,,0,15,,51026,19,4,,0,15,,51093,19,4,,0,55,,51038,19,4,,0,14,,51092,19,4,,0,14,,51050,19,4,,0,15,,51104,19,4,,0,55,,51016,19,4,,0,15,,51077,19,4,,0,15,,51027,19,4,,0,15,,51082,19,4,,0,55,,51039,19,4,,0,15,,51083,19,4,,0,14,,51051,19,4,,0,15,,51084,19,4,,0,55,,51017,19,4,,0,29,,51028,19,4,,0,70,,51040,19,4,,0,30,,51052,19,4,,0,70,,51072,19,4,,0,29,,51075,19,4,,0,65,,51085,19,4,,0,25,,51078,19,4,,0
702029,'1838',622,,47612,1,0,9 10,0,23,,47600,1,0,9 10,0,70,,47614,1,0,9 10,0,30,,47610,1,0,9 10,0,55,,47631,1,0,5 2 11 2 12,0,15,,47599,1,0,9 10,0,15,,47643,1,0,5 2 11 2 12,0,15,,47613,1,0,9 10,0,55,,47624,1,0,5 2 11 2 12,0,15,,47601,1,0,9 10,0,15,,47629,1,0,5 2 11 2 12,0,15,,47598,1,0,9 10,0,55,,47638,1,0,5 2 11 2 12,0,15,,47619,1,0,9 10,0,15,,47639,1,0,5 2 11 2 12,0,15,,47604,1,0,9 10,0,55,,47630,1,0,5 2 11 2 12,0,15,,47597,1,0,9 10,0,15,,47649,1,0,5 2 11 2 12,0,15,,47622,1,0,9 10,0,55,,47627,1,0,5 2 11 2 12,0,15,,47608,1,0,9 10,0,15,,47641,1,0,5 2 11 2 12,0,15,,47596,1,0,9 10,0,55,,47650,1,0,5 2 11 2 12,0,15,,47615,1,0,9 10,0,15,,47633,1,0,5 2 11 2 12,0,15,,47607,1,0,9 10,0,55,,47636,1,0,5 2 11 2 12,0,15,,47595,1,0,9 10,0,15,,47648,1,0,5 2 11 2 12,0,15,,47616,1,0,9 10,0,55,,47628,1,0,5 2 11 2 12,0,15,,47603,1,0,9 10,0,15,,47637,1,0,5 2 11 2 12,0,15,,47594,1,0,9 10,0,55,,47646,1,0,5 2 11 2 12,0,15,,47623,1,0,9 10,0,15,,47626,1,0,5 2 11 2 12,0,15,,47602,1,0,9 10,0,55,,47642,1,0,5 2 11 2 12,0,15,,47593,1,0,9 10,0,15,,47644,1,0,5 2 11 2 12,0,15,,47618,1,0,9 10,0,55,,47634,1,0,5 2 11 2 12,0,15,,47611,1,0,9 10,0,15,,47640,1,0,5 2 11 2 12,0,15,,47592,1,0,9 10,0,55,,47645,1,0,5 2 11 2 12,0,15,,47620,1,0,9 10,0,15,,47632,1,0,5 2 11 2 12,0,15,,47606,1,0,9 10,0,55,,47635,1,0,5 2 11 2 12,0,15,,47591,1,0,9 10,0,15,,47647,1,0,5 2 11 2 12,0,15,,47617,1,0,9 10,0,55,,47625,1,0,5 2 11 2 12,0,15,,47609,1,0,9 10,0,30,,47590,1,0,9 10,0,70,,47621,1,0,9 10,0,30,,47605,1,0,9 10,0,65,,47652,1,0,9 10,0,30,,47651,1,0,5 2 11 2 12,0
702029,'1867',622,,47803,1,0,9 10,0,23,,47791,1,0,9 10,0,70,,47805,1,0,9 10,0,30,,47801,1,0,9 10,0,55,,47822,1,0,5 2 11 2 12,0,15,,47790,1,0,9 10,0,15,,47834,1,0,5 2 11 2 12,0,15,,47804,1,0,9 10,0,55,,47815,1,0,5 2 11 2 12,0,15,,47792,1,0,9 10,0,15,,47820,1,0,5 2 11 2 12,0,15,,47789,1,0,9 10,0,55,,47829,1,0,5 2 11 2 12,0,15,,47810,1,0,9 10,0,15,,47830,1,0,5 2 11 2 12,0,15,,47795,1,0,9 10,0,55,,47821,1,0,5 2 11 2 12,0,15,,47788,1,0,9 10,0,15,,47840,1,0,5 2 11 2 12,0,15,,47813,1,0,9 10,0,55,,47818,1,0,5 2 11 2 12,0,15,,47799,1,0,9 10,0,15,,47832,1,0,5 2 11 2 12,0,15,,47787,1,0,9 10,0,55,,47841,1,0,5 2 11 2 12,0,15,,47806,1,0,9 10,0,15,,47824,1,0,5 2 11 2 12,0,15,,47798,1,0,9 10,0,55,,47827,1,0,5 2 11 2 12,0,15,,47786,1,0,9 10,0,15,,47839,1,0,5 2 11 2 12,0,15,,47807,1,0,9 10,0,55,,47819,1,0,5 2 11 2 12,0,15,,47794,1,0,9 10,0,15,,47828,1,0,5 2 11 2 12,0,15,,47785,1,0,9 10,0,55,,47837,1,0,5 2 11 2 12,0,15,,47814,1,0,9 10,0,15,,47817,1,0,5 2 11 2 12,0,15,,47793,1,0,9 10,0,55,,47833,1,0,5 2 11 2 12,0,15,,47784,1,0,9 10,0,15,,47835,1,0,5 2 11 2 12,0,15,,47809,1,0,9 10,0,55,,47825,1,0,5 2 11 2 12,0,15,,47802,1,0,9 10,0,15,,47831,1,0,5 2 11 2 12,0,15,,47783,1,0,9 10,0,55,,47836,1,0,5 2 11 2 12,0,15,,47811,1,0,9 10,0,15,,47823,1,0,5 2 11 2 12,0,15,,47797,1,0,9 10,0,55,,47826,1,0,5 2 11 2 12,0,15,,47782,1,0,9 10,0,15,,47838,1,0,5 2 11 2 12,0,15,,47808,1,0,9 10,0,55,,47816,1,0,5 2 11 2 12,0,15,,47800,1,0,9 10,0,30,,47781,1,0,9 10,0,70,,47812,1,0,9 10,0,30,,47796,1,0,9 10,0,65,,47843,1,0,9 10,0,30,,47842,1,0,5 2 11 2 12,0
702029,'1892',605,,47653,1,0,9 10,0,20,,47654,1,0,9 10,0,30,,47710,1,0,9 10,0,55,,47655,1,0,9 10,0,15,,47656,1,0,9 10,0,20,,47657,1,0,9 10,0,55,,47658,1,0,9 10,0,15,,47708,1,0,9 10,0,15,,47686,1,0,5 2 11 2 12,0,15,,47709,1,0,9 10,0,70,,47659,1,0,9 10,0,15,,47688,1,0,5 2 11 2 12,0,15,,47660,1,0,9 10,0,55,,47689,1,0,5 2 11 2 12,0,15,,47716,1,0,9 10,0,30,,47661,1,0,9 10,0,55,,47691,1,0,5 2 11 2 12,0,15,,47662,1,0,9 10,0,15,,47692,1,0,5 2 11 2 12,0,15,,47663,1,0,9 10,0,55,,47693,1,0,5 2 11 2 12,0,15,,47664,1,0,9 10,0,15,,47694,1,0,5 2 11 2 12,0,15,,47665,1,0,9 10,0,55,,47695,1,0,5 2 11 2 12,0,15,,47666,1,0,9 10,0,15,,47696,1,0,5 2 11 2 12,0,15,,47667,1,0,9 10,0,55,,47697,1,0,5 2 11 2 12,0,15,,47668,1,0,9 10,0,15,,47712,1,0,9 10,0,15,,47698,1,0,5 2 11 2 12,0,55,,47669,1,0,9 10,0,30,,47670,1,0,9 10,0,15,,47699,1,0,5 2 11 2 12,0,55,,47672,1,0,9 10,0,15,,47671,1,0,9 10,0,15,,47714,1,0,9 10,0,15,,47715,1,0,5 2 11 2 12,0,55,,47673,1,0,9 10,0,30,,47700,1,0,5 2 11 2 12,0,15,,47675,1,0,9 10,0,55,,47701,1,0,5 2 11 2 12,0,15,,47717,1,0,9 10,0,15,,47702,1,0,5 2 11 2 12,0,15,,47676,1,0,9 10,0,70,,47677,1,0,9 10,0,15,,47704,1,0,5 2 11 2 12,0,15,,47678,1,0,9 10,0,55,,47705,1,0,5 2 11 2 12,0,15,,47679,1,0,9 10,0,30,,47680,1,0,9 10,0,55,,47707,1,0,5 2 11 2 12,0,15,,47681,1,0,9 10,0,30,,47682,1,0,9 10,0,70,,47683,1,0,9 10,0,30,,47684,1,0,9 10,0,65,,47711,1,0,9 10,0,30,,47685,1,0,5 2 11 2 12,0
702029,'1896',900,,51185,1,0,5 2 11 2 12,0,130,,51186,1,0,5 2 11 2 12,0,485,,51189,1,0,9 10,0,200,,51184,1,0,9 10,0,185,,51187,1,0,5 2 11 2 12,0,130,,51188,1,0,5 2 11 2 12,0
702029,'1897',605,,51190,1,0,9 10,0,20,,51191,1,0,9 10,0,30,,51247,1,0,9 10,0,55,,51192,1,0,9 10,0,15,,51193,1,0,9 10,0,20,,51194,1,0,9 10,0,55,,51195,1,0,9 10,0,15,,51245,1,0,9 10,0,15,,51223,1,0,5 2 11 2 12,0,15,,51246,1,0,9 10,0,55,,51224,1,0,5 2 11 2 12,0,15,,51196,1,0,9 10,0,15,,51225,1,0,5 2 11 2 12,0,15,,51197,1,0,9 10,0,55,,51226,1,0,5 2 11 2 12,0,15,,51253,1,0,9 10,0,15,,51227,1,0,5 2 11 2 12,0,15,,51198,1,0,9 10,0,55,,51228,1,0,5 2 11 2 12,0,15,,51199,1,0,9 10,0,15,,51229,1,0,5 2 11 2 12,0,15,,51200,1,0,9 10,0,55,,51230,1,0,5 2 11 2 12,0,15,,51201,1,0,9 10,0,15,,51231,1,0,5 2 11 2 12,0,15,,51202,1,0,9 10,0,55,,51232,1,0,5 2 11 2 12,0,15,,51203,1,0,9 10,0,15,,51233,1,0,5 2 11 2 12,0,15,,51204,1,0,9 10,0,55,,51234,1,0,5 2 11 2 12,0,15,,51205,1,0,9 10,0,15,,51249,1,0,9 10,0,15,,51235,1,0,5 2 11 2 12,0,55,,51206,1,0,9 10,0,15,,51250,1,0,9 10,0,15,,51207,1,0,9 10,0,15,,51236,1,0,5 2 11 2 12,0,55,,51209,1,0,9 10,0,15,,51208,1,0,9 10,0,15,,51251,1,0,9 10,0,15,,51252,1,0,5 2 11 2 12,0,55,,51210,1,0,9 10,0,15,,51211,1,0,9 10,0,15,,51237,1,0,5 2 11 2 12,0,15,,51212,1,0,9 10,0,55,,51238,1,0,5 2 11 2 12,0,15,,51254,1,0,9 10,0,15,,51239,1,0,5 2 11 2 12,0,15,,51213,1,0,9 10,0,55,,51240,1,0,5 2 11 2 12,0,15,,51214,1,0,9 10,0,15,,51241,1,0,5 2 11 2 12,0,15,,51215,1,0,9 10,0,55,,51242,1,0,5 2 11 2 12,0,15,,51216,1,0,9 10,0,15,,51243,1,0,5 2 11 2 12,0,15,,51217,1,0,9 10,0,55,,51244,1,0,5 2 11 2 12,0,15,,51218,1,0,9 10,0,30,,51219,1,0,9 10,0,70,,51220,1,0,9 10,0,30,,51221,1,0,9 10,0,65,,51248,1,0,9 10,0,30,,51222,1,0,5 2 11 2 12,0
702029,'1898',622,,51287,1,0,9 10,0,23,,51255,1,0,9 10,0,70,,51264,1,0,9 10,0,30,,51272,1,0,9 10,0,55,,51314,1,0,5 2 11 2 12,0,15,,51280,1,0,9 10,0,15,,51308,1,0,5 2 11 2 12,0,15,,51256,1,0,9 10,0,55,,51309,1,0,5 2 11 2 12,0,15,,51265,1,0,9 10,0,15,,51310,1,0,5 2 11 2 12,0,15,,51273,1,0,9 10,0,55,,51299,1,0,5 2 11 2 12,0,15,,51281,1,0,9 10,0,15,,51293,1,0,5 2 11 2 12,0,15,,51257,1,0,9 10,0,55,,51305,1,0,5 2 11 2 12,0,15,,51266,1,0,9 10,0,15,,51297,1,0,5 2 11 2 12,0,15,,51274,1,0,9 10,0,55,,51288,1,0,5 2 11 2 12,0,15,,51282,1,0,9 10,0,15,,51304,1,0,5 2 11 2 12,0,15,,51258,1,0,9 10,0,55,,51298,1,0,5 2 11 2 12,0,15,,51267,1,0,9 10,0,15,,51291,1,0,5 2 11 2 12,0,15,,51275,1,0,9 10,0,55,,51303,1,0,5 2 11 2 12,0,15,,51317,1,0,9 10,0,15,,51296,1,0,5 2 11 2 12,0,15,,51259,1,0,9 10,0,55,,51290,1,0,5 2 11 2 12,0,15,,51268,1,0,9 10,0,15,,51302,1,0,5 2 11 2 12,0,15,,51276,1,0,9 10,0,55,,51294,1,0,5 2 11 2 12,0,15,,51283,1,0,9 10,0,15,,51289,1,0,5 2 11 2 12,0,15,,51260,1,0,9 10,0,55,,51301,1,0,5 2 11 2 12,0,15,,51269,1,0,9 10,0,15,,51295,1,0,5 2 11 2 12,0,15,,51277,1,0,9 10,0,55,,51292,1,0,5 2 11 2 12,0,15,,51284,1,0,9 10,0,15,,51300,1,0,5 2 11 2 12,0,15,,51261,1,0,9 10,0,55,,51306,1,0,5 2 11 2 12,0,15,,51270,1,0,9 10,0,15,,51307,1,0,5 2 11 2 12,0,15,,51278,1,0,9 10,0,55,,51311,1,0,5 2 11 2 12,0,15,,51285,1,0,9 10,0,15,,51312,1,0,5 2 11 2 12,0,15,,51262,1,0,9 10,0,55,,51313,1,0,5 2 11 2 12,0,15,,51271,1,0,9 10,0,30,,51279,1,0,9 10,0,70,,51286,1,0,9 10,0,30,,51263,1,0,9 10,0,65,,51316,1,0,9 10,0,30,,51315,1,0,5 2 11 2 12,0
10019019,'1892',743,,48408,15,4,,0
10019019,'1896',813,,51457,15,4,,0
10019019,'1897',743,,51461,15,4,,0,70,,51464,15,4,,0
