16029,'1912',718,,67445,2,,,0,102,,71800,2,,,0,97,,71798,2,,,0,103,,71803,2,,,0,98,,71805,2,,,0,100,,71802,2,,,0,101,,71804,2,,,0,100,,71797,2,,,0,100,,71799,2,,,0,99,,71801,2,,,0,99,,67438,2,,,0,100,,61917,2,,,0,100,,61912,2,,,0,102,,61913,2,,,0,97,,71806,2,,,0
16029,'1959',718,,67457,2,,,0,102,,71843,2,,,0,97,,71841,2,,,0,103,,71846,2,,,0,98,,71848,2,,,0,100,,71845,2,,,0,101,,71847,2,,,0,100,,71840,2,,,0,100,,71842,2,,,0,99,,71844,2,,,0,99,,67450,2,,,0,100,,61932,2,,,0,100,,61927,2,,,0,102,,61928,2,,,0,97,,71849,2,,,0
16029,'1967',552,,61905,2,,,0,67,,61904,2,,,0,30,,61888,2,,,0,67,,61874,2,,,0,30,,61881,2,,,0,71,,61895,2,,,0,30,,61889,2,,,0,70,,61875,2,,,0,31,,61882,2,,,0,70,,61896,2,,,0,30,,61890,2,,,0,70,,61876,2,,,0,30,,61883,2,,,0,70,,61897,2,,,0,32,,61891,2,,,0,70,,61877,2,,,0,30,,61884,2,,,0,70,,61898,2,,,0,30,,61892,2,,,0,70,,61878,2,,,0,30,,61885,2,,,0,70,,61899,2,,,0,29,,61893,2,,,0,70,,61879,2,,,0,30,,61886,2,,,0,69,,61900,2,,,0,29,,61894,2,,,0,70,,61880,2,,,0,29,,61887,2,,,0,70,,61901,2,,,0,100,,61902,2,,,0,30,,61903,2,,,0
16029,'1969',718,,67469,2,,,0,102,,71810,2,,,0,97,,71808,2,,,0,103,,71813,2,,,0,98,,71815,2,,,0,100,,71812,2,,,0,101,,71814,2,,,0,100,,71807,2,,,0,100,,71809,2,,,0,99,,71811,2,,,0,99,,67462,2,,,0,100,,61947,2,,,0,100,,61942,2,,,0,102,,61943,2,,,0,97,,71816,2,,,0
16029,'1976',549,,71839,2,,,0,70,,71817,2,,,0,33,,71818,2,,,0,74,,71819,2,,,0,30,,71820,2,,,0,73,,74482,2,,,0,30,,74483,2,,,0,71,,74484,2,,,0,27,,71824,2,,,0,70,,71825,2,,,0,30,,74485,2,,,0,70,,71827,2,,,0,30,,71828,2,,,0,70,,71829,2,,,0,30,,71830,2,,,0,70,,71831,2,,,0,31,,71832,2,,,0,70,,71833,2,,,0,30,,74486,2,,,0,70,,61859,2,,,0,72,,74487,2,,,0,30,,74488,2,,,0,70,,74489,2,,,0,28,,74490,2,,,0,30,,74491,2,,,0,70,,74496,2,,,0,27,,74492,2,,,0,70,,74493,2,,,0,30,,74494,2,,,0,64,,71836,2,,,0,29,,74495,2,,,0,70,,71837,2,,,0,27,,71838,2,,,0
16029,'1977',549,,75718,2,,,0,70,,75686,2,,,0,33,,75687,2,,,0,74,,75688,2,,,0,30,,75689,2,,,0,73,,75690,2,,,0,30,,75691,2,,,0,71,,75692,2,,,0,27,,75693,2,,,0,70,,75694,2,,,0,30,,75695,2,,,0,70,,75696,2,,,0,30,,75697,2,,,0,70,,75698,2,,,0,30,,75699,2,,,0,70,,75700,2,,,0,31,,75701,2,,,0,70,,75702,2,,,0,30,,75703,2,,,0,70,,75704,2,,,0,72,,75705,2,,,0,30,,75706,2,,,0,70,,75707,2,,,0,28,,75708,2,,,0,30,,75709,2,,,0,70,,75717,2,,,0,27,,75710,2,,,0,70,,75711,2,,,0,30,,75712,2,,,0,64,,75713,2,,,0,29,,75714,2,,,0,70,,75715,2,,,0,27,,75716,2,,,0
701019,'1912',607,,72956,3,,,0,28,,72982,3,,,0,69,,72974,3,,,0,30,,72953,3,,,0,70,,72975,3,,,0,30,,72957,3,,,0,70,,72952,3,,,0,30,,68928,3,,,0,70,,72960,3,,,0,30,,72949,3,,,0,70,,72978,3,,,0,30,,68905,3,,,0,70,,68894,3,,,0,30,,68925,3,,,0,70,,68909,3,,,0,30,,72948,3,,,0,70,,72977,3,,,0,30,,72961,3,,,0,70,,72946,3,,,0,30,,72976,3,,,0,70,,72958,3,,,0,30,,72944,3,,,0,70,,72979,3,,,0,30,,72966,3,,,0,70,,72941,3,,,0,30,,72987,3,,,0,70,,72968,3,,,0,30,,72939,3,,,0,70,,72984,3,,,0,30,,72970,3,,,0,70,,72936,3,,,0,30,,68934,3,,,0,69,,72969,3,,,0,30,,72938,3,,,0,70,,68938,3,,,0,25,,72992,3,,,0
701019,'1959',607,,73165,3,,,0,28,,73191,3,,,0,69,,73183,3,,,0,30,,73162,3,,,0,70,,73184,3,,,0,30,,73166,3,,,0,70,,73161,3,,,0,30,,69027,3,,,0,70,,73169,3,,,0,30,,73158,3,,,0,70,,73187,3,,,0,30,,69004,3,,,0,70,,68993,3,,,0,30,,69024,3,,,0,70,,69008,3,,,0,30,,73157,3,,,0,70,,73186,3,,,0,30,,73170,3,,,0,70,,73155,3,,,0,30,,73185,3,,,0,70,,73167,3,,,0,30,,73153,3,,,0,70,,73188,3,,,0,30,,73175,3,,,0,70,,73150,3,,,0,30,,73196,3,,,0,70,,73177,3,,,0,30,,73148,3,,,0,70,,73193,3,,,0,30,,73179,3,,,0,70,,73145,3,,,0,30,,69033,3,,,0,69,,73178,3,,,0,30,,73147,3,,,0,70,,69037,3,,,0,25,,73201,3,,,0
701019,'1967',607,,68783,3,,,0,28,,68763,3,,,0,68,,68780,3,,,0,30,,68776,3,,,0,71,,68778,3,,,0,30,,68779,3,,,0,70,,68781,3,,,0,30,,68777,3,,,0,70,,68813,3,,,0,30,,68822,3,,,0,70,,68809,3,,,0,30,,68818,3,,,0,70,,68814,3,,,0,30,,68807,3,,,0,70,,68852,3,,,0,30,,68806,3,,,0,70,,68808,3,,,0,30,,68836,3,,,0,70,,68832,3,,,0,30,,68825,3,,,0,70,,73136,3,,,0,30,,68833,3,,,0,70,,68850,3,,,0,30,,68798,3,,,0,70,,73133,3,,,0,30,,68805,3,,,0,70,,68834,3,,,0,30,,68758,3,,,0,70,,68764,3,,,0,30,,68771,3,,,0,70,,68754,3,,,0,30,,68759,3,,,0,70,,68765,3,,,0,30,,68772,3,,,0,70,,68755,3,,,0,25,,68796,3,,,0
701019,'1969',607,,73016,3,,,0,28,,73042,3,,,0,69,,73034,3,,,0,30,,73013,3,,,0,70,,73035,3,,,0,30,,73017,3,,,0,70,,73012,3,,,0,30,,69126,3,,,0,70,,73020,3,,,0,30,,73009,3,,,0,70,,73038,3,,,0,30,,69103,3,,,0,70,,69092,3,,,0,30,,69123,3,,,0,70,,69107,3,,,0,30,,73008,3,,,0,70,,73037,3,,,0,30,,73021,3,,,0,70,,73006,3,,,0,30,,73036,3,,,0,70,,73018,3,,,0,30,,73004,3,,,0,70,,73039,3,,,0,30,,73026,3,,,0,70,,73001,3,,,0,30,,73047,3,,,0,70,,73028,3,,,0,30,,72999,3,,,0,70,,73044,3,,,0,30,,73030,3,,,0,70,,72996,3,,,0,30,,69132,3,,,0,69,,73029,3,,,0,30,,72998,3,,,0,70,,69136,3,,,0,25,,73052,3,,,0
701019,'1976',548,,73109,3,,,0,70,,73110,3,,,0,18,,69307,3,,,0,14,,73111,3,,,0,69,,73116,3,,,0,15,,69299,3,,,0,25,,69300,3,,,0,53,,73112,3,,,0,20,,69302,3,,,0,70,,73092,3,,,0,30,,74986,3,,,0,70,,74979,3,,,0,30,,73094,3,,,0,70,,73095,3,,,0,30,,74980,3,,,0,70,,69274,3,,,0,30,,73097,3,,,0,70,,74981,3,,,0,30,,74982,3,,,0,70,,73099,3,,,0,30,,73100,3,,,0,14,,69310,3,0,5 2 11 2 12,0,56,,74987,3,,,0,11,,69280,3,,,0,20,,73114,3,,,0,19,,73119,3,0,5 2 11 2 12,0,61,,73101,3,,,0,20,,73102,3,,,0,21,,73120,3,0,5 2 11 2 12,0,60,,73113,3,,,0,20,,73108,3,,,0,25,,73107,3,,,0,60,,74983,3,,,0,15,,69283,3,,,0,70,,69284,3,,,0,30,,73103,3,,,0,69,,69286,3,,,0,30,,73104,3,,,0,70,,69288,3,,,0,30,,69289,3,,,0,70,,73105,3,,,0,30,,69291,3,,,0,70,,69292,3,,,0,25,,73118,3,,,0
701019,'1977',548,,76301,3,,,0,70,,76302,3,,,0,18,,76312,3,,,0,14,,76303,3,,,0,69,,76311,3,,,0,15,,76304,3,,,0,25,,76305,3,,,0,53,,76306,3,,,0,20,,76307,3,,,0,70,,76274,3,,,0,30,,76319,3,,,0,70,,76275,3,,,0,30,,76276,3,,,0,70,,76277,3,,,0,30,,76278,3,,,0,70,,76279,3,,,0,30,,76280,3,,,0,70,,76281,3,,,0,30,,76282,3,,,0,70,,76283,3,,,0,30,,76284,3,,,0,14,,76316,3,0,5 2 11 2 12,0,56,,76320,3,,,0,11,,76285,3,,,0,20,,76309,3,,,0,19,,76315,3,0,5 2 11 2 12,0,61,,76286,3,,,0,20,,76287,3,,,0,21,,76317,3,0,5 2 11 2 12,0,60,,76308,3,,,0,20,,76300,3,,,0,25,,76299,3,,,0,60,,76298,3,,,0,15,,76288,3,,,0,70,,76289,3,,,0,30,,76290,3,,,0,69,,76291,3,,,0,30,,76292,3,,,0,70,,76293,3,,,0,30,,76294,3,,,0,70,,76295,3,,,0,30,,76296,3,,,0,70,,76297,3,,,0,25,,76314,3,,,0
