4019,'1838',813,,35397,17,4,,0,30,,51701,17,4,,0,70,,35395,17,4,,0,30,,44020,17,4,,0,73,,51700,17,4,,0,30,,51692,17,4,,0,70,,51695,17,4,,0,30,,51697,17,4,,0,69,,51699,17,4,,0,32,,51690,17,4,,0,69,,44004,17,4,,0,30,,51694,17,4,,0,69,,44011,17,4,,0,30,,51698,17,4,,0,70,,44000,17,4,,0,30,,51691,17,4,,0,70,,44006,17,4,,0,30,,51696,17,4,,0,69,,44013,17,4,,0,31,,51689,17,4,,0,70,,44002,17,4,,0,28,,51693,17,4,,0,70,,44009,17,4,,0,100,,51702,17,4,,0,100,,44021,17,4,,0
4019,'1897',643,,48812,17,4,,0,71,,48838,17,4,,0,30,,48813,17,4,,0,67,,48814,17,4,,0,36,,48815,17,4,,0,64,,48816,17,4,,0,36,,48817,17,4,,0,68,,48818,17,4,,0,29,,48819,17,4,,0,70,,48820,17,4,,0,31,,48821,17,4,,0,72,,48822,17,4,,0,30,,48823,17,4,,0,70,,48824,17,4,,0,30,,48825,17,4,,0,72,,48826,17,4,,0,30,,48827,17,4,,0,75,,48828,17,4,,0,30,,48829,17,4,,0,71,,48830,17,4,,0,24,,48831,17,4,,0,73,,48832,17,4,,0,22,,48833,17,4,,0,75,,48834,17,4,,0,21,,48835,17,4,,0,75,,48836,17,4,,0,28,,48837,17,4,,0,70,,48806,17,4,,0,30,,48807,17,4,,0,70,,48808,17,4,,0,30,,48809,17,4,,0,70,,48810,17,4,,0,30,,48811,17,4,,0
4019,'1898',713,,48870,17,4,,0,30,,48846,17,4,,0,71,,48840,17,4,,0,30,,48850,17,4,,0,70,,48861,17,4,,0,30,,48856,17,4,,0,72,,48844,17,4,,0,30,,48866,17,4,,0,70,,48843,17,4,,0,30,,48863,17,4,,0,69,,48858,17,4,,0,32,,48851,17,4,,0,69,,48864,17,4,,0,30,,48867,17,4,,0,70,,48842,17,4,,0,30,,48853,17,4,,0,70,,48841,17,4,,0,30,,48847,17,4,,0,70,,48865,17,4,,0,30,,48862,17,4,,0,69,,48859,17,4,,0,30,,48848,17,4,,0,70,,48868,17,4,,0,28,,48869,17,4,,0,70,,48839,17,4,,0,300,,48849,17,4,,0
4019,'1899',813,,51726,17,4,,0,30,,51727,17,4,,0,70,,51724,17,4,,0,30,,51728,17,4,,0,73,,51725,17,4,,0,30,,51709,17,4,,0,70,,51713,17,4,,0,30,,51717,17,4,,0,69,,51720,17,4,,0,32,,51705,17,4,,0,69,,51708,17,4,,0,30,,51712,17,4,,0,69,,51716,17,4,,0,30,,51718,17,4,,0,70,,51704,17,4,,0,30,,51707,17,4,,0,70,,51711,17,4,,0,30,,51715,17,4,,0,69,,51719,17,4,,0,31,,51703,17,4,,0,70,,51706,17,4,,0,28,,51710,17,4,,0,70,,51714,17,4,,0,100,,51729,17,4,,0,100,,51730,17,4,,0
7019,'1838',758,,51795,29,4,,0,71,,51817,14,4,,0,30,,51796,29,4,,0,73,,51809,14,4,,0,102,,51816,14,4,,0,68,,51797,29,4,,0,32,,51808,14,4,,0,68,,51798,29,4,,0,32,,51815,14,4,,0,68,,51799,29,4,,0,33,,51807,14,4,,0,67,,51800,29,4,,0,33,,51814,14,4,,0,68,,51801,29,4,,0,33,,51806,14,4,,0,67,,51802,29,4,,0,33,,51813,14,4,,0,66,,51803,29,4,,0,33,,51805,14,4,,0,67,,51791,29,4,,0,32,,51812,14,4,,0,67,,51792,29,4,,0,30,,51810,14,4,,0,27,,51790,29,4,,0,70,,51811,14,4,,0,28,,51794,29,4,,0,72,,51818,14,4,,0,28,,51793,29,4,,0
7019,'1897',629,,49109,12,4,,0,71,,49073,29,4,,0,31,,49074,29,4,,0,72,,49082,29,4,,0,32,,49075,29,4,,0,70,,49083,29,4,,0,28,,49076,29,4,,0,70,,49084,29,4,,0,31,,49077,29,4,,0,70,,49085,29,4,,0,30,,49078,29,4,,0,71,,49086,29,4,,0,30,,49079,29,4,,0,70,,49087,29,4,,0,30,,49080,29,4,,0,70,,49088,29,4,,0,32,,49081,29,4,,0,74,,49101,29,4,,0,33,,49102,29,4,,0,66,,49103,29,4,,0,30,,49104,29,4,,0,70,,49089,29,4,,0,28,,49091,29,4,,0,65,,49090,29,4,,0,30,,49093,29,4,,0,68,,49094,29,4,,0,30,,49095,29,4,,0,27,,49096,29,4,,0,70,,49097,29,4,,0,30,,49098,29,4,,0,98,,49099,29,4,,0,99,,49100,29,4,,0,100,,49092,29,4,,0
7019,'1898',630,,49142,12,4,,0,28,,49122,29,4,,0,70,,49115,29,4,,0,30,,49123,29,4,,0,70,,49116,29,4,,0,31,,49124,29,4,,0,70,,49117,29,4,,0,30,,49125,29,4,,0,73,,49118,29,4,,0,70,,49126,29,4,,0,30,,49119,29,4,,0,70,,49127,29,4,,0,30,,49120,29,4,,0,70,,49128,29,4,,0,30,,49121,29,4,,0,70,,49129,29,4,,0,30,,49134,29,4,,0,71,,49130,29,4,,0,30,,49136,29,4,,0,70,,49131,29,4,,0,30,,49135,29,4,,0,69,,49132,29,4,,0,30,,49137,29,4,,0,70,,49133,29,4,,0,30,,49140,29,4,,0,69,,49110,29,4,,0,27,,49138,29,4,,0,30,,49111,29,4,,0,68,,49139,29,4,,0,30,,49112,29,4,,0,100,,49113,29,4,,0,99,,49114,29,4,,0
7019,'1899',758,,51830,29,4,,0,71,,51852,14,4,,0,30,,51831,29,4,,0,73,,51844,14,4,,0,102,,51851,14,4,,0,68,,51832,29,4,,0,32,,51843,14,4,,0,68,,51833,29,4,,0,32,,51850,14,4,,0,68,,51834,29,4,,0,33,,51842,14,4,,0,67,,51835,29,4,,0,33,,51849,14,4,,0,68,,51836,29,4,,0,33,,51841,14,4,,0,67,,51837,29,4,,0,33,,51848,14,4,,0,66,,51838,29,4,,0,33,,51840,14,4,,0,67,,51826,29,4,,0,32,,51847,14,4,,0,67,,51827,29,4,,0,30,,51845,14,4,,0,27,,51825,29,4,,0,70,,51846,14,4,,0,28,,51829,29,4,,0,72,,51853,14,4,,0,28,,51828,29,4,,0
14019,'1838',635,,52003,1,,,0,65,,52003,27,4,,0,35,,52004,1,,,0,65,,52004,27,4,,0,35,,51993,1,,,0,67,,51993,27,4,,0,33,,51994,1,,,0,67,,51994,27,4,,0,33,,51995,1,,,0,67,,51995,27,4,,0,33,,51996,1,,,0,68,,51996,27,4,,0,32,,51997,1,,,0,68,,51997,27,4,,0,32,,51998,1,,,0,69,,51998,27,4,,0,31,,51999,1,,,0,69,,51999,27,4,,0,31,,52000,1,,,0,69,,52000,27,4,,0,31,,52001,1,,,0,67,,52001,27,4,,0,33,,36773,1,,,0,67,,36773,27,4,,0,33,,52002,1,,,0,67,,52002,27,4,,0,33,,51992,1,,,0,65,,51992,27,4,,0,30,,36762,1,,,0,25,,36762,27,4,,0
14019,'1897',510,,49609,1,,,0,25,,49609,27,4,,0,75,,49608,1,,,0,25,,49608,27,4,,0,15,,49579,1,,,0,65,,49579,27,4,,0,5,,49592,1,,,0,25,,49592,27,4,,0,3,,49580,1,,,0,62,,49593,1,,,0,4,,49580,27,4,,0,23,,49593,27,4,,0,3,,49581,1,,,0,67,,49581,27,4,,0,3,,49594,1,,,0,27,,49594,27,4,,0,3,,49582,1,,,0,67,,49582,27,4,,0,3,,49595,1,,,0,27,,49595,27,4,,0,3,,49583,1,,,0,67,,49583,27,4,,0,3,,49596,1,,,0,27,,49596,27,4,,0,3,,49584,1,,,0,67,,49584,27,4,,0,3,,49597,1,,,0,27,,49597,27,4,,0,3,,49585,1,,,0,67,,49585,27,4,,0,3,,49598,1,,,0,27,,49598,27,4,,0,3,,49586,1,,,0,67,,49586,27,4,,0,3,,49599,1,,,0,27,,49599,27,4,,0,3,,49587,1,,,0,68,,49587,27,4,,0,2,,49600,1,,,0,30,,49600,27,4,,0,10,,49588,1,,,0,70,,49601,1,,,0,30,,49601,27,4,,0,68,,49589,27,4,,0,2,,49602,1,,,0,28,,49602,27,4,,0,2,,49590,1,,,0,60,,49603,1,,,0,8,,49590,27,4,,0,19,,49603,27,4,,0,3,,49591,1,,,0,67,,49591,27,4,,0,3,,49604,1,,,0,27,,49604,27,4,,0,3,,49610,1,,,0,67,,49610,27,4,,0,3,,49605,1,,,0,26,,49605,27,4,,0,66,,49606,1,,,0,26,,49606,27,4,,0,74,,49607,1,,,0,26,,49607,27,4,,0
14019,'1898',635,,49611,1,,,0,65,,49611,27,4,,0,35,,49612,1,,,0,65,,49612,27,4,,0,35,,49613,1,,,0,67,,49613,27,4,,0,33,,49614,1,,,0,67,,49614,27,4,,0,33,,49615,1,,,0,67,,49615,27,4,,0,33,,49616,1,,,0,68,,49616,27,4,,0,32,,49617,1,,,0,68,,49617,27,4,,0,32,,49618,1,,,0,69,,49618,27,4,,0,31,,49619,1,,,0,69,,49619,27,4,,0,31,,49620,1,,,0,69,,49620,27,4,,0,31,,49621,1,,,0,67,,49621,27,4,,0,33,,49622,1,,,0,67,,49622,27,4,,0,33,,49623,1,,,0,67,,49623,27,4,,0,33,,49624,1,,,0,65,,49624,27,4,,0,35,,49625,1,,,0,65,,49625,27,4,,0,30,,49626,1,,,0,25,,49626,27,4,,0,75,,49627,1,,,0,25,,49627,27,4,,0
14019,'1899',635,,52018,1,,,0,65,,52018,27,4,,0,35,,52019,1,,,0,65,,52019,27,4,,0,35,,52007,1,,,0,67,,52007,27,4,,0,33,,52008,1,,,0,67,,52008,27,4,,0,33,,52009,1,,,0,67,,52009,27,4,,0,33,,52010,1,,,0,68,,52010,27,4,,0,32,,52011,1,,,0,68,,52011,27,4,,0,32,,52012,1,,,0,69,,52012,27,4,,0,31,,52013,1,,,0,69,,52013,27,4,,0,31,,52014,1,,,0,69,,52014,27,4,,0,31,,52015,1,,,0,67,,52015,27,4,,0,33,,52016,1,,,0,67,,52016,27,4,,0,33,,52017,1,,,0,67,,52017,27,4,,0,33,,52006,1,,,0,65,,52006,27,4,,0,30,,52005,1,,,0,25,,52005,27,4,,0
15019,'1838',705,,52031,1,,,0,100,,52029,1,,,0,100,,52032,1,,,0,100,,52030,1,,,0,100,,52027,1,,,0,100,,52025,1,,,0,100,,52028,1,,,0,100,,52026,1,,,0,100,,52023,1,,,0,100,,52024,1,,,0,100,,52021,1,,,0,100,,52022,1,,,0,100,,52020,1,,,0,100,,52033,1,,,0
15019,'1897',630,,49638,1,,,0,70,,49639,1,,,0,30,,49640,1,,,0,70,,49641,1,,,0,30,,49642,1,,,0,70,,49643,1,,,0,30,,49644,1,,,0,70,,49645,1,,,0,30,,49646,1,,,0,70,,49647,1,,,0,30,,49648,1,,,0,70,,49649,1,,,0,30,,49650,1,,,0,70,,49651,1,,,0,30,,49652,1,,,0,70,,49653,1,,,0,30,,49654,1,,,0,70,,49655,1,,,0,30,,49656,1,,,0,70,,49657,1,,,0,30,,49658,1,,,0,70,,49659,1,,,0,30,,49660,1,,,0,70,,49661,1,,,0,30,,49662,1,,,0,70,,49663,1,,,0,30,,49664,1,,,0,100,,49665,1,,,0,100,,49666,1,,,0,100,,49667,1,0,5 2 6 7,0
15019,'1898',705,,49668,1,,,0,100,,49669,1,,,0,100,,49670,1,,,0,100,,49671,1,,,0,100,,49672,1,,,0,100,,49673,1,,,0,100,,49674,1,,,0,100,,49675,1,,,0,100,,49676,1,,,0,100,,49677,1,,,0,100,,49678,1,,,0,100,,49679,1,,,0,100,,49680,1,,,0,100,,49681,1,,,0
15019,'1899',705,,52045,1,,,0,100,,52043,1,,,0,100,,52046,1,,,0,100,,52044,1,,,0,100,,52041,1,,,0,100,,52039,1,,,0,100,,52042,1,,,0,100,,52040,1,,,0,100,,52037,1,,,0,100,,52038,1,,,0,100,,52035,1,,,0,100,,52036,1,,,0,100,,52034,1,,,0,100,,52047,1,,,0
15029,'1897',630,,49692,39,4,,0,20,,49693,39,4,,0,71,,49694,79,4,,0,33,,49695,79,4,,0,74,,49696,79,4,,0,29,,49697,79,4,,0,73,,49698,79,4,,0,70,,49699,79,4,,0,25,,49700,79,4,,0,30,,49701,79,4,,0,70,,49702,79,4,,0,30,,49703,79,4,,0,70,,49704,79,4,,0,30,,49705,79,4,,0,70,,49706,79,4,,0,30,,49707,79,4,,0,70,,49708,79,4,,0,34,,49709,79,4,,0,73,,49710,79,4,,0,75,,49711,79,4,,0,32,,49712,79,4,,0,68,,49713,79,4,,0,24,,49714,79,4,,0,23,,49715,79,4,,0,69,,49716,79,4,,0,29,,49717,79,4,,0,67,,49718,79,4,,0,30,,49719,79,4,,0,70,,49720,79,4,,0,30,,49721,79,4,,0,70,,49722,79,4,,0,98,,49724,79,4,,0,97,,49723,79,4,,0
15029,'1898',757,,49728,79,4,,0,93,,49729,79,4,,0,100,,49730,79,4,,0,100,,49731,79,4,,0,103,,49732,79,4,,0,100,,49733,79,4,,0,100,,49734,79,4,,0,106,,49735,79,4,,0,100,,49736,79,4,,0,97,,49737,79,4,,0,98,,49738,79,4,,0,99,,49739,79,4,,0,99,,49725,79,4,,0,100,,49726,79,4,,0
19019,'1838',627,,52141,16,4,,0,112,,52134,16,4,,0,100,,45225,16,4,,0,70,,52138,16,4,,0,30,,37464,16,4,,0,70,,45220,16,4,,0,31,,52150,16,4,,0,71,,52148,16,4,,0,30,,52149,16,4,,0,70,,52136,16,4,,0,30,,52151,16,4,,0,70,,52135,16,4,,0,30,,45234,16,4,,0,70,,52144,16,4,,0,31,,45228,16,4,,0,71,,52139,16,4,,0,30,,45221,16,4,,0,70,,52142,16,4,,0,30,,45224,16,4,,0,68,,52137,16,4,,0,29,,45217,16,4,,0,70,,52145,16,4,,0,30,,45219,16,4,,0,70,,52140,16,4,,0,30,,45213,16,4,,0,70,,45227,16,4,,0,45,,52143,16,4,,0,100,,52146,16,4,,0,100,,52147,16,4,,0,84,,37486,16,4,,0
19019,'1897',843,,49881,16,4,,0,68,,49878,16,4,,0,30,,49874,16,4,,0,70,,49876,16,4,,0,30,,49882,16,4,,0,70,,49884,16,4,,0,30,,49877,16,4,,0,70,,49893,16,4,,0,30,,49880,16,4,,0,70,,49892,16,4,,0,30,,49875,16,4,,0,70,,49894,16,4,,0,30,,49890,16,4,,0,72,,49879,16,4,,0,31,,49885,16,4,,0,297,,49889,16,4,,0,70,,49895,16,4,,0,30,,49888,16,4,,0,100,,49887,16,4,,0,99,,49886,16,4,,0,99,,49891,16,4,,0,99,,49883,16,4,,0
19019,'1898',629,,49926,16,4,,0,80,,49910,16,4,,0,30,,49900,16,4,,0,70,,49921,16,4,,0,30,,49912,16,4,,0,70,,49902,16,4,,0,30,,49897,16,4,,0,70,,49919,16,4,,0,31,,49920,16,4,,0,71,,49911,16,4,,0,30,,49901,16,4,,0,70,,49899,16,4,,0,30,,49915,16,4,,0,70,,49907,16,4,,0,30,,49917,16,4,,0,70,,49927,16,4,,0,31,,49918,16,4,,0,71,,49898,16,4,,0,30,,49896,16,4,,0,70,,49903,16,4,,0,30,,49914,16,4,,0,68,,49906,16,4,,0,29,,49904,16,4,,0,70,,49916,16,4,,0,30,,49923,16,4,,0,70,,49905,16,4,,0,30,,49924,16,4,,0,110,,49922,16,4,,0,70,,49909,16,4,,0,100,,49913,16,4,,0,100,,49908,16,4,,0,25,,49925,16,4,,0
19019,'1899',627,,52165,16,4,,0,112,,52152,16,4,,0,100,,52169,16,4,,0,70,,52157,16,4,,0,30,,52158,16,4,,0,70,,52162,16,4,,0,31,,52178,16,4,,0,71,,52176,16,4,,0,30,,52177,16,4,,0,70,,52155,16,4,,0,30,,52179,16,4,,0,70,,52154,16,4,,0,30,,52181,16,4,,0,70,,52170,16,4,,0,31,,52172,16,4,,0,71,,52160,16,4,,0,30,,52163,16,4,,0,70,,52166,16,4,,0,30,,52168,16,4,,0,68,,52156,16,4,,0,29,,52159,16,4,,0,70,,52173,16,4,,0,30,,52161,16,4,,0,70,,52164,16,4,,0,30,,52153,16,4,,0,70,,52171,16,4,,0,45,,52167,16,4,,0,100,,52174,16,4,,0,100,,52175,16,4,,0,84,,52180,16,4,,0
19029,'1838',608,,52196,1,,,0,112,,52197,1,,,0,100,,45381,1,,,0,30,,52194,1,,,0,70,,37666,1,,,0,30,,45378,1,,,0,70,,52184,1,,,0,30,,52186,1,,,0,70,,52189,1,,,0,30,,52191,1,,,0,70,,52192,1,,,0,30,,52182,1,,,0,70,,45369,1,,,0,30,,52188,1,,,0,70,,45375,1,,,0,30,,52193,1,,,0,70,,45363,1,,,0,30,,52185,1,,,0,70,,45371,1,,,0,30,,52190,1,,,0,70,,45379,1,,,0,30,,52183,1,,,0,70,,45367,1,,,0,30,,52187,1,,,0,70,,45384,1,,,0,30,,45385,1,,,0,85,,52198,1,,,0,100,,52199,1,,,0,100,,52195,1,,,0,85,,37650,1,,,0
19029,'1897',820,,49936,1,,,0,30,,49938,1,,,0,70,,49929,1,,,0,30,,49928,1,,,0,70,,49933,1,,,0,30,,49934,1,,,0,70,,49931,1,,,0,30,,49935,1,,,0,70,,49937,1,,,0,30,,49939,1,,,0,70,,49930,1,,,0,30,,49932,1,,,0,70,,49940,1,,,0,30,,49942,1,,,0,70,,49949,1,,,0,300,,49944,1,,,0,30,,49943,1,,,0,70,,49948,1,,,0,100,,49947,1,,,0,100,,49946,1,,,0,100,,49945,1,,,0,100,,49941,1,,,0
19029,'1898',610,,49974,1,,,0,40,,49975,1,,,0,70,,49968,1,,,0,30,,49952,1,,,0,70,,49970,1,,,0,30,,49969,1,,,0,70,,49950,1,,,0,30,,49964,1,,,0,70,,49971,1,,,0,30,,49957,1,,,0,70,,49967,1,,,0,30,,49956,1,,,0,70,,49966,1,,,0,30,,49962,1,,,0,70,,49973,1,,,0,30,,49981,1,,,0,70,,49960,1,,,0,30,,49955,1,,,0,70,,49959,1,,,0,30,,49965,1,,,0,70,,49961,1,,,0,30,,49972,1,,,0,70,,49953,1,,,0,30,,49963,1,,,0,70,,49958,1,,,0,30,,49951,1,,,0,70,,49976,1,,,0,110,,49980,1,,,0,70,,49977,1,,,0,100,,49978,1,,,0,100,,49979,1,,,0,25,,49954,1,,,0
19029,'1899',608,,52224,1,,,0,112,,52225,1,,,0,100,,52223,1,,,0,30,,52221,1,,,0,70,,52216,1,,,0,30,,52219,1,,,0,70,,52204,1,,,0,30,,52208,1,,,0,70,,52212,1,,,0,30,,52215,1,,,0,70,,52217,1,,,0,30,,52202,1,,,0,70,,52207,1,,,0,30,,52211,1,,,0,70,,52214,1,,,0,30,,52218,1,,,0,70,,52201,1,,,0,30,,52206,1,,,0,70,,52210,1,,,0,30,,52213,1,,,0,70,,52220,1,,,0,30,,52203,1,,,0,70,,52205,1,,,0,30,,52209,1,,,0,70,,52226,1,,,0,30,,52229,1,,,0,85,,52227,1,,,0,100,,52228,1,,,0,100,,52222,1,,,0,85,,52200,1,,,0
10019019,'1897',617,,51462,15,4,,0,1000,,51469,15,4,,0,30,,51467,15,4,,0,70,,51465,15,4,,0,30,,51470,15,4,,0,67,,51466,15,4,,0,210,,51468,15,4,,0
10019029,'1897',610,,51474,1,,,0,30,,51477,1,,,0,70,,51476,1,,,0,30,,51478,1,,,0,800,,51483,1,,,0,70,,51481,1,,,0,30,,51479,1,,,0,70,,51484,1,,,0,30,,51480,1,,,0,210,,51482,1,,,0
