1029,'1909',823,,59245,7,,,0,103,,59222,7,,,0,130,,59211,7,,,0,100,,59216,7,,,0,170,,59218,7,,,0,100,,59242,7,,,0,131,,59238,7,,,0,70,,59227,7,,,0,100,,59225,7,,,0,98,,59230,7,,,0,30,,59229,7,,,0,100,,59243,7,,,0,169,,59235,7,,,0,125,,59232,7,,,0
1029,'1912',556,,59281,7,,,0,98,,59282,7,,,0,100,,59283,7,,,0,100,,59284,7,,,0,101,,59285,7,,,0,100,,59286,7,,,0,100,,59287,7,,,0,100,,59288,7,,,0,100,,59289,7,,,0,100,,59290,7,,,0,100,,59291,7,,,0,100,,59292,7,,,0,100,,59293,7,,,0,100,,59294,7,,,0,100,,59295,7,,,0,100,,59296,7,,,0,100,,59297,7,,,0,99,,59298,7,,,0
1029,'1924',556,,59299,7,,,0,98,,59300,7,,,0,100,,59301,7,,,0,100,,59302,7,,,0,101,,59303,7,,,0,100,,59304,7,,,0,100,,59305,7,,,0,100,,59306,7,,,0,100,,59307,7,,,0,100,,59308,7,,,0,100,,59309,7,,,0,100,,59310,7,,,0,100,,59311,7,,,0,100,,59312,7,,,0,100,,59313,7,,,0,100,,59314,7,,,0,100,,59315,7,,,0,99,,59316,7,,,0
1029,'1925',556,,59317,7,,,0,98,,59318,7,,,0,100,,59319,7,,,0,100,,59320,7,,,0,101,,59321,7,,,0,100,,59322,7,,,0,100,,59323,7,,,0,100,,59324,7,,,0,100,,59325,7,,,0,100,,59326,7,,,0,100,,59327,7,,,0,100,,59328,7,,,0,100,,59329,7,,,0,100,,59330,7,,,0,100,,59331,7,,,0,100,,59332,7,,,0,100,,59333,7,,,0,99,,59334,7,,,0
1029,'1949',629,,65993,7,,,0,124,,65987,7,,,0,103,,65990,7,,,0,170,,65991,7,,,0,100,,65996,7,,,0,130,,65995,7,,,0,100,,65988,7,,,0,101,,65989,7,,,0,70,,65994,7,,,0
1029,'1955',556,,65951,7,,,0,68,,65963,7,,,0,30,,65970,7,,,0,70,,65958,7,,,0,30,,65979,7,,,0,70,,65967,7,,,0,30,,65950,7,,,0,68,,65962,7,,,0,30,,65973,7,,,0,70,,65957,7,,,0,30,,65980,7,,,0,70,,65966,7,,,0,30,,65949,7,,,0,70,,65961,7,,,0,30,,65972,7,,,0,70,,65956,7,,,0,30,,65952,7,,,0,70,,65965,7,,,0,30,,65948,7,,,0,70,,65960,7,,,0,30,,65968,7,,,0,70,,65955,7,,,0,30,,65977,7,,,0,70,,65964,7,,,0,30,,65947,7,,,0,72,,65959,7,,,0,30,,65971,7,,,0,70,,65953,7,,,0,30,,65975,7,,,0,70,,65974,7,,,0,30,,59246,7,,,0,70,,65954,7,,,0,30,,65969,7,,,0,70,,65978,7,,,0,30,,65976,7,,,0
1029,'1957',554,,70268,7,,,0,100,,70278,7,,,0,69,,70267,7,,,0,233,,70277,7,,,0,270,,70269,7,,,0,431,,70270,7,,,0,98,,70272,7,,,0,170,,70271,7,,,0,99,,70276,7,,,0,30,,70275,7,,,0,100,,70274,7,,,0,70,,70273,7,,,0
1029,'1958',556,,70284,7,,,0,68,,70296,7,,,0,30,,70303,7,,,0,70,,70291,7,,,0,30,,70312,7,,,0,70,,70300,7,,,0,30,,70283,7,,,0,68,,70295,7,,,0,30,,70306,7,,,0,70,,70290,7,,,0,30,,70313,7,,,0,70,,70299,7,,,0,30,,70282,7,,,0,70,,70294,7,,,0,30,,70305,7,,,0,70,,70289,7,,,0,30,,70285,7,,,0,70,,70298,7,,,0,30,,70281,7,,,0,70,,70293,7,,,0,30,,70301,7,,,0,70,,70288,7,,,0,30,,70310,7,,,0,70,,70297,7,,,0,30,,70280,7,,,0,72,,70292,7,,,0,30,,70304,7,,,0,70,,70286,7,,,0,30,,70308,7,,,0,70,,70307,7,,,0,30,,70279,7,,,0,70,,70287,7,,,0,30,,70302,7,,,0,70,,70311,7,,,0,30,,70309,7,,,0
2029,'1912',609,,70465,6,,,0,30,,70473,6,,,0,66,,70484,6,,,0,28,,70479,6,,,0,70,,70466,6,,,0,30,,70474,6,,,0,70,,70485,6,,,0,30,,70480,6,,,0,70,,70467,6,,,0,30,,70475,6,,,0,70,,70486,6,,,0,30,,70481,6,,,0,70,,70468,6,,,0,30,,70476,6,,,0,70,,70487,6,,,0,30,,70482,6,,,0,70,,70469,6,,,0,30,,70477,6,,,0,70,,70488,6,,,0,30,,70483,6,,,0,70,,70470,6,,,0,30,,70478,6,,,0,70,,70489,6,,,0,29,,70493,6,0,5 2 13 14,0,71,,70471,6,,,0,29,,70492,6,0,5 2 13 14,0,71,,70490,6,,,0,100,,70472,6,,,0,101,,70491,6,,,0,100,,70464,6,,,0,53,,70494,6,0,5 2 13 14,0,101,,70495,6,0,5 2 13 14,0
2029,'1925',609,,70497,6,,,0,30,,70505,6,,,0,66,,70516,6,,,0,28,,70511,6,,,0,70,,70498,6,,,0,30,,70506,6,,,0,70,,70517,6,,,0,30,,70512,6,,,0,70,,70499,6,,,0,30,,70507,6,,,0,70,,70518,6,,,0,30,,70513,6,,,0,70,,70500,6,,,0,30,,70508,6,,,0,70,,70519,6,,,0,30,,70514,6,,,0,70,,70501,6,,,0,30,,70509,6,,,0,70,,70520,6,,,0,30,,70515,6,,,0,70,,70502,6,,,0,30,,70510,6,,,0,70,,70521,6,,,0,29,,70525,6,0,5 2 13 14,0,71,,70503,6,,,0,29,,70524,6,0,5 2 13 14,0,71,,70522,6,,,0,100,,70504,6,,,0,101,,70523,6,,,0,100,,70496,6,,,0,53,,70526,6,0,5 2 13 14,0,101,,70527,6,0,5 2 13 14,0
2029,'1955',538,,59613,6,0,5 2 15 16 17,0,70,,59596,6,,,0,30,,59603,6,,,0,65,,59582,6,,,0,30,,59588,6,,,0,70,,59597,6,,,0,30,,59604,6,,,0,70,,59583,6,,,0,30,,59589,6,,,0,70,,59598,6,,,0,30,,59605,6,,,0,70,,59584,6,,,0,30,,59590,6,,,0,70,,59599,6,,,0,30,,59606,6,,,0,70,,59585,6,,,0,30,,59591,6,,,0,70,,59600,6,,,0,30,,59607,6,,,0,70,,59586,6,,,0,30,,59592,6,,,0,70,,59601,6,,,0,30,,59608,6,,,0,70,,59587,6,,,0,30,,59593,6,,,0,70,,59602,6,,,0,30,,59609,6,,,0,69,,59594,6,,,0,30,,59615,6,0,5 2 13 14,0,70,,59610,6,,,0,100,,59595,6,,,0,100,,59611,6,,,0,56,,59612,6,0,5 2 13 14,0,98,,59614,6,0,5 2 13 14,0
2029,'1956',608,,59650,6,,,0,30,,59658,6,,,0,67,,59669,6,,,0,28,,59664,6,,,0,70,,59651,6,,,0,30,,59659,6,,,0,70,,59670,6,,,0,30,,59665,6,,,0,70,,59652,6,,,0,30,,59660,6,,,0,70,,59671,6,,,0,30,,59666,6,,,0,70,,59653,6,,,0,30,,59661,6,,,0,70,,59672,6,,,0,30,,59667,6,,,0,70,,59654,6,,,0,30,,59662,6,,,0,70,,59673,6,,,0,30,,59668,6,,,0,70,,59655,6,,,0,30,,59663,6,,,0,70,,59674,6,,,0,29,,59678,6,0,5 2 13 14,0,71,,59656,6,,,0,29,,59677,6,0,5 2 13 14,0,70,,59675,6,,,0,100,,59657,6,,,0,101,,59676,6,,,0,100,,59649,6,,,0,54,,59679,6,0,5 2 13 14,0,100,,59680,6,0,5 2 13 14,0
2029,'1957',536,,70528,6,,,0,70,,70529,6,,,0,26,,70530,6,,,0,68,,70531,6,,,0,30,,70532,6,,,0,70,,70533,6,,,0,30,,70534,6,,,0,72,,70535,6,,,0,31,,70536,6,,,0,71,,70559,6,,,0,30,,70555,6,,,0,70,,70561,6,,,0,30,,70557,6,,,0,70,,70558,6,,,0,30,,70554,6,,,0,70,,70560,6,,,0,30,,70556,6,,,0,70,,70562,6,,,0,31,,70537,6,,,0,74,,70538,6,,,0,30,,70539,6,,,0,70,,70540,6,,,0,30,,70541,6,,,0,70,,70542,6,,,0,28,,70543,6,,,0,67,,70544,6,,,0,30,,70548,6,,,0,70,,70549,6,,,0,29,,70552,6,0,5 2 13 14,0,71,,70550,6,,,0,97,,70551,6,,,0,100,,70547,6,,,0,99,,70546,6,0,5 2 13 14,0,58,,70553,6,0,5 2 13 14,0
2029,'1958',539,,70594,6,,,0,70,,70577,6,,,0,30,,70584,6,,,0,64,,70563,6,,,0,30,,70569,6,,,0,70,,70578,6,,,0,30,,70585,6,,,0,70,,70564,6,,,0,30,,70570,6,,,0,70,,70579,6,,,0,30,,70586,6,,,0,70,,70565,6,,,0,30,,70571,6,,,0,70,,70580,6,,,0,30,,70587,6,,,0,70,,70566,6,,,0,30,,70572,6,,,0,70,,70581,6,,,0,30,,70588,6,,,0,70,,70567,6,,,0,30,,70573,6,,,0,70,,70582,6,,,0,30,,70589,6,,,0,70,,70568,6,,,0,30,,70574,6,,,0,70,,70583,6,,,0,30,,70590,6,,,0,70,,70575,6,,,0,29,,70596,6,0,5 2 13 14,0,71,,70591,6,,,0,100,,70576,6,,,0,100,,70592,6,,,0,55,,70593,6,0,5 2 13 14,0,99,,70595,6,0,5 2 13 14,0
2029,'1959',609,,70598,6,,,0,30,,70606,6,,,0,66,,70617,6,,,0,28,,70612,6,,,0,70,,70599,6,,,0,30,,70607,6,,,0,70,,70618,6,,,0,30,,70613,6,,,0,70,,70600,6,,,0,30,,70608,6,,,0,70,,70619,6,,,0,30,,70614,6,,,0,70,,70601,6,,,0,30,,70609,6,,,0,70,,70620,6,,,0,30,,70615,6,,,0,70,,70602,6,,,0,30,,70610,6,,,0,70,,70621,6,,,0,30,,70616,6,,,0,70,,70603,6,,,0,30,,70611,6,,,0,70,,70622,6,,,0,29,,70626,6,0,5 2 13 14,0,71,,70604,6,,,0,29,,70625,6,0,5 2 13 14,0,71,,70623,6,,,0,100,,70605,6,,,0,101,,70624,6,,,0,100,,70597,6,,,0,53,,70627,6,0,5 2 13 14,0,101,,70628,6,0,5 2 13 14,0
