1019,'1838',611,,34814,13,,,0,100,,34815,13,,,0,100,,34816,13,,,0,100,,34817,13,,,0,100,,34818,13,,,0,100,,34819,13,,,0,100,,34820,13,,,0,100,,34821,13,,,0,100,,34822,13,,,0,100,,34823,13,,,0,100,,34824,13,,,0,100,,34825,13,,,0,100,,34826,13,,,0,100,,34827,13,,,0,100,,34828,13,,,0,100,,34829,13,,,0,100,,34830,13,,,0,100,,34831,13,,,0
1019,'1897',541,,48535,13,,,0,70,,48558,13,,,0,30,,48533,13,,,0,70,,48528,13,,,0,30,,48547,13,,,0,71,,48530,13,,,0,30,,48536,13,,,0,70,,48561,13,,,0,30,,48532,13,,,0,70,,48526,13,,,0,31,,48546,13,,,0,70,,48531,13,,,0,30,,48537,13,,,0,70,,48557,13,,,0,30,,48534,13,,,0,70,,48527,13,,,0,30,,48559,13,,,0,70,,48529,13,,,0,30,,48538,13,,,0,70,,48556,13,,,0,29,,48549,13,,,0,70,,48541,13,,,0,30,,48539,13,,,0,70,,48542,13,,,0,30,,48544,13,,,0,70,,48543,13,,,0,29,,48540,13,,,0,70,,48560,13,,,0,30,,48554,13,,,0,70,,48555,13,,,0,30,,48553,13,,,0,70,,48552,13,,,0,30,,48551,13,,,0,70,,48550,13,,,0,30,,48548,13,,,0,70,,48545,13,,,0
1019,'1898',541,,48573,13,,,0,70,,48587,13,,,0,30,,48572,13,,,0,70,,48592,13,,,0,30,,48582,13,,,0,70,,48566,13,,,0,30,,48588,13,,,0,70,,48590,13,,,0,30,,48571,13,,,0,70,,48593,13,,,0,30,,48581,13,,,0,70,,48565,13,,,0,30,,48576,13,,,0,70,,48586,13,,,0,30,,48570,13,,,0,70,,48594,13,,,0,30,,48580,13,,,0,70,,48564,13,,,0,30,,48575,13,,,0,70,,48585,13,,,0,30,,48569,13,,,0,70,,48595,13,,,0,30,,48579,13,,,0,70,,48563,13,,,0,30,,48574,13,,,0,70,,48584,13,,,0,30,,48567,13,,,0,70,,48596,13,,,0,30,,48577,13,,,0,70,,48562,13,,,0,30,,48568,13,,,0,70,,48583,13,,,0,30,,48578,13,,,0,70,,48597,13,,,0,30,,48591,13,,,0,70,,48589,13,,,0
1019,'1899',611,,51529,13,,,0,100,,51530,13,,,0,100,,51531,13,,,0,100,,51532,13,,,0,100,,51533,13,,,0,100,,51534,13,,,0,100,,51535,13,,,0,100,,51536,13,,,0,100,,51537,13,,,0,100,,51538,13,,,0,100,,51539,13,,,0,100,,51540,13,,,0,100,,51541,13,,,0,100,,51542,13,,,0,100,,51543,13,,,0,100,,51544,13,,,0,100,,51545,13,,,0,100,,51546,13,,,0
2019,'1838',656,,51592,22,,,0,70,,51569,22,,,0,30,,51573,22,,,0,70,,51585,22,,,0,30,,51580,22,,,0,70,,51570,22,,,0,30,,51574,22,,,0,70,,51586,22,,,0,30,,51581,22,,,0,70,,51571,22,,,0,30,,51575,22,,,0,70,,51587,22,,,0,30,,51582,22,,,0,70,,51572,22,,,0,30,,51576,22,,,0,70,,51588,22,,,0,30,,51583,22,,,0,70,,51567,22,,,0,30,,51577,22,,,0,70,,51589,22,,,0,30,,51584,22,,,0,70,,51565,22,,,0,30,,51578,22,,,0,70,,51590,22,,,0,100,,51566,22,,,0,100,,51591,22,,,0,100,,51568,22,,,0,100,,51579,22,,,0,99,,51593,22,,,0
2019,'1897',451,,48670,13,0,5 2 13 14,0,175,,48690,22,,,0,30,,48694,22,,,0,68,,48674,22,,,0,32,,48678,22,,,0,70,,48682,22,,,0,30,,48686,22,,,0,70,,48700,22,,,0,30,,48673,22,,,0,70,,48677,22,,,0,30,,48681,22,,,0,70,,48685,22,,,0,30,,48689,22,,,0,70,,48693,22,,,0,30,,48696,22,,,0,70,,48698,22,,,0,30,,48688,22,,,0,70,,48692,22,,,0,30,,48701,22,,,0,70,,48676,22,,,0,30,,48680,22,,,0,70,,48684,22,,,0,28,,48672,22,,,0,72,,48671,22,,,0,30,,48675,22,,,0,70,,48679,22,,,0,30,,48683,22,,,0,70,,48699,22,,,0,100,,48687,22,,,0,100,,48691,22,,,0,100,,48695,22,,,0,100,,48697,22,,,0
2019,'1898',626,,48702,13,,,0,30,,48709,22,,,0,70,,48718,22,,,0,30,,48725,22,,,0,70,,48703,22,,,0,30,,48710,22,,,0,70,,48719,22,,,0,30,,48726,22,,,0,70,,48704,22,,,0,30,,48711,22,,,0,70,,48720,22,,,0,30,,48727,22,,,0,70,,48705,22,,,0,30,,48712,22,,,0,70,,48721,22,,,0,30,,48728,22,,,0,70,,48706,22,,,0,30,,48713,22,,,0,70,,48722,22,,,0,30,,48729,22,,,0,70,,48707,22,,,0,30,,48714,22,,,0,70,,48723,22,,,0,30,,48730,22,,,0,70,,48708,22,,,0,30,,48715,22,,,0,70,,48724,22,,,0,100,,48716,22,,,0,100,,48731,22,,,0,100,,48717,22,,,0,100,,48732,22,,,0
2019,'1899',656,,51621,22,,,0,70,,51598,22,,,0,30,,51602,22,,,0,70,,51614,22,,,0,30,,51609,22,,,0,70,,51599,22,,,0,30,,51603,22,,,0,70,,51615,22,,,0,30,,51610,22,,,0,70,,51600,22,,,0,30,,51604,22,,,0,70,,51616,22,,,0,30,,51611,22,,,0,70,,51601,22,,,0,30,,51605,22,,,0,70,,51617,22,,,0,30,,51612,22,,,0,70,,51596,22,,,0,30,,51606,22,,,0,70,,51618,22,,,0,30,,51613,22,,,0,70,,51594,22,,,0,30,,51607,22,,,0,70,,51619,22,,,0,100,,51595,22,,,0,100,,51620,22,,,0,100,,51597,22,,,0,100,,51608,22,,,0,99,,51622,22,,,0
502029,'1838',626,,52558,15,,,0,28,,52556,15,,,0,65,,52557,15,,,0,30,,52560,15,,,0,71,,39296,15,,,0,30,,52559,15,,,0,72,,39294,15,,,0,30,,46384,15,,,0,70,,39283,15,,,0,30,,46383,15,,,0,55,,52565,15,,,0,15,,39284,15,,,0,16,,52566,15,,,0,15,,46382,15,,,0,55,,52568,15,,,0,15,,46374,15,,,0,15,,46389,15,,,0,15,,46381,15,,,0,55,,52563,15,,,0,15,,39286,15,,,0,15,,46393,15,,,0,15,,46380,15,,,0,55,,52567,15,,,0,16,,39287,15,,,0,15,,46397,15,,,0,15,,46379,15,,,0,55,,52561,15,,,0,15,,39288,15,,,0,15,,46390,15,,,0,15,,46378,15,,,0,55,,52564,15,,,0,14,,39289,15,,,0,14,,46394,15,,,0,15,,46377,15,,,0,55,,52569,15,,,0,15,,39290,15,,,0,15,,46387,15,,,0,15,,46376,15,,,0,55,,52562,15,,,0,15,,39299,15,,,0,30,,46375,15,,,0,70,,43630,15,,,0,30,,39304,15,,,0,70,,39292,15,,,0,30,,39303,15,,,0,70,,39293,15,,,0,30,,39301,15,,,0,68,,39298,15,,,0,30,,39302,15,,,0,70,,39295,15,,,0
502029,'1897',551,,50592,15,,,0,55,,50593,15,,,0,15,,50594,15,,,0,17,,50595,15,,,0,7,,50596,15,,,0,8,,50597,15,,,0,56,,50598,15,,,0,13,,50599,15,,,0,13,,50600,15,,,0,13,,50601,15,,,0,7,,50602,15,,,0,46,,50603,15,,,0,12,,50604,15,,,0,6,,50605,15,,,0,6,,50606,15,,,0,12,,50607,15,,,0,12,,50608,15,,,0,52,,50609,15,,,0,10,,50610,15,,,0,13,,50611,15,,,0,14,,50612,15,,,0,15,,50613,15,,,0,55,,50614,15,,,0,15,,50615,15,,,0,15,,50616,15,,,0,16,,50617,15,,,0,55,,50618,15,,,0,15,,50619,15,,,0,16,,50620,15,,,0,15,,50621,15,,,0,55,,50622,15,,,0,15,,50623,15,,,0,15,,50624,15,,,0,15,,50625,15,,,0,55,,50626,15,,,0,15,,50627,15,,,0,15,,50628,15,,,0,15,,50629,15,,,0,55,,50630,15,,,0,15,,50631,15,,,0,16,,50632,15,,,0,16,,50633,15,,,0,55,,50634,15,,,0,15,,50635,15,,,0,15,,50636,15,,,0,12,,50637,15,,,0,52,,50638,15,,,0,12,,50639,15,,,0,12,,50640,15,,,0,11,,50641,15,,,0,12,,50642,15,,,0,52,,50643,15,,,0,12,,50644,15,,,0,11,,50645,15,,,0,11,,50646,15,,,0,12,,50647,15,,,0,52,,50648,15,,,0,11,,50649,15,,,0,12,,50650,15,,,0,12,,50651,15,,,0,15,,50652,15,,,0,55,,50662,15,,,0,14,,50653,15,,,0,29,,50654,15,,,0,70,,50655,15,,,0,30,,50656,15,,,0,70,,50657,15,,,0,30,,50658,15,,,0,70,,50659,15,,,0,30,,50660,15,,,0,70,,50661,15,,,0
502029,'1898',624,,50670,15,,,0,15,,50716,15,,,0,15,,50677,15,,,0,70,,50669,15,,,0,30,,50678,15,,,0,66,,50668,15,,,0,30,,50679,15,,,0,72,,50667,15,,,0,30,,50680,15,,,0,55,,50681,15,,,0,15,,50707,15,,,0,15,,50690,15,,,0,15,,50699,15,,,0,55,,50682,15,,,0,15,,50708,15,,,0,16,,50691,15,,,0,15,,50700,15,,,0,55,,50683,15,,,0,15,,50709,15,,,0,15,,50692,15,,,0,15,,50701,15,,,0,55,,50684,15,,,0,15,,50710,15,,,0,15,,50693,15,,,0,15,,50702,15,,,0,55,,50685,15,,,0,16,,50711,15,,,0,15,,50694,15,,,0,15,,50703,15,,,0,55,,50686,15,,,0,15,,50712,15,,,0,15,,50695,15,,,0,15,,50704,15,,,0,55,,50687,15,,,0,14,,50713,15,,,0,14,,50696,15,,,0,15,,50705,15,,,0,55,,50688,15,,,0,15,,50714,15,,,0,15,,50697,15,,,0,15,,50672,15,,,0,55,,50689,15,,,0,15,,50706,15,,,0,15,,50698,15,,,0,15,,50673,15,,,0,55,,50715,15,,,0,45,,50674,15,,,0,70,,50666,15,,,0,30,,50675,15,,,0,70,,50665,15,,,0,30,,50671,15,,,0,68,,50664,15,,,0,30,,50676,15,,,0,70,,50663,15,,,0
502029,'1899',626,,52588,15,,,0,28,,52570,15,,,0,65,,52579,15,,,0,30,,52604,15,,,0,71,,52584,15,,,0,30,,52603,15,,,0,72,,52582,15,,,0,30,,52602,15,,,0,70,,52571,15,,,0,30,,52601,15,,,0,55,,52613,15,,,0,15,,52572,15,,,0,16,,52615,15,,,0,15,,52600,15,,,0,55,,52618,15,,,0,15,,52573,15,,,0,15,,52607,15,,,0,15,,52599,15,,,0,55,,52610,15,,,0,15,,52574,15,,,0,15,,52612,15,,,0,15,,52598,15,,,0,55,,52616,15,,,0,16,,52575,15,,,0,15,,52617,15,,,0,15,,52597,15,,,0,55,,52606,15,,,0,15,,52576,15,,,0,15,,52609,15,,,0,15,,52596,15,,,0,55,,52611,15,,,0,14,,52577,15,,,0,14,,52614,15,,,0,15,,52595,15,,,0,55,,52619,15,,,0,15,,52578,15,,,0,15,,52605,15,,,0,15,,52594,15,,,0,55,,52608,15,,,0,15,,52587,15,,,0,30,,52593,15,,,0,70,,52585,15,,,0,30,,52592,15,,,0,70,,52580,15,,,0,30,,52591,15,,,0,70,,52581,15,,,0,30,,52589,15,,,0,68,,52586,15,,,0,30,,52590,15,,,0,70,,52583,15,,,0
601019,'1838',641,,39578,15,4,,0,70,,39581,15,4,,0,30,,39605,15,4,,0,70,,39590,15,4,,0,30,,39608,15,4,,0,70,,39576,15,4,,0,30,,39583,15,4,,0,70,,39603,15,4,,0,30,,39606,15,4,,0,70,,39577,15,4,,0,30,,39589,15,4,,0,68,,39607,15,4,,0,32,,39602,15,4,,0,70,,39580,15,4,,0,30,,39592,15,4,,0,70,,39598,15,4,,0,30,,39595,15,4,,0,70,,39585,15,4,,0,30,,39584,15,4,,0,70,,39579,15,4,,0,30,,39599,15,4,,0,70,,39588,15,4,,0,30,,39601,15,4,,0,70,,39597,15,4,,0,30,,39582,15,4,,0,70,,39604,15,4,,0,30,,39596,15,4,,0,70,,39610,15,4,,0,30,,39593,15,4,,0,70,,39609,15,4,,0,30,,39586,15,4,,0,70,,39587,15,4,,0,30,,39594,15,4,,0,70,,39591,15,4,,0
601019,'1897',632,,50745,15,4,,0,20,,50737,15,4,,0,53,,50739,14,4,,0,15,,50732,14,4,,0,15,,50736,14,4,,0,15,,50747,14,4,,0,55,,50740,14,4,,0,15,,50731,14,4,,0,15,,50733,14,4,,0,15,,50746,14,4,,0,63,,50757,15,4,,0,30,,50762,15,4,,0,70,,50763,15,4,,0,30,,50760,15,4,,0,70,,50758,15,4,,0,30,,50764,15,4,,0,70,,50766,15,4,,0,30,,50761,15,4,,0,70,,50759,15,4,,0,30,,50767,15,4,,0,70,,50765,15,4,,0,20,,50725,15,4,,0,15,,50754,14,4,,0,55,,50742,14,4,,0,15,,50750,14,4,,0,15,,50738,14,4,,0,15,,50751,14,4,,0,55,,50741,14,4,,0,15,,50748,14,4,,0,15,,50743,14,4,,0,15,,50749,14,4,,0,55,,50735,14,4,,0,15,,50752,14,4,,0,15,,50730,14,4,,0,15,,50755,14,4,,0,55,,50734,14,4,,0,15,,50753,14,4,,0,17,,50719,15,4,,0,70,,50720,15,4,,0,12,,50728,15,4,,0,18,,50726,15,4,,0,70,,50723,15,4,,0,30,,50724,15,4,,0,70,,50718,15,4,,0,30,,50721,15,4,,0,70,,50717,15,4,,0,30,,50722,15,4,,0,76,,50727,15,4,,0
601019,'1898',641,,50784,15,4,,0,70,,50802,15,4,,0,30,,50783,15,4,,0,70,,50801,15,4,,0,30,,50782,15,4,,0,70,,50800,15,4,,0,30,,50781,15,4,,0,70,,50799,15,4,,0,30,,50779,15,4,,0,70,,50797,15,4,,0,30,,50780,15,4,,0,68,,50798,15,4,,0,32,,50778,15,4,,0,70,,50796,15,4,,0,30,,50769,15,4,,0,70,,50795,15,4,,0,30,,50777,15,4,,0,70,,50794,15,4,,0,30,,50775,15,4,,0,70,,50793,15,4,,0,30,,50770,15,4,,0,70,,50791,15,4,,0,30,,50772,15,4,,0,70,,50792,15,4,,0,30,,50776,15,4,,0,70,,50790,15,4,,0,30,,50771,15,4,,0,70,,50789,15,4,,0,30,,50774,15,4,,0,70,,50788,15,4,,0,30,,50773,15,4,,0,70,,50787,15,4,,0,30,,50768,15,4,,0,70,,50786,15,4,,0
601019,'1899',2211,,52622,8,4,,0,30,,52621,8,4,,0,70,,52620,15,4,,0
602019,'1838',641,,39730,1,,,0,70,,39715,1,,,0,30,,39719,1,,,0,70,,39734,1,,,0,30,,39710,1,,,0,70,,39706,1,,,0,30,,39729,1,,,0,70,,39726,1,,,0,30,,39720,1,,,0,70,,39728,1,,,0,30,,39738,1,,,0,70,,39727,1,,,0,30,,39707,1,,,0,70,,39736,1,,,0,30,,39737,1,,,0,70,,39705,1,,,0,30,,39731,1,,,0,70,,39714,1,,,0,30,,39716,1,,,0,70,,39739,1,,,0,30,,39721,1,,,0,70,,39711,1,,,0,30,,39724,1,,,0,70,,39735,1,,,0,30,,39709,1,,,0,70,,39713,1,,,0,30,,39722,1,,,0,70,,39712,1,,,0,30,,39725,1,,,0,70,,39718,1,,,0,30,,39732,1,,,0,70,,39717,1,,,0,30,,39723,1,,,0,70,,39708,1,,,0
602019,'1897',632,,50814,1,0,19 2 11 2 24 1 25 26,0,20,,50828,1,0,19 2 11 2 24 1 25 26,0,53,,50826,1,0,19 2 11 2 24 1 25 26,0,15,,50813,1,0,19 2 11 2 24 1 25 26,0,15,,50816,1,0,19 2 11 2 24 1 25 26,0,15,,50827,1,0,19 2 11 2 24 1 25 26,0,55,,50821,1,0,19 2 11 2 24 1 25 26,0,15,,50840,1,0,19 2 11 2 24 1 25 26,0,15,,50817,1,0,19 2 11 2 24 1 25 26,0,15,,50837,1,,,0,63,,50846,1,,,0,30,,50844,1,,,0,70,,50851,1,,,0,30,,50849,1,,,0,70,,50845,1,,,0,30,,50843,1,,,0,70,,50850,1,,,0,30,,50841,1,,,0,70,,50847,1,,,0,30,,50842,1,,,0,70,,50848,1,,,0,20,,50824,1,0,19 2 11 2 24 1 25 26,0,15,,50833,1,0,19 2 11 2 24 1 25 26,0,55,,50825,1,0,19 2 11 2 24 1 25 26,0,15,,50832,1,0,19 2 11 2 24 1 25 26,0,15,,50818,1,0,19 2 11 2 24 1 25 26,0,15,,50831,1,0,19 2 11 2 24 1 25 26,0,55,,50823,1,0,19 2 11 2 24 1 25 26,0,15,,50835,1,0,19 2 11 2 24 1 25 26,0,15,,50822,1,0,19 2 11 2 24 1 25 26,0,15,,50830,1,0,19 2 11 2 24 1 25 26,0,55,,50819,1,0,19 2 11 2 24 1 25 26,0,15,,50834,1,0,19 2 11 2 24 1 25 26,0,15,,50815,1,0,19 2 11 2 24 1 25 26,0,15,,50839,1,0,19 2 11 2 24 1 25 26,0,55,,50820,1,0,19 2 11 2 24 1 25 26,0,15,,50829,1,,,0,17,,50803,1,,,0,70,,50804,1,,,0,12,,50836,1,,,0,18,,50809,1,,,0,70,,50807,1,,,0,30,,50808,1,,,0,70,,50812,1,,,0,30,,50805,1,,,0,70,,50810,1,,,0,30,,50806,1,,,0,76,,50811,1,,,0
602019,'1898',641,,50868,1,,,0,70,,50885,1,,,0,30,,50867,1,,,0,70,,50884,1,,,0,30,,50866,1,,,0,70,,50883,1,,,0,30,,50865,1,,,0,70,,50882,1,,,0,30,,50864,1,,,0,70,,50881,1,,,0,30,,50862,1,,,0,70,,50880,1,,,0,30,,50863,1,,,0,70,,50878,1,,,0,30,,50861,1,,,0,70,,50879,1,,,0,30,,50854,1,,,0,70,,50877,1,,,0,30,,50855,1,,,0,70,,50876,1,,,0,30,,50853,1,,,0,70,,50875,1,,,0,30,,50856,1,,,0,70,,50874,1,,,0,30,,50859,1,,,0,70,,50872,1,,,0,30,,50860,1,,,0,70,,50873,1,,,0,30,,50858,1,,,0,70,,50870,1,,,0,30,,50857,1,,,0,70,,50871,1,,,0,30,,50852,1,,,0,70,,50869,1,,,0
602019,'1899',2211,,52625,1,,,0,30,,52624,1,,,0,70,,52623,1,,,0
14000001019,'1838',2420,,52974,29,,,0,30,,52973,29,,,0,70,,52978,29,,,0,30,,52975,29,,,0,70,,52976,29,,,0
14000001019,'1897',2420,,51500,29,,,0,30,,51497,29,,,0,70,,51501,29,,,0,30,,51499,29,,,0,70,,51498,29,,,0
14000001019,'1898',2420,,51508,29,,,0,30,,51509,29,,,0,70,,51510,29,,,0,30,,51511,29,,,0,70,,51506,29,,,0
14000001019,'1899',2420,,52979,29,,,0,30,,52981,29,,,0,70,,52982,29,,,0,30,,52983,29,,,0,70,,52984,29,,,0
