1029,'1912',619,,73732,37,,,0,100,,73733,37,,,0,100,,73734,37,,,0,100,,73735,37,,,0,101,,73736,37,,,0,100,,73737,37,,,0,100,,73738,37,,,0,100,,73739,37,,,0,100,,73740,37,,,0,100,,73741,37,,,0,100,,73742,37,,,0,100,,73743,37,,,0,100,,73744,37,,,0,100,,73745,37,,,0,100,,73746,37,,,0,100,,73747,37,,,0,100,,73748,37,,,0,95,,73749,37,,,0
1029,'1966',619,,70284,38,,,0,30,,70296,38,,,0,70,,70303,38,,,0,30,,70291,38,,,0,70,,70312,38,,,0,30,,70300,38,,,0,71,,70283,38,,,0,30,,70295,38,,,0,70,,70306,38,,,0,30,,70290,38,,,0,70,,70313,38,,,0,30,,70299,38,,,0,70,,70282,38,,,0,30,,70294,38,,,0,70,,70305,38,,,0,30,,70289,38,,,0,70,,70285,38,,,0,30,,70298,38,,,0,70,,70281,38,,,0,30,,70293,38,,,0,70,,70301,38,,,0,30,,70288,38,,,0,70,,70310,38,,,0,30,,70297,38,,,0,69,,70280,38,,,0,31,,70292,38,,,0,70,,70304,38,,,0,30,,70286,38,,,0,70,,70308,38,,,0,30,,70307,38,,,0,70,,70279,38,,,0,30,,70287,38,,,0,70,,70302,38,,,0,30,,70311,38,,,0,68,,70309,38,,,0
1029,'1968',619,,59317,38,,,0,100,,59318,38,,,0,100,,59319,38,,,0,100,,59320,38,,,0,101,,59321,38,,,0,100,,59322,38,,,0,100,,59323,38,,,0,100,,59324,38,,,0,100,,59325,38,,,0,100,,59326,38,,,0,100,,59327,38,,,0,100,,59328,38,,,0,100,,59329,38,,,0,100,,59330,38,,,0,100,,59331,38,,,0,100,,59332,38,,,0,100,,59333,38,,,0,95,,59334,38,,,0
1029,'1970',619,,73759,37,,,0,35,,73760,37,,,0,71,,73780,37,,,0,30,,73756,37,,,0,70,,73751,37,,,0,30,,73784,37,,,0,70,,73754,37,,,0,30,,73761,37,,,0,70,,73779,37,,,0,30,,73758,37,,,0,70,,73750,37,,,0,30,,73783,37,,,0,70,,73755,37,,,0,30,,73762,37,,,0,70,,73778,37,,,0,30,,73757,37,,,0,70,,73752,37,,,0,31,,73781,37,,,0,72,,73753,37,,,0,30,,73763,37,,,0,70,,73777,37,,,0,30,,73766,37,,,0,70,,73765,37,,,0,27,,73764,37,,,0,65,,73770,37,,,0,30,,73769,37,,,0,70,,73768,37,,,0,30,,73767,37,,,0,70,,73782,37,,,0,30,,73776,37,,,0,70,,73775,37,,,0,30,,73774,37,,,0,70,,73773,37,,,0,30,,73772,37,,,0,65,,73771,37,,,0
1029,'1971',619,,73790,37,,,0,30,,73802,37,,,0,70,,73809,37,,,0,30,,73797,37,,,0,70,,73818,37,,,0,30,,73806,37,,,0,71,,73789,37,,,0,30,,73801,37,,,0,70,,73812,37,,,0,30,,73796,37,,,0,70,,73819,37,,,0,30,,73805,37,,,0,70,,73788,37,,,0,30,,73800,37,,,0,70,,73811,37,,,0,30,,73795,37,,,0,70,,73791,37,,,0,30,,73804,37,,,0,70,,73787,37,,,0,30,,73799,37,,,0,70,,73807,37,,,0,30,,73794,37,,,0,70,,73816,37,,,0,30,,73803,37,,,0,69,,73786,37,,,0,31,,73798,37,,,0,70,,73810,37,,,0,30,,73792,37,,,0,70,,73814,37,,,0,30,,73813,37,,,0,70,,73785,37,,,0,30,,73793,37,,,0,70,,73808,37,,,0,30,,73817,37,,,0,68,,73815,37,,,0
1029,'1972',619,,73820,37,,,0,100,,73821,37,,,0,100,,73822,37,,,0,100,,73823,37,,,0,101,,73824,37,,,0,100,,73825,37,,,0,100,,73826,37,,,0,100,,73827,37,,,0,100,,73828,37,,,0,100,,73829,37,,,0,100,,73830,37,,,0,100,,73831,37,,,0,100,,73832,37,,,0,100,,73833,37,,,0,100,,73834,37,,,0,100,,73835,37,,,0,100,,73836,37,,,0,95,,73837,37,,,0
1029,'1973',619,,73838,37,,,0,100,,73839,37,,,0,100,,73840,37,,,0,100,,73841,37,,,0,101,,73842,37,,,0,100,,73843,37,,,0,100,,73844,37,,,0,100,,73845,37,,,0,100,,73846,37,,,0,100,,73847,37,,,0,100,,73848,37,,,0,100,,73849,37,,,0,100,,73850,37,,,0,100,,73851,37,,,0,100,,73852,37,,,0,100,,73853,37,,,0,100,,73854,37,,,0,95,,73855,37,,,0
2029,'1912',634,,74007,32,0,39 40,0,70,,74015,32,0,39 40,0,31,,74026,32,0,39 40,0,70,,74021,32,0,39 40,0,30,,74008,32,0,39 40,0,70,,74016,32,0,39 40,0,30,,74027,32,0,39 40,0,70,,74022,32,0,39 40,0,30,,74009,32,0,39 40,0,70,,74017,32,0,39 40,0,30,,74028,32,0,39 40,0,70,,74023,32,0,39 40,0,30,,74010,32,0,39 40,0,70,,74018,32,0,39 40,0,30,,74029,32,0,39 40,0,70,,74024,32,0,39 40,0,30,,74011,32,0,39 40,0,70,,74019,32,0,39 40,0,30,,74030,32,0,39 40,0,70,,74025,32,0,39 40,0,30,,74012,32,0,39 40,0,70,,74020,32,0,39 40,0,30,,74031,32,0,39 40,0,100,,74013,32,0,39 40,0,99,,74032,32,0,39 40,0,100,,74014,32,0,39 40,0,101,,74033,32,0,39 40,0,100,,74006,32,0,39 40,0
2029,'1966',604,,70594,31,0,39 40,0,30,,70577,31,0,39 40,0,69,,70584,31,0,39 40,0,31,,70563,31,0,39 40,0,70,,70569,31,0,39 40,0,30,,70578,31,0,39 40,0,71,,70585,31,0,39 40,0,30,,70564,31,0,39 40,0,70,,70570,31,0,39 40,0,30,,70579,31,0,39 40,0,70,,70586,31,0,39 40,0,30,,70565,31,0,39 40,0,70,,70571,31,0,39 40,0,30,,70580,31,0,39 40,0,70,,70587,31,0,39 40,0,30,,70566,31,0,39 40,0,70,,70572,31,0,39 40,0,30,,70581,31,0,39 40,0,70,,70588,31,0,39 40,0,30,,70567,31,0,39 40,0,70,,70573,31,0,39 40,0,30,,70582,31,0,39 40,0,70,,70589,31,0,39 40,0,30,,70568,31,0,39 40,0,70,,70574,31,0,39 40,0,30,,70583,31,0,39 40,0,70,,70590,31,0,39 40,0,30,,70575,31,0,39 40,0,100,,70591,31,0,39 40,0,100,,70576,31,0,39 40,0,100,,70592,31,0,39 40,0
2029,'1968',634,,70497,31,0,39 40,0,70,,70505,31,0,39 40,0,31,,70516,31,0,39 40,0,70,,70511,31,0,39 40,0,30,,70498,31,0,39 40,0,70,,70506,31,0,39 40,0,30,,70517,31,0,39 40,0,70,,70512,31,0,39 40,0,30,,70499,31,0,39 40,0,70,,70507,31,0,39 40,0,30,,70518,31,0,39 40,0,70,,70513,31,0,39 40,0,30,,70500,31,0,39 40,0,70,,70508,31,0,39 40,0,30,,70519,31,0,39 40,0,70,,70514,31,0,39 40,0,30,,70501,31,0,39 40,0,70,,70509,31,0,39 40,0,30,,70520,31,0,39 40,0,70,,70515,31,0,39 40,0,30,,70502,31,0,39 40,0,70,,70510,31,0,39 40,0,30,,70521,31,0,39 40,0,100,,70503,31,0,39 40,0,99,,70522,31,0,39 40,0,100,,70504,31,0,39 40,0,101,,70523,31,0,39 40,0,100,,70496,31,0,39 40,0
2029,'1970',539,,74055,20,0,39 40,0,65,,74038,32,0,39 40,0,30,,74039,32,0,39 40,0,71,,74040,32,0,39 40,0,30,,74041,32,0,39 40,0,70,,74042,32,0,39 40,0,30,,74043,32,0,39 40,0,70,,74044,32,0,39 40,0,30,,74045,32,0,39 40,0,70,,74046,32,0,39 40,0,30,,74069,32,0,39 40,0,70,,74065,32,0,39 40,0,30,,74071,32,0,39 40,0,70,,74067,32,0,39 40,0,30,,74068,32,0,39 40,0,70,,74064,32,0,39 40,0,30,,74070,32,0,39 40,0,70,,74066,32,0,39 40,0,31,,74072,32,0,39 40,0,71,,74047,32,0,39 40,0,34,,74048,32,0,39 40,0,70,,74049,32,0,39 40,0,30,,74050,32,0,39 40,0,70,,74051,32,0,39 40,0,29,,74052,32,0,39 40,0,66,,74053,32,0,39 40,0,29,,74054,32,0,39 40,0,70,,74058,32,0,39 40,0,30,,74059,32,0,39 40,0,100,,74060,32,0,39 40,0,100,,74061,32,0,39 40,0,100,,74057,32,0,39 40,0
2029,'1971',604,,74104,32,0,5 2 15 16 17,0,30,,74087,32,0,39 40,0,69,,74094,32,0,39 40,0,31,,74073,32,0,39 40,0,70,,74079,32,0,39 40,0,30,,74088,32,0,39 40,0,71,,74095,32,0,39 40,0,30,,74074,32,0,39 40,0,70,,74080,32,0,39 40,0,30,,74089,32,0,39 40,0,70,,74096,32,0,39 40,0,30,,74075,32,0,39 40,0,70,,74081,32,0,39 40,0,30,,74090,32,0,39 40,0,70,,74097,32,0,39 40,0,30,,74076,32,0,39 40,0,70,,74082,32,0,39 40,0,30,,74091,32,0,39 40,0,70,,74098,32,0,39 40,0,30,,74077,32,0,39 40,0,70,,74083,32,0,39 40,0,30,,74092,32,0,39 40,0,70,,74099,32,0,39 40,0,30,,74078,32,0,39 40,0,70,,74084,32,0,39 40,0,30,,74093,32,0,39 40,0,70,,74100,32,0,39 40,0,30,,74085,32,0,39 40,0,100,,74101,32,0,39 40,0,100,,74086,32,0,39 40,0,100,,74102,32,0,39 40,0
2029,'1972',634,,74108,32,0,39 40,0,70,,74116,32,0,39 40,0,31,,74127,32,0,39 40,0,70,,74122,32,0,39 40,0,30,,74109,32,0,39 40,0,70,,74117,32,0,39 40,0,30,,74128,32,0,39 40,0,70,,74123,32,0,39 40,0,30,,74110,32,0,39 40,0,70,,74118,32,0,39 40,0,30,,74129,32,0,39 40,0,70,,74124,32,0,39 40,0,30,,74111,32,0,39 40,0,70,,74119,32,0,39 40,0,30,,74130,32,0,39 40,0,70,,74125,32,0,39 40,0,30,,74112,32,0,39 40,0,70,,74120,32,0,39 40,0,30,,74131,32,0,39 40,0,70,,74126,32,0,39 40,0,30,,74113,32,0,39 40,0,70,,74121,32,0,39 40,0,30,,74132,32,0,39 40,0,100,,74114,32,0,39 40,0,99,,74133,32,0,39 40,0,100,,74115,32,0,39 40,0,101,,74134,32,0,39 40,0,100,,74107,32,0,39 40,0
2029,'1973',634,,74140,32,0,39 40,0,70,,74148,32,0,39 40,0,31,,74159,32,0,39 40,0,70,,74154,32,0,39 40,0,30,,74141,32,0,39 40,0,70,,74149,32,0,39 40,0,30,,74160,32,0,39 40,0,70,,74155,32,0,39 40,0,30,,74142,32,0,39 40,0,70,,74150,32,0,39 40,0,30,,74161,32,0,39 40,0,70,,74156,32,0,39 40,0,30,,74143,32,0,39 40,0,70,,74151,32,0,39 40,0,30,,74162,32,0,39 40,0,70,,74157,32,0,39 40,0,30,,74144,32,0,39 40,0,70,,74152,32,0,39 40,0,30,,74163,32,0,39 40,0,70,,74158,32,0,39 40,0,30,,74145,32,0,39 40,0,70,,74153,32,0,39 40,0,30,,74164,32,0,39 40,0,100,,74146,32,0,39 40,0,99,,74165,32,0,39 40,0,100,,74147,32,0,39 40,0,101,,74166,32,0,39 40,0,100,,74139,32,0,39 40,0
12029,'1965',715,,61282,14,,,0,30,,61275,14,,,0,170,,61262,5,,,0,30,,61263,5,,,0,70,,61264,5,,,0,130,,61267,5,,,0,70,,61268,5,,,0,30,,61269,5,,,0,170,,61272,5,,,0
12029,'1970',644,,74418,14,,,0,170,,74416,14,,,0,31,,74410,14,,,0,200,,74404,5,,,0,70,,74405,5,,,0,200,,74406,5,,,0,30,,74407,5,,,0,100,,74412,14,,,0,71,,74415,14,,,0,30,,74408,14,,,0,70,,74414,14,,,0,30,,74409,14,,,0,70,,74417,14,,,0,29,,74411,14,,,0,70,,74413,14,,,0
501029,'1912',629,,63220,2,,,0,30,,72281,2,,,0,70,,63219,2,,,0,30,,72280,2,,,0,70,,63218,2,,,0,30,,72283,2,,,0,70,,72279,2,,,0,75,,68056,2,,,0,15,,72293,2,,,0,15,,72274,2,,,0,15,,72297,2,,,0,55,,68049,2,,,0,15,,72299,2,,,0,15,,72275,2,,,0,15,,72286,2,,,0,55,,68050,2,,,0,15,,72289,2,,,0,15,,72269,2,,,0,15,,72292,2,,,0,55,,68055,2,,,0,15,,72295,2,,,0,15,,72270,2,,,0,15,,72300,2,,,0,55,,68054,2,,,0,15,,72285,2,,,0,15,,72272,2,,,0,15,,72288,2,,,0,55,,68052,2,,,0,15,,72291,2,,,0,15,,72268,2,,,0,15,,72296,2,,,0,55,,68051,2,,,0,15,,72298,2,,,0,15,,72273,2,,,0,15,,72284,2,,,0,55,,68053,2,,,0,15,,72287,2,,,0,15,,72271,2,,,0,15,,72290,2,,,0,55,,68063,2,,,0,30,,72278,2,,,0,71,,68066,2,,,0,15,,72294,2,,,0,10,,72277,2,,,0,70,,68062,2,,,0,29,,72276,2,,,0,30,,68064,2,,,0,70,,63214,2,,,0,30,,68065,2,,,0,70,,63213,2,,,0,30,,68061,2,,,0,66,,63212,2,,,0
501029,'1959',629,,63274,2,,,0,30,,72446,2,,,0,70,,63273,2,,,0,30,,72445,2,,,0,70,,63272,2,,,0,30,,72448,2,,,0,70,,72444,2,,,0,75,,68103,2,,,0,15,,72458,2,,,0,15,,72439,2,,,0,15,,72462,2,,,0,55,,68096,2,,,0,15,,72464,2,,,0,15,,72440,2,,,0,15,,72451,2,,,0,55,,68097,2,,,0,15,,72454,2,,,0,15,,72434,2,,,0,15,,72457,2,,,0,55,,68102,2,,,0,15,,72460,2,,,0,15,,72435,2,,,0,15,,72465,2,,,0,55,,68101,2,,,0,15,,72450,2,,,0,15,,72437,2,,,0,15,,72453,2,,,0,55,,68099,2,,,0,15,,72456,2,,,0,15,,72433,2,,,0,15,,72461,2,,,0,55,,68098,2,,,0,15,,72463,2,,,0,15,,72438,2,,,0,15,,72449,2,,,0,55,,68100,2,,,0,15,,72452,2,,,0,15,,72436,2,,,0,15,,72455,2,,,0,55,,68110,2,,,0,30,,72443,2,,,0,71,,68113,2,,,0,15,,72459,2,,,0,10,,72442,2,,,0,70,,68109,2,,,0,29,,72441,2,,,0,30,,68111,2,,,0,70,,63268,2,,,0,30,,68112,2,,,0,70,,63267,2,,,0,30,,68108,2,,,0,66,,63266,2,,,0
501029,'1965',534,,63073,2,,,0,95,,63074,2,,,0,20,,72336,2,,,0,10,,72337,2,,,0,75,,63078,2,,,0,17,,72339,2,,,0,52,,72340,2,,,0,18,,63139,2,,,0,16,,72343,2,,,0,15,,72344,2,,,0,52,,72345,2,,,0,15,,63086,2,,,0,85,,68221,2,,,0,30,,72349,2,,,0,70,,72351,2,,,0,15,,68222,2,,,0,15,,72352,2,,,0,15,,72353,2,,,0,55,,72354,2,,,0,15,,72355,2,,,0,15,,68223,2,,,0,15,,72356,2,,,0,70,,72358,2,,,0,15,,72359,2,,,0,15,,68225,2,,,0,56,,72360,2,,,0,30,,72334,2,,,0,15,,72335,2,,,0,52,,68226,2,,,0,6,,68246,2,,,0,6,,72362,2,,,0,24,,72364,2,,,0,12,,72365,2,,,0,52,,72366,2,,,0,6,,72380,2,,,0,6,,72367,2,,,0,12,,68231,2,,,0,12,,72368,2,,,0,11,,68232,2,,,0,52,,72369,2,,,0,12,,63118,2,,,0,12,,72370,2,,,0,24,,63121,2,,,0,52,,68235,2,,,0,12,,72372,2,,,0,12,,63124,2,,,0,24,,72373,2,,,0,55,,68239,2,,,0,30,,72375,2,,,0,100,,63131,2,,,0,70,,72376,2,,,0,25,,68242,2,,,0,30,,72377,2,,,0,70,,68244,2,,,0,30,,72378,2,,,0,67,,63137,2,,,0
501029,'1966',647,,63201,2,4,,0,57,,72392,2,,,0,230,,72385,2,,,0,15,,72383,2,,,0,70,,72390,2,,,0,15,,72400,2,,,0,15,,72409,2,,,0,55,,72426,2,,,0,15,,72418,2,,,0,15,,72401,2,,,0,15,,72410,2,,,0,56,,72427,2,,,0,15,,72419,2,,,0,15,,72402,2,,,0,15,,72411,2,,,0,55,,72428,2,,,0,15,,72420,2,,,0,15,,72403,2,,,0,15,,72412,2,,,0,55,,72429,2,,,0,15,,72421,2,,,0,15,,72404,2,,,0,15,,72413,2,,,0,55,,72430,2,,,0,15,,72422,2,,,0,15,,72405,2,,,0,15,,72414,2,,,0,55,,72431,2,,,0,15,,72423,2,,,0,15,,72406,2,,,0,15,,72415,2,,,0,55,,72408,2,,,0,15,,72424,2,,,0,15,,72407,2,,,0,15,,72416,2,,,0,55,,72397,2,,,0,15,,72399,2,,,0,15,,72384,2,,,0,15,,72417,2,,,0,54,,72398,2,,,0,15,,72432,2,,,0,85,,72395,2,,,0,55,,72396,2,,,0
501029,'1967',629,,72388,2,,,0,90,,72425,2,,,0,15,,72387,2,,,0,70,,72393,2,,,0,30,,72386,2,,,0,70,,67993,2,,,0,100,,72391,2,,,0,930,,63149,2,,,0,95,,63148,2,,,0,100,,63147,2,,,0,30,,67998,2,,,0,70,,63146,2,,,0,30,,67997,2,,,0,67,,63145,2,,,0
501029,'1969',629,,63328,2,,,0,30,,72314,2,,,0,70,,63327,2,,,0,30,,72313,2,,,0,70,,63326,2,,,0,30,,72316,2,,,0,70,,72312,2,,,0,75,,68150,2,,,0,15,,72326,2,,,0,15,,72307,2,,,0,15,,72330,2,,,0,55,,68143,2,,,0,15,,72332,2,,,0,15,,72308,2,,,0,15,,72319,2,,,0,55,,68144,2,,,0,15,,72322,2,,,0,15,,72302,2,,,0,15,,72325,2,,,0,55,,68149,2,,,0,15,,72328,2,,,0,15,,72303,2,,,0,15,,72333,2,,,0,55,,68148,2,,,0,15,,72318,2,,,0,15,,72305,2,,,0,15,,72321,2,,,0,55,,68146,2,,,0,15,,72324,2,,,0,15,,72301,2,,,0,15,,72329,2,,,0,55,,68145,2,,,0,15,,72331,2,,,0,15,,72306,2,,,0,15,,72317,2,,,0,55,,68147,2,,,0,15,,72320,2,,,0,15,,72304,2,,,0,15,,72323,2,,,0,55,,68157,2,,,0,30,,72311,2,,,0,71,,68160,2,,,0,15,,72327,2,,,0,10,,72310,2,,,0,70,,68156,2,,,0,29,,72309,2,,,0,30,,68158,2,,,0,70,,63322,2,,,0,30,,68159,2,,,0,70,,63321,2,,,0,30,,68155,2,,,0,66,,63320,2,,,0
501029,'1970',639,,74844,2,,,0,80,,74830,2,,,0,97,,74831,2,,,0,10,,74832,2,,,0,108,,74833,2,,,0,15,,74834,2,,,0,70,,74835,2,,,0,30,,74836,2,,,0,255,,74837,2,,,0,116,,74838,2,,,0,106,,74839,2,,,0,211,,74840,2,,,0,100,,74841,2,,,0,82,,74842,2,,,0,85,,74843,2,,,0
501029,'1971',647,,74887,2,4,,0,57,,74849,2,,,0,230,,74847,2,,,0,15,,74845,2,,,0,70,,74848,2,,,0,15,,74856,2,,,0,15,,74865,2,,,0,55,,74881,2,,,0,15,,74874,2,,,0,15,,74857,2,,,0,15,,74866,2,,,0,56,,74882,2,,,0,15,,74875,2,,,0,15,,74858,2,,,0,15,,74867,2,,,0,55,,74883,2,,,0,15,,74876,2,,,0,15,,74859,2,,,0,15,,74868,2,,,0,55,,74884,2,,,0,15,,74877,2,,,0,15,,74860,2,,,0,15,,74869,2,,,0,55,,74885,2,,,0,15,,74878,2,,,0,15,,74861,2,,,0,15,,74870,2,,,0,55,,74886,2,,,0,15,,74879,2,,,0,15,,74862,2,,,0,15,,74871,2,,,0,55,,74864,2,,,0,15,,74880,2,,,0,15,,74863,2,,,0,15,,74872,2,,,0,55,,74853,2,,,0,15,,74855,2,,,0,15,,74846,2,,,0,15,,74873,2,,,0,54,,74854,2,,,0,15,,74888,2,,,0,85,,74851,2,,,0,55,,74852,2,,,0
14000001029,'1912',545,,73589,19,0,18 7,0,1811,,70205,19,,,0,69,,75060,19,,,0,30,,65884,19,,,0,70,,70206,19,,,0,30,,75059,19,,,0,70,,65880,19,,,0
14000001029,'1959',545,,73605,19,0,18 7,0,1811,,70208,19,,,0,99,,65891,19,,,0,70,,70209,19,,,0,100,,65887,19,,,0
14000001029,'1965',443,,65864,19,0,18 7,0,102,,73593,19,0,18 7,0,1811,,73595,19,,,0,99,,65871,19,,,0,70,,73594,19,,,0,100,,65870,19,,,0
14000001029,'1966',545,,73600,19,0,18 7,0,1880,,73598,19,,,0,130,,73601,19,,,0
14000001029,'1967',2356,,73602,19,,,0,99,,65872,19,,,0,70,,73599,19,,,0,100,,65875,19,,,0
14000001029,'1968',2425,,73591,19,,,0,130,,73590,19,,,0
14000001029,'1969',545,,73592,19,0,18 7,0,1811,,70211,19,,,0,99,,65898,19,,,0,70,,70212,19,,,0,100,,65894,19,,,0
14000001029,'1970',2425,,75061,19,,,0,130,,75062,19,,,0
14000001029,'1971',545,,75064,19,0,18 7,0,1880,,75063,19,,,0,130,,75065,19,,,0
14000001029,'1972',2425,,75067,19,,,0,130,,75066,19,,,0
14000001029,'1973',2425,,75069,19,,,0,130,,75068,19,,,0
