15019,'1909',709,,61509,56,,,0,837,,61526,56,,,0,294,,61532,56,,,0
15019,'1910',945,,61542,56,,,0,300,,61545,56,,,0,203,,61547,56,,,0,100,,61548,56,,,0,100,,61549,56,,,0,100,,67300,56,,,0,98,,61551,56,,,0
15019,'1912',744,,61566,56,,,0,100,,61564,56,,,0,100,,61567,56,,,0,101,,61565,56,,,0,100,,61562,56,,,0,100,,61560,56,,,0,102,,61563,56,,,0,100,,61561,56,,,0,100,,61558,56,,,0,99,,61559,56,,,0,99,,61556,56,,,0,100,,61557,56,,,0,100,,61555,56,,,0,99,,71673,56,,,0
15019,'1924',744,,61580,56,,,0,100,,61578,56,,,0,100,,61581,56,,,0,101,,61579,56,,,0,100,,61576,56,,,0,100,,61574,56,,,0,102,,61577,56,,,0,100,,61575,56,,,0,100,,61572,56,,,0,99,,61573,56,,,0,99,,61570,56,,,0,100,,61571,56,,,0,100,,61569,56,,,0
15019,'1925',744,,61594,56,,,0,100,,61592,56,,,0,100,,61595,56,,,0,101,,61593,56,,,0,100,,61590,56,,,0,100,,61588,56,,,0,102,,61591,56,,,0,100,,61589,56,,,0,100,,61586,56,,,0,99,,61587,56,,,0,99,,61584,56,,,0,100,,61585,56,,,0,100,,61583,56,,,0,99,,71674,56,,,0
15019,'1949',815,,67326,56,,,0
15019,'1955',745,,67295,56,,,0,100,,67296,56,,,0,200,,67297,56,,,0,100,,67298,56,,,0,203,,67299,56,,,0,598,,67301,56,,,0,99,,67302,56,,,0
15019,'1956',2044,,67305,56,,,0
15019,'1957',740,,71675,56,,,0,104,,71676,56,,,0,68,,71677,56,,,0,30,,71678,56,,,0,70,,71679,56,,,0,30,,71680,56,,,0,70,,71681,56,,,0,30,,71682,56,,,0,70,,71683,56,,,0,30,,71684,56,,,0,70,,71685,56,,,0,30,,71686,56,,,0,70,,71687,56,,,0,31,,71688,56,,,0,73,,71689,56,,,0,100,,71690,56,,,0,30,,71691,56,,,0,68,,71692,56,,,0,27,,71693,56,,,0,69,,71694,56,,,0,100,,71695,56,,,0,30,,71699,56,,,0,70,,71696,56,,,0,98,,71697,56,,,0,100,,71698,56,,,0
15019,'1958',745,,71700,56,,,0,100,,71701,56,,,0,200,,71702,56,,,0,100,,71703,56,,,0,203,,71704,56,,,0,598,,71705,56,,,0,99,,71706,56,,,0
15019,'1959',2044,,71708,56,,,0
