702029,'1909',758,,65124,8,0,9 10,0
702029,'1910',630,,69527,8,0,9 10,0,23,,69513,8,0,9 10,0,70,,69517,8,0,9 10,0,30,,69521,8,0,9 10,0,71,,69524,8,0,9 10,0,30,,69514,8,0,9 10,0,55,,69530,8,0,5 2 11 2 12,0,15,,69518,8,0,9 10,0,30,,69559,8,0,9 10,0,73,,69552,8,0,9 10,0,30,,69540,8,0,9 10,0,55,,69549,8,0,5 2 11 2 12,0,15,,69555,8,0,9 10,0,30,,69550,8,0,9 10,0,55,,69572,8,0,5 2 11 2 12,0,15,,69547,8,0,9 10,0,30,,69544,8,0,9 10,0,70,,69571,8,0,9 10,0,30,,69558,8,0,9 10,0,55,,69543,8,0,5 2 11 2 12,0,15,,69546,8,0,9 10,0,30,,69553,8,0,9 10,0,55,,69537,8,0,5 2 11 2 12,0,45,,69541,8,0,9 10,0,55,,69539,8,0,5 2 11 2 12,0,15,,69573,8,0,9 10,0,30,,69551,8,0,9 10,0,55,,69561,8,0,5 2 11 2 12,0,45,,69545,8,0,9 10,0,55,,69567,8,0,5 2 11 2 12,0,15,,69574,8,0,9 10,0,15,,69538,8,0,5 2 11 2 12,0,15,,69557,8,0,9 10,0,68,,69519,8,0,9 10,0,30,,69522,8,0,9 10,0,55,,65204,8,0,5 2 11 2 12,0,15,,69525,8,0,9 10,0,30,,69515,8,0,9 10,0,69,,69520,8,0,9 10,0,30,,69523,8,0,9 10,0,70,,69526,8,0,9 10,0,30,,69516,8,0,9 10,0,65,,69536,8,0,9 10,0,30,,69535,8,0,5 2 11 2 12,0
702029,'1912',631,,73341,8,0,9 10,0,23,,73330,8,0,9 10,0,70,,73343,8,0,9 10,0,30,,73339,8,0,9 10,0,55,,69616,8,0,5 2 11 2 12,0,16,,73329,8,0,9 10,0,15,,69628,8,0,5 2 11 2 12,0,15,,73342,8,0,9 10,0,55,,73350,8,0,5 2 11 2 12,0,15,,73331,8,0,9 10,0,15,,69614,8,0,5 2 11 2 12,0,15,,73328,8,0,9 10,0,55,,69623,8,0,5 2 11 2 12,0,15,,69604,8,0,9 10,0,15,,69624,8,0,5 2 11 2 12,0,15,,73334,8,0,9 10,0,55,,69615,8,0,5 2 11 2 12,0,15,,69582,8,0,9 10,0,15,,69634,8,0,5 2 11 2 12,0,15,,73348,8,0,9 10,0,56,,69612,8,0,5 2 11 2 12,0,15,,69593,8,0,9 10,0,15,,69626,8,0,5 2 11 2 12,0,15,,73327,8,0,9 10,0,55,,69635,8,0,5 2 11 2 12,0,15,,73344,8,0,9 10,0,15,,69618,8,0,5 2 11 2 12,0,15,,73337,8,0,9 10,0,55,,69621,8,0,5 2 11 2 12,0,15,,73326,8,0,9 10,0,15,,69633,8,0,5 2 11 2 12,0,15,,73345,8,0,9 10,0,55,,69613,8,0,5 2 11 2 12,0,15,,73333,8,0,9 10,0,15,,69622,8,0,5 2 11 2 12,0,15,,73325,8,0,9 10,0,55,,69631,8,0,5 2 11 2 12,0,15,,73349,8,0,9 10,0,15,,69611,8,0,5 2 11 2 12,0,15,,73332,8,0,9 10,0,55,,69627,8,0,5 2 11 2 12,0,15,,73324,8,0,9 10,0,15,,69629,8,0,5 2 11 2 12,0,15,,73346,8,0,9 10,0,55,,69619,8,0,5 2 11 2 12,0,13,,73340,8,0,9 10,0,15,,69625,8,0,5 2 11 2 12,0,15,,73323,8,0,9 10,0,55,,69630,8,0,5 2 11 2 12,0,15,,73347,8,0,9 10,0,15,,69617,8,0,5 2 11 2 12,0,15,,73336,8,0,9 10,0,55,,69620,8,0,5 2 11 2 12,0,15,,73322,8,0,9 10,0,15,,69632,8,0,5 2 11 2 12,0,15,,69602,8,0,9 10,0,55,,69610,8,0,5 2 11 2 12,0,15,,73338,8,0,9 10,0,30,,73321,8,0,9 10,0,70,,69606,8,0,9 10,0,30,,73335,8,0,9 10,0,65,,73351,8,0,9 10,0,30,,69637,8,0,5 2 11 2 12,0
702029,'1924',809,,69679,8,0,5 2 11 2 12,0,31,,69691,8,0,5 2 11 2 12,0,100,,69677,8,0,5 2 11 2 12,0,70,,69686,8,0,5 2 11 2 12,0,15,,69667,8,0,9 10,0,15,,69687,8,0,5 2 11 2 12,0,70,,69678,8,0,5 2 11 2 12,0,15,,69645,8,0,9 10,0,15,,69697,8,0,5 2 11 2 12,0,71,,69675,8,0,5 2 11 2 12,0,15,,69656,8,0,9 10,0,15,,69689,8,0,5 2 11 2 12,0,70,,69698,8,0,5 2 11 2 12,0,30,,69681,8,0,5 2 11 2 12,0,70,,69684,8,0,5 2 11 2 12,0,30,,69696,8,0,5 2 11 2 12,0,70,,69676,8,0,5 2 11 2 12,0,30,,69685,8,0,5 2 11 2 12,0,70,,69694,8,0,5 2 11 2 12,0,30,,69674,8,0,5 2 11 2 12,0,70,,69690,8,0,5 2 11 2 12,0,30,,69692,8,0,5 2 11 2 12,0,70,,69682,8,0,5 2 11 2 12,0,28,,69688,8,0,5 2 11 2 12,0,70,,69693,8,0,5 2 11 2 12,0,30,,69680,8,0,5 2 11 2 12,0,70,,69683,8,0,5 2 11 2 12,0,30,,69695,8,0,5 2 11 2 12,0,15,,69665,8,0,9 10,0,55,,69673,8,0,5 2 11 2 12,0,115,,69669,8,0,9 10,0,125,,69700,8,0,5 2 11 2 12,0
702029,'1925',631,,73372,8,0,9 10,0,23,,73361,8,0,9 10,0,70,,73374,8,0,9 10,0,30,,73370,8,0,9 10,0,55,,69742,8,0,5 2 11 2 12,0,16,,73360,8,0,9 10,0,15,,69754,8,0,5 2 11 2 12,0,15,,73373,8,0,9 10,0,55,,73381,8,0,5 2 11 2 12,0,15,,73362,8,0,9 10,0,15,,69740,8,0,5 2 11 2 12,0,15,,73359,8,0,9 10,0,55,,69749,8,0,5 2 11 2 12,0,15,,69730,8,0,9 10,0,15,,69750,8,0,5 2 11 2 12,0,15,,73365,8,0,9 10,0,55,,69741,8,0,5 2 11 2 12,0,15,,69708,8,0,9 10,0,15,,69760,8,0,5 2 11 2 12,0,15,,73379,8,0,9 10,0,56,,69738,8,0,5 2 11 2 12,0,15,,69719,8,0,9 10,0,15,,69752,8,0,5 2 11 2 12,0,15,,73358,8,0,9 10,0,55,,69761,8,0,5 2 11 2 12,0,15,,73375,8,0,9 10,0,15,,69744,8,0,5 2 11 2 12,0,15,,73368,8,0,9 10,0,55,,69747,8,0,5 2 11 2 12,0,15,,73357,8,0,9 10,0,15,,69759,8,0,5 2 11 2 12,0,15,,73376,8,0,9 10,0,55,,69739,8,0,5 2 11 2 12,0,15,,73364,8,0,9 10,0,15,,69748,8,0,5 2 11 2 12,0,15,,73356,8,0,9 10,0,55,,69757,8,0,5 2 11 2 12,0,15,,73380,8,0,9 10,0,15,,69737,8,0,5 2 11 2 12,0,15,,73363,8,0,9 10,0,55,,69753,8,0,5 2 11 2 12,0,15,,73355,8,0,9 10,0,15,,69755,8,0,5 2 11 2 12,0,15,,73377,8,0,9 10,0,55,,69745,8,0,5 2 11 2 12,0,13,,73371,8,0,9 10,0,15,,69751,8,0,5 2 11 2 12,0,15,,73354,8,0,9 10,0,55,,69756,8,0,5 2 11 2 12,0,15,,73378,8,0,9 10,0,15,,69743,8,0,5 2 11 2 12,0,15,,73367,8,0,9 10,0,55,,69746,8,0,5 2 11 2 12,0,15,,73353,8,0,9 10,0,15,,69758,8,0,5 2 11 2 12,0,15,,69728,8,0,9 10,0,55,,69736,8,0,5 2 11 2 12,0,15,,73369,8,0,9 10,0,30,,73352,8,0,9 10,0,70,,69732,8,0,9 10,0,30,,73366,8,0,9 10,0,65,,73382,8,0,9 10,0,30,,69763,8,0,5 2 11 2 12,0
702029,'1949',704,,69850,8,0,9 10,0,17,,69798,8,0,9 10,0,107,,69848,8,0,9 10,0,30,,69849,8,0,9 10,0,75,,69828,8,0,5 2 11 2 12,0,100,,69830,8,0,5 2 11 2 12,0,85,,69804,8,0,9 10,0,100,,69806,8,0,9 10,0,85,,69835,8,0,5 2 11 2 12,0,100,,69837,8,0,5 2 11 2 12,0,55,,69838,8,0,5 2 11 2 12,0,100,,69839,8,0,5 2 11 2 12,0,197,,69815,8,0,9 10,0,70,,69856,8,0,9 10,0,15,,69842,8,0,5 2 11 2 12,0,85,,69817,8,0,9 10,0,15,,69844,8,0,5 2 11 2 12,0,69,,69845,8,0,5 2 11 2 12,0,45,,69820,8,0,9 10,0,100,,69822,8,0,9 10,0,70,,69823,8,0,9 10,0,95,,69851,8,0,9 10,0,30,,69825,8,0,5 2 11 2 12,0
702029,'1955',809,,69534,8,0,5 2 11 2 12,0,30,,69529,8,0,5 2 11 2 12,0,100,,69531,8,0,5 2 11 2 12,0,73,,69566,8,0,5 2 11 2 12,0,30,,69562,8,0,5 2 11 2 12,0,100,,69542,8,0,5 2 11 2 12,0,100,,69568,8,0,5 2 11 2 12,0,70,,69554,8,0,5 2 11 2 12,0,30,,69565,8,0,5 2 11 2 12,0,100,,69570,8,0,5 2 11 2 12,0,85,,69556,8,0,9 10,0,15,,69560,8,0,5 2 11 2 12,0,100,,69564,8,0,5 2 11 2 12,0,85,,69548,8,0,9 10,0,15,,69563,8,0,5 2 11 2 12,0,170,,69569,8,0,5 2 11 2 12,0,28,,69528,8,0,5 2 11 2 12,0,100,,69532,8,0,5 2 11 2 12,0,70,,69533,8,0,5 2 11 2 12,0
702029,'1956',631,,69660,8,0,9 10,0,23,,69648,8,0,9 10,0,70,,69662,8,0,9 10,0,30,,69658,8,0,9 10,0,71,,69647,8,0,9 10,0,30,,69661,8,0,9 10,0,55,,69672,8,0,5 2 11 2 12,0,15,,69649,8,0,9 10,0,30,,69646,8,0,9 10,0,100,,69652,8,0,9 10,0,100,,69670,8,0,9 10,0,101,,69644,8,0,9 10,0,70,,69663,8,0,9 10,0,30,,69655,8,0,9 10,0,70,,69643,8,0,9 10,0,30,,69664,8,0,9 10,0,70,,69651,8,0,9 10,0,30,,69642,8,0,9 10,0,70,,69671,8,0,9 10,0,30,,69650,8,0,9 10,0,70,,69641,8,0,9 10,0,30,,69666,8,0,9 10,0,68,,69659,8,0,9 10,0,30,,69640,8,0,9 10,0,70,,69668,8,0,9 10,0,30,,69654,8,0,9 10,0,70,,69639,8,0,9 10,0,100,,69657,8,0,9 10,0,30,,69638,8,0,9 10,0,100,,69653,8,0,9 10,0,65,,69699,8,0,9 10,0
702029,'1957',614,,73383,8,0,9 10,0,20,,73384,8,0,9 10,0,102,,73385,8,0,9 10,0,77,,73386,8,0,9 10,0,30,,73406,8,0,5 2 11 2 12,0,75,,73387,8,0,9 10,0,30,,73388,8,0,9 10,0,55,,73408,8,0,5 2 11 2 12,0,15,,73423,8,0,9 10,0,30,,73389,8,0,9 10,0,55,,73409,8,0,5 2 11 2 12,0,30,,73410,8,0,5 2 11 2 12,0,15,,73390,8,0,9 10,0,55,,73411,8,0,5 2 11 2 12,0,30,,73412,8,0,5 2 11 2 12,0,15,,73391,8,0,9 10,0,70,,73392,8,0,9 10,0,15,,73413,8,0,5 2 11 2 12,0,15,,73393,8,0,9 10,0,70,,73394,8,0,9 10,0,15,,73407,8,0,5 2 11 2 12,0,10,,73419,8,0,9 10,0,70,,73395,8,0,9 10,0,15,,73420,8,0,9 10,0,15,,73396,8,0,9 10,0,70,,73398,8,0,9 10,0,15,,73397,8,0,9 10,0,15,,73421,8,0,9 10,0,15,,73422,8,0,5 2 11 2 12,0,55,,73399,8,0,9 10,0,15,,73400,8,0,9 10,0,12,,73414,8,0,5 2 11 2 12,0,70,,73415,8,0,5 2 11 2 12,0,45,,73401,8,0,9 10,0,55,,73416,8,0,5 2 11 2 12,0,45,,73402,8,0,9 10,0,69,,73403,8,0,9 10,0,15,,73417,8,0,5 2 11 2 12,0,70,,73418,8,0,5 2 11 2 12,0,15,,73404,8,0,9 10,0,130,,73405,8,0,9 10,0
702029,'1958',809,,73429,8,0,5 2 11 2 12,0,30,,73425,8,0,5 2 11 2 12,0,100,,73426,8,0,5 2 11 2 12,0,73,,73439,8,0,5 2 11 2 12,0,30,,73435,8,0,5 2 11 2 12,0,100,,73430,8,0,5 2 11 2 12,0,100,,73440,8,0,5 2 11 2 12,0,70,,73432,8,0,5 2 11 2 12,0,30,,73438,8,0,5 2 11 2 12,0,100,,73442,8,0,5 2 11 2 12,0,85,,73433,8,0,9 10,0,15,,73434,8,0,5 2 11 2 12,0,100,,73437,8,0,5 2 11 2 12,0,85,,73431,8,0,9 10,0,15,,73436,8,0,5 2 11 2 12,0,170,,73441,8,0,5 2 11 2 12,0,28,,73424,8,0,5 2 11 2 12,0,100,,73427,8,0,5 2 11 2 12,0,70,,73428,8,0,5 2 11 2 12,0
702029,'1959',631,,73463,8,0,9 10,0,23,,73452,8,0,9 10,0,70,,73465,8,0,9 10,0,30,,73461,8,0,9 10,0,71,,73451,8,0,9 10,0,30,,73464,8,0,9 10,0,55,,73472,8,0,5 2 11 2 12,0,15,,73453,8,0,9 10,0,30,,73450,8,0,9 10,0,100,,73456,8,0,9 10,0,100,,73470,8,0,9 10,0,101,,73449,8,0,9 10,0,70,,73466,8,0,9 10,0,30,,73459,8,0,9 10,0,70,,73448,8,0,9 10,0,30,,73467,8,0,9 10,0,70,,73455,8,0,9 10,0,30,,73447,8,0,9 10,0,70,,73471,8,0,9 10,0,30,,73454,8,0,9 10,0,70,,73446,8,0,9 10,0,30,,73468,8,0,9 10,0,68,,73462,8,0,9 10,0,30,,73445,8,0,9 10,0,70,,73469,8,0,9 10,0,30,,73458,8,0,9 10,0,70,,73444,8,0,9 10,0,100,,73460,8,0,9 10,0,30,,73443,8,0,9 10,0,100,,73457,8,0,9 10,0,65,,73473,8,0,9 10,0
