13019,'1909',2130,,61318,1,,,0,27,,61318,28,4,,0
13019,'1910',1255,,67129,1,,,0,71,,67129,28,4,,0
13019,'1912',755,,71572,1,,,0,67,,71572,28,4,,0,33,,61342,1,,,0,67,,61342,28,4,,0,33,,71562,1,,,0,67,,71562,28,4,,0,33,,71563,1,,,0,69,,71563,28,4,,0,31,,71564,1,,,0,70,,71564,28,4,,0,30,,67142,1,,,0,71,,67142,28,4,,0,29,,67143,1,,,0,71,,67143,28,4,,0,29,,71565,1,,,0,71,,71565,28,4,,0,29,,71566,1,,,0,71,,71566,28,4,,0,29,,71567,1,,,0,68,,71567,28,4,,0,32,,71568,1,,,0,67,,71568,28,4,,0,33,,71569,1,,,0,67,,71569,28,4,,0,33,,71570,1,,,0,67,,71570,28,4,,0,33,,71571,1,,,0,67,,71571,28,4,,0,33,,61341,1,,,0,67,,61341,28,4,,0
13019,'1924',855,,61357,1,,,0,67,,61357,28,4,,0,333,,67155,1,,,0,71,,67155,28,4,,0,29,,67156,1,,,0,71,,67156,28,4,,0,729,,61356,1,,,0,67,,61356,28,4,,0
13019,'1925',755,,71583,1,,,0,67,,71583,28,4,,0,33,,61372,1,,,0,67,,61372,28,4,,0,33,,71573,1,,,0,67,,71573,28,4,,0,33,,71574,1,,,0,69,,71574,28,4,,0,31,,71575,1,,,0,70,,71575,28,4,,0,30,,67168,1,,,0,71,,67168,28,4,,0,29,,67169,1,,,0,71,,67169,28,4,,0,29,,71576,1,,,0,71,,71576,28,4,,0,29,,71577,1,,,0,71,,71577,28,4,,0,29,,71578,1,,,0,68,,71578,28,4,,0,32,,71579,1,,,0,67,,71579,28,4,,0,33,,71580,1,,,0,67,,71580,28,4,,0,33,,71581,1,,,0,67,,71581,28,4,,0,33,,71582,1,,,0,67,,71582,28,4,,0,33,,61371,1,,,0,67,,61371,28,4,,0
13019,'1949',1702,,67203,1,,,0,31,,67203,28,4,,0,199,,67206,1,,,0,68,,67206,28,4,,0,228,,67204,7,4,,0
13019,'1955',655,,67123,1,,,0,67,,67123,28,4,,0,33,,67124,1,,,0,67,,67124,28,4,,0,33,,67125,1,,,0,67,,67125,28,4,,0,33,,67126,1,,,0,67,,67126,28,4,,0,33,,67127,1,,,0,71,,67127,28,4,,0,29,,67128,1,,,0,71,,67128,28,4,,0,129,,67130,1,,,0,71,,67130,28,4,,0,29,,67131,1,,,0,71,,67131,28,4,,0,29,,67132,1,,,0,71,,67132,28,4,,0,29,,67133,1,,,0,70,,67133,28,4,,0,30,,67134,1,,,0,69,,67134,28,4,,0,31,,67135,1,,,0,68,,67135,28,4,,0,32,,67136,1,,,0,67,,67136,28,4,,0,33,,67137,1,,,0,67,,67137,28,4,,0,133,,67138,1,,,0,67,,67138,28,4,,0
13019,'1956',755,,67164,1,,,0,67,,67164,28,4,,0,133,,67152,1,,,0,67,,67152,28,4,,0,33,,67153,1,,,0,69,,67153,28,4,,0,31,,67154,1,,,0,70,,67154,28,4,,0,230,,67157,1,,,0,71,,67157,28,4,,0,29,,67158,1,,,0,71,,67158,28,4,,0,29,,67159,1,,,0,68,,67159,28,4,,0,32,,67160,1,,,0,67,,67160,28,4,,0,33,,67161,1,,,0,67,,67161,28,4,,0,33,,67162,1,,,0,67,,67162,28,4,,0,33,,67163,1,,,0,67,,67163,28,4,,0
13019,'1957',607,,71584,1,,,0,26,,71584,28,4,,0,4,,71585,1,,,0,66,,71585,28,4,,0,2,,71586,1,,,0,28,,71586,28,4,,0,2,,71587,1,,,0,68,,71587,28,4,,0,28,,71588,1,,,0,28,,71588,28,4,,0,71,,71589,1,,,0,70,,71589,28,4,,0,30,,71590,1,,,0,70,,71590,28,4,,0,30,,71591,1,,,0,70,,71591,28,4,,0,30,,71592,1,,,0,70,,71592,28,4,,0,30,,71593,1,,,0,70,,71594,1,,,0,30,,71594,28,4,,0,2,,71595,1,,,0,70,,71596,1,,,0,1,,71595,28,4,,0,29,,71603,1,,,0,1,,71596,28,4,,0,69,,71597,1,,,0,1,,71603,28,4,,0,29,,71600,1,,,0,1,,71597,28,4,,0,70,,71600,28,4,,0,29,,71601,1,,,0,68,,71601,28,4,,0,32,,71602,1,,,0,68,,71602,28,4,,0,132,,71599,1,,,0,27,,71599,28,4,,0,171,,71598,1,,,0,27,,71598,28,4,,0
13019,'1958',655,,71604,1,,,0,67,,71604,28,4,,0,33,,71605,1,,,0,67,,71605,28,4,,0,33,,71606,1,,,0,67,,71606,28,4,,0,33,,71607,1,,,0,67,,71607,28,4,,0,33,,71608,1,,,0,71,,71608,28,4,,0,29,,71609,1,,,0,71,,71609,28,4,,0,129,,71610,1,,,0,71,,71610,28,4,,0,29,,71611,1,,,0,71,,71611,28,4,,0,29,,71612,1,,,0,71,,71612,28,4,,0,29,,71613,1,,,0,70,,71613,28,4,,0,30,,71614,1,,,0,69,,71614,28,4,,0,31,,71615,1,,,0,68,,71615,28,4,,0,32,,71616,1,,,0,67,,71616,28,4,,0,33,,71617,1,,,0,67,,71617,28,4,,0,133,,71618,1,,,0,67,,71618,28,4,,0
13019,'1959',755,,71629,1,,,0,67,,71629,28,4,,0,133,,71619,1,,,0,67,,71619,28,4,,0,33,,71620,1,,,0,69,,71620,28,4,,0,31,,71621,1,,,0,70,,71621,28,4,,0,230,,71622,1,,,0,71,,71622,28,4,,0,29,,71623,1,,,0,71,,71623,28,4,,0,29,,71624,1,,,0,68,,71624,28,4,,0,32,,71625,1,,,0,67,,71625,28,4,,0,33,,71626,1,,,0,67,,71626,28,4,,0,33,,71627,1,,,0,67,,71627,28,4,,0,33,,71628,1,,,0,67,,71628,28,4,,0
