609,'1912',840,,70924,13,0,5 2 6 7,0,100,,70925,13,0,5 2 6 7,0,100,,70926,13,0,5 2 6 7,0,100,,70927,13,0,5 2 6 7,0,102,,70928,13,0,5 2 6 7,0,100,,70929,13,0,5 2 6 7,0,100,,70930,13,0,5 2 6 7,0,100,,70931,13,0,5 2 6 7,0,100,,70932,13,0,5 2 6 7,0,100,,70933,13,0,5 2 6 7,0,98,,70934,13,0,5 2 6 7,0,100,,70935,13,0,5 2 6 7,0
609,'1925',840,,70960,13,0,5 2 6 7,0,100,,70961,13,0,5 2 6 7,0,100,,70962,13,0,5 2 6 7,0,100,,70963,13,0,5 2 6 7,0,102,,70964,13,0,5 2 6 7,0,100,,70965,13,0,5 2 6 7,0,100,,70966,13,0,5 2 6 7,0,100,,70967,13,0,5 2 6 7,0,100,,70968,13,0,5 2 6 7,0,100,,70969,13,0,5 2 6 7,0,98,,70970,13,0,5 2 6 7,0,100,,70971,13,0,5 2 6 7,0
609,'1955',611,,66377,13,0,15 16 17,0,30,,66358,13,0,15 16 17,0,70,,66346,13,0,15 16 17,0,30,,60217,13,0,15 16 17,0,70,,66345,13,0,15 16 17,0,30,,66357,13,0,15 16 17,0,70,,66344,13,0,15 16 17,0,28,,66370,13,0,15 16 17,0,70,,66343,13,0,15 16 17,0,30,,66356,13,0,15 16 17,0,73,,66342,13,0,15 16 17,0,30,,66369,13,0,15 16 17,0,70,,66341,13,0,15 16 17,0,30,,66355,13,0,15 16 17,0,70,,66340,13,0,15 16 17,0,30,,66368,13,0,15 16 17,0,70,,66339,13,0,15 16 17,0,30,,66354,13,0,15 16 17,0,70,,66338,13,0,15 16 17,0,30,,66367,13,0,15 16 17,0,70,,66337,13,0,15 16 17,0,30,,66353,13,0,15 16 17,0,70,,66336,13,0,15 16 17,0,30,,66373,13,0,15 16 17,0,70,,60204,13,0,15 16 17,0,30,,66371,13,0,15 16 17,0,68,,66374,13,0,5 2 6 7,0,100,,66366,13,0,5 2 6 7,0,100,,66378,13,0,5 2 6 7,0
609,'1956',840,,66440,13,0,5 2 6 7,0,100,,66441,13,0,5 2 6 7,0,100,,66442,13,0,5 2 6 7,0,100,,66443,13,0,5 2 6 7,0,102,,66444,13,0,5 2 6 7,0,100,,66445,13,0,5 2 6 7,0,100,,66446,13,0,5 2 6 7,0,100,,66447,13,0,5 2 6 7,0,100,,66448,13,0,5 2 6 7,0,100,,66449,13,0,5 2 6 7,0,98,,66450,13,0,5 2 6 7,0,100,,66451,13,0,5 2 6 7,0
609,'1957',620,,71022,13,0,15 16 17,0,35,,70980,13,0,15 16 17,0,72,,70977,13,0,15 16 17,0,30,,70989,13,0,15 16 17,0,70,,70991,13,0,15 16 17,0,30,,71000,13,0,15 16 17,0,70,,71021,13,0,15 16 17,0,30,,70988,13,0,15 16 17,0,70,,70997,13,0,15 16 17,0,30,,70998,13,0,15 16 17,0,70,,70996,13,0,15 16 17,0,30,,71019,13,0,15 16 17,0,70,,71018,13,0,15 16 17,0,30,,71015,13,0,15 16 17,0,70,,71016,13,0,15 16 17,0,30,,71017,13,0,15 16 17,0,70,,71014,13,0,15 16 17,0,31,,71012,13,0,15 16 17,0,70,,71013,13,0,15 16 17,0,30,,71011,13,0,15 16 17,0,70,,71009,13,0,15 16 17,0,30,,71008,13,0,15 16 17,0,70,,71010,13,0,15 16 17,0,27,,71007,13,0,15 16 17,0,65,,71006,13,0,15 16 17,0,30,,71005,13,0,15 16 17,0,90,,71003,13,0,15 16 17,0,100,,71004,13,0,15 16 17,0,100,,71002,13,0,15 16 17,0,100,,71024,13,0,15 16 17,0
609,'1958',611,,71081,13,0,15 16 17,0,30,,71060,13,0,15 16 17,0,70,,71048,13,0,15 16 17,0,30,,71074,13,0,15 16 17,0,70,,71047,13,0,15 16 17,0,30,,71059,13,0,15 16 17,0,70,,71046,13,0,15 16 17,0,28,,71073,13,0,15 16 17,0,70,,71045,13,0,15 16 17,0,30,,71058,13,0,15 16 17,0,73,,71044,13,0,15 16 17,0,30,,71072,13,0,15 16 17,0,70,,71043,13,0,15 16 17,0,30,,71057,13,0,15 16 17,0,70,,71042,13,0,15 16 17,0,30,,71071,13,0,15 16 17,0,70,,71041,13,0,15 16 17,0,30,,71056,13,0,15 16 17,0,70,,71040,13,0,15 16 17,0,30,,71070,13,0,15 16 17,0,70,,71039,13,0,15 16 17,0,30,,71055,13,0,15 16 17,0,70,,71038,13,0,15 16 17,0,30,,71077,13,0,15 16 17,0,70,,71061,13,0,15 16 17,0,30,,71075,13,0,15 16 17,0,68,,71078,13,0,5 2 6 7,0,100,,71069,13,0,5 2 6 7,0,100,,71082,13,0,5 2 6 7,0
609,'1959',840,,71108,13,0,5 2 6 7,0,100,,71109,13,0,5 2 6 7,0,100,,71110,13,0,5 2 6 7,0,100,,71111,13,0,5 2 6 7,0,102,,71112,13,0,5 2 6 7,0,100,,71113,13,0,5 2 6 7,0,100,,71114,13,0,5 2 6 7,0,100,,71115,13,0,5 2 6 7,0,100,,71116,13,0,5 2 6 7,0,100,,71117,13,0,5 2 6 7,0,98,,71118,13,0,5 2 6 7,0,100,,71119,13,0,5 2 6 7,0
11029,'1909',813,,61170,6,,,0
11029,'1910',712,,67037,6,,,0,1001,,67033,6,,,0,100,,67034,6,,,0,99,,67035,6,,,0
11029,'1912',811,,67039,6,,,0,100,,67040,6,,,0,103,,67041,6,,,0,100,,67042,6,,,0,100,,67043,6,,,0,100,,67044,6,,,0,100,,67045,6,,,0,100,,67046,6,,,0,100,,67047,6,,,0,99,,67048,6,,,0,100,,67049,6,,,0,99,,67050,6,,,0,100,,61211,6,,,0
11029,'1924',811,,67051,6,,,0,100,,67052,6,,,0,103,,67053,6,,,0,100,,67054,6,,,0,100,,67055,6,,,0,100,,67056,6,,,0,100,,67057,6,,,0,100,,67058,6,,,0,100,,67059,6,,,0,99,,67060,6,,,0,100,,67061,6,,,0,99,,67062,6,,,0,100,,61224,6,,,0
11029,'1925',811,,67063,6,,,0,100,,67064,6,,,0,103,,67065,6,,,0,100,,67066,6,,,0,100,,67067,6,,,0,100,,67068,6,,,0,100,,67069,6,,,0,100,,67070,6,,,0,100,,67071,6,,,0,99,,67072,6,,,0,100,,67073,6,,,0,99,,67074,6,,,0,100,,61237,6,,,0
11029,'1949',1714,,67097,6,,,0
11029,'1955',812,,67024,6,,,0,100,,67025,6,,,0,103,,67026,6,,,0,100,,67027,6,,,0,100,,67028,6,,,0,100,,67029,6,,,0,100,,67030,6,,,0,100,,67031,6,,,0,100,,67032,6,,,0,397,,67036,6,,,0
11029,'1957',712,,71512,6,,,0,201,,71513,6,,,0,100,,71514,6,,,0,100,,71515,6,,,0,100,,71516,6,,,0,100,,71517,6,,,0,101,,71518,6,,,0,100,,71519,6,,,0,100,,71520,6,,,0,199,,71521,6,,,0,100,,71522,6,,,0,100,,71523,6,,,0,99,,71511,6,,,0
11029,'1958',812,,71524,6,,,0,100,,71525,6,,,0,103,,71526,6,,,0,100,,71527,6,,,0,100,,71528,6,,,0,100,,71529,6,,,0,100,,71530,6,,,0,100,,71531,6,,,0,100,,71532,6,,,0,397,,71533,6,,,0
702029,'1909',752,,65124,4,0,9 10,0
702029,'1910',626,,69527,4,0,9 10,0,23,,69513,4,0,9 10,0,70,,69517,4,0,9 10,0,30,,69521,4,0,9 10,0,70,,69524,4,0,9 10,0,30,,69514,4,0,9 10,0,55,,69530,4,0,5 2 11 2 12,0,15,,69518,4,0,9 10,0,30,,69559,4,0,9 10,0,73,,69552,4,0,9 10,0,30,,69540,4,0,9 10,0,55,,69549,4,0,5 2 11 2 12,0,15,,69555,4,0,9 10,0,30,,69550,4,0,9 10,0,55,,69572,4,0,5 2 11 2 12,0,15,,69547,4,0,9 10,0,30,,69544,4,0,9 10,0,70,,69571,4,0,9 10,0,30,,69558,4,0,9 10,0,55,,69543,4,0,5 2 11 2 12,0,15,,69546,4,0,9 10,0,30,,69553,4,0,9 10,0,55,,69537,4,0,5 2 11 2 12,0,45,,69541,4,0,9 10,0,55,,69539,4,0,5 2 11 2 12,0,15,,69573,4,0,9 10,0,30,,69551,4,0,9 10,0,55,,69561,4,0,5 2 11 2 12,0,45,,69545,4,0,9 10,0,55,,69567,4,0,5 2 11 2 12,0,15,,69574,4,0,9 10,0,15,,69538,4,0,5 2 11 2 12,0,15,,69557,4,0,9 10,0,68,,69519,4,0,9 10,0,30,,69522,4,0,9 10,0,55,,65204,4,0,5 2 11 2 12,0,15,,69525,4,0,9 10,0,30,,69515,4,0,9 10,0,69,,69520,4,0,9 10,0,30,,69523,4,0,9 10,0,70,,69526,4,0,9 10,0,30,,69516,4,0,9 10,0,65,,69536,4,0,9 10,0,30,,69535,4,0,5 2 11 2 12,0
702029,'1912',626,,73341,4,0,9 10,0,23,,73330,4,0,9 10,0,70,,73343,4,0,9 10,0,30,,73339,4,0,9 10,0,55,,69616,4,0,5 2 11 2 12,0,16,,73329,4,0,9 10,0,15,,69628,4,0,5 2 11 2 12,0,15,,73342,4,0,9 10,0,55,,73350,4,0,5 2 11 2 12,0,15,,73331,4,0,9 10,0,15,,69614,4,0,5 2 11 2 12,0,15,,73328,4,0,9 10,0,55,,69623,4,0,5 2 11 2 12,0,15,,69604,4,0,9 10,0,15,,69624,4,0,5 2 11 2 12,0,15,,73334,4,0,9 10,0,55,,69615,4,0,5 2 11 2 12,0,15,,69582,4,0,9 10,0,15,,69634,4,0,5 2 11 2 12,0,15,,73348,4,0,9 10,0,56,,69612,4,0,5 2 11 2 12,0,15,,69593,4,0,9 10,0,15,,69626,4,0,5 2 11 2 12,0,15,,73327,4,0,9 10,0,55,,69635,4,0,5 2 11 2 12,0,15,,73344,4,0,9 10,0,15,,69618,4,0,5 2 11 2 12,0,15,,73337,4,0,9 10,0,55,,69621,4,0,5 2 11 2 12,0,15,,73326,4,0,9 10,0,15,,69633,4,0,5 2 11 2 12,0,15,,73345,4,0,9 10,0,55,,69613,4,0,5 2 11 2 12,0,15,,73333,4,0,9 10,0,15,,69622,4,0,5 2 11 2 12,0,15,,73325,4,0,9 10,0,55,,69631,4,0,5 2 11 2 12,0,15,,73349,4,0,9 10,0,15,,69611,4,0,5 2 11 2 12,0,15,,73332,4,0,9 10,0,55,,69627,4,0,5 2 11 2 12,0,15,,73324,4,0,9 10,0,15,,69629,4,0,5 2 11 2 12,0,15,,73346,4,0,9 10,0,55,,69619,4,0,5 2 11 2 12,0,13,,73340,4,0,9 10,0,15,,69625,4,0,5 2 11 2 12,0,15,,73323,4,0,9 10,0,55,,69630,4,0,5 2 11 2 12,0,15,,73347,4,0,9 10,0,15,,69617,4,0,5 2 11 2 12,0,15,,73336,4,0,9 10,0,55,,69620,4,0,5 2 11 2 12,0,15,,73322,4,0,9 10,0,15,,69632,4,0,5 2 11 2 12,0,15,,69602,4,0,9 10,0,55,,69610,4,0,5 2 11 2 12,0,15,,73338,4,0,9 10,0,30,,73321,4,0,9 10,0,70,,69606,4,0,9 10,0,30,,73335,4,0,9 10,0,65,,73351,4,0,9 10,0,30,,69637,4,0,5 2 11 2 12,0
702029,'1924',804,,69679,4,0,5 2 11 2 12,0,31,,69691,4,0,5 2 11 2 12,0,100,,69677,4,0,5 2 11 2 12,0,70,,69686,4,0,5 2 11 2 12,0,15,,69667,4,0,9 10,0,15,,69687,4,0,5 2 11 2 12,0,70,,69678,4,0,5 2 11 2 12,0,15,,69645,4,0,9 10,0,15,,69697,4,0,5 2 11 2 12,0,71,,69675,4,0,5 2 11 2 12,0,15,,69656,4,0,9 10,0,15,,69689,4,0,5 2 11 2 12,0,70,,69698,4,0,5 2 11 2 12,0,30,,69681,4,0,5 2 11 2 12,0,70,,69684,4,0,5 2 11 2 12,0,30,,69696,4,0,5 2 11 2 12,0,70,,69676,4,0,5 2 11 2 12,0,30,,69685,4,0,5 2 11 2 12,0,70,,69694,4,0,5 2 11 2 12,0,30,,69674,4,0,5 2 11 2 12,0,70,,69690,4,0,5 2 11 2 12,0,30,,69692,4,0,5 2 11 2 12,0,70,,69682,4,0,5 2 11 2 12,0,28,,69688,4,0,5 2 11 2 12,0,70,,69693,4,0,5 2 11 2 12,0,30,,69680,4,0,5 2 11 2 12,0,70,,69683,4,0,5 2 11 2 12,0,30,,69695,4,0,5 2 11 2 12,0,15,,69665,4,0,9 10,0,55,,69673,4,0,5 2 11 2 12,0,115,,69669,4,0,9 10,0,125,,69700,4,0,5 2 11 2 12,0
702029,'1925',626,,73372,4,0,9 10,0,23,,73361,4,0,9 10,0,70,,73374,4,0,9 10,0,30,,73370,4,0,9 10,0,55,,69742,4,0,5 2 11 2 12,0,16,,73360,4,0,9 10,0,15,,69754,4,0,5 2 11 2 12,0,15,,73373,4,0,9 10,0,55,,73381,4,0,5 2 11 2 12,0,15,,73362,4,0,9 10,0,15,,69740,4,0,5 2 11 2 12,0,15,,73359,4,0,9 10,0,55,,69749,4,0,5 2 11 2 12,0,15,,69730,4,0,9 10,0,15,,69750,4,0,5 2 11 2 12,0,15,,73365,4,0,9 10,0,55,,69741,4,0,5 2 11 2 12,0,15,,69708,4,0,9 10,0,15,,69760,4,0,5 2 11 2 12,0,15,,73379,4,0,9 10,0,56,,69738,4,0,5 2 11 2 12,0,15,,69719,4,0,9 10,0,15,,69752,4,0,5 2 11 2 12,0,15,,73358,4,0,9 10,0,55,,69761,4,0,5 2 11 2 12,0,15,,73375,4,0,9 10,0,15,,69744,4,0,5 2 11 2 12,0,15,,73368,4,0,9 10,0,55,,69747,4,0,5 2 11 2 12,0,15,,73357,4,0,9 10,0,15,,69759,4,0,5 2 11 2 12,0,15,,73376,4,0,9 10,0,55,,69739,4,0,5 2 11 2 12,0,15,,73364,4,0,9 10,0,15,,69748,4,0,5 2 11 2 12,0,15,,73356,4,0,9 10,0,55,,69757,4,0,5 2 11 2 12,0,15,,73380,4,0,9 10,0,15,,69737,4,0,5 2 11 2 12,0,15,,73363,4,0,9 10,0,55,,69753,4,0,5 2 11 2 12,0,15,,73355,4,0,9 10,0,15,,69755,4,0,5 2 11 2 12,0,15,,73377,4,0,9 10,0,55,,69745,4,0,5 2 11 2 12,0,13,,73371,4,0,9 10,0,15,,69751,4,0,5 2 11 2 12,0,15,,73354,4,0,9 10,0,55,,69756,4,0,5 2 11 2 12,0,15,,73378,4,0,9 10,0,15,,69743,4,0,5 2 11 2 12,0,15,,73367,4,0,9 10,0,55,,69746,4,0,5 2 11 2 12,0,15,,73353,4,0,9 10,0,15,,69758,4,0,5 2 11 2 12,0,15,,69728,4,0,9 10,0,55,,69736,4,0,5 2 11 2 12,0,15,,73369,4,0,9 10,0,30,,73352,4,0,9 10,0,70,,69732,4,0,9 10,0,30,,73366,4,0,9 10,0,65,,73382,4,0,9 10,0,30,,69763,4,0,5 2 11 2 12,0
702029,'1949',659,,69850,4,0,9 10,0,57,,69798,4,0,9 10,0,106,,69848,4,0,9 10,0,30,,69849,4,0,9 10,0,75,,69828,4,0,5 2 11 2 12,0,100,,69830,4,0,5 2 11 2 12,0,85,,69804,4,0,9 10,0,100,,69806,4,0,9 10,0,45,,69835,4,0,5 2 11 2 12,0,100,,69837,4,0,5 2 11 2 12,0,95,,69838,4,0,5 2 11 2 12,0,100,,69839,4,0,5 2 11 2 12,0,198,,69815,4,0,9 10,0,70,,69856,4,0,9 10,0,15,,69842,4,0,5 2 11 2 12,0,85,,69817,4,0,9 10,0,15,,69844,4,0,5 2 11 2 12,0,69,,69845,4,0,5 2 11 2 12,0,45,,69820,4,0,9 10,0,100,,69822,4,0,9 10,0,70,,69823,4,0,9 10,0,95,,69851,4,0,9 10,0,30,,69825,4,0,5 2 11 2 12,0
702029,'1955',804,,69534,4,0,5 2 11 2 12,0,30,,69529,4,0,5 2 11 2 12,0,100,,69531,4,0,5 2 11 2 12,0,73,,69566,4,0,5 2 11 2 12,0,30,,69562,4,0,5 2 11 2 12,0,100,,69542,4,0,5 2 11 2 12,0,100,,69568,4,0,5 2 11 2 12,0,70,,69554,4,0,5 2 11 2 12,0,30,,69565,4,0,5 2 11 2 12,0,100,,69570,4,0,5 2 11 2 12,0,85,,69556,4,0,9 10,0,15,,69560,4,0,5 2 11 2 12,0,100,,69564,4,0,5 2 11 2 12,0,85,,69548,4,0,9 10,0,15,,69563,4,0,5 2 11 2 12,0,170,,69569,4,0,5 2 11 2 12,0,28,,69528,4,0,5 2 11 2 12,0,100,,69532,4,0,5 2 11 2 12,0,70,,69533,4,0,5 2 11 2 12,0
702029,'1956',626,,69660,4,0,9 10,0,23,,69648,4,0,9 10,0,70,,69662,4,0,9 10,0,30,,69658,4,0,9 10,0,71,,69647,4,0,9 10,0,30,,69661,4,0,9 10,0,55,,69672,4,0,5 2 11 2 12,0,15,,69649,4,0,9 10,0,30,,69646,4,0,9 10,0,100,,69652,4,0,9 10,0,100,,69670,4,0,9 10,0,101,,69644,4,0,9 10,0,70,,69663,4,0,9 10,0,30,,69655,4,0,9 10,0,70,,69643,4,0,9 10,0,30,,69664,4,0,9 10,0,70,,69651,4,0,9 10,0,30,,69642,4,0,9 10,0,70,,69671,4,0,9 10,0,30,,69650,4,0,9 10,0,70,,69641,4,0,9 10,0,30,,69666,4,0,9 10,0,68,,69659,4,0,9 10,0,30,,69640,4,0,9 10,0,70,,69668,4,0,9 10,0,30,,69654,4,0,9 10,0,70,,69639,4,0,9 10,0,100,,69657,4,0,9 10,0,30,,69638,4,0,9 10,0,100,,69653,4,0,9 10,0,65,,69699,4,0,9 10,0
702029,'1957',609,,73383,4,0,9 10,0,20,,73384,4,0,9 10,0,102,,73385,4,0,9 10,0,76,,73386,4,0,9 10,0,30,,73406,4,0,5 2 11 2 12,0,75,,73387,4,0,9 10,0,30,,73388,4,0,9 10,0,15,,73408,4,0,5 2 11 2 12,0,55,,73423,4,0,9 10,0,30,,73389,4,0,9 10,0,15,,73409,4,0,5 2 11 2 12,0,70,,73410,4,0,5 2 11 2 12,0,15,,73390,4,0,9 10,0,15,,73411,4,0,5 2 11 2 12,0,70,,73412,4,0,5 2 11 2 12,0,15,,73391,4,0,9 10,0,70,,73392,4,0,9 10,0,15,,73413,4,0,5 2 11 2 12,0,15,,73393,4,0,9 10,0,70,,73394,4,0,9 10,0,15,,73407,4,0,5 2 11 2 12,0,10,,73419,4,0,9 10,0,70,,73395,4,0,9 10,0,15,,73420,4,0,9 10,0,15,,73396,4,0,9 10,0,70,,73398,4,0,9 10,0,15,,73397,4,0,9 10,0,15,,73421,4,0,9 10,0,15,,73422,4,0,5 2 11 2 12,0,55,,73399,4,0,9 10,0,15,,73400,4,0,9 10,0,13,,73414,4,0,5 2 11 2 12,0,70,,73415,4,0,5 2 11 2 12,0,45,,73401,4,0,9 10,0,55,,73416,4,0,5 2 11 2 12,0,45,,73402,4,0,9 10,0,69,,73403,4,0,9 10,0,15,,73417,4,0,5 2 11 2 12,0,70,,73418,4,0,5 2 11 2 12,0,15,,73404,4,0,9 10,0,130,,73405,4,0,9 10,0
702029,'1958',804,,73429,4,0,5 2 11 2 12,0,30,,73425,4,0,5 2 11 2 12,0,100,,73426,4,0,5 2 11 2 12,0,73,,73439,4,0,5 2 11 2 12,0,30,,73435,4,0,5 2 11 2 12,0,100,,73430,4,0,5 2 11 2 12,0,100,,73440,4,0,5 2 11 2 12,0,70,,73432,4,0,5 2 11 2 12,0,30,,73438,4,0,5 2 11 2 12,0,100,,73442,4,0,5 2 11 2 12,0,85,,73433,4,0,9 10,0,15,,73434,4,0,5 2 11 2 12,0,100,,73437,4,0,5 2 11 2 12,0,85,,73431,4,0,9 10,0,15,,73436,4,0,5 2 11 2 12,0,170,,73441,4,0,5 2 11 2 12,0,28,,73424,4,0,5 2 11 2 12,0,100,,73427,4,0,5 2 11 2 12,0,70,,73428,4,0,5 2 11 2 12,0
702029,'1959',626,,73463,4,0,9 10,0,23,,73452,4,0,9 10,0,70,,73465,4,0,9 10,0,30,,73461,4,0,9 10,0,71,,73451,4,0,9 10,0,30,,73464,4,0,9 10,0,55,,73472,4,0,5 2 11 2 12,0,15,,73453,4,0,9 10,0,30,,73450,4,0,9 10,0,100,,73456,4,0,9 10,0,100,,73470,4,0,9 10,0,101,,73449,4,0,9 10,0,70,,73466,4,0,9 10,0,30,,73459,4,0,9 10,0,70,,73448,4,0,9 10,0,30,,73467,4,0,9 10,0,70,,73455,4,0,9 10,0,30,,73447,4,0,9 10,0,70,,73471,4,0,9 10,0,30,,73454,4,0,9 10,0,70,,73446,4,0,9 10,0,30,,73468,4,0,9 10,0,68,,73462,4,0,9 10,0,30,,73445,4,0,9 10,0,70,,73469,4,0,9 10,0,30,,73458,4,0,9 10,0,70,,73444,4,0,9 10,0,100,,73460,4,0,9 10,0,30,,73443,4,0,9 10,0,100,,73457,4,0,9 10,0,65,,73473,4,0,9 10,0
