1029,'1912',627,,73732,50,,,0,100,,73733,50,,,0,100,,73734,50,,,0,102,,73735,50,,,0,100,,73736,50,,,0,100,,73737,50,,,0,100,,73738,50,,,0,100,,73739,50,,,0,100,,73740,50,,,0,100,,73741,50,,,0,100,,73742,50,,,0,100,,73743,50,,,0,100,,73744,50,,,0,100,,73745,50,,,0,100,,73746,50,,,0,100,,73747,50,,,0,100,,73748,50,,,0,95,,73749,50,,,0
1029,'1959',627,,73820,50,,,0,100,,73821,50,,,0,100,,73822,50,,,0,102,,73823,50,,,0,100,,73824,50,,,0,100,,73825,50,,,0,100,,73826,50,,,0,100,,73827,50,,,0,100,,73828,50,,,0,100,,73829,50,,,0,100,,73830,50,,,0,100,,73831,50,,,0,100,,73832,50,,,0,100,,73833,50,,,0,100,,73834,50,,,0,100,,73835,50,,,0,100,,73836,50,,,0,95,,73837,50,,,0
1029,'1967',627,,73790,50,,,0,30,,73802,50,,,0,70,,73809,50,,,0,30,,73797,50,,,0,70,,73818,50,,,0,30,,73806,50,,,0,72,,73789,50,,,0,30,,73801,50,,,0,70,,73812,50,,,0,30,,73796,50,,,0,70,,73819,50,,,0,30,,73805,50,,,0,70,,73788,50,,,0,30,,73800,50,,,0,70,,73811,50,,,0,30,,73795,50,,,0,70,,73791,50,,,0,30,,73804,50,,,0,70,,73787,50,,,0,30,,73799,50,,,0,70,,73807,50,,,0,30,,73794,50,,,0,70,,73816,50,,,0,30,,73803,50,,,0,69,,73786,50,,,0,31,,73798,50,,,0,70,,73810,50,,,0,30,,73792,50,,,0,70,,73814,50,,,0,30,,73813,50,,,0,70,,73785,50,,,0,30,,73793,50,,,0,70,,73808,50,,,0,30,,73817,50,,,0,70,,73815,50,,,0
1029,'1969',627,,73838,50,,,0,100,,73839,50,,,0,100,,73840,50,,,0,102,,73841,50,,,0,100,,73842,50,,,0,100,,73843,50,,,0,100,,73844,50,,,0,100,,73845,50,,,0,100,,73846,50,,,0,100,,73847,50,,,0,100,,73848,50,,,0,100,,73849,50,,,0,100,,73850,50,,,0,100,,73851,50,,,0,100,,73852,50,,,0,100,,73853,50,,,0,100,,73854,50,,,0,95,,73855,50,,,0
1029,'1976',627,,73759,50,,,0,75,,73760,50,,,0,32,,73780,50,,,0,70,,73756,50,,,0,30,,73751,50,,,0,71,,73784,50,,,0,30,,73754,50,,,0,70,,73761,50,,,0,30,,73779,50,,,0,70,,73758,50,,,0,30,,73750,50,,,0,70,,73783,50,,,0,30,,73755,50,,,0,70,,73762,50,,,0,30,,73778,50,,,0,70,,73757,50,,,0,31,,73752,50,,,0,71,,73781,50,,,0,32,,73753,50,,,0,70,,73763,50,,,0,30,,73777,50,,,0,70,,73766,50,,,0,29,,73765,50,,,0,67,,73764,50,,,0,25,,73770,50,,,0,70,,73769,50,,,0,30,,73768,50,,,0,70,,73767,50,,,0,29,,73782,50,,,0,30,,73776,50,,,0,70,,73775,50,,,0,30,,73774,50,,,0,70,,73773,50,,,0,30,,73772,50,,,0,65,,73771,50,,,0
1029,'1977',627,,75115,50,,,0,75,,75116,50,,,0,32,,75136,50,,,0,70,,75112,50,,,0,30,,75107,50,,,0,71,,75140,50,,,0,30,,75110,50,,,0,70,,75117,50,,,0,30,,75135,50,,,0,70,,75114,50,,,0,30,,75106,50,,,0,70,,75139,50,,,0,30,,75111,50,,,0,70,,75118,50,,,0,30,,75134,50,,,0,70,,75113,50,,,0,31,,75108,50,,,0,71,,75137,50,,,0,32,,75109,50,,,0,70,,75119,50,,,0,30,,75133,50,,,0,70,,75122,50,,,0,29,,75121,50,,,0,67,,75120,50,,,0,25,,75126,50,,,0,70,,75125,50,,,0,30,,75124,50,,,0,70,,75123,50,,,0,29,,75138,50,,,0,30,,75132,50,,,0,70,,75131,50,,,0,30,,75130,50,,,0,70,,75129,50,,,0,30,,75128,50,,,0,65,,75127,50,,,0
2029,'1912',642,,74007,45,0,39 40,0,4,,74007,47,0,39 40,0,67,,74015,45,0,39 40,0,2,,74015,47,0,39 40,0,29,,74026,45,0,39 40,0,2,,74026,47,0,39 40,0,68,,74021,45,0,39 40,0,2,,74021,47,0,39 40,0,28,,74008,45,0,39 40,0,2,,74008,47,0,39 40,0,68,,74016,45,0,39 40,0,2,,74016,47,0,39 40,0,28,,74027,45,0,39 40,0,2,,74027,47,0,39 40,0,68,,74022,45,0,39 40,0,2,,74022,47,0,39 40,0,28,,74009,45,0,39 40,0,2,,74009,47,0,39 40,0,68,,74017,45,0,39 40,0,2,,74017,47,0,39 40,0,28,,74028,45,0,39 40,0,2,,74028,47,0,39 40,0,68,,74023,45,0,39 40,0,2,,74023,47,0,39 40,0,28,,74010,45,0,39 40,0,2,,74010,47,0,39 40,0,68,,74018,45,0,39 40,0,2,,74018,47,0,39 40,0,28,,74029,45,0,39 40,0,2,,74029,47,0,39 40,0,68,,74024,45,0,39 40,0,2,,74024,47,0,39 40,0,28,,74011,45,0,39 40,0,2,,74011,47,0,39 40,0,68,,74019,45,0,39 40,0,2,,74019,47,0,39 40,0,28,,74030,45,0,39 40,0,2,,74030,47,0,39 40,0,68,,74025,45,0,39 40,0,2,,74025,47,0,39 40,0,28,,74012,45,0,39 40,0,2,,74012,47,0,39 40,0,68,,74020,45,0,39 40,0,2,,74020,47,0,39 40,0,28,,74031,45,0,39 40,0,2,,74031,47,0,39 40,0,98,,74013,45,0,39 40,0,2,,74013,47,0,39 40,0,97,,74032,45,0,39 40,0,2,,74032,47,0,39 40,0,98,,74014,45,0,39 40,0,2,,74014,47,0,39 40,0,99,,74033,45,0,39 40,0,2,,74033,47,0,39 40,0,98,,74006,45,0,39 40,0,2,,74006,47,0,39 40,0
2029,'1959',642,,74108,45,0,39 40,0,4,,74108,47,0,39 40,0,67,,74116,45,0,39 40,0,2,,74116,47,0,39 40,0,29,,74127,45,0,39 40,0,2,,74127,47,0,39 40,0,68,,74122,45,0,39 40,0,2,,74122,47,0,39 40,0,28,,74109,45,0,39 40,0,2,,74109,47,0,39 40,0,68,,74117,45,0,39 40,0,2,,74117,47,0,39 40,0,28,,74128,45,0,39 40,0,2,,74128,47,0,39 40,0,68,,74123,45,0,39 40,0,2,,74123,47,0,39 40,0,28,,74110,45,0,39 40,0,2,,74110,47,0,39 40,0,68,,74118,45,0,39 40,0,2,,74118,47,0,39 40,0,28,,74129,45,0,39 40,0,2,,74129,47,0,39 40,0,68,,74124,45,0,39 40,0,2,,74124,47,0,39 40,0,28,,74111,45,0,39 40,0,2,,74111,47,0,39 40,0,68,,74119,45,0,39 40,0,2,,74119,47,0,39 40,0,28,,74130,45,0,39 40,0,2,,74130,47,0,39 40,0,68,,74125,45,0,39 40,0,2,,74125,47,0,39 40,0,28,,74112,45,0,39 40,0,2,,74112,47,0,39 40,0,68,,74120,45,0,39 40,0,2,,74120,47,0,39 40,0,28,,74131,45,0,39 40,0,2,,74131,47,0,39 40,0,68,,74126,45,0,39 40,0,2,,74126,47,0,39 40,0,28,,74113,45,0,39 40,0,2,,74113,47,0,39 40,0,68,,74121,45,0,39 40,0,2,,74121,47,0,39 40,0,28,,74132,45,0,39 40,0,2,,74132,47,0,39 40,0,98,,74114,45,0,39 40,0,2,,74114,47,0,39 40,0,97,,74133,45,0,39 40,0,2,,74133,47,0,39 40,0,98,,74115,45,0,39 40,0,2,,74115,47,0,39 40,0,99,,74134,45,0,39 40,0,2,,74134,47,0,39 40,0,98,,74107,45,0,39 40,0,2,,74107,47,0,39 40,0
2029,'1967',612,,74104,45,0,5 2 15 16 17,0,30,,74087,45,0,39 40,0,4,,74087,47,0,39 40,0,65,,74094,45,0,39 40,0,4,,74094,47,0,39 40,0,27,,74073,45,0,39 40,0,4,,74073,47,0,39 40,0,66,,74079,45,0,39 40,0,4,,74079,47,0,39 40,0,26,,74088,45,0,39 40,0,4,,74088,47,0,39 40,0,68,,74095,45,0,39 40,0,2,,74095,47,0,39 40,0,28,,74074,45,0,39 40,0,2,,74074,47,0,39 40,0,68,,74080,45,0,39 40,0,2,,74080,47,0,39 40,0,28,,74089,45,0,39 40,0,2,,74089,47,0,39 40,0,68,,74096,45,0,39 40,0,2,,74096,47,0,39 40,0,28,,74075,45,0,39 40,0,2,,74075,47,0,39 40,0,68,,74081,45,0,39 40,0,2,,74081,47,0,39 40,0,28,,74090,45,0,39 40,0,2,,74090,47,0,39 40,0,68,,74097,45,0,39 40,0,2,,74097,47,0,39 40,0,28,,74076,45,0,39 40,0,2,,74076,47,0,39 40,0,68,,74082,45,0,39 40,0,2,,74082,47,0,39 40,0,28,,74091,45,0,39 40,0,2,,74091,47,0,39 40,0,68,,74098,45,0,39 40,0,2,,74098,47,0,39 40,0,28,,74077,45,0,39 40,0,2,,74077,47,0,39 40,0,68,,74083,45,0,39 40,0,2,,74083,47,0,39 40,0,28,,74092,45,0,39 40,0,2,,74092,47,0,39 40,0,68,,74099,45,0,39 40,0,2,,74099,47,0,39 40,0,28,,74078,45,0,39 40,0,2,,74078,47,0,39 40,0,68,,74084,45,0,39 40,0,2,,74084,47,0,39 40,0,28,,74093,45,0,39 40,0,2,,74093,47,0,39 40,0,68,,74100,45,0,39 40,0,2,,74100,47,0,39 40,0,28,,74085,45,0,39 40,0,2,,74085,47,0,39 40,0,98,,74101,45,0,39 40,0,2,,74101,47,0,39 40,0,98,,74086,45,0,39 40,0,2,,74086,47,0,39 40,0,98,,74102,45,0,39 40,0,1,,74102,47,0,39 40,0
2029,'1969',642,,74140,45,0,39 40,0,4,,74140,47,0,39 40,0,67,,74148,45,0,39 40,0,2,,74148,47,0,39 40,0,29,,74159,45,0,39 40,0,2,,74159,47,0,39 40,0,68,,74154,45,0,39 40,0,2,,74154,47,0,39 40,0,28,,74141,45,0,39 40,0,2,,74141,47,0,39 40,0,68,,74149,45,0,39 40,0,2,,74149,47,0,39 40,0,28,,74160,45,0,39 40,0,2,,74160,47,0,39 40,0,68,,74155,45,0,39 40,0,2,,74155,47,0,39 40,0,28,,74142,45,0,39 40,0,2,,74142,47,0,39 40,0,68,,74150,45,0,39 40,0,2,,74150,47,0,39 40,0,28,,74161,45,0,39 40,0,2,,74161,47,0,39 40,0,68,,74156,45,0,39 40,0,2,,74156,47,0,39 40,0,28,,74143,45,0,39 40,0,2,,74143,47,0,39 40,0,68,,74151,45,0,39 40,0,2,,74151,47,0,39 40,0,28,,74162,45,0,39 40,0,2,,74162,47,0,39 40,0,68,,74157,45,0,39 40,0,2,,74157,47,0,39 40,0,28,,74144,45,0,39 40,0,2,,74144,47,0,39 40,0,68,,74152,45,0,39 40,0,2,,74152,47,0,39 40,0,28,,74163,45,0,39 40,0,2,,74163,47,0,39 40,0,68,,74158,45,0,39 40,0,2,,74158,47,0,39 40,0,28,,74145,45,0,39 40,0,2,,74145,47,0,39 40,0,68,,74153,45,0,39 40,0,2,,74153,47,0,39 40,0,28,,74164,45,0,39 40,0,2,,74164,47,0,39 40,0,98,,74146,45,0,39 40,0,2,,74146,47,0,39 40,0,97,,74165,45,0,39 40,0,2,,74165,47,0,39 40,0,98,,74147,45,0,39 40,0,2,,74147,47,0,39 40,0,99,,74166,45,0,39 40,0,2,,74166,47,0,39 40,0,98,,74139,45,0,39 40,0,2,,74139,47,0,39 40,0
2029,'1976',547,,74055,33,0,39 40,0,1,,74055,35,0,39 40,0,64,,74038,45,0,39 40,0,3,,74038,47,0,39 40,0,27,,74039,45,0,39 40,0,3,,74039,47,0,39 40,0,69,,74040,45,0,39 40,0,3,,74040,47,0,39 40,0,27,,74041,45,0,39 40,0,3,,74041,47,0,39 40,0,68,,74042,45,0,39 40,0,2,,74042,47,0,39 40,0,28,,74043,45,0,39 40,0,2,,74043,47,0,39 40,0,68,,74044,45,0,39 40,0,3,,74044,47,0,39 40,0,27,,74045,45,0,39 40,0,3,,74045,47,0,39 40,0,67,,74046,45,0,39 40,0,3,,74046,47,0,39 40,0,27,,74069,45,0,39 40,0,3,,74069,47,0,39 40,0,67,,74065,45,0,39 40,0,3,,74065,47,0,39 40,0,27,,74071,45,0,39 40,0,3,,74071,47,0,39 40,0,67,,74067,45,0,39 40,0,3,,74067,47,0,39 40,0,27,,74068,45,0,39 40,0,3,,74068,47,0,39 40,0,67,,74064,45,0,39 40,0,3,,74064,47,0,39 40,0,27,,74070,45,0,39 40,0,3,,74070,47,0,39 40,0,67,,74066,45,0,39 40,0,3,,74066,47,0,39 40,0,29,,74072,45,0,39 40,0,3,,74072,47,0,39 40,0,68,,74047,45,0,39 40,0,3,,74047,47,0,39 40,0,31,,74048,45,0,39 40,0,3,,74048,47,0,39 40,0,67,,74049,45,0,39 40,0,3,,74049,47,0,39 40,0,27,,74050,45,0,39 40,0,3,,74050,47,0,39 40,0,67,,74051,45,0,39 40,0,3,,74051,47,0,39 40,0,24,,74052,45,0,39 40,0,3,,74052,47,0,39 40,0,63,,74053,45,0,39 40,0,3,,74053,47,0,39 40,0,26,,74054,45,0,39 40,0,3,,74054,47,0,39 40,0,67,,74058,45,0,39 40,0,3,,74058,47,0,39 40,0,27,,74059,45,0,39 40,0,3,,74059,47,0,39 40,0,97,,74060,45,0,39 40,0,2,,74060,47,0,39 40,0,98,,74061,45,0,39 40,0,2,,74061,47,0,39 40,0,98,,74057,45,0,39 40,0,2,,74057,47,0,39 40,0
2029,'1977',547,,75190,33,0,39 40,0,1,,75190,35,0,39 40,0,64,,75173,45,0,39 40,0,3,,75173,47,0,39 40,0,27,,75174,45,0,39 40,0,3,,75174,47,0,39 40,0,69,,75175,45,0,39 40,0,3,,75175,47,0,39 40,0,27,,75176,45,0,39 40,0,3,,75176,47,0,39 40,0,68,,75177,45,0,39 40,0,2,,75177,47,0,39 40,0,28,,75178,45,0,39 40,0,2,,75178,47,0,39 40,0,68,,75179,45,0,39 40,0,3,,75179,47,0,39 40,0,27,,75180,45,0,39 40,0,3,,75180,47,0,39 40,0,67,,75181,45,0,39 40,0,3,,75181,47,0,39 40,0,27,,75204,45,0,39 40,0,3,,75204,47,0,39 40,0,67,,75200,45,0,39 40,0,3,,75200,47,0,39 40,0,27,,75206,45,0,39 40,0,3,,75206,47,0,39 40,0,67,,75202,45,0,39 40,0,3,,75202,47,0,39 40,0,27,,75203,45,0,39 40,0,3,,75203,47,0,39 40,0,67,,75199,45,0,39 40,0,3,,75199,47,0,39 40,0,27,,75205,45,0,39 40,0,3,,75205,47,0,39 40,0,67,,75201,45,0,39 40,0,3,,75201,47,0,39 40,0,29,,75207,45,0,39 40,0,3,,75207,47,0,39 40,0,68,,75182,45,0,39 40,0,3,,75182,47,0,39 40,0,31,,75183,45,0,39 40,0,3,,75183,47,0,39 40,0,67,,75184,45,0,39 40,0,3,,75184,47,0,39 40,0,27,,75185,45,0,39 40,0,3,,75185,47,0,39 40,0,67,,75186,45,0,39 40,0,3,,75186,47,0,39 40,0,24,,75187,45,0,39 40,0,3,,75187,47,0,39 40,0,63,,75188,45,0,39 40,0,3,,75188,47,0,39 40,0,26,,75189,45,0,39 40,0,3,,75189,47,0,39 40,0,67,,75193,45,0,39 40,0,3,,75193,47,0,39 40,0,27,,75194,45,0,39 40,0,3,,75194,47,0,39 40,0,97,,75195,45,0,39 40,0,2,,75195,47,0,39 40,0,98,,75196,45,0,39 40,0,2,,75196,47,0,39 40,0,98,,75192,45,0,39 40,0,2,,75192,47,0,39 40,0
609,'1967',625,,74298,27,0,15 16 17,0,30,,74279,27,0,15 16 17,0,70,,74269,27,0,15 16 17,0,30,,71074,27,0,15 16 17,0,70,,71047,27,0,15 16 17,0,30,,71059,27,0,15 16 17,0,70,,74268,27,0,15 16 17,0,28,,74292,27,0,15 16 17,0,70,,74267,27,0,15 16 17,0,30,,74278,27,0,15 16 17,0,73,,74266,27,0,15 16 17,0,30,,74291,27,0,15 16 17,0,70,,74265,27,0,15 16 17,0,30,,74277,27,0,15 16 17,0,70,,74264,27,0,15 16 17,0,30,,74290,27,0,15 16 17,0,70,,74263,27,0,15 16 17,0,30,,74276,27,0,15 16 17,0,70,,74262,27,0,15 16 17,0,30,,74289,27,0,15 16 17,0,70,,74261,27,0,15 16 17,0,30,,74275,27,0,15 16 17,0,70,,74260,27,0,15 16 17,0,30,,74295,27,0,15 16 17,0,70,,74280,27,0,15 16 17,0,30,,74293,27,0,15 16 17,0
609,'1976',634,,74248,27,0,15 16 17,0,76,,74226,27,0,15 16 17,0,32,,74224,27,0,15 16 17,0,70,,74229,27,0,15 16 17,0,30,,70991,27,0,15 16 17,0,70,,71000,27,0,15 16 17,0,30,,74247,27,0,15 16 17,0,70,,70988,27,0,15 16 17,0,30,,70997,27,0,15 16 17,0,70,,70998,27,0,15 16 17,0,30,,70996,27,0,15 16 17,0,70,,71019,27,0,15 16 17,0,30,,71018,27,0,15 16 17,0,70,,71015,27,0,15 16 17,0,30,,74242,27,0,15 16 17,0,70,,74243,27,0,15 16 17,0,31,,74241,27,0,15 16 17,0,71,,74239,27,0,15 16 17,0,30,,74240,27,0,15 16 17,0,70,,74238,27,0,15 16 17,0,30,,74237,27,0,15 16 17,0,70,,74236,27,0,15 16 17,0,28,,71010,27,0,15 16 17,0,67,,71007,27,0,15 16 17,0,25,,74235,27,0,15 16 17,0,70,,71005,27,0,15 16 17,0,50,,71003,27,0,15 16 17,0,99,,74234,27,0,15 16 17,0,100,,71002,27,0,15 16 17,0,100,,71024,27,0,15 16 17,0
609,'1977',634,,75330,27,0,15 16 17,0,76,,75284,27,0,15 16 17,0,32,,75281,27,0,15 16 17,0,70,,75294,27,0,15 16 17,0,30,,75296,27,0,15 16 17,0,70,,75306,27,0,15 16 17,0,30,,75329,27,0,15 16 17,0,70,,75293,27,0,15 16 17,0,30,,75302,27,0,15 16 17,0,70,,75303,27,0,15 16 17,0,30,,75301,27,0,15 16 17,0,70,,75325,27,0,15 16 17,0,30,,75324,27,0,15 16 17,0,70,,75321,27,0,15 16 17,0,30,,75322,27,0,15 16 17,0,70,,75323,27,0,15 16 17,0,31,,75320,27,0,15 16 17,0,71,,75318,27,0,15 16 17,0,30,,75319,27,0,15 16 17,0,70,,75317,27,0,15 16 17,0,30,,75315,27,0,15 16 17,0,70,,75314,27,0,15 16 17,0,28,,75316,27,0,15 16 17,0,67,,75313,27,0,15 16 17,0,25,,75312,27,0,15 16 17,0,70,,75311,27,0,15 16 17,0,50,,75309,27,0,15 16 17,0,99,,75310,27,0,15 16 17,0,100,,75308,27,0,15 16 17,0,100,,75332,27,0,15 16 17,0
12029,'1976',652,,74418,27,,,0,72,,61282,27,,,0,30,,61275,27,,,0,69,,74416,27,,,0,31,,74410,27,,,0,71,,61262,18,,,0,30,,61263,18,,,0,70,,61264,18,,,0,30,,74404,18,,,0,70,,74405,18,,,0,30,,61267,18,,,0,70,,61268,18,,,0,30,,61269,18,,,0,70,,74406,18,,,0,30,,74407,18,,,0,70,,61272,18,,,0,31,,74412,27,,,0,71,,74415,27,,,0,30,,74408,27,,,0,70,,74414,27,,,0,30,,74409,27,,,0,70,,74417,27,,,0,28,,74411,27,,,0,70,,74413,27,,,0
12029,'1977',653,,75523,18,,,0,72,,75522,18,,,0,30,,75521,18,,,0,71,,75524,18,,,0,629,,75531,18,,,0,71,,75528,18,,,0,29,,75529,18,,,0,71,,75527,18,,,0,29,,75526,18,,,0,71,,75525,18,,,0,29,,75530,18,,,0,70,,75532,18,,,0
16029,'1912',739,,67445,22,,,0,103,,71800,22,,,0,95,,71798,22,,,0,106,,71803,22,,,0,98,,71805,22,,,0,100,,71802,22,,,0,101,,71804,22,,,0,100,,71797,22,,,0,100,,71799,22,,,0,99,,71801,22,,,0,99,,67438,22,,,0,100,,61917,22,,,0,100,,61912,22,,,0,103,,61913,22,,,0,98,,71806,22,,,0
16029,'1959',739,,67457,22,,,0,103,,71843,22,,,0,95,,71841,22,,,0,106,,71846,22,,,0,98,,71848,22,,,0,100,,71845,22,,,0,101,,71847,22,,,0,100,,71840,22,,,0,100,,71842,22,,,0,99,,71844,22,,,0,99,,67450,22,,,0,100,,61932,22,,,0,100,,61927,22,,,0,103,,61928,22,,,0,98,,71849,22,,,0
16029,'1967',613,,61905,22,,,0,27,,61904,22,,,0,70,,61888,22,,,0,30,,61874,22,,,0,70,,61881,22,,,0,30,,61895,22,,,0,70,,61889,22,,,0,32,,61875,22,,,0,70,,61882,22,,,0,30,,61896,22,,,0,70,,61890,22,,,0,30,,61876,22,,,0,70,,61883,22,,,0,30,,61897,22,,,0,72,,61891,22,,,0,30,,61877,22,,,0,70,,61884,22,,,0,30,,61898,22,,,0,70,,61892,22,,,0,30,,61878,22,,,0,70,,61885,22,,,0,30,,61899,22,,,0,69,,61893,22,,,0,30,,61879,22,,,0,70,,61886,22,,,0,30,,61900,22,,,0,69,,61894,22,,,0,30,,61880,22,,,0,69,,61887,22,,,0,30,,61901,22,,,0,100,,61902,22,,,0,70,,61903,22,,,0
16029,'1969',739,,67469,22,,,0,103,,71810,22,,,0,95,,71808,22,,,0,106,,71813,22,,,0,98,,71815,22,,,0,100,,71812,22,,,0,101,,71814,22,,,0,100,,71807,22,,,0,100,,71809,22,,,0,99,,71811,22,,,0,99,,67462,22,,,0,100,,61947,22,,,0,100,,61942,22,,,0,103,,61943,22,,,0,98,,71816,22,,,0
16029,'1976',613,,71839,22,,,0,30,,71817,22,,,0,73,,71818,22,,,0,38,,71819,22,,,0,69,,71820,22,,,0,33,,74482,22,,,0,70,,74483,22,,,0,29,,74484,22,,,0,67,,71824,22,,,0,30,,71825,22,,,0,70,,74485,22,,,0,30,,71827,22,,,0,70,,71828,22,,,0,30,,71829,22,,,0,70,,71830,22,,,0,30,,71831,22,,,0,71,,71832,22,,,0,32,,71833,22,,,0,71,,74486,22,,,0,29,,61859,22,,,0,72,,74487,22,,,0,30,,74488,22,,,0,69,,74489,22,,,0,28,,74490,22,,,0,69,,74491,22,,,0,30,,74496,22,,,0,67,,74492,22,,,0,30,,74493,22,,,0,70,,74494,22,,,0,23,,71836,22,,,0,70,,74495,22,,,0,30,,71837,22,,,0,69,,71838,22,,,0
16029,'1977',613,,75718,22,,,0,30,,75686,22,,,0,73,,75687,22,,,0,38,,75688,22,,,0,69,,75689,22,,,0,33,,75690,22,,,0,70,,75691,22,,,0,29,,75692,22,,,0,67,,75693,22,,,0,30,,75694,22,,,0,70,,75695,22,,,0,30,,75696,22,,,0,70,,75697,22,,,0,30,,75698,22,,,0,70,,75699,22,,,0,30,,75700,22,,,0,71,,75701,22,,,0,32,,75702,22,,,0,71,,75703,22,,,0,29,,75704,22,,,0,72,,75705,22,,,0,30,,75706,22,,,0,69,,75707,22,,,0,28,,75708,22,,,0,69,,75709,22,,,0,30,,75717,22,,,0,67,,75710,22,,,0,30,,75711,22,,,0,70,,75712,22,,,0,23,,75713,22,,,0,70,,75714,22,,,0,30,,75715,22,,,0,69,,75716,22,,,0
31019,'1912',630,,74551,2,,,0,100,,74552,2,,,0,100,,74553,2,,,0,100,,74554,2,,,0,100,,74555,2,,,0,101,,74556,2,,,0,100,,74557,2,,,0,100,,74558,2,,,0,100,,74559,2,,,0,100,,74560,2,,,0,100,,74561,2,,,0,100,,74562,2,,,0,100,,74563,2,,,0,99,,74564,2,,,0,100,,74565,2,,,0,100,,74566,2,,,0,100,,74567,2,,,0,95,,74569,2,0,5 2 8 7,0
31019,'1959',630,,74632,2,,,0,100,,74633,2,,,0,100,,74634,2,,,0,100,,74635,2,,,0,100,,74636,2,,,0,101,,74637,2,,,0,100,,74638,2,,,0,100,,74639,2,,,0,100,,74640,2,,,0,100,,74641,2,,,0,100,,74642,2,,,0,100,,74643,2,,,0,100,,74644,2,,,0,99,,74645,2,,,0,100,,74646,2,,,0,100,,74647,2,,,0,100,,74648,2,,,0,95,,74650,2,0,5 2 8 7,0
31019,'1967',630,,74600,2,,,0,70,,74616,2,,,0,30,,74629,2,,,0,70,,74612,2,,,0,30,,74606,2,,,0,70,,74622,2,,,0,30,,74599,2,,,0,71,,74615,2,,,0,30,,74624,2,,,0,70,,74611,2,,,0,30,,74605,2,,,0,70,,74621,2,,,0,30,,74598,2,,,0,70,,74614,2,,,0,30,,74627,2,,,0,70,,74610,2,,,0,30,,74604,2,,,0,70,,74620,2,,,0,30,,74597,2,,,0,70,,74613,2,,,0,30,,74626,2,,,0,70,,74609,2,,,0,30,,74603,2,,,0,70,,74619,2,,,0,30,,74596,2,,,0,69,,74631,2,,,0,30,,74625,2,,,0,70,,74608,2,0,5 2 8 7,0,30,,74602,2,,,0,70,,74618,2,0,5 2 8 7,0,30,,74595,2,,,0,70,,74607,2,0,5 2 8 7,0,30,,74628,2,,,0,70,,74617,2,0,5 2 8 7,0,30,,74601,2,0,5 2 8 7,0
31019,'1969',630,,74651,2,,,0,100,,74652,2,,,0,100,,74653,2,,,0,100,,74654,2,,,0,100,,74655,2,,,0,101,,74656,2,,,0,100,,74657,2,,,0,100,,74658,2,,,0,100,,74659,2,,,0,100,,74660,2,,,0,100,,74661,2,,,0,100,,74662,2,,,0,100,,74663,2,,,0,99,,74664,2,,,0,100,,74665,2,,,0,100,,74666,2,,,0,100,,74667,2,,,0,95,,74669,2,0,5 2 8 7,0
31019,'1976',630,,74570,2,,,0,71,,74580,2,,,0,30,,62420,2,,,0,70,,62403,2,,,0,30,,74574,2,,,0,70,,74584,2,,,0,30,,62395,2,,,0,70,,62408,2,,,0,30,,62419,2,,,0,70,,74579,2,,,0,30,,74575,2,,,0,70,,62413,2,,,0,30,,62394,2,,,0,70,,62409,2,,,0,30,,74586,2,,,0,70,,74577,2,,,0,30,,62398,2,,,0,70,,74583,2,,,0,30,,62396,2,,,0,70,,74581,2,,,0,30,,62417,2,,,0,70,,74578,2,,,0,30,,74573,2,,,0,70,,74582,2,,,0,30,,74571,2,,,0,70,,74594,2,,,0,30,,72076,2,,,0,69,,74589,2,0,5 2 8 7,0,30,,74576,2,,,0,70,,74590,2,0,5 2 8 7,0,30,,74572,2,,,0,70,,74592,2,0,5 2 8 7,0,30,,74585,2,,,0,70,,74591,2,0,5 2 8 7,0,25,,74587,2,0,5 2 8 7,0
31019,'1977',630,,75804,2,,,0,71,,75819,2,,,0,30,,75832,2,,,0,70,,75815,2,,,0,30,,75812,2,,,0,70,,75826,2,,,0,30,,75807,2,,,0,70,,75820,2,,,0,30,,75831,2,,,0,70,,75818,2,,,0,30,,75813,2,,,0,70,,75825,2,,,0,30,,75806,2,,,0,70,,75821,2,,,0,30,,75830,2,,,0,70,,75816,2,,,0,30,,75810,2,,,0,70,,75824,2,,,0,30,,75808,2,,,0,70,,75822,2,,,0,30,,75829,2,,,0,70,,75817,2,,,0,30,,75811,2,,,0,70,,75823,2,,,0,30,,75805,2,,,0,70,,75840,2,,,0,30,,75828,2,,,0,69,,75835,2,0,5 2 8 7,0,30,,75814,2,,,0,70,,75836,2,0,5 2 8 7,0,30,,75809,2,,,0,70,,75838,2,0,5 2 8 7,0,30,,75827,2,,,0,70,,75837,2,0,5 2 8 7,0,25,,75833,2,0,5 2 8 7,0
14000001029,'1912',554,,73589,32,0,18 7,0,1,,73589,34,0,18 7,0,1850,,70205,32,,,0,1,,70205,34,,,0,28,,75060,32,,,0,1,,75060,34,,,0,69,,65884,32,,,0,1,,65884,34,,,0,29,,70206,32,,,0,1,,70206,34,,,0,69,,75059,32,,,0,1,,75059,34,,,0,29,,65880,32,,,0,1,,65880,34,,,0
14000001029,'1959',554,,73605,32,0,18 7,0,1,,73605,34,0,18 7,0,1850,,70208,32,,,0,1,,70208,34,,,0,28,,75067,32,,,0,1,,75067,34,,,0,69,,65891,32,,,0,1,,65891,34,,,0,29,,70209,32,,,0,1,,70209,34,,,0,69,,75066,32,,,0,1,,75066,34,,,0,29,,65887,32,,,0,1,,65887,34,,,0
14000001029,'1967',554,,75064,32,0,18 7,0,1,,75064,34,0,18 7,0,1850,,73602,32,,,0,1,,73602,34,,,0,28,,75063,32,,,0,1,,75063,34,,,0,69,,65872,32,,,0,1,,65872,34,,,0,29,,73599,32,,,0,1,,73599,34,,,0,69,,75065,32,,,0,1,,75065,34,,,0,29,,65875,32,,,0,1,,65875,34,,,0
14000001029,'1969',554,,73592,32,0,18 7,0,1,,73592,34,0,18 7,0,1850,,70211,32,,,0,1,,70211,34,,,0,28,,75069,32,,,0,1,,75069,34,,,0,69,,65898,32,,,0,1,,65898,34,,,0,29,,70212,32,,,0,1,,70212,34,,,0,69,,75068,32,,,0,1,,75068,34,,,0,29,,65894,32,,,0,1,,65894,34,,,0
14000001029,'1976',452,,65864,32,0,18 7,0,1,,65864,34,0,18 7,0,101,,73593,32,0,18 7,0,1,,73593,34,0,18 7,0,1850,,73595,32,,,0,1,,73595,34,,,0,28,,75061,32,,,0,1,,75061,34,,,0,69,,65871,32,,,0,1,,65871,34,,,0,29,,73594,32,,,0,1,,73594,34,,,0,69,,75062,32,,,0,1,,75062,34,,,0,29,,65870,32,,,0,1,,65870,34,,,0
14000001029,'1977',452,,76525,32,0,18 7,0,1,,76525,34,0,18 7,0,101,,76526,32,0,18 7,0,1,,76526,34,0,18 7,0,1850,,76528,32,,,0,1,,76528,34,,,0,28,,76529,32,,,0,1,,76529,34,,,0,69,,76532,32,,,0,1,,76532,34,,,0,29,,76527,32,,,0,1,,76527,34,,,0,69,,76530,32,,,0,1,,76530,34,,,0,29,,76531,32,,,0,1,,76531,34,,,0
