4019,'1912',809,,70650,13,,,0,30,,59832,13,,,0,70,,70649,13,,,0,30,,70651,13,,,0,70,,59830,13,,,0,30,,66070,13,,,0,70,,70638,13,,,0,30,,70642,13,,,0,70,,70645,13,,,0,31,,70631,13,,,0,69,,70634,13,,,0,30,,70637,13,,,0,69,,70641,13,,,0,30,,70643,13,,,0,70,,70630,13,,,0,30,,70633,13,,,0,70,,70636,13,,,0,30,,70640,13,,,0,70,,70644,13,,,0,31,,70629,13,,,0,70,,70632,13,,,0,30,,70635,13,,,0,70,,70639,13,,,0,30,,70648,13,,,0,70,,70652,13,,,0,30,,70646,13,,,0,70,,70653,13,,,0,30,,70647,13,,,0
4019,'1959',809,,70763,13,,,0,30,,59860,13,,,0,70,,70762,13,,,0,30,,70764,13,,,0,70,,59858,13,,,0,30,,66096,13,,,0,70,,70751,13,,,0,30,,70755,13,,,0,70,,70758,13,,,0,31,,70744,13,,,0,69,,70747,13,,,0,30,,70750,13,,,0,69,,70754,13,,,0,30,,70756,13,,,0,70,,70743,13,,,0,30,,70746,13,,,0,70,,70749,13,,,0,30,,70753,13,,,0,70,,70757,13,,,0,31,,70742,13,,,0,70,,70745,13,,,0,30,,70748,13,,,0,70,,70752,13,,,0,30,,70761,13,,,0,70,,70765,13,,,0,30,,70759,13,,,0,70,,70766,13,,,0,30,,70760,13,,,0
4019,'1965',709,,70710,13,,,0,30,,70685,13,,,0,67,,70686,13,,,0,36,,70687,13,,,0,64,,70688,13,,,0,36,,70689,13,,,0,67,,70690,13,,,0,29,,70691,13,,,0,70,,70692,13,,,0,31,,70693,13,,,0,72,,70694,13,,,0,30,,70695,13,,,0,100,,70697,13,,,0,71,,70698,13,,,0,30,,70699,13,,,0,75,,70700,13,,,0,30,,70701,13,,,0,71,,70702,13,,,0,24,,70703,13,,,0,74,,70704,13,,,0,22,,70705,13,,,0,76,,70706,13,,,0,20,,70707,13,,,0,75,,70708,13,,,0,29,,70709,13,,,0,170,,70681,13,,,0,100,,66173,13,,,0,30,,70683,13,,,0
4019,'1966',708,,70741,13,,,0,30,,70717,13,,,0,101,,70721,13,,,0,70,,70732,13,,,0,1129,,70731,13,,,0,100,,70726,13,,,0,100,,70728,13,,,0
4019,'1967',809,,70712,13,,,0,130,,70727,13,,,0,71,,66037,13,,,0,30,,70737,13,,,0,71,,70715,13,,,0,30,,70734,13,,,0,70,,70729,13,,,0,30,,70722,13,,,0,70,,70735,13,,,0,30,,70738,13,,,0,70,,70714,13,,,0,30,,70724,13,,,0,70,,70713,13,,,0,30,,70718,13,,,0,70,,70736,13,,,0,30,,70733,13,,,0,69,,70730,13,,,0,30,,70719,13,,,0,70,,70739,13,,,0,30,,70740,13,,,0,68,,70711,13,,,0,30,,70725,13,,,0,70,,70723,13,,,0,100,,70716,13,,,0,100,,70720,13,,,0
4019,'1969',809,,70675,13,,,0,30,,59888,13,,,0,70,,70674,13,,,0,30,,70676,13,,,0,70,,59886,13,,,0,30,,66122,13,,,0,70,,70663,13,,,0,30,,70667,13,,,0,70,,70670,13,,,0,31,,70656,13,,,0,69,,70659,13,,,0,30,,70662,13,,,0,69,,70666,13,,,0,30,,70668,13,,,0,70,,70655,13,,,0,30,,70658,13,,,0,70,,70661,13,,,0,30,,70665,13,,,0,70,,70669,13,,,0,31,,70654,13,,,0,70,,70657,13,,,0,30,,70660,13,,,0,70,,70664,13,,,0,30,,70673,13,,,0,70,,70677,13,,,0,30,,70671,13,,,0,70,,70678,13,,,0,30,,70672,13,,,0
4019,'1970',638,,74174,13,,,0,673,,74175,13,,,0,697,,74171,13,,,0,30,,74172,13,,,0,100,,74173,13,,,0
4019,'1971',708,,74182,13,,,0,30,,74176,13,,,0,101,,74177,13,,,0,70,,74181,13,,,0,1129,,74180,13,,,0,100,,74178,13,,,0,100,,74179,13,,,0
7019,'1912',554,,71129,8,,,0,70,,60458,8,,,0,30,,60459,8,,,0,68,,66560,8,,,0,30,,60448,27,,,0,71,,66571,12,,,0,30,,60449,27,,,0,73,,71124,12,,,0,27,,60457,27,,,0,74,,71128,12,,,0,28,,60450,27,,,0,72,,71123,12,,,0,28,,60451,27,,,0,72,,71127,12,,,0,28,,60452,27,,,0,73,,71122,12,,,0,27,,60453,27,,,0,73,,71126,12,,,0,28,,60454,27,,,0,73,,71121,12,,,0,27,,60455,27,,,0,73,,71125,12,,,0,26,,60456,27,,,0,73,,71120,12,,,0,27,,60444,27,,,0,72,,66566,12,,,0,27,,60445,27,,,0,71,,60466,12,,,0,27,,60443,27,,,0,71,,60467,12,,,0,28,,60447,27,,,0,72,,60474,12,,,0,28,,60446,27,,,0,70,,60477,8,,,0,30,,60476,8,,,0
7019,'1959',554,,71200,8,,,0,70,,60493,8,,,0,30,,60494,8,,,0,68,,66573,8,,,0,30,,60483,27,,,0,71,,66584,12,,,0,30,,60484,27,,,0,73,,71195,12,,,0,27,,60492,27,,,0,74,,71199,12,,,0,28,,60485,27,,,0,72,,71194,12,,,0,28,,60486,27,,,0,72,,71198,12,,,0,28,,60487,27,,,0,73,,71193,12,,,0,27,,60488,27,,,0,73,,71197,12,,,0,28,,60489,27,,,0,73,,71192,12,,,0,27,,60490,27,,,0,73,,71196,12,,,0,26,,60491,27,,,0,73,,71191,12,,,0,27,,60479,27,,,0,72,,66579,12,,,0,27,,60480,27,,,0,71,,60501,12,,,0,27,,60478,27,,,0,71,,60502,12,,,0,28,,60482,27,,,0,72,,60509,12,,,0,28,,60481,27,,,0,70,,60512,8,,,0,30,,60511,8,,,0
7019,'1965',552,,60398,27,,,0,73,,60370,8,,,0,30,,60397,27,,,0,104,,71161,27,,,0,99,,71159,27,,,0,100,,71157,27,,,0,70,,71158,27,,,0,30,,71156,27,,,0,70,,71154,27,,,0,30,,71166,27,,,0,200,,71147,27,,,0,179,,71145,27,,,0,13,,71168,8,,,0,53,,71152,27,,,0,127,,71144,27,,,0,28,,71143,27,,,0,70,,71142,27,,,0,126,,60375,27,,,0,70,,71148,27,,,0,30,,60374,27,,,0,68,,71140,8,,,0,29,,71141,27,,,0,70,,71170,12,,,0,29,,60373,27,,,0,100,,71171,27,,,0
7019,'1966',722,,71175,27,,,0,132,,60423,27,,,0,302,,60426,27,,,0,300,,60429,27,,,0,497,,71173,27,,,0,298,,71174,27,,,0
7019,'1967',624,,66558,8,,,0,28,,71181,27,,,0,100,,71182,27,,,0,70,,71176,27,,,0,102,,71177,27,,,0,30,,71183,27,,,0,72,,71178,27,,,0,30,,71184,27,,,0,70,,66542,27,,,0,100,,71179,27,,,0,30,,71185,27,,,0,70,,71180,27,,,0,30,,60428,27,,,0,70,,66551,27,,,0,100,,71187,27,,,0,30,,60430,27,,,0,70,,71186,27,,,0,29,,66550,27,,,0,70,,71188,27,,,0,30,,60432,27,,,0,70,,71190,27,,,0,29,,71172,27,,,0,69,,71189,27,,,0,98,,66556,27,,,0,30,,60411,27,,,0,70,,66559,8,,,0,30,,60412,27,,,0,70,,60442,12,,,0
7019,'1969',554,,71139,8,,,0,70,,60528,8,,,0,30,,60529,8,,,0,68,,66586,8,,,0,30,,60518,27,,,0,71,,66597,12,,,0,30,,60519,27,,,0,73,,71134,12,,,0,27,,60527,27,,,0,74,,71138,12,,,0,28,,60520,27,,,0,72,,71133,12,,,0,28,,60521,27,,,0,72,,71137,12,,,0,28,,60522,27,,,0,73,,71132,12,,,0,27,,60523,27,,,0,73,,71136,12,,,0,28,,60524,27,,,0,73,,71131,12,,,0,27,,60525,27,,,0,73,,71135,12,,,0,26,,60526,27,,,0,73,,71130,12,,,0,27,,60514,27,,,0,72,,66592,12,,,0,27,,60515,27,,,0,71,,60536,12,,,0,27,,60513,27,,,0,71,,60537,12,,,0,28,,60517,27,,,0,72,,60544,12,,,0,28,,60516,27,,,0,70,,60547,8,,,0,30,,60546,8,,,0
7019,'1970',516,,74311,8,,,0,211,,74307,27,,,0,104,,74306,27,,,0,97,,74305,27,,,0,300,,74310,27,,,0,30,,74309,27,,,0,70,,74308,27,,,0,102,,74304,27,,,0,74,,74299,27,,,0,11,,74312,12,,,0,118,,74303,27,,,0,70,,74302,27,,,0,155,,74301,27,,,0,69,,74300,27,,,0
7019,'1971',722,,74315,27,,,0,132,,74316,27,,,0,302,,74317,27,,,0,300,,74318,27,,,0,497,,74313,27,,,0,298,,74314,27,,,0
14019,'1912',650,,61463,17,,,0,100,,67238,17,,,0,100,,67227,17,,,0,100,,71631,17,,,0,100,,67229,17,,,0,102,,67230,17,,,0,100,,67231,17,,,0,100,,67232,17,,,0,100,,67233,17,,,0,100,,67234,17,,,0,100,,67235,17,,,0,100,,67236,17,,,0,100,,67237,17,,,0,100,,61451,17,,,0,105,,71630,17,,,0
14019,'1959',650,,61478,17,,,0,100,,67251,17,,,0,100,,67240,17,,,0,100,,71672,17,,,0,100,,67242,17,,,0,102,,67243,17,,,0,100,,67244,17,,,0,100,,67245,17,,,0,100,,67246,17,,,0,100,,67247,17,,,0,100,,67248,17,,,0,100,,67249,17,,,0,100,,67250,17,,,0,100,,61466,17,,,0,105,,71671,17,,,0
14019,'1965',526,,61431,17,,,0,100,,71660,17,,,0,81,,71634,17,,,0,30,,71647,17,,,0,68,,71635,17,,,0,22,,71648,17,,,0,99,,71649,17,,,0,30,,71637,17,,,0,70,,61417,17,,,0,30,,71638,17,,,0,70,,71650,17,,,0,30,,71639,17,,,0,70,,71651,17,,,0,200,,71653,17,,,0,32,,71642,17,,,0,70,,71654,17,,,0,80,,71643,17,,,0,30,,71655,17,,,0,69,,71644,17,,,0,30,,71656,17,,,0,70,,71645,17,,,0,19,,71657,17,,,0,30,,71646,17,,,0,100,,71661,17,,,0,162,,61428,17,,,0,100,,71659,17,,,0
14019,'1966',749,,71662,17,,,0,102,,71663,17,,,0,1299,,71670,17,,,0
14019,'1967',649,,67210,17,,,0,302,,71664,17,,,0,100,,71665,17,,,0,102,,71666,17,,,0,100,,67216,17,,,0,100,,67217,17,,,0,100,,71667,17,,,0,100,,67219,17,,,0,99,,67220,17,,,0,100,,67221,17,,,0,100,,71668,17,,,0,98,,71669,17,,,0,100,,67224,17,,,0,200,,61449,17,,,0
14019,'1969',650,,61493,17,,,0,100,,67264,17,,,0,100,,67253,17,,,0,100,,71633,17,,,0,100,,67255,17,,,0,102,,67256,17,,,0,100,,67257,17,,,0,100,,67258,17,,,0,100,,67259,17,,,0,100,,67260,17,,,0,100,,67261,17,,,0,100,,67262,17,,,0,100,,67263,17,,,0,100,,61481,17,,,0,105,,71632,17,,,0
14019,'1970',857,,74432,17,,,0,399,,74433,17,,,0,70,,74435,17,,,0,30,,74434,17,,,0,570,,74436,17,,,0,100,,74437,17,,,0
14019,'1971',749,,74438,17,,,0,102,,74439,17,,,0,1299,,74440,17,,,0
502019,'1912',645,,72480,9,,,0,70,,72466,9,,,0,30,,72483,9,,,0,70,,72497,9,,,0,30,,72477,9,,,0,70,,72496,9,,,0,30,,72479,9,,,0,71,,72495,9,,,0,30,,72474,9,,,0,70,,72494,9,,,0,30,,72469,9,,,0,72,,72493,9,,,0,30,,72472,9,,,0,70,,72491,9,,,0,30,,72470,9,,,0,70,,72492,9,,,0,30,,72473,9,,,0,70,,72490,9,,,0,30,,72467,9,,,0,70,,72489,9,,,0,30,,72471,9,,,0,69,,72488,9,,,0,30,,72468,9,,,0,69,,72487,9,,,0,30,,72481,9,,,0,70,,72486,9,,,0,30,,72482,9,,,0,69,,72485,9,,,0,30,,72475,9,,,0,70,,72498,9,,,0,30,,72484,9,,,0,70,,72499,9,,,0,30,,72478,9,,,0,70,,72500,9,,,0,30,,72476,9,,,0
502019,'1959',645,,72628,9,,,0,70,,72614,9,,,0,30,,72631,9,,,0,70,,72645,9,,,0,30,,72625,9,,,0,70,,72644,9,,,0,30,,72627,9,,,0,71,,72643,9,,,0,30,,72622,9,,,0,70,,72642,9,,,0,30,,72617,9,,,0,72,,72641,9,,,0,30,,72620,9,,,0,70,,72639,9,,,0,30,,72618,9,,,0,70,,72640,9,,,0,30,,72621,9,,,0,70,,72638,9,,,0,30,,72615,9,,,0,70,,72637,9,,,0,30,,72619,9,,,0,69,,72636,9,,,0,30,,72616,9,,,0,69,,72635,9,,,0,30,,72629,9,,,0,70,,72634,9,,,0,30,,72630,9,,,0,69,,72633,9,,,0,30,,72623,9,,,0,70,,72646,9,,,0,30,,72632,9,,,0,70,,72647,9,,,0,30,,72626,9,,,0,70,,72648,9,,,0,30,,72624,9,,,0
502019,'1965',645,,72537,9,,,0,65,,72577,9,,,0,37,,72539,9,,,0,64,,72540,9,,,0,36,,72542,9,,,0,64,,72543,9,,,0,12,,72544,9,,,0,24,,72545,9,,,0,72,,72546,9,,,0,30,,72547,9,,,0,100,,72549,9,,,0,100,,72551,9,,,0,70,,72552,9,,,0,30,,72553,9,,,0,107,,72555,9,,,0,70,,72556,9,,,0,30,,72557,9,,,0,68,,72558,9,,,0,24,,72559,9,,,0,52,,72560,9,,,0,22,,72561,9,,,0,4,,72578,9,,,0,16,,72562,9,,,0,12,,72563,9,,,0,64,,72564,9,,,0,22,,72565,9,,,0,12,,72566,9,,,0,65,,72567,9,,,0,30,,72568,9,,,0,69,,72569,9,,,0,30,,72570,9,,,0,70,,72571,9,,,0,30,,72572,9,,,0,70,,72573,9,,,0,30,,72574,9,,,0,69,,72575,9,,,0,30,,72576,9,,,0
502019,'1966',746,,72585,9,,,0,100,,72584,9,,,0,70,,72595,9,,,0,30,,72583,9,,,0,73,,72596,9,,,0,30,,72604,9,,,0,70,,72597,9,,,0,30,,72605,9,,,0,70,,72598,9,,,0,30,,72606,9,,,0,70,,72599,9,,,0,30,,72607,9,,,0,70,,72600,9,,,0,30,,72608,9,,,0,70,,72601,9,,,0,30,,72609,9,,,0,70,,72602,9,,,0,30,,72610,9,,,0,70,,72603,9,,,0,30,,72611,9,,,0,70,,72587,9,,,0,30,,72612,9,,,0,97,,72613,9,,,0,100,,72582,9,,,0,99,,72581,9,,,0,100,,72580,9,,,0,100,,72579,9,,,0
502019,'1967',646,,72586,9,,,0,70,,72593,9,,,0,100,,72594,9,,,0,1100,,72589,9,,,0,100,,72588,9,,,0,99,,72590,9,,,0,100,,72591,9,,,0,100,,72592,9,,,0
502019,'1969',645,,72515,9,,,0,70,,72501,9,,,0,30,,72518,9,,,0,70,,72532,9,,,0,30,,72512,9,,,0,70,,72531,9,,,0,30,,72514,9,,,0,71,,72530,9,,,0,30,,72509,9,,,0,70,,72529,9,,,0,30,,72504,9,,,0,72,,72528,9,,,0,30,,72507,9,,,0,70,,72526,9,,,0,30,,72505,9,,,0,70,,72527,9,,,0,30,,72508,9,,,0,70,,72525,9,,,0,30,,72502,9,,,0,70,,72524,9,,,0,30,,72506,9,,,0,69,,72523,9,,,0,30,,72503,9,,,0,69,,72522,9,,,0,30,,72516,9,,,0,70,,72521,9,,,0,30,,72517,9,,,0,69,,72520,9,,,0,30,,72510,9,,,0,70,,72533,9,,,0,30,,72519,9,,,0,70,,72534,9,,,0,30,,72513,9,,,0,70,,72535,9,,,0,30,,72511,9,,,0
502019,'1970',615,,74889,9,,,0,105,,74890,9,,,0,103,,74891,9,,,0,296,,74892,9,,,0,100,,74893,9,,,0,200,,74894,9,,,0
502019,'1971',746,,74901,9,,,0,100,,74900,9,,,0,70,,74903,9,,,0,30,,74899,9,,,0,73,,74904,9,,,0,30,,74912,9,,,0,70,,74905,9,,,0,30,,74913,9,,,0,70,,74906,9,,,0,30,,74914,9,,,0,70,,74907,9,,,0,30,,74915,9,,,0,70,,74908,9,,,0,30,,74916,9,,,0,70,,74909,9,,,0,30,,74917,9,,,0,70,,74910,9,,,0,30,,74918,9,,,0,70,,74911,9,,,0,30,,74919,9,,,0,70,,74902,9,,,0,30,,74920,9,,,0,97,,74921,9,,,0,100,,74898,9,,,0,99,,74897,9,,,0,100,,74896,9,,,0,100,,74895,9,,,0
14000001029,'1912',608,,73589,45,0,18 7,0,1811,,70205,45,,,0,29,,75060,45,,,0,70,,65884,45,,,0,30,,70206,45,,,0,70,,75059,45,,,0,30,,65880,45,,,0
14000001029,'1959',608,,73605,45,0,18 7,0,1811,,70208,45,,,0,99,,65891,45,,,0,30,,70209,45,,,0,100,,65887,45,,,0
14000001029,'1965',506,,65864,45,0,18 7,0,102,,73593,45,0,18 7,0,1811,,73595,45,,,0,99,,65871,45,,,0,30,,73594,45,,,0,100,,65870,45,,,0
14000001029,'1966',608,,73600,45,0,18 7,0,1840,,73598,45,,,0,170,,73601,45,,,0
14000001029,'1967',2419,,73602,45,,,0,99,,65872,45,,,0,30,,73599,45,,,0,100,,65875,45,,,0
14000001029,'1968',2448,,73591,45,,,0,170,,73590,45,,,0
14000001029,'1969',608,,73592,45,0,18 7,0,1811,,70211,45,,,0,99,,65898,45,,,0,30,,70212,45,,,0,100,,65894,45,,,0
14000001029,'1970',2448,,75061,45,,,0,170,,75062,45,,,0
14000001029,'1971',608,,75064,45,0,18 7,0,1840,,75063,45,,,0,170,,75065,45,,,0
14000001029,'1972',2448,,75067,45,,,0,170,,75066,45,,,0
14000001029,'1973',2448,,75069,45,,,0,170,,75068,45,,,0
