2019,'1912',707,,70341,34,,,0,30,,70318,34,,,0,70,,70322,34,,,0,30,,70334,34,,,0,72,,70329,34,,,0,30,,70319,34,,,0,70,,70323,34,,,0,30,,70335,34,,,0,70,,70330,34,,,0,30,,70320,34,,,0,70,,70324,34,,,0,30,,70336,34,,,0,70,,70331,34,,,0,30,,70321,34,,,0,70,,70325,34,,,0,30,,70337,34,,,0,70,,70332,34,,,0,30,,70316,34,,,0,70,,70326,34,,,0,30,,70338,34,,,0,70,,70333,34,,,0,30,,70314,34,,,0,70,,70327,34,,,0,30,,70339,34,,,0,100,,70315,34,,,0,99,,70340,34,,,0,100,,70317,34,,,0,100,,70328,34,,,0,99,,70342,34,,,0
2019,'1925',707,,70370,34,,,0,30,,70347,34,,,0,70,,70351,34,,,0,30,,70363,34,,,0,72,,70358,34,,,0,30,,70348,34,,,0,70,,70352,34,,,0,30,,70364,34,,,0,70,,70359,34,,,0,30,,70349,34,,,0,70,,70353,34,,,0,30,,70365,34,,,0,70,,70360,34,,,0,30,,70350,34,,,0,70,,70354,34,,,0,30,,70366,34,,,0,70,,70361,34,,,0,30,,70345,34,,,0,70,,70355,34,,,0,30,,70367,34,,,0,70,,70362,34,,,0,30,,70343,34,,,0,70,,70356,34,,,0,30,,70368,34,,,0,100,,70344,34,,,0,99,,70369,34,,,0,100,,70346,34,,,0,100,,70357,34,,,0,99,,70371,34,,,0
2019,'1955',637,,59396,25,,,0,70,,59403,34,,,0,30,,59412,34,,,0,70,,59419,34,,,0,30,,59397,34,,,0,70,,59404,34,,,0,30,,59413,34,,,0,71,,59420,34,,,0,31,,59398,34,,,0,70,,59405,34,,,0,30,,59414,34,,,0,70,,59421,34,,,0,30,,59399,34,,,0,70,,59406,34,,,0,30,,59415,34,,,0,70,,59422,34,,,0,30,,59400,34,,,0,70,,59407,34,,,0,30,,59416,34,,,0,70,,59423,34,,,0,30,,59401,34,,,0,70,,59408,34,,,0,30,,59417,34,,,0,70,,59424,34,,,0,30,,59402,34,,,0,70,,59409,34,,,0,30,,59418,34,,,0,99,,59410,34,,,0,100,,59425,34,,,0,100,,59411,34,,,0,100,,59426,34,,,0
2019,'1956',707,,59483,34,,,0,30,,59460,34,,,0,70,,59464,34,,,0,30,,59476,34,,,0,72,,59471,34,,,0,30,,59461,34,,,0,70,,59465,34,,,0,30,,59477,34,,,0,70,,59472,34,,,0,30,,59462,34,,,0,70,,59466,34,,,0,30,,59478,34,,,0,70,,59473,34,,,0,30,,59463,34,,,0,70,,59467,34,,,0,30,,59479,34,,,0,70,,59474,34,,,0,30,,59458,34,,,0,70,,59468,34,,,0,30,,59480,34,,,0,70,,59475,34,,,0,30,,59456,34,,,0,70,,59469,34,,,0,30,,59481,34,,,0,100,,59457,34,,,0,99,,59482,34,,,0,100,,59459,34,,,0,100,,59470,34,,,0,99,,59484,34,,,0
2019,'1957',502,,70403,25,0,5 2 13 14,0,136,,70372,34,,,0,70,,70373,34,,,0,30,,70374,34,,,0,70,,70375,34,,,0,31,,70376,34,,,0,71,,70377,34,,,0,31,,70394,34,,,0,70,,70395,34,,,0,30,,70396,34,,,0,70,,70397,34,,,0,30,,70398,34,,,0,70,,70399,34,,,0,30,,70400,34,,,0,70,,70401,34,,,0,30,,70402,34,,,0,70,,70392,34,,,0,33,,70393,34,,,0,71,,70378,34,,,0,30,,70379,34,,,0,70,,70380,34,,,0,30,,70381,34,,,0,70,,70382,34,,,0,28,,70383,34,,,0,69,,70384,34,,,0,30,,70385,34,,,0,70,,70391,34,,,0,30,,70386,34,,,0,97,,70387,34,,,0,100,,70388,34,,,0,100,,70389,34,,,0,100,,70390,34,,,0
2019,'1958',637,,70404,25,,,0,70,,70411,34,,,0,30,,70420,34,,,0,70,,70427,34,,,0,30,,70405,34,,,0,70,,70412,34,,,0,30,,70421,34,,,0,71,,70428,34,,,0,31,,70406,34,,,0,70,,70413,34,,,0,30,,70422,34,,,0,70,,70429,34,,,0,30,,70407,34,,,0,70,,70414,34,,,0,30,,70423,34,,,0,70,,70430,34,,,0,30,,70408,34,,,0,70,,70415,34,,,0,30,,70424,34,,,0,70,,70431,34,,,0,30,,70409,34,,,0,70,,70416,34,,,0,30,,70425,34,,,0,70,,70432,34,,,0,30,,70410,34,,,0,70,,70417,34,,,0,30,,70426,34,,,0,99,,70418,34,,,0,100,,70433,34,,,0,100,,70419,34,,,0,100,,70434,34,,,0
2019,'1959',707,,70462,34,,,0,30,,70439,34,,,0,70,,70443,34,,,0,30,,70455,34,,,0,72,,70450,34,,,0,30,,70440,34,,,0,70,,70444,34,,,0,30,,70456,34,,,0,70,,70451,34,,,0,30,,70441,34,,,0,70,,70445,34,,,0,30,,70457,34,,,0,70,,70452,34,,,0,30,,70442,34,,,0,70,,70446,34,,,0,30,,70458,34,,,0,70,,70453,34,,,0,30,,70437,34,,,0,70,,70447,34,,,0,30,,70459,34,,,0,70,,70454,34,,,0,30,,70435,34,,,0,70,,70448,34,,,0,30,,70460,34,,,0,100,,70436,34,,,0,99,,70461,34,,,0,100,,70438,34,,,0,100,,70449,34,,,0,99,,70463,34,,,0
14000001019,'1909',2429,,65835,41,,,0,130,,65834,41,,,0
14000001019,'1910',2429,,65840,41,,,0,130,,65838,41,,,0
14000001019,'1912',2429,,65844,41,,,0,30,,70196,41,,,0,70,,73578,41,,,0,30,,65845,41,,,0,70,,70197,41,,,0
14000001019,'1924',2429,,65849,41,,,0,30,,70198,41,,,0,100,,65850,41,,,0,70,,70199,41,,,0
14000001019,'1925',2429,,65854,41,,,0,30,,70200,41,,,0,70,,73579,41,,,0,30,,65855,41,,,0,70,,70201,41,,,0
14000001019,'1955',2459,,70194,41,,,0,70,,65839,41,,,0,100,,70195,41,,,0
14000001019,'1956',2529,,65847,41,,,0
14000001019,'1957',2459,,73580,41,,,0,70,,73581,41,,,0,100,,73582,41,,,0
14000001019,'1958',2459,,73583,41,,,0,70,,73584,41,,,0,100,,73585,41,,,0
14000001019,'1959',2529,,73586,41,,,0
