16029,'1909',1515,,61858,13,,,0,29,,61859,13,,,0,102,,61861,13,,,0,166,,61864,13,,,0,30,,61872,13,,,0,97,,61866,13,,,0,164,,61869,13,,,0
16029,'1910',605,,61905,13,,,0,27,,61904,13,,,0,70,,61888,13,,,0,30,,61874,13,,,0,70,,61881,13,,,0,30,,61895,13,,,0,70,,61889,13,,,0,30,,61875,13,,,0,70,,61882,13,,,0,30,,61896,13,,,0,70,,61890,13,,,0,30,,61876,13,,,0,70,,61883,13,,,0,30,,61897,13,,,0,72,,61891,13,,,0,30,,61877,13,,,0,70,,61884,13,,,0,30,,61898,13,,,0,70,,61892,13,,,0,30,,61878,13,,,0,70,,61885,13,,,0,30,,61899,13,,,0,69,,61893,13,,,0,30,,61879,13,,,0,70,,61886,13,,,0,30,,61900,13,,,0,69,,61894,13,,,0,30,,61880,13,,,0,70,,61887,13,,,0,30,,61901,13,,,0,100,,61902,13,,,0,70,,61903,13,,,0
16029,'1912',731,,67445,13,,,0,103,,71800,13,,,0,95,,71798,13,,,0,105,,71803,13,,,0,98,,71805,13,,,0,100,,71802,13,,,0,101,,71804,13,,,0,100,,71797,13,,,0,100,,71799,13,,,0,99,,71801,13,,,0,99,,67438,13,,,0,101,,61917,13,,,0,100,,61912,13,,,0,103,,61913,13,,,0,97,,71806,13,,,0
16029,'1924',731,,67457,13,,,0,1000,,67450,13,,,0,101,,61932,13,,,0,100,,61927,13,,,0,103,,61928,13,,,0
16029,'1925',731,,67469,13,,,0,103,,71810,13,,,0,95,,71808,13,,,0,105,,71813,13,,,0,98,,71815,13,,,0,100,,71812,13,,,0,101,,71814,13,,,0,100,,71807,13,,,0,100,,71809,13,,,0,99,,71811,13,,,0,99,,67462,13,,,0,101,,61947,13,,,0,100,,61942,13,,,0,103,,61943,13,,,0,97,,71816,13,,,0
16029,'1949',1616,,67488,13,,,0,99,,67489,13,,,0,28,,67490,13,,,0
16029,'1956',834,,67449,13,,,0,95,,67447,13,,,0,105,,67453,13,,,0,98,,67455,13,,,0,100,,67452,13,,,0,101,,67454,13,,,0,100,,67446,13,,,0,100,,67448,13,,,0,99,,67451,13,,,0,500,,67456,13,,,0
16029,'1957',603,,71839,13,,,0,30,,71817,13,,,0,73,,71818,13,,,0,36,,71819,13,,,0,70,,71820,13,,,0,33,,71821,13,,,0,70,,71822,13,,,0,29,,71823,13,,,0,67,,71824,13,,,0,30,,71825,13,,,0,70,,71826,13,,,0,30,,71827,13,,,0,70,,71828,13,,,0,30,,71829,13,,,0,70,,71830,13,,,0,30,,71831,13,,,0,71,,71832,13,,,0,32,,71833,13,,,0,465,,71834,13,,,0,100,,71835,13,,,0,24,,71836,13,,,0,100,,71837,13,,,0,69,,71838,13,,,0
16029,'1959',834,,71843,13,,,0,95,,71841,13,,,0,105,,71846,13,,,0,98,,71848,13,,,0,100,,71845,13,,,0,101,,71847,13,,,0,100,,71840,13,,,0,100,,71842,13,,,0,99,,71844,13,,,0,500,,71849,13,,,0
14000001019,'1909',2404,,65835,13,,,0,130,,65834,13,,,0
14000001019,'1910',2404,,65840,13,,,0,130,,65838,13,,,0
14000001019,'1912',2404,,65844,13,,,0,30,,70196,13,,,0,70,,73578,13,,,0,30,,65845,13,,,0,70,,70197,13,,,0
14000001019,'1924',2404,,65849,13,,,0,30,,70198,13,,,0,100,,65850,13,,,0,70,,70199,13,,,0
14000001019,'1925',2404,,65854,13,,,0,30,,70200,13,,,0,70,,73579,13,,,0,30,,65855,13,,,0,70,,70201,13,,,0
14000001019,'1955',2434,,70194,13,,,0,70,,65839,13,,,0,100,,70195,13,,,0
14000001019,'1956',2504,,65847,13,,,0
14000001019,'1957',2434,,73580,13,,,0,70,,73581,13,,,0,100,,73582,13,,,0
14000001019,'1958',2434,,73583,13,,,0,70,,73584,13,,,0,100,,73585,13,,,0
14000001019,'1959',2504,,73586,13,,,0
