14019,'1909',516,,61431,6,,,0,500,,61417,6,,,0,1000,,61427,6,,,0,92,,61428,6,,,0
14019,'1910',640,,67210,6,,,0,602,,67216,6,,,0,100,,67217,6,,,0,200,,67219,6,,,0,100,,67220,6,,,0,100,,67221,6,,,0,299,,67224,6,,,0,200,,61449,6,,,0
14019,'1912',641,,61463,6,,,0,100,,67238,6,,,0,100,,67227,6,,,0,100,,71631,6,,,0,100,,67229,6,,,0,101,,67230,6,,,0,100,,67231,6,,,0,100,,67232,6,,,0,100,,67233,6,,,0,100,,67234,6,,,0,100,,67235,6,,,0,100,,67236,6,,,0,100,,67237,6,,,0,99,,61451,6,,,0,105,,71630,6,,,0
14019,'1924',641,,61478,6,,,0,100,,67251,6,,,0,100,,67240,6,,,0,200,,67242,6,,,0,101,,67243,6,,,0,100,,67244,6,,,0,100,,67245,6,,,0,100,,67246,6,,,0,100,,67247,6,,,0,100,,67248,6,,,0,100,,67249,6,,,0,100,,67250,6,,,0,99,,61466,6,,,0
14019,'1925',641,,61493,6,,,0,100,,67264,6,,,0,100,,67253,6,,,0,100,,71633,6,,,0,100,,67255,6,,,0,101,,67256,6,,,0,100,,67257,6,,,0,100,,67258,6,,,0,100,,67259,6,,,0,100,,67260,6,,,0,100,,67261,6,,,0,100,,67262,6,,,0,100,,67263,6,,,0,99,,61481,6,,,0,105,,71632,6,,,0
14019,'1955',740,,67211,6,,,0,101,,67212,6,,,0,100,,67213,6,,,0,100,,67214,6,,,0,101,,67215,6,,,0,300,,67218,6,,,0,400,,67222,6,,,0,99,,67223,6,,,0,200,,67225,6,,,0
14019,'1956',941,,67241,6,,,0,1105,,67239,6,,,0
14019,'1957',616,,71660,6,,,0,40,,71634,6,,,0,70,,71647,6,,,0,28,,71635,6,,,0,62,,71648,6,,,0,30,,71636,6,,,0,70,,71649,6,,,0,30,,71637,6,,,0,100,,71638,6,,,0,70,,71650,6,,,0,30,,71639,6,,,0,70,,71651,6,,,0,30,,71640,6,,,0,70,,71652,6,,,0,30,,71641,6,,,0,70,,71653,6,,,0,31,,71642,6,,,0,70,,71654,6,,,0,40,,71643,6,,,0,70,,71655,6,,,0,30,,71644,6,,,0,70,,71656,6,,,0,30,,71645,6,,,0,59,,71657,6,,,0,30,,71646,6,,,0,70,,71658,6,,,0,30,,71661,6,,,0,262,,71659,6,,,0
14019,'1958',740,,71662,6,,,0,101,,71663,6,,,0,100,,71664,6,,,0,100,,71665,6,,,0,101,,71666,6,,,0,300,,71667,6,,,0,400,,71668,6,,,0,99,,71669,6,,,0,200,,71670,6,,,0
14019,'1959',941,,71672,6,,,0,1105,,71671,6,,,0
