19019,'1912',622,,71862,16,,,0,112,,62043,16,,,0,100,,71855,16,,,0,70,,62047,16,,,0,30,,71858,16,,,0,70,,71852,16,,,0,31,,71851,16,,,0,70,,67524,16,,,0,31,,71867,16,,,0,70,,71865,16,,,0,30,,71863,16,,,0,70,,71859,16,,,0,30,,71872,16,,,0,70,,71857,16,,,0,31,,71856,16,,,0,70,,71854,16,,,0,30,,71853,16,,,0,70,,71850,16,,,0,30,,71868,16,,,0,69,,71866,16,,,0,29,,71864,16,,,0,70,,71861,16,,,0,30,,71860,16,,,0,70,,71870,16,,,0,30,,71869,16,,,0,70,,71871,16,,,0,45,,62063,16,,,0,100,,62061,16,,,0,100,,62062,16,,,0,85,,71873,16,,,0
19019,'1959',622,,71946,16,,,0,112,,62073,16,,,0,100,,71939,16,,,0,70,,62077,16,,,0,30,,71942,16,,,0,70,,71936,16,,,0,31,,71935,16,,,0,70,,67549,16,,,0,31,,71951,16,,,0,70,,71949,16,,,0,30,,71947,16,,,0,70,,71943,16,,,0,30,,71956,16,,,0,70,,71941,16,,,0,31,,71940,16,,,0,70,,71938,16,,,0,30,,71937,16,,,0,70,,71934,16,,,0,30,,71952,16,,,0,69,,71950,16,,,0,29,,71948,16,,,0,70,,71945,16,,,0,30,,71944,16,,,0,70,,71954,16,,,0,30,,71953,16,,,0,70,,71955,16,,,0,45,,62093,16,,,0,100,,62091,16,,,0,100,,62092,16,,,0,85,,71957,16,,,0
19019,'1965',1037,,71917,16,,,0,472,,71899,16,,,0,328,,61998,16,,,0,70,,71909,16,,,0,30,,71910,16,,,0,199,,71913,16,,,0,100,,71911,16,,,0,100,,71912,16,,,0
19019,'1966',735,,71921,16,,,0,70,,71928,16,,,0,100,,71922,16,,,0,30,,71919,16,,,0,70,,71930,16,,,0,930,,71924,16,,,0,110,,71932,16,,,0,270,,71923,16,,,0,20,,71933,16,,,0
19019,'1967',635,,71920,16,,,0,70,,71925,16,,,0,130,,71931,16,,,0,203,,67497,16,,,0,70,,67512,16,,,0,30,,67501,16,,,0,70,,67515,16,,,0,30,,67494,16,,,0,70,,71926,16,,,0,30,,67496,16,,,0,70,,67513,16,,,0,30,,67498,16,,,0,70,,67520,16,,,0,30,,67507,16,,,0,70,,67509,16,,,0,30,,67493,16,,,0,70,,71927,16,,,0,30,,67519,16,,,0,70,,67506,16,,,0,30,,67500,16,,,0,70,,71929,16,,,0,97,,67522,16,,,0,115,,67505,16,,,0,100,,62033,16,,,0
19019,'1969',622,,71886,16,,,0,112,,62103,16,,,0,100,,71879,16,,,0,70,,62107,16,,,0,30,,71882,16,,,0,70,,71876,16,,,0,31,,71875,16,,,0,70,,67574,16,,,0,31,,71891,16,,,0,70,,71889,16,,,0,30,,71887,16,,,0,70,,71883,16,,,0,30,,71896,16,,,0,70,,71881,16,,,0,31,,71880,16,,,0,70,,71878,16,,,0,30,,71877,16,,,0,70,,71874,16,,,0,30,,71892,16,,,0,69,,71890,16,,,0,29,,71888,16,,,0,70,,71885,16,,,0,30,,71884,16,,,0,70,,71894,16,,,0,30,,71893,16,,,0,70,,71895,16,,,0,45,,62123,16,,,0,100,,62121,16,,,0,100,,62122,16,,,0,85,,71897,16,,,0
19019,'1970',837,,74509,16,,,0,70,,74500,16,,,0,30,,74501,16,,,0,70,,74498,16,,,0,100,,74499,16,,,0,30,,74506,16,,,0,70,,74497,16,,,0,30,,74508,16,,,0,70,,74502,16,,,0,30,,74503,16,,,0,70,,74505,16,,,0,30,,74504,16,,,0,102,,74510,16,,,0,497,,74507,16,,,0
19019,'1971',735,,74512,16,,,0,70,,74516,16,,,0,100,,74513,16,,,0,30,,74511,16,,,0,70,,74517,16,,,0,930,,74515,16,,,0,110,,74518,16,,,0,270,,74514,16,,,0,20,,74519,16,,,0
10019019,'1965',611,,73560,9,,,0,95,,73566,9,,,0,32,,65781,9,,,0,872,,73564,9,,,0,30,,73562,9,,,0,70,,73561,9,,,0,29,,73565,9,,,0,69,,70175,9,,,0,210,,73563,9,,,0
10019019,'1970',636,,75050,9,,,0,172,,75051,9,,,0
