14000001029,'1912',602,,73589,40,0,18 7,0,1811,,70205,40,,,0,29,,75060,40,,,0,70,,65884,40,,,0,30,,70206,40,,,0,70,,75059,40,,,0,30,,65880,40,,,0
14000001029,'1959',602,,73605,40,0,18 7,0,1811,,70208,40,,,0,99,,65891,40,,,0,30,,70209,40,,,0,100,,65887,40,,,0
14000001029,'1965',500,,65864,40,0,18 7,0,102,,73593,40,0,18 7,0,1811,,73595,40,,,0,99,,65871,40,,,0,30,,73594,40,,,0,100,,65870,40,,,0
14000001029,'1966',602,,73600,40,0,18 7,0,1840,,73598,40,,,0,170,,73601,40,,,0
14000001029,'1967',2413,,73602,40,,,0,99,,65872,40,,,0,30,,73599,40,,,0,100,,65875,40,,,0
14000001029,'1968',2442,,73591,40,,,0,170,,73590,40,,,0
14000001029,'1969',602,,73592,40,0,18 7,0,1811,,70211,40,,,0,99,,65898,40,,,0,30,,70212,40,,,0,100,,65894,40,,,0
14000001029,'1970',2442,,75061,40,,,0,170,,75062,40,,,0
14000001029,'1971',602,,75064,40,0,18 7,0,1840,,75063,40,,,0,170,,75065,40,,,0
14000001029,'1972',2442,,75067,40,,,0,170,,75066,40,,,0
14000001029,'1973',2442,,75069,40,,,0,170,,75068,40,,,0
