1029,'1912',611,,73732,29,,,0,98,,73733,29,,,0,100,,73734,29,,,0,101,,73735,29,,,0,101,,73736,29,,,0,100,,73737,29,,,0,100,,73738,29,,,0,100,,73739,29,,,0,100,,73740,29,,,0,100,,73741,29,,,0,99,,73742,29,,,0,100,,73743,29,,,0,100,,73744,29,,,0,100,,73745,29,,,0,100,,73746,29,,,0,100,,73747,29,,,0,98,,73748,29,,,0,99,,73749,29,,,0
1029,'1966',610,,70284,30,,,0,28,,70296,30,,,0,70,,70303,30,,,0,30,,70291,30,,,0,70,,70312,30,,,0,30,,70300,30,,,0,72,,70283,30,,,0,29,,70295,30,,,0,70,,70306,30,,,0,30,,70290,30,,,0,70,,70313,30,,,0,30,,70299,30,,,0,70,,70282,30,,,0,30,,70294,30,,,0,70,,70305,30,,,0,30,,70289,30,,,0,70,,70285,30,,,0,30,,70298,30,,,0,70,,70281,30,,,0,30,,70293,30,,,0,70,,70301,30,,,0,30,,70288,30,,,0,70,,70310,30,,,0,30,,70297,30,,,0,69,,70280,30,,,0,31,,70292,30,,,0,70,,70304,30,,,0,30,,70286,30,,,0,70,,70308,30,,,0,30,,70307,30,,,0,70,,70279,30,,,0,30,,70287,30,,,0,70,,70302,30,,,0,30,,70311,30,,,0,69,,70309,30,,,0
1029,'1968',611,,59317,30,,,0,98,,59318,30,,,0,100,,59319,30,,,0,101,,59320,30,,,0,101,,59321,30,,,0,100,,59322,30,,,0,100,,59323,30,,,0,100,,59324,30,,,0,100,,59325,30,,,0,100,,59326,30,,,0,99,,59327,30,,,0,100,,59328,30,,,0,100,,59329,30,,,0,100,,59330,30,,,0,100,,59331,30,,,0,100,,59332,30,,,0,98,,59333,30,,,0,99,,59334,30,,,0
1029,'1970',609,,73759,29,,,0,35,,73760,29,,,0,67,,73780,29,,,0,30,,73756,29,,,0,70,,73751,29,,,0,30,,73784,29,,,0,73,,73754,29,,,0,30,,73761,29,,,0,70,,73779,29,,,0,30,,73758,29,,,0,70,,73750,29,,,0,30,,73783,29,,,0,70,,73755,29,,,0,30,,73762,29,,,0,70,,73778,29,,,0,30,,73757,29,,,0,70,,73752,29,,,0,30,,73781,29,,,0,71,,73753,29,,,0,30,,73763,29,,,0,70,,73777,29,,,0,30,,73766,29,,,0,70,,73765,29,,,0,28,,73764,29,,,0,67,,73770,29,,,0,30,,73769,29,,,0,70,,73768,29,,,0,30,,73767,29,,,0,70,,73782,29,,,0,29,,73776,29,,,0,70,,73775,29,,,0,30,,73774,29,,,0,70,,73773,29,,,0,30,,73772,29,,,0,65,,73771,29,,,0
1029,'1971',610,,73790,29,,,0,28,,73802,29,,,0,70,,73809,29,,,0,30,,73797,29,,,0,70,,73818,29,,,0,30,,73806,29,,,0,72,,73789,29,,,0,29,,73801,29,,,0,70,,73812,29,,,0,30,,73796,29,,,0,70,,73819,29,,,0,30,,73805,29,,,0,70,,73788,29,,,0,30,,73800,29,,,0,70,,73811,29,,,0,30,,73795,29,,,0,70,,73791,29,,,0,30,,73804,29,,,0,70,,73787,29,,,0,30,,73799,29,,,0,70,,73807,29,,,0,30,,73794,29,,,0,70,,73816,29,,,0,30,,73803,29,,,0,69,,73786,29,,,0,31,,73798,29,,,0,70,,73810,29,,,0,30,,73792,29,,,0,70,,73814,29,,,0,30,,73813,29,,,0,70,,73785,29,,,0,30,,73793,29,,,0,70,,73808,29,,,0,30,,73817,29,,,0,69,,73815,29,,,0
1029,'1972',611,,73820,29,,,0,98,,73821,29,,,0,100,,73822,29,,,0,101,,73823,29,,,0,101,,73824,29,,,0,100,,73825,29,,,0,100,,73826,29,,,0,100,,73827,29,,,0,100,,73828,29,,,0,100,,73829,29,,,0,99,,73830,29,,,0,100,,73831,29,,,0,100,,73832,29,,,0,100,,73833,29,,,0,100,,73834,29,,,0,100,,73835,29,,,0,98,,73836,29,,,0,99,,73837,29,,,0
1029,'1973',611,,73838,29,,,0,98,,73839,29,,,0,100,,73840,29,,,0,101,,73841,29,,,0,101,,73842,29,,,0,100,,73843,29,,,0,100,,73844,29,,,0,100,,73845,29,,,0,100,,73846,29,,,0,100,,73847,29,,,0,99,,73848,29,,,0,100,,73849,29,,,0,100,,73850,29,,,0,100,,73851,29,,,0,100,,73852,29,,,0,100,,73853,29,,,0,98,,73854,29,,,0,99,,73855,29,,,0
31019,'1912',603,,74568,10,,,0,50,,74551,22,,,0,100,,74552,22,,,0,101,,74553,22,,,0,100,,74554,22,,,0,100,,74555,22,,,0,100,,74556,22,,,0,100,,74557,22,,,0,100,,74558,22,,,0,100,,74559,22,,,0,100,,74560,22,,,0,100,,74561,22,,,0,100,,74562,22,,,0,100,,74563,22,,,0,100,,74564,22,,,0,100,,74565,22,,,0,100,,74566,22,,,0,99,,74567,22,,,0
31019,'1965',756,,62420,22,,,0,70,,62403,22,,,0,129,,62395,22,,,0,70,,62408,22,,,0,30,,62419,22,,,0,170,,62413,22,,,0,30,,62394,22,,,0,70,,62409,22,,,0,130,,62398,22,,,0,103,,62396,22,,,0,100,,62417,22,,,0,296,,72076,22,,,0
31019,'1966',603,,72116,10,,,0,26,,72109,10,,,0,24,,72086,22,,,0,70,,72102,22,,,0,30,,72115,22,,,0,70,,72098,22,,,0,30,,72092,22,,,0,71,,72108,22,,,0,30,,72085,22,,,0,70,,72101,22,,,0,30,,72110,22,,,0,70,,72097,22,,,0,30,,72091,22,,,0,71,,72107,22,,,0,30,,72084,22,,,0,70,,72100,22,,,0,30,,72113,22,,,0,70,,72096,22,,,0,30,,72090,22,,,0,70,,72106,22,,,0,30,,72083,22,,,0,70,,72099,22,,,0,30,,72112,22,,,0,70,,72095,22,,,0,29,,72089,22,,,0,70,,72105,22,,,0,30,,72082,22,,,0,70,,72117,22,,,0,30,,72111,22,,,0,100,,72088,22,,,0,100,,72081,22,,,0,100,,72114,22,,,0
31019,'1968',603,,62521,10,,,0,50,,62504,22,,,0,100,,62505,22,,,0,101,,62506,22,,,0,100,,62507,22,,,0,100,,62508,22,,,0,100,,62509,22,,,0,100,,62510,22,,,0,100,,62511,22,,,0,100,,62512,22,,,0,100,,62513,22,,,0,100,,62514,22,,,0,100,,62515,22,,,0,100,,62516,22,,,0,100,,62517,22,,,0,100,,62518,22,,,0,100,,62519,22,,,0,99,,62520,22,,,0
31019,'1970',603,,74593,10,,,0,26,,74588,10,,,0,25,,74570,22,,,0,72,,74580,22,,,0,130,,74574,22,,,0,69,,74584,22,,,0,200,,74579,22,,,0,30,,74575,22,,,0,200,,74586,22,,,0,70,,74577,22,,,0,103,,74583,22,,,0,100,,74581,22,,,0,97,,74578,22,,,0,29,,74573,22,,,0,70,,74582,22,,,0,30,,74571,22,,,0,70,,74594,22,,,0,130,,74576,22,,,0,100,,74572,22,,,0,100,,74585,22,,,0
31019,'1971',603,,74630,10,,,0,26,,74623,10,,,0,24,,74600,22,,,0,70,,74616,22,,,0,30,,74629,22,,,0,70,,74612,22,,,0,30,,74606,22,,,0,71,,74622,22,,,0,30,,74599,22,,,0,70,,74615,22,,,0,30,,74624,22,,,0,70,,74611,22,,,0,30,,74605,22,,,0,71,,74621,22,,,0,30,,74598,22,,,0,70,,74614,22,,,0,30,,74627,22,,,0,70,,74610,22,,,0,30,,74604,22,,,0,70,,74620,22,,,0,30,,74597,22,,,0,70,,74613,22,,,0,30,,74626,22,,,0,70,,74609,22,,,0,29,,74603,22,,,0,70,,74619,22,,,0,30,,74596,22,,,0,70,,74631,22,,,0,30,,74625,22,,,0,100,,74602,22,,,0,100,,74595,22,,,0,100,,74628,22,,,0
31019,'1972',603,,74649,10,,,0,50,,74632,22,,,0,100,,74633,22,,,0,101,,74634,22,,,0,100,,74635,22,,,0,100,,74636,22,,,0,100,,74637,22,,,0,100,,74638,22,,,0,100,,74639,22,,,0,100,,74640,22,,,0,100,,74641,22,,,0,100,,74642,22,,,0,100,,74643,22,,,0,100,,74644,22,,,0,100,,74645,22,,,0,100,,74646,22,,,0,100,,74647,22,,,0,99,,74648,22,,,0
31019,'1973',603,,74668,10,,,0,50,,74651,22,,,0,100,,74652,22,,,0,101,,74653,22,,,0,100,,74654,22,,,0,100,,74655,22,,,0,100,,74656,22,,,0,100,,74657,22,,,0,100,,74658,22,,,0,100,,74659,22,,,0,100,,74660,22,,,0,100,,74661,22,,,0,100,,74662,22,,,0,100,,74663,22,,,0,100,,74664,22,,,0,100,,74665,22,,,0,100,,74666,22,,,0,99,,74667,22,,,0
