1029,'1912',617,,73732,35,,,0,100,,73733,35,,,0,100,,73734,35,,,0,100,,73735,35,,,0,100,,73736,35,,,0,100,,73737,35,,,0,100,,73738,35,,,0,100,,73739,35,,,0,100,,73740,35,,,0,100,,73741,35,,,0,100,,73742,35,,,0,100,,73743,35,,,0,100,,73744,35,,,0,100,,73745,35,,,0,100,,73746,35,,,0,100,,73747,35,,,0,100,,73748,35,,,0,95,,73749,35,,,0
1029,'1959',617,,73820,35,,,0,100,,73821,35,,,0,100,,73822,35,,,0,100,,73823,35,,,0,100,,73824,35,,,0,100,,73825,35,,,0,100,,73826,35,,,0,100,,73827,35,,,0,100,,73828,35,,,0,100,,73829,35,,,0,100,,73830,35,,,0,100,,73831,35,,,0,100,,73832,35,,,0,100,,73833,35,,,0,100,,73834,35,,,0,100,,73835,35,,,0,100,,73836,35,,,0,95,,73837,35,,,0
1029,'1967',617,,73790,35,,,0,30,,73802,35,,,0,70,,73809,35,,,0,30,,73797,35,,,0,70,,73818,35,,,0,30,,73806,35,,,0,70,,73789,35,,,0,30,,73801,35,,,0,70,,73812,35,,,0,30,,73796,35,,,0,70,,73819,35,,,0,30,,73805,35,,,0,70,,73788,35,,,0,30,,73800,35,,,0,70,,73811,35,,,0,30,,73795,35,,,0,70,,73791,35,,,0,30,,73804,35,,,0,70,,73787,35,,,0,30,,73799,35,,,0,70,,73807,35,,,0,30,,73794,35,,,0,70,,73816,35,,,0,30,,73803,35,,,0,69,,73786,35,,,0,31,,73798,35,,,0,70,,73810,35,,,0,30,,73792,35,,,0,70,,73814,35,,,0,30,,73813,35,,,0,70,,73785,35,,,0,30,,73793,35,,,0,70,,73808,35,,,0,30,,73817,35,,,0,69,,73815,35,,,0
1029,'1969',617,,73838,35,,,0,100,,73839,35,,,0,100,,73840,35,,,0,100,,73841,35,,,0,100,,73842,35,,,0,100,,73843,35,,,0,100,,73844,35,,,0,100,,73845,35,,,0,100,,73846,35,,,0,100,,73847,35,,,0,100,,73848,35,,,0,100,,73849,35,,,0,100,,73850,35,,,0,100,,73851,35,,,0,100,,73852,35,,,0,100,,73853,35,,,0,100,,73854,35,,,0,95,,73855,35,,,0
1029,'1976',617,,73759,35,,,0,35,,73760,35,,,0,70,,73780,35,,,0,30,,73756,35,,,0,70,,73751,35,,,0,30,,73784,35,,,0,70,,73754,35,,,0,30,,73761,35,,,0,70,,73779,35,,,0,30,,73758,35,,,0,70,,73750,35,,,0,30,,73783,35,,,0,70,,73755,35,,,0,30,,73762,35,,,0,70,,73778,35,,,0,30,,73757,35,,,0,70,,73752,35,,,0,31,,73781,35,,,0,72,,73753,35,,,0,30,,73763,35,,,0,70,,73777,35,,,0,30,,73766,35,,,0,70,,73765,35,,,0,27,,73764,35,,,0,65,,73770,35,,,0,30,,73769,35,,,0,70,,73768,35,,,0,30,,73767,35,,,0,70,,73782,35,,,0,30,,73776,35,,,0,70,,73775,35,,,0,30,,73774,35,,,0,70,,73773,35,,,0,30,,73772,35,,,0,65,,73771,35,,,0
1029,'1977',617,,75115,35,,,0,35,,75116,35,,,0,70,,75136,35,,,0,30,,75112,35,,,0,70,,75107,35,,,0,30,,75140,35,,,0,70,,75110,35,,,0,30,,75117,35,,,0,70,,75135,35,,,0,30,,75114,35,,,0,70,,75106,35,,,0,30,,75139,35,,,0,70,,75111,35,,,0,30,,75118,35,,,0,70,,75134,35,,,0,30,,75113,35,,,0,70,,75108,35,,,0,31,,75137,35,,,0,72,,75109,35,,,0,30,,75119,35,,,0,70,,75133,35,,,0,30,,75122,35,,,0,70,,75121,35,,,0,27,,75120,35,,,0,65,,75126,35,,,0,30,,75125,35,,,0,70,,75124,35,,,0,30,,75123,35,,,0,70,,75138,35,,,0,30,,75132,35,,,0,70,,75131,35,,,0,30,,75130,35,,,0,70,,75129,35,,,0,30,,75128,35,,,0,65,,75127,35,,,0
2029,'1912',632,,74007,30,0,39 40,0,69,,74015,30,0,39 40,0,31,,74026,30,0,39 40,0,70,,74021,30,0,39 40,0,30,,74008,30,0,39 40,0,70,,74016,30,0,39 40,0,30,,74027,30,0,39 40,0,70,,74022,30,0,39 40,0,30,,74009,30,0,39 40,0,70,,74017,30,0,39 40,0,30,,74028,30,0,39 40,0,70,,74023,30,0,39 40,0,30,,74010,30,0,39 40,0,70,,74018,30,0,39 40,0,30,,74029,30,0,39 40,0,70,,74024,30,0,39 40,0,30,,74011,30,0,39 40,0,70,,74019,30,0,39 40,0,30,,74030,30,0,39 40,0,70,,74025,30,0,39 40,0,30,,74012,30,0,39 40,0,70,,74020,30,0,39 40,0,30,,74031,30,0,39 40,0,100,,74013,30,0,39 40,0,99,,74032,30,0,39 40,0,100,,74014,30,0,39 40,0,101,,74033,30,0,39 40,0,100,,74006,30,0,39 40,0
2029,'1959',632,,74108,30,0,39 40,0,69,,74116,30,0,39 40,0,31,,74127,30,0,39 40,0,70,,74122,30,0,39 40,0,30,,74109,30,0,39 40,0,70,,74117,30,0,39 40,0,30,,74128,30,0,39 40,0,70,,74123,30,0,39 40,0,30,,74110,30,0,39 40,0,70,,74118,30,0,39 40,0,30,,74129,30,0,39 40,0,70,,74124,30,0,39 40,0,30,,74111,30,0,39 40,0,70,,74119,30,0,39 40,0,30,,74130,30,0,39 40,0,70,,74125,30,0,39 40,0,30,,74112,30,0,39 40,0,70,,74120,30,0,39 40,0,30,,74131,30,0,39 40,0,70,,74126,30,0,39 40,0,30,,74113,30,0,39 40,0,70,,74121,30,0,39 40,0,30,,74132,30,0,39 40,0,100,,74114,30,0,39 40,0,99,,74133,30,0,39 40,0,100,,74115,30,0,39 40,0,101,,74134,30,0,39 40,0,100,,74107,30,0,39 40,0
2029,'1967',602,,74104,30,0,5 2 15 16 17,0,30,,74087,30,0,39 40,0,69,,74094,30,0,39 40,0,31,,74073,30,0,39 40,0,70,,74079,30,0,39 40,0,30,,74088,30,0,39 40,0,70,,74095,30,0,39 40,0,30,,74074,30,0,39 40,0,70,,74080,30,0,39 40,0,30,,74089,30,0,39 40,0,70,,74096,30,0,39 40,0,30,,74075,30,0,39 40,0,70,,74081,30,0,39 40,0,30,,74090,30,0,39 40,0,70,,74097,30,0,39 40,0,30,,74076,30,0,39 40,0,70,,74082,30,0,39 40,0,30,,74091,30,0,39 40,0,70,,74098,30,0,39 40,0,30,,74077,30,0,39 40,0,70,,74083,30,0,39 40,0,30,,74092,30,0,39 40,0,70,,74099,30,0,39 40,0,30,,74078,30,0,39 40,0,70,,74084,30,0,39 40,0,30,,74093,30,0,39 40,0,70,,74100,30,0,39 40,0,30,,74085,30,0,39 40,0,100,,74101,30,0,39 40,0,100,,74086,30,0,39 40,0,100,,74102,30,0,39 40,0
2029,'1969',632,,74140,30,0,39 40,0,69,,74148,30,0,39 40,0,31,,74159,30,0,39 40,0,70,,74154,30,0,39 40,0,30,,74141,30,0,39 40,0,70,,74149,30,0,39 40,0,30,,74160,30,0,39 40,0,70,,74155,30,0,39 40,0,30,,74142,30,0,39 40,0,70,,74150,30,0,39 40,0,30,,74161,30,0,39 40,0,70,,74156,30,0,39 40,0,30,,74143,30,0,39 40,0,70,,74151,30,0,39 40,0,30,,74162,30,0,39 40,0,70,,74157,30,0,39 40,0,30,,74144,30,0,39 40,0,70,,74152,30,0,39 40,0,30,,74163,30,0,39 40,0,70,,74158,30,0,39 40,0,30,,74145,30,0,39 40,0,70,,74153,30,0,39 40,0,30,,74164,30,0,39 40,0,100,,74146,30,0,39 40,0,99,,74165,30,0,39 40,0,100,,74147,30,0,39 40,0,101,,74166,30,0,39 40,0,100,,74139,30,0,39 40,0
2029,'1976',537,,74055,18,0,39 40,0,65,,74038,30,0,39 40,0,30,,74039,30,0,39 40,0,70,,74040,30,0,39 40,0,29,,74041,30,0,39 40,0,71,,74042,30,0,39 40,0,30,,74043,30,0,39 40,0,70,,74044,30,0,39 40,0,30,,74045,30,0,39 40,0,70,,74046,30,0,39 40,0,30,,74069,30,0,39 40,0,70,,74065,30,0,39 40,0,30,,74071,30,0,39 40,0,70,,74067,30,0,39 40,0,30,,74068,30,0,39 40,0,70,,74064,30,0,39 40,0,30,,74070,30,0,39 40,0,70,,74066,30,0,39 40,0,31,,74072,30,0,39 40,0,71,,74047,30,0,39 40,0,34,,74048,30,0,39 40,0,70,,74049,30,0,39 40,0,30,,74050,30,0,39 40,0,70,,74051,30,0,39 40,0,29,,74052,30,0,39 40,0,66,,74053,30,0,39 40,0,29,,74054,30,0,39 40,0,70,,74058,30,0,39 40,0,30,,74059,30,0,39 40,0,100,,74060,30,0,39 40,0,100,,74061,30,0,39 40,0,100,,74057,30,0,39 40,0
2029,'1977',537,,75190,18,0,39 40,0,65,,75173,30,0,39 40,0,30,,75174,30,0,39 40,0,70,,75175,30,0,39 40,0,29,,75176,30,0,39 40,0,71,,75177,30,0,39 40,0,30,,75178,30,0,39 40,0,70,,75179,30,0,39 40,0,30,,75180,30,0,39 40,0,70,,75181,30,0,39 40,0,30,,75204,30,0,39 40,0,70,,75200,30,0,39 40,0,30,,75206,30,0,39 40,0,70,,75202,30,0,39 40,0,30,,75203,30,0,39 40,0,70,,75199,30,0,39 40,0,30,,75205,30,0,39 40,0,70,,75201,30,0,39 40,0,31,,75207,30,0,39 40,0,71,,75182,30,0,39 40,0,34,,75183,30,0,39 40,0,70,,75184,30,0,39 40,0,30,,75185,30,0,39 40,0,70,,75186,30,0,39 40,0,29,,75187,30,0,39 40,0,66,,75188,30,0,39 40,0,29,,75189,30,0,39 40,0,70,,75193,30,0,39 40,0,30,,75194,30,0,39 40,0,100,,75195,30,0,39 40,0,100,,75196,30,0,39 40,0,100,,75192,30,0,39 40,0
12029,'1976',642,,74418,12,,,0,70,,61282,12,,,0,30,,61275,12,,,0,69,,74416,12,,,0,31,,74410,12,,,0,70,,61262,3,,,0,30,,61263,3,,,0,70,,61264,3,,,0,30,,74404,3,,,0,70,,74405,3,,,0,30,,61267,3,,,0,70,,61268,3,,,0,30,,61269,3,,,0,70,,74406,3,,,0,30,,74407,3,,,0,70,,61272,3,,,0,30,,74412,12,,,0,71,,74415,12,,,0,30,,74408,12,,,0,70,,74414,12,,,0,30,,74409,12,,,0,70,,74417,12,,,0,29,,74411,12,,,0,70,,74413,12,,,0
12029,'1977',643,,75523,3,,,0,70,,75522,3,,,0,30,,75521,3,,,0,71,,75524,3,,,0,629,,75531,3,,,0,71,,75528,3,,,0,29,,75529,3,,,0,71,,75527,3,,,0,29,,75526,3,,,0,71,,75525,3,,,0,29,,75530,3,,,0,71,,75532,3,,,0
14000001029,'1912',543,,73589,17,0,18 7,0,1811,,70205,17,,,0,69,,75060,17,,,0,30,,65884,17,,,0,70,,70206,17,,,0,30,,75059,17,,,0,70,,65880,17,,,0
14000001029,'1959',543,,73605,17,0,18 7,0,1811,,70208,17,,,0,69,,75067,17,,,0,30,,65891,17,,,0,70,,70209,17,,,0,30,,75066,17,,,0,70,,65887,17,,,0
14000001029,'1967',543,,75064,17,0,18 7,0,1811,,73602,17,,,0,69,,75063,17,,,0,30,,65872,17,,,0,70,,73599,17,,,0,30,,75065,17,,,0,70,,65875,17,,,0
14000001029,'1969',543,,73592,17,0,18 7,0,1811,,70211,17,,,0,69,,75069,17,,,0,30,,65898,17,,,0,70,,70212,17,,,0,30,,75068,17,,,0,70,,65894,17,,,0
14000001029,'1976',441,,65864,17,0,18 7,0,102,,73593,17,0,18 7,0,1811,,73595,17,,,0,69,,75061,17,,,0,30,,65871,17,,,0,70,,73594,17,,,0,30,,75062,17,,,0,70,,65870,17,,,0
14000001029,'1977',441,,76525,17,0,18 7,0,102,,76526,17,0,18 7,0,1811,,76528,17,,,0,69,,76529,17,,,0,30,,76532,17,,,0,70,,76527,17,,,0,30,,76530,17,,,0,70,,76531,17,,,0
