15019,'1909',639,,61509,14,,,0,872,,61526,14,,,0,300,,61532,14,,,0
15019,'1910',914,,61542,14,,,0,301,,61545,14,,,0,201,,61547,14,,,0,100,,61548,14,,,0,100,,61549,14,,,0,100,,67300,14,,,0,99,,61551,14,,,0
15019,'1912',714,,61566,14,,,0,100,,61564,14,,,0,100,,61567,14,,,0,101,,61565,14,,,0,100,,61562,14,,,0,100,,61560,14,,,0,101,,61563,14,,,0,100,,61561,14,,,0,100,,61558,14,,,0,100,,61559,14,,,0,100,,61556,14,,,0,100,,61557,14,,,0,100,,61555,14,,,0,98,,71673,14,,,0
15019,'1924',714,,61580,14,,,0,100,,61578,14,,,0,100,,61581,14,,,0,101,,61579,14,,,0,100,,61576,14,,,0,100,,61574,14,,,0,101,,61577,14,,,0,100,,61575,14,,,0,100,,61572,14,,,0,100,,61573,14,,,0,100,,61570,14,,,0,100,,61571,14,,,0,100,,61569,14,,,0
15019,'1925',714,,61594,14,,,0,100,,61592,14,,,0,100,,61595,14,,,0,101,,61593,14,,,0,100,,61590,14,,,0,100,,61588,14,,,0,101,,61591,14,,,0,100,,61589,14,,,0,100,,61586,14,,,0,100,,61587,14,,,0,100,,61584,14,,,0,100,,61585,14,,,0,100,,61583,14,,,0,98,,71674,14,,,0
15019,'1949',741,,67326,14,,,0,1498,,67335,14,0,5 2 6 7,0
15019,'1955',714,,67295,14,,,0,100,,67296,14,,,0,201,,67297,14,,,0,100,,67298,14,,,0,201,,67299,14,,,0,599,,67301,14,,,0,99,,67302,14,,,0
15019,'1956',2014,,67305,14,,,0
15019,'1957',709,,71675,14,,,0,102,,71676,14,,,0,30,,71677,14,,,0,70,,71678,14,,,0,30,,71679,14,,,0,70,,71680,14,,,0,30,,71681,14,,,0,70,,71682,14,,,0,30,,71683,14,,,0,70,,71684,14,,,0,30,,71685,14,,,0,70,,71686,14,,,0,30,,71687,14,,,0,70,,71688,14,,,0,30,,71689,14,,,0,100,,71690,14,,,0,70,,71691,14,,,0,30,,71692,14,,,0,70,,71693,14,,,0,30,,71694,14,,,0,100,,71695,14,,,0,70,,71699,14,,,0,30,,71696,14,,,0,98,,71697,14,,,0,100,,71698,14,,,0
15019,'1958',714,,71700,14,,,0,100,,71701,14,,,0,201,,71702,14,,,0,100,,71703,14,,,0,201,,71704,14,,,0,599,,71705,14,,,0,99,,71706,14,,,0
15019,'1959',2014,,71708,14,,,0
