1029,'1912',610,,73732,27,,,0,98,,73733,27,,,0,100,,73734,27,,,0,101,,73735,27,,,0,101,,73736,27,,,0,100,,73737,27,,,0,100,,73738,27,,,0,100,,73739,27,,,0,100,,73740,27,,,0,100,,73741,27,,,0,99,,73742,27,,,0,100,,73743,27,,,0,100,,73744,27,,,0,100,,73745,27,,,0,100,,73746,27,,,0,100,,73747,27,,,0,98,,73748,27,,,0,99,,73749,27,,,0
1029,'1966',609,,70284,28,,,0,28,,70296,28,,,0,70,,70303,28,,,0,30,,70291,28,,,0,70,,70312,28,,,0,30,,70300,28,,,0,72,,70283,28,,,0,29,,70295,28,,,0,70,,70306,28,,,0,30,,70290,28,,,0,70,,70313,28,,,0,30,,70299,28,,,0,70,,70282,28,,,0,30,,70294,28,,,0,70,,70305,28,,,0,30,,70289,28,,,0,70,,70285,28,,,0,30,,70298,28,,,0,70,,70281,28,,,0,30,,70293,28,,,0,70,,70301,28,,,0,30,,70288,28,,,0,70,,70310,28,,,0,30,,70297,28,,,0,69,,70280,28,,,0,31,,70292,28,,,0,70,,70304,28,,,0,30,,70286,28,,,0,70,,70308,28,,,0,30,,70307,28,,,0,70,,70279,28,,,0,30,,70287,28,,,0,70,,70302,28,,,0,30,,70311,28,,,0,69,,70309,28,,,0
1029,'1968',610,,59317,28,,,0,98,,59318,28,,,0,100,,59319,28,,,0,101,,59320,28,,,0,101,,59321,28,,,0,100,,59322,28,,,0,100,,59323,28,,,0,100,,59324,28,,,0,100,,59325,28,,,0,100,,59326,28,,,0,99,,59327,28,,,0,100,,59328,28,,,0,100,,59329,28,,,0,100,,59330,28,,,0,100,,59331,28,,,0,100,,59332,28,,,0,98,,59333,28,,,0,99,,59334,28,,,0
1029,'1970',608,,73759,27,,,0,35,,73760,27,,,0,67,,73780,27,,,0,30,,73756,27,,,0,70,,73751,27,,,0,30,,73784,27,,,0,73,,73754,27,,,0,30,,73761,27,,,0,70,,73779,27,,,0,30,,73758,27,,,0,70,,73750,27,,,0,30,,73783,27,,,0,70,,73755,27,,,0,30,,73762,27,,,0,70,,73778,27,,,0,30,,73757,27,,,0,70,,73752,27,,,0,30,,73781,27,,,0,71,,73753,27,,,0,30,,73763,27,,,0,70,,73777,27,,,0,30,,73766,27,,,0,70,,73765,27,,,0,28,,73764,27,,,0,67,,73770,27,,,0,30,,73769,27,,,0,70,,73768,27,,,0,30,,73767,27,,,0,70,,73782,27,,,0,29,,73776,27,,,0,70,,73775,27,,,0,30,,73774,27,,,0,70,,73773,27,,,0,30,,73772,27,,,0,65,,73771,27,,,0
1029,'1971',609,,73790,27,,,0,28,,73802,27,,,0,70,,73809,27,,,0,30,,73797,27,,,0,70,,73818,27,,,0,30,,73806,27,,,0,72,,73789,27,,,0,29,,73801,27,,,0,70,,73812,27,,,0,30,,73796,27,,,0,70,,73819,27,,,0,30,,73805,27,,,0,70,,73788,27,,,0,30,,73800,27,,,0,70,,73811,27,,,0,30,,73795,27,,,0,70,,73791,27,,,0,30,,73804,27,,,0,70,,73787,27,,,0,30,,73799,27,,,0,70,,73807,27,,,0,30,,73794,27,,,0,70,,73816,27,,,0,30,,73803,27,,,0,69,,73786,27,,,0,31,,73798,27,,,0,70,,73810,27,,,0,30,,73792,27,,,0,70,,73814,27,,,0,30,,73813,27,,,0,70,,73785,27,,,0,30,,73793,27,,,0,70,,73808,27,,,0,30,,73817,27,,,0,69,,73815,27,,,0
1029,'1972',610,,73820,27,,,0,98,,73821,27,,,0,100,,73822,27,,,0,101,,73823,27,,,0,101,,73824,27,,,0,100,,73825,27,,,0,100,,73826,27,,,0,100,,73827,27,,,0,100,,73828,27,,,0,100,,73829,27,,,0,99,,73830,27,,,0,100,,73831,27,,,0,100,,73832,27,,,0,100,,73833,27,,,0,100,,73834,27,,,0,100,,73835,27,,,0,98,,73836,27,,,0,99,,73837,27,,,0
1029,'1973',610,,73838,27,,,0,98,,73839,27,,,0,100,,73840,27,,,0,101,,73841,27,,,0,101,,73842,27,,,0,100,,73843,27,,,0,100,,73844,27,,,0,100,,73845,27,,,0,100,,73846,27,,,0,100,,73847,27,,,0,99,,73848,27,,,0,100,,73849,27,,,0,100,,73850,27,,,0,100,,73851,27,,,0,100,,73852,27,,,0,100,,73853,27,,,0,98,,73854,27,,,0,99,,73855,27,,,0
31019,'1912',602,,74568,8,,,0,50,,74551,20,,,0,100,,74552,20,,,0,101,,74553,20,,,0,100,,74554,20,,,0,100,,74555,20,,,0,100,,74556,20,,,0,100,,74557,20,,,0,100,,74558,20,,,0,100,,74559,20,,,0,100,,74560,20,,,0,100,,74561,20,,,0,100,,74562,20,,,0,100,,74563,20,,,0,100,,74564,20,,,0,100,,74565,20,,,0,100,,74566,20,,,0,99,,74567,20,,,0
31019,'1965',755,,62420,20,,,0,70,,62403,20,,,0,129,,62395,20,,,0,70,,62408,20,,,0,30,,62419,20,,,0,170,,62413,20,,,0,30,,62394,20,,,0,70,,62409,20,,,0,130,,62398,20,,,0,103,,62396,20,,,0,100,,62417,20,,,0,296,,72076,20,,,0
31019,'1966',602,,72116,8,,,0,26,,72109,8,,,0,24,,72086,20,,,0,70,,72102,20,,,0,30,,72115,20,,,0,70,,72098,20,,,0,30,,72092,20,,,0,71,,72108,20,,,0,30,,72085,20,,,0,70,,72101,20,,,0,30,,72110,20,,,0,70,,72097,20,,,0,30,,72091,20,,,0,71,,72107,20,,,0,30,,72084,20,,,0,70,,72100,20,,,0,30,,72113,20,,,0,70,,72096,20,,,0,30,,72090,20,,,0,70,,72106,20,,,0,30,,72083,20,,,0,70,,72099,20,,,0,30,,72112,20,,,0,70,,72095,20,,,0,29,,72089,20,,,0,70,,72105,20,,,0,30,,72082,20,,,0,70,,72117,20,,,0,30,,72111,20,,,0,100,,72088,20,,,0,100,,72081,20,,,0,100,,72114,20,,,0
31019,'1968',602,,62521,8,,,0,50,,62504,20,,,0,100,,62505,20,,,0,101,,62506,20,,,0,100,,62507,20,,,0,100,,62508,20,,,0,100,,62509,20,,,0,100,,62510,20,,,0,100,,62511,20,,,0,100,,62512,20,,,0,100,,62513,20,,,0,100,,62514,20,,,0,100,,62515,20,,,0,100,,62516,20,,,0,100,,62517,20,,,0,100,,62518,20,,,0,100,,62519,20,,,0,99,,62520,20,,,0
31019,'1970',602,,74593,8,,,0,26,,74588,8,,,0,25,,74570,20,,,0,72,,74580,20,,,0,130,,74574,20,,,0,69,,74584,20,,,0,200,,74579,20,,,0,30,,74575,20,,,0,200,,74586,20,,,0,70,,74577,20,,,0,103,,74583,20,,,0,100,,74581,20,,,0,97,,74578,20,,,0,29,,74573,20,,,0,70,,74582,20,,,0,30,,74571,20,,,0,70,,74594,20,,,0,130,,74576,20,,,0,100,,74572,20,,,0,100,,74585,20,,,0
31019,'1971',602,,74630,8,,,0,26,,74623,8,,,0,24,,74600,20,,,0,70,,74616,20,,,0,30,,74629,20,,,0,70,,74612,20,,,0,30,,74606,20,,,0,71,,74622,20,,,0,30,,74599,20,,,0,70,,74615,20,,,0,30,,74624,20,,,0,70,,74611,20,,,0,30,,74605,20,,,0,71,,74621,20,,,0,30,,74598,20,,,0,70,,74614,20,,,0,30,,74627,20,,,0,70,,74610,20,,,0,30,,74604,20,,,0,70,,74620,20,,,0,30,,74597,20,,,0,70,,74613,20,,,0,30,,74626,20,,,0,70,,74609,20,,,0,29,,74603,20,,,0,70,,74619,20,,,0,30,,74596,20,,,0,70,,74631,20,,,0,30,,74625,20,,,0,100,,74602,20,,,0,100,,74595,20,,,0,100,,74628,20,,,0
31019,'1972',602,,74649,8,,,0,50,,74632,20,,,0,100,,74633,20,,,0,101,,74634,20,,,0,100,,74635,20,,,0,100,,74636,20,,,0,100,,74637,20,,,0,100,,74638,20,,,0,100,,74639,20,,,0,100,,74640,20,,,0,100,,74641,20,,,0,100,,74642,20,,,0,100,,74643,20,,,0,100,,74644,20,,,0,100,,74645,20,,,0,100,,74646,20,,,0,100,,74647,20,,,0,99,,74648,20,,,0
31019,'1973',602,,74668,8,,,0,50,,74651,20,,,0,100,,74652,20,,,0,101,,74653,20,,,0,100,,74654,20,,,0,100,,74655,20,,,0,100,,74656,20,,,0,100,,74657,20,,,0,100,,74658,20,,,0,100,,74659,20,,,0,100,,74660,20,,,0,100,,74661,20,,,0,100,,74662,20,,,0,100,,74663,20,,,0,100,,74664,20,,,0,100,,74665,20,,,0,100,,74666,20,,,0,99,,74667,20,,,0
