13019,'1909',2132,,61318,3,,,0
13019,'1910',1258,,67129,3,,,0
13019,'1912',757,,71572,3,,,0,100,,61342,3,,,0,100,,71562,3,,,0,100,,71563,3,,,0,100,,71564,3,,,0,101,,67142,3,,,0,100,,67143,3,,,0,100,,71565,3,,,0,100,,71566,3,,,0,99,,71567,3,,,0,100,,71568,3,,,0,100,,71569,3,,,0,100,,71570,3,,,0,100,,71571,3,,,0,100,,61341,3,,,0
13019,'1924',857,,61357,3,,,0,401,,67155,3,,,0,100,,67156,3,,,0,799,,61356,3,,,0
13019,'1925',757,,71583,3,,,0,100,,61372,3,,,0,100,,71573,3,,,0,100,,71574,3,,,0,100,,71575,3,,,0,101,,67168,3,,,0,100,,67169,3,,,0,100,,71576,3,,,0,100,,71577,3,,,0,99,,71578,3,,,0,100,,71579,3,,,0,100,,71580,3,,,0,100,,71581,3,,,0,100,,71582,3,,,0,100,,61371,3,,,0
13019,'1949',1705,,67203,3,,,0,229,,67206,3,,,0
13019,'1955',657,,67123,3,,,0,100,,67124,3,,,0,100,,67125,3,,,0,100,,67126,3,,,0,101,,67127,3,,,0,100,,67128,3,,,0,200,,67130,3,,,0,100,,67131,3,,,0,100,,67132,3,,,0,100,,67133,3,,,0,99,,67134,3,,,0,100,,67135,3,,,0,100,,67136,3,,,0,100,,67137,3,,,0,200,,67138,3,,,0
13019,'1956',757,,67164,3,,,0,200,,67152,3,,,0,100,,67153,3,,,0,100,,67154,3,,,0,301,,67157,3,,,0,100,,67158,3,,,0,99,,67159,3,,,0,100,,67160,3,,,0,100,,67161,3,,,0,100,,67162,3,,,0,100,,67163,3,,,0
13019,'1957',609,,71584,3,,,0,30,,71585,3,,,0,68,,71586,3,,,0,30,,71587,3,,,0,96,,71588,3,,,0,100,,71589,3,,,0,100,,71590,3,,,0,100,,71591,3,,,0,100,,71592,3,,,0,100,,71593,3,,,0,70,,71594,3,,,0,32,,71595,3,,,0,70,,71596,3,,,0,30,,71603,3,,,0,70,,71597,3,,,0,30,,71600,3,,,0,99,,71601,3,,,0,100,,71602,3,,,0,200,,71599,3,,,0,198,,71598,3,,,0
13019,'1958',657,,71604,3,,,0,100,,71605,3,,,0,100,,71606,3,,,0,100,,71607,3,,,0,101,,71608,3,,,0,100,,71609,3,,,0,200,,71610,3,,,0,100,,71611,3,,,0,100,,71612,3,,,0,100,,71613,3,,,0,99,,71614,3,,,0,100,,71615,3,,,0,100,,71616,3,,,0,100,,71617,3,,,0,200,,71618,3,,,0
13019,'1959',757,,71629,3,,,0,200,,71619,3,,,0,100,,71620,3,,,0,100,,71621,3,,,0,301,,71622,3,,,0,100,,71623,3,,,0,99,,71624,3,,,0,100,,71625,3,,,0,100,,71626,3,,,0,100,,71627,3,,,0,100,,71628,3,,,0
