801019,'1909',734,,65487,9,0,12,0,78,,65486,9,0,12,0
801019,'1910',827,,69861,9,0,12,0,130,,69858,9,0,12,0,200,,69867,9,0,12,0,100,,69874,9,0,12,0,200,,69872,9,0,12,0,100,,69868,9,0,12,0,100,,69866,9,0,12,0,100,,69871,9,0,12,0,100,,69870,9,0,12,0,70,,69863,9,0,12,0
801019,'1912',756,,69897,9,0,12,0,70,,73475,9,0,12,0,30,,69901,9,0,12,0,70,,69890,9,0,12,0,30,,73474,9,0,12,0,70,,69895,9,0,12,0,30,,69908,9,0,12,0,70,,69899,9,0,12,0,30,,69896,9,0,12,0,70,,69905,9,0,12,0,30,,69891,9,0,12,0,70,,69902,9,0,12,0,30,,69904,9,0,12,0,70,,69900,9,0,12,0,30,,69887,9,0,12,0,70,,69906,9,0,12,0,30,,69892,9,0,12,0,70,,69888,9,0,12,0,30,,69903,9,0,12,0,70,,69886,9,0,12,0,30,,69889,9,0,12,0,70,,69907,9,0,12,0,30,,69884,9,0,12,0,71,,69894,9,0,12,0,30,,69909,9,0,12,0,70,,69898,9,0,12,0
801019,'1924',756,,69923,9,0,12,0,100,,69927,9,0,12,0,70,,69916,9,0,12,0,100,,69921,9,0,12,0,30,,69934,9,0,12,0,70,,69925,9,0,12,0,30,,69922,9,0,12,0,70,,69931,9,0,12,0,30,,69917,9,0,12,0,70,,69928,9,0,12,0,30,,69930,9,0,12,0,70,,69926,9,0,12,0,30,,69913,9,0,12,0,70,,69932,9,0,12,0,30,,69918,9,0,12,0,70,,69914,9,0,12,0,30,,69929,9,0,12,0,70,,69912,9,0,12,0,30,,69915,9,0,12,0,70,,69933,9,0,12,0,30,,69910,9,0,12,0,71,,69920,9,0,12,0,30,,69935,9,0,12,0,70,,69924,9,0,12,0
801019,'1925',756,,69949,9,0,12,0,70,,73477,9,0,12,0,30,,69953,9,0,12,0,70,,69942,9,0,12,0,30,,73476,9,0,12,0,70,,69947,9,0,12,0,30,,69960,9,0,12,0,70,,69951,9,0,12,0,30,,69948,9,0,12,0,70,,69957,9,0,12,0,30,,69943,9,0,12,0,70,,69954,9,0,12,0,30,,69956,9,0,12,0,70,,69952,9,0,12,0,30,,69939,9,0,12,0,70,,69958,9,0,12,0,30,,69944,9,0,12,0,70,,69940,9,0,12,0,30,,69955,9,0,12,0,70,,69938,9,0,12,0,30,,69941,9,0,12,0,70,,69959,9,0,12,0,30,,69936,9,0,12,0,71,,69946,9,0,12,0,30,,69961,9,0,12,0,70,,69950,9,0,12,0
801019,'1949',601,,70009,9,0,12,0,425,,69984,9,0,12,0,100,,69986,9,0,12,0,230,,69991,9,0,12,0,196,,69993,9,0,12,0,80,,70008,9,0,12,0,20,,69995,9,0,12,0,60,,69996,9,0,12,0,144,,69998,9,0,12,0,70,,69999,9,0,12,0,100,,70001,9,0,12,0
801019,'1955',757,,69860,9,0,12,0,100,,69862,9,0,12,0,70,,69859,9,0,12,0,100,,69877,9,0,12,0,30,,69878,9,0,12,0,70,,69881,9,0,12,0,100,,69876,9,0,12,0,100,,69880,9,0,12,0,30,,69869,9,0,12,0,70,,69882,9,0,12,0,100,,69873,9,0,12,0,100,,69883,9,0,12,0,100,,69875,9,0,12,0,100,,69879,9,0,12,0,130,,69864,9,0,12,0,70,,69865,9,0,12,0
801019,'1956',826,,69919,9,0,12,0,130,,69911,9,0,12,0
801019,'1957',631,,73495,9,0,12,0,20,,73492,9,0,12,0,65,,73491,9,0,12,0,36,,73490,9,0,12,0,80,,73496,9,0,12,0,25,,73478,9,0,12,0,69,,73479,9,0,12,0,30,,73480,9,0,12,0,100,,73481,9,0,12,0,100,,73482,9,0,12,0,69,,73483,9,0,12,0,31,,73484,9,0,12,0,70,,73485,9,0,12,0,100,,73486,9,0,12,0,31,,73493,9,0,12,0,70,,73497,9,0,12,0,85,,73487,9,0,12,0,122,,73498,9,0,12,0,17,,73488,9,0,12,0,60,,73499,9,0,12,0,15,,73494,9,0,12,0,130,,73489,9,0,12,0
801019,'1958',757,,73501,9,0,12,0,100,,73502,9,0,12,0,70,,73500,9,0,12,0,100,,73509,9,0,12,0,30,,73510,9,0,12,0,70,,73513,9,0,12,0,100,,73508,9,0,12,0,100,,73512,9,0,12,0,30,,73505,9,0,12,0,70,,73514,9,0,12,0,100,,73506,9,0,12,0,100,,73515,9,0,12,0,100,,73507,9,0,12,0,100,,73511,9,0,12,0,130,,73503,9,0,12,0,70,,73504,9,0,12,0
801019,'1959',826,,73517,9,0,12,0,130,,73516,9,0,12,0
