1019,'1912',614,,73606,16,,,0,100,,73607,16,,,0,100,,73608,16,,,0,100,,73609,16,,,0,100,,73610,16,,,0,100,,73611,16,,,0,100,,73612,16,,,0,100,,73613,16,,,0,100,,73614,16,,,0,100,,73615,16,,,0,100,,73616,16,,,0,100,,73617,16,,,0,100,,73618,16,,,0,100,,73619,16,,,0,100,,73620,16,,,0,100,,73621,16,,,0,100,,73622,16,,,0,100,,73623,16,,,0
1019,'1966',542,,70266,16,,,0,70,,70255,16,,,0,30,,70241,16,,,0,70,,70260,16,,,0,30,,70250,16,,,0,70,,70235,16,,,0,30,,70256,16,,,0,70,,70258,16,,,0,30,,70240,16,,,0,73,,70261,16,,,0,30,,70249,16,,,0,70,,70234,16,,,0,30,,70244,16,,,0,70,,70254,16,,,0,30,,70239,16,,,0,70,,70262,16,,,0,30,,70248,16,,,0,70,,70233,16,,,0,30,,70243,16,,,0,70,,70253,16,,,0,30,,70238,16,,,0,70,,70263,16,,,0,30,,70247,16,,,0,70,,70232,16,,,0,30,,70242,16,,,0,70,,70252,16,,,0,30,,70236,16,,,0,69,,70264,16,,,0,30,,70245,16,,,0,70,,70231,16,,,0,30,,70237,16,,,0,70,,70251,16,,,0,30,,70246,16,,,0,70,,70265,16,,,0,30,,70259,16,,,0,70,,70257,16,,,0
1019,'1968',614,,59175,16,,,0,100,,59176,16,,,0,100,,59177,16,,,0,100,,59178,16,,,0,100,,59179,16,,,0,100,,59180,16,,,0,100,,59181,16,,,0,100,,59182,16,,,0,100,,59183,16,,,0,100,,59184,16,,,0,100,,59185,16,,,0,100,,59186,16,,,0,100,,59187,16,,,0,100,,59188,16,,,0,100,,59189,16,,,0,100,,59190,16,,,0,100,,59191,16,,,0,100,,59192,16,,,0
1019,'1970',543,,73659,16,,,0,75,,73655,16,,,0,30,,73631,16,,,0,72,,73626,16,,,0,30,,73644,16,,,0,70,,73628,16,,,0,30,,73633,16,,,0,70,,73658,16,,,0,30,,73630,16,,,0,70,,73624,16,,,0,30,,73643,16,,,0,70,,73629,16,,,0,30,,73634,16,,,0,70,,73654,16,,,0,30,,73632,16,,,0,70,,73625,16,,,0,30,,73656,16,,,0,70,,73627,16,,,0,31,,73635,16,,,0,70,,73653,16,,,0,30,,73646,16,,,0,70,,73638,16,,,0,30,,73636,16,,,0,70,,73639,16,,,0,29,,73641,16,,,0,70,,73640,16,,,0,30,,73637,16,,,0,65,,73657,16,,,0,30,,73651,16,,,0,68,,73652,16,,,0,30,,73650,16,,,0,70,,73649,16,,,0,30,,73648,16,,,0,70,,73647,16,,,0,30,,73645,16,,,0,70,,73642,16,,,0
1019,'1971',542,,73695,16,,,0,70,,73684,16,,,0,30,,73670,16,,,0,70,,73689,16,,,0,30,,73679,16,,,0,70,,73664,16,,,0,30,,73685,16,,,0,70,,73687,16,,,0,30,,73669,16,,,0,73,,73690,16,,,0,30,,73678,16,,,0,70,,73663,16,,,0,30,,73673,16,,,0,70,,73683,16,,,0,30,,73668,16,,,0,70,,73691,16,,,0,30,,73677,16,,,0,70,,73662,16,,,0,30,,73672,16,,,0,70,,73682,16,,,0,30,,73667,16,,,0,70,,73692,16,,,0,30,,73676,16,,,0,70,,73661,16,,,0,30,,73671,16,,,0,70,,73681,16,,,0,30,,73665,16,,,0,69,,73693,16,,,0,30,,73674,16,,,0,70,,73660,16,,,0,30,,73666,16,,,0,70,,73680,16,,,0,30,,73675,16,,,0,70,,73694,16,,,0,30,,73688,16,,,0,70,,73686,16,,,0
1019,'1972',614,,73696,16,,,0,100,,73697,16,,,0,100,,73698,16,,,0,100,,73699,16,,,0,100,,73700,16,,,0,100,,73701,16,,,0,100,,73702,16,,,0,100,,73703,16,,,0,100,,73704,16,,,0,100,,73705,16,,,0,100,,73706,16,,,0,100,,73707,16,,,0,100,,73708,16,,,0,100,,73709,16,,,0,100,,73710,16,,,0,100,,73711,16,,,0,100,,73712,16,,,0,100,,73713,16,,,0
1019,'1973',614,,73714,16,,,0,100,,73715,16,,,0,100,,73716,16,,,0,100,,73717,16,,,0,100,,73718,16,,,0,100,,73719,16,,,0,100,,73720,16,,,0,100,,73721,16,,,0,100,,73722,16,,,0,100,,73723,16,,,0,100,,73724,16,,,0,100,,73725,16,,,0,100,,73726,16,,,0,100,,73727,16,,,0,100,,73728,16,,,0,100,,73729,16,,,0,100,,73730,16,,,0,100,,73731,16,,,0
2019,'1912',658,,73883,25,,,0,70,,73860,25,,,0,30,,73864,25,,,0,70,,73876,25,,,0,30,,73871,25,,,0,70,,73861,25,,,0,30,,73865,25,,,0,70,,73877,25,,,0,30,,73872,25,,,0,70,,73862,25,,,0,30,,73866,25,,,0,70,,73878,25,,,0,30,,73873,25,,,0,70,,73863,25,,,0,30,,73867,25,,,0,70,,73879,25,,,0,30,,73874,25,,,0,70,,73858,25,,,0,30,,73868,25,,,0,70,,73880,25,,,0,30,,73875,25,,,0,70,,73856,25,,,0,30,,73869,25,,,0,70,,73881,25,,,0,100,,73857,25,,,0,100,,73882,25,,,0,100,,73859,25,,,0,100,,73870,25,,,0,99,,73884,25,,,0
2019,'1966',627,,70404,16,,,0,30,,70411,25,,,0,70,,70420,25,,,0,30,,70427,25,,,0,70,,70405,25,,,0,30,,70412,25,,,0,70,,70421,25,,,0,30,,70428,25,,,0,72,,70406,25,,,0,30,,70413,25,,,0,70,,70422,25,,,0,30,,70429,25,,,0,70,,70407,25,,,0,30,,70414,25,,,0,70,,70423,25,,,0,30,,70430,25,,,0,70,,70408,25,,,0,30,,70415,25,,,0,70,,70424,25,,,0,30,,70431,25,,,0,70,,70409,25,,,0,30,,70416,25,,,0,70,,70425,25,,,0,30,,70432,25,,,0,70,,70410,25,,,0,30,,70417,25,,,0,70,,70426,25,,,0,99,,70418,25,,,0,100,,70433,25,,,0,100,,70419,25,,,0,100,,70434,25,,,0
2019,'1968',658,,70370,25,,,0,70,,70347,25,,,0,30,,70351,25,,,0,70,,70363,25,,,0,30,,70358,25,,,0,70,,70348,25,,,0,30,,70352,25,,,0,70,,70364,25,,,0,30,,70359,25,,,0,70,,70349,25,,,0,30,,70353,25,,,0,70,,70365,25,,,0,30,,70360,25,,,0,70,,70350,25,,,0,30,,70354,25,,,0,70,,70366,25,,,0,30,,70361,25,,,0,70,,70345,25,,,0,30,,70355,25,,,0,70,,70367,25,,,0,30,,70362,25,,,0,70,,70343,25,,,0,30,,70356,25,,,0,70,,70368,25,,,0,100,,70344,25,,,0,100,,70369,25,,,0,100,,70346,25,,,0,100,,70357,25,,,0,99,,70371,25,,,0
2019,'1970',454,,73916,16,0,5 2 13 14,0,173,,73885,25,,,0,30,,73886,25,,,0,72,,73887,25,,,0,30,,73888,25,,,0,70,,73889,25,,,0,30,,73890,25,,,0,71,,73907,25,,,0,70,,73908,25,,,0,30,,73909,25,,,0,70,,73910,25,,,0,30,,73911,25,,,0,70,,73912,25,,,0,30,,73913,25,,,0,70,,73914,25,,,0,30,,73915,25,,,0,70,,73905,25,,,0,30,,73906,25,,,0,71,,73891,25,,,0,30,,73892,25,,,0,70,,73893,25,,,0,30,,73894,25,,,0,70,,73895,25,,,0,29,,73896,25,,,0,29,,73897,25,,,0,70,,73898,25,,,0,30,,73904,25,,,0,70,,73899,25,,,0,98,,73900,25,,,0,100,,73901,25,,,0,100,,73902,25,,,0,100,,73903,25,,,0
2019,'1971',627,,73917,16,,,0,30,,73924,25,,,0,70,,73933,25,,,0,30,,73940,25,,,0,70,,73918,25,,,0,30,,73925,25,,,0,70,,73934,25,,,0,30,,73941,25,,,0,72,,73919,25,,,0,30,,73926,25,,,0,70,,73935,25,,,0,30,,73942,25,,,0,70,,73920,25,,,0,30,,73927,25,,,0,70,,73936,25,,,0,30,,73943,25,,,0,70,,73921,25,,,0,30,,73928,25,,,0,70,,73937,25,,,0,30,,73944,25,,,0,70,,73922,25,,,0,30,,73929,25,,,0,70,,73938,25,,,0,30,,73945,25,,,0,70,,73923,25,,,0,30,,73930,25,,,0,70,,73939,25,,,0,99,,73931,25,,,0,100,,73946,25,,,0,100,,73932,25,,,0,100,,73947,25,,,0
2019,'1972',658,,73975,25,,,0,70,,73952,25,,,0,30,,73956,25,,,0,70,,73968,25,,,0,30,,73963,25,,,0,70,,73953,25,,,0,30,,73957,25,,,0,70,,73969,25,,,0,30,,73964,25,,,0,70,,73954,25,,,0,30,,73958,25,,,0,70,,73970,25,,,0,30,,73965,25,,,0,70,,73955,25,,,0,30,,73959,25,,,0,70,,73971,25,,,0,30,,73966,25,,,0,70,,73950,25,,,0,30,,73960,25,,,0,70,,73972,25,,,0,30,,73967,25,,,0,70,,73948,25,,,0,30,,73961,25,,,0,70,,73973,25,,,0,100,,73949,25,,,0,100,,73974,25,,,0,100,,73951,25,,,0,100,,73962,25,,,0,99,,73976,25,,,0
2019,'1973',658,,74004,25,,,0,70,,73981,25,,,0,30,,73985,25,,,0,70,,73997,25,,,0,30,,73992,25,,,0,70,,73982,25,,,0,30,,73986,25,,,0,70,,73998,25,,,0,30,,73993,25,,,0,70,,73983,25,,,0,30,,73987,25,,,0,70,,73999,25,,,0,30,,73994,25,,,0,70,,73984,25,,,0,30,,73988,25,,,0,70,,74000,25,,,0,30,,73995,25,,,0,70,,73979,25,,,0,30,,73989,25,,,0,70,,74001,25,,,0,30,,73996,25,,,0,70,,73977,25,,,0,30,,73990,25,,,0,70,,74002,25,,,0,100,,73978,25,,,0,100,,74003,25,,,0,100,,73980,25,,,0,100,,73991,25,,,0,99,,74005,25,,,0
12019,'1965',638,,61256,16,,,0,71,,61259,16,,,0,131,,61261,16,,,0,70,,61258,16,0,5 2 12,0,130,,61238,16,0,5 2 12,0,70,,61239,16,0,5 2 12,0,30,,61240,16,0,5 2 12,0,170,,61243,16,0,5 2 12,0,30,,61244,16,0,5 2 12,0,70,,61245,16,0,5 2 12,0,399,,71547,16,,,0
12019,'1970',740,,74399,16,,,0,70,,74403,16,,,0,130,,74394,16,0,5 2 12,0,70,,74395,16,0,5 2 12,0,200,,74391,16,0,5 2 12,0,30,,74392,16,0,5 2 12,0,200,,74393,16,,,0,69,,74402,16,,,0,30,,74398,16,,,0,70,,74400,16,,,0,30,,74397,16,,,0,70,,74401,16,,,0,30,,74396,16,,,0
14000001019,'1912',2422,,65844,32,,,0,30,,70196,32,,,0,70,,75054,32,,,0,30,,65845,32,,,0,70,,70197,32,,,0
14000001019,'1959',2422,,65849,32,,,0,30,,70198,32,,,0,100,,65850,32,,,0,70,,70199,32,,,0
14000001019,'1965',2422,,65835,32,,,0,30,,73580,32,,,0,100,,65834,32,,,0,70,,73582,32,,,0
14000001019,'1966',2522,,73584,32,,,0
14000001019,'1967',2422,,65840,32,,,0,30,,73583,32,,,0,100,,65838,32,,,0,70,,73585,32,,,0
14000001019,'1968',2522,,73579,32,,,0
14000001019,'1969',2422,,65854,32,,,0,30,,70200,32,,,0,100,,65855,32,,,0,70,,70201,32,,,0
14000001019,'1970',2522,,75055,32,,,0
14000001019,'1971',2522,,75056,32,,,0
14000001019,'1972',2522,,75057,32,,,0
14000001019,'1973',2522,,75058,32,,,0
