10019,'1912',752,,61000,30,,,0,70,,66748,30,,,0,30,,61002,30,,,0,70,,66749,30,,,0,30,,61004,30,,,0,70,,71282,30,,,0,30,,71283,30,,,0,70,,71284,30,,,0,30,,71285,30,,,0,72,,71286,30,,,0,30,,71287,30,,,0,70,,71288,30,,,0,30,,71289,30,,,0,70,,71290,30,,,0,30,,71291,30,,,0,70,,71292,30,,,0,30,,71293,30,,,0,70,,71294,30,,,0,30,,66763,30,,,0,70,,71295,30,,,0,30,,71296,30,,,0,68,,71297,30,,,0,30,,66767,30,,,0,70,,71298,30,,,0
10019,'1959',752,,61024,30,,,0,70,,66769,30,,,0,30,,61026,30,,,0,70,,66770,30,,,0,30,,61028,30,,,0,70,,71367,30,,,0,30,,71368,30,,,0,70,,71369,30,,,0,30,,71370,30,,,0,72,,71371,30,,,0,30,,71372,30,,,0,70,,71373,30,,,0,30,,71374,30,,,0,70,,71375,30,,,0,30,,71376,30,,,0,70,,71377,30,,,0,30,,71378,30,,,0,70,,71379,30,,,0,30,,66784,30,,,0,70,,71380,30,,,0,30,,71381,30,,,0,68,,71382,30,,,0,30,,66788,30,,,0,70,,71383,30,,,0
10019,'1965',623,,71317,30,,,0,102,,71319,30,,,0,100,,71321,30,,,0,30,,71322,30,,,0,71,,60946,30,,,0,30,,71323,30,,,0,70,,71324,30,,,0,30,,71325,30,,,0,100,,71327,30,,,0,70,,71328,30,,,0,30,,71329,30,,,0,70,,71330,30,,,0,30,,66831,30,,,0,499,,71340,30,,,0,100,,71341,30,,,0,67,,60968,30,,,0,30,,71342,30,,,0,70,,60970,30,,,0,100,,60971,30,,,0
10019,'1966',752,,71345,30,,,0,70,,71346,30,,,0,130,,71349,30,,,0,872,,71366,30,,,0
10019,'1967',652,,71343,30,,,0,70,,71344,30,,,0,130,,71347,30,,,0,70,,71348,30,,,0,102,,71350,30,,,0,30,,71351,30,,,0,70,,71352,30,,,0,30,,71353,30,,,0,70,,71354,30,,,0,30,,71355,30,,,0,70,,71356,30,,,0,30,,71357,30,,,0,70,,71358,30,,,0,30,,71359,30,,,0,70,,71360,30,,,0,30,,71361,30,,,0,70,,71362,30,,,0,30,,71363,30,,,0,70,,71364,30,,,0,30,,71365,30,,,0,100,,66746,30,,,0,68,,60997,30,,,0,100,,66747,30,,,0,100,,60999,30,,,0
10019,'1969',752,,61048,30,,,0,70,,66790,30,,,0,30,,61050,30,,,0,70,,66791,30,,,0,30,,61052,30,,,0,70,,71299,30,,,0,30,,71300,30,,,0,70,,71301,30,,,0,30,,71302,30,,,0,72,,71303,30,,,0,30,,71304,30,,,0,70,,71305,30,,,0,30,,71306,30,,,0,70,,71307,30,,,0,30,,71308,30,,,0,70,,71309,30,,,0,30,,71310,30,,,0,70,,71311,30,,,0,30,,66805,30,,,0,70,,71312,30,,,0,30,,71313,30,,,0,68,,71314,30,,,0,30,,66809,30,,,0,70,,71315,30,,,0
10019,'1970',553,,74338,30,,,0,100,,74339,30,,,0,102,,74340,30,,,0,371,,74341,30,,,0,300,,74342,30,,,0,74,,74343,30,,,0,30,,74344,30,,,0,70,,74345,30,,,0,30,,74346,30,,,0,70,,74347,30,,,0,29,,74348,30,,,0,26,,74349,30,,,0,70,,74350,30,,,0,100,,74351,30,,,0
10019,'1971',752,,74352,30,,,0,70,,74353,30,,,0,130,,74354,30,,,0,872,,74355,30,,,0
10090029,'1964',713,,65810,4,,,0,100,,65803,4,,,0,100,,65805,4,,,0,100,,65804,4,,,0,430,,65809,4,,,0,100,,65807,4,,,0,100,,65806,4,,,0,100,,65808,4,,,0
20090029,'1964',630,,65819,4,,,0,100,,65820,4,,,0,100,,65821,4,,,0,100,,65822,4,,,0,500,,65823,4,,,0,100,,65824,4,,,0,100,,65825,4,,,0,100,,65826,4,,,0
