60019,'1867',604,,38497,1,,,0,30,,38506,1,,,0,70,,38496,1,,,0,30,,38507,1,,,0,71,,38495,1,,,0,29,,38508,1,,,0,70,,38498,1,,,0,30,,38509,1,,,0,70,,38494,1,,,0,30,,38510,1,,,0,70,,38515,1,,,0,30,,38511,1,,,0,70,,38512,1,,,0,30,,38513,1,,,0,70,,38518,1,,,0,30,,38505,1,,,0,70,,38516,1,,,0,30,,38525,1,,,0,70,,38502,1,,,0,30,,38522,1,,,0,70,,38500,1,,,0,30,,38521,1,,,0,70,,38517,1,,,0,30,,38524,1,,,0,70,,38503,1,,,0,30,,38520,1,,,0,70,,38499,1,,,0,30,,38519,1,,,0,70,,38501,1,,,0,30,,38504,1,,,0,70,,38493,1,,,0,30,,38523,1,,,0,70,,38514,1,,,0
60029,'1867',630,,38534,10,4,,0,24,,38527,10,4,,0,70,,38535,10,4,,0,30,,38529,10,4,,0,70,,38536,10,4,,0,30,,38528,10,4,,0,70,,38537,10,4,,0,30,,38531,10,4,,0,69,,38538,10,4,,0,30,,38548,10,4,,0,70,,38539,10,4,,0,30,,38550,10,4,,0,70,,38540,10,4,,0,30,,38530,10,4,,0,70,,38541,10,4,,0,30,,38547,10,4,,0,70,,38542,10,4,,0,30,,38551,10,4,,0,70,,38553,10,4,,0,30,,38546,10,4,,0,70,,38552,10,4,,0,30,,38549,10,4,,0,70,,38555,10,4,,0,30,,38545,10,4,,0,70,,38556,10,4,,0,30,,38543,10,4,,0,70,,38554,10,4,,0,30,,38532,10,4,,0,70,,38557,10,4,,0,29,,38526,10,4,,0,71,,38533,10,4,,0,30,,38544,10,4,,0
701019,'1838',604,,46693,1,,,0,28,,40006,1,,,0,68,,46715,1,,,0,30,,46690,1,,,0,70,,46717,1,,,0,30,,46694,1,,,0,70,,46689,1,,,0,30,,46719,1,,,0,70,,46698,1,,,0,30,,46686,1,,,0,70,,40001,1,,,0,30,,46696,1,,,0,70,,46685,1,,,0,30,,46716,1,,,0,70,,46700,1,,,0,30,,46683,1,,,0,70,,46720,1,,,0,30,,46699,1,,,0,70,,46681,1,,,0,30,,46718,1,,,0,70,,46695,1,,,0,30,,46679,1,,,0,70,,46721,1,,,0,30,,46705,1,,,0,70,,46676,1,,,0,30,,46731,1,,,0,70,,46708,1,,,0,30,,46674,1,,,0,70,,46727,1,,,0,30,,46711,1,,,0,70,,46671,1,,,0,30,,46724,1,,,0,70,,46709,1,,,0,30,,46673,1,,,0,70,,46726,1,,,0,25,,46738,1,,,0
701019,'1867',604,,46990,1,,,0,28,,40607,1,,,0,68,,47012,1,,,0,30,,46987,1,,,0,70,,47014,1,,,0,30,,46991,1,,,0,70,,46986,1,,,0,30,,47016,1,,,0,70,,46995,1,,,0,30,,46983,1,,,0,70,,40602,1,,,0,30,,46993,1,,,0,70,,46982,1,,,0,30,,47013,1,,,0,70,,46997,1,,,0,30,,46980,1,,,0,70,,47017,1,,,0,30,,46996,1,,,0,70,,46978,1,,,0,30,,47015,1,,,0,70,,46992,1,,,0,30,,46976,1,,,0,70,,47018,1,,,0,30,,47002,1,,,0,70,,46973,1,,,0,30,,47028,1,,,0,70,,47005,1,,,0,30,,46971,1,,,0,70,,47024,1,,,0,30,,47008,1,,,0,70,,46968,1,,,0,30,,47021,1,,,0,70,,47006,1,,,0,30,,46970,1,,,0,70,,47023,1,,,0,25,,47035,1,,,0
701019,'1892',545,,46825,1,,,0,88,,46835,1,,,0,16,,46827,1,,,0,66,,46834,1,,,0,15,,46828,1,,,0,25,,46829,1,,,0,53,,46830,1,,,0,20,,46831,1,,,0,72,,46799,1,,,0,30,,46840,1,,,0,70,,46800,1,,,0,30,,46801,1,,,0,70,,46802,1,,,0,30,,46803,1,,,0,70,,46804,1,,,0,30,,46805,1,,,0,70,,46806,1,,,0,30,,46807,1,,,0,27,,46808,1,,,0,68,,40390,1,,,0,17,,46838,1,0,5 2 11 2 12,0,67,,46809,1,,,0,20,,46833,1,,,0,19,,46837,1,0,5 2 11 2 12,0,81,,46811,1,,,0,21,,46839,1,0,5 2 11 2 12,0,60,,46832,1,,,0,20,,46824,1,,,0,25,,46823,1,,,0,75,,46812,1,,,0,70,,46813,1,,,0,30,,46814,1,,,0,70,,46815,1,,,0,30,,46816,1,,,0,70,,46817,1,,,0,30,,46818,1,,,0,70,,46819,1,,,0,30,,46820,1,,,0,70,,46821,1,,,0,25,,46836,1,,,0
701019,'1896',615,,50895,1,,,0,994,,50893,1,,,0,206,,50894,1,,,0
701019,'1897',545,,50988,1,,,0,70,,50989,1,,,0,18,,50999,1,,,0,16,,50990,1,,,0,66,,50998,1,,,0,15,,50991,1,,,0,25,,50992,1,,,0,53,,50993,1,,,0,20,,50994,1,,,0,72,,50961,1,,,0,30,,51005,1,,,0,70,,50962,1,,,0,30,,50963,1,,,0,70,,50964,1,,,0,30,,50965,1,,,0,70,,50966,1,,,0,30,,50967,1,,,0,70,,50968,1,,,0,30,,50969,1,,,0,27,,50970,1,,,0,68,,50971,1,,,0,17,,51003,1,0,5 2 11 2 12,0,67,,50972,1,,,0,20,,50996,1,,,0,19,,51002,1,0,5 2 11 2 12,0,61,,50973,1,,,0,20,,50974,1,,,0,21,,51004,1,0,5 2 11 2 12,0,60,,50995,1,,,0,20,,50987,1,,,0,25,,50986,1,,,0,60,,50985,1,,,0,15,,50975,1,,,0,70,,50976,1,,,0,30,,50977,1,,,0,70,,50978,1,,,0,30,,50979,1,,,0,70,,50980,1,,,0,30,,50981,1,,,0,70,,50982,1,,,0,30,,50983,1,,,0,70,,50984,1,,,0,25,,51001,1,,,0
701019,'1898',604,,51074,1,,,0,28,,51029,1,,,0,68,,51067,1,,,0,30,,51053,1,,,0,70,,51058,1,,,0,30,,51063,1,,,0,70,,51068,1,,,0,30,,51054,1,,,0,70,,51059,1,,,0,30,,51064,1,,,0,70,,51069,1,,,0,30,,51055,1,,,0,70,,51060,1,,,0,30,,51065,1,,,0,70,,51070,1,,,0,30,,51056,1,,,0,70,,51061,1,,,0,30,,51066,1,,,0,70,,51071,1,,,0,30,,51057,1,,,0,70,,51062,1,,,0,30,,51073,1,,,0,70,,51007,1,,,0,30,,51018,1,,,0,70,,51030,1,,,0,30,,51042,1,,,0,70,,51008,1,,,0,30,,51019,1,,,0,70,,51031,1,,,0,30,,51043,1,,,0,70,,51009,1,,,0,30,,51020,1,,,0,70,,51032,1,,,0,30,,51044,1,,,0,70,,51010,1,,,0,25,,51105,1,,,0
702019,'1838',656,,47354,10,4,,0,71,,47343,10,4,,0,30,,47365,10,4,,0,70,,47350,10,4,,0,30,,47342,10,4,,0,70,,47364,10,4,,0,30,,47353,10,4,,0,70,,47341,10,4,,0,30,,47359,10,4,,0,70,,47349,10,4,,0,30,,47340,10,4,,0,70,,47355,10,4,,0,30,,47344,10,4,,0,70,,47339,10,4,,0,30,,47363,10,4,,0,70,,47348,10,4,,0,30,,47338,10,4,,0,70,,47360,10,4,,0,30,,47352,10,4,,0,70,,47337,10,4,,0,30,,47358,10,4,,0,70,,47347,10,4,,0,30,,47336,10,4,,0,70,,47357,10,4,,0,30,,47346,10,4,,0,70,,47335,10,4,,0,30,,47362,10,4,,0,70,,47345,10,4,,0,30,,47334,10,4,,0,69,,47361,10,4,,0,30,,47351,10,4,,0,70,,47333,10,4,,0,30,,47356,10,4,,0,65,,47366,10,4,,0,25,,47367,10,4,,0
702019,'1867',656,,47465,10,4,,0,71,,47454,10,4,,0,30,,47476,10,4,,0,70,,47461,10,4,,0,30,,47453,10,4,,0,70,,47475,10,4,,0,30,,47464,10,4,,0,70,,47452,10,4,,0,30,,47470,10,4,,0,70,,47460,10,4,,0,30,,47451,10,4,,0,70,,47466,10,4,,0,30,,47455,10,4,,0,70,,47450,10,4,,0,30,,47474,10,4,,0,70,,47459,10,4,,0,30,,47449,10,4,,0,70,,47471,10,4,,0,30,,47463,10,4,,0,70,,47448,10,4,,0,30,,47469,10,4,,0,70,,47458,10,4,,0,30,,47447,10,4,,0,70,,47468,10,4,,0,30,,47457,10,4,,0,70,,47446,10,4,,0,30,,47473,10,4,,0,70,,47456,10,4,,0,30,,47445,10,4,,0,69,,47472,10,4,,0,30,,47462,10,4,,0,70,,47444,10,4,,0,30,,47467,10,4,,0,65,,47477,10,4,,0,25,,47478,10,4,,0
702019,'1892',641,,47368,10,4,,0,65,,47369,10,4,,0,24,,47403,10,4,,0,22,,47370,10,4,,0,56,,47371,10,4,,0,23,,47372,10,4,,0,17,,47404,10,4,,0,52,,47402,10,4,,0,28,,47373,10,4,,0,30,,47374,10,4,,0,70,,47375,10,4,,0,30,,47408,10,4,,0,70,,47376,10,4,,0,30,,47377,10,4,,0,70,,47378,10,4,,0,30,,47379,10,4,,0,70,,47380,10,4,,0,30,,47381,10,4,,0,70,,47382,10,4,,0,73,,47383,10,4,,0,25,,47405,10,4,,0,20,,47384,10,4,,0,80,,47386,10,4,,0,20,,47387,10,4,,0,59,,47406,10,4,,0,20,,47388,10,4,,0,20,,47389,10,4,,0,83,,47391,10,4,,0,30,,47392,10,4,,0,69,,47393,10,4,,0,30,,47394,10,4,,0,70,,47395,10,4,,0,30,,47396,10,4,,0,70,,47397,10,4,,0,30,,47398,10,4,,0,69,,47399,10,4,,0,30,,47400,10,4,,0,65,,47401,10,4,,0,25,,47407,10,4,,0
702019,'1896',1606,,51106,10,4,,0,197,,51107,10,4,,0
702019,'1897',641,,51108,10,4,,0,65,,51109,10,4,,0,24,,51143,10,4,,0,22,,51110,10,4,,0,56,,51111,10,4,,0,23,,51112,10,4,,0,17,,51144,10,4,,0,52,,51142,10,4,,0,28,,51113,10,4,,0,30,,51114,10,4,,0,70,,51115,10,4,,0,30,,51148,10,4,,0,70,,51116,10,4,,0,30,,51117,10,4,,0,70,,51118,10,4,,0,30,,51119,10,4,,0,70,,51120,10,4,,0,30,,51121,10,4,,0,70,,51122,10,4,,0,73,,51123,10,4,,0,25,,51145,10,4,,0,20,,51124,10,4,,0,60,,51125,10,4,,0,20,,51126,10,4,,0,20,,51127,10,4,,0,59,,51146,10,4,,0,20,,51128,10,4,,0,20,,51129,10,4,,0,58,,51130,10,4,,0,25,,51131,10,4,,0,30,,51132,10,4,,0,69,,51133,10,4,,0,30,,51134,10,4,,0,70,,51135,10,4,,0,30,,51136,10,4,,0,70,,51137,10,4,,0,30,,51138,10,4,,0,69,,51139,10,4,,0,30,,51140,10,4,,0,65,,51141,10,4,,0,25,,51147,10,4,,0
702019,'1898',656,,51176,10,4,,0,71,,51178,10,4,,0,30,,51181,10,4,,0,70,,51175,10,4,,0,30,,51177,10,4,,0,70,,51179,10,4,,0,30,,51182,10,4,,0,70,,51180,10,4,,0,30,,51155,10,4,,0,70,,51162,10,4,,0,30,,51169,10,4,,0,70,,51149,10,4,,0,30,,51156,10,4,,0,70,,51163,10,4,,0,30,,51170,10,4,,0,70,,51150,10,4,,0,30,,51157,10,4,,0,70,,51164,10,4,,0,30,,51171,10,4,,0,70,,51151,10,4,,0,30,,51158,10,4,,0,70,,51165,10,4,,0,30,,51172,10,4,,0,70,,51152,10,4,,0,30,,51159,10,4,,0,70,,51166,10,4,,0,30,,51173,10,4,,0,70,,51153,10,4,,0,30,,51160,10,4,,0,69,,51167,10,4,,0,30,,51174,10,4,,0,70,,51154,10,4,,0,30,,51161,10,4,,0,65,,51168,10,4,,0,25,,51183,10,4,,0
