701019,'1912',616,,72956,9,4,,0,1,,72955,1,,,0,27,,72982,9,4,,0,1,,72986,1,,,0,68,,72974,9,4,,0,2,,72973,1,,,0,28,,72953,9,4,,0,2,,72954,1,,,0,55,,68877,1,,,0,13,,72975,9,4,,0,2,,72988,1,,,0,15,,72934,1,,,0,13,,72957,9,4,,0,2,,72962,1,,,0,55,,68861,1,,,0,13,,72952,9,4,,0,2,,72951,1,,,0,15,,68878,1,,,0,13,,68928,9,4,,0,2,,68940,1,,,0,55,,72933,1,,,0,14,,72960,9,4,,0,1,,72971,1,,,0,15,,68862,1,,,0,14,,72949,9,4,,0,1,,72950,1,,,0,55,,68857,1,,,0,14,,72978,9,4,,0,1,,72983,1,,,0,15,,68865,1,,,0,14,,68905,9,4,,0,1,,68919,1,,,0,55,,68860,1,,,0,14,,68894,9,4,,0,1,,68893,1,,,0,15,,68872,1,,,0,14,,68925,9,4,,0,1,,68937,1,,,0,55,,68863,1,,,0,14,,68909,9,4,,0,1,,68915,1,,,0,15,,68868,1,,,0,14,,72948,9,4,,0,1,,72947,1,,,0,55,,68871,1,,,0,14,,72977,9,4,,0,1,,72989,1,,,0,15,,68858,1,,,0,14,,72961,9,4,,0,1,,72967,1,,,0,55,,68870,1,,,0,14,,72946,9,4,,0,1,,72945,1,,,0,15,,68874,1,,,0,14,,72976,9,4,,0,1,,72985,1,,,0,55,,68855,1,,,0,14,,72958,9,4,,0,1,,72972,1,,,0,15,,68856,1,,,0,14,,72944,9,4,,0,1,,72943,1,,,0,55,,68873,1,,,0,14,,72979,9,4,,0,1,,72981,1,,,0,15,,68854,1,,,0,14,,72966,9,4,,0,1,,72964,1,,,0,55,,68869,1,,,0,13,,72941,9,4,,0,2,,72942,1,,,0,15,,68875,1,,,0,13,,72987,9,4,,0,2,,72980,1,,,0,55,,68866,1,,,0,13,,72968,9,4,,0,2,,72965,1,,,0,15,,68867,1,,,0,13,,72939,9,4,,0,2,,72940,1,,,0,55,,68876,1,,,0,13,,72984,9,4,,0,2,,72990,1,,,0,15,,68864,1,,,0,13,,72970,9,4,,0,2,,72963,1,,,0,68,,72936,9,4,,0,2,,72937,1,,,0,28,,68934,9,4,,0,2,,68943,1,,,0,67,,72969,9,4,,0,3,,72959,1,,,0,27,,72938,9,4,,0,3,,72935,1,,,0,67,,68938,9,4,,0,3,,68948,1,,,0,22,,72992,9,4,,0,3,,72991,1,,,0,65,,68951,1,,,0
701019,'1959',616,,73165,9,4,,0,1,,73164,1,,,0,27,,73191,9,4,,0,1,,73195,1,,,0,68,,73183,9,4,,0,2,,73182,1,,,0,28,,73162,9,4,,0,2,,73163,1,,,0,55,,68976,1,,,0,13,,73184,9,4,,0,2,,73197,1,,,0,15,,73143,1,,,0,13,,73166,9,4,,0,2,,73171,1,,,0,55,,68960,1,,,0,13,,73161,9,4,,0,2,,73160,1,,,0,15,,68977,1,,,0,13,,69027,9,4,,0,2,,69039,1,,,0,55,,73142,1,,,0,14,,73169,9,4,,0,1,,73180,1,,,0,15,,68961,1,,,0,14,,73158,9,4,,0,1,,73159,1,,,0,55,,68956,1,,,0,14,,73187,9,4,,0,1,,73192,1,,,0,15,,68964,1,,,0,14,,69004,9,4,,0,1,,69018,1,,,0,55,,68959,1,,,0,14,,68993,9,4,,0,1,,68992,1,,,0,15,,68971,1,,,0,14,,69024,9,4,,0,1,,69036,1,,,0,55,,68962,1,,,0,14,,69008,9,4,,0,1,,69014,1,,,0,15,,68967,1,,,0,14,,73157,9,4,,0,1,,73156,1,,,0,55,,68970,1,,,0,14,,73186,9,4,,0,1,,73198,1,,,0,15,,68957,1,,,0,14,,73170,9,4,,0,1,,73176,1,,,0,55,,68969,1,,,0,14,,73155,9,4,,0,1,,73154,1,,,0,15,,68973,1,,,0,14,,73185,9,4,,0,1,,73194,1,,,0,55,,68954,1,,,0,14,,73167,9,4,,0,1,,73181,1,,,0,15,,68955,1,,,0,14,,73153,9,4,,0,1,,73152,1,,,0,55,,68972,1,,,0,14,,73188,9,4,,0,1,,73190,1,,,0,15,,68953,1,,,0,14,,73175,9,4,,0,1,,73173,1,,,0,55,,68968,1,,,0,13,,73150,9,4,,0,2,,73151,1,,,0,15,,68974,1,,,0,13,,73196,9,4,,0,2,,73189,1,,,0,55,,68965,1,,,0,13,,73177,9,4,,0,2,,73174,1,,,0,15,,68966,1,,,0,13,,73148,9,4,,0,2,,73149,1,,,0,55,,68975,1,,,0,13,,73193,9,4,,0,2,,73199,1,,,0,15,,68963,1,,,0,13,,73179,9,4,,0,2,,73172,1,,,0,68,,73145,9,4,,0,2,,73146,1,,,0,28,,69033,9,4,,0,2,,69042,1,,,0,67,,73178,9,4,,0,3,,73168,1,,,0,27,,73147,9,4,,0,3,,73144,1,,,0,67,,69037,9,4,,0,3,,69047,1,,,0,22,,73201,9,4,,0,3,,73200,1,,,0,65,,69050,1,,,0
701019,'1965',557,,73109,9,4,,0,70,,73110,9,4,,0,18,,69307,9,4,,0,14,,73111,9,4,,0,41,,73055,1,,,0,15,,73056,1,,,0,15,,73116,9,4,,0,15,,69299,9,4,,0,55,,73058,1,,,0,10,,69300,9,4,,0,5,,69214,1,,,0,8,,73112,9,4,,0,7,,73059,1,,,0,13,,69302,9,4,,0,2,,69216,1,,,0,55,,73060,1,,,0,12,,73092,9,4,,0,3,,73061,1,,,0,15,,73062,1,,,0,100,,69222,1,,,0,12,,73094,9,4,,0,3,,73065,1,,,0,55,,73066,1,,,0,12,,73095,9,4,,0,3,,73067,1,,,0,97,,69274,9,4,,0,3,,69229,1,,,0,15,,73070,1,,,0,12,,73097,9,4,,0,3,,73071,1,,,0,55,,73072,1,,,0,100,,69236,1,,,0,12,,73099,9,4,,0,3,,73075,1,,,0,15,,73076,1,,,0,13,,73100,9,4,,0,2,,73077,1,,,0,55,,73115,1,,,0,24,,69280,9,4,,0,6,,69241,1,,,0,14,,73114,9,4,,0,1,,73079,1,,,0,55,,69243,1,,,0,24,,73101,9,4,,0,6,,73080,1,,,0,14,,73102,9,4,,0,1,,73081,1,,,0,55,,69246,1,,,0,15,,69247,1,,,0,10,,73113,9,4,,0,5,,73082,1,,,0,14,,73108,9,4,,0,1,,73083,1,,,0,64,,73107,9,4,,0,6,,73085,1,,,0,29,,69283,9,4,,0,1,,69253,1,,,0,55,,69254,1,,,0,14,,69284,9,4,,0,1,,69255,1,,,0,29,,73103,9,4,,0,1,,73087,1,,,0,67,,69286,9,4,,0,3,,69259,1,,,0,15,,69260,1,,,0,12,,73104,9,4,,0,3,,73089,1,,,0,67,,69288,9,4,,0,3,,69262,1,,,0,27,,69289,9,4,,0,3,,69263,1,,,0,67,,73105,9,4,,0,3,,73090,1,,,0,27,,69291,9,4,,0,3,,69265,1,,,0,67,,69292,9,4,,0,3,,69266,1,,,0,22,,73118,9,4,,0,3,,73091,1,,,0,65,,69268,1,,,0
701019,'1966',800,,73122,1,,,0,1230,,73125,1,,,0
701019,'1967',615,,68783,9,4,,0,2,,68785,1,,,0,26,,68763,9,4,,0,2,,68770,1,,,0,66,,68780,9,4,,0,4,,68760,1,,,0,26,,68776,9,4,,0,4,,68766,1,,,0,68,,68778,9,4,,0,2,,68773,1,,,0,15,,68789,1,,,0,13,,68779,9,4,,0,2,,68756,1,,,0,55,,73123,1,,,0,13,,68781,9,4,,0,2,,68761,1,,,0,15,,73126,1,,,0,13,,68777,9,4,,0,2,,68767,1,,,0,57,,68811,1,,,0,13,,68813,9,4,,0,2,,68831,1,,,0,15,,73139,1,,,0,13,,68822,9,4,,0,2,,68835,1,,,0,55,,73127,1,,,0,13,,68809,9,4,,0,2,,68842,1,,,0,15,,73132,1,,,0,13,,68818,9,4,,0,2,,68849,1,,,0,55,,68840,1,,,0,13,,68814,9,4,,0,2,,68797,1,,,0,15,,73137,1,,,0,13,,68807,9,4,,0,2,,68830,1,,,0,55,,68801,1,,,0,13,,68852,9,4,,0,2,,68839,1,,,0,15,,73131,1,,,0,13,,68806,9,4,,0,2,,68804,1,,,0,55,,73135,1,,,0,13,,68808,9,4,,0,2,,68829,1,,,0,15,,73138,1,,,0,13,,68836,9,4,,0,2,,68838,1,,,0,55,,68800,1,,,0,13,,68832,9,4,,0,2,,68843,1,,,0,15,,73134,1,,,0,13,,68825,9,4,,0,2,,68820,1,,,0,55,,68841,1,,,0,13,,73136,9,4,,0,2,,73140,1,,,0,15,,73141,1,,,0,13,,68833,9,4,,0,2,,68799,1,,,0,55,,68819,1,,,0,13,,68850,9,4,,0,2,,68826,1,,,0,15,,73129,1,,,0,13,,68798,9,4,,0,2,,68812,1,,,0,55,,68815,1,,,0,13,,73133,9,4,,0,2,,73130,1,,,0,15,,73128,1,,,0,13,,68805,9,4,,0,2,,68803,1,,,0,53,,68786,1,,,0,13,,68834,9,4,,0,2,,68816,1,,,0,15,,68791,1,,,0,13,,68758,9,4,,0,2,,68768,1,,,0,55,,73124,1,,,0,13,,68764,9,4,,0,2,,68774,1,,,0,28,,68771,9,4,,0,2,,68757,1,,,0,68,,68754,9,4,,0,2,,68762,1,,,0,28,,68759,9,4,,0,2,,68769,1,,,0,68,,68765,9,4,,0,2,,68775,1,,,0,28,,68772,9,4,,0,2,,68782,1,,,0,68,,68755,9,4,,0,2,,68784,1,,,0,23,,68796,9,4,,0,2,,68794,1,,,0,65,,68787,1,,,0
701019,'1969',616,,73016,9,4,,0,1,,73015,1,,,0,27,,73042,9,4,,0,1,,73046,1,,,0,68,,73034,9,4,,0,2,,73033,1,,,0,28,,73013,9,4,,0,2,,73014,1,,,0,55,,69075,1,,,0,13,,73035,9,4,,0,2,,73048,1,,,0,15,,72994,1,,,0,13,,73017,9,4,,0,2,,73022,1,,,0,55,,69059,1,,,0,13,,73012,9,4,,0,2,,73011,1,,,0,15,,69076,1,,,0,13,,69126,9,4,,0,2,,69138,1,,,0,55,,72993,1,,,0,14,,73020,9,4,,0,1,,73031,1,,,0,15,,69060,1,,,0,14,,73009,9,4,,0,1,,73010,1,,,0,55,,69055,1,,,0,14,,73038,9,4,,0,1,,73043,1,,,0,15,,69063,1,,,0,14,,69103,9,4,,0,1,,69117,1,,,0,55,,69058,1,,,0,14,,69092,9,4,,0,1,,69091,1,,,0,15,,69070,1,,,0,14,,69123,9,4,,0,1,,69135,1,,,0,55,,69061,1,,,0,14,,69107,9,4,,0,1,,69113,1,,,0,15,,69066,1,,,0,14,,73008,9,4,,0,1,,73007,1,,,0,55,,69069,1,,,0,14,,73037,9,4,,0,1,,73049,1,,,0,15,,69056,1,,,0,14,,73021,9,4,,0,1,,73027,1,,,0,55,,69068,1,,,0,14,,73006,9,4,,0,1,,73005,1,,,0,15,,69072,1,,,0,14,,73036,9,4,,0,1,,73045,1,,,0,55,,69053,1,,,0,14,,73018,9,4,,0,1,,73032,1,,,0,15,,69054,1,,,0,14,,73004,9,4,,0,1,,73003,1,,,0,55,,69071,1,,,0,14,,73039,9,4,,0,1,,73041,1,,,0,15,,69052,1,,,0,14,,73026,9,4,,0,1,,73024,1,,,0,55,,69067,1,,,0,13,,73001,9,4,,0,2,,73002,1,,,0,15,,69073,1,,,0,13,,73047,9,4,,0,2,,73040,1,,,0,55,,69064,1,,,0,13,,73028,9,4,,0,2,,73025,1,,,0,15,,69065,1,,,0,13,,72999,9,4,,0,2,,73000,1,,,0,55,,69074,1,,,0,13,,73044,9,4,,0,2,,73050,1,,,0,15,,69062,1,,,0,13,,73030,9,4,,0,2,,73023,1,,,0,68,,72996,9,4,,0,2,,72997,1,,,0,28,,69132,9,4,,0,2,,69141,1,,,0,67,,73029,9,4,,0,3,,73019,1,,,0,27,,72998,9,4,,0,3,,72995,1,,,0,67,,69136,9,4,,0,3,,69146,1,,,0,22,,73052,9,4,,0,3,,73051,1,,,0,65,,69149,1,,,0
701019,'1970',942,,74986,9,4,,0,3,,74985,1,,,0,55,,74966,1,,,0,12,,74979,9,4,,0,3,,74967,1,,,0,115,,74968,1,,,0,12,,74980,9,4,,0,3,,74969,1,,,0,55,,74970,1,,,0,112,,74981,9,4,,0,3,,74971,1,,,0,15,,74972,1,,,0,12,,74982,9,4,,0,3,,74973,1,,,0,168,,74987,9,4,,0,2,,74974,1,,,0,100,,74984,1,,,0,185,,74975,1,,,0,29,,74983,9,4,,0,1,,74976,1,,,0,100,,74977,1,,,0,70,,74978,1,,,0
701019,'1971',800,,74988,1,,,0,1230,,74989,1,,,0
702029,'1912',2402,,69637,19,4,,0
702029,'1959',2402,,69700,19,4,,0
702029,'1965',2403,,69825,19,4,,0
702029,'1967',2402,,69535,19,4,,0
702029,'1969',2402,,69763,19,4,,0
801019,'1912',758,,69897,11,4,,0,70,,73475,11,4,,0,30,,69901,11,4,,0,70,,69890,11,4,,0,30,,73474,11,4,,0,70,,69895,11,4,,0,30,,69908,11,4,,0,70,,69899,11,4,,0,30,,69896,11,4,,0,70,,69905,11,4,,0,30,,69891,11,4,,0,70,,69902,11,4,,0,30,,69904,11,4,,0,70,,69900,11,4,,0,30,,69887,11,4,,0,70,,69906,11,4,,0,30,,69892,11,4,,0,70,,69888,11,4,,0,30,,69903,11,4,,0,70,,69886,11,4,,0,30,,69889,11,4,,0,70,,69907,11,4,,0,30,,69884,11,4,,0,71,,69894,11,4,,0,30,,69909,11,4,,0,70,,69898,11,4,,0
801019,'1959',758,,69923,11,4,,0,70,,73517,11,4,,0,30,,69927,11,4,,0,70,,69916,11,4,,0,30,,73516,11,4,,0,70,,69921,11,4,,0,30,,69934,11,4,,0,70,,69925,11,4,,0,30,,69922,11,4,,0,70,,69931,11,4,,0,30,,69917,11,4,,0,70,,69928,11,4,,0,30,,69930,11,4,,0,70,,69926,11,4,,0,30,,69913,11,4,,0,70,,69932,11,4,,0,30,,69918,11,4,,0,70,,69914,11,4,,0,30,,69929,11,4,,0,70,,69912,11,4,,0,30,,69915,11,4,,0,70,,69933,11,4,,0,30,,69910,11,4,,0,71,,69920,11,4,,0,30,,69935,11,4,,0,70,,69924,11,4,,0
801019,'1965',754,,73490,11,4,,0,105,,73478,11,4,,0,69,,73479,11,4,,0,100,,69984,11,4,,0,30,,73481,11,4,,0,169,,73483,11,4,,0,31,,73484,11,4,,0,100,,69991,11,4,,0,70,,73486,11,4,,0,31,,73493,11,4,,0,95,,69993,11,4,,0,100,,69995,11,4,,0,60,,69996,11,4,,0,144,,69998,11,4,,0,170,,70001,11,4,,0
801019,'1966',759,,73501,11,4,,0,1270,,73504,11,4,,0
801019,'1967',829,,69861,11,4,,0,30,,73502,11,4,,0,70,,73500,11,4,,0,30,,69858,11,4,,0,70,,73509,11,4,,0,30,,73510,11,4,,0,70,,73513,11,4,,0,30,,69867,11,4,,0,70,,73508,11,4,,0,30,,69874,11,4,,0,70,,73512,11,4,,0,30,,73505,11,4,,0,70,,73514,11,4,,0,30,,69872,11,4,,0,70,,73506,11,4,,0,30,,69868,11,4,,0,70,,73515,11,4,,0,30,,69866,11,4,,0,70,,73507,11,4,,0,30,,69871,11,4,,0,70,,73511,11,4,,0,30,,69870,11,4,,0,70,,69863,11,4,,0,30,,73503,11,4,,0
801019,'1969',758,,69949,11,4,,0,70,,73477,11,4,,0,30,,69953,11,4,,0,70,,69942,11,4,,0,30,,73476,11,4,,0,70,,69947,11,4,,0,30,,69960,11,4,,0,70,,69951,11,4,,0,30,,69948,11,4,,0,70,,69957,11,4,,0,30,,69943,11,4,,0,70,,69954,11,4,,0,30,,69956,11,4,,0,70,,69952,11,4,,0,30,,69939,11,4,,0,70,,69958,11,4,,0,30,,69944,11,4,,0,70,,69940,11,4,,0,30,,69955,11,4,,0,70,,69938,11,4,,0,30,,69941,11,4,,0,70,,69959,11,4,,0,30,,69936,11,4,,0,71,,69946,11,4,,0,30,,69961,11,4,,0,70,,69950,11,4,,0
801019,'1970',958,,75015,11,4,,0,170,,75016,11,4,,0,30,,75017,11,4,,0,170,,75018,11,4,,0,286,,75019,11,4,,0,139,,75020,11,4,,0,175,,75021,11,4,,0,30,,75022,11,4,,0
801019,'1971',759,,75029,11,4,,0,1270,,75030,11,4,,0
