2019,'1912',701,,70341,26,,,0,30,,70318,26,,,0,70,,70322,26,,,0,30,,70334,26,,,0,70,,70329,26,,,0,30,,70319,26,,,0,70,,70323,26,,,0,30,,70335,26,,,0,70,,70330,26,,,0,30,,70320,26,,,0,70,,70324,26,,,0,30,,70336,26,,,0,70,,70331,26,,,0,30,,70321,26,,,0,70,,70325,26,,,0,30,,70337,26,,,0,70,,70332,26,,,0,30,,70316,26,,,0,70,,70326,26,,,0,30,,70338,26,,,0,70,,70333,26,,,0,30,,70314,26,,,0,70,,70327,26,,,0,30,,70339,26,,,0,100,,70315,26,,,0,100,,70340,26,,,0,100,,70317,26,,,0,100,,70328,26,,,0,99,,70342,26,,,0
2019,'1925',701,,70370,26,,,0,30,,70347,26,,,0,70,,70351,26,,,0,30,,70363,26,,,0,70,,70358,26,,,0,30,,70348,26,,,0,70,,70352,26,,,0,30,,70364,26,,,0,70,,70359,26,,,0,30,,70349,26,,,0,70,,70353,26,,,0,30,,70365,26,,,0,70,,70360,26,,,0,30,,70350,26,,,0,70,,70354,26,,,0,30,,70366,26,,,0,70,,70361,26,,,0,30,,70345,26,,,0,70,,70355,26,,,0,30,,70367,26,,,0,70,,70362,26,,,0,30,,70343,26,,,0,70,,70356,26,,,0,30,,70368,26,,,0,100,,70344,26,,,0,100,,70369,26,,,0,100,,70346,26,,,0,100,,70357,26,,,0,99,,70371,26,,,0
2019,'1955',631,3,59396,17,,,0,70,43,59403,26,,,0,30,3,59412,26,,,0,70,43,59419,26,,,0,30,3,59397,26,,,0,70,43,59404,26,,,0,30,3,59413,26,,,0,69,42,59420,26,,,0,31,,59398,26,,,0,70,,59405,26,,,0,30,,59414,26,,,0,70,,59421,26,,,0,30,,59399,26,,,0,70,,59406,26,,,0,30,,59415,26,,,0,70,,59422,26,,,0,30,,59400,26,,,0,70,,59407,26,,,0,30,,59416,26,,,0,70,,59423,26,,,0,30,,59401,26,,,0,70,,59408,26,,,0,30,,59417,26,,,0,70,,59424,26,,,0,30,,59402,26,,,0,70,,59409,26,,,0,30,,59418,26,,,0,100,,59410,26,,,0,100,,59425,26,,,0,100,,59411,26,,,0,100,,59426,26,,,0
2019,'1956',701,,59483,26,,,0,30,,59460,26,,,0,70,,59464,26,,,0,30,,59476,26,,,0,70,,59471,26,,,0,30,,59461,26,,,0,70,,59465,26,,,0,30,,59477,26,,,0,70,,59472,26,,,0,30,,59462,26,,,0,70,,59466,26,,,0,30,,59478,26,,,0,70,,59473,26,,,0,30,,59463,26,,,0,70,,59467,26,,,0,30,,59479,26,,,0,70,,59474,26,,,0,30,,59458,26,,,0,70,,59468,26,,,0,30,,59480,26,,,0,70,,59475,26,,,0,30,,59456,26,,,0,70,,59469,26,,,0,30,,59481,26,,,0,100,,59457,26,,,0,100,,59482,26,,,0,100,,59459,26,,,0,100,,59470,26,,,0,99,,59484,26,,,0
2019,'1957',456,,70403,17,0,5 2 13 14,0,176,3,70372,26,,,0,69,42,70373,26,,,0,30,,70374,26,,,0,70,,70375,26,,,0,31,,70376,26,,,0,70,,70377,26,,,0,31,,70394,26,,,0,70,,70395,26,,,0,30,,70396,26,,,0,70,,70397,26,,,0,30,,70398,26,,,0,70,,70399,26,,,0,30,,70400,26,,,0,70,,70401,26,,,0,30,,70402,26,,,0,70,,70392,26,,,0,31,2,70393,26,,,0,71,2,70378,26,,,0,30,2,70379,26,,,0,70,2,70380,26,,,0,30,2,70381,26,,,0,70,2,70382,26,,,0,30,3,70383,26,,,0,69,3,70384,26,,,0,30,3,70385,26,,,0,70,3,70391,26,,,0,30,3,70386,26,,,0,98,3,70387,26,,,0,100,3,70388,26,,,0,100,3,70389,26,,,0,100,3,70390,26,,,0
2019,'1958',631,3,70404,17,,,0,70,43,70411,26,,,0,30,3,70420,26,,,0,70,43,70427,26,,,0,30,3,70405,26,,,0,70,43,70412,26,,,0,30,3,70421,26,,,0,69,42,70428,26,,,0,31,,70406,26,,,0,70,,70413,26,,,0,30,,70422,26,,,0,70,,70429,26,,,0,30,,70407,26,,,0,70,,70414,26,,,0,30,,70423,26,,,0,70,,70430,26,,,0,30,,70408,26,,,0,70,,70415,26,,,0,30,,70424,26,,,0,70,,70431,26,,,0,30,,70409,26,,,0,70,,70416,26,,,0,30,,70425,26,,,0,70,,70432,26,,,0,30,,70410,26,,,0,70,,70417,26,,,0,30,,70426,26,,,0,100,,70418,26,,,0,100,,70433,26,,,0,100,,70419,26,,,0,100,,70434,26,,,0
2019,'1959',701,,70462,26,,,0,30,,70439,26,,,0,70,,70443,26,,,0,30,,70455,26,,,0,70,,70450,26,,,0,30,,70440,26,,,0,70,,70444,26,,,0,30,,70456,26,,,0,70,,70451,26,,,0,30,,70441,26,,,0,70,,70445,26,,,0,30,,70457,26,,,0,70,,70452,26,,,0,30,,70442,26,,,0,70,,70446,26,,,0,30,,70458,26,,,0,70,,70453,26,,,0,30,,70437,26,,,0,70,,70447,26,,,0,30,,70459,26,,,0,70,,70454,26,,,0,30,,70435,26,,,0,70,,70448,26,,,0,30,,70460,26,,,0,100,,70436,26,,,0,100,,70461,26,,,0,100,,70438,26,,,0,100,,70449,26,,,0,99,,70463,26,,,0
702019,'1909',818,,64880,1,,,0
702019,'1910',645,,69324,1,,,0,70,,69326,1,,,0,30,,69328,1,,,0,70,,69323,1,,,0,30,,69325,1,,,0,70,,69327,1,,,0,30,,69329,1,,,0,70,,69340,1,,,0,30,,69338,1,,,0,70,,69344,1,,,0,30,,69335,1,,,0,70,,69348,1,,,0,30,,69337,1,,,0,70,,69346,1,,,0,30,,69343,1,,,0,70,,69342,1,,,0,30,,69339,1,,,0,70,,69332,1,,,0,100,,69331,1,,,0,30,,69341,1,,,0,70,,69334,1,,,0,100,,69345,1,,,0,30,,69336,1,,,0,70,,69318,1,,,0,30,,69321,1,,,0,70,,69314,1,,,0,30,,69316,1,,,0,70,,69319,1,,,0,30,,69322,1,,,0,70,,69315,1,,,0,30,,69317,1,,,0,65,,69320,1,,,0,25,,69330,1,,,0
702019,'1912',645,,73221,1,,,0,70,,73211,1,,,0,30,,73229,1,,,0,70,,73217,1,,,0,30,,73210,1,,,0,70,,73228,1,,,0,30,,73220,1,,,0,70,,73209,1,,,0,30,,69375,1,,,0,70,,73216,1,,,0,30,,69356,1,,,0,70,,73222,1,,,0,30,,69360,1,,,0,70,,73208,1,,,0,30,,73227,1,,,0,70,,73215,1,,,0,30,,73207,1,,,0,70,,73225,1,,,0,30,,73219,1,,,0,70,,73206,1,,,0,30,,73224,1,,,0,70,,73214,1,,,0,30,,73205,1,,,0,70,,73223,1,,,0,30,,73213,1,,,0,70,,73204,1,,,0,30,,73226,1,,,0,70,,73212,1,,,0,30,,73203,1,,,0,70,,69377,1,,,0,30,,73218,1,,,0,70,,73202,1,,,0,30,,69372,1,,,0,65,,73230,1,,,0,25,,73231,1,,,0
702019,'1924',1045,,69410,1,,,0,100,,69391,1,,,0,100,,69395,1,,,0,870,,69412,1,,,0,130,,69407,1,,,0
702019,'1925',645,,73251,1,,,0,70,,73241,1,,,0,30,,73259,1,,,0,70,,73247,1,,,0,30,,73240,1,,,0,70,,73258,1,,,0,30,,73250,1,,,0,70,,73239,1,,,0,30,,69445,1,,,0,70,,73246,1,,,0,30,,69426,1,,,0,70,,73252,1,,,0,30,,69430,1,,,0,70,,73238,1,,,0,30,,73257,1,,,0,70,,73245,1,,,0,30,,73237,1,,,0,70,,73255,1,,,0,30,,73249,1,,,0,70,,73236,1,,,0,30,,73254,1,,,0,70,,73244,1,,,0,30,,73235,1,,,0,70,,73253,1,,,0,30,,73243,1,,,0,70,,73234,1,,,0,30,,73256,1,,,0,70,,73242,1,,,0,30,,73233,1,,,0,70,,69447,1,,,0,30,,73248,1,,,0,70,,73232,1,,,0,30,,69442,1,,,0,65,,73260,1,,,0,25,,73261,1,,,0
702019,'1949',719,,69507,1,,,0,21,,69477,1,,,0,107,,69506,1,,,0,71,,69479,1,,,0,220,,69483,1,,,0,100,,69485,1,,,0,577,,69495,1,,,0,30,,69496,1,,,0,100,,69498,1,,,0,170,,69501,1,,,0,100,,69503,1,,,0,30,,69504,1,,,0,90,,69511,1,,,0
702019,'1955',1545,,69347,1,,,0,200,,69333,1,,,0
702019,'1956',645,,69405,1,,,0,70,,69394,1,,,0,30,,69416,1,,,0,70,,69401,1,,,0,30,,69393,1,,,0,70,,69415,1,,,0,30,,69404,1,,,0,70,,69392,1,,,0,100,,69400,1,,,0,100,,69406,1,,,0,100,,69390,1,,,0,30,,69414,1,,,0,70,,69399,1,,,0,30,,69389,1,,,0,70,,69411,1,,,0,30,,69403,1,,,0,70,,69388,1,,,0,30,,69409,1,,,0,70,,69398,1,,,0,30,,69387,1,,,0,70,,69408,1,,,0,30,,69397,1,,,0,70,,69386,1,,,0,30,,69413,1,,,0,70,,69396,1,,,0,30,,69385,1,,,0,100,,69402,1,,,0,70,,69384,1,,,0,95,,69417,1,,,0,25,,69418,1,,,0
702019,'1957',630,,73262,1,,,0,25,,73263,1,,,0,100,,73264,1,,,0,80,,73285,1,,,0,103,,73265,1,,,0,70,,73266,1,,,0,30,,73288,1,,,0,70,,73267,1,,,0,100,,73268,1,,,0,100,,73269,1,,,0,30,,73270,1,,,0,70,,73271,1,,,0,30,,73272,1,,,0,70,,73286,1,,,0,22,,73273,1,,,0,20,,73274,1,,,0,60,,73275,1,,,0,20,,73276,1,,,0,20,,73287,1,,,0,60,,73277,1,,,0,20,,73278,1,,,0,20,,73279,1,,,0,165,,73280,1,,,0,100,,73281,1,,,0,30,,73282,1,,,0,100,,73283,1,,,0,165,,73284,1,,,0
702019,'1958',1545,,73290,1,,,0,200,,73289,1,,,0
702019,'1959',645,,73310,1,,,0,70,,73300,1,,,0,30,,73318,1,,,0,70,,73306,1,,,0,30,,73299,1,,,0,70,,73317,1,,,0,30,,73309,1,,,0,70,,73298,1,,,0,100,,73305,1,,,0,100,,73311,1,,,0,100,,73297,1,,,0,30,,73316,1,,,0,70,,73304,1,,,0,30,,73296,1,,,0,70,,73314,1,,,0,30,,73308,1,,,0,70,,73295,1,,,0,30,,73313,1,,,0,70,,73303,1,,,0,30,,73294,1,,,0,70,,73312,1,,,0,30,,73302,1,,,0,70,,73293,1,,,0,30,,73315,1,,,0,70,,73301,1,,,0,30,,73292,1,,,0,100,,73307,1,,,0,70,,73291,1,,,0,95,,73319,1,,,0,25,,73320,1,,,0
702029,'1909',815,,65124,19,4,,0
702029,'1910',643,,69527,19,4,,0,63,,69513,19,4,,0,30,,69517,19,4,,0,71,,69521,19,4,,0,32,,69524,19,4,,0,70,,69514,19,4,,0,30,,69518,19,4,,0,71,,69559,19,4,,0,34,,69552,19,4,,0,70,,69540,19,4,,0,30,,69555,19,4,,0,70,,69550,19,4,,0,30,,69547,19,4,,0,70,,69544,19,4,,0,30,,69571,19,4,,0,70,,69558,19,4,,0,30,,69546,19,4,,0,70,,69553,19,4,,0,100,,69541,19,4,,0,30,,69573,19,4,,0,70,,69551,19,4,,0,100,,69545,19,4,,0,30,,69574,19,4,,0,70,,69557,19,4,,0,27,,69519,19,4,,0,70,,69522,19,4,,0,30,,69525,19,4,,0,70,,69515,19,4,,0,28,,69520,19,4,,0,70,,69523,19,4,,0,30,,69526,19,4,,0,68,,69516,19,4,,0,25,,69536,19,4,,0
702029,'1912',645,,73341,19,4,,0,63,,73330,19,4,,0,30,,73343,19,4,,0,70,,73339,19,4,,0,32,,73329,19,4,,0,70,,73342,19,4,,0,30,,73331,19,4,,0,70,,73328,19,4,,0,31,,69604,19,4,,0,70,,73334,19,4,,0,30,,69582,19,4,,0,71,,73348,19,4,,0,31,,69593,19,4,,0,70,,73327,19,4,,0,30,,73344,19,4,,0,70,,73337,19,4,,0,30,,73326,19,4,,0,70,,73345,19,4,,0,30,,73333,19,4,,0,70,,73325,19,4,,0,30,,73349,19,4,,0,70,,73332,19,4,,0,30,,73324,19,4,,0,70,,73346,19,4,,0,26,,73340,19,4,,0,70,,73323,19,4,,0,30,,73347,19,4,,0,70,,73336,19,4,,0,30,,73322,19,4,,0,69,,69602,19,4,,0,29,,73338,19,4,,0,70,,73321,19,4,,0,30,,69606,19,4,,0,70,,73335,19,4,,0,25,,73351,19,4,,0
702029,'1924',1041,,69667,19,4,,0,100,,69645,19,4,,0,102,,69656,19,4,,0,865,,69665,19,4,,0,129,,69669,19,4,,0
702029,'1925',645,,73372,19,4,,0,63,,73361,19,4,,0,30,,73374,19,4,,0,70,,73370,19,4,,0,32,,73360,19,4,,0,70,,73373,19,4,,0,30,,73362,19,4,,0,70,,73359,19,4,,0,31,,69730,19,4,,0,70,,73365,19,4,,0,30,,69708,19,4,,0,71,,73379,19,4,,0,31,,69719,19,4,,0,70,,73358,19,4,,0,30,,73375,19,4,,0,70,,73368,19,4,,0,30,,73357,19,4,,0,70,,73376,19,4,,0,30,,73364,19,4,,0,70,,73356,19,4,,0,30,,73380,19,4,,0,70,,73363,19,4,,0,30,,73355,19,4,,0,70,,73377,19,4,,0,26,,73371,19,4,,0,70,,73354,19,4,,0,30,,73378,19,4,,0,70,,73367,19,4,,0,30,,73353,19,4,,0,69,,69728,19,4,,0,29,,73369,19,4,,0,70,,73352,19,4,,0,30,,69732,19,4,,0,70,,73366,19,4,,0,25,,73382,19,4,,0
702029,'1949',719,,69850,19,4,,0,17,,69798,19,4,,0,109,,69848,19,4,,0,70,,69849,19,4,,0,220,,69804,19,4,,0,100,,69806,19,4,,0,576,,69815,19,4,,0,30,,69856,19,4,,0,100,,69817,19,4,,0,168,,69820,19,4,,0,100,,69822,19,4,,0,30,,69823,19,4,,0,94,,69851,19,4,,0
702029,'1955',1544,,69556,19,4,,0,200,,69548,19,4,,0
702029,'1956',645,,69660,19,4,,0,63,,69648,19,4,,0,30,,69662,19,4,,0,70,,69658,19,4,,0,32,,69647,19,4,,0,70,,69661,19,4,,0,30,,69649,19,4,,0,70,,69646,19,4,,0,101,,69652,19,4,,0,101,,69670,19,4,,0,101,,69644,19,4,,0,30,,69663,19,4,,0,70,,69655,19,4,,0,30,,69643,19,4,,0,70,,69664,19,4,,0,30,,69651,19,4,,0,70,,69642,19,4,,0,30,,69671,19,4,,0,70,,69650,19,4,,0,30,,69641,19,4,,0,70,,69666,19,4,,0,26,,69659,19,4,,0,70,,69640,19,4,,0,30,,69668,19,4,,0,70,,69654,19,4,,0,30,,69639,19,4,,0,98,,69657,19,4,,0,70,,69638,19,4,,0,100,,69653,19,4,,0,25,,69699,19,4,,0
702029,'1957',628,,73383,19,4,,0,20,,73384,19,4,,0,105,,73385,19,4,,0,77,,73386,19,4,,0,105,,73387,19,4,,0,70,,73388,19,4,,0,30,,73423,19,4,,0,70,,73389,19,4,,0,100,,73390,19,4,,0,100,,73391,19,4,,0,30,,73392,19,4,,0,70,,73393,19,4,,0,30,,73394,19,4,,0,65,,73419,19,4,,0,30,,73395,19,4,,0,15,,73420,19,4,,0,55,,73396,19,4,,0,30,,73398,19,4,,0,15,,73397,19,4,,0,55,,73421,19,4,,0,30,,73399,19,4,,0,14,,73400,19,4,,0,167,,73401,19,4,,0,100,,73402,19,4,,0,28,,73403,19,4,,0,100,,73404,19,4,,0,169,,73405,19,4,,0
702029,'1958',1544,,73433,19,4,,0,200,,73431,19,4,,0
702029,'1959',645,,73463,19,4,,0,63,,73452,19,4,,0,30,,73465,19,4,,0,70,,73461,19,4,,0,32,,73451,19,4,,0,70,,73464,19,4,,0,30,,73453,19,4,,0,70,,73450,19,4,,0,101,,73456,19,4,,0,101,,73470,19,4,,0,101,,73449,19,4,,0,30,,73466,19,4,,0,70,,73459,19,4,,0,30,,73448,19,4,,0,70,,73467,19,4,,0,30,,73455,19,4,,0,70,,73447,19,4,,0,30,,73471,19,4,,0,70,,73454,19,4,,0,30,,73446,19,4,,0,70,,73468,19,4,,0,26,,73462,19,4,,0,70,,73445,19,4,,0,30,,73469,19,4,,0,70,,73458,19,4,,0,30,,73444,19,4,,0,98,,73460,19,4,,0,70,,73443,19,4,,0,100,,73457,19,4,,0,25,,73473,19,4,,0
