1029,'1838',619,,34957,39,,,0,100,,34958,39,,,0,100,,34959,39,,,0,100,,34960,39,,,0,100,,34961,39,,,0,100,,34962,39,,,0,100,,34963,39,,,0,100,,34964,39,,,0,100,,34965,39,,,0,100,,34966,39,,,0,100,,34967,39,,,0,100,,34968,39,,,0,100,,34969,39,,,0,100,,34970,39,,,0,100,,34971,39,,,0,100,,34972,39,,,0,100,,34973,39,,,0,95,,34974,39,,,0
1029,'1897',619,,48609,39,,,0,30,,48610,39,,,0,70,,48630,39,,,0,30,,48606,39,,,0,70,,48601,39,,,0,30,,48634,39,,,0,70,,48604,39,,,0,30,,48611,39,,,0,70,,48629,39,,,0,30,,48608,39,,,0,70,,48600,39,,,0,30,,48633,39,,,0,70,,48605,39,,,0,30,,48612,39,,,0,70,,48628,39,,,0,30,,48607,39,,,0,70,,48602,39,,,0,30,,48631,39,,,0,70,,48603,39,,,0,30,,48613,39,,,0,70,,48627,39,,,0,30,,48616,39,,,0,70,,48615,39,,,0,30,,48614,39,,,0,70,,48620,39,,,0,30,,48619,39,,,0,70,,48618,39,,,0,30,,48617,39,,,0,70,,48632,39,,,0,30,,48626,39,,,0,70,,48625,39,,,0,30,,48624,39,,,0,70,,48623,39,,,0,30,,48622,39,,,0,65,,48621,39,,,0
1029,'1898',619,,48640,39,,,0,30,,48652,39,,,0,70,,48659,39,,,0,30,,48647,39,,,0,70,,48668,39,,,0,30,,48656,39,,,0,69,,48639,39,,,0,31,,48651,39,,,0,70,,48662,39,,,0,30,,48646,39,,,0,70,,48669,39,,,0,30,,48655,39,,,0,70,,48638,39,,,0,30,,48650,39,,,0,70,,48661,39,,,0,30,,48645,39,,,0,70,,48641,39,,,0,30,,48654,39,,,0,70,,48637,39,,,0,30,,48649,39,,,0,70,,48657,39,,,0,30,,48644,39,,,0,70,,48666,39,,,0,30,,48653,39,,,0,70,,48636,39,,,0,30,,48648,39,,,0,70,,48660,39,,,0,30,,48642,39,,,0,70,,48664,39,,,0,30,,48663,39,,,0,70,,48635,39,,,0,30,,48643,39,,,0,70,,48658,39,,,0,30,,48667,39,,,0,65,,48665,39,,,0
1029,'1899',619,,51547,39,,,0,100,,51548,39,,,0,100,,51549,39,,,0,100,,51550,39,,,0,100,,51551,39,,,0,100,,51552,39,,,0,100,,51553,39,,,0,100,,51554,39,,,0,100,,51555,39,,,0,100,,51556,39,,,0,100,,51557,39,,,0,100,,51558,39,,,0,100,,51559,39,,,0,100,,51560,39,,,0,100,,51561,39,,,0,100,,51562,39,,,0,100,,51563,39,,,0,95,,51564,39,,,0
2029,'1838',634,,51624,32,,,0,70,,51632,32,,,0,30,,51643,32,,,0,70,,51638,32,,,0,30,,51625,32,,,0,70,,51633,32,,,0,30,,51644,32,,,0,70,,51639,32,,,0,30,,51626,32,,,0,70,,51634,32,,,0,30,,51645,32,,,0,70,,51640,32,,,0,30,,51627,32,,,0,70,,51635,32,,,0,30,,51646,32,,,0,70,,51641,32,,,0,30,,51628,32,,,0,70,,51636,32,,,0,30,,51647,32,,,0,70,,51642,32,,,0,30,,51629,32,,,0,70,,51637,32,,,0,30,,51648,32,,,0,100,,51630,32,,,0,100,,51649,32,,,0,100,,51631,32,,,0,100,,51650,32,,,0,100,,51623,32,,,0
2029,'1897',537,,48735,18,,,0,67,,48737,32,,,0,30,,48738,32,,,0,70,,48739,32,,,0,30,,48740,32,,,0,70,,48741,32,,,0,30,,48767,32,,,0,70,,48758,32,,,0,30,,48743,32,,,0,70,,48744,32,,,0,30,,48745,32,,,0,70,,48746,32,,,0,30,,48747,32,,,0,70,,48748,32,,,0,30,,48749,32,,,0,70,,48750,32,,,0,30,,48751,32,,,0,70,,48752,32,,,0,30,,48753,32,,,0,70,,48754,32,,,0,30,,48755,32,,,0,70,,48756,32,,,0,30,,48757,32,,,0,70,,48759,32,,,0,30,,48760,32,,,0,70,,48761,32,,,0,30,,48762,32,,,0,70,,48763,32,,,0,30,,48764,32,,,0,100,,48765,32,,,0,100,,48766,32,,,0,100,,48742,32,,,0
2029,'1898',604,,48799,32,0,5 2 15 16 17,0,30,,48782,32,,,0,70,,48789,32,,,0,30,,48768,32,,,0,70,,48774,32,,,0,30,,48783,32,,,0,70,,48790,32,,,0,30,,48769,32,,,0,70,,48775,32,,,0,30,,48784,32,,,0,70,,48791,32,,,0,30,,48770,32,,,0,70,,48776,32,,,0,30,,48785,32,,,0,70,,48792,32,,,0,30,,48771,32,,,0,70,,48777,32,,,0,30,,48786,32,,,0,70,,48793,32,,,0,30,,48772,32,,,0,70,,48778,32,,,0,30,,48787,32,,,0,70,,48794,32,,,0,30,,48773,32,,,0,70,,48779,32,,,0,30,,48788,32,,,0,70,,48795,32,,,0,30,,48780,32,,,0,100,,48796,32,,,0,100,,48781,32,,,0,100,,48797,32,,,0
2029,'1899',634,,51657,32,,,0,70,,51665,32,,,0,30,,51676,32,,,0,70,,51671,32,,,0,30,,51658,32,,,0,70,,51666,32,,,0,30,,51677,32,,,0,70,,51672,32,,,0,30,,51659,32,,,0,70,,51667,32,,,0,30,,51678,32,,,0,70,,51673,32,,,0,30,,51660,32,,,0,70,,51668,32,,,0,30,,51679,32,,,0,70,,51674,32,,,0,30,,51661,32,,,0,70,,51669,32,,,0,30,,51680,32,,,0,70,,51675,32,,,0,30,,51662,32,,,0,70,,51670,32,,,0,30,,51681,32,,,0,100,,51663,32,,,0,100,,51682,32,,,0,100,,51664,32,,,0,100,,51683,32,,,0,100,,51656,32,,,0
501029,'1838',629,,45874,2,,,0,30,,45884,2,,,0,70,,45873,2,,,0,30,,45883,2,,,0,70,,45872,2,,,0,30,,45886,2,,,0,70,,38794,2,,,0,75,,52456,2,,,0,15,,38822,2,,,0,15,,52445,2,,,0,15,,45898,2,,,0,55,,52449,2,,,0,15,,45899,2,,,0,15,,45866,2,,,0,15,,45893,2,,,0,55,,52450,2,,,0,15,,38818,2,,,0,15,,45860,2,,,0,15,,45896,2,,,0,55,,52455,2,,,0,15,,38824,2,,,0,15,,45861,2,,,0,15,,45900,2,,,0,55,,52454,2,,,0,15,,38814,2,,,0,15,,45863,2,,,0,15,,45894,2,,,0,55,,52452,2,,,0,16,,38820,2,,,0,15,,45859,2,,,0,15,,45897,2,,,0,55,,52451,2,,,0,15,,38827,2,,,0,15,,45864,2,,,0,15,,45892,2,,,0,55,,52453,2,,,0,15,,38816,2,,,0,15,,45862,2,,,0,15,,45895,2,,,0,55,,52458,2,,,0,30,,45871,2,,,0,69,,52461,2,,,0,15,,38823,2,,,0,10,,45870,2,,,0,30,,38808,2,,,0,70,,45869,2,,,0,30,,52459,2,,,0,70,,52448,2,,,0,30,,52460,2,,,0,70,,52447,2,,,0,30,,52457,2,,,0,65,,52446,2,,,0
501029,'1897',534,,50363,2,,,0,95,,50364,2,,,0,10,,50430,2,,,0,10,,50365,2,,,0,10,,50366,2,,,0,60,,50367,2,,,0,15,,50368,2,,,0,17,,50369,2,,,0,52,,50370,2,,,0,13,,50371,2,,,0,5,,50429,2,,,0,5,,50372,2,,,0,11,,50373,2,,,0,15,,50374,2,,,0,52,,50375,2,,,0,15,,50376,2,,,0,15,,50377,2,,,0,15,,50378,2,,,0,55,,50379,2,,,0,15,,50380,2,,,0,15,,50381,2,,,0,15,,50382,2,,,0,55,,50383,2,,,0,15,,50384,2,,,0,15,,50385,2,,,0,15,,50386,2,,,0,55,,50387,2,,,0,15,,50388,2,,,0,15,,50389,2,,,0,15,,50390,2,,,0,55,,50391,2,,,0,15,,50392,2,,,0,15,,50393,2,,,0,15,,50394,2,,,0,56,,50395,2,,,0,15,,50396,2,,,0,15,,50361,2,,,0,15,,50362,2,,,0,52,,50397,2,,,0,6,,50428,2,,,0,6,,50398,2,,,0,12,,50399,2,,,0,12,,50400,2,,,0,12,,50401,2,,,0,52,,50402,2,,,0,6,,50431,2,,,0,6,,50403,2,,,0,12,,50404,2,,,0,12,,50405,2,,,0,11,,50406,2,,,0,52,,50407,2,,,0,12,,50408,2,,,0,12,,50409,2,,,0,12,,50410,2,,,0,12,,50411,2,,,0,52,,50412,2,,,0,12,,50413,2,,,0,12,,50414,2,,,0,12,,50415,2,,,0,12,,50416,2,,,0,55,,50417,2,,,0,15,,50418,2,,,0,15,,50419,2,,,0,70,,50420,2,,,0,30,,50421,2,,,0,70,,50422,2,,,0,25,,50423,2,,,0,30,,50424,2,,,0,70,,50425,2,,,0,30,,50426,2,,,0,66,,50427,2,,,0
501029,'1898',629,,50444,2,,,0,18,,50491,2,4,,0,57,,50449,2,,,0,15,,50484,2,,,0,15,,50443,2,,,0,70,,50450,2,,,0,30,,50442,2,,,0,70,,50448,2,,,0,30,,50441,2,,,0,15,,50434,2,,,0,55,,50447,2,,,0,15,,50446,2,,,0,15,,50459,2,,,0,15,,50468,2,,,0,55,,50485,2,,,0,15,,50477,2,,,0,15,,50460,2,,,0,15,,50469,2,,,0,55,,50486,2,,,0,15,,50478,2,,,0,15,,50461,2,,,0,15,,50470,2,,,0,55,,50487,2,,,0,15,,50479,2,,,0,15,,50462,2,,,0,15,,50471,2,,,0,55,,50488,2,,,0,15,,50480,2,,,0,15,,50463,2,,,0,15,,50472,2,,,0,55,,50489,2,,,0,16,,50481,2,,,0,15,,50464,2,,,0,15,,50473,2,,,0,55,,50490,2,,,0,15,,50482,2,,,0,15,,50465,2,,,0,15,,50474,2,,,0,55,,50467,2,,,0,15,,50483,2,,,0,15,,50466,2,,,0,15,,50475,2,,,0,55,,50456,2,,,0,15,,50458,2,,,0,15,,50440,2,,,0,14,,50476,2,,,0,55,,50457,2,,,0,15,,50492,2,,,0,15,,50439,2,,,0,70,,50454,2,,,0,25,,50438,2,,,0,30,,50455,2,,,0,70,,50437,2,,,0,30,,50453,2,,,0,70,,50436,2,,,0,30,,50452,2,,,0,65,,50435,2,,,0
501029,'1899',629,,52479,2,,,0,30,,52490,2,,,0,70,,52478,2,,,0,30,,52489,2,,,0,70,,52477,2,,,0,30,,52492,2,,,0,70,,52480,2,,,0,75,,52488,2,,,0,15,,52508,2,,,0,15,,52469,2,,,0,15,,52512,2,,,0,55,,52481,2,,,0,15,,52514,2,,,0,15,,52470,2,,,0,15,,52501,2,,,0,55,,52482,2,,,0,15,,52504,2,,,0,15,,52464,2,,,0,15,,52507,2,,,0,55,,52487,2,,,0,15,,52510,2,,,0,15,,52465,2,,,0,15,,52515,2,,,0,55,,52486,2,,,0,15,,52500,2,,,0,15,,52467,2,,,0,15,,52503,2,,,0,55,,52484,2,,,0,16,,52506,2,,,0,15,,52463,2,,,0,15,,52511,2,,,0,55,,52483,2,,,0,15,,52513,2,,,0,15,,52468,2,,,0,15,,52499,2,,,0,55,,52485,2,,,0,15,,52502,2,,,0,15,,52466,2,,,0,15,,52505,2,,,0,55,,52495,2,,,0,30,,52476,2,,,0,69,,52498,2,,,0,15,,52509,2,,,0,10,,52475,2,,,0,30,,52494,2,,,0,70,,52474,2,,,0,30,,52496,2,,,0,70,,52473,2,,,0,30,,52497,2,,,0,70,,52472,2,,,0,30,,52493,2,,,0,65,,52471,2,,,0
14000001029,'1838',543,,52991,17,0,18 7,0,1812,,52986,17,,,0,70,,52988,17,,,0,30,,52989,18,,,0,70,,52987,18,,,0,30,,52992,18,,,0,70,,52990,18,,,0
14000001029,'1897',441,,51514,17,0,18 7,0,102,,51515,17,0,18 7,0,1812,,51519,17,,,0,70,,51521,17,,,0,30,,51518,18,,,0,70,,51517,18,,,0,30,,51516,18,,,0,70,,51520,18,,,0
14000001029,'1898',543,,51526,17,0,18 7,0,1812,,51524,17,,,0,70,,51528,17,,,0,30,,51527,18,,,0,70,,51525,18,,,0,30,,51522,18,,,0,70,,51523,18,,,0
14000001029,'1899',543,,52997,17,0,18 7,0,1812,,52993,17,,,0,70,,52999,17,,,0,30,,52995,18,,,0,70,,52994,18,,,0,30,,52998,18,,,0,70,,52996,18,,,0
