15019,'1909',656,,61509,39,,,0,875,,61526,39,,,0,297,,61532,39,,,0
15019,'1910',930,,61542,39,,,0,302,,61545,39,,,0,203,,61547,39,,,0,100,,61548,39,,,0,100,,61549,39,,,0,100,,67300,39,,,0,98,,61551,39,,,0
15019,'1912',730,,61566,39,,,0,100,,61564,39,,,0,100,,61567,39,,,0,101,,61565,39,,,0,100,,61562,39,,,0,100,,61560,39,,,0,102,,61563,39,,,0,100,,61561,39,,,0,100,,61558,39,,,0,100,,61559,39,,,0,100,,61556,39,,,0,100,,61557,39,,,0,100,,61555,39,,,0,97,,71673,39,,,0
15019,'1924',730,,61580,39,,,0,100,,61578,39,,,0,100,,61581,39,,,0,101,,61579,39,,,0,100,,61576,39,,,0,100,,61574,39,,,0,102,,61577,39,,,0,100,,61575,39,,,0,100,,61572,39,,,0,100,,61573,39,,,0,100,,61570,39,,,0,100,,61571,39,,,0,100,,61569,39,,,0
15019,'1925',730,,61594,39,,,0,100,,61592,39,,,0,100,,61595,39,,,0,101,,61593,39,,,0,100,,61590,39,,,0,100,,61588,39,,,0,102,,61591,39,,,0,100,,61589,39,,,0,100,,61586,39,,,0,100,,61587,39,,,0,100,,61584,39,,,0,100,,61585,39,,,0,100,,61583,39,,,0,97,,71674,39,,,0
15019,'1949',603,,67336,5,0,5 2 6 7,0,197,,67326,39,,,0,1456,,67335,39,0,5 2 6 7,0
15019,'1955',605,,67303,5,0,5 2 6 7,0,125,,67295,39,,,0,100,,67296,39,,,0,202,,67297,39,,,0,100,,67298,39,,,0,203,,67299,39,,,0,598,,67301,39,,,0,97,,67302,39,,,0
15019,'1956',2030,,67305,39,,,0
15019,'1957',726,,71675,39,,,0,104,,71676,39,,,0,28,,71677,39,,,0,70,,71678,39,,,0,30,,71679,39,,,0,70,,71680,39,,,0,30,,71681,39,,,0,70,,71682,39,,,0,30,,71683,39,,,0,70,,71684,39,,,0,30,,71685,39,,,0,70,,71686,39,,,0,30,,71687,39,,,0,70,,71688,39,,,0,73,,71689,39,,,0,100,,71690,39,,,0,30,,71691,39,,,0,28,,71692,39,,,0,70,,71693,39,,,0,29,,71694,39,,,0,100,,71695,39,,,0,70,,71699,39,,,0,30,,71696,39,,,0,98,,71697,39,,,0,100,,71698,39,,,0
15019,'1958',605,,71707,5,0,5 2 6 7,0,125,,71700,39,,,0,100,,71701,39,,,0,202,,71702,39,,,0,100,,71703,39,,,0,203,,71704,39,,,0,598,,71705,39,,,0,97,,71706,39,,,0
15019,'1959',2030,,71708,39,,,0
