1019,'1912',631,,73606,38,,,0,100,,73607,38,,,0,101,,73608,38,,,0,100,,73609,38,,,0,100,,73610,38,,,0,102,,73611,38,,,0,100,,73612,38,,,0,100,,73613,38,,,0,100,,73614,38,,,0,100,,73615,38,,,0,100,,73616,38,,,0,100,,73617,38,,,0,100,,73618,38,,,0,98,,73619,38,,,0,100,,73620,38,,,0,100,,73621,38,,,0,102,,73622,38,,,0,95,,73623,38,,,0
1019,'1959',631,,73696,38,,,0,100,,73697,38,,,0,101,,73698,38,,,0,100,,73699,38,,,0,100,,73700,38,,,0,102,,73701,38,,,0,100,,73702,38,,,0,100,,73703,38,,,0,100,,73704,38,,,0,100,,73705,38,,,0,100,,73706,38,,,0,100,,73707,38,,,0,100,,73708,38,,,0,98,,73709,38,,,0,100,,73710,38,,,0,100,,73711,38,,,0,102,,73712,38,,,0,95,,73713,38,,,0
1019,'1967',602,,73695,38,,,0,30,,73684,38,,,0,70,,73670,38,,,0,30,,73689,38,,,0,70,,73679,38,,,0,30,,73664,38,,,0,70,,73685,38,,,0,30,,73687,38,,,0,70,,73669,38,,,0,32,,73690,38,,,0,70,,73678,38,,,0,30,,73663,38,,,0,70,,73673,38,,,0,30,,73683,38,,,0,70,,73668,38,,,0,30,,73691,38,,,0,70,,73677,38,,,0,30,,73662,38,,,0,70,,73672,38,,,0,30,,73682,38,,,0,70,,73667,38,,,0,30,,73692,38,,,0,70,,73676,38,,,0,30,,73661,38,,,0,70,,73671,38,,,0,30,,73681,38,,,0,70,,73665,38,,,0,28,,73693,38,,,0,70,,73674,38,,,0,30,,73660,38,,,0,70,,73666,38,,,0,30,,73680,38,,,0,74,,73675,38,,,0,30,,73694,38,,,0,70,,73688,38,,,0,25,,73686,38,,,0
1019,'1969',631,,73714,38,,,0,100,,73715,38,,,0,101,,73716,38,,,0,100,,73717,38,,,0,100,,73718,38,,,0,102,,73719,38,,,0,100,,73720,38,,,0,100,,73721,38,,,0,100,,73722,38,,,0,100,,73723,38,,,0,100,,73724,38,,,0,100,,73725,38,,,0,100,,73726,38,,,0,98,,73727,38,,,0,100,,73728,38,,,0,100,,73729,38,,,0,102,,73730,38,,,0,95,,73731,38,,,0
1019,'1976',601,,73659,38,,,0,35,,73655,38,,,0,71,,73631,38,,,0,33,,73626,38,,,0,70,,73644,38,,,0,30,,73628,38,,,0,71,,73633,38,,,0,32,,73658,38,,,0,70,,73630,38,,,0,30,,73624,38,,,0,70,,73643,38,,,0,30,,73629,38,,,0,70,,73634,38,,,0,30,,73654,38,,,0,70,,73632,38,,,0,30,,73625,38,,,0,70,,73656,38,,,0,31,,73627,38,,,0,70,,73635,38,,,0,30,,73653,38,,,0,70,,73646,38,,,0,30,,73638,38,,,0,70,,73636,38,,,0,28,,73639,38,,,0,68,,73641,38,,,0,30,,73640,38,,,0,70,,73637,38,,,0,25,,73657,38,,,0,70,,73651,38,,,0,28,,73652,38,,,0,70,,73650,38,,,0,30,,73649,38,,,0,70,,73648,38,,,0,30,,73647,38,,,0,70,,73645,38,,,0,30,,73642,38,,,0
1019,'1977',601,,75105,38,,,0,35,,75101,38,,,0,71,,75077,38,,,0,33,,75072,38,,,0,70,,75090,38,,,0,30,,75074,38,,,0,71,,75079,38,,,0,32,,75104,38,,,0,70,,75076,38,,,0,30,,75070,38,,,0,70,,75089,38,,,0,30,,75075,38,,,0,70,,75080,38,,,0,30,,75100,38,,,0,70,,75078,38,,,0,30,,75071,38,,,0,70,,75102,38,,,0,31,,75073,38,,,0,70,,75081,38,,,0,30,,75099,38,,,0,70,,75092,38,,,0,30,,75084,38,,,0,70,,75082,38,,,0,28,,75085,38,,,0,68,,75087,38,,,0,30,,75086,38,,,0,70,,75083,38,,,0,25,,75103,38,,,0,70,,75097,38,,,0,28,,75098,38,,,0,70,,75096,38,,,0,30,,75095,38,,,0,70,,75094,38,,,0,30,,75093,38,,,0,70,,75091,38,,,0,30,,75088,38,,,0
1029,'1912',602,,73732,15,,,0,98,,73733,15,,,0,100,,73734,15,,,0,100,,73735,15,,,0,101,,73736,15,,,0,100,,73737,15,,,0,100,,73738,15,,,0,100,,73739,15,,,0,100,,73740,15,,,0,100,,73741,15,,,0,100,,73742,15,,,0,100,,73743,15,,,0,100,,73744,15,,,0,100,,73745,15,,,0,100,,73746,15,,,0,100,,73747,15,,,0,100,,73748,15,,,0,99,,73749,15,,,0
1029,'1959',602,,73820,15,,,0,98,,73821,15,,,0,100,,73822,15,,,0,100,,73823,15,,,0,101,,73824,15,,,0,100,,73825,15,,,0,100,,73826,15,,,0,100,,73827,15,,,0,100,,73828,15,,,0,100,,73829,15,,,0,100,,73830,15,,,0,100,,73831,15,,,0,100,,73832,15,,,0,100,,73833,15,,,0,100,,73834,15,,,0,100,,73835,15,,,0,100,,73836,15,,,0,99,,73837,15,,,0
1029,'1967',602,,73790,15,,,0,28,,73802,15,,,0,70,,73809,15,,,0,30,,73797,15,,,0,70,,73818,15,,,0,30,,73806,15,,,0,70,,73789,15,,,0,29,,73801,15,,,0,30,,73812,15,,,0,70,,73796,15,,,0,30,,73819,15,,,0,70,,73805,15,,,0,30,,73788,15,,,0,70,,73800,15,,,0,30,,73811,15,,,0,70,,73795,15,,,0,30,,73791,15,,,0,70,,73804,15,,,0,30,,73787,15,,,0,70,,73799,15,,,0,30,,73807,15,,,0,70,,73794,15,,,0,30,,73816,15,,,0,70,,73803,15,,,0,30,,73786,15,,,0,71,,73798,15,,,0,70,,73810,15,,,0,30,,73792,15,,,0,70,,73814,15,,,0,30,,73813,15,,,0,70,,73785,15,,,0,30,,73793,15,,,0,70,,73808,15,,,0,30,,73817,15,,,0,70,,73815,15,,,0
1029,'1969',602,,73838,15,,,0,98,,73839,15,,,0,100,,73840,15,,,0,100,,73841,15,,,0,101,,73842,15,,,0,100,,73843,15,,,0,100,,73844,15,,,0,100,,73845,15,,,0,100,,73846,15,,,0,100,,73847,15,,,0,100,,73848,15,,,0,100,,73849,15,,,0,100,,73850,15,,,0,100,,73851,15,,,0,100,,73852,15,,,0,100,,73853,15,,,0,100,,73854,15,,,0,99,,73855,15,,,0
1029,'1976',600,,73759,15,,,0,35,,73760,15,,,0,65,,73780,15,,,0,30,,73756,15,,,0,70,,73751,15,,,0,30,,73784,15,,,0,73,,73754,15,,,0,30,,73761,15,,,0,70,,73779,15,,,0,30,,73758,15,,,0,70,,73750,15,,,0,30,,73783,15,,,0,70,,73755,15,,,0,30,,73762,15,,,0,70,,73778,15,,,0,30,,73757,15,,,0,70,,73752,15,,,0,30,,73781,15,,,0,71,,73753,15,,,0,30,,73763,15,,,0,70,,73777,15,,,0,30,,73766,15,,,0,70,,73765,15,,,0,30,,73764,15,,,0,67,,73770,15,,,0,30,,73769,15,,,0,70,,73768,15,,,0,30,,73767,15,,,0,70,,73782,15,,,0,29,,73776,15,,,0,70,,73775,15,,,0,30,,73774,15,,,0,70,,73773,15,,,0,30,,73772,15,,,0,25,,73771,15,,,0
1029,'1977',600,,75115,15,,,0,35,,75116,15,,,0,65,,75136,15,,,0,30,,75112,15,,,0,70,,75107,15,,,0,30,,75140,15,,,0,73,,75110,15,,,0,30,,75117,15,,,0,70,,75135,15,,,0,30,,75114,15,,,0,70,,75106,15,,,0,30,,75139,15,,,0,70,,75111,15,,,0,30,,75118,15,,,0,70,,75134,15,,,0,30,,75113,15,,,0,70,,75108,15,,,0,30,,75137,15,,,0,71,,75109,15,,,0,30,,75119,15,,,0,70,,75133,15,,,0,30,,75122,15,,,0,70,,75121,15,,,0,30,,75120,15,,,0,67,,75126,15,,,0,30,,75125,15,,,0,70,,75124,15,,,0,30,,75123,15,,,0,70,,75138,15,,,0,29,,75132,15,,,0,70,,75131,15,,,0,30,,75130,15,,,0,70,,75129,15,,,0,30,,75128,15,,,0,25,,75127,15,,,0
7029,'1912',720,,60657,18,,,0,100,,60658,18,,,0,100,,60659,18,,,0,100,,60660,18,,,0,100,,60661,18,,,0,100,,60662,18,,,0,100,,60663,18,,,0,101,,60664,18,,,0,100,,60665,18,,,0,99,,60666,18,,,0,100,,60667,18,,,0,100,,60668,18,,,0,100,,60669,18,,,0,101,,60670,18,,,0,100,,60656,18,,,0
7029,'1959',720,,60691,18,,,0,100,,60692,18,,,0,100,,60693,18,,,0,100,,60694,18,,,0,100,,60695,18,,,0,100,,60696,18,,,0,100,,60697,18,,,0,101,,60698,18,,,0,100,,60699,18,,,0,99,,60700,18,,,0,100,,60701,18,,,0,100,,60702,18,,,0,100,,60703,18,,,0,101,,60704,18,,,0,100,,60690,18,,,0
7029,'1967',622,,71269,7,,,0,29,,74332,18,,,0,70,,71262,18,,,0,30,,71252,18,,,0,70,,74333,18,,,0,30,,71253,18,,,0,70,,71263,18,,,0,30,,71254,18,,,0,70,,71264,18,,,0,30,,66633,18,,,0,70,,74334,18,,,0,30,,71255,18,,,0,70,,71265,18,,,0,30,,71256,18,,,0,70,,60640,18,,,0,30,,66636,18,,,0,70,,74335,18,,,0,30,,71257,18,,,0,70,,60642,18,,,0,30,,71258,18,,,0,70,,66647,18,,,0,30,,71259,18,,,0,70,,60644,18,,,0,30,,71260,18,,,0,70,,71266,18,,,0,30,,71261,18,,,0,70,,74336,18,,,0,30,,66642,18,,,0,70,,60647,18,,,0,100,,60648,18,,,0,100,,74337,18,,,0,100,,60650,18,,,0
7029,'1969',720,,60725,18,,,0,100,,60726,18,,,0,100,,60727,18,,,0,100,,60728,18,,,0,100,,60729,18,,,0,100,,60730,18,,,0,100,,60731,18,,,0,101,,60732,18,,,0,100,,60733,18,,,0,99,,60734,18,,,0,100,,60735,18,,,0,100,,60736,18,,,0,100,,60737,18,,,0,101,,60738,18,,,0,100,,60724,18,,,0
7029,'1976',518,,60618,18,,,0,100,,60588,18,,,0,32,,74323,18,,,0,72,,71228,18,,,0,30,,74324,18,,,0,70,,71230,18,,,0,30,,74325,18,,,0,70,,71232,18,,,0,30,,71233,18,,,0,70,,71234,18,,,0,30,,71235,18,,,0,70,,71236,18,,,0,30,,74326,18,,,0,70,,74321,18,,,0,30,,74322,18,,,0,70,,71225,18,,,0,31,,74320,18,,,0,70,,74319,18,,,0,31,,71226,18,,,0,69,,71238,18,,,0,30,,74327,18,,,0,70,,74328,18,,,0,29,,71241,18,,,0,70,,71242,18,,,0,30,,71243,18,,,0,70,,74329,18,,,0,30,,74330,18,,,0,70,,60608,18,,,0,30,,71245,18,,,0,70,,60610,18,,,0,100,,71246,18,,,0,99,,60612,18,,,0,100,,71250,18,,,0
7029,'1977',518,,75408,18,,,0,100,,75378,18,,,0,32,,75379,18,,,0,72,,75380,18,,,0,30,,75381,18,,,0,70,,75382,18,,,0,30,,75383,18,,,0,70,,75384,18,,,0,30,,75385,18,,,0,70,,75386,18,,,0,30,,75387,18,,,0,70,,75388,18,,,0,30,,75389,18,,,0,70,,75374,18,,,0,30,,75375,18,,,0,70,,75376,18,,,0,31,,75373,18,,,0,70,,75372,18,,,0,31,,75377,18,,,0,69,,75390,18,,,0,30,,75391,18,,,0,70,,75392,18,,,0,29,,75393,18,,,0,70,,75394,18,,,0,30,,75395,18,,,0,70,,75396,18,,,0,30,,75397,18,,,0,70,,75398,18,,,0,30,,75399,18,,,0,70,,75400,18,,,0,100,,75401,18,,,0,99,,75402,18,,,0,100,,75409,18,,,0
22019,'1912',647,,67626,2,0,19 2 32 26,0,100,,71967,2,0,19 2 32 26,0,100,,71964,2,,,0,92,,71965,2,,,0,100,,71959,2,,,0,100,,71963,2,,,0,100,,71960,2,,,0,100,,71961,2,,,0,100,,71958,2,,,0,100,,71962,2,,,0,100,,67620,2,,,0,100,,62212,2,0,19 2 32 26,0,100,,62213,2,0,19 2 32 26,0,100,,62214,2,0,19 2 32 26,0,108,,71966,2,0,19 2 32 26,0
22019,'1959',647,,67638,2,0,19 2 32 26,0,100,,72009,2,0,19 2 32 26,0,100,,72006,2,,,0,92,,72007,2,,,0,100,,72001,2,,,0,100,,72005,2,,,0,100,,72002,2,,,0,100,,72003,2,,,0,100,,72000,2,,,0,100,,72004,2,,,0,100,,67632,2,,,0,100,,62227,2,0,19 2 32 26,0,100,,62228,2,0,19 2 32 26,0,100,,62229,2,0,19 2 32 26,0,108,,72008,2,0,19 2 32 26,0
22019,'1967',619,,62202,2,0,19 2 32 26,0,23,,62195,2,0,19 2 32 26,0,70,,62191,2,0,19 2 32 26,0,30,,62196,2,0,19 2 32 26,0,70,,62192,2,0,19 2 32 26,0,30,,62172,2,,,0,72,,62173,2,,,0,30,,62174,2,,,0,70,,62175,2,,,0,30,,62176,2,,,0,70,,62177,2,,,0,30,,62178,2,,,0,70,,62179,2,,,0,31,,62180,2,,,0,70,,62181,2,,,0,30,,62182,2,,,0,70,,62183,2,,,0,31,,62184,2,,,0,70,,62185,2,,,0,30,,62186,2,,,0,70,,62187,2,,,0,29,,62188,2,,,0,70,,62189,2,,,0,29,,62197,2,0,19 2 32 26,0,70,,62193,2,0,19 2 32 26,0,30,,62198,2,0,19 2 32 26,0,69,,62190,2,0,19 2 32 26,0,30,,62199,2,0,19 2 32 26,0,69,,62194,2,0,19 2 32 26,0,30,,62200,2,0,19 2 32 26,0,70,,62201,2,0,19 2 32 26,0
22019,'1969',647,,67650,2,0,19 2 32 26,0,100,,71977,2,0,19 2 32 26,0,100,,71974,2,,,0,92,,71975,2,,,0,100,,71969,2,,,0,100,,71973,2,,,0,100,,71970,2,,,0,100,,71971,2,,,0,100,,71968,2,,,0,100,,71972,2,,,0,100,,67644,2,,,0,100,,62242,2,0,19 2 32 26,0,100,,62243,2,0,19 2 32 26,0,100,,62244,2,0,19 2 32 26,0,108,,71976,2,0,19 2 32 26,0
22019,'1976',553,,62171,2,0,19 2 32 26,0,92,,71978,2,0,19 2 32 26,0,70,,71979,2,0,19 2 32 26,0,32,,74520,2,,,0,70,,74521,2,,,0,32,,74522,2,,,0,70,,71983,2,,,0,30,,71984,2,,,0,70,,74523,2,,,0,30,,71986,2,,,0,70,,71987,2,,,0,30,,71988,2,,,0,70,,71989,2,,,0,30,,71990,2,,,0,70,,71991,2,,,0,30,,71992,2,,,0,70,,74524,2,,,0,31,,74525,2,,,0,69,,74526,2,,,0,29,,74535,2,,,0,70,,74527,2,,,0,30,,74528,2,,,0,68,,74529,2,,,0,30,,74530,2,,,0,69,,74531,2,,,0,30,,74532,2,,,0,70,,74533,2,,,0,30,,71997,2,,,0,69,,74534,2,,,0,30,,71998,2,,,0,70,,71999,2,0,19 2 32 26,0
22019,'1977',645,,75741,2,0,19 2 32 26,0,70,,75742,2,0,19 2 32 26,0,32,,75743,2,,,0,70,,75744,2,,,0,32,,75745,2,,,0,70,,75746,2,,,0,30,,75747,2,,,0,70,,75748,2,,,0,30,,75749,2,,,0,70,,75750,2,,,0,30,,75751,2,,,0,70,,75752,2,,,0,30,,75753,2,,,0,70,,75754,2,,,0,30,,75755,2,,,0,70,,75756,2,,,0,31,,75757,2,,,0,69,,75758,2,,,0,29,,75770,2,,,0,70,,75759,2,,,0,30,,75760,2,,,0,68,,75761,2,,,0,30,,75762,2,,,0,69,,75763,2,,,0,30,,75764,2,,,0,70,,75765,2,,,0,30,,75766,2,,,0,69,,75767,2,,,0,30,,75768,2,,,0,70,,75769,2,0,19 2 32 26,0
