10019,'1909',914,,60946,14,,,0,999,,60966,14,,,0,98,,60968,14,,,0,100,,60970,14,,,0,100,,60971,14,,,0
10019,'1910',1843,,66746,14,,,0,69,,60997,14,,,0,100,,66747,14,,,0,100,,60999,14,,,0
10019,'1912',742,,61000,14,,,0,70,,66748,14,,,0,30,,61002,14,,,0,70,,66749,14,,,0,30,,61004,14,,,0,70,,71282,14,,,0,30,,71283,14,,,0,70,,71284,14,,,0,30,,71285,14,,,0,71,,71286,14,,,0,30,,71287,14,,,0,70,,71288,14,,,0,30,,71289,14,,,0,70,,71290,14,,,0,30,,71291,14,,,0,70,,71292,14,,,0,30,,71293,14,,,0,70,,71294,14,,,0,30,,66763,14,,,0,70,,71295,14,,,0,30,,71296,14,,,0,69,,71297,14,,,0,30,,66767,14,,,0,70,,71298,14,,,0
10019,'1924',742,,61024,14,,,0,70,,66769,14,,,0,30,,61026,14,,,0,70,,66770,14,,,0,30,,61028,14,,,0,701,,66784,14,,,0,199,,66788,14,,,0
10019,'1925',742,,61048,14,,,0,70,,66790,14,,,0,30,,61050,14,,,0,70,,66791,14,,,0,30,,61052,14,,,0,70,,71299,14,,,0,30,,71300,14,,,0,70,,71301,14,,,0,30,,71302,14,,,0,71,,71303,14,,,0,30,,71304,14,,,0,70,,71305,14,,,0,30,,71306,14,,,0,70,,71307,14,,,0,30,,71308,14,,,0,70,,71309,14,,,0,30,,71310,14,,,0,70,,71311,14,,,0,30,,66805,14,,,0,70,,71312,14,,,0,30,,71313,14,,,0,69,,71314,14,,,0,30,,66809,14,,,0,70,,71315,14,,,0
10019,'1949',1344,,66831,14,,,0
10019,'1955',642,,60972,14,,,0,70,,66724,14,,,0,30,,66725,14,,,0,70,,66726,14,,,0,30,,60976,14,,,0,70,,66727,14,,,0,30,,66728,14,,,0,71,,66729,14,,,0,30,,66730,14,,,0,70,,66731,14,,,0,30,,66732,14,,,0,70,,66733,14,,,0,30,,66734,14,,,0,70,,66735,14,,,0,30,,66736,14,,,0,70,,66737,14,,,0,30,,66738,14,,,0,70,,66739,14,,,0,30,,66740,14,,,0,70,,66741,14,,,0,30,,66742,14,,,0,70,,66743,14,,,0,30,,66744,14,,,0,70,,66745,14,,,0
10019,'1956',1012,,66771,14,,,0,30,,66772,14,,,0,70,,66773,14,,,0,30,,66774,14,,,0,71,,66775,14,,,0,30,,66776,14,,,0,70,,66777,14,,,0,30,,66778,14,,,0,70,,66779,14,,,0,30,,66780,14,,,0,70,,66781,14,,,0,30,,66782,14,,,0,70,,66783,14,,,0,100,,66785,14,,,0,30,,66786,14,,,0,69,,66787,14,,,0,100,,66789,14,,,0
10019,'1957',542,,71316,14,,,0,70,,71317,14,,,0,30,,71318,14,,,0,71,,71319,14,,,0,30,,71320,14,,,0,70,,71321,14,,,0,30,,71322,14,,,0,101,,71323,14,,,0,70,,71324,14,,,0,30,,71325,14,,,0,70,,71326,14,,,0,30,,71327,14,,,0,70,,71328,14,,,0,30,,71329,14,,,0,70,,71330,14,,,0,100,,71331,14,,,0,33,,71332,14,,,0,70,,71333,14,,,0,30,,71334,14,,,0,70,,71335,14,,,0,30,,71336,14,,,0,70,,71337,14,,,0,26,,71338,14,,,0,70,,71339,14,,,0,30,,71340,14,,,0,100,,71341,14,,,0,98,,71342,14,,,0
10019,'1958',642,,71343,14,,,0,70,,71344,14,,,0,30,,71345,14,,,0,70,,71346,14,,,0,30,,71347,14,,,0,70,,71348,14,,,0,30,,71349,14,,,0,71,,71350,14,,,0,30,,71351,14,,,0,70,,71352,14,,,0,30,,71353,14,,,0,70,,71354,14,,,0,30,,71355,14,,,0,70,,71356,14,,,0,30,,71357,14,,,0,70,,71358,14,,,0,30,,71359,14,,,0,70,,71360,14,,,0,30,,71361,14,,,0,70,,71362,14,,,0,30,,71363,14,,,0,70,,71364,14,,,0,30,,71365,14,,,0,70,,71366,14,,,0
10019,'1959',1012,,71367,14,,,0,30,,71368,14,,,0,70,,71369,14,,,0,30,,71370,14,,,0,71,,71371,14,,,0,30,,71372,14,,,0,70,,71373,14,,,0,30,,71374,14,,,0,70,,71375,14,,,0,30,,71376,14,,,0,70,,71377,14,,,0,30,,71378,14,,,0,70,,71379,14,,,0,100,,71380,14,,,0,30,,71381,14,,,0,69,,71382,14,,,0,100,,71383,14,,,0
