609,'1912',835,,70924,5,0,5 2 6 7,0,100,,70925,5,0,5 2 6 7,0,100,,70926,5,0,5 2 6 7,0,100,,70927,5,0,5 2 6 7,0,101,,70928,5,0,5 2 6 7,0,100,,70929,5,0,5 2 6 7,0,100,,70930,5,0,5 2 6 7,0,100,,70931,5,0,5 2 6 7,0,100,,70932,5,0,5 2 6 7,0,100,,70933,5,0,5 2 6 7,0,99,,70934,5,0,5 2 6 7,0,100,,70935,5,0,5 2 6 7,0
609,'1925',835,,70960,5,0,5 2 6 7,0,100,,70961,5,0,5 2 6 7,0,100,,70962,5,0,5 2 6 7,0,100,,70963,5,0,5 2 6 7,0,101,,70964,5,0,5 2 6 7,0,100,,70965,5,0,5 2 6 7,0,100,,70966,5,0,5 2 6 7,0,100,,70967,5,0,5 2 6 7,0,100,,70968,5,0,5 2 6 7,0,100,,70969,5,0,5 2 6 7,0,99,,70970,5,0,5 2 6 7,0,100,,70971,5,0,5 2 6 7,0
609,'1955',606,,66377,5,0,15 16 17,0,30,,66358,5,0,15 16 17,0,70,,66346,5,0,15 16 17,0,30,,60217,5,0,15 16 17,0,70,,66345,5,0,15 16 17,0,30,,66357,5,0,15 16 17,0,70,,66344,5,0,15 16 17,0,28,,66370,5,0,15 16 17,0,70,,66343,5,0,15 16 17,0,30,,66356,5,0,15 16 17,0,72,,66342,5,0,15 16 17,0,30,,66369,5,0,15 16 17,0,70,,66341,5,0,15 16 17,0,30,,66355,5,0,15 16 17,0,70,,66340,5,0,15 16 17,0,30,,66368,5,0,15 16 17,0,70,,66339,5,0,15 16 17,0,30,,66354,5,0,15 16 17,0,70,,66338,5,0,15 16 17,0,30,,66367,5,0,15 16 17,0,70,,66337,5,0,15 16 17,0,30,,66353,5,0,15 16 17,0,70,,66336,5,0,15 16 17,0,30,,66373,5,0,15 16 17,0,70,,60204,5,0,15 16 17,0,30,,66371,5,0,15 16 17,0,68,,66374,5,0,5 2 6 7,0,100,,66366,5,0,5 2 6 7,0,100,,66378,5,0,5 2 6 7,0
609,'1956',835,,66440,5,0,5 2 6 7,0,100,,66441,5,0,5 2 6 7,0,100,,66442,5,0,5 2 6 7,0,100,,66443,5,0,5 2 6 7,0,101,,66444,5,0,5 2 6 7,0,100,,66445,5,0,5 2 6 7,0,100,,66446,5,0,5 2 6 7,0,100,,66447,5,0,5 2 6 7,0,100,,66448,5,0,5 2 6 7,0,100,,66449,5,0,5 2 6 7,0,99,,66450,5,0,5 2 6 7,0,100,,66451,5,0,5 2 6 7,0
609,'1957',615,,71022,5,0,15 16 17,0,35,,70980,5,0,15 16 17,0,71,,70977,5,0,15 16 17,0,30,,70989,5,0,15 16 17,0,70,,70991,5,0,15 16 17,0,30,,71000,5,0,15 16 17,0,70,,71021,5,0,15 16 17,0,30,,70988,5,0,15 16 17,0,70,,70997,5,0,15 16 17,0,30,,70998,5,0,15 16 17,0,70,,70996,5,0,15 16 17,0,30,,71019,5,0,15 16 17,0,70,,71018,5,0,15 16 17,0,30,,71015,5,0,15 16 17,0,70,,71016,5,0,15 16 17,0,30,,71017,5,0,15 16 17,0,70,,71014,5,0,15 16 17,0,30,,71012,5,0,15 16 17,0,70,,71013,5,0,15 16 17,0,30,,71011,5,0,15 16 17,0,70,,71009,5,0,15 16 17,0,30,,71008,5,0,15 16 17,0,70,,71010,5,0,15 16 17,0,29,,71007,5,0,15 16 17,0,65,,71006,5,0,15 16 17,0,30,,71005,5,0,15 16 17,0,90,,71003,5,0,15 16 17,0,100,,71004,5,0,15 16 17,0,100,,71002,5,0,15 16 17,0,100,,71024,5,0,15 16 17,0
609,'1958',606,,71081,5,0,15 16 17,0,30,,71060,5,0,15 16 17,0,70,,71048,5,0,15 16 17,0,30,,71074,5,0,15 16 17,0,70,,71047,5,0,15 16 17,0,30,,71059,5,0,15 16 17,0,70,,71046,5,0,15 16 17,0,28,,71073,5,0,15 16 17,0,70,,71045,5,0,15 16 17,0,30,,71058,5,0,15 16 17,0,72,,71044,5,0,15 16 17,0,30,,71072,5,0,15 16 17,0,70,,71043,5,0,15 16 17,0,30,,71057,5,0,15 16 17,0,70,,71042,5,0,15 16 17,0,30,,71071,5,0,15 16 17,0,70,,71041,5,0,15 16 17,0,30,,71056,5,0,15 16 17,0,70,,71040,5,0,15 16 17,0,30,,71070,5,0,15 16 17,0,70,,71039,5,0,15 16 17,0,30,,71055,5,0,15 16 17,0,70,,71038,5,0,15 16 17,0,30,,71077,5,0,15 16 17,0,70,,71061,5,0,15 16 17,0,30,,71075,5,0,15 16 17,0,68,,71078,5,0,5 2 6 7,0,100,,71069,5,0,5 2 6 7,0,100,,71082,5,0,5 2 6 7,0
609,'1959',835,,71108,5,0,5 2 6 7,0,100,,71109,5,0,5 2 6 7,0,100,,71110,5,0,5 2 6 7,0,100,,71111,5,0,5 2 6 7,0,101,,71112,5,0,5 2 6 7,0,100,,71113,5,0,5 2 6 7,0,100,,71114,5,0,5 2 6 7,0,100,,71115,5,0,5 2 6 7,0,100,,71116,5,0,5 2 6 7,0,100,,71117,5,0,5 2 6 7,0,99,,71118,5,0,5 2 6 7,0,100,,71119,5,0,5 2 6 7,0
15019,'1909',641,,61509,16,,,0,873,,61526,16,,,0,299,,61532,16,,,0
15019,'1910',916,,61542,16,,,0,301,,61545,16,,,0,202,,61547,16,,,0,100,,61548,16,,,0,100,,61549,16,,,0,100,,67300,16,,,0,98,,61551,16,,,0
15019,'1912',716,,61566,16,,,0,100,,61564,16,,,0,100,,61567,16,,,0,101,,61565,16,,,0,100,,61562,16,,,0,100,,61560,16,,,0,101,,61563,16,,,0,100,,61561,16,,,0,100,,61558,16,,,0,100,,61559,16,,,0,100,,61556,16,,,0,100,,61557,16,,,0,100,,61555,16,,,0,98,,71673,16,,,0
15019,'1924',716,,61580,16,,,0,100,,61578,16,,,0,100,,61581,16,,,0,101,,61579,16,,,0,100,,61576,16,,,0,100,,61574,16,,,0,101,,61577,16,,,0,100,,61575,16,,,0,100,,61572,16,,,0,100,,61573,16,,,0,100,,61570,16,,,0,100,,61571,16,,,0,100,,61569,16,,,0
15019,'1925',716,,61594,16,,,0,100,,61592,16,,,0,100,,61595,16,,,0,101,,61593,16,,,0,100,,61590,16,,,0,100,,61588,16,,,0,101,,61591,16,,,0,100,,61589,16,,,0,100,,61586,16,,,0,100,,61587,16,,,0,100,,61584,16,,,0,100,,61585,16,,,0,100,,61583,16,,,0,98,,71674,16,,,0
15019,'1949',743,,67326,16,,,0,1498,,67335,16,0,5 2 6 7,0
15019,'1955',716,,67295,16,,,0,100,,67296,16,,,0,201,,67297,16,,,0,100,,67298,16,,,0,202,,67299,16,,,0,598,,67301,16,,,0,99,,67302,16,,,0
15019,'1956',2016,,67305,16,,,0
15019,'1957',711,,71675,16,,,0,102,,71676,16,,,0,30,,71677,16,,,0,70,,71678,16,,,0,30,,71679,16,,,0,70,,71680,16,,,0,30,,71681,16,,,0,70,,71682,16,,,0,30,,71683,16,,,0,70,,71684,16,,,0,30,,71685,16,,,0,70,,71686,16,,,0,30,,71687,16,,,0,70,,71688,16,,,0,31,,71689,16,,,0,100,,71690,16,,,0,70,,71691,16,,,0,29,,71692,16,,,0,70,,71693,16,,,0,30,,71694,16,,,0,100,,71695,16,,,0,70,,71699,16,,,0,30,,71696,16,,,0,98,,71697,16,,,0,100,,71698,16,,,0
15019,'1958',716,,71700,16,,,0,100,,71701,16,,,0,201,,71702,16,,,0,100,,71703,16,,,0,202,,71704,16,,,0,598,,71705,16,,,0,99,,71706,16,,,0
15019,'1959',2016,,71708,16,,,0
