1019,'1912',610,,73606,13,,,0,100,,73607,13,,,0,100,,73608,13,,,0,100,,73609,13,,,0,100,,73610,13,,,0,100,,73611,13,,,0,100,,73612,13,,,0,100,,73613,13,,,0,100,,73614,13,,,0,100,,73615,13,,,0,100,,73616,13,,,0,100,,73617,13,,,0,100,,73618,13,,,0,100,,73619,13,,,0,100,,73620,13,,,0,100,,73621,13,,,0,100,,73622,13,,,0,100,,73623,13,,,0
1019,'1959',610,,73696,13,,,0,100,,73697,13,,,0,100,,73698,13,,,0,100,,73699,13,,,0,100,,73700,13,,,0,100,,73701,13,,,0,100,,73702,13,,,0,100,,73703,13,,,0,100,,73704,13,,,0,100,,73705,13,,,0,100,,73706,13,,,0,100,,73707,13,,,0,100,,73708,13,,,0,100,,73709,13,,,0,100,,73710,13,,,0,100,,73711,13,,,0,100,,73712,13,,,0,100,,73713,13,,,0
1019,'1967',539,,73695,13,,,0,70,,73684,13,,,0,30,,73670,13,,,0,70,,73689,13,,,0,30,,73679,13,,,0,70,,73664,13,,,0,30,,73685,13,,,0,70,,73687,13,,,0,30,,73669,13,,,0,72,,73690,13,,,0,30,,73678,13,,,0,70,,73663,13,,,0,30,,73673,13,,,0,70,,73683,13,,,0,30,,73668,13,,,0,70,,73691,13,,,0,30,,73677,13,,,0,70,,73662,13,,,0,30,,73672,13,,,0,70,,73682,13,,,0,30,,73667,13,,,0,70,,73692,13,,,0,30,,73676,13,,,0,70,,73661,13,,,0,30,,73671,13,,,0,70,,73681,13,,,0,30,,73665,13,,,0,69,,73693,13,,,0,30,,73674,13,,,0,70,,73660,13,,,0,30,,73666,13,,,0,70,,73680,13,,,0,30,,73675,13,,,0,70,,73694,13,,,0,30,,73688,13,,,0,70,,73686,13,,,0
1019,'1969',610,,73714,13,,,0,100,,73715,13,,,0,100,,73716,13,,,0,100,,73717,13,,,0,100,,73718,13,,,0,100,,73719,13,,,0,100,,73720,13,,,0,100,,73721,13,,,0,100,,73722,13,,,0,100,,73723,13,,,0,100,,73724,13,,,0,100,,73725,13,,,0,100,,73726,13,,,0,100,,73727,13,,,0,100,,73728,13,,,0,100,,73729,13,,,0,100,,73730,13,,,0,100,,73731,13,,,0
1019,'1976',539,,73659,13,,,0,75,,73655,13,,,0,30,,73631,13,,,0,72,,73626,13,,,0,30,,73644,13,,,0,70,,73628,13,,,0,30,,73633,13,,,0,71,,73658,13,,,0,30,,73630,13,,,0,70,,73624,13,,,0,30,,73643,13,,,0,70,,73629,13,,,0,30,,73634,13,,,0,70,,73654,13,,,0,30,,73632,13,,,0,70,,73625,13,,,0,30,,73656,13,,,0,70,,73627,13,,,0,30,,73635,13,,,0,70,,73653,13,,,0,30,,73646,13,,,0,70,,73638,13,,,0,30,,73636,13,,,0,70,,73639,13,,,0,29,,73641,13,,,0,70,,73640,13,,,0,30,,73637,13,,,0,65,,73657,13,,,0,30,,73651,13,,,0,68,,73652,13,,,0,30,,73650,13,,,0,70,,73649,13,,,0,30,,73648,13,,,0,70,,73647,13,,,0,30,,73645,13,,,0,70,,73642,13,,,0
1019,'1977',539,,75105,13,,,0,75,,75101,13,,,0,30,,75077,13,,,0,72,,75072,13,,,0,30,,75090,13,,,0,70,,75074,13,,,0,30,,75079,13,,,0,71,,75104,13,,,0,30,,75076,13,,,0,70,,75070,13,,,0,30,,75089,13,,,0,70,,75075,13,,,0,30,,75080,13,,,0,70,,75100,13,,,0,30,,75078,13,,,0,70,,75071,13,,,0,30,,75102,13,,,0,70,,75073,13,,,0,30,,75081,13,,,0,70,,75099,13,,,0,30,,75092,13,,,0,70,,75084,13,,,0,30,,75082,13,,,0,70,,75085,13,,,0,29,,75087,13,,,0,70,,75086,13,,,0,30,,75083,13,,,0,65,,75103,13,,,0,30,,75097,13,,,0,68,,75098,13,,,0,30,,75096,13,,,0,70,,75095,13,,,0,30,,75094,13,,,0,70,,75093,13,,,0,30,,75091,13,,,0,70,,75088,13,,,0
2019,'1912',655,,73883,22,,,0,70,,73860,22,,,0,30,,73864,22,,,0,70,,73876,22,,,0,30,,73871,22,,,0,70,,73861,22,,,0,30,,73865,22,,,0,70,,73877,22,,,0,30,,73872,22,,,0,70,,73862,22,,,0,30,,73866,22,,,0,70,,73878,22,,,0,30,,73873,22,,,0,70,,73863,22,,,0,30,,73867,22,,,0,70,,73879,22,,,0,30,,73874,22,,,0,70,,73858,22,,,0,30,,73868,22,,,0,70,,73880,22,,,0,30,,73875,22,,,0,70,,73856,22,,,0,30,,73869,22,,,0,70,,73881,22,,,0,100,,73857,22,,,0,100,,73882,22,,,0,100,,73859,22,,,0,100,,73870,22,,,0,99,,73884,22,,,0
2019,'1959',655,,73975,22,,,0,70,,73952,22,,,0,30,,73956,22,,,0,70,,73968,22,,,0,30,,73963,22,,,0,70,,73953,22,,,0,30,,73957,22,,,0,70,,73969,22,,,0,30,,73964,22,,,0,70,,73954,22,,,0,30,,73958,22,,,0,70,,73970,22,,,0,30,,73965,22,,,0,70,,73955,22,,,0,30,,73959,22,,,0,70,,73971,22,,,0,30,,73966,22,,,0,70,,73950,22,,,0,30,,73960,22,,,0,70,,73972,22,,,0,30,,73967,22,,,0,70,,73948,22,,,0,30,,73961,22,,,0,70,,73973,22,,,0,100,,73949,22,,,0,100,,73974,22,,,0,100,,73951,22,,,0,100,,73962,22,,,0,99,,73976,22,,,0
2019,'1967',624,,73917,13,,,0,30,,73924,22,,,0,70,,73933,22,,,0,30,,73940,22,,,0,70,,73918,22,,,0,30,,73925,22,,,0,70,,73934,22,,,0,30,,73941,22,,,0,72,,73919,22,,,0,30,,73926,22,,,0,70,,73935,22,,,0,30,,73942,22,,,0,70,,73920,22,,,0,30,,73927,22,,,0,70,,73936,22,,,0,30,,73943,22,,,0,70,,73921,22,,,0,30,,73928,22,,,0,70,,73937,22,,,0,30,,73944,22,,,0,70,,73922,22,,,0,30,,73929,22,,,0,70,,73938,22,,,0,30,,73945,22,,,0,70,,73923,22,,,0,30,,73930,22,,,0,70,,73939,22,,,0,99,,73931,22,,,0,100,,73946,22,,,0,100,,73932,22,,,0,100,,73947,22,,,0
2019,'1969',655,,74004,22,,,0,70,,73981,22,,,0,30,,73985,22,,,0,70,,73997,22,,,0,30,,73992,22,,,0,70,,73982,22,,,0,30,,73986,22,,,0,70,,73998,22,,,0,30,,73993,22,,,0,70,,73983,22,,,0,30,,73987,22,,,0,70,,73999,22,,,0,30,,73994,22,,,0,70,,73984,22,,,0,30,,73988,22,,,0,70,,74000,22,,,0,30,,73995,22,,,0,70,,73979,22,,,0,30,,73989,22,,,0,70,,74001,22,,,0,30,,73996,22,,,0,70,,73977,22,,,0,30,,73990,22,,,0,70,,74002,22,,,0,100,,73978,22,,,0,100,,74003,22,,,0,100,,73980,22,,,0,100,,73991,22,,,0,99,,74005,22,,,0
2019,'1976',451,,73916,13,0,5 2 13 14,0,173,,73885,22,,,0,30,,73886,22,,,0,72,,73887,22,,,0,30,,73888,22,,,0,70,,73889,22,,,0,30,,73890,22,,,0,71,,73907,22,,,0,30,,73908,22,,,0,70,,73909,22,,,0,30,,73910,22,,,0,70,,73911,22,,,0,30,,73912,22,,,0,70,,73913,22,,,0,30,,73914,22,,,0,70,,73915,22,,,0,30,,73905,22,,,0,70,,73906,22,,,0,30,,73891,22,,,0,70,,73892,22,,,0,30,,73893,22,,,0,70,,73894,22,,,0,30,,73895,22,,,0,70,,73896,22,,,0,29,,73897,22,,,0,70,,73898,22,,,0,30,,73904,22,,,0,70,,73899,22,,,0,98,,73900,22,,,0,100,,73901,22,,,0,100,,73902,22,,,0,100,,73903,22,,,0
2019,'1977',451,,75172,13,0,5 2 13 14,0,173,,75141,22,,,0,30,,75142,22,,,0,72,,75143,22,,,0,30,,75144,22,,,0,70,,75145,22,,,0,30,,75146,22,,,0,71,,75163,22,,,0,30,,75164,22,,,0,70,,75165,22,,,0,30,,75166,22,,,0,70,,75167,22,,,0,30,,75168,22,,,0,70,,75169,22,,,0,30,,75170,22,,,0,70,,75171,22,,,0,30,,75161,22,,,0,70,,75162,22,,,0,30,,75147,22,,,0,70,,75148,22,,,0,30,,75149,22,,,0,70,,75150,22,,,0,30,,75151,22,,,0,70,,75152,22,,,0,29,,75153,22,,,0,70,,75154,22,,,0,30,,75160,22,,,0,70,,75155,22,,,0,98,,75156,22,,,0,100,,75157,22,,,0,100,,75158,22,,,0,100,,75159,22,,,0
12019,'1976',634,,61256,13,,,0,71,,61259,13,,,0,31,,74399,13,,,0,70,,74403,13,,,0,30,,61261,13,,,0,71,,61258,13,0,5 2 12,0,30,,74394,13,0,5 2 12,0,70,,74395,13,0,5 2 12,0,30,,61238,13,0,5 2 12,0,70,,61239,13,0,5 2 12,0,30,,61240,13,0,5 2 12,0,70,,74391,13,0,5 2 12,0,30,,74392,13,0,5 2 12,0,70,,61243,13,0,5 2 12,0,30,,61244,13,0,5 2 12,0,70,,61245,13,0,5 2 12,0,30,,74393,13,,,0,69,,74402,13,,,0,30,,74398,13,,,0,70,,74400,13,,,0,30,,74397,13,,,0,70,,74401,13,,,0,30,,74396,13,,,0,70,,71547,13,,,0
12019,'1977',636,,75512,13,0,5 2 12,0,70,,75508,13,0,5 2 12,0,30,,75510,13,0,5 2 12,0,71,,75509,13,0,5 2 12,0,29,,75511,13,0,5 2 12,0,600,,75520,13,0,5 2 12,0,71,,75518,13,0,5 2 12,0,29,,75516,13,0,5 2 12,0,71,,75517,13,0,5 2 12,0,29,,75515,13,0,5 2 12,0,71,,75513,13,0,5 2 12,0,29,,75514,13,0,5 2 12,0,71,,75519,13,0,5 2 12,0
502029,'1912',626,,72667,15,,,0,28,,72649,15,,,0,65,,72658,15,,,0,30,,72683,15,,,0,71,,72663,15,,,0,30,,72682,15,,,0,71,,72661,15,,,0,30,,72681,15,,,0,70,,72650,15,,,0,30,,72680,15,,,0,55,,72692,15,,,0,15,,72651,15,,,0,15,,72694,15,,,0,15,,72679,15,,,0,56,,72697,15,,,0,17,,72652,15,,,0,15,,72686,15,,,0,15,,72678,15,,,0,55,,72689,15,,,0,15,,72653,15,,,0,15,,72691,15,,,0,15,,72677,15,,,0,55,,72695,15,,,0,15,,72654,15,,,0,15,,72696,15,,,0,15,,72676,15,,,0,55,,72685,15,,,0,15,,72655,15,,,0,15,,72688,15,,,0,15,,72675,15,,,0,55,,72690,15,,,0,15,,72656,15,,,0,14,,72693,15,,,0,15,,72674,15,,,0,55,,72698,15,,,0,15,,72657,15,,,0,15,,72684,15,,,0,15,,72673,15,,,0,54,,72687,15,,,0,15,,72666,15,,,0,29,,72672,15,,,0,70,,72664,15,,,0,30,,72671,15,,,0,70,,72659,15,,,0,30,,72670,15,,,0,70,,72660,15,,,0,30,,72668,15,,,0,68,,72665,15,,,0,30,,72669,15,,,0,70,,72662,15,,,0
502029,'1959',626,,72893,15,,,0,28,,72875,15,,,0,65,,72884,15,,,0,30,,72909,15,,,0,71,,72889,15,,,0,30,,72908,15,,,0,71,,72887,15,,,0,30,,72907,15,,,0,70,,72876,15,,,0,30,,72906,15,,,0,55,,72918,15,,,0,15,,72877,15,,,0,15,,72920,15,,,0,15,,72905,15,,,0,56,,72923,15,,,0,17,,72878,15,,,0,15,,72912,15,,,0,15,,72904,15,,,0,55,,72915,15,,,0,15,,72879,15,,,0,15,,72917,15,,,0,15,,72903,15,,,0,55,,72921,15,,,0,15,,72880,15,,,0,15,,72922,15,,,0,15,,72902,15,,,0,55,,72911,15,,,0,15,,72881,15,,,0,15,,72914,15,,,0,15,,72901,15,,,0,55,,72916,15,,,0,15,,72882,15,,,0,14,,72919,15,,,0,15,,72900,15,,,0,55,,72924,15,,,0,15,,72883,15,,,0,15,,72910,15,,,0,15,,72899,15,,,0,54,,72913,15,,,0,15,,72892,15,,,0,29,,72898,15,,,0,70,,72890,15,,,0,30,,72897,15,,,0,70,,72885,15,,,0,30,,72896,15,,,0,70,,72886,15,,,0,30,,72894,15,,,0,68,,72891,15,,,0,30,,72895,15,,,0,70,,72888,15,,,0
502029,'1967',625,,72827,15,,,0,15,,74956,15,,,0,15,,72834,15,,,0,70,,74936,15,,,0,30,,72835,15,,,0,65,,74935,15,,,0,30,,74938,15,,,0,71,,74934,15,,,0,30,,74939,15,,,0,56,,72838,15,,,0,17,,74948,15,,,0,15,,72847,15,,,0,15,,74940,15,,,0,55,,72839,15,,,0,15,,74949,15,,,0,15,,72848,15,,,0,15,,74941,15,,,0,55,,72840,15,,,0,15,,74950,15,,,0,15,,72849,15,,,0,15,,74942,15,,,0,55,,72841,15,,,0,15,,74951,15,,,0,15,,72850,15,,,0,15,,74943,15,,,0,55,,72842,15,,,0,15,,74952,15,,,0,15,,72851,15,,,0,15,,74944,15,,,0,55,,72843,15,,,0,15,,74953,15,,,0,15,,72852,15,,,0,15,,74945,15,,,0,55,,72844,15,,,0,15,,74954,15,,,0,15,,72853,15,,,0,15,,74946,15,,,0,55,,72845,15,,,0,15,,74955,15,,,0,15,,72854,15,,,0,15,,74937,15,,,0,55,,72846,15,,,0,15,,74947,15,,,0,15,,72855,15,,,0,15,,72830,15,,,0,55,,72872,15,,,0,14,,74957,15,,,0,30,,72831,15,,,0,69,,74933,15,,,0,30,,72832,15,,,0,70,,74932,15,,,0,30,,72828,15,,,0,68,,74931,15,,,0,30,,72833,15,,,0,70,,74930,15,,,0
502029,'1969',626,,72717,15,,,0,28,,72699,15,,,0,65,,72708,15,,,0,30,,72733,15,,,0,71,,72713,15,,,0,30,,72732,15,,,0,71,,72711,15,,,0,30,,72731,15,,,0,70,,72700,15,,,0,30,,72730,15,,,0,55,,72742,15,,,0,15,,72701,15,,,0,15,,72744,15,,,0,15,,72729,15,,,0,56,,72747,15,,,0,17,,72702,15,,,0,15,,72736,15,,,0,15,,72728,15,,,0,55,,72739,15,,,0,15,,72703,15,,,0,15,,72741,15,,,0,15,,72727,15,,,0,55,,72745,15,,,0,15,,72704,15,,,0,15,,72746,15,,,0,15,,72726,15,,,0,55,,72735,15,,,0,15,,72705,15,,,0,15,,72738,15,,,0,15,,72725,15,,,0,55,,72740,15,,,0,15,,72706,15,,,0,14,,72743,15,,,0,15,,72724,15,,,0,55,,72748,15,,,0,15,,72707,15,,,0,15,,72734,15,,,0,15,,72723,15,,,0,54,,72737,15,,,0,15,,72716,15,,,0,29,,72722,15,,,0,70,,72714,15,,,0,30,,72721,15,,,0,70,,72709,15,,,0,30,,72720,15,,,0,70,,72710,15,,,0,30,,72718,15,,,0,68,,72715,15,,,0,30,,72719,15,,,0,70,,72712,15,,,0
502029,'1976',553,,74922,15,,,0,55,,74923,15,,,0,15,,72751,15,,,0,16,,72752,15,,,0,7,,72753,15,,,0,8,,74924,15,,,0,57,,72755,15,,,0,13,,72756,15,,,0,13,,72757,15,,,0,12,,72758,15,,,0,6,,72759,15,,,0,46,,74925,15,,,0,12,,72761,15,,,0,6,,72762,15,,,0,6,,72763,15,,,0,12,,72764,15,,,0,12,,72765,15,,,0,52,,72766,15,,,0,10,,72767,15,,,0,14,,72768,15,,,0,14,,72769,15,,,0,15,,72770,15,,,0,55,,72771,15,,,0,15,,72772,15,,,0,15,,72773,15,,,0,15,,74926,15,,,0,55,,72775,15,,,0,16,,72776,15,,,0,15,,72777,15,,,0,15,,74927,15,,,0,55,,72779,15,,,0,15,,72780,15,,,0,15,,74928,15,,,0,15,,72782,15,,,0,55,,72783,15,,,0,15,,72784,15,,,0,15,,72785,15,,,0,15,,74929,15,,,0,55,,72787,15,,,0,15,,72788,15,,,0,15,,72789,15,,,0,15,,72790,15,,,0,57,,72791,15,,,0,15,,72792,15,,,0,15,,72793,15,,,0,12,,72794,15,,,0,52,,72795,15,,,0,12,,72796,15,,,0,11,,72797,15,,,0,12,,72798,15,,,0,12,,72799,15,,,0,52,,72800,15,,,0,12,,72801,15,,,0,12,,72802,15,,,0,11,,72803,15,,,0,11,,72804,15,,,0,52,,72805,15,,,0,11,,72806,15,,,0,12,,72807,15,,,0,12,,72808,15,,,0,15,,72809,15,,,0,55,,72819,15,,,0,14,,72810,15,,,0,30,,72811,15,,,0,70,,72812,15,,,0,30,,72813,15,,,0,70,,72814,15,,,0,30,,72815,15,,,0,70,,72816,15,,,0,30,,72817,15,,,0,70,,72818,15,,,0
502029,'1977',553,,76111,15,,,0,55,,76112,15,,,0,15,,76113,15,,,0,16,,76114,15,,,0,7,,76115,15,,,0,8,,76116,15,,,0,57,,76117,15,,,0,13,,76118,15,,,0,13,,76119,15,,,0,12,,76120,15,,,0,6,,76121,15,,,0,46,,76122,15,,,0,12,,76123,15,,,0,6,,76124,15,,,0,6,,76125,15,,,0,12,,76126,15,,,0,12,,76127,15,,,0,52,,76128,15,,,0,10,,76129,15,,,0,14,,76130,15,,,0,14,,76131,15,,,0,15,,76132,15,,,0,55,,76133,15,,,0,15,,76134,15,,,0,15,,76135,15,,,0,15,,76136,15,,,0,55,,76137,15,,,0,16,,76138,15,,,0,15,,76139,15,,,0,15,,76140,15,,,0,55,,76141,15,,,0,15,,76142,15,,,0,15,,76143,15,,,0,15,,76144,15,,,0,55,,76145,15,,,0,15,,76146,15,,,0,15,,76147,15,,,0,15,,76148,15,,,0,55,,76149,15,,,0,15,,76150,15,,,0,15,,76151,15,,,0,15,,76152,15,,,0,57,,76153,15,,,0,15,,76154,15,,,0,15,,76155,15,,,0,12,,76156,15,,,0,52,,76157,15,,,0,12,,76158,15,,,0,11,,76159,15,,,0,12,,76160,15,,,0,12,,76161,15,,,0,52,,76162,15,,,0,12,,76163,15,,,0,12,,76164,15,,,0,11,,76165,15,,,0,11,,76166,15,,,0,52,,76167,15,,,0,11,,76168,15,,,0,12,,76169,15,,,0,12,,76170,15,,,0,15,,76171,15,,,0,55,,76181,15,,,0,14,,76172,15,,,0,30,,76173,15,,,0,70,,76174,15,,,0,30,,76175,15,,,0,70,,76176,15,,,0,30,,76177,15,,,0,70,,76178,15,,,0,30,,76179,15,,,0,70,,76180,15,,,0
601019,'1912',2211,,64033,8,4,,0,30,,64032,8,4,,0,70,,64031,15,4,,0
601019,'1959',641,,64050,15,4,,0,70,,64068,15,4,,0,30,,64049,15,4,,0,70,,64067,15,4,,0,30,,64048,15,4,,0,70,,64066,15,4,,0,30,,64047,15,4,,0,70,,64065,15,4,,0,30,,64045,15,4,,0,70,,64064,15,4,,0,30,,64046,15,4,,0,70,,64063,15,4,,0,30,,64044,15,4,,0,70,,64062,15,4,,0,30,,64040,15,4,,0,70,,64061,15,4,,0,30,,64043,15,4,,0,70,,64060,15,4,,0,30,,64041,15,4,,0,70,,64059,15,4,,0,30,,64039,15,4,,0,70,,64058,15,4,,0,30,,64042,15,4,,0,70,,64057,15,4,,0,30,,64036,15,4,,0,70,,64056,15,4,,0,30,,64037,15,4,,0,70,,64055,15,4,,0,30,,64038,15,4,,0,70,,64054,15,4,,0,30,,64035,15,4,,0,70,,64053,15,4,,0,30,,64034,15,4,,0,70,,64052,15,4,,0
601019,'1967',641,,64012,15,4,,0,70,,64030,15,4,,0,30,,64011,15,4,,0,70,,64029,15,4,,0,30,,64010,15,4,,0,70,,64028,15,4,,0,30,,64009,15,4,,0,70,,64027,15,4,,0,30,,64007,15,4,,0,70,,64025,15,4,,0,30,,64008,15,4,,0,70,,64026,15,4,,0,30,,64006,15,4,,0,70,,64024,15,4,,0,30,,63997,15,4,,0,70,,64023,15,4,,0,30,,64005,15,4,,0,70,,64022,15,4,,0,30,,64003,15,4,,0,70,,64021,15,4,,0,30,,63998,15,4,,0,70,,64019,15,4,,0,30,,64000,15,4,,0,70,,64020,15,4,,0,30,,64004,15,4,,0,70,,64018,15,4,,0,30,,63999,15,4,,0,70,,64017,15,4,,0,30,,64002,15,4,,0,70,,64016,15,4,,0,30,,64001,15,4,,0,70,,64015,15,4,,0,30,,63996,15,4,,0,70,,64014,15,4,,0
601019,'1969',2111,,64073,8,4,,0,30,,64072,8,4,,0,70,,64071,15,4,,0,30,,64069,15,4,,0,70,,64070,15,4,,0
601019,'1976',632,,63995,15,4,,0,18,,63975,15,4,,0,55,,63977,14,4,,0,15,,63970,14,4,,0,15,,63974,14,4,,0,15,,63984,14,4,,0,55,,63978,14,4,,0,15,,63969,14,4,,0,15,,63971,14,4,,0,15,,63983,14,4,,0,585,,63952,15,4,,0,13,,63991,14,4,,0,55,,63980,14,4,,0,15,,63987,14,4,,0,15,,63976,14,4,,0,15,,63988,14,4,,0,55,,63979,14,4,,0,15,,63985,14,4,,0,15,,63981,14,4,,0,15,,63986,14,4,,0,55,,63973,14,4,,0,15,,63989,14,4,,0,15,,63968,14,4,,0,15,,63992,14,4,,0,55,,63972,14,4,,0,15,,63990,14,4,,0,17,,63946,15,4,,0,70,,63947,15,4,,0,12,,63955,15,4,,0,18,,63953,15,4,,0,70,,63950,15,4,,0,30,,63951,15,4,,0,70,,63945,15,4,,0,30,,63948,15,4,,0,70,,63944,15,4,,0,30,,63949,15,4,,0,76,,63954,15,4,,0
601019,'1977',2105,,76205,8,4,,0,30,,76204,8,4,,0,70,,76201,15,4,,0,30,,76202,15,4,,0,76,,76203,15,4,,0
602019,'1912',2211,,64193,1,,,0,30,,64194,1,,,0,70,,64195,1,,,0
602019,'1959',641,,64226,1,,,0,70,,64225,1,,,0,30,,64224,1,,,0,70,,64220,1,,,0,30,,64219,1,,,0,70,,64217,1,,,0,30,,64216,1,,,0,70,,64222,1,,,0,30,,64223,1,,,0,70,,64221,1,,,0,30,,64218,1,,,0,70,,64215,1,,,0,30,,64212,1,,,0,70,,64211,1,,,0,30,,64210,1,,,0,70,,64209,1,,,0,30,,64200,1,,,0,70,,64202,1,,,0,30,,64208,1,,,0,70,,64207,1,,,0,30,,64204,1,,,0,70,,64203,1,,,0,30,,64198,1,,,0,70,,64197,1,,,0,30,,64205,1,,,0,70,,64206,1,,,0,30,,64199,1,,,0,70,,64201,1,,,0,30,,64196,1,,,0,70,,64227,1,,,0,30,,64229,1,,,0,70,,64213,1,,,0,30,,64214,1,,,0,70,,64228,1,,,0
602019,'1967',641,,64190,1,,,0,70,,64191,1,,,0,30,,64181,1,,,0,70,,64182,1,,,0,30,,64180,1,,,0,70,,64179,1,,,0,30,,64178,1,,,0,70,,64177,1,,,0,30,,64188,1,,,0,70,,64187,1,,,0,30,,64186,1,,,0,70,,64185,1,,,0,30,,64184,1,,,0,70,,64183,1,,,0,30,,64175,1,,,0,70,,64176,1,,,0,30,,64189,1,,,0,70,,64174,1,,,0,30,,64173,1,,,0,70,,64172,1,,,0,30,,64171,1,,,0,70,,64170,1,,,0,30,,64168,1,,,0,70,,64169,1,,,0,30,,64167,1,,,0,70,,64160,1,,,0,30,,64161,1,,,0,70,,64159,1,,,0,30,,64162,1,,,0,70,,64165,1,,,0,30,,64166,1,,,0,70,,64164,1,,,0,30,,64163,1,,,0,70,,64158,1,,,0
602019,'1969',2111,,64233,1,,,0,30,,64235,1,,,0,70,,64231,1,,,0,30,,64232,1,,,0,70,,64234,1,,,0
602019,'1976',632,,64113,1,0,19 2 11 2 32 26,0,18,,64157,1,0,19 2 11 2 32 26,0,55,,64125,1,0,19 2 11 2 32 26,0,15,,64112,1,0,19 2 11 2 32 26,0,15,,64115,1,0,19 2 11 2 32 26,0,15,,64126,1,0,19 2 11 2 32 26,0,55,,64120,1,0,19 2 11 2 32 26,0,15,,64135,1,0,19 2 11 2 32 26,0,15,,64116,1,0,19 2 11 2 32 26,0,15,,64151,1,,,0,585,,64123,1,0,19 2 11 2 32 26,0,13,,64130,1,0,19 2 11 2 32 26,0,55,,64124,1,0,19 2 11 2 32 26,0,15,,64129,1,0,19 2 11 2 32 26,0,15,,64117,1,0,19 2 11 2 32 26,0,15,,64128,1,0,19 2 11 2 32 26,0,55,,64122,1,0,19 2 11 2 32 26,0,15,,64132,1,0,19 2 11 2 32 26,0,15,,64121,1,0,19 2 11 2 32 26,0,15,,64127,1,0,19 2 11 2 32 26,0,55,,64118,1,0,19 2 11 2 32 26,0,15,,64131,1,0,19 2 11 2 32 26,0,15,,64114,1,0,19 2 11 2 32 26,0,15,,64134,1,0,19 2 11 2 32 26,0,55,,64119,1,0,19 2 11 2 32 26,0,15,,64150,1,,,0,17,,64141,1,,,0,70,,64136,1,,,0,12,,64154,1,,,0,18,,64140,1,,,0,70,,64139,1,,,0,30,,64137,1,,,0,70,,64138,1,,,0,30,,64152,1,,,0,70,,64156,1,,,0,30,,64153,1,,,0,76,,64155,1,,,0
602019,'1977',2105,,76206,1,,,0,30,,76207,1,,,0,70,,76210,1,,,0,30,,76208,1,,,0,76,,76209,1,,,0
14000001019,'1912',2418,,65844,29,,,0,30,,70196,29,,,0,70,,75054,29,,,0,30,,65845,29,,,0,70,,70197,29,,,0
14000001019,'1959',2418,,65849,29,,,0,30,,70198,29,,,0,70,,75057,29,,,0,30,,65850,29,,,0,70,,70199,29,,,0
14000001019,'1967',2418,,65840,29,,,0,30,,73583,29,,,0,70,,75056,29,,,0,30,,65838,29,,,0,70,,73585,29,,,0
14000001019,'1969',2418,,65854,29,,,0,30,,70200,29,,,0,70,,75058,29,,,0,30,,65855,29,,,0,70,,70201,29,,,0
14000001019,'1976',2418,,65835,29,,,0,30,,73580,29,,,0,70,,75055,29,,,0,30,,65834,29,,,0,70,,73582,29,,,0
14000001019,'1977',2418,,76523,29,,,0,30,,76520,29,,,0,70,,76521,29,,,0,30,,76522,29,,,0,70,,76524,29,,,0
