4019,'1910',1012,,66037,15,,,0
4019,'1912',810,,70650,15,,,0,30,,59832,15,,,0,70,,70649,15,,,0,30,,70651,15,,,0,71,,59830,15,,,0,30,,66070,15,,,0,70,,70638,15,,,0,30,,70642,15,,,0,70,,70645,15,,,0,31,,70631,15,,,0,69,,70634,15,,,0,30,,70637,15,,,0,69,,70641,15,,,0,30,,70643,15,,,0,70,,70630,15,,,0,30,,70633,15,,,0,70,,70636,15,,,0,30,,70640,15,,,0,70,,70644,15,,,0,31,,70629,15,,,0,70,,70632,15,,,0,29,,70635,15,,,0,70,,70639,15,,,0,30,,70648,15,,,0,70,,70652,15,,,0,30,,70646,15,,,0,70,,70653,15,,,0,30,,70647,15,,,0
4019,'1924',840,,59860,15,,,0,171,,59858,15,,,0,30,,66096,15,,,0
4019,'1925',810,,70675,15,,,0,30,,59888,15,,,0,70,,70674,15,,,0,30,,70676,15,,,0,71,,59886,15,,,0,30,,66122,15,,,0,70,,70663,15,,,0,30,,70667,15,,,0,70,,70670,15,,,0,31,,70656,15,,,0,69,,70659,15,,,0,30,,70662,15,,,0,69,,70666,15,,,0,30,,70668,15,,,0,70,,70655,15,,,0,30,,70658,15,,,0,70,,70661,15,,,0,30,,70665,15,,,0,70,,70669,15,,,0,31,,70654,15,,,0,70,,70657,15,,,0,29,,70660,15,,,0,70,,70664,15,,,0,30,,70673,15,,,0,70,,70677,15,,,0,30,,70671,15,,,0,70,,70678,15,,,0,30,,70672,15,,,0
4019,'1949',2209,,66173,15,,,0
4019,'1955',710,,66063,15,,,0,30,,66039,15,,,0,71,,66033,15,,,0,30,,66043,15,,,0,70,,66054,15,,,0,30,,66049,15,,,0,101,,66059,15,,,0,71,,66036,15,,,0,30,,66056,15,,,0,70,,66051,15,,,0,30,,66044,15,,,0,70,,66057,15,,,0,30,,66060,15,,,0,70,,66035,15,,,0,30,,66046,15,,,0,70,,66034,15,,,0,30,,66040,15,,,0,70,,66058,15,,,0,30,,66055,15,,,0,69,,66052,15,,,0,30,,66041,15,,,0,70,,66061,15,,,0,30,,66062,15,,,0,68,,66032,15,,,0,30,,66047,15,,,0,70,,66045,15,,,0,30,,66053,15,,,0,70,,66038,15,,,0,30,,66048,15,,,0,70,,66042,15,,,0,30,,66050,15,,,0
4019,'1956',810,,66112,15,,,0,100,,66111,15,,,0,30,,66113,15,,,0,171,,66100,15,,,0,30,,66104,15,,,0,70,,66107,15,,,0,31,,66092,15,,,0,69,,66095,15,,,0,30,,66099,15,,,0,69,,66103,15,,,0,30,,66105,15,,,0,70,,66091,15,,,0,30,,66094,15,,,0,70,,66098,15,,,0,30,,66102,15,,,0,70,,66106,15,,,0,31,,66090,15,,,0,70,,66093,15,,,0,29,,66097,15,,,0,70,,66101,15,,,0,30,,66110,15,,,0,70,,66114,15,,,0,30,,66108,15,,,0,70,,66115,15,,,0,30,,66109,15,,,0
4019,'1957',640,,70684,15,,,0,71,,70710,15,,,0,30,,70685,15,,,0,67,,70686,15,,,0,36,,70687,15,,,0,64,,70688,15,,,0,36,,70689,15,,,0,67,,70690,15,,,0,29,,70691,15,,,0,70,,70692,15,,,0,31,,70693,15,,,0,72,,70694,15,,,0,30,,70695,15,,,0,70,,70696,15,,,0,30,,70697,15,,,0,71,,70698,15,,,0,30,,70699,15,,,0,76,,70700,15,,,0,30,,70701,15,,,0,71,,70702,15,,,0,24,,70703,15,,,0,73,,70704,15,,,0,22,,70705,15,,,0,76,,70706,15,,,0,20,,70707,15,,,0,75,,70708,15,,,0,29,,70709,15,,,0,70,,70679,15,,,0,30,,70680,15,,,0,69,,70681,15,,,0,30,,70682,15,,,0,100,,70683,15,,,0
4019,'1958',710,,70741,15,,,0,30,,70717,15,,,0,71,,70712,15,,,0,30,,70721,15,,,0,70,,70732,15,,,0,30,,70727,15,,,0,101,,70737,15,,,0,71,,70715,15,,,0,30,,70734,15,,,0,70,,70729,15,,,0,30,,70722,15,,,0,70,,70735,15,,,0,30,,70738,15,,,0,70,,70714,15,,,0,30,,70724,15,,,0,70,,70713,15,,,0,30,,70718,15,,,0,70,,70736,15,,,0,30,,70733,15,,,0,69,,70730,15,,,0,30,,70719,15,,,0,70,,70739,15,,,0,30,,70740,15,,,0,68,,70711,15,,,0,30,,70725,15,,,0,70,,70723,15,,,0,30,,70731,15,,,0,70,,70716,15,,,0,30,,70726,15,,,0,70,,70720,15,,,0,30,,70728,15,,,0
4019,'1959',810,,70763,15,,,0,100,,70762,15,,,0,30,,70764,15,,,0,171,,70751,15,,,0,30,,70755,15,,,0,70,,70758,15,,,0,31,,70744,15,,,0,69,,70747,15,,,0,30,,70750,15,,,0,69,,70754,15,,,0,30,,70756,15,,,0,70,,70743,15,,,0,30,,70746,15,,,0,70,,70749,15,,,0,30,,70753,15,,,0,70,,70757,15,,,0,31,,70742,15,,,0,70,,70745,15,,,0,29,,70748,15,,,0,70,,70752,15,,,0,30,,70761,15,,,0,70,,70765,15,,,0,30,,70759,15,,,0,70,,70766,15,,,0,30,,70760,15,,,0
7019,'1909',554,,60398,29,,,0,72,,60370,10,,,0,31,,60397,29,,,0,1299,,60375,29,,,0,100,,60374,29,,,0,196,,60373,29,,,0
7019,'1910',626,,66558,10,,,0,230,,60423,29,,,0,273,,66542,29,,,0,30,,60426,29,,,0,200,,60428,29,,,0,70,,66551,29,,,0,30,,60429,29,,,0,100,,60430,29,,,0,98,,66550,29,,,0,100,,60432,29,,,0,266,,66556,29,,,0,30,,60411,29,,,0,70,,66559,10,,,0,30,,60412,29,,,0,70,,60442,14,,,0
7019,'1912',556,,71129,10,,,0,70,,60458,10,,,0,30,,60459,10,,,0,68,,66560,10,,,0,30,,60448,29,,,0,71,,66571,14,,,0,30,,60449,29,,,0,73,,71124,14,,,0,27,,60457,29,,,0,74,,71128,14,,,0,28,,60450,29,,,0,72,,71123,14,,,0,28,,60451,29,,,0,72,,71127,14,,,0,28,,60452,29,,,0,73,,71122,14,,,0,27,,60453,29,,,0,73,,71126,14,,,0,28,,60454,29,,,0,73,,71121,14,,,0,27,,60455,29,,,0,73,,71125,14,,,0,26,,60456,29,,,0,73,,71120,14,,,0,27,,60444,29,,,0,72,,66566,14,,,0,27,,60445,29,,,0,71,,60466,14,,,0,27,,60443,29,,,0,71,,60467,14,,,0,28,,60447,29,,,0,72,,60474,14,,,0,28,,60446,29,,,0,70,,60477,10,,,0,30,,60476,10,,,0
7019,'1924',626,,60493,10,,,0,30,,60494,10,,,0,68,,66573,10,,,0,30,,60483,29,,,0,71,,66584,14,,,0,30,,60484,29,,,0,100,,60492,29,,,0,102,,60485,29,,,0,100,,60486,29,,,0,100,,60487,29,,,0,100,,60488,29,,,0,101,,60489,29,,,0,100,,60490,29,,,0,99,,60491,29,,,0,100,,60479,29,,,0,72,,66579,14,,,0,27,,60480,29,,,0,71,,60501,14,,,0,27,,60478,29,,,0,71,,60502,14,,,0,28,,60482,29,,,0,72,,60509,14,,,0,28,,60481,29,,,0,70,,60512,10,,,0,30,,60511,10,,,0
7019,'1925',556,,71139,10,,,0,70,,60528,10,,,0,30,,60529,10,,,0,68,,66586,10,,,0,30,,60518,29,,,0,71,,66597,14,,,0,30,,60519,29,,,0,73,,71134,14,,,0,27,,60527,29,,,0,74,,71138,14,,,0,28,,60520,29,,,0,72,,71133,14,,,0,28,,60521,29,,,0,72,,71137,14,,,0,28,,60522,29,,,0,73,,71132,14,,,0,27,,60523,29,,,0,73,,71136,14,,,0,28,,60524,29,,,0,73,,71131,14,,,0,27,,60525,29,,,0,73,,71135,14,,,0,26,,60526,29,,,0,73,,71130,14,,,0,27,,60514,29,,,0,72,,66592,14,,,0,27,,60515,29,,,0,71,,60536,14,,,0,27,,60513,29,,,0,71,,60537,14,,,0,28,,60517,29,,,0,72,,60544,14,,,0,28,,60516,29,,,0,70,,60547,10,,,0,30,,60546,10,,,0
7019,'1949',1929,,66622,29,,,0
7019,'1955',654,,66545,29,,,0,70,,66538,29,,,0,30,,66546,29,,,0,70,,66539,29,,,0,102,,66540,29,,,0,30,,66547,29,,,0,73,,66541,29,,,0,30,,66548,29,,,0,170,,66543,29,,,0,30,,66549,29,,,0,70,,66544,29,,,0,200,,66553,29,,,0,100,,66552,29,,,0,98,,66554,29,,,0,100,,66557,29,,,0,29,,66535,29,,,0,69,,66555,29,,,0,30,,66536,29,,,0,298,,66537,29,,,0
7019,'1956',556,,66585,10,,,0,372,,66578,14,,,0,101,,66583,14,,,0,100,,66577,14,,,0,100,,66582,14,,,0,101,,66576,14,,,0,100,,66581,14,,,0,101,,66575,14,,,0,100,,66580,14,,,0,99,,66574,14,,,0
7019,'1957',518,,71167,10,,,0,211,,71162,29,,,0,72,,71161,29,,,0,32,,71160,29,,,0,67,,71159,29,,,0,31,,71155,29,,,0,70,,71157,29,,,0,30,,71158,29,,,0,70,,71156,29,,,0,30,,71154,29,,,0,70,,71166,29,,,0,30,,71165,29,,,0,70,,71164,29,,,0,30,,71163,29,,,0,70,,71147,29,,,0,32,,71153,29,,,0,74,,71146,29,,,0,11,,71169,14,,,0,22,,71145,29,,,0,13,,71168,10,,,0,53,,71152,29,,,0,30,,71151,29,,,0,70,,71150,29,,,0,26,,71144,29,,,0,68,,71143,29,,,0,30,,71142,29,,,0,70,,71149,29,,,0,126,,71148,29,,,0,98,,71140,10,,,0,29,,71141,29,,,0,70,,71170,14,,,0,129,,71171,29,,,0
7019,'1958',654,,71181,29,,,0,70,,71175,29,,,0,30,,71182,29,,,0,70,,71176,29,,,0,102,,71177,29,,,0,30,,71183,29,,,0,73,,71178,29,,,0,30,,71184,29,,,0,170,,71179,29,,,0,30,,71185,29,,,0,70,,71180,29,,,0,200,,71187,29,,,0,100,,71186,29,,,0,98,,71188,29,,,0,100,,71190,29,,,0,29,,71172,29,,,0,69,,71189,29,,,0,30,,71173,29,,,0,298,,71174,29,,,0
7019,'1959',556,,71200,10,,,0,372,,71195,14,,,0,101,,71199,14,,,0,100,,71194,14,,,0,100,,71198,14,,,0,101,,71193,14,,,0,100,,71197,14,,,0,101,,71192,14,,,0,100,,71196,14,,,0,99,,71191,14,,,0
502019,'1912',646,,72480,11,,,0,70,,72466,11,,,0,30,,72483,11,,,0,70,,72497,11,,,0,31,,72477,11,,,0,70,,72496,11,,,0,30,,72479,11,,,0,71,,72495,11,,,0,30,,72474,11,,,0,70,,72494,11,,,0,30,,72469,11,,,0,72,,72493,11,,,0,30,,72472,11,,,0,70,,72491,11,,,0,30,,72470,11,,,0,70,,72492,11,,,0,30,,72473,11,,,0,70,,72490,11,,,0,30,,72467,11,,,0,70,,72489,11,,,0,30,,72471,11,,,0,69,,72488,11,,,0,30,,72468,11,,,0,69,,72487,11,,,0,30,,72481,11,,,0,70,,72486,11,,,0,30,,72482,11,,,0,69,,72485,11,,,0,30,,72475,11,,,0,70,,72498,11,,,0,30,,72484,11,,,0,70,,72499,11,,,0,30,,72478,11,,,0,69,,72500,11,,,0,30,,72476,11,,,0
502019,'1925',646,,72515,11,,,0,70,,72501,11,,,0,30,,72518,11,,,0,70,,72532,11,,,0,31,,72512,11,,,0,70,,72531,11,,,0,30,,72514,11,,,0,71,,72530,11,,,0,30,,72509,11,,,0,70,,72529,11,,,0,30,,72504,11,,,0,72,,72528,11,,,0,30,,72507,11,,,0,70,,72526,11,,,0,30,,72505,11,,,0,70,,72527,11,,,0,30,,72508,11,,,0,70,,72525,11,,,0,30,,72502,11,,,0,70,,72524,11,,,0,30,,72506,11,,,0,69,,72523,11,,,0,30,,72503,11,,,0,69,,72522,11,,,0,30,,72516,11,,,0,70,,72521,11,,,0,30,,72517,11,,,0,69,,72520,11,,,0,30,,72510,11,,,0,70,,72533,11,,,0,30,,72519,11,,,0,70,,72534,11,,,0,30,,72513,11,,,0,69,,72535,11,,,0,30,,72511,11,,,0
502019,'1955',648,,68255,11,,,0,70,,68262,11,,,0,30,,68254,11,,,0,70,,68263,11,,,0,30,,68253,11,,,0,70,,68264,11,,,0,30,,68252,11,,,0,73,,68265,11,,,0,30,,68273,11,,,0,70,,68266,11,,,0,30,,68274,11,,,0,70,,68267,11,,,0,30,,68275,11,,,0,70,,68268,11,,,0,30,,68276,11,,,0,70,,68269,11,,,0,30,,68277,11,,,0,70,,68270,11,,,0,30,,68278,11,,,0,70,,68271,11,,,0,30,,68279,11,,,0,70,,68272,11,,,0,30,,68280,11,,,0,70,,68256,11,,,0,30,,68281,11,,,0,67,,68258,11,,,0,30,,68282,11,,,0,70,,68257,11,,,0,30,,68251,11,,,0,69,,68259,11,,,0,30,,68250,11,,,0,70,,68260,11,,,0,30,,68249,11,,,0,70,,68261,11,,,0,30,,68248,11,,,0
502019,'1956',646,,68332,11,,,0,70,,68318,11,,,0,30,,68335,11,,,0,70,,68349,11,,,0,31,,68329,11,,,0,70,,68348,11,,,0,30,,68331,11,,,0,71,,68347,11,,,0,30,,68326,11,,,0,70,,68346,11,,,0,30,,68321,11,,,0,72,,68345,11,,,0,30,,68324,11,,,0,70,,68343,11,,,0,30,,68322,11,,,0,70,,68344,11,,,0,30,,68325,11,,,0,70,,68342,11,,,0,30,,68319,11,,,0,70,,68341,11,,,0,30,,68323,11,,,0,69,,68340,11,,,0,30,,68320,11,,,0,69,,68339,11,,,0,30,,68333,11,,,0,70,,68338,11,,,0,30,,68334,11,,,0,69,,68337,11,,,0,30,,68327,11,,,0,70,,68350,11,,,0,30,,68336,11,,,0,70,,68351,11,,,0,30,,68330,11,,,0,69,,68352,11,,,0,30,,68328,11,,,0
502019,'1957',616,,72536,11,,,0,30,,72537,11,,,0,65,,72577,11,,,0,11,,72538,11,,,0,27,,72539,11,,,0,64,,72540,11,,,0,12,,72541,11,,,0,24,,72542,11,,,0,64,,72543,11,,,0,12,,72544,11,,,0,24,,72545,11,,,0,72,,72546,11,,,0,30,,72547,11,,,0,70,,72548,11,,,0,30,,72549,11,,,0,70,,72550,11,,,0,30,,72551,11,,,0,70,,72552,11,,,0,30,,72553,11,,,0,70,,72554,11,,,0,37,,72555,11,,,0,70,,72556,11,,,0,30,,72557,11,,,0,68,,72558,11,,,0,24,,72559,11,,,0,52,,72560,11,,,0,22,,72561,11,,,0,4,,72578,11,,,0,16,,72562,11,,,0,12,,72563,11,,,0,64,,72564,11,,,0,22,,72565,11,,,0,12,,72566,11,,,0,65,,72567,11,,,0,30,,72568,11,,,0,69,,72569,11,,,0,30,,72570,11,,,0,70,,72571,11,,,0,30,,72572,11,,,0,70,,72573,11,,,0,30,,72574,11,,,0,69,,72575,11,,,0,30,,72576,11,,,0
502019,'1958',648,,72586,11,,,0,70,,72593,11,,,0,30,,72585,11,,,0,70,,72594,11,,,0,30,,72584,11,,,0,70,,72595,11,,,0,30,,72583,11,,,0,73,,72596,11,,,0,30,,72604,11,,,0,70,,72597,11,,,0,30,,72605,11,,,0,70,,72598,11,,,0,30,,72606,11,,,0,70,,72599,11,,,0,30,,72607,11,,,0,70,,72600,11,,,0,30,,72608,11,,,0,70,,72601,11,,,0,30,,72609,11,,,0,70,,72602,11,,,0,30,,72610,11,,,0,70,,72603,11,,,0,30,,72611,11,,,0,70,,72587,11,,,0,30,,72612,11,,,0,67,,72589,11,,,0,30,,72613,11,,,0,70,,72588,11,,,0,30,,72582,11,,,0,69,,72590,11,,,0,30,,72581,11,,,0,70,,72591,11,,,0,30,,72580,11,,,0,70,,72592,11,,,0,30,,72579,11,,,0
502019,'1959',646,,72628,11,,,0,70,,72614,11,,,0,30,,72631,11,,,0,70,,72645,11,,,0,31,,72625,11,,,0,70,,72644,11,,,0,30,,72627,11,,,0,71,,72643,11,,,0,30,,72622,11,,,0,70,,72642,11,,,0,30,,72617,11,,,0,72,,72641,11,,,0,30,,72620,11,,,0,70,,72639,11,,,0,30,,72618,11,,,0,70,,72640,11,,,0,30,,72621,11,,,0,70,,72638,11,,,0,30,,72615,11,,,0,70,,72637,11,,,0,30,,72619,11,,,0,69,,72636,11,,,0,30,,72616,11,,,0,69,,72635,11,,,0,30,,72629,11,,,0,70,,72634,11,,,0,30,,72630,11,,,0,69,,72633,11,,,0,30,,72623,11,,,0,70,,72646,11,,,0,30,,72632,11,,,0,70,,72647,11,,,0,30,,72626,11,,,0,69,,72648,11,,,0,30,,72624,11,,,0
14000001029,'1909',507,,65864,47,0,18 7,0,2012,,65871,47,,,0,130,,65870,47,,,0
14000001029,'1910',2519,,65872,47,,,0,130,,65875,47,,,0
14000001029,'1912',609,,73589,47,0,18 7,0,1811,,70205,47,,,0,29,,73588,47,,,0,70,,65884,47,,,0,30,,70206,47,,,0,70,,73587,47,,,0,30,,65880,47,,,0
14000001029,'1924',2420,,70208,47,,,0,99,,65891,47,,,0,30,,70209,47,,,0,100,,65887,47,,,0
14000001029,'1925',609,,73592,47,0,18 7,0,1811,,70211,47,,,0,29,,73591,47,,,0,70,,65898,47,,,0,30,,70212,47,,,0,70,,73590,47,,,0,30,,65894,47,,,0
14000001029,'1955',609,,70203,47,0,18 7,0,1811,,70204,47,,,0,29,,65873,47,,,0,100,,70202,47,,,0,70,,65877,47,,,0
14000001029,'1956',609,,70210,47,0,18 7,0,1840,,65890,47,,,0,170,,65889,47,,,0
14000001029,'1957',609,,73593,47,0,18 7,0,1811,,73595,47,,,0,29,,73596,47,,,0,100,,73594,47,,,0,70,,73597,47,,,0
14000001029,'1958',609,,73600,47,0,18 7,0,1811,,73602,47,,,0,29,,73598,47,,,0,100,,73599,47,,,0,70,,73601,47,,,0
14000001029,'1959',609,,73605,47,0,18 7,0,1840,,73604,47,,,0,170,,73603,47,,,0
