19019,'1912',622,,71862,17,,,0,112,,62043,17,,,0,100,,71855,17,,,0,70,,62047,17,,,0,30,,71858,17,,,0,70,,71852,17,,,0,31,,71851,17,,,0,71,,67524,17,,,0,31,,71867,17,,,0,70,,71865,17,,,0,30,,71863,17,,,0,70,,71859,17,,,0,30,,71872,17,,,0,70,,71857,17,,,0,31,,71856,17,,,0,70,,71854,17,,,0,30,,71853,17,,,0,70,,71850,17,,,0,30,,71868,17,,,0,69,,71866,17,,,0,29,,71864,17,,,0,70,,71861,17,,,0,30,,71860,17,,,0,70,,71870,17,,,0,30,,71869,17,,,0,70,,71871,17,,,0,45,,62063,17,,,0,100,,62061,17,,,0,100,,62062,17,,,0,85,,71873,17,,,0
19019,'1959',622,,71946,17,,,0,112,,62073,17,,,0,100,,71939,17,,,0,70,,62077,17,,,0,30,,71942,17,,,0,70,,71936,17,,,0,31,,71935,17,,,0,71,,67549,17,,,0,31,,71951,17,,,0,70,,71949,17,,,0,30,,71947,17,,,0,70,,71943,17,,,0,30,,71956,17,,,0,70,,71941,17,,,0,31,,71940,17,,,0,70,,71938,17,,,0,30,,71937,17,,,0,70,,71934,17,,,0,30,,71952,17,,,0,69,,71950,17,,,0,29,,71948,17,,,0,70,,71945,17,,,0,30,,71944,17,,,0,70,,71954,17,,,0,30,,71953,17,,,0,70,,71955,17,,,0,45,,62093,17,,,0,100,,62091,17,,,0,100,,62092,17,,,0,85,,71957,17,,,0
19019,'1965',1037,,71917,17,,,0,473,,71899,17,,,0,328,,61998,17,,,0,70,,71909,17,,,0,30,,71910,17,,,0,198,,71913,17,,,0,100,,71911,17,,,0,100,,71912,17,,,0
19019,'1966',735,,71921,17,,,0,70,,71928,17,,,0,100,,71922,17,,,0,30,,71919,17,,,0,70,,71930,17,,,0,930,,71924,17,,,0,110,,71932,17,,,0,270,,71923,17,,,0,20,,71933,17,,,0
19019,'1967',635,,71920,17,,,0,70,,71925,17,,,0,130,,71931,17,,,0,203,,67497,17,,,0,70,,67512,17,,,0,30,,67501,17,,,0,70,,67515,17,,,0,30,,67494,17,,,0,70,,71926,17,,,0,30,,67496,17,,,0,70,,67513,17,,,0,30,,67498,17,,,0,70,,67520,17,,,0,30,,67507,17,,,0,70,,67509,17,,,0,30,,67493,17,,,0,70,,71927,17,,,0,30,,67519,17,,,0,70,,67506,17,,,0,30,,67500,17,,,0,70,,71929,17,,,0,97,,67522,17,,,0,115,,67505,17,,,0,100,,62033,17,,,0
19019,'1969',622,,71886,17,,,0,112,,62103,17,,,0,100,,71879,17,,,0,70,,62107,17,,,0,30,,71882,17,,,0,70,,71876,17,,,0,31,,71875,17,,,0,71,,67574,17,,,0,31,,71891,17,,,0,70,,71889,17,,,0,30,,71887,17,,,0,70,,71883,17,,,0,30,,71896,17,,,0,70,,71881,17,,,0,31,,71880,17,,,0,70,,71878,17,,,0,30,,71877,17,,,0,70,,71874,17,,,0,30,,71892,17,,,0,69,,71890,17,,,0,29,,71888,17,,,0,70,,71885,17,,,0,30,,71884,17,,,0,70,,71894,17,,,0,30,,71893,17,,,0,70,,71895,17,,,0,45,,62123,17,,,0,100,,62121,17,,,0,100,,62122,17,,,0,85,,71897,17,,,0
19019,'1970',837,,74509,17,,,0,70,,74500,17,,,0,30,,74501,17,,,0,70,,74498,17,,,0,100,,74499,17,,,0,30,,74506,17,,,0,70,,74497,17,,,0,30,,74508,17,,,0,70,,74502,17,,,0,30,,74503,17,,,0,70,,74505,17,,,0,31,,74504,17,,,0,102,,74510,17,,,0,496,,74507,17,,,0
19019,'1971',735,,74512,17,,,0,70,,74516,17,,,0,100,,74513,17,,,0,30,,74511,17,,,0,70,,74517,17,,,0,930,,74515,17,,,0,110,,74518,17,,,0,270,,74514,17,,,0,20,,74519,17,,,0
10019019,'1965',611,,73560,10,,,0,95,,73566,10,,,0,32,,65781,10,,,0,873,,73564,10,,,0,30,,73562,10,,,0,70,,73561,10,,,0,29,,73565,10,,,0,69,,70175,10,,,0,209,,73563,10,,,0
10019019,'1970',636,,75050,10,,,0,172,,75051,10,,,0
