15019,'1909',715,,61509,62,,,0,838,,61526,62,,,0,293,,61532,62,,,0
15019,'1910',950,,61542,62,,,0,301,,61545,62,,,0,203,,61547,62,,,0,100,,61548,62,,,0,100,,61549,62,,,0,100,,67300,62,,,0,97,,61551,62,,,0
15019,'1912',750,,61566,62,,,0,100,,61564,62,,,0,100,,61567,62,,,0,101,,61565,62,,,0,100,,61562,62,,,0,100,,61560,62,,,0,102,,61563,62,,,0,100,,61561,62,,,0,100,,61558,62,,,0,99,,61559,62,,,0,99,,61556,62,,,0,100,,61557,62,,,0,100,,61555,62,,,0,99,,71673,62,,,0
15019,'1924',750,,61580,62,,,0,100,,61578,62,,,0,100,,61581,62,,,0,101,,61579,62,,,0,100,,61576,62,,,0,100,,61574,62,,,0,102,,61577,62,,,0,100,,61575,62,,,0,100,,61572,62,,,0,99,,61573,62,,,0,99,,61570,62,,,0,100,,61571,62,,,0,100,,61569,62,,,0
15019,'1925',750,,61594,62,,,0,100,,61592,62,,,0,100,,61595,62,,,0,101,,61593,62,,,0,100,,61590,62,,,0,100,,61588,62,,,0,102,,61591,62,,,0,100,,61589,62,,,0,100,,61586,62,,,0,99,,61587,62,,,0,99,,61584,62,,,0,100,,61585,62,,,0,100,,61583,62,,,0,99,,71674,62,,,0
15019,'1949',821,,67326,62,,,0
15019,'1955',750,,67295,62,,,0,100,,67296,62,,,0,201,,67297,62,,,0,100,,67298,62,,,0,203,,67299,62,,,0,597,,67301,62,,,0,99,,67302,62,,,0
15019,'1956',2050,,67305,62,,,0
15019,'1957',746,,71675,62,,,0,104,,71676,62,,,0,68,,71677,62,,,0,30,,71678,62,,,0,70,,71679,62,,,0,30,,71680,62,,,0,70,,71681,62,,,0,30,,71682,62,,,0,70,,71683,62,,,0,30,,71684,62,,,0,70,,71685,62,,,0,30,,71686,62,,,0,70,,71687,62,,,0,32,,71688,62,,,0,73,,71689,62,,,0,100,,71690,62,,,0,29,,71691,62,,,0,68,,71692,62,,,0,27,,71693,62,,,0,69,,71694,62,,,0,100,,71695,62,,,0,30,,71699,62,,,0,69,,71696,62,,,0,98,,71697,62,,,0,100,,71698,62,,,0
15019,'1958',750,,71700,62,,,0,100,,71701,62,,,0,201,,71702,62,,,0,100,,71703,62,,,0,203,,71704,62,,,0,597,,71705,62,,,0,99,,71706,62,,,0
15019,'1959',2050,,71708,62,,,0
