2029,'1912',617,,70465,12,,,0,30,,70473,12,,,0,68,,70484,12,,,0,30,2,70479,12,,,0,70,2,70466,12,,,0,30,2,70474,12,,,0,70,2,70485,12,,,0,30,2,70480,12,,,0,55,,66011,1,0,12,0,15,2,70467,12,,,0,30,2,70475,12,,,0,70,2,70486,12,,,0,30,2,70481,12,,,0,70,2,70468,12,,,0,30,2,70476,12,,,0,70,2,70487,12,,,0,30,2,70482,12,,,0,70,2,70469,12,,,0,30,2,70477,12,,,0,70,2,70488,12,,,0,30,2,70483,12,,,0,70,2,70470,12,,,0,30,2,70478,12,,,0,70,2,70489,12,,,0,100,2,70471,12,,,0,99,2,70490,12,,,0,100,2,70472,12,,,0,101,2,70491,12,,,0,100,2,70464,12,,,0,192,,70495,12,4,,0
2029,'1924',1000,,66012,1,0,12,0
2029,'1925',617,,70497,12,,,0,30,,70505,12,,,0,68,,70516,12,,,0,30,2,70511,12,,,0,70,2,70498,12,,,0,30,2,70506,12,,,0,70,2,70517,12,,,0,30,2,70512,12,,,0,55,,66013,1,0,12,0,15,2,70499,12,,,0,30,2,70507,12,,,0,70,2,70518,12,,,0,30,2,70513,12,,,0,70,2,70500,12,,,0,30,2,70508,12,,,0,70,2,70519,12,,,0,30,2,70514,12,,,0,70,2,70501,12,,,0,30,2,70509,12,,,0,70,2,70520,12,,,0,30,2,70515,12,,,0,70,2,70502,12,,,0,30,2,70510,12,,,0,70,2,70521,12,,,0,100,2,70503,12,,,0,99,2,70522,12,,,0,100,2,70504,12,,,0,101,2,70523,12,,,0,100,2,70496,12,,,0,192,,70527,12,4,,0
2029,'1955',547,,59613,16,0,5 2 15 16 17,0,70,,59596,16,,,0,30,,59603,16,,,0,68,2,59582,16,,,0,30,2,59588,16,,,0,70,2,59597,16,,,0,30,2,59604,16,,,0,70,2,59583,16,,,0,30,2,59589,16,,,0,70,2,59598,16,,,0,30,2,59605,16,,,0,70,2,59584,16,,,0,30,2,59590,16,,,0,70,2,59599,16,,,0,30,2,59606,16,,,0,70,2,59585,16,,,0,30,2,59591,16,,,0,70,2,59600,16,,,0,30,2,59607,16,,,0,70,2,59586,16,,,0,30,2,59592,16,,,0,70,2,59601,16,,,0,30,2,59608,16,,,0,70,2,59587,16,,,0,30,2,59593,16,,,0,70,2,59602,16,,,0,30,2,59609,16,,,0,70,3,59594,16,,,0,100,3,59610,16,,,0,100,3,59595,16,,,0,100,3,59611,16,,,0,191,,59614,16,4,,0
2029,'1956',617,,59650,16,,,0,30,,59658,16,,,0,68,,59669,16,,,0,30,2,59664,16,,,0,70,2,59651,16,,,0,30,2,59659,16,,,0,70,2,59670,16,,,0,30,2,59665,16,,,0,70,2,59652,16,,,0,30,2,59660,16,,,0,70,2,59671,16,,,0,30,2,59666,16,,,0,70,2,59653,16,,,0,30,2,59661,16,,,0,70,2,59672,16,,,0,30,2,59667,16,,,0,70,2,59654,16,,,0,30,2,59662,16,,,0,70,2,59673,16,,,0,30,2,59668,16,,,0,70,2,59655,16,,,0,30,2,59663,16,,,0,70,2,59674,16,,,0,100,2,59656,16,,,0,99,2,59675,16,,,0,100,2,59657,16,,,0,101,2,59676,16,,,0,100,2,59649,16,,,0,192,,59680,16,4,,0
2029,'1957',520,,70545,1,,,0,25,,70528,12,,,0,70,,70529,12,,,0,30,5,70530,12,,,0,68,3,70531,12,,,0,28,,70532,12,,,0,70,,70533,12,,,0,30,,70534,12,,,0,73,2,70535,12,,,0,30,,70536,12,,,0,70,,70559,12,,,0,30,,70555,12,,,0,70,,70561,12,,,0,30,,70557,12,,,0,70,,70558,12,,,0,30,,70554,12,,,0,70,,70560,12,,,0,30,,70556,12,,,0,70,,70562,12,,,0,31,,70537,12,,,0,74,,70538,12,,,0,30,,70539,12,,,0,70,,70540,12,,,0,30,,70541,12,,,0,70,,70542,12,,,0,28,,70543,12,,,0,67,,70544,12,,,0,30,,70548,12,,,0,70,,70549,12,,,0,101,2,70550,12,,,0,100,5,70551,12,,,0,100,5,70547,12,,,0,192,,70553,12,4,,0
2029,'1958',547,,70594,12,,,0,70,,70577,12,,,0,30,,70584,12,,,0,68,2,70563,12,,,0,30,2,70569,12,,,0,70,2,70578,12,,,0,30,2,70585,12,,,0,70,2,70564,12,,,0,30,2,70570,12,,,0,70,2,70579,12,,,0,30,2,70586,12,,,0,70,2,70565,12,,,0,30,2,70571,12,,,0,70,2,70580,12,,,0,30,2,70587,12,,,0,70,2,70566,12,,,0,30,2,70572,12,,,0,70,2,70581,12,,,0,30,2,70588,12,,,0,70,2,70567,12,,,0,30,2,70573,12,,,0,70,2,70582,12,,,0,30,2,70589,12,,,0,70,2,70568,12,,,0,30,2,70574,12,,,0,70,2,70583,12,,,0,30,2,70590,12,,,0,70,3,70575,12,,,0,100,3,70591,12,,,0,100,3,70576,12,,,0,100,3,70592,12,,,0,191,,70595,12,4,,0
2029,'1959',617,,70598,12,,,0,30,,70606,12,,,0,68,,70617,12,,,0,30,2,70612,12,,,0,70,2,70599,12,,,0,30,2,70607,12,,,0,70,2,70618,12,,,0,30,2,70613,12,,,0,70,2,70600,12,,,0,30,2,70608,12,,,0,70,2,70619,12,,,0,30,2,70614,12,,,0,70,2,70601,12,,,0,30,2,70609,12,,,0,70,2,70620,12,,,0,30,2,70615,12,,,0,70,2,70602,12,,,0,30,2,70610,12,,,0,70,2,70621,12,,,0,30,2,70616,12,,,0,70,2,70603,12,,,0,30,2,70611,12,,,0,70,2,70622,12,,,0,100,2,70604,12,,,0,99,2,70623,12,,,0,100,2,70605,12,,,0,101,2,70624,12,,,0,100,2,70597,12,,,0,192,,70628,12,4,,0
7029,'1909',512,,60618,12,,,0,35,,60617,12,0,13 35,0,68,3,60588,12,,,0,1300,,60608,12,,,0,100,,60610,12,,,0,200,3,60612,12,,,0
7029,'1910',815,2,60635,12,,,0,230,,66633,12,,,0,70,,60638,12,,,0,200,,60640,12,,,0,30,,66636,12,,,0,70,,60641,12,,,0,100,,60642,12,,,0,100,,66647,12,,,0,100,,60644,12,,,0,230,3,66642,12,,,0,70,3,60647,12,,,0,100,3,60648,12,,,0,200,3,60650,12,,,0
7029,'1912',715,3,60657,12,,,0,99,2,60658,12,,,0,100,,60659,12,,,0,100,,60660,12,,,0,100,,60661,12,,,0,100,,60662,12,,,0,100,,60663,12,,,0,101,,60664,12,,,0,100,,60665,12,,,0,99,,60666,12,,,0,100,,60667,12,,,0,100,,60668,12,,,0,100,,60669,12,,,0,101,3,60670,12,,,0,27,,71204,12,0,13 35,0,73,3,60656,12,,,0,226,,66656,12,4,,0
7029,'1924',715,3,60691,12,,,0,99,2,60692,12,,,0,100,,60693,12,,,0,100,,60694,12,,,0,100,,60695,12,,,0,100,,60696,12,,,0,100,,60697,12,,,0,101,,60698,12,,,0,100,,60699,12,,,0,99,,60700,12,,,0,100,,60701,12,,,0,100,,60702,12,,,0,100,,60703,12,,,0,101,3,60704,12,,,0,100,3,60690,12,,,0,226,,66669,12,4,,0
7029,'1925',715,3,60725,12,,,0,99,2,60726,12,,,0,100,,60727,12,,,0,100,,60728,12,,,0,100,,60729,12,,,0,100,,60730,12,,,0,100,,60731,12,,,0,101,,60732,12,,,0,100,,60733,12,,,0,99,,60734,12,,,0,100,,60735,12,,,0,100,,60736,12,,,0,100,,60737,12,,,0,101,3,60738,12,,,0,27,,71214,12,0,13 35,0,73,3,60724,12,,,0,226,,66682,12,4,,0
7029,'1949',1845,,66719,12,,,0
7029,'1955',616,,66651,1,,,0,29,,66629,12,,,0,70,,66643,12,,,0,30,,66630,12,,,0,100,2,66631,12,,,0,70,2,66644,12,,,0,30,2,66632,12,,,0,70,,66645,12,,,0,130,,66634,12,,,0,70,,66646,12,,,0,30,,66635,12,,,0,200,,66637,12,,,0,100,,66638,12,,,0,100,,66639,12,,,0,100,,66640,12,,,0,70,,66648,12,,,0,30,,66641,12,,,0,70,3,66649,12,,,0,300,3,66650,12,,,0,126,,66652,12,4,,0
7029,'1956',2042,,66674,12,0,13 35,0
7029,'1957',643,,71227,12,,,0,72,,71228,12,,,0,30,,71229,12,,,0,70,,71230,12,,,0,30,,71231,12,,,0,70,,71232,12,,,0,30,,71233,12,,,0,70,,71234,12,,,0,30,,71235,12,,,0,70,,71236,12,,,0,30,,71237,12,,,0,70,,71223,12,,,0,30,,71224,12,,,0,70,,71225,12,,,0,31,,71222,12,,,0,70,,71221,12,,,0,30,,71226,12,,,0,70,,71238,12,,,0,30,,71239,12,,,0,70,,71240,12,,,0,29,,71241,12,,,0,70,,71242,12,,,0,30,,71243,12,,,0,70,,71244,12,,,0,130,,71245,12,,,0,170,3,71246,12,,,0,200,3,71250,12,,,0,26,,71248,12,4,,0
7029,'1958',616,,71269,1,,,0,29,,71251,12,,,0,70,,71262,12,,,0,30,,71252,12,,,0,100,2,71253,12,,,0,70,2,71263,12,,,0,30,2,71254,12,,,0,70,,71264,12,,,0,130,,71255,12,,,0,70,,71265,12,,,0,30,,71256,12,,,0,200,,71257,12,,,0,100,,71258,12,,,0,100,,71259,12,,,0,100,,71260,12,,,0,70,,71266,12,,,0,30,,71261,12,,,0,70,3,71267,12,,,0,300,3,71268,12,,,0,126,,71270,12,4,,0
7029,'1959',2042,,71275,12,0,13 35,0
14000001019,'1909',2435,,65835,47,4,,0,170,,65834,47,4,,0
14000001019,'1910',2435,,65840,47,4,,0,170,,65838,47,4,,0
14000001019,'1912',2435,,65844,47,4,,0,70,,70196,47,4,,0,30,,73578,47,4,,0,70,,65845,47,4,,0,30,,70197,47,4,,0
14000001019,'1924',2435,,65849,47,4,,0,70,,70198,47,4,,0,100,,65850,47,4,,0,30,,70199,47,4,,0
14000001019,'1925',2435,,65854,47,4,,0,70,,70200,47,4,,0,30,,73579,47,4,,0,70,,65855,47,4,,0,30,,70201,47,4,,0
14000001019,'1955',2505,,70194,47,4,,0,30,,65839,47,4,,0,100,,70195,47,4,,0
14000001019,'1956',2535,,65847,47,4,,0
14000001019,'1957',2505,,73580,47,4,,0,30,,73581,47,4,,0,100,,73582,47,4,,0
14000001019,'1958',2505,,73583,47,4,,0,30,,73584,47,4,,0,100,,73585,47,4,,0
14000001019,'1959',2535,,73586,47,4,,0
14000001029,'1909',428,,65864,1,0,18 7,0,2012,,65871,1,,,0,170,,65870,1,,,0
14000001029,'1910',2440,,65872,1,,,0,170,,65875,1,,,0
14000001029,'1912',530,,73589,1,0,18 7,0,1811,,70205,1,,,0,69,,73588,1,,,0,30,,65884,1,,,0,70,,70206,1,,,0,30,,73587,1,,,0,70,,65880,1,,,0
14000001029,'1924',2341,,70208,1,,,0,99,,65891,1,,,0,70,,70209,1,,,0,100,,65887,1,,,0
14000001029,'1925',530,,73592,1,0,18 7,0,1811,,70211,1,,,0,69,,73591,1,,,0,30,,65898,1,,,0,70,,70212,1,,,0,30,,73590,1,,,0,70,,65894,1,,,0
14000001029,'1955',530,,70203,1,0,18 7,0,1811,,70204,1,,,0,69,,65873,1,,,0,100,,70202,1,,,0,30,,65877,1,,,0
14000001029,'1956',530,,70210,1,0,18 7,0,1880,,65890,1,,,0,130,,65889,1,,,0
14000001029,'1957',530,,73593,1,0,18 7,0,1811,,73595,1,,,0,69,,73596,1,,,0,100,,73594,1,,,0,30,,73597,1,,,0
14000001029,'1958',530,,73600,1,0,18 7,0,1811,,73602,1,,,0,69,,73598,1,,,0,100,,73599,1,,,0,30,,73601,1,,,0
14000001029,'1959',530,,73605,1,0,18 7,0,1880,,73604,1,,,0,130,,73603,1,,,0
