701019,'1910',635,,68785,18,,,0,68,,68770,18,,,0,30,,68760,18,,,0,70,,68766,18,,,0,30,,68773,18,,,0,17,,68789,18,,,0,55,,68756,18,,,0,30,,68761,18,,,0,71,,68767,18,,,0,19,,68811,18,,,0,15,,68831,18,,,0,71,,68835,18,,,0,30,,68842,18,,,0,70,,68849,18,,,0,15,,68840,18,,,0,15,,68797,18,,,0,70,,68830,18,,,0,15,,68801,18,,,0,15,,68839,18,,,0,70,,68804,18,,,0,30,,68829,18,,,0,70,,68838,18,,,0,15,,68800,18,,,0,15,,68843,18,,,0,70,,68820,18,,,0,15,,68841,18,,,0,84,,68799,18,,,0,15,,68819,18,,,0,15,,68826,18,,,0,70,,68812,18,,,0,15,,68815,18,,,0,83,,68803,18,,,0,12,,68786,18,,,0,15,,68816,18,,,0,15,,68791,18,,,0,55,,68768,18,,,0,30,,68774,18,,,0,70,,68757,18,,,0,29,,68762,18,,,0,70,,68769,18,,,0,30,,68775,18,,,0,70,,68782,18,,,0,30,,68784,18,,,0,25,,68794,18,,,0,65,,68787,18,,,0
701019,'1912',635,,72955,18,,,0,68,,72986,18,,,0,30,,72973,18,,,0,70,,72954,18,,,0,15,,68877,18,,,0,15,,72988,18,,,0,15,,72934,18,,,0,55,,72962,18,,,0,17,,68861,18,,,0,15,,72951,18,,,0,15,,68878,18,,,0,55,,68940,18,,,0,15,,72933,18,,,0,15,,72971,18,,,0,15,,68862,18,,,0,55,,72950,18,,,0,16,,68857,18,,,0,17,,72983,18,,,0,15,,68865,18,,,0,55,,68919,18,,,0,15,,68860,18,,,0,15,,68893,18,,,0,15,,68872,18,,,0,55,,68937,18,,,0,15,,68863,18,,,0,15,,68915,18,,,0,15,,68868,18,,,0,55,,72947,18,,,0,15,,68871,18,,,0,15,,72989,18,,,0,15,,68858,18,,,0,55,,72967,18,,,0,15,,68870,18,,,0,15,,72945,18,,,0,15,,68874,18,,,0,55,,72985,18,,,0,15,,68855,18,,,0,15,,72972,18,,,0,15,,68856,18,,,0,55,,72943,18,,,0,15,,68873,18,,,0,15,,72981,18,,,0,15,,68854,18,,,0,55,,72964,18,,,0,14,,68869,18,,,0,14,,72942,18,,,0,15,,68875,18,,,0,55,,72980,18,,,0,15,,68866,18,,,0,15,,72965,18,,,0,15,,68867,18,,,0,55,,72940,18,,,0,14,,68876,18,,,0,15,,72990,18,,,0,15,,68864,18,,,0,55,,72963,18,,,0,30,,72937,18,,,0,70,,68943,18,,,0,30,,72959,18,,,0,69,,72935,18,,,0,30,,68948,18,,,0,25,,72991,18,,,0,65,,68951,18,,,0
701019,'1924',818,,68976,18,,,0,102,,68960,18,,,0,30,,68977,18,,,0,55,,69039,18,,,0,45,,68961,18,,,0,71,,68956,18,,,0,32,,68964,18,,,0,55,,69018,18,,,0,15,,68959,18,,,0,15,,68992,18,,,0,15,,68971,18,,,0,55,,69036,18,,,0,15,,68962,18,,,0,15,,69014,18,,,0,15,,68967,18,,,0,70,,68970,18,,,0,30,,68957,18,,,0,70,,68969,18,,,0,30,,68973,18,,,0,70,,68954,18,,,0,30,,68955,18,,,0,70,,68972,18,,,0,30,,68953,18,,,0,69,,68968,18,,,0,29,,68974,18,,,0,70,,68965,18,,,0,30,,68966,18,,,0,69,,68975,18,,,0,30,,68963,18,,,0,155,,69042,18,,,0,129,,69047,18,,,0,90,,69050,18,,,0
701019,'1925',635,,73015,18,,,0,68,,73046,18,,,0,30,,73033,18,,,0,70,,73014,18,,,0,15,,69075,18,,,0,15,,73048,18,,,0,15,,72994,18,,,0,55,,73022,18,,,0,17,,69059,18,,,0,15,,73011,18,,,0,15,,69076,18,,,0,55,,69138,18,,,0,15,,72993,18,,,0,15,,73031,18,,,0,15,,69060,18,,,0,55,,73010,18,,,0,16,,69055,18,,,0,17,,73043,18,,,0,15,,69063,18,,,0,55,,69117,18,,,0,15,,69058,18,,,0,15,,69091,18,,,0,15,,69070,18,,,0,55,,69135,18,,,0,15,,69061,18,,,0,15,,69113,18,,,0,15,,69066,18,,,0,55,,73007,18,,,0,15,,69069,18,,,0,15,,73049,18,,,0,15,,69056,18,,,0,55,,73027,18,,,0,15,,69068,18,,,0,15,,73005,18,,,0,15,,69072,18,,,0,55,,73045,18,,,0,15,,69053,18,,,0,15,,73032,18,,,0,15,,69054,18,,,0,55,,73003,18,,,0,15,,69071,18,,,0,15,,73041,18,,,0,15,,69052,18,,,0,55,,73024,18,,,0,14,,69067,18,,,0,14,,73002,18,,,0,15,,69073,18,,,0,55,,73040,18,,,0,15,,69064,18,,,0,15,,73025,18,,,0,15,,69065,18,,,0,55,,73000,18,,,0,14,,69074,18,,,0,15,,73050,18,,,0,15,,69062,18,,,0,55,,73023,18,,,0,30,,72997,18,,,0,70,,69141,18,,,0,30,,73019,18,,,0,69,,72995,18,,,0,30,,69146,18,,,0,25,,73051,18,,,0,65,,69149,18,,,0
701019,'1949',704,,69208,18,,,0,103,,69212,18,,,0,30,,69214,18,,,0,70,,69216,18,,,0,102,,69311,18,,,0,45,,69222,18,,,0,100,,69226,18,,,0,85,,69229,18,,,0,100,,69233,18,,,0,85,,69236,18,,,0,176,,69241,18,,,0,30,,69243,18,,,0,99,,69246,18,,,0,12,,69247,18,,,0,167,,69253,18,,,0,15,,69254,18,,,0,15,,69255,18,,,0,15,,69256,18,,,0,81,,69259,18,,,0,15,,69260,18,,,0,85,,69262,18,,,0,70,,69263,18,,,0,100,,69265,18,,,0,30,,69266,18,,,0,90,,69268,18,,,0
701019,'1955',818,,68788,18,,,0,102,,68790,18,,,0,30,,68795,18,,,0,105,,68847,18,,,0,71,,68802,18,,,0,30,,68824,18,,,0,100,,68845,18,,,0,100,,68823,18,,,0,70,,68837,18,,,0,30,,68846,18,,,0,100,,68828,18,,,0,85,,68848,18,,,0,15,,68851,18,,,0,99,,68817,18,,,0,85,,68821,18,,,0,15,,68810,18,,,0,165,,68792,18,,,0,30,,68793,18,,,0
701019,'1956',635,,69000,18,,,0,68,,69041,18,,,0,30,,69022,18,,,0,70,,68999,18,,,0,30,,69044,18,,,0,15,,68958,18,,,0,55,,69009,18,,,0,32,,68996,18,,,0,85,,68952,18,,,0,15,,69020,18,,,0,70,,68995,18,,,0,33,,69035,18,,,0,270,,68990,18,,,0,30,,69045,18,,,0,70,,69015,18,,,0,30,,68988,18,,,0,70,,69040,18,,,0,30,,69021,18,,,0,70,,68986,18,,,0,30,,69032,18,,,0,70,,69011,18,,,0,28,,68985,18,,,0,70,,69031,18,,,0,30,,69012,18,,,0,70,,68983,18,,,0,29,,69046,18,,,0,70,,69010,18,,,0,30,,68980,18,,,0,100,,69005,18,,,0,69,,68978,18,,,0,55,,69048,18,,,0
701019,'1957',615,,73053,18,,,0,30,,73054,18,,,0,77,,73055,18,,,0,15,,73056,18,,,0,15,,73057,18,,,0,70,,73058,18,,,0,30,,73059,18,,,0,72,,73060,18,,,0,15,,73061,18,,,0,15,,73062,18,,,0,70,,73063,18,,,0,15,,73064,18,,,0,70,,73065,18,,,0,15,,73066,18,,,0,15,,73067,18,,,0,70,,73068,18,,,0,15,,73069,18,,,0,30,,73070,18,,,0,55,,73071,18,,,0,15,,73072,18,,,0,30,,73073,18,,,0,55,,73074,18,,,0,33,,73075,18,,,0,58,,73076,18,,,0,15,,73077,18,,,0,15,,73115,18,,,0,15,,73078,18,,,0,70,,73079,18,,,0,30,,73117,18,,,0,55,,73080,18,,,0,15,,73081,18,,,0,38,,73082,18,,,0,55,,73083,18,,,0,15,,73084,18,,,0,15,,73085,18,,,0,15,,73086,18,,,0,153,,73087,18,,,0,13,,73088,18,,,0,85,,73089,18,,,0,130,,73090,18,,,0,125,,73091,18,,,0
701019,'1958',818,,73122,18,,,0,102,,73123,18,,,0,30,,73126,18,,,0,105,,73139,18,,,0,71,,73127,18,,,0,30,,73132,18,,,0,100,,73137,18,,,0,100,,73131,18,,,0,70,,73135,18,,,0,30,,73138,18,,,0,100,,73134,18,,,0,85,,73140,18,,,0,15,,73141,18,,,0,99,,73129,18,,,0,85,,73130,18,,,0,15,,73128,18,,,0,165,,73124,18,,,0,30,,73125,18,,,0
701019,'1959',635,,73164,18,,,0,68,,73195,18,,,0,30,,73182,18,,,0,70,,73163,18,,,0,30,,73197,18,,,0,15,,73143,18,,,0,55,,73171,18,,,0,32,,73160,18,,,0,85,,73142,18,,,0,15,,73180,18,,,0,70,,73159,18,,,0,33,,73192,18,,,0,270,,73156,18,,,0,30,,73198,18,,,0,70,,73176,18,,,0,30,,73154,18,,,0,70,,73194,18,,,0,30,,73181,18,,,0,70,,73152,18,,,0,30,,73190,18,,,0,70,,73173,18,,,0,28,,73151,18,,,0,70,,73189,18,,,0,30,,73174,18,,,0,70,,73149,18,,,0,29,,73199,18,,,0,70,,73172,18,,,0,30,,73146,18,,,0,100,,73168,18,,,0,69,,73144,18,,,0,55,,73200,18,,,0
