10019,'1909',916,,60946,16,,,0,999,,60966,16,,,0,98,,60968,16,,,0,100,,60970,16,,,0,100,,60971,16,,,0
10019,'1910',1845,,66746,16,,,0,69,,60997,16,,,0,100,,66747,16,,,0,100,,60999,16,,,0
10019,'1912',744,,61000,16,,,0,70,,66748,16,,,0,30,,61002,16,,,0,70,,66749,16,,,0,30,,61004,16,,,0,70,,71282,16,,,0,30,,71283,16,,,0,70,,71284,16,,,0,30,,71285,16,,,0,71,,71286,16,,,0,30,,71287,16,,,0,70,,71288,16,,,0,30,,71289,16,,,0,70,,71290,16,,,0,30,,71291,16,,,0,70,,71292,16,,,0,30,,71293,16,,,0,70,,71294,16,,,0,30,,66763,16,,,0,70,,71295,16,,,0,30,,71296,16,,,0,69,,71297,16,,,0,30,,66767,16,,,0,70,,71298,16,,,0
10019,'1924',744,,61024,16,,,0,70,,66769,16,,,0,30,,61026,16,,,0,70,,66770,16,,,0,30,,61028,16,,,0,701,,66784,16,,,0,199,,66788,16,,,0
10019,'1925',744,,61048,16,,,0,70,,66790,16,,,0,30,,61050,16,,,0,70,,66791,16,,,0,30,,61052,16,,,0,70,,71299,16,,,0,30,,71300,16,,,0,70,,71301,16,,,0,30,,71302,16,,,0,71,,71303,16,,,0,30,,71304,16,,,0,70,,71305,16,,,0,30,,71306,16,,,0,70,,71307,16,,,0,30,,71308,16,,,0,70,,71309,16,,,0,30,,71310,16,,,0,70,,71311,16,,,0,30,,66805,16,,,0,70,,71312,16,,,0,30,,71313,16,,,0,69,,71314,16,,,0,30,,66809,16,,,0,70,,71315,16,,,0
10019,'1949',1346,,66831,16,,,0
10019,'1955',644,,60972,16,,,0,70,,66724,16,,,0,30,,66725,16,,,0,70,,66726,16,,,0,30,,60976,16,,,0,70,,66727,16,,,0,30,,66728,16,,,0,71,,66729,16,,,0,30,,66730,16,,,0,70,,66731,16,,,0,30,,66732,16,,,0,70,,66733,16,,,0,30,,66734,16,,,0,70,,66735,16,,,0,30,,66736,16,,,0,70,,66737,16,,,0,30,,66738,16,,,0,70,,66739,16,,,0,30,,66740,16,,,0,70,,66741,16,,,0,30,,66742,16,,,0,70,,66743,16,,,0,30,,66744,16,,,0,70,,66745,16,,,0
10019,'1956',1014,,66771,16,,,0,30,,66772,16,,,0,70,,66773,16,,,0,30,,66774,16,,,0,71,,66775,16,,,0,30,,66776,16,,,0,70,,66777,16,,,0,30,,66778,16,,,0,70,,66779,16,,,0,30,,66780,16,,,0,70,,66781,16,,,0,30,,66782,16,,,0,70,,66783,16,,,0,100,,66785,16,,,0,30,,66786,16,,,0,69,,66787,16,,,0,100,,66789,16,,,0
10019,'1957',544,,71316,16,,,0,70,,71317,16,,,0,30,,71318,16,,,0,71,,71319,16,,,0,30,,71320,16,,,0,70,,71321,16,,,0,30,,71322,16,,,0,101,,71323,16,,,0,70,,71324,16,,,0,30,,71325,16,,,0,70,,71326,16,,,0,30,,71327,16,,,0,70,,71328,16,,,0,30,,71329,16,,,0,70,,71330,16,,,0,100,,71331,16,,,0,32,,71332,16,,,0,70,,71333,16,,,0,30,,71334,16,,,0,70,,71335,16,,,0,30,,71336,16,,,0,70,,71337,16,,,0,27,,71338,16,,,0,70,,71339,16,,,0,30,,71340,16,,,0,100,,71341,16,,,0,98,,71342,16,,,0
10019,'1958',644,,71343,16,,,0,70,,71344,16,,,0,30,,71345,16,,,0,70,,71346,16,,,0,30,,71347,16,,,0,70,,71348,16,,,0,30,,71349,16,,,0,71,,71350,16,,,0,30,,71351,16,,,0,70,,71352,16,,,0,30,,71353,16,,,0,70,,71354,16,,,0,30,,71355,16,,,0,70,,71356,16,,,0,30,,71357,16,,,0,70,,71358,16,,,0,30,,71359,16,,,0,70,,71360,16,,,0,30,,71361,16,,,0,70,,71362,16,,,0,30,,71363,16,,,0,70,,71364,16,,,0,30,,71365,16,,,0,70,,71366,16,,,0
10019,'1959',1014,,71367,16,,,0,30,,71368,16,,,0,70,,71369,16,,,0,30,,71370,16,,,0,71,,71371,16,,,0,30,,71372,16,,,0,70,,71373,16,,,0,30,,71374,16,,,0,70,,71375,16,,,0,30,,71376,16,,,0,70,,71377,16,,,0,30,,71378,16,,,0,70,,71379,16,,,0,100,,71380,16,,,0,30,,71381,16,,,0,69,,71382,16,,,0,100,,71383,16,,,0
