1029,'1909',833,,59245,19,,,0,103,,59222,19,,,0,170,,59211,19,,,0,100,,59216,19,,,0,130,,59218,19,,,0,100,,59242,19,,,0,171,,59238,19,,,0,30,,59227,19,,,0,99,,59225,19,,,0,97,,59230,19,,,0,70,,59229,19,,,0,100,,59243,19,,,0,129,,59235,19,,,0,125,,59232,19,,,0
1029,'1912',604,,59281,19,,,0,98,,59282,19,,,0,100,,59283,19,,,0,100,,59284,19,,,0,101,,59285,19,,,0,100,,59286,19,,,0,100,,59287,19,,,0,100,,59288,19,,,0,100,,59289,19,,,0,100,,59290,19,,,0,100,,59291,19,,,0,100,,59292,19,,,0,100,,59293,19,,,0,100,,59294,19,,,0,100,,59295,19,,,0,100,,59296,19,,,0,99,,59297,19,,,0,99,,59298,19,,,0
1029,'1924',604,,59299,19,,,0,98,,59300,19,,,0,100,,59301,19,,,0,100,,59302,19,,,0,101,,59303,19,,,0,100,,59304,19,,,0,100,,59305,19,,,0,100,,59306,19,,,0,100,,59307,19,,,0,100,,59308,19,,,0,100,,59309,19,,,0,100,,59310,19,,,0,100,,59311,19,,,0,100,,59312,19,,,0,100,,59313,19,,,0,100,,59314,19,,,0,99,,59315,19,,,0,99,,59316,19,,,0
1029,'1925',604,,59317,19,,,0,98,,59318,19,,,0,100,,59319,19,,,0,100,,59320,19,,,0,101,,59321,19,,,0,100,,59322,19,,,0,100,,59323,19,,,0,100,,59324,19,,,0,100,,59325,19,,,0,100,,59326,19,,,0,100,,59327,19,,,0,100,,59328,19,,,0,100,,59329,19,,,0,100,,59330,19,,,0,100,,59331,19,,,0,100,,59332,19,,,0,99,,59333,19,,,0,99,,59334,19,,,0
1029,'1949',637,,65993,19,,,0,166,,65987,19,,,0,103,,65990,19,,,0,130,,65991,19,,,0,100,,65996,19,,,0,170,,65995,19,,,0,100,,65988,19,,,0,101,,65989,19,,,0,30,,65994,19,,,0
1029,'1955',604,,65951,19,,,0,28,,65963,19,,,0,70,,65970,19,,,0,30,,65958,19,,,0,70,,65979,19,,,0,30,,65967,19,,,0,70,,65950,19,,,0,29,,65962,19,,,0,70,,65973,19,,,0,30,,65957,19,,,0,70,,65980,19,,,0,30,,65966,19,,,0,70,,65949,19,,,0,30,,65961,19,,,0,70,,65972,19,,,0,30,,65956,19,,,0,70,,65952,19,,,0,30,,65965,19,,,0,70,,65948,19,,,0,30,,65960,19,,,0,70,,65968,19,,,0,30,,65955,19,,,0,70,,65977,19,,,0,30,,65964,19,,,0,70,,65947,19,,,0,31,,65959,19,,,0,70,,65971,19,,,0,30,,65953,19,,,0,70,,65975,19,,,0,30,,65974,19,,,0,70,,59246,19,,,0,30,,65954,19,,,0,70,,65969,19,,,0,30,,65978,19,,,0,70,,65976,19,,,0
1029,'1957',602,,70268,19,,,0,101,,70278,19,,,0,30,,70267,19,,,0,273,,70277,19,,,0,230,,70269,19,,,0,471,,70270,19,,,0,96,,70272,19,,,0,130,,70271,19,,,0,99,,70276,19,,,0,70,,70275,19,,,0,100,,70274,19,,,0,30,,70273,19,,,0
1029,'1958',604,,70284,19,,,0,28,,70296,19,,,0,70,,70303,19,,,0,30,,70291,19,,,0,70,,70312,19,,,0,30,,70300,19,,,0,70,,70283,19,,,0,29,,70295,19,,,0,70,,70306,19,,,0,30,,70290,19,,,0,70,,70313,19,,,0,30,,70299,19,,,0,70,,70282,19,,,0,30,,70294,19,,,0,70,,70305,19,,,0,30,,70289,19,,,0,70,,70285,19,,,0,30,,70298,19,,,0,70,,70281,19,,,0,30,,70293,19,,,0,70,,70301,19,,,0,30,,70288,19,,,0,70,,70310,19,,,0,30,,70297,19,,,0,70,,70280,19,,,0,31,,70292,19,,,0,70,,70304,19,,,0,30,,70286,19,,,0,70,,70308,19,,,0,30,,70307,19,,,0,70,,70279,19,,,0,30,,70287,19,,,0,70,,70302,19,,,0,30,,70311,19,,,0,70,,70309,19,,,0
22019,'1909',555,,62171,5,0,19 2 32 26,0
22019,'1910',621,,62202,5,0,19 2 32 26,0,23,,62195,5,0,19 2 32 26,0,70,,62191,5,0,19 2 32 26,0,30,,62196,5,0,19 2 32 26,0,70,,62192,5,0,19 2 32 26,0,933,,62197,5,0,19 2 32 26,0,70,,62193,5,0,19 2 32 26,0,30,,62198,5,0,19 2 32 26,0,68,,62190,5,0,19 2 32 26,0,30,,62199,5,0,19 2 32 26,0,69,,62194,5,0,19 2 32 26,0,30,,62200,5,0,19 2 32 26,0,70,,62201,5,0,19 2 32 26,0
22019,'1912',649,,67626,5,0,19 2 32 26,0,100,,71967,5,0,19 2 32 26,0,993,,62212,5,0,19 2 32 26,0,100,,62213,5,0,19 2 32 26,0,100,,62214,5,0,19 2 32 26,0,108,,71966,5,0,19 2 32 26,0
22019,'1924',649,,67638,5,0,19 2 32 26,0,1093,,62227,5,0,19 2 32 26,0,100,,62228,5,0,19 2 32 26,0,100,,62229,5,0,19 2 32 26,0
22019,'1925',649,,67650,5,0,19 2 32 26,0,100,,71977,5,0,19 2 32 26,0,993,,62242,5,0,19 2 32 26,0,100,,62243,5,0,19 2 32 26,0,100,,62244,5,0,19 2 32 26,0,108,,71976,5,0,19 2 32 26,0
22019,'1956',749,,67637,5,0,19 2 32 26,0,1301,,67636,5,0,19 2 32 26,0
22019,'1957',647,,71978,5,0,19 2 32 26,0,70,,71979,5,0,19 2 32 26,0,1398,,71999,5,0,19 2 32 26,0
22019,'1959',749,,72009,5,0,19 2 32 26,0,1301,,72008,5,0,19 2 32 26,0
