1019,'1909',736,,59087,2,,,0,100,,59076,2,,,0,170,,59067,2,,,0,100,,59072,2,,,0,130,,59075,2,,,0,100,,59099,2,,,0,170,,59096,2,,,0,30,,59089,2,,,0,200,,59084,2,,,0,70,,59083,2,,,0,95,,59100,2,,,0,130,,59093,2,,,0,170,,59090,2,,,0,30,,59088,2,,,0
1019,'1912',601,,59139,2,,,0,100,,59140,2,,,0,100,,59141,2,,,0,100,,59142,2,,,0,100,,59143,2,,,0,100,,59144,2,,,0,100,,59145,2,,,0,100,,59146,2,,,0,100,,59147,2,,,0,100,,59148,2,,,0,100,,59149,2,,,0,100,,59150,2,,,0,100,,59151,2,,,0,100,,59152,2,,,0,100,,59153,2,,,0,100,,59154,2,,,0,100,,59155,2,,,0,100,,59156,2,,,0
1019,'1924',601,,59157,2,,,0,100,,59158,2,,,0,100,,59159,2,,,0,100,,59160,2,,,0,100,,59161,2,,,0,100,,59162,2,,,0,100,,59163,2,,,0,100,,59164,2,,,0,100,,59165,2,,,0,100,,59166,2,,,0,100,,59167,2,,,0,100,,59168,2,,,0,100,,59169,2,,,0,100,,59170,2,,,0,100,,59171,2,,,0,100,,59172,2,,,0,100,,59173,2,,,0,100,,59174,2,,,0
1019,'1925',601,,59175,2,,,0,100,,59176,2,,,0,100,,59177,2,,,0,100,,59178,2,,,0,100,,59179,2,,,0,100,,59180,2,,,0,100,,59181,2,,,0,100,,59182,2,,,0,100,,59183,2,,,0,100,,59184,2,,,0,100,,59185,2,,,0,100,,59186,2,,,0,100,,59187,2,,,0,100,,59188,2,,,0,100,,59189,2,,,0,100,,59190,2,,,0,100,,59191,2,,,0,100,,59192,2,,,0
1019,'1949',706,,65941,2,,,0,100,,65942,2,,,0,130,,65943,2,,,0,100,,65945,2,,,0,170,,65946,2,,,0,100,,65940,2,,,0,130,,65944,2,,,0
1019,'1955',531,,65933,2,,,0,70,,65923,2,,,0,30,,65909,2,,,0,70,,65927,2,,,0,30,,65918,2,,,0,70,,65903,2,,,0,30,,65924,2,,,0,70,,65925,2,,,0,30,,65908,2,,,0,70,,65928,2,,,0,30,,65917,2,,,0,70,,65902,2,,,0,30,,65912,2,,,0,70,,65922,2,,,0,30,,65907,2,,,0,70,,65929,2,,,0,30,,65916,2,,,0,70,,65901,2,,,0,30,,65911,2,,,0,70,,65921,2,,,0,30,,65906,2,,,0,70,,65930,2,,,0,30,,65915,2,,,0,70,,65900,2,,,0,30,,65910,2,,,0,70,,65920,2,,,0,30,,65904,2,,,0,70,,65931,2,,,0,30,,65913,2,,,0,70,,59103,2,,,0,30,,65905,2,,,0,70,,65919,2,,,0,30,,65914,2,,,0,70,,65932,2,,,0,30,,65926,2,,,0,70,,59129,2,,,0
1019,'1957',531,,70230,2,,,0,75,,70228,2,,,0,30,,70217,2,,,0,270,,70229,2,,,0,230,,70218,2,,,0,270,,70216,2,,,0,200,,70221,2,,,0,30,,70219,2,,,0,70,,70222,2,,,0,130,,70220,2,,,0,95,,70226,2,,,0,70,,70227,2,,,0,100,,70225,2,,,0,30,,70224,2,,,0,170,,70223,2,,,0
1019,'1958',531,,70266,2,,,0,70,,70255,2,,,0,30,,70241,2,,,0,70,,70260,2,,,0,30,,70250,2,,,0,70,,70235,2,,,0,30,,70256,2,,,0,70,,70258,2,,,0,30,,70240,2,,,0,70,,70261,2,,,0,30,,70249,2,,,0,70,,70234,2,,,0,30,,70244,2,,,0,70,,70254,2,,,0,30,,70239,2,,,0,70,,70262,2,,,0,30,,70248,2,,,0,70,,70233,2,,,0,30,,70243,2,,,0,70,,70253,2,,,0,30,,70238,2,,,0,70,,70263,2,,,0,30,,70247,2,,,0,70,,70232,2,,,0,30,,70242,2,,,0,70,,70252,2,,,0,30,,70236,2,,,0,70,,70264,2,,,0,30,,70245,2,,,0,70,,70231,2,,,0,30,,70237,2,,,0,70,,70251,2,,,0,30,,70246,2,,,0,70,,70265,2,,,0,30,,70259,2,,,0,70,,70257,2,,,0
2019,'1912',646,,70341,11,,,0,70,,70318,11,,,0,30,,70322,11,,,0,70,,70334,11,,,0,30,,70329,11,,,0,70,,70319,11,,,0,30,,70323,11,,,0,70,,70335,11,,,0,30,,70330,11,,,0,70,,70320,11,,,0,30,,70324,11,,,0,70,,70336,11,,,0,30,,70331,11,,,0,70,,70321,11,,,0,30,,70325,11,,,0,70,,70337,11,,,0,30,,70332,11,,,0,70,,70316,11,,,0,30,,70326,11,,,0,70,,70338,11,,,0,30,,70333,11,,,0,70,,70314,11,,,0,30,,70327,11,,,0,70,,70339,11,,,0,100,,70315,11,,,0,100,,70340,11,,,0,100,,70317,11,,,0,100,,70328,11,,,0,99,,70342,11,,,0
2019,'1925',646,,70370,11,,,0,70,,70347,11,,,0,30,,70351,11,,,0,70,,70363,11,,,0,30,,70358,11,,,0,70,,70348,11,,,0,30,,70352,11,,,0,70,,70364,11,,,0,30,,70359,11,,,0,70,,70349,11,,,0,30,,70353,11,,,0,70,,70365,11,,,0,30,,70360,11,,,0,70,,70350,11,,,0,30,,70354,11,,,0,70,,70366,11,,,0,30,,70361,11,,,0,70,,70345,11,,,0,30,,70355,11,,,0,70,,70367,11,,,0,30,,70362,11,,,0,70,,70343,11,,,0,30,,70356,11,,,0,70,,70368,11,,,0,100,,70344,11,,,0,100,,70369,11,,,0,100,,70346,11,,,0,100,,70357,11,,,0,99,,70371,11,,,0
2019,'1955',616,,59396,2,,,0,30,,59403,11,,,0,70,,59412,11,,,0,30,,59419,11,,,0,70,,59397,11,,,0,30,,59404,11,,,0,70,,59413,11,,,0,30,,59420,11,,,0,70,,59398,11,,,0,30,,59405,11,,,0,70,,59414,11,,,0,30,,59421,11,,,0,70,,59399,11,,,0,30,,59406,11,,,0,70,,59415,11,,,0,30,,59422,11,,,0,70,,59400,11,,,0,30,,59407,11,,,0,70,,59416,11,,,0,30,,59423,11,,,0,70,,59401,11,,,0,30,,59408,11,,,0,70,,59417,11,,,0,30,,59424,11,,,0,70,,59402,11,,,0,30,,59409,11,,,0,70,,59418,11,,,0,100,,59410,11,,,0,100,,59425,11,,,0,100,,59411,11,,,0,100,,59426,11,,,0
2019,'1956',646,,59483,11,,,0,70,,59460,11,,,0,30,,59464,11,,,0,70,,59476,11,,,0,30,,59471,11,,,0,70,,59461,11,,,0,30,,59465,11,,,0,70,,59477,11,,,0,30,,59472,11,,,0,70,,59462,11,,,0,30,,59466,11,,,0,70,,59478,11,,,0,30,,59473,11,,,0,70,,59463,11,,,0,30,,59467,11,,,0,70,,59479,11,,,0,30,,59474,11,,,0,70,,59458,11,,,0,30,,59468,11,,,0,70,,59480,11,,,0,30,,59475,11,,,0,70,,59456,11,,,0,30,,59469,11,,,0,70,,59481,11,,,0,100,,59457,11,,,0,100,,59482,11,,,0,100,,59459,11,,,0,100,,59470,11,,,0,99,,59484,11,,,0
2019,'1957',443,,70403,2,0,5 2 13 14,0,173,,70372,11,,,0,30,,70373,11,,,0,70,,70374,11,,,0,30,,70375,11,,,0,70,,70376,11,,,0,30,,70377,11,,,0,70,,70394,11,,,0,30,,70395,11,,,0,70,,70396,11,,,0,30,,70397,11,,,0,70,,70398,11,,,0,30,,70399,11,,,0,70,,70400,11,,,0,30,,70401,11,,,0,70,,70402,11,,,0,30,,70392,11,,,0,70,,70393,11,,,0,30,,70378,11,,,0,70,,70379,11,,,0,30,,70380,11,,,0,70,,70381,11,,,0,30,,70382,11,,,0,70,,70383,11,,,0,30,,70384,11,,,0,70,,70385,11,,,0,30,,70391,11,,,0,70,,70386,11,,,0,100,,70387,11,,,0,100,,70388,11,,,0,100,,70389,11,,,0,100,,70390,11,,,0
2019,'1958',616,,70404,2,,,0,30,,70411,11,,,0,70,,70420,11,,,0,30,,70427,11,,,0,70,,70405,11,,,0,30,,70412,11,,,0,70,,70421,11,,,0,30,,70428,11,,,0,70,,70406,11,,,0,30,,70413,11,,,0,70,,70422,11,,,0,30,,70429,11,,,0,70,,70407,11,,,0,30,,70414,11,,,0,70,,70423,11,,,0,30,,70430,11,,,0,70,,70408,11,,,0,30,,70415,11,,,0,70,,70424,11,,,0,30,,70431,11,,,0,70,,70409,11,,,0,30,,70416,11,,,0,70,,70425,11,,,0,30,,70432,11,,,0,70,,70410,11,,,0,30,,70417,11,,,0,70,,70426,11,,,0,100,,70418,11,,,0,100,,70433,11,,,0,100,,70419,11,,,0,100,,70434,11,,,0
2019,'1959',646,,70462,11,,,0,70,,70439,11,,,0,30,,70443,11,,,0,70,,70455,11,,,0,30,,70450,11,,,0,70,,70440,11,,,0,30,,70444,11,,,0,70,,70456,11,,,0,30,,70451,11,,,0,70,,70441,11,,,0,30,,70445,11,,,0,70,,70457,11,,,0,30,,70452,11,,,0,70,,70442,11,,,0,30,,70446,11,,,0,70,,70458,11,,,0,30,,70453,11,,,0,70,,70437,11,,,0,30,,70447,11,,,0,70,,70459,11,,,0,30,,70454,11,,,0,70,,70435,11,,,0,30,,70448,11,,,0,70,,70460,11,,,0,100,,70436,11,,,0,100,,70461,11,,,0,100,,70438,11,,,0,100,,70449,11,,,0,99,,70463,11,,,0
609,'1909',1601,,60114,2,0,18 7,0,100,,60123,2,0,18 7,0,130,,60112,2,0,18 7,0,71,,60161,2,0,18 7,0
609,'1949',1631,,66534,2,0,18 7,0,100,,66515,2,0,18 7,0,70,,66526,2,0,18 7,0
609,'1955',630,,66352,2,0,18 7,0,70,,66334,2,0,18 7,0,30,,66365,2,0,18 7,0,70,,60178,2,0,18 7,0,30,,66351,2,0,18 7,0,70,,66333,2,0,18 7,0,30,,66364,2,0,18 7,0,70,,66332,2,0,18 7,0,30,,66350,2,0,18 7,0,70,,66331,2,0,18 7,0,30,,66363,2,0,18 7,0,70,,66330,2,0,18 7,0,30,,66349,2,0,18 7,0,70,,66328,2,0,18 7,0,30,,66348,2,0,18 7,0,70,,66324,2,0,18 7,0,30,,66375,2,0,18 7,0,70,,66347,2,0,18 7,0,30,,66326,2,0,18 7,0,70,,66359,2,0,18 7,0,30,,66325,2,0,18 7,0,70,,66360,2,0,18 7,0,30,,66327,2,0,18 7,0,70,,66361,2,0,18 7,0,30,,66329,2,0,18 7,0,70,,66362,2,0,18 7,0
609,'1957',631,,70993,2,0,18 7,0,70,,70979,2,0,18 7,0,30,,70984,2,0,18 7,0,70,,70999,2,0,18 7,0,30,,70972,2,0,18 7,0,70,,71001,2,0,18 7,0,30,,70974,2,0,18 7,0,70,,70975,2,0,18 7,0,30,,70994,2,0,18 7,0,70,,70995,2,0,18 7,0,30,,70992,2,0,18 7,0,70,,70986,2,0,18 7,0,30,,70990,2,0,18 7,0,70,,70982,2,0,18 7,0,30,,70987,2,0,18 7,0,70,,70981,2,0,18 7,0,30,,70976,2,0,18 7,0,70,,70973,2,0,18 7,0,30,,70983,2,0,18 7,0,469,,70985,2,0,18 7,0,100,,71020,2,0,18 7,0,100,,70978,2,0,18 7,0,100,,71023,2,0,18 7,0
609,'1958',630,,71054,2,0,18 7,0,70,,71036,2,0,18 7,0,30,,71068,2,0,18 7,0,70,,71035,2,0,18 7,0,30,,71053,2,0,18 7,0,70,,71034,2,0,18 7,0,30,,71067,2,0,18 7,0,70,,71033,2,0,18 7,0,30,,71052,2,0,18 7,0,70,,71032,2,0,18 7,0,30,,71066,2,0,18 7,0,70,,71031,2,0,18 7,0,30,,71051,2,0,18 7,0,70,,71029,2,0,18 7,0,30,,71050,2,0,18 7,0,70,,71025,2,0,18 7,0,30,,71079,2,0,18 7,0,70,,71049,2,0,18 7,0,30,,71027,2,0,18 7,0,70,,71062,2,0,18 7,0,30,,71026,2,0,18 7,0,70,,71063,2,0,18 7,0,30,,71028,2,0,18 7,0,70,,71064,2,0,18 7,0,30,,71030,2,0,18 7,0,70,,71065,2,0,18 7,0
12019,'1909',626,,61256,2,,,0,30,,61259,2,,,0,170,,61261,2,,,0,30,,61258,2,0,5 2 12,0,170,,61238,2,0,5 2 12,0,30,,61239,2,0,5 2 12,0,70,,61240,2,0,5 2 12,0,130,,61243,2,0,5 2 12,0,70,,61244,2,0,5 2 12,0,30,,61245,2,0,5 2 12,0
12019,'1957',726,,71543,2,,,0,30,,71548,2,,,0,170,,71538,2,0,5 2 12,0,30,,71539,2,0,5 2 12,0,200,,71535,2,0,5 2 12,0,70,,71536,2,0,5 2 12,0,200,,71537,2,,,0,30,,71546,2,,,0,70,,71542,2,,,0,30,,71544,2,,,0,70,,71541,2,,,0,30,,71545,2,,,0,70,,71540,2,,,0,30,,71547,2,,,0
14000001019,'1909',2411,,65835,18,,,0,130,,65834,18,,,0
14000001019,'1910',2411,,65840,18,,,0,130,,65838,18,,,0
14000001019,'1912',2411,,65844,18,,,0,30,,70196,18,,,0,70,,73578,18,,,0,30,,65845,18,,,0,70,,70197,18,,,0
14000001019,'1924',2411,,65849,18,,,0,30,,70198,18,,,0,100,,65850,18,,,0,70,,70199,18,,,0
14000001019,'1925',2411,,65854,18,,,0,30,,70200,18,,,0,70,,73579,18,,,0,30,,65855,18,,,0,70,,70201,18,,,0
14000001019,'1955',2441,,70194,18,,,0,70,,65839,18,,,0,100,,70195,18,,,0
14000001019,'1956',2511,,65847,18,,,0
14000001019,'1957',2441,,73580,18,,,0,70,,73581,18,,,0,100,,73582,18,,,0
14000001019,'1958',2441,,73583,18,,,0,70,,73584,18,,,0,100,,73585,18,,,0
14000001019,'1959',2511,,73586,18,,,0
