11019,'1912',906,,66957,14,,,0,100,,66958,14,,,0,100,,66959,14,,,0,101,,66960,14,,,0,100,,66961,14,,,0,100,,66962,14,,,0,100,,66963,14,,,0,99,,66964,14,,,0,100,,66965,14,,,0,100,,66966,14,,,0,100,,66967,14,,,0,100,,66968,14,,,0
11019,'1959',906,,66969,14,,,0,100,,66970,14,,,0,100,,66971,14,,,0,101,,66972,14,,,0,100,,66973,14,,,0,100,,66974,14,,,0,100,,66975,14,,,0,99,,66976,14,,,0,100,,66977,14,,,0,100,,66978,14,,,0,100,,66979,14,,,0,100,,66980,14,,,0
11019,'1967',707,,71500,14,,,0,100,,66945,14,,,0,100,,74382,14,,,0,100,,71502,14,,,0,100,,71503,14,,,0,100,,71504,14,,,0,100,,71505,14,,,0,100,,71506,14,,,0,100,,71507,14,,,0,100,,71508,14,,,0,100,,71509,14,,,0,100,,66955,14,,,0,100,,66942,14,,,0,100,,66943,14,,,0
11019,'1969',906,,66981,14,,,0,100,,66982,14,,,0,100,,66983,14,,,0,101,,66984,14,,,0,100,,66985,14,,,0,100,,66986,14,,,0,100,,66987,14,,,0,99,,66988,14,,,0,100,,66989,14,,,0,100,,66990,14,,,0,100,,66991,14,,,0,100,,66992,14,,,0
11019,'1976',707,,67009,14,,,0,100,,74374,14,,,0,101,,74375,14,,,0,100,,71488,14,,,0,100,,74376,14,,,0,100,,71490,14,,,0,100,,74377,14,,,0,100,,71492,14,,,0,100,,74378,14,,,0,100,,71494,14,,,0,100,,74379,14,,,0,100,,74380,14,,,0,99,,71496,14,,,0,100,,74381,14,,,0,100,,71498,14,,,0
11019,'1977',707,,75476,14,,,0,100,,75477,14,,,0,101,,75478,14,,,0,100,,75479,14,,,0,100,,75480,14,,,0,100,,75481,14,,,0,100,,75482,14,,,0,100,,75483,14,,,0,100,,75484,14,,,0,100,,75485,14,,,0,100,,75486,14,,,0,100,,75487,14,,,0,99,,75488,14,,,0,100,,75489,14,,,0,100,,75490,14,,,0
701019,'1912',628,,72955,10,,,0,28,,72986,10,,,0,70,,72973,10,,,0,30,,72954,10,,,0,55,,68877,10,,,0,15,,72988,10,,,0,15,,72934,10,,,0,15,,72962,10,,,0,56,,68861,10,,,0,15,,72951,10,,,0,15,,68878,10,,,0,15,,68940,10,,,0,55,,72933,10,,,0,15,,72971,10,,,0,15,,68862,10,,,0,15,,72950,10,,,0,55,,68857,10,,,0,17,,72983,10,,,0,15,,68865,10,,,0,15,,68919,10,,,0,55,,68860,10,,,0,15,,68893,10,,,0,15,,68872,10,,,0,15,,68937,10,,,0,55,,68863,10,,,0,15,,68915,10,,,0,15,,68868,10,,,0,15,,72947,10,,,0,55,,68871,10,,,0,15,,72989,10,,,0,15,,68858,10,,,0,15,,72967,10,,,0,55,,68870,10,,,0,15,,72945,10,,,0,15,,68874,10,,,0,15,,72985,10,,,0,55,,68855,10,,,0,15,,72972,10,,,0,15,,68856,10,,,0,15,,72943,10,,,0,55,,68873,10,,,0,15,,72981,10,,,0,15,,68854,10,,,0,15,,72964,10,,,0,55,,68869,10,,,0,14,,72942,10,,,0,15,,68875,10,,,0,15,,72980,10,,,0,55,,68866,10,,,0,15,,72965,10,,,0,15,,68867,10,,,0,15,,72940,10,,,0,54,,68876,10,,,0,15,,72990,10,,,0,15,,68864,10,,,0,15,,72963,10,,,0,70,,72937,10,,,0,30,,68943,10,,,0,70,,72959,10,,,0,30,,72935,10,,,0,70,,68948,10,,,0,25,,72991,10,,,0,65,,68951,10,,,0
701019,'1959',628,,73164,10,,,0,28,,73195,10,,,0,70,,73182,10,,,0,30,,73163,10,,,0,55,,68976,10,,,0,15,,73197,10,,,0,15,,73143,10,,,0,15,,73171,10,,,0,56,,68960,10,,,0,15,,73160,10,,,0,15,,68977,10,,,0,15,,69039,10,,,0,55,,73142,10,,,0,15,,73180,10,,,0,15,,68961,10,,,0,15,,73159,10,,,0,55,,68956,10,,,0,17,,73192,10,,,0,15,,68964,10,,,0,15,,69018,10,,,0,55,,68959,10,,,0,15,,68992,10,,,0,15,,68971,10,,,0,15,,69036,10,,,0,55,,68962,10,,,0,15,,69014,10,,,0,15,,68967,10,,,0,15,,73156,10,,,0,55,,68970,10,,,0,15,,73198,10,,,0,15,,68957,10,,,0,15,,73176,10,,,0,55,,68969,10,,,0,15,,73154,10,,,0,15,,68973,10,,,0,15,,73194,10,,,0,55,,68954,10,,,0,15,,73181,10,,,0,15,,68955,10,,,0,15,,73152,10,,,0,55,,68972,10,,,0,15,,73190,10,,,0,15,,68953,10,,,0,15,,73173,10,,,0,55,,68968,10,,,0,14,,73151,10,,,0,15,,68974,10,,,0,15,,73189,10,,,0,55,,68965,10,,,0,15,,73174,10,,,0,15,,68966,10,,,0,15,,73149,10,,,0,54,,68975,10,,,0,15,,73199,10,,,0,15,,68963,10,,,0,15,,73172,10,,,0,70,,73146,10,,,0,30,,69042,10,,,0,70,,73168,10,,,0,30,,73144,10,,,0,70,,69047,10,,,0,25,,73200,10,,,0,65,,69050,10,,,0
701019,'1967',628,,68785,10,,,0,28,,68770,10,,,0,70,,68760,10,,,0,30,,68766,10,,,0,55,,74988,10,,,0,15,,68773,10,,,0,16,,68789,10,,,0,15,,68756,10,,,0,55,,73123,10,,,0,15,,68761,10,,,0,15,,73126,10,,,0,15,,68767,10,,,0,59,,68811,10,,,0,15,,68831,10,,,0,15,,73139,10,,,0,55,,68835,10,,,0,15,,73127,10,,,0,15,,68842,10,,,0,15,,73132,10,,,0,55,,68849,10,,,0,15,,68840,10,,,0,15,,68797,10,,,0,15,,73137,10,,,0,55,,68830,10,,,0,15,,68801,10,,,0,15,,68839,10,,,0,15,,73131,10,,,0,55,,68804,10,,,0,15,,73135,10,,,0,15,,68829,10,,,0,15,,73138,10,,,0,55,,68838,10,,,0,15,,68800,10,,,0,15,,68843,10,,,0,15,,73134,10,,,0,55,,68820,10,,,0,15,,68841,10,,,0,15,,73140,10,,,0,15,,73141,10,,,0,55,,68799,10,,,0,15,,68819,10,,,0,15,,68826,10,,,0,15,,73129,10,,,0,55,,68812,10,,,0,15,,68815,10,,,0,15,,73130,10,,,0,15,,73128,10,,,0,54,,68803,10,,,0,12,,68786,10,,,0,15,,68816,10,,,0,15,,68791,10,,,0,15,,68768,10,,,0,55,,73124,10,,,0,15,,68774,10,,,0,15,,74989,10,,,0,15,,68757,10,,,0,70,,68762,10,,,0,30,,68769,10,,,0,70,,68775,10,,,0,30,,68782,10,,,0,70,,68784,10,,,0,25,,68794,10,,,0,65,,68787,10,,,0
701019,'1969',628,,73015,10,,,0,28,,73046,10,,,0,70,,73033,10,,,0,30,,73014,10,,,0,55,,69075,10,,,0,15,,73048,10,,,0,15,,72994,10,,,0,15,,73022,10,,,0,56,,69059,10,,,0,15,,73011,10,,,0,15,,69076,10,,,0,15,,69138,10,,,0,55,,72993,10,,,0,15,,73031,10,,,0,15,,69060,10,,,0,15,,73010,10,,,0,55,,69055,10,,,0,17,,73043,10,,,0,15,,69063,10,,,0,15,,69117,10,,,0,55,,69058,10,,,0,15,,69091,10,,,0,15,,69070,10,,,0,15,,69135,10,,,0,55,,69061,10,,,0,15,,69113,10,,,0,15,,69066,10,,,0,15,,73007,10,,,0,55,,69069,10,,,0,15,,73049,10,,,0,15,,69056,10,,,0,15,,73027,10,,,0,55,,69068,10,,,0,15,,73005,10,,,0,15,,69072,10,,,0,15,,73045,10,,,0,55,,69053,10,,,0,15,,73032,10,,,0,15,,69054,10,,,0,15,,73003,10,,,0,55,,69071,10,,,0,15,,73041,10,,,0,15,,69052,10,,,0,15,,73024,10,,,0,55,,69067,10,,,0,14,,73002,10,,,0,15,,69073,10,,,0,15,,73040,10,,,0,55,,69064,10,,,0,15,,73025,10,,,0,15,,69065,10,,,0,15,,73000,10,,,0,54,,69074,10,,,0,15,,73050,10,,,0,15,,69062,10,,,0,15,,73023,10,,,0,70,,72997,10,,,0,30,,69141,10,,,0,70,,73019,10,,,0,30,,72995,10,,,0,70,,69146,10,,,0,25,,73051,10,,,0,65,,69149,10,,,0
701019,'1976',608,,73053,10,,,0,30,,73054,10,,,0,18,,69208,10,,,0,57,,73055,10,,,0,15,,73056,10,,,0,15,,73057,10,,,0,15,,69212,10,,,0,55,,73058,10,,,0,15,,69214,10,,,0,15,,73059,10,,,0,15,,69216,10,,,0,56,,73060,10,,,0,15,,73061,10,,,0,15,,73062,10,,,0,15,,74985,10,,,0,55,,74966,10,,,0,15,,74967,10,,,0,15,,69222,10,,,0,15,,73065,10,,,0,55,,73066,10,,,0,15,,73067,10,,,0,15,,74968,10,,,0,15,,74969,10,,,0,55,,74970,10,,,0,15,,69229,10,,,0,15,,73070,10,,,0,15,,73071,10,,,0,55,,73072,10,,,0,15,,74971,10,,,0,15,,74972,10,,,0,15,,74973,10,,,0,55,,69236,10,,,0,16,,73075,10,,,0,17,,73076,10,,,0,55,,73077,10,,,0,15,,73115,10,,,0,15,,74974,10,,,0,15,,69241,10,,,0,55,,73079,10,,,0,15,,69243,10,,,0,15,,74984,10,,,0,15,,73080,10,,,0,55,,73081,10,,,0,15,,69246,10,,,0,14,,69247,10,,,0,13,,73082,10,,,0,15,,73083,10,,,0,55,,74975,10,,,0,15,,73085,10,,,0,15,,74976,10,,,0,15,,69253,10,,,0,55,,69254,10,,,0,15,,69255,10,,,0,15,,74977,10,,,0,14,,73087,10,,,0,54,,74978,10,,,0,15,,69259,10,,,0,15,,69260,10,,,0,15,,73089,10,,,0,70,,69262,10,,,0,30,,69263,10,,,0,70,,73090,10,,,0,30,,69265,10,,,0,70,,69266,10,,,0,25,,73091,10,,,0,65,,69268,10,,,0
701019,'1977',608,,76211,10,,,0,30,,76212,10,,,0,18,,76213,10,,,0,57,,76214,10,,,0,15,,76215,10,,,0,15,,76216,10,,,0,15,,76217,10,,,0,55,,76218,10,,,0,15,,76219,10,,,0,15,,76220,10,,,0,15,,76221,10,,,0,56,,76222,10,,,0,15,,76223,10,,,0,15,,76224,10,,,0,15,,76318,10,,,0,55,,76225,10,,,0,15,,76226,10,,,0,15,,76227,10,,,0,15,,76228,10,,,0,55,,76229,10,,,0,15,,76230,10,,,0,15,,76231,10,,,0,15,,76232,10,,,0,55,,76233,10,,,0,15,,76234,10,,,0,15,,76235,10,,,0,15,,76236,10,,,0,55,,76237,10,,,0,15,,76238,10,,,0,15,,76239,10,,,0,15,,76240,10,,,0,55,,76241,10,,,0,16,,76242,10,,,0,17,,76243,10,,,0,55,,76244,10,,,0,15,,76310,10,,,0,15,,76245,10,,,0,15,,76246,10,,,0,55,,76247,10,,,0,15,,76248,10,,,0,15,,76313,10,,,0,15,,76249,10,,,0,55,,76250,10,,,0,15,,76251,10,,,0,14,,76252,10,,,0,13,,76253,10,,,0,15,,76254,10,,,0,55,,76255,10,,,0,15,,76256,10,,,0,15,,76257,10,,,0,15,,76258,10,,,0,55,,76259,10,,,0,15,,76260,10,,,0,15,,76261,10,,,0,14,,76262,10,,,0,54,,76263,10,,,0,15,,76264,10,,,0,15,,76265,10,,,0,15,,76266,10,,,0,70,,76267,10,,,0,30,,76268,10,,,0,70,,76269,10,,,0,30,,76270,10,,,0,70,,76271,10,,,0,25,,76272,10,,,0,65,,76273,10,,,0
