19019,'1909',1826,,61998,6,0,38,0
19019,'1910',1026,,67497,6,0,38,0,30,,67512,6,0,38,0,70,,67501,6,0,38,0,30,,67515,6,0,38,0,70,,67494,6,0,38,0,100,,67496,6,0,38,0,30,,67513,6,0,38,0,70,,67498,6,0,38,0,30,,67520,6,0,38,0,70,,67507,6,0,38,0,30,,67509,6,0,38,0,70,,67493,6,0,38,0,100,,67519,6,0,38,0,30,,67506,6,0,38,0,70,,67500,6,0,38,0,129,,67522,6,0,38,0,155,,67505,6,0,38,0,100,,62033,6,0,38,0
19019,'1912',612,,71862,6,0,38,0,112,,62043,6,0,38,0,100,,71855,6,0,38,0,30,,62047,6,0,38,0,70,,71858,6,0,38,0,30,,71852,6,0,38,0,71,,71851,6,0,38,0,30,,67524,6,0,38,0,70,,71867,6,0,38,0,30,,71865,6,0,38,0,70,,71863,6,0,38,0,30,,71859,6,0,38,0,70,,71872,6,0,38,0,30,,71857,6,0,38,0,71,,71856,6,0,38,0,30,,71854,6,0,38,0,70,,71853,6,0,38,0,30,,71850,6,0,38,0,70,,71868,6,0,38,0,30,,71866,6,0,38,0,69,,71864,6,0,38,0,30,,71861,6,0,38,0,70,,71860,6,0,38,0,30,,71870,6,0,38,0,70,,71869,6,0,38,0,30,,71871,6,0,38,0,85,,62063,6,0,38,0,100,,62061,6,0,38,0,100,,62062,6,0,38,0,85,,71873,6,0,38,0
19019,'1924',724,,62073,6,0,38,0,130,,62077,6,0,38,0,201,,67549,6,0,38,0,985,,62093,6,0,38,0,100,,62091,6,0,38,0,100,,62092,6,0,38,0
19019,'1925',612,,71886,6,0,38,0,112,,62103,6,0,38,0,100,,71879,6,0,38,0,30,,62107,6,0,38,0,70,,71882,6,0,38,0,30,,71876,6,0,38,0,71,,71875,6,0,38,0,30,,67574,6,0,38,0,70,,71891,6,0,38,0,30,,71889,6,0,38,0,70,,71887,6,0,38,0,30,,71883,6,0,38,0,70,,71896,6,0,38,0,30,,71881,6,0,38,0,71,,71880,6,0,38,0,30,,71878,6,0,38,0,70,,71877,6,0,38,0,30,,71874,6,0,38,0,70,,71892,6,0,38,0,30,,71890,6,0,38,0,69,,71888,6,0,38,0,30,,71885,6,0,38,0,70,,71884,6,0,38,0,30,,71894,6,0,38,0,70,,71893,6,0,38,0,30,,71895,6,0,38,0,85,,62123,6,0,38,0,100,,62121,6,0,38,0,100,,62122,6,0,38,0,85,,71897,6,0,38,0
19019,'1955',625,,67495,6,0,38,0,30,,67508,6,0,38,0,70,,67499,6,0,38,0,30,,67514,6,0,38,0,70,,67518,6,0,38,0,30,,67502,6,0,38,0,70,,67492,6,0,38,0,30,,67517,6,0,38,0,301,,67510,6,0,38,0,400,,67511,6,0,38,0,200,,67516,6,0,38,0,69,,67504,6,0,38,0,110,,67521,6,0,38,0,270,,67503,6,0,38,0,20,,67523,6,0,38,0
19019,'1956',612,,67562,6,0,38,0,212,,67555,6,0,38,0,100,,67558,6,0,38,0,30,,67552,6,0,38,0,71,,67551,6,0,38,0,100,,67567,6,0,38,0,30,,67565,6,0,38,0,70,,67563,6,0,38,0,30,,67559,6,0,38,0,70,,67572,6,0,38,0,30,,67557,6,0,38,0,71,,67556,6,0,38,0,30,,67554,6,0,38,0,70,,67553,6,0,38,0,30,,67550,6,0,38,0,70,,67568,6,0,38,0,30,,67566,6,0,38,0,69,,67564,6,0,38,0,30,,67561,6,0,38,0,70,,67560,6,0,38,0,30,,67570,6,0,38,0,70,,67569,6,0,38,0,30,,67571,6,0,38,0,370,,67573,6,0,38,0
19019,'1957',826,,71916,6,0,38,0,30,,71902,6,0,38,0,70,,71903,6,0,38,0,30,,71900,6,0,38,0,70,,71917,6,0,38,0,30,,71901,6,0,38,0,70,,71908,6,0,38,0,30,,71898,6,0,38,0,70,,71915,6,0,38,0,30,,71904,6,0,38,0,70,,71905,6,0,38,0,30,,71907,6,0,38,0,70,,71906,6,0,38,0,31,,71899,6,0,38,0,70,,71918,6,0,38,0,329,,71909,6,0,38,0,70,,71910,6,0,38,0,100,,71914,6,0,38,0,100,,71913,6,0,38,0,100,,71911,6,0,38,0,100,,71912,6,0,38,0
19019,'1958',625,,71920,6,0,38,0,30,,71925,6,0,38,0,70,,71921,6,0,38,0,30,,71928,6,0,38,0,70,,71931,6,0,38,0,30,,71922,6,0,38,0,70,,71919,6,0,38,0,30,,71930,6,0,38,0,301,,71926,6,0,38,0,400,,71927,6,0,38,0,200,,71929,6,0,38,0,69,,71924,6,0,38,0,110,,71932,6,0,38,0,270,,71923,6,0,38,0,20,,71933,6,0,38,0
19019,'1959',612,,71946,6,0,38,0,212,,71939,6,0,38,0,100,,71942,6,0,38,0,30,,71936,6,0,38,0,71,,71935,6,0,38,0,100,,71951,6,0,38,0,30,,71949,6,0,38,0,70,,71947,6,0,38,0,30,,71943,6,0,38,0,70,,71956,6,0,38,0,30,,71941,6,0,38,0,71,,71940,6,0,38,0,30,,71938,6,0,38,0,70,,71937,6,0,38,0,30,,71934,6,0,38,0,70,,71952,6,0,38,0,30,,71950,6,0,38,0,69,,71948,6,0,38,0,30,,71945,6,0,38,0,70,,71944,6,0,38,0,30,,71954,6,0,38,0,70,,71953,6,0,38,0,30,,71955,6,0,38,0,370,,71957,6,0,38,0
10019029,'1909',716,,65786,7,,,0
10019029,'1949',1746,,70189,7,,,0
10019029,'1957',615,,73569,7,,,0,30,,73571,7,,,0,101,,73572,7,,,0,801,,73576,7,,,0,70,,73574,7,,,0,30,,73573,7,,,0,70,,73577,7,,,0,239,,73575,7,,,0
