609,'1965',832,,70991,19,0,15 16 17,0,70,,71000,19,0,15 16 17,0,100,,70988,19,0,15 16 17,0,30,,70997,19,0,15 16 17,0,70,,70998,19,0,15 16 17,0,30,,70996,19,0,15 16 17,0,70,,71019,19,0,15 16 17,0,30,,71018,19,0,15 16 17,0,70,,71015,19,0,15 16 17,0,431,,71010,19,0,15 16 17,0,67,,71007,19,0,15 16 17,0,55,,71005,19,0,15 16 17,0,90,,71003,19,0,15 16 17,0,199,,71002,19,0,15 16 17,0,100,,71024,19,0,15 16 17,0
609,'1966',616,,71081,19,0,15 16 17,0,30,,71060,19,0,15 16 17,0,70,,71048,19,0,15 16 17,0,200,,71046,19,0,15 16 17,0,28,,71073,19,0,15 16 17,0,70,,71045,19,0,15 16 17,0,30,,71058,19,0,15 16 17,0,73,,71044,19,0,15 16 17,0,30,,71072,19,0,15 16 17,0,70,,71043,19,0,15 16 17,0,30,,71057,19,0,15 16 17,0,70,,71042,19,0,15 16 17,0,30,,71071,19,0,15 16 17,0,70,,71041,19,0,15 16 17,0,30,,71056,19,0,15 16 17,0,70,,71040,19,0,15 16 17,0,30,,71070,19,0,15 16 17,0,70,,71039,19,0,15 16 17,0,30,,71055,19,0,15 16 17,0,70,,71038,19,0,15 16 17,0,30,,71077,19,0,15 16 17,0,70,,71061,19,0,15 16 17,0,30,,71075,19,0,15 16 17,0
609,'1967',746,,71074,19,0,15 16 17,0,70,,71047,19,0,15 16 17,0,30,,71059,19,0,15 16 17,0
609,'1970',625,,74248,19,0,15 16 17,0,75,,74226,19,0,15 16 17,0,32,,74224,19,0,15 16 17,0,70,,74229,19,0,15 16 17,0,130,,74247,19,0,15 16 17,0,400,,74242,19,0,15 16 17,0,70,,74243,19,0,15 16 17,0,31,,74241,19,0,15 16 17,0,71,,74239,19,0,15 16 17,0,30,,74240,19,0,15 16 17,0,70,,74238,19,0,15 16 17,0,30,,74237,19,0,15 16 17,0,70,,74236,19,0,15 16 17,0,121,,74235,19,0,15 16 17,0,219,,74234,19,0,15 16 17,0
609,'1971',616,,74298,19,0,15 16 17,0,30,,74279,19,0,15 16 17,0,70,,74269,19,0,15 16 17,0,200,,74268,19,0,15 16 17,0,28,,74292,19,0,15 16 17,0,70,,74267,19,0,15 16 17,0,30,,74278,19,0,15 16 17,0,73,,74266,19,0,15 16 17,0,30,,74291,19,0,15 16 17,0,70,,74265,19,0,15 16 17,0,30,,74277,19,0,15 16 17,0,70,,74264,19,0,15 16 17,0,30,,74290,19,0,15 16 17,0,70,,74263,19,0,15 16 17,0,30,,74276,19,0,15 16 17,0,70,,74262,19,0,15 16 17,0,30,,74289,19,0,15 16 17,0,70,,74261,19,0,15 16 17,0,30,,74275,19,0,15 16 17,0,70,,74260,19,0,15 16 17,0,30,,74295,19,0,15 16 17,0,70,,74280,19,0,15 16 17,0,30,,74293,19,0,15 16 17,0
15019,'1912',756,,61566,69,,,0,100,,61564,69,,,0,100,,61567,69,,,0,101,,61565,69,,,0,100,,61562,69,,,0,100,,61560,69,,,0,102,,61563,69,,,0,100,,61561,69,,,0,100,,61558,69,,,0,99,,61559,69,,,0,99,,61556,69,,,0,100,,61557,69,,,0,100,,61555,69,,,0,99,,71673,69,,,0
15019,'1959',756,,61580,69,,,0,100,,61578,69,,,0,100,,61581,69,,,0,101,,61579,69,,,0,100,,61576,69,,,0,100,,61574,69,,,0,102,,61577,69,,,0,100,,61575,69,,,0,100,,61572,69,,,0,99,,61573,69,,,0,99,,61570,69,,,0,100,,61571,69,,,0,100,,61569,69,,,0,99,,71708,69,,,0
15019,'1965',721,,61509,69,,,0,106,,67326,69,,,0,29,,71676,69,,,0,68,,71677,69,,,0,30,,71678,69,,,0,200,,71682,69,,,0,170,,71685,69,,,0,30,,71686,69,,,0,70,,71687,69,,,0,32,,71688,69,,,0,73,,71689,69,,,0,30,,61526,69,,,0,70,,71690,69,,,0,97,,71692,69,,,0,27,,71693,69,,,0,69,,71694,69,,,0,30,,61532,69,,,0,70,,71695,69,,,0,30,,71699,69,,,0,69,,71696,69,,,0,98,,71697,69,,,0,100,,71698,69,,,0
15019,'1966',956,,61542,69,,,0,301,,61545,69,,,0,343,,61548,69,,,0,456,,71706,69,,,0
15019,'1967',756,,71700,69,,,0,100,,71701,69,,,0,201,,71702,69,,,0,100,,71703,69,,,0,243,,71704,69,,,0,100,,61547,69,,,0,200,,61549,69,,,0,100,,67300,69,,,0,57,,61551,69,,,0,100,,71705,69,,,0
15019,'1969',756,,61594,69,,,0,100,,61592,69,,,0,100,,61595,69,,,0,101,,61593,69,,,0,100,,61590,69,,,0,100,,61588,69,,,0,102,,61591,69,,,0,100,,61589,69,,,0,100,,61586,69,,,0,99,,61587,69,,,0,99,,61584,69,,,0,100,,61585,69,,,0,100,,61583,69,,,0,99,,71674,69,,,0
15019,'1970',752,,74441,69,,,0,272,,74442,69,,,0,30,,74443,69,,,0,70,,74444,69,,,0,100,,74445,69,,,0,30,,74446,69,,,0,404,,74447,69,,,0
15019,'1971',956,,74448,69,,,0,301,,74449,69,,,0,343,,74450,69,,,0,456,,74451,69,,,0
502029,'1912',614,,72667,8,,,0,28,,72649,8,,,0,65,,72658,8,,,0,30,,72683,8,,,0,71,,72663,8,,,0,30,,72682,8,,,0,70,,72661,8,,,0,30,,72681,8,,,0,70,,72650,8,,,0,30,,72680,8,,,0,15,,72692,8,,,0,55,,72651,8,,,0,15,,72694,8,,,0,15,,72679,8,,,0,15,,72697,8,,,0,57,,72652,8,,,0,15,,72686,8,,,0,15,,72678,8,,,0,15,,72689,8,,,0,55,,72653,8,,,0,15,,72691,8,,,0,15,,72677,8,,,0,15,,72695,8,,,0,55,,72654,8,,,0,15,,72696,8,,,0,15,,72676,8,,,0,15,,72685,8,,,0,55,,72655,8,,,0,15,,72688,8,,,0,15,,72675,8,,,0,15,,72690,8,,,0,55,,72656,8,,,0,14,,72693,8,,,0,15,,72674,8,,,0,15,,72698,8,,,0,55,,72657,8,,,0,15,,72684,8,,,0,15,,72673,8,,,0,15,,72687,8,,,0,55,,72666,8,,,0,29,,72672,8,,,0,70,,72664,8,,,0,30,,72671,8,,,0,70,,72659,8,,,0,30,,72670,8,,,0,70,,72660,8,,,0,30,,72668,8,,,0,69,,72665,8,,,0,30,,72669,8,,,0,70,,72662,8,,,0
502029,'1959',614,,72893,8,,,0,28,,72875,8,,,0,65,,72884,8,,,0,30,,72909,8,,,0,71,,72889,8,,,0,30,,72908,8,,,0,70,,72887,8,,,0,30,,72907,8,,,0,70,,72876,8,,,0,30,,72906,8,,,0,15,,72918,8,,,0,55,,72877,8,,,0,15,,72920,8,,,0,15,,72905,8,,,0,15,,72923,8,,,0,57,,72878,8,,,0,15,,72912,8,,,0,15,,72904,8,,,0,15,,72915,8,,,0,55,,72879,8,,,0,15,,72917,8,,,0,15,,72903,8,,,0,15,,72921,8,,,0,55,,72880,8,,,0,15,,72922,8,,,0,15,,72902,8,,,0,15,,72911,8,,,0,55,,72881,8,,,0,15,,72914,8,,,0,15,,72901,8,,,0,15,,72916,8,,,0,55,,72882,8,,,0,14,,72919,8,,,0,15,,72900,8,,,0,15,,72924,8,,,0,55,,72883,8,,,0,15,,72910,8,,,0,15,,72899,8,,,0,15,,72913,8,,,0,55,,72892,8,,,0,29,,72898,8,,,0,70,,72890,8,,,0,30,,72897,8,,,0,70,,72885,8,,,0,30,,72896,8,,,0,70,,72886,8,,,0,30,,72894,8,,,0,69,,72891,8,,,0,30,,72895,8,,,0,70,,72888,8,,,0
502029,'1965',609,,72751,8,,,0,16,,72752,8,,,0,7,,72753,8,,,0,23,,72755,8,,,0,52,,72756,8,,,0,13,,72757,8,,,0,12,,72758,8,,,0,6,,72759,8,,,0,18,,72761,8,,,0,46,,72762,8,,,0,6,,72763,8,,,0,12,,72764,8,,,0,12,,72765,8,,,0,12,,72766,8,,,0,12,,72767,8,,,0,54,,72768,8,,,0,14,,72769,8,,,0,15,,72770,8,,,0,15,,72771,8,,,0,55,,72772,8,,,0,15,,72773,8,,,0,30,,72775,8,,,0,55,,72776,8,,,0,15,,72777,8,,,0,30,,72779,8,,,0,55,,72780,8,,,0,30,,72782,8,,,0,15,,72783,8,,,0,55,,72784,8,,,0,15,,72785,8,,,0,30,,72787,8,,,0,55,,72788,8,,,0,15,,72789,8,,,0,15,,72790,8,,,0,17,,72791,8,,,0,55,,72792,8,,,0,15,,72793,8,,,0,12,,72794,8,,,0,12,,72795,8,,,0,52,,72796,8,,,0,12,,72797,8,,,0,12,,72798,8,,,0,12,,72799,8,,,0,12,,72800,8,,,0,52,,72801,8,,,0,12,,72802,8,,,0,11,,72803,8,,,0,11,,72804,8,,,0,12,,72805,8,,,0,52,,72806,8,,,0,12,,72807,8,,,0,12,,72808,8,,,0,15,,72809,8,,,0,15,,72819,8,,,0,55,,72810,8,,,0,30,,72811,8,,,0,70,,72812,8,,,0,30,,72813,8,,,0,70,,72814,8,,,0,30,,72815,8,,,0,70,,72816,8,,,0,30,,72817,8,,,0,70,,72818,8,,,0
502029,'1966',627,,72873,8,,,0,85,,72826,8,,,0,95,,72825,8,,,0,30,,72836,8,,,0,71,,72824,8,,,0,30,,72837,8,,,0,72,,72864,8,,,0,30,,72856,8,,,0,70,,72865,8,,,0,30,,72857,8,,,0,70,,72866,8,,,0,30,,72858,8,,,0,70,,72867,8,,,0,30,,72859,8,,,0,70,,72868,8,,,0,30,,72860,8,,,0,70,,72869,8,,,0,30,,72861,8,,,0,70,,72870,8,,,0,30,,72862,8,,,0,70,,72871,8,,,0,30,,72829,8,,,0,70,,72863,8,,,0,99,,72874,8,,,0,99,,72823,8,,,0,100,,72822,8,,,0,99,,72821,8,,,0,100,,72820,8,,,0
502029,'1967',612,,72827,8,,,0,30,,72834,8,,,0,100,,72835,8,,,0,211,,72838,8,,,0,72,,72847,8,,,0,30,,72839,8,,,0,70,,72848,8,,,0,30,,72840,8,,,0,70,,72849,8,,,0,30,,72841,8,,,0,70,,72850,8,,,0,30,,72842,8,,,0,70,,72851,8,,,0,30,,72843,8,,,0,70,,72852,8,,,0,30,,72844,8,,,0,70,,72853,8,,,0,30,,72845,8,,,0,70,,72854,8,,,0,30,,72846,8,,,0,70,,72855,8,,,0,15,,72830,8,,,0,15,,72872,8,,,0,84,,72831,8,,,0,99,,72832,8,,,0,100,,72828,8,,,0,99,,72833,8,,,0
502029,'1969',614,,72717,8,,,0,28,,72699,8,,,0,65,,72708,8,,,0,30,,72733,8,,,0,71,,72713,8,,,0,30,,72732,8,,,0,70,,72711,8,,,0,30,,72731,8,,,0,70,,72700,8,,,0,30,,72730,8,,,0,15,,72742,8,,,0,55,,72701,8,,,0,15,,72744,8,,,0,15,,72729,8,,,0,15,,72747,8,,,0,57,,72702,8,,,0,15,,72736,8,,,0,15,,72728,8,,,0,15,,72739,8,,,0,55,,72703,8,,,0,15,,72741,8,,,0,15,,72727,8,,,0,15,,72745,8,,,0,55,,72704,8,,,0,15,,72746,8,,,0,15,,72726,8,,,0,15,,72735,8,,,0,55,,72705,8,,,0,15,,72738,8,,,0,15,,72725,8,,,0,15,,72740,8,,,0,55,,72706,8,,,0,14,,72743,8,,,0,15,,72724,8,,,0,15,,72748,8,,,0,55,,72707,8,,,0,15,,72734,8,,,0,15,,72723,8,,,0,15,,72737,8,,,0,55,,72716,8,,,0,29,,72722,8,,,0,70,,72714,8,,,0,30,,72721,8,,,0,70,,72709,8,,,0,30,,72720,8,,,0,70,,72710,8,,,0,30,,72718,8,,,0,69,,72715,8,,,0,30,,72719,8,,,0,70,,72712,8,,,0
502029,'1970',539,,74922,8,,,0,15,,74923,8,,,0,86,,74924,8,,,0,104,,74925,8,,,0,295,,74926,8,,,0,100,,74927,8,,,0,85,,74928,8,,,0,115,,74929,8,,,0
502029,'1971',627,,74956,8,,,0,85,,74936,8,,,0,95,,74935,8,,,0,30,,74938,8,,,0,71,,74934,8,,,0,30,,74939,8,,,0,72,,74948,8,,,0,30,,74940,8,,,0,70,,74949,8,,,0,30,,74941,8,,,0,70,,74950,8,,,0,30,,74942,8,,,0,70,,74951,8,,,0,30,,74943,8,,,0,70,,74952,8,,,0,30,,74944,8,,,0,70,,74953,8,,,0,30,,74945,8,,,0,70,,74954,8,,,0,30,,74946,8,,,0,70,,74955,8,,,0,30,,74937,8,,,0,70,,74947,8,,,0,99,,74957,8,,,0,99,,74933,8,,,0,100,,74932,8,,,0,99,,74931,8,,,0,100,,74930,8,,,0
