2019,'1912',710,,73883,37,,,0,30,,73860,37,,,0,70,,73864,37,,,0,30,,73876,37,,,0,72,,73871,37,,,0,30,,73861,37,,,0,70,,73865,37,,,0,30,,73877,37,,,0,70,,73872,37,,,0,30,,73862,37,,,0,70,,73866,37,,,0,30,,73878,37,,,0,70,,73873,37,,,0,30,,73863,37,,,0,70,,73867,37,,,0,30,,73879,37,,,0,70,,73874,37,,,0,30,,73858,37,,,0,70,,73868,37,,,0,30,,73880,37,,,0,70,,73875,37,,,0,30,,73856,37,,,0,70,,73869,37,,,0,30,,73881,37,,,0,100,,73857,37,,,0,99,,73882,37,,,0,100,,73859,37,,,0,100,,73870,37,,,0,99,,73884,37,,,0
2019,'1959',710,,73975,37,,,0,30,,73952,37,,,0,70,,73956,37,,,0,30,,73968,37,,,0,72,,73963,37,,,0,30,,73953,37,,,0,70,,73957,37,,,0,30,,73969,37,,,0,70,,73964,37,,,0,30,,73954,37,,,0,70,,73958,37,,,0,30,,73970,37,,,0,70,,73965,37,,,0,30,,73955,37,,,0,70,,73959,37,,,0,30,,73971,37,,,0,70,,73966,37,,,0,30,,73950,37,,,0,70,,73960,37,,,0,30,,73972,37,,,0,70,,73967,37,,,0,30,,73948,37,,,0,70,,73961,37,,,0,30,,73973,37,,,0,100,,73949,37,,,0,99,,73974,37,,,0,100,,73951,37,,,0,100,,73962,37,,,0,99,,73976,37,,,0
2019,'1967',640,,73917,28,,,0,70,,73924,37,,,0,30,,73933,37,,,0,70,,73940,37,,,0,30,,73918,37,,,0,70,,73925,37,,,0,30,,73934,37,,,0,71,,73941,37,,,0,31,,73919,37,,,0,70,,73926,37,,,0,30,,73935,37,,,0,70,,73942,37,,,0,30,,73920,37,,,0,70,,73927,37,,,0,30,,73936,37,,,0,70,,73943,37,,,0,30,,73921,37,,,0,70,,73928,37,,,0,30,,73937,37,,,0,70,,73944,37,,,0,30,,73922,37,,,0,70,,73929,37,,,0,30,,73938,37,,,0,70,,73945,37,,,0,30,,73923,37,,,0,70,,73930,37,,,0,30,,73939,37,,,0,99,,73931,37,,,0,100,,73946,37,,,0,100,,73932,37,,,0,100,,73947,37,,,0
2019,'1969',710,,74004,37,,,0,30,,73981,37,,,0,70,,73985,37,,,0,30,,73997,37,,,0,72,,73992,37,,,0,30,,73982,37,,,0,70,,73986,37,,,0,30,,73998,37,,,0,70,,73993,37,,,0,30,,73983,37,,,0,70,,73987,37,,,0,30,,73999,37,,,0,70,,73994,37,,,0,30,,73984,37,,,0,70,,73988,37,,,0,30,,74000,37,,,0,70,,73995,37,,,0,30,,73979,37,,,0,70,,73989,37,,,0,30,,74001,37,,,0,70,,73996,37,,,0,30,,73977,37,,,0,70,,73990,37,,,0,30,,74002,37,,,0,100,,73978,37,,,0,99,,74003,37,,,0,100,,73980,37,,,0,100,,73991,37,,,0,99,,74005,37,,,0
2019,'1976',505,,73916,28,0,5 2 13 14,0,136,,73885,37,,,0,70,,73886,37,,,0,30,,73887,37,,,0,70,,73888,37,,,0,31,,73889,37,,,0,71,,73890,37,,,0,31,,73907,37,,,0,70,,73908,37,,,0,30,,73909,37,,,0,70,,73910,37,,,0,30,,73911,37,,,0,70,,73912,37,,,0,30,,73913,37,,,0,70,,73914,37,,,0,30,,73915,37,,,0,70,,73905,37,,,0,33,,73906,37,,,0,71,,73891,37,,,0,30,,73892,37,,,0,70,,73893,37,,,0,30,,73894,37,,,0,70,,73895,37,,,0,28,,73896,37,,,0,69,,73897,37,,,0,30,,73898,37,,,0,70,,73904,37,,,0,30,,73899,37,,,0,97,,73900,37,,,0,100,,73901,37,,,0,100,,73902,37,,,0,100,,73903,37,,,0
2019,'1977',505,,75172,28,0,5 2 13 14,0,136,,75141,37,,,0,70,,75142,37,,,0,30,,75143,37,,,0,70,,75144,37,,,0,31,,75145,37,,,0,71,,75146,37,,,0,31,,75163,37,,,0,70,,75164,37,,,0,30,,75165,37,,,0,70,,75166,37,,,0,30,,75167,37,,,0,70,,75168,37,,,0,30,,75169,37,,,0,70,,75170,37,,,0,30,,75171,37,,,0,70,,75161,37,,,0,33,,75162,37,,,0,71,,75147,37,,,0,30,,75148,37,,,0,70,,75149,37,,,0,30,,75150,37,,,0,70,,75151,37,,,0,28,,75152,37,,,0,69,,75153,37,,,0,30,,75154,37,,,0,70,,75160,37,,,0,30,,75155,37,,,0,97,,75156,37,,,0,100,,75157,37,,,0,100,,75158,37,,,0,100,,75159,37,,,0
7019,'1912',742,,60448,17,,,0,71,,66571,2,,,0,30,,60449,17,,,0,73,,71124,2,,,0,27,,60457,17,,,0,73,,71128,2,,,0,28,,60450,17,,,0,72,,71123,2,,,0,28,,60451,17,,,0,72,,71127,2,,,0,28,,60452,17,,,0,73,,71122,2,,,0,27,,60453,17,,,0,73,,71126,2,,,0,28,,60454,17,,,0,73,,71121,2,,,0,27,,60455,17,,,0,73,,71125,2,,,0,26,,60456,17,,,0,73,,71120,2,,,0,27,,60444,17,,,0,72,,66566,2,,,0,27,,60445,17,,,0,72,,60466,2,,,0,27,,60443,17,,,0,72,,60467,2,,,0,28,,60447,17,,,0,72,,60474,2,,,0,28,,60446,17,,,0
7019,'1959',742,,60483,17,,,0,71,,66584,2,,,0,30,,60484,17,,,0,73,,71195,2,,,0,27,,60492,17,,,0,73,,71199,2,,,0,28,,60485,17,,,0,72,,71194,2,,,0,28,,60486,17,,,0,72,,71198,2,,,0,28,,60487,17,,,0,73,,71193,2,,,0,27,,60488,17,,,0,73,,71197,2,,,0,28,,60489,17,,,0,73,,71192,2,,,0,27,,60490,17,,,0,73,,71196,2,,,0,26,,60491,17,,,0,73,,71191,2,,,0,27,,60479,17,,,0,72,,66579,2,,,0,27,,60480,17,,,0,72,,60501,2,,,0,27,,60478,17,,,0,72,,60502,2,,,0,28,,60482,17,,,0,72,,60509,2,,,0,28,,60481,17,,,0
7019,'1967',643,,71181,17,,,0,69,,74315,17,,,0,30,,71182,17,,,0,70,,71176,17,,,0,32,,74316,17,,,0,70,,71177,17,,,0,30,,71183,17,,,0,71,,71178,17,,,0,30,,71184,17,,,0,70,,66542,17,,,0,30,,74317,17,,,0,70,,71179,17,,,0,30,,71185,17,,,0,70,,71180,17,,,0,30,,60428,17,,,0,70,,66551,17,,,0,30,,74318,17,,,0,70,,71187,17,,,0,30,,60430,17,,,0,70,,71186,17,,,0,30,,66550,17,,,0,70,,71188,17,,,0,30,,60432,17,,,0,70,,71190,17,,,0,29,,71172,17,,,0,69,,71189,17,,,0,30,,74313,17,,,0,70,,66556,17,,,0,30,,60411,17,,,0,99,,60412,17,,,0,71,,60442,2,,,0,29,,74314,17,,,0
7019,'1969',742,,60518,17,,,0,71,,66597,2,,,0,30,,60519,17,,,0,73,,71134,2,,,0,27,,60527,17,,,0,73,,71138,2,,,0,28,,60520,17,,,0,72,,71133,2,,,0,28,,60521,17,,,0,72,,71137,2,,,0,28,,60522,17,,,0,73,,71132,2,,,0,27,,60523,17,,,0,73,,71136,2,,,0,28,,60524,17,,,0,73,,71131,2,,,0,27,,60525,17,,,0,73,,71135,2,,,0,26,,60526,17,,,0,73,,71130,2,,,0,27,,60514,17,,,0,72,,66592,2,,,0,27,,60515,17,,,0,72,,60536,2,,,0,27,,60513,17,,,0,72,,60537,2,,,0,28,,60517,17,,,0,72,,60544,2,,,0,28,,60516,17,,,0
7019,'1976',542,,60398,17,,,0,103,,60397,17,,,0,70,,74307,17,,,0,32,,71161,17,,,0,72,,74306,17,,,0,28,,71159,17,,,0,70,,74305,17,,,0,30,,71157,17,,,0,70,,71158,17,,,0,30,,71156,17,,,0,70,,71154,17,,,0,30,,71166,17,,,0,70,,74310,17,,,0,30,,74309,17,,,0,70,,74308,17,,,0,30,,71147,17,,,0,71,,74304,17,,,0,32,,74299,17,,,0,9,,74312,2,,,0,64,,71145,17,,,0,27,,71152,17,,,0,70,,74303,17,,,0,30,,74302,17,,,0,68,,71144,17,,,0,29,,71143,17,,,0,70,,71142,17,,,0,30,,74301,17,,,0,69,,74300,17,,,0,28,,60375,17,,,0,70,,71148,17,,,0,30,,60374,17,,,0,99,,71141,17,,,0,71,,71170,2,,,0,28,,60373,17,,,0,100,,71171,17,,,0
7019,'1977',542,,75361,17,,,0,103,,75360,17,,,0,70,,75362,17,,,0,32,,75359,17,,,0,72,,75358,17,,,0,28,,75357,17,,,0,70,,75353,17,,,0,30,,75355,17,,,0,70,,75356,17,,,0,30,,75354,17,,,0,70,,75352,17,,,0,30,,75366,17,,,0,70,,75365,17,,,0,30,,75364,17,,,0,70,,75363,17,,,0,30,,75344,17,,,0,71,,75351,17,,,0,32,,75343,17,,,0,9,,75369,2,,,0,64,,75342,17,,,0,27,,75350,17,,,0,70,,75349,17,,,0,30,,75348,17,,,0,68,,75341,17,,,0,29,,75340,17,,,0,70,,75339,17,,,0,30,,75347,17,,,0,69,,75346,17,,,0,28,,75338,17,,,0,70,,75345,17,,,0,30,,75337,17,,,0,99,,75335,17,,,0,71,,75370,2,,,0,28,,75336,17,,,0,100,,75371,17,,,0
