10029,'1909',958,,60789,30,,,0,997,,60809,30,,,0,95,,60811,30,,,0,100,,60813,30,,,0,100,,60814,30,,,0
10029,'1910',1924,,66855,30,,,0,28,,60815,30,,,0,100,,66856,30,,,0,100,,60842,30,,,0
10029,'1912',822,,60857,30,,,0,30,,66871,30,,,0,70,,60859,30,,,0,30,,66872,30,,,0,70,,60861,30,,,0,30,,71396,30,,,0,70,,71397,30,,,0,30,,71398,30,,,0,71,,71399,30,,,0,32,,71400,30,,,0,70,,71387,30,,,0,30,,71390,30,,,0,70,,71384,30,,,0,30,,71389,30,,,0,70,,71388,30,,,0,30,,71391,30,,,0,70,,71385,30,,,0,30,,71392,30,,,0,70,,66860,30,,,0,30,,71393,30,,,0,69,,71386,30,,,0,28,,71394,30,,,0,70,,66858,30,,,0,30,,71395,30,,,0
10029,'1924',822,,60881,30,,,0,30,,66892,30,,,0,70,,60883,30,,,0,30,,66893,30,,,0,70,,60885,30,,,0,703,,66881,30,,,0,197,,66879,30,,,0
10029,'1925',822,,60905,30,,,0,30,,66913,30,,,0,70,,60907,30,,,0,30,,66914,30,,,0,70,,60909,30,,,0,30,,71413,30,,,0,70,,71414,30,,,0,30,,71415,30,,,0,71,,71416,30,,,0,32,,71417,30,,,0,70,,71404,30,,,0,30,,71407,30,,,0,70,,71401,30,,,0,30,,71406,30,,,0,70,,71405,30,,,0,30,,71408,30,,,0,70,,71402,30,,,0,30,,71409,30,,,0,70,,66902,30,,,0,30,,71410,30,,,0,69,,71403,30,,,0,28,,71411,30,,,0,70,,66900,30,,,0,30,,71412,30,,,0
10029,'1949',1428,,66940,30,,,0
10029,'1955',722,,60816,30,,,0,30,,66833,30,,,0,70,,66834,30,,,0,30,,66835,30,,,0,70,,60820,30,,,0,30,,66836,30,,,0,71,,66837,30,,,0,32,,66838,30,,,0,70,,66839,30,,,0,30,,66840,30,,,0,70,,66841,30,,,0,30,,66842,30,,,0,70,,66843,30,,,0,30,,66844,30,,,0,70,,66845,30,,,0,30,,66846,30,,,0,70,,66847,30,,,0,30,,66848,30,,,0,70,,66849,30,,,0,30,,66850,30,,,0,70,,66851,30,,,0,30,,66852,30,,,0,70,,66853,30,,,0,30,,66854,30,,,0
10029,'1956',1052,,66894,30,,,0,70,,66895,30,,,0,30,,66896,30,,,0,71,,66897,30,,,0,32,,66898,30,,,0,70,,66883,30,,,0,30,,66886,30,,,0,70,,66878,30,,,0,30,,66885,30,,,0,70,,66884,30,,,0,30,,66887,30,,,0,70,,66880,30,,,0,30,,66888,30,,,0,100,,66889,30,,,0,69,,66882,30,,,0,28,,66890,30,,,0,100,,66891,30,,,0
10029,'1957',621,,71418,30,,,0,30,,71419,30,,,0,80,,71420,30,,,0,70,,71421,30,,,0,30,,71422,30,,,0,70,,71423,30,,,0,27,,71424,30,,,0,100,,71425,30,,,0,30,,71426,30,,,0,70,,71427,30,,,0,30,,71428,30,,,0,70,,71429,30,,,0,30,,71430,30,,,0,70,,71431,30,,,0,30,,71432,30,,,0,101,,71433,30,,,0,75,,71434,30,,,0,70,,71435,30,,,0,30,,71436,30,,,0,70,,71437,30,,,0,29,,71438,30,,,0,67,,71439,30,,,0,25,,71440,30,,,0,30,,71441,30,,,0,70,,71442,30,,,0,100,,71443,30,,,0,95,,71444,30,,,0
10029,'1958',722,,71445,30,,,0,30,,71446,30,,,0,70,,71447,30,,,0,30,,71448,30,,,0,70,,71449,30,,,0,30,,71450,30,,,0,71,,71451,30,,,0,32,,71452,30,,,0,70,,71453,30,,,0,30,,71454,30,,,0,70,,71455,30,,,0,30,,71456,30,,,0,70,,71457,30,,,0,30,,71458,30,,,0,70,,71459,30,,,0,30,,71460,30,,,0,70,,71461,30,,,0,30,,71462,30,,,0,70,,71463,30,,,0,30,,71464,30,,,0,70,,71465,30,,,0,30,,71466,30,,,0,70,,71467,30,,,0,30,,71468,30,,,0
10029,'1959',1052,,71481,30,,,0,70,,71482,30,,,0,30,,71483,30,,,0,71,,71484,30,,,0,32,,71485,30,,,0,70,,71472,30,,,0,30,,71475,30,,,0,70,,71469,30,,,0,30,,71474,30,,,0,70,,71473,30,,,0,30,,71476,30,,,0,70,,71470,30,,,0,30,,71477,30,,,0,100,,71478,30,,,0,69,,71471,30,,,0,28,,71479,30,,,0,100,,71480,30,,,0
