1019,'1909',739,,59087,5,,,0,100,,59076,5,,,0,170,,59067,5,,,0,100,,59072,5,,,0,130,,59075,5,,,0,100,,59099,5,,,0,170,,59096,5,,,0,30,,59089,5,,,0,200,,59084,5,,,0,70,,59083,5,,,0,95,,59100,5,,,0,129,,59093,5,,,0,170,,59090,5,,,0,30,,59088,5,,,0
1019,'1912',603,,59139,5,,,0,100,,59140,5,,,0,100,,59141,5,,,0,100,,59142,5,,,0,100,,59143,5,,,0,100,,59144,5,,,0,100,,59145,5,,,0,100,,59146,5,,,0,100,,59147,5,,,0,100,,59148,5,,,0,100,,59149,5,,,0,100,,59150,5,,,0,100,,59151,5,,,0,100,,59152,5,,,0,100,,59153,5,,,0,100,,59154,5,,,0,100,,59155,5,,,0,100,,59156,5,,,0
1019,'1924',603,,59157,5,,,0,100,,59158,5,,,0,100,,59159,5,,,0,100,,59160,5,,,0,100,,59161,5,,,0,100,,59162,5,,,0,100,,59163,5,,,0,100,,59164,5,,,0,100,,59165,5,,,0,100,,59166,5,,,0,100,,59167,5,,,0,100,,59168,5,,,0,100,,59169,5,,,0,100,,59170,5,,,0,100,,59171,5,,,0,100,,59172,5,,,0,100,,59173,5,,,0,100,,59174,5,,,0
1019,'1925',603,,59175,5,,,0,100,,59176,5,,,0,100,,59177,5,,,0,100,,59178,5,,,0,100,,59179,5,,,0,100,,59180,5,,,0,100,,59181,5,,,0,100,,59182,5,,,0,100,,59183,5,,,0,100,,59184,5,,,0,100,,59185,5,,,0,100,,59186,5,,,0,100,,59187,5,,,0,100,,59188,5,,,0,100,,59189,5,,,0,100,,59190,5,,,0,100,,59191,5,,,0,100,,59192,5,,,0
1019,'1949',709,,65941,5,,,0,100,,65942,5,,,0,130,,65943,5,,,0,100,,65945,5,,,0,170,,65946,5,,,0,100,,65940,5,,,0,130,,65944,5,,,0
1019,'1955',533,,65933,5,,,0,70,,65923,5,,,0,30,,65909,5,,,0,70,,65927,5,,,0,30,,65918,5,,,0,70,,65903,5,,,0,30,,65924,5,,,0,70,,65925,5,,,0,30,,65908,5,,,0,71,,65928,5,,,0,30,,65917,5,,,0,70,,65902,5,,,0,30,,65912,5,,,0,70,,65922,5,,,0,30,,65907,5,,,0,70,,65929,5,,,0,30,,65916,5,,,0,70,,65901,5,,,0,30,,65911,5,,,0,70,,65921,5,,,0,30,,65906,5,,,0,70,,65930,5,,,0,30,,65915,5,,,0,70,,65900,5,,,0,30,,65910,5,,,0,70,,65920,5,,,0,30,,65904,5,,,0,69,,65931,5,,,0,30,,65913,5,,,0,70,,59103,5,,,0,30,,65905,5,,,0,70,,65919,5,,,0,30,,65914,5,,,0,70,,65932,5,,,0,30,,65926,5,,,0,70,,59129,5,,,0
1019,'1957',533,,70230,5,,,0,75,,70228,5,,,0,30,,70217,5,,,0,271,,70229,5,,,0,230,,70218,5,,,0,270,,70216,5,,,0,200,,70221,5,,,0,30,,70219,5,,,0,70,,70222,5,,,0,130,,70220,5,,,0,95,,70226,5,,,0,69,,70227,5,,,0,100,,70225,5,,,0,30,,70224,5,,,0,170,,70223,5,,,0
1019,'1958',533,,70266,5,,,0,70,,70255,5,,,0,30,,70241,5,,,0,70,,70260,5,,,0,30,,70250,5,,,0,70,,70235,5,,,0,30,,70256,5,,,0,70,,70258,5,,,0,30,,70240,5,,,0,71,,70261,5,,,0,30,,70249,5,,,0,70,,70234,5,,,0,30,,70244,5,,,0,70,,70254,5,,,0,30,,70239,5,,,0,70,,70262,5,,,0,30,,70248,5,,,0,70,,70233,5,,,0,30,,70243,5,,,0,70,,70253,5,,,0,30,,70238,5,,,0,70,,70263,5,,,0,30,,70247,5,,,0,70,,70232,5,,,0,30,,70242,5,,,0,70,,70252,5,,,0,30,,70236,5,,,0,69,,70264,5,,,0,30,,70245,5,,,0,70,,70231,5,,,0,30,,70237,5,,,0,70,,70251,5,,,0,30,,70246,5,,,0,70,,70265,5,,,0,30,,70259,5,,,0,70,,70257,5,,,0
2019,'1912',648,,70341,14,,,0,70,,70318,14,,,0,30,,70322,14,,,0,70,,70334,14,,,0,30,,70329,14,,,0,70,,70319,14,,,0,30,,70323,14,,,0,70,,70335,14,,,0,30,,70330,14,,,0,70,,70320,14,,,0,30,,70324,14,,,0,70,,70336,14,,,0,30,,70331,14,,,0,70,,70321,14,,,0,30,,70325,14,,,0,70,,70337,14,,,0,30,,70332,14,,,0,70,,70316,14,,,0,30,,70326,14,,,0,70,,70338,14,,,0,30,,70333,14,,,0,70,,70314,14,,,0,30,,70327,14,,,0,70,,70339,14,,,0,100,,70315,14,,,0,100,,70340,14,,,0,100,,70317,14,,,0,100,,70328,14,,,0,99,,70342,14,,,0
2019,'1925',648,,70370,14,,,0,70,,70347,14,,,0,30,,70351,14,,,0,70,,70363,14,,,0,30,,70358,14,,,0,70,,70348,14,,,0,30,,70352,14,,,0,70,,70364,14,,,0,30,,70359,14,,,0,70,,70349,14,,,0,30,,70353,14,,,0,70,,70365,14,,,0,30,,70360,14,,,0,70,,70350,14,,,0,30,,70354,14,,,0,70,,70366,14,,,0,30,,70361,14,,,0,70,,70345,14,,,0,30,,70355,14,,,0,70,,70367,14,,,0,30,,70362,14,,,0,70,,70343,14,,,0,30,,70356,14,,,0,70,,70368,14,,,0,100,,70344,14,,,0,100,,70369,14,,,0,100,,70346,14,,,0,100,,70357,14,,,0,99,,70371,14,,,0
2019,'1955',618,,59396,5,,,0,30,,59403,14,,,0,70,,59412,14,,,0,30,,59419,14,,,0,70,,59397,14,,,0,30,,59404,14,,,0,70,,59413,14,,,0,30,,59420,14,,,0,71,,59398,14,,,0,30,,59405,14,,,0,70,,59414,14,,,0,30,,59421,14,,,0,70,,59399,14,,,0,30,,59406,14,,,0,70,,59415,14,,,0,30,,59422,14,,,0,70,,59400,14,,,0,30,,59407,14,,,0,70,,59416,14,,,0,30,,59423,14,,,0,70,,59401,14,,,0,30,,59408,14,,,0,70,,59417,14,,,0,30,,59424,14,,,0,70,,59402,14,,,0,30,,59409,14,,,0,70,,59418,14,,,0,99,,59410,14,,,0,100,,59425,14,,,0,100,,59411,14,,,0,100,,59426,14,,,0
2019,'1956',648,,59483,14,,,0,70,,59460,14,,,0,30,,59464,14,,,0,70,,59476,14,,,0,30,,59471,14,,,0,70,,59461,14,,,0,30,,59465,14,,,0,70,,59477,14,,,0,30,,59472,14,,,0,70,,59462,14,,,0,30,,59466,14,,,0,70,,59478,14,,,0,30,,59473,14,,,0,70,,59463,14,,,0,30,,59467,14,,,0,70,,59479,14,,,0,30,,59474,14,,,0,70,,59458,14,,,0,30,,59468,14,,,0,70,,59480,14,,,0,30,,59475,14,,,0,70,,59456,14,,,0,30,,59469,14,,,0,70,,59481,14,,,0,100,,59457,14,,,0,100,,59482,14,,,0,100,,59459,14,,,0,100,,59470,14,,,0,99,,59484,14,,,0
2019,'1957',445,,70403,5,0,5 2 13 14,0,173,,70372,14,,,0,30,,70373,14,,,0,71,,70374,14,,,0,30,,70375,14,,,0,70,,70376,14,,,0,30,,70377,14,,,0,70,,70394,14,,,0,30,,70395,14,,,0,70,,70396,14,,,0,30,,70397,14,,,0,70,,70398,14,,,0,30,,70399,14,,,0,70,,70400,14,,,0,30,,70401,14,,,0,70,,70402,14,,,0,30,,70392,14,,,0,70,,70393,14,,,0,30,,70378,14,,,0,70,,70379,14,,,0,30,,70380,14,,,0,70,,70381,14,,,0,30,,70382,14,,,0,70,,70383,14,,,0,30,,70384,14,,,0,70,,70385,14,,,0,30,,70391,14,,,0,70,,70386,14,,,0,99,,70387,14,,,0,100,,70388,14,,,0,100,,70389,14,,,0,100,,70390,14,,,0
2019,'1958',618,,70404,5,,,0,30,,70411,14,,,0,70,,70420,14,,,0,30,,70427,14,,,0,70,,70405,14,,,0,30,,70412,14,,,0,70,,70421,14,,,0,30,,70428,14,,,0,71,,70406,14,,,0,30,,70413,14,,,0,70,,70422,14,,,0,30,,70429,14,,,0,70,,70407,14,,,0,30,,70414,14,,,0,70,,70423,14,,,0,30,,70430,14,,,0,70,,70408,14,,,0,30,,70415,14,,,0,70,,70424,14,,,0,30,,70431,14,,,0,70,,70409,14,,,0,30,,70416,14,,,0,70,,70425,14,,,0,30,,70432,14,,,0,70,,70410,14,,,0,30,,70417,14,,,0,70,,70426,14,,,0,99,,70418,14,,,0,100,,70433,14,,,0,100,,70419,14,,,0,100,,70434,14,,,0
2019,'1959',648,,70462,14,,,0,70,,70439,14,,,0,30,,70443,14,,,0,70,,70455,14,,,0,30,,70450,14,,,0,70,,70440,14,,,0,30,,70444,14,,,0,70,,70456,14,,,0,30,,70451,14,,,0,70,,70441,14,,,0,30,,70445,14,,,0,70,,70457,14,,,0,30,,70452,14,,,0,70,,70442,14,,,0,30,,70446,14,,,0,70,,70458,14,,,0,30,,70453,14,,,0,70,,70437,14,,,0,30,,70447,14,,,0,70,,70459,14,,,0,30,,70454,14,,,0,70,,70435,14,,,0,30,,70448,14,,,0,70,,70460,14,,,0,100,,70436,14,,,0,100,,70461,14,,,0,100,,70438,14,,,0,100,,70449,14,,,0,99,,70463,14,,,0
12019,'1909',628,,61256,5,,,0,30,,61259,5,,,0,171,,61261,5,,,0,30,,61258,5,0,5 2 12,0,170,,61238,5,0,5 2 12,0,30,,61239,5,0,5 2 12,0,70,,61240,5,0,5 2 12,0,130,,61243,5,0,5 2 12,0,70,,61244,5,0,5 2 12,0,30,,61245,5,0,5 2 12,0
12019,'1957',729,,71543,5,,,0,30,,71548,5,,,0,170,,71538,5,0,5 2 12,0,30,,71539,5,0,5 2 12,0,200,,71535,5,0,5 2 12,0,70,,71536,5,0,5 2 12,0,200,,71537,5,,,0,29,,71546,5,,,0,70,,71542,5,,,0,30,,71544,5,,,0,70,,71541,5,,,0,30,,71545,5,,,0,70,,71540,5,,,0,30,,71547,5,,,0
14000001019,'1909',2412,,65835,21,,,0,130,,65834,21,,,0
14000001019,'1910',2412,,65840,21,,,0,130,,65838,21,,,0
14000001019,'1912',2412,,65844,21,,,0,30,,70196,21,,,0,70,,73578,21,,,0,30,,65845,21,,,0,70,,70197,21,,,0
14000001019,'1924',2412,,65849,21,,,0,30,,70198,21,,,0,100,,65850,21,,,0,70,,70199,21,,,0
14000001019,'1925',2412,,65854,21,,,0,30,,70200,21,,,0,70,,73579,21,,,0,30,,65855,21,,,0,70,,70201,21,,,0
14000001019,'1955',2442,,70194,21,,,0,70,,65839,21,,,0,100,,70195,21,,,0
14000001019,'1956',2512,,65847,21,,,0
14000001019,'1957',2442,,73580,21,,,0,70,,73581,21,,,0,100,,73582,21,,,0
14000001019,'1958',2442,,73583,21,,,0,70,,73584,21,,,0,100,,73585,21,,,0
14000001019,'1959',2512,,73586,21,,,0
