1019,'1909',737,,59087,3,,,0,100,,59076,3,,,0,170,,59067,3,,,0,100,,59072,3,,,0,130,,59075,3,,,0,100,,59099,3,,,0,170,,59096,3,,,0,30,,59089,3,,,0,200,,59084,3,,,0,70,,59083,3,,,0,95,,59100,3,,,0,129,,59093,3,,,0,170,,59090,3,,,0,30,,59088,3,,,0
1019,'1912',602,,59139,3,,,0,100,,59140,3,,,0,100,,59141,3,,,0,100,,59142,3,,,0,100,,59143,3,,,0,100,,59144,3,,,0,100,,59145,3,,,0,100,,59146,3,,,0,100,,59147,3,,,0,100,,59148,3,,,0,100,,59149,3,,,0,100,,59150,3,,,0,100,,59151,3,,,0,100,,59152,3,,,0,100,,59153,3,,,0,100,,59154,3,,,0,100,,59155,3,,,0,100,,59156,3,,,0
1019,'1924',602,,59157,3,,,0,100,,59158,3,,,0,100,,59159,3,,,0,100,,59160,3,,,0,100,,59161,3,,,0,100,,59162,3,,,0,100,,59163,3,,,0,100,,59164,3,,,0,100,,59165,3,,,0,100,,59166,3,,,0,100,,59167,3,,,0,100,,59168,3,,,0,100,,59169,3,,,0,100,,59170,3,,,0,100,,59171,3,,,0,100,,59172,3,,,0,100,,59173,3,,,0,100,,59174,3,,,0
1019,'1925',602,,59175,3,,,0,100,,59176,3,,,0,100,,59177,3,,,0,100,,59178,3,,,0,100,,59179,3,,,0,100,,59180,3,,,0,100,,59181,3,,,0,100,,59182,3,,,0,100,,59183,3,,,0,100,,59184,3,,,0,100,,59185,3,,,0,100,,59186,3,,,0,100,,59187,3,,,0,100,,59188,3,,,0,100,,59189,3,,,0,100,,59190,3,,,0,100,,59191,3,,,0,100,,59192,3,,,0
1019,'1949',707,,65941,3,,,0,100,,65942,3,,,0,130,,65943,3,,,0,100,,65945,3,,,0,170,,65946,3,,,0,100,,65940,3,,,0,130,,65944,3,,,0
1019,'1955',531,,65933,3,,,0,70,,65923,3,,,0,30,,65909,3,,,0,70,,65927,3,,,0,30,,65918,3,,,0,70,,65903,3,,,0,30,,65924,3,,,0,70,,65925,3,,,0,30,,65908,3,,,0,71,,65928,3,,,0,30,,65917,3,,,0,70,,65902,3,,,0,30,,65912,3,,,0,70,,65922,3,,,0,30,,65907,3,,,0,70,,65929,3,,,0,30,,65916,3,,,0,70,,65901,3,,,0,30,,65911,3,,,0,70,,65921,3,,,0,30,,65906,3,,,0,70,,65930,3,,,0,30,,65915,3,,,0,70,,65900,3,,,0,30,,65910,3,,,0,70,,65920,3,,,0,30,,65904,3,,,0,70,,65931,3,,,0,30,,65913,3,,,0,70,,59103,3,,,0,30,,65905,3,,,0,70,,65919,3,,,0,30,,65914,3,,,0,70,,65932,3,,,0,30,,65926,3,,,0,70,,59129,3,,,0
1019,'1957',531,,70230,3,,,0,75,,70228,3,,,0,30,,70217,3,,,0,271,,70229,3,,,0,230,,70218,3,,,0,270,,70216,3,,,0,200,,70221,3,,,0,30,,70219,3,,,0,70,,70222,3,,,0,130,,70220,3,,,0,95,,70226,3,,,0,69,,70227,3,,,0,100,,70225,3,,,0,30,,70224,3,,,0,170,,70223,3,,,0
1019,'1958',531,,70266,3,,,0,70,,70255,3,,,0,30,,70241,3,,,0,70,,70260,3,,,0,30,,70250,3,,,0,70,,70235,3,,,0,30,,70256,3,,,0,70,,70258,3,,,0,30,,70240,3,,,0,71,,70261,3,,,0,30,,70249,3,,,0,70,,70234,3,,,0,30,,70244,3,,,0,70,,70254,3,,,0,30,,70239,3,,,0,70,,70262,3,,,0,30,,70248,3,,,0,70,,70233,3,,,0,30,,70243,3,,,0,70,,70253,3,,,0,30,,70238,3,,,0,70,,70263,3,,,0,30,,70247,3,,,0,70,,70232,3,,,0,30,,70242,3,,,0,70,,70252,3,,,0,30,,70236,3,,,0,70,,70264,3,,,0,30,,70245,3,,,0,70,,70231,3,,,0,30,,70237,3,,,0,70,,70251,3,,,0,30,,70246,3,,,0,70,,70265,3,,,0,30,,70259,3,,,0,70,,70257,3,,,0
2019,'1912',647,,70341,12,,,0,70,,70318,12,,,0,30,,70322,12,,,0,70,,70334,12,,,0,30,,70329,12,,,0,70,,70319,12,,,0,30,,70323,12,,,0,70,,70335,12,,,0,30,,70330,12,,,0,70,,70320,12,,,0,30,,70324,12,,,0,70,,70336,12,,,0,30,,70331,12,,,0,70,,70321,12,,,0,30,,70325,12,,,0,70,,70337,12,,,0,30,,70332,12,,,0,70,,70316,12,,,0,30,,70326,12,,,0,70,,70338,12,,,0,30,,70333,12,,,0,70,,70314,12,,,0,30,,70327,12,,,0,70,,70339,12,,,0,100,,70315,12,,,0,100,,70340,12,,,0,100,,70317,12,,,0,100,,70328,12,,,0,99,,70342,12,,,0
2019,'1925',647,,70370,12,,,0,70,,70347,12,,,0,30,,70351,12,,,0,70,,70363,12,,,0,30,,70358,12,,,0,70,,70348,12,,,0,30,,70352,12,,,0,70,,70364,12,,,0,30,,70359,12,,,0,70,,70349,12,,,0,30,,70353,12,,,0,70,,70365,12,,,0,30,,70360,12,,,0,70,,70350,12,,,0,30,,70354,12,,,0,70,,70366,12,,,0,30,,70361,12,,,0,70,,70345,12,,,0,30,,70355,12,,,0,70,,70367,12,,,0,30,,70362,12,,,0,70,,70343,12,,,0,30,,70356,12,,,0,70,,70368,12,,,0,100,,70344,12,,,0,100,,70369,12,,,0,100,,70346,12,,,0,100,,70357,12,,,0,99,,70371,12,,,0
2019,'1955',616,,59396,3,,,0,30,,59403,12,,,0,70,,59412,12,,,0,30,,59419,12,,,0,70,,59397,12,,,0,30,,59404,12,,,0,70,,59413,12,,,0,30,,59420,12,,,0,71,,59398,12,,,0,30,,59405,12,,,0,70,,59414,12,,,0,30,,59421,12,,,0,70,,59399,12,,,0,30,,59406,12,,,0,70,,59415,12,,,0,30,,59422,12,,,0,70,,59400,12,,,0,30,,59407,12,,,0,70,,59416,12,,,0,30,,59423,12,,,0,70,,59401,12,,,0,30,,59408,12,,,0,70,,59417,12,,,0,30,,59424,12,,,0,70,,59402,12,,,0,30,,59409,12,,,0,70,,59418,12,,,0,100,,59410,12,,,0,100,,59425,12,,,0,100,,59411,12,,,0,100,,59426,12,,,0
2019,'1956',647,,59483,12,,,0,70,,59460,12,,,0,30,,59464,12,,,0,70,,59476,12,,,0,30,,59471,12,,,0,70,,59461,12,,,0,30,,59465,12,,,0,70,,59477,12,,,0,30,,59472,12,,,0,70,,59462,12,,,0,30,,59466,12,,,0,70,,59478,12,,,0,30,,59473,12,,,0,70,,59463,12,,,0,30,,59467,12,,,0,70,,59479,12,,,0,30,,59474,12,,,0,70,,59458,12,,,0,30,,59468,12,,,0,70,,59480,12,,,0,30,,59475,12,,,0,70,,59456,12,,,0,30,,59469,12,,,0,70,,59481,12,,,0,100,,59457,12,,,0,100,,59482,12,,,0,100,,59459,12,,,0,100,,59470,12,,,0,99,,59484,12,,,0
2019,'1957',443,,70403,3,0,5 2 13 14,0,173,,70372,12,,,0,30,,70373,12,,,0,71,,70374,12,,,0,30,,70375,12,,,0,70,,70376,12,,,0,30,,70377,12,,,0,70,,70394,12,,,0,30,,70395,12,,,0,70,,70396,12,,,0,30,,70397,12,,,0,70,,70398,12,,,0,30,,70399,12,,,0,70,,70400,12,,,0,30,,70401,12,,,0,70,,70402,12,,,0,30,,70392,12,,,0,70,,70393,12,,,0,30,,70378,12,,,0,70,,70379,12,,,0,30,,70380,12,,,0,70,,70381,12,,,0,30,,70382,12,,,0,70,,70383,12,,,0,30,,70384,12,,,0,70,,70385,12,,,0,30,,70391,12,,,0,70,,70386,12,,,0,99,,70387,12,,,0,100,,70388,12,,,0,100,,70389,12,,,0,100,,70390,12,,,0
2019,'1958',616,,70404,3,,,0,30,,70411,12,,,0,70,,70420,12,,,0,30,,70427,12,,,0,70,,70405,12,,,0,30,,70412,12,,,0,70,,70421,12,,,0,30,,70428,12,,,0,71,,70406,12,,,0,30,,70413,12,,,0,70,,70422,12,,,0,30,,70429,12,,,0,70,,70407,12,,,0,30,,70414,12,,,0,70,,70423,12,,,0,30,,70430,12,,,0,70,,70408,12,,,0,30,,70415,12,,,0,70,,70424,12,,,0,30,,70431,12,,,0,70,,70409,12,,,0,30,,70416,12,,,0,70,,70425,12,,,0,30,,70432,12,,,0,70,,70410,12,,,0,30,,70417,12,,,0,70,,70426,12,,,0,100,,70418,12,,,0,100,,70433,12,,,0,100,,70419,12,,,0,100,,70434,12,,,0
2019,'1959',647,,70462,12,,,0,70,,70439,12,,,0,30,,70443,12,,,0,70,,70455,12,,,0,30,,70450,12,,,0,70,,70440,12,,,0,30,,70444,12,,,0,70,,70456,12,,,0,30,,70451,12,,,0,70,,70441,12,,,0,30,,70445,12,,,0,70,,70457,12,,,0,30,,70452,12,,,0,70,,70442,12,,,0,30,,70446,12,,,0,70,,70458,12,,,0,30,,70453,12,,,0,70,,70437,12,,,0,30,,70447,12,,,0,70,,70459,12,,,0,30,,70454,12,,,0,70,,70435,12,,,0,30,,70448,12,,,0,70,,70460,12,,,0,100,,70436,12,,,0,100,,70461,12,,,0,100,,70438,12,,,0,100,,70449,12,,,0,99,,70463,12,,,0
12019,'1909',626,,61256,3,,,0,31,,61259,3,,,0,170,,61261,3,,,0,30,,61258,3,0,5 2 12,0,170,,61238,3,0,5 2 12,0,30,,61239,3,0,5 2 12,0,70,,61240,3,0,5 2 12,0,130,,61243,3,0,5 2 12,0,70,,61244,3,0,5 2 12,0,30,,61245,3,0,5 2 12,0
12019,'1957',727,,71543,3,,,0,30,,71548,3,,,0,170,,71538,3,0,5 2 12,0,30,,71539,3,0,5 2 12,0,200,,71535,3,0,5 2 12,0,70,,71536,3,0,5 2 12,0,200,,71537,3,,,0,30,,71546,3,,,0,70,,71542,3,,,0,30,,71544,3,,,0,70,,71541,3,,,0,30,,71545,3,,,0,70,,71540,3,,,0,30,,71547,3,,,0
32019,'1909',648,,62566,2,,,0,100,,62561,2,,,0,169,,62553,2,,,0,100,,62543,2,,,0,130,,62557,2,,,0,100,,62564,2,,,0,167,,62569,2,,,0,27,,62556,2,,,0,70,,62549,2,,,0,30,,62563,2,,,0,70,,62542,2,,,0,30,,62560,2,,,0,73,,62568,2,,,0,403,,62548,2,,,0
32019,'1912',622,,62617,2,,,0,95,,62618,2,,,0,100,,62619,2,,,0,100,,62620,2,,,0,100,,62621,2,,,0,100,,62622,2,,,0,101,,62623,2,,,0,100,,62624,2,,,0,100,,62625,2,,,0,100,,62626,2,,,0,100,,62627,2,,,0,100,,62628,2,,,0,99,,62629,2,,,0,100,,62630,2,,,0,100,,62631,2,,,0,100,,62632,2,,,0,100,,62633,2,,,0,95,,62635,2,0,5 2 8 7,0
32019,'1924',622,,62636,2,,,0,95,,62637,2,,,0,100,,62638,2,,,0,100,,62639,2,,,0,100,,62640,2,,,0,100,,62641,2,,,0,101,,62642,2,,,0,100,,62643,2,,,0,100,,62644,2,,,0,100,,62645,2,,,0,100,,62646,2,,,0,100,,62647,2,,,0,99,,62648,2,,,0,100,,62649,2,,,0,100,,62650,2,,,0,100,,62651,2,,,0,100,,62652,2,,,0,95,,62654,2,0,5 2 8 7,0
32019,'1925',622,,62655,2,,,0,95,,62656,2,,,0,100,,62657,2,,,0,100,,62658,2,,,0,100,,62659,2,,,0,100,,62660,2,,,0,101,,62661,2,,,0,100,,62662,2,,,0,100,,62663,2,,,0,100,,62664,2,,,0,100,,62665,2,,,0,100,,62666,2,,,0,99,,62667,2,,,0,100,,62668,2,,,0,100,,62669,2,,,0,100,,62670,2,,,0,100,,62671,2,,,0,95,,62673,2,0,5 2 8 7,0
32019,'1949',622,,67817,2,,,0,95,,67816,2,,,0,131,,67819,2,,,0,99,,67821,2,,,0,170,,67822,2,,,0,100,,67818,2,,,0,130,,67820,2,,,0
32019,'1955',622,,67784,2,,,0,25,,67801,2,,,0,70,,67778,2,,,0,30,,67795,2,,,0,70,,67802,2,,,0,30,,67790,2,,,0,70,,67783,2,,,0,30,,67800,2,,,0,70,,67777,2,,,0,30,,67794,2,,,0,70,,67805,2,,,0,30,,67789,2,,,0,70,,67782,2,,,0,30,,67799,2,,,0,70,,67776,2,,,0,30,,67793,2,,,0,70,,67804,2,,,0,30,,67788,2,,,0,70,,67781,2,,,0,30,,67798,2,,,0,70,,67775,2,,,0,30,,67792,2,,,0,70,,67806,2,,,0,30,,67787,2,,,0,70,,67780,2,,,0,30,,67796,2,,,0,70,,62581,2,,,0,100,,67803,2,,,0,100,,67779,2,,,0,100,,62580,2,,,0,100,,67807,2,0,5 2 8 7,0
32019,'1957',818,,72126,2,,,0,229,,72123,2,,,0,270,,72119,2,,,0,430,,72122,2,,,0,70,,72121,2,,,0,30,,72124,2,,,0,70,,72120,2,,,0,100,,72125,2,,,0,200,,72118,2,,,0,95,,72128,2,0,5 2 8 7,0
32019,'1958',622,,72143,2,,,0,25,,72160,2,,,0,70,,72137,2,,,0,30,,72154,2,,,0,70,,72161,2,,,0,30,,72149,2,,,0,70,,72142,2,,,0,30,,72159,2,,,0,70,,72136,2,,,0,30,,72153,2,,,0,70,,72164,2,,,0,30,,72148,2,,,0,70,,72141,2,,,0,30,,72158,2,,,0,70,,72135,2,,,0,30,,72152,2,,,0,70,,72163,2,,,0,30,,72147,2,,,0,70,,72140,2,,,0,30,,72157,2,,,0,70,,72134,2,,,0,30,,72151,2,,,0,70,,72165,2,,,0,30,,72146,2,,,0,70,,72139,2,,,0,30,,72155,2,,,0,70,,72133,2,,,0,100,,72162,2,,,0,100,,72138,2,,,0,100,,72132,2,,,0,100,,72166,2,0,5 2 8 7,0
14000001019,'1909',2411,,65835,19,,,0,130,,65834,19,,,0
14000001019,'1910',2411,,65840,19,,,0,130,,65838,19,,,0
14000001019,'1912',2411,,65844,19,,,0,30,,70196,19,,,0,70,,73578,19,,,0,30,,65845,19,,,0,70,,70197,19,,,0
14000001019,'1924',2411,,65849,19,,,0,30,,70198,19,,,0,100,,65850,19,,,0,70,,70199,19,,,0
14000001019,'1925',2411,,65854,19,,,0,30,,70200,19,,,0,70,,73579,19,,,0,30,,65855,19,,,0,70,,70201,19,,,0
14000001019,'1955',2441,,70194,19,,,0,70,,65839,19,,,0,100,,70195,19,,,0
14000001019,'1956',2511,,65847,19,,,0
14000001019,'1957',2441,,73580,19,,,0,70,,73581,19,,,0,100,,73582,19,,,0
14000001019,'1958',2441,,73583,19,,,0,70,,73584,19,,,0,100,,73585,19,,,0
14000001019,'1959',2511,,73586,19,,,0
