60019,'1912',604,,62696,1,,,0,30,,62682,1,,,0,70,,62693,1,,,0,30,,62681,1,,,0,71,,62692,1,,,0,29,,62688,1,,,0,70,,62697,1,,,0,30,,62680,1,,,0,70,,62695,1,,,0,30,,62679,1,,,0,70,,62690,1,,,0,30,,62684,1,,,0,70,,62675,1,,,0,30,,62683,1,,,0,70,,62699,1,,,0,30,,62689,1,,,0,70,,62691,1,,,0,30,,62704,1,,,0,70,,62677,1,,,0,30,,62700,1,,,0,70,,62687,1,,,0,30,,62703,1,,,0,70,,62698,1,,,0,30,,62702,1,,,0,70,,62685,1,,,0,30,,62705,1,,,0,70,,62676,1,,,0,30,,62701,1,,,0,70,,62678,1,,,0,30,,62686,1,,,0,70,,62694,1,,,0,30,,62706,1,,,0,70,,62674,1,,,0
60019,'1925',604,,62707,1,,,0,30,,62718,1,,,0,70,,62716,1,,,0,30,,62712,1,,,0,71,,62720,1,,,0,29,,62719,1,,,0,70,,62717,1,,,0,30,,62713,1,,,0,70,,62708,1,,,0,30,,62715,1,,,0,70,,62721,1,,,0,30,,62731,1,,,0,70,,62709,1,,,0,30,,62714,1,,,0,70,,62710,1,,,0,30,,62737,1,,,0,70,,62711,1,,,0,30,,62736,1,,,0,70,,62728,1,,,0,30,,62734,1,,,0,70,,62727,1,,,0,30,,62733,1,,,0,70,,62723,1,,,0,30,,62729,1,,,0,70,,62726,1,,,0,30,,62732,1,,,0,70,,62725,1,,,0,30,,62730,1,,,0,70,,62722,1,,,0,30,,62735,1,,,0,70,,62724,1,,,0
60029,'1912',630,,62746,10,4,,0,24,,62761,10,4,,0,70,,62748,10,4,,0,30,,62763,10,4,,0,70,,62757,10,4,,0,30,,62762,10,4,,0,70,,62752,10,4,,0,30,,62753,10,4,,0,69,,62754,10,4,,0,30,,62756,10,4,,0,70,,62750,10,4,,0,30,,62764,10,4,,0,70,,62745,10,4,,0,30,,62755,10,4,,0,70,,62743,10,4,,0,30,,62741,10,4,,0,70,,62744,10,4,,0,30,,62765,10,4,,0,70,,62766,10,4,,0,30,,62742,10,4,,0,70,,62769,10,4,,0,30,,62740,10,4,,0,70,,62768,10,4,,0,30,,62738,10,4,,0,70,,62767,10,4,,0,30,,62751,10,4,,0,70,,62759,10,4,,0,30,,62739,10,4,,0,70,,62758,10,4,,0,29,,62760,10,4,,0,71,,62747,10,4,,0,30,,62749,10,4,,0
60029,'1925',630,,62775,10,4,,0,24,,62772,10,4,,0,70,,62781,10,4,,0,30,,62780,10,4,,0,70,,62776,10,4,,0,30,,62771,10,4,,0,70,,62779,10,4,,0,30,,62782,10,4,,0,69,,62796,10,4,,0,30,,62773,10,4,,0,70,,62777,10,4,,0,30,,62790,10,4,,0,70,,62783,10,4,,0,30,,62785,10,4,,0,70,,62786,10,4,,0,30,,62794,10,4,,0,70,,62795,10,4,,0,30,,62770,10,4,,0,70,,62784,10,4,,0,30,,62793,10,4,,0,70,,62778,10,4,,0,30,,62792,10,4,,0,70,,62774,10,4,,0,30,,62791,10,4,,0,70,,62799,10,4,,0,30,,62789,10,4,,0,70,,62798,10,4,,0,30,,62788,10,4,,0,70,,62797,10,4,,0,30,,62787,10,4,,0
701019,'1910',604,,68783,1,,,0,28,,68763,1,,,0,68,,68780,1,,,0,30,,68776,1,,,0,70,,68778,1,,,0,30,,68779,1,,,0,70,,68781,1,,,0,30,,68777,1,,,0,70,,68813,1,,,0,30,,68822,1,,,0,70,,68809,1,,,0,30,,68818,1,,,0,70,,68814,1,,,0,30,,68807,1,,,0,70,,68852,1,,,0,30,,68806,1,,,0,70,,68808,1,,,0,30,,68836,1,,,0,70,,68832,1,,,0,30,,68825,1,,,0,100,,68833,1,,,0,70,,68850,1,,,0,30,,68798,1,,,0,100,,68805,1,,,0,70,,68834,1,,,0,30,,68758,1,,,0,70,,68764,1,,,0,30,,68771,1,,,0,70,,68754,1,,,0,30,,68759,1,,,0,70,,68765,1,,,0,30,,68772,1,,,0,70,,68755,1,,,0,25,,68796,1,,,0
701019,'1912',604,,72956,1,,,0,28,,72982,1,,,0,68,,72974,1,,,0,30,,72953,1,,,0,70,,72975,1,,,0,30,,72957,1,,,0,70,,72952,1,,,0,30,,68928,1,,,0,70,,72960,1,,,0,30,,72949,1,,,0,70,,72978,1,,,0,30,,68905,1,,,0,70,,68894,1,,,0,30,,68925,1,,,0,70,,68909,1,,,0,30,,72948,1,,,0,70,,72977,1,,,0,30,,72961,1,,,0,70,,72946,1,,,0,30,,72976,1,,,0,70,,72958,1,,,0,30,,72944,1,,,0,70,,72979,1,,,0,30,,72966,1,,,0,70,,72941,1,,,0,30,,72987,1,,,0,70,,72968,1,,,0,30,,72939,1,,,0,70,,72984,1,,,0,30,,72970,1,,,0,70,,72936,1,,,0,30,,68934,1,,,0,70,,72969,1,,,0,30,,72938,1,,,0,70,,68938,1,,,0,25,,72992,1,,,0
701019,'1924',930,,69027,1,,,0,200,,69004,1,,,0,70,,68993,1,,,0,30,,69024,1,,,0,70,,69008,1,,,0,830,,69033,1,,,0,170,,69037,1,,,0
701019,'1925',604,,73016,1,,,0,28,,73042,1,,,0,68,,73034,1,,,0,30,,73013,1,,,0,70,,73035,1,,,0,30,,73017,1,,,0,70,,73012,1,,,0,30,,69126,1,,,0,70,,73020,1,,,0,30,,73009,1,,,0,70,,73038,1,,,0,30,,69103,1,,,0,70,,69092,1,,,0,30,,69123,1,,,0,70,,69107,1,,,0,30,,73008,1,,,0,70,,73037,1,,,0,30,,73021,1,,,0,70,,73006,1,,,0,30,,73036,1,,,0,70,,73018,1,,,0,30,,73004,1,,,0,70,,73039,1,,,0,30,,73026,1,,,0,70,,73001,1,,,0,30,,73047,1,,,0,70,,73028,1,,,0,30,,72999,1,,,0,70,,73044,1,,,0,30,,73030,1,,,0,70,,72996,1,,,0,30,,69132,1,,,0,70,,73029,1,,,0,30,,72998,1,,,0,70,,69136,1,,,0,25,,73052,1,,,0
701019,'1949',633,,69307,1,,,0,97,,69299,1,,,0,25,,69300,1,,,0,73,,69302,1,,,0,100,,69312,1,,,0,230,,69274,1,,,0,100,,69276,1,,,0,184,,69310,1,0,5 2 11 2 12,0,67,,69280,1,,,0,321,,69283,1,,,0,70,,69284,1,,,0,100,,69286,1,,,0,100,,69288,1,,,0,30,,69289,1,,,0,100,,69291,1,,,0,70,,69292,1,,,0
701019,'1955',1600,,68844,1,,,0,200,,68827,1,,,0
701019,'1956',604,,69001,1,,,0,28,,69034,1,,,0,68,,69023,1,,,0,30,,68998,1,,,0,70,,69025,1,,,0,30,,69002,1,,,0,70,,68997,1,,,0,100,,69006,1,,,0,30,,68994,1,,,0,70,,69029,1,,,0,230,,68991,1,,,0,70,,69028,1,,,0,30,,69007,1,,,0,70,,68989,1,,,0,30,,69026,1,,,0,70,,69003,1,,,0,30,,68987,1,,,0,70,,69030,1,,,0,30,,69013,1,,,0,70,,68984,1,,,0,30,,69043,1,,,0,70,,69016,1,,,0,30,,68982,1,,,0,70,,69038,1,,,0,30,,69019,1,,,0,70,,68979,1,,,0,100,,69017,1,,,0,30,,68981,1,,,0,95,,69049,1,,,0
701019,'1957',545,,73109,1,,,0,70,,73110,1,,,0,32,,73111,1,,,0,68,,73116,1,,,0,93,,73112,1,,,0,50,,73092,1,,,0,100,,73093,1,,,0,70,,73094,1,,,0,30,,73095,1,,,0,70,,73096,1,,,0,100,,73097,1,,,0,100,,73098,1,,,0,30,,73099,1,,,0,70,,73100,1,,,0,30,,73121,1,,,0,71,,73114,1,,,0,19,,73119,1,0,5 2 11 2 12,0,61,,73101,1,,,0,20,,73102,1,,,0,21,,73120,1,0,5 2 11 2 12,0,60,,73113,1,,,0,20,,73108,1,,,0,25,,73107,1,,,0,60,,73106,1,,,0,115,,73103,1,,,0,100,,73104,1,,,0,170,,73105,1,,,0,125,,73118,1,,,0
701019,'1958',1600,,73136,1,,,0,200,,73133,1,,,0
701019,'1959',604,,73165,1,,,0,28,,73191,1,,,0,68,,73183,1,,,0,30,,73162,1,,,0,70,,73184,1,,,0,30,,73166,1,,,0,70,,73161,1,,,0,100,,73169,1,,,0,30,,73158,1,,,0,70,,73187,1,,,0,230,,73157,1,,,0,70,,73186,1,,,0,30,,73170,1,,,0,70,,73155,1,,,0,30,,73185,1,,,0,70,,73167,1,,,0,30,,73153,1,,,0,70,,73188,1,,,0,30,,73175,1,,,0,70,,73150,1,,,0,30,,73196,1,,,0,70,,73177,1,,,0,30,,73148,1,,,0,70,,73193,1,,,0,30,,73179,1,,,0,70,,73145,1,,,0,100,,73178,1,,,0,30,,73147,1,,,0,95,,73201,1,,,0
702019,'1909',830,,64880,10,4,,0
702019,'1910',656,,69324,10,4,,0,70,,69326,10,4,,0,30,,69328,10,4,,0,70,,69323,10,4,,0,30,,69325,10,4,,0,71,,69327,10,4,,0,30,,69329,10,4,,0,72,,69340,10,4,,0,30,,69338,10,4,,0,70,,69344,10,4,,0,30,,69335,10,4,,0,70,,69348,10,4,,0,30,,69337,10,4,,0,70,,69346,10,4,,0,30,,69343,10,4,,0,70,,69342,10,4,,0,30,,69339,10,4,,0,70,,69332,10,4,,0,100,,69331,10,4,,0,30,,69341,10,4,,0,70,,69334,10,4,,0,100,,69345,10,4,,0,30,,69336,10,4,,0,69,,69318,10,4,,0,30,,69321,10,4,,0,70,,69314,10,4,,0,29,,69316,10,4,,0,70,,69319,10,4,,0,30,,69322,10,4,,0,70,,69315,10,4,,0,30,,69317,10,4,,0,65,,69320,10,4,,0,25,,69330,10,4,,0
702019,'1912',657,,73221,10,4,,0,70,,73211,10,4,,0,30,,73229,10,4,,0,70,,73217,10,4,,0,30,,73210,10,4,,0,70,,73228,10,4,,0,31,,73220,10,4,,0,70,,73209,10,4,,0,30,,69375,10,4,,0,70,,73216,10,4,,0,30,,69356,10,4,,0,71,,73222,10,4,,0,30,,69360,10,4,,0,70,,73208,10,4,,0,30,,73227,10,4,,0,70,,73215,10,4,,0,30,,73207,10,4,,0,70,,73225,10,4,,0,30,,73219,10,4,,0,70,,73206,10,4,,0,30,,73224,10,4,,0,70,,73214,10,4,,0,30,,73205,10,4,,0,68,,73223,10,4,,0,30,,73213,10,4,,0,70,,73204,10,4,,0,30,,73226,10,4,,0,70,,73212,10,4,,0,30,,73203,10,4,,0,70,,69377,10,4,,0,30,,73218,10,4,,0,70,,73202,10,4,,0,30,,69372,10,4,,0,65,,73230,10,4,,0,25,,73231,10,4,,0
702019,'1924',1058,,69410,10,4,,0,100,,69391,10,4,,0,101,,69395,10,4,,0,868,,69412,10,4,,0,130,,69407,10,4,,0
702019,'1925',657,,73251,10,4,,0,70,,73241,10,4,,0,30,,73259,10,4,,0,70,,73247,10,4,,0,30,,73240,10,4,,0,70,,73258,10,4,,0,31,,73250,10,4,,0,70,,73239,10,4,,0,30,,69445,10,4,,0,70,,73246,10,4,,0,30,,69426,10,4,,0,71,,73252,10,4,,0,30,,69430,10,4,,0,70,,73238,10,4,,0,30,,73257,10,4,,0,70,,73245,10,4,,0,30,,73237,10,4,,0,70,,73255,10,4,,0,30,,73249,10,4,,0,70,,73236,10,4,,0,30,,73254,10,4,,0,70,,73244,10,4,,0,30,,73235,10,4,,0,68,,73253,10,4,,0,30,,73243,10,4,,0,70,,73234,10,4,,0,30,,73256,10,4,,0,70,,73242,10,4,,0,30,,73233,10,4,,0,70,,69447,10,4,,0,30,,73248,10,4,,0,70,,73232,10,4,,0,30,,69442,10,4,,0,65,,73260,10,4,,0,25,,73261,10,4,,0
702019,'1949',730,,69507,10,4,,0,22,,69477,10,4,,0,107,,69506,10,4,,0,73,,69479,10,4,,0,220,,69483,10,4,,0,100,,69485,10,4,,0,576,,69495,10,4,,0,30,,69496,10,4,,0,100,,69498,10,4,,0,169,,69501,10,4,,0,99,,69503,10,4,,0,30,,69504,10,4,,0,90,,69511,10,4,,0
702019,'1955',1559,,69347,10,4,,0,200,,69333,10,4,,0
702019,'1956',657,,69405,10,4,,0,70,,69394,10,4,,0,30,,69416,10,4,,0,70,,69401,10,4,,0,30,,69393,10,4,,0,70,,69415,10,4,,0,31,,69404,10,4,,0,70,,69392,10,4,,0,100,,69400,10,4,,0,101,,69406,10,4,,0,100,,69390,10,4,,0,30,,69414,10,4,,0,70,,69399,10,4,,0,30,,69389,10,4,,0,70,,69411,10,4,,0,30,,69403,10,4,,0,70,,69388,10,4,,0,30,,69409,10,4,,0,70,,69398,10,4,,0,30,,69387,10,4,,0,68,,69408,10,4,,0,30,,69397,10,4,,0,70,,69386,10,4,,0,30,,69413,10,4,,0,70,,69396,10,4,,0,30,,69385,10,4,,0,100,,69402,10,4,,0,70,,69384,10,4,,0,95,,69417,10,4,,0,25,,69418,10,4,,0
702019,'1957',641,,73262,10,4,,0,65,,73263,10,4,,0,101,,73264,10,4,,0,40,,73285,10,4,,0,105,,73265,10,4,,0,70,,73266,10,4,,0,30,,73288,10,4,,0,70,,73267,10,4,,0,100,,73268,10,4,,0,100,,73269,10,4,,0,30,,73270,10,4,,0,70,,73271,10,4,,0,32,,73272,10,4,,0,70,,73286,10,4,,0,22,,73273,10,4,,0,60,,73274,10,4,,0,20,,73275,10,4,,0,20,,73276,10,4,,0,60,,73287,10,4,,0,20,,73277,10,4,,0,17,,73278,10,4,,0,60,,73279,10,4,,0,125,,73280,10,4,,0,99,,73281,10,4,,0,30,,73282,10,4,,0,100,,73283,10,4,,0,164,,73284,10,4,,0
702019,'1958',1559,,73290,10,4,,0,200,,73289,10,4,,0
702019,'1959',657,,73310,10,4,,0,70,,73300,10,4,,0,30,,73318,10,4,,0,70,,73306,10,4,,0,30,,73299,10,4,,0,70,,73317,10,4,,0,31,,73309,10,4,,0,70,,73298,10,4,,0,100,,73305,10,4,,0,101,,73311,10,4,,0,100,,73297,10,4,,0,30,,73316,10,4,,0,70,,73304,10,4,,0,30,,73296,10,4,,0,70,,73314,10,4,,0,30,,73308,10,4,,0,70,,73295,10,4,,0,30,,73313,10,4,,0,70,,73303,10,4,,0,30,,73294,10,4,,0,68,,73312,10,4,,0,30,,73302,10,4,,0,70,,73293,10,4,,0,30,,73315,10,4,,0,70,,73301,10,4,,0,30,,73292,10,4,,0,100,,73307,10,4,,0,70,,73291,10,4,,0,95,,73319,10,4,,0,25,,73320,10,4,,0
