2029,'1912',625,,74007,24,0,39 40,0,30,,74015,24,0,39 40,0,68,,74026,24,0,39 40,0,30,,74021,24,0,39 40,0,70,,74008,24,0,39 40,0,30,,74016,24,0,39 40,0,71,,74027,24,0,39 40,0,30,,74022,24,0,39 40,0,55,,66011,12,0,12,0,15,,74009,24,0,39 40,0,30,,74017,24,0,39 40,0,70,,74028,24,0,39 40,0,30,,74023,24,0,39 40,0,70,,74010,24,0,39 40,0,30,,74018,24,0,39 40,0,70,,74029,24,0,39 40,0,30,,74024,24,0,39 40,0,70,,74011,24,0,39 40,0,30,,74019,24,0,39 40,0,70,,74030,24,0,39 40,0,30,,74025,24,0,39 40,0,70,,74012,24,0,39 40,0,30,,74020,24,0,39 40,0,70,,74031,24,0,39 40,0,100,,74013,24,0,39 40,0,97,,74032,24,0,39 40,0,100,,74014,24,0,39 40,0,101,,74033,24,0,39 40,0,100,,74006,24,0,39 40,0
2029,'1959',1009,,66012,12,0,12,0
2029,'1966',555,,70594,23,0,39 40,0,70,,70577,23,0,39 40,0,30,,70584,23,0,39 40,0,68,,70563,23,0,39 40,0,30,,70569,23,0,39 40,0,70,,70578,23,0,39 40,0,30,,70585,23,0,39 40,0,71,,70564,23,0,39 40,0,30,,70570,23,0,39 40,0,70,,70579,23,0,39 40,0,30,,70586,23,0,39 40,0,70,,70565,23,0,39 40,0,30,,70571,23,0,39 40,0,70,,70580,23,0,39 40,0,30,,70587,23,0,39 40,0,70,,70566,23,0,39 40,0,30,,70572,23,0,39 40,0,70,,70581,23,0,39 40,0,30,,70588,23,0,39 40,0,70,,70567,23,0,39 40,0,30,,70573,23,0,39 40,0,70,,70582,23,0,39 40,0,30,,70589,23,0,39 40,0,70,,70568,23,0,39 40,0,30,,70574,23,0,39 40,0,70,,70583,23,0,39 40,0,30,,70590,23,0,39 40,0,69,,70575,23,0,39 40,0,100,,70591,23,0,39 40,0,100,,70576,23,0,39 40,0,100,,70592,23,0,39 40,0
2029,'1968',625,,70497,23,0,39 40,0,30,,70505,23,0,39 40,0,68,,70516,23,0,39 40,0,30,,70511,23,0,39 40,0,70,,70498,23,0,39 40,0,30,,70506,23,0,39 40,0,71,,70517,23,0,39 40,0,30,,70512,23,0,39 40,0,70,,70499,23,0,39 40,0,30,,70507,23,0,39 40,0,70,,70518,23,0,39 40,0,30,,70513,23,0,39 40,0,70,,70500,23,0,39 40,0,30,,70508,23,0,39 40,0,70,,70519,23,0,39 40,0,30,,70514,23,0,39 40,0,70,,70501,23,0,39 40,0,30,,70509,23,0,39 40,0,70,,70520,23,0,39 40,0,30,,70515,23,0,39 40,0,70,,70502,23,0,39 40,0,30,,70510,23,0,39 40,0,70,,70521,23,0,39 40,0,100,,70503,23,0,39 40,0,97,,70522,23,0,39 40,0,100,,70504,23,0,39 40,0,101,,70523,23,0,39 40,0,100,,70496,23,0,39 40,0
2029,'1969',1009,,66013,12,0,12,0
2029,'1970',529,,74055,12,0,39 40,0,25,,74038,24,0,39 40,0,70,,74039,24,0,39 40,0,27,,74040,24,0,39 40,0,72,,74041,24,0,39 40,0,29,,74042,24,0,39 40,0,70,,74043,24,0,39 40,0,30,,74044,24,0,39 40,0,71,,74045,24,0,39 40,0,30,,74046,24,0,39 40,0,70,,74069,24,0,39 40,0,30,,74065,24,0,39 40,0,70,,74071,24,0,39 40,0,30,,74067,24,0,39 40,0,70,,74068,24,0,39 40,0,30,,74064,24,0,39 40,0,70,,74070,24,0,39 40,0,30,,74066,24,0,39 40,0,70,,74072,24,0,39 40,0,32,,74047,24,0,39 40,0,74,,74048,24,0,39 40,0,30,,74049,24,0,39 40,0,70,,74050,24,0,39 40,0,30,,74051,24,0,39 40,0,70,,74052,24,0,39 40,0,27,,74053,24,0,39 40,0,67,,74054,24,0,39 40,0,30,,74058,24,0,39 40,0,70,,74059,24,0,39 40,0,100,,74060,24,0,39 40,0,100,,74061,24,0,39 40,0,100,,74057,24,0,39 40,0
2029,'1971',555,,74104,24,0,5 2 15 16 17,0,70,,74087,24,0,39 40,0,30,,74094,24,0,39 40,0,68,,74073,24,0,39 40,0,30,,74079,24,0,39 40,0,70,,74088,24,0,39 40,0,30,,74095,24,0,39 40,0,71,,74074,24,0,39 40,0,30,,74080,24,0,39 40,0,70,,74089,24,0,39 40,0,30,,74096,24,0,39 40,0,70,,74075,24,0,39 40,0,30,,74081,24,0,39 40,0,70,,74090,24,0,39 40,0,30,,74097,24,0,39 40,0,70,,74076,24,0,39 40,0,30,,74082,24,0,39 40,0,70,,74091,24,0,39 40,0,30,,74098,24,0,39 40,0,70,,74077,24,0,39 40,0,30,,74083,24,0,39 40,0,70,,74092,24,0,39 40,0,30,,74099,24,0,39 40,0,70,,74078,24,0,39 40,0,30,,74084,24,0,39 40,0,70,,74093,24,0,39 40,0,30,,74100,24,0,39 40,0,69,,74085,24,0,39 40,0,100,,74101,24,0,39 40,0,100,,74086,24,0,39 40,0,100,,74102,24,0,39 40,0
2029,'1972',625,,74108,24,0,39 40,0,30,,74116,24,0,39 40,0,68,,74127,24,0,39 40,0,30,,74122,24,0,39 40,0,70,,74109,24,0,39 40,0,30,,74117,24,0,39 40,0,71,,74128,24,0,39 40,0,30,,74123,24,0,39 40,0,70,,74110,24,0,39 40,0,30,,74118,24,0,39 40,0,70,,74129,24,0,39 40,0,30,,74124,24,0,39 40,0,70,,74111,24,0,39 40,0,30,,74119,24,0,39 40,0,70,,74130,24,0,39 40,0,30,,74125,24,0,39 40,0,70,,74112,24,0,39 40,0,30,,74120,24,0,39 40,0,70,,74131,24,0,39 40,0,30,,74126,24,0,39 40,0,70,,74113,24,0,39 40,0,30,,74121,24,0,39 40,0,70,,74132,24,0,39 40,0,100,,74114,24,0,39 40,0,97,,74133,24,0,39 40,0,100,,74115,24,0,39 40,0,101,,74134,24,0,39 40,0,100,,74107,24,0,39 40,0
2029,'1973',625,,74140,24,0,39 40,0,30,,74148,24,0,39 40,0,68,,74159,24,0,39 40,0,30,,74154,24,0,39 40,0,70,,74141,24,0,39 40,0,30,,74149,24,0,39 40,0,71,,74160,24,0,39 40,0,30,,74155,24,0,39 40,0,70,,74142,24,0,39 40,0,30,,74150,24,0,39 40,0,70,,74161,24,0,39 40,0,30,,74156,24,0,39 40,0,70,,74143,24,0,39 40,0,30,,74151,24,0,39 40,0,70,,74162,24,0,39 40,0,30,,74157,24,0,39 40,0,70,,74144,24,0,39 40,0,30,,74152,24,0,39 40,0,70,,74163,24,0,39 40,0,30,,74158,24,0,39 40,0,70,,74145,24,0,39 40,0,30,,74153,24,0,39 40,0,70,,74164,24,0,39 40,0,100,,74146,24,0,39 40,0,97,,74165,24,0,39 40,0,100,,74147,24,0,39 40,0,101,,74166,24,0,39 40,0,100,,74139,24,0,39 40,0
4029,'1912',736,,70787,15,,,0,70,,60008,15,,,0,30,,70786,15,,,0,70,,70788,15,,,0,32,,60005,15,,,0,70,,70779,15,,,0,29,,70782,15,,,0,70,,70767,15,,,0,30,,70772,15,,,0,70,,70775,15,,,0,30,,70778,15,,,0,70,,70780,15,,,0,30,,70768,15,,,0,70,,70771,15,,,0,30,,70774,15,,,0,70,,70777,15,,,0,30,,70781,15,,,0,70,,70769,15,,,0,30,,70770,15,,,0,70,,70773,15,,,0,30,,70776,15,,,0,70,,66240,15,,,0,30,,70791,15,,,0,71,,70792,15,,,0,30,,70790,15,,,0,70,,70785,15,,,0,30,,70789,15,,,0,70,,70783,15,,,0,100,,70784,15,,,0
4029,'1959',736,,70894,15,,,0,70,,60037,15,,,0,30,,70893,15,,,0,70,,70895,15,,,0,32,,60034,15,,,0,70,,70886,15,,,0,29,,70889,15,,,0,70,,70874,15,,,0,30,,70879,15,,,0,70,,70882,15,,,0,30,,70885,15,,,0,70,,70887,15,,,0,30,,70875,15,,,0,70,,70878,15,,,0,30,,70881,15,,,0,70,,70884,15,,,0,30,,70888,15,,,0,70,,70876,15,,,0,30,,70877,15,,,0,70,,70880,15,,,0,30,,70883,15,,,0,70,,66267,15,,,0,30,,70898,15,,,0,71,,70899,15,,,0,30,,70897,15,,,0,70,,70892,15,,,0,30,,70896,15,,,0,70,,70890,15,,,0,100,,70891,15,,,0
4029,'1965',637,,70819,15,,,0,104,,70821,15,,,0,102,,70823,15,,,0,64,,59926,15,,,0,201,,66313,15,,,0,30,,70827,15,,,0,71,,70828,15,,,0,30,,70829,15,,,0,70,,70830,15,,,0,30,,66314,15,,,0,100,,70832,15,,,0,100,,70834,15,,,0,76,,66317,15,,,0,24,,66318,15,,,0,76,,70835,15,,,0,24,,59943,15,,,0,75,,59944,15,,,0,27,,70836,15,,,0,198,,70840,15,,,0,100,,66322,15,,,0,70,,70842,15,,,0
4029,'1966',638,,59977,15,,,0,168,,70869,15,,,0,30,,70870,15,,,0,102,,70872,15,,,0,71,,70860,15,,,0,29,,70854,15,,,0,70,,70847,15,,,0,30,,70858,15,,,0,70,,70864,15,,,0,30,,70859,15,,,0,70,,70846,15,,,0,30,,70851,15,,,0,70,,70862,15,,,0,30,,70845,15,,,0,70,,70861,15,,,0,30,,70856,15,,,0,70,,70848,15,,,0,30,,70843,15,,,0,70,,70863,15,,,0,30,,70866,15,,,0,70,,70857,15,,,0,30,,70852,15,,,0,70,,70873,15,,,0,101,,70844,15,,,0,99,,70855,15,,,0,100,,70853,15,,,0
4029,'1967',706,,70867,15,,,0,30,,70868,15,,,0,172,,70871,15,,,0,1031,,70849,15,,,0,99,,70850,15,,,0,100,,70865,15,,,0
4029,'1969',736,,70813,15,,,0,70,,60066,15,,,0,30,,70812,15,,,0,70,,70814,15,,,0,32,,60063,15,,,0,70,,70805,15,,,0,29,,70808,15,,,0,70,,70793,15,,,0,30,,70798,15,,,0,70,,70801,15,,,0,30,,70804,15,,,0,70,,70806,15,,,0,30,,70794,15,,,0,70,,70797,15,,,0,30,,70800,15,,,0,70,,70803,15,,,0,30,,70807,15,,,0,70,,70795,15,,,0,30,,70796,15,,,0,70,,70799,15,,,0,30,,70802,15,,,0,70,,66294,15,,,0,30,,70817,15,,,0,71,,70818,15,,,0,30,,70816,15,,,0,70,,70811,15,,,0,30,,70815,15,,,0,70,,70809,15,,,0,100,,70810,15,,,0
4029,'1970',707,,74183,15,,,0,100,,74184,15,,,0,131,,74185,15,,,0,70,,74186,15,,,0,30,,74187,15,,,0,371,,74188,15,,,0,105,,74189,15,,,0,396,,74190,15,,,0,29,,74191,15,,,0,71,,74192,15,,,0,99,,74193,15,,,0
4029,'1971',638,,74215,15,,,0,168,,74216,15,,,0,30,,74217,15,,,0,102,,74218,15,,,0,71,,74209,15,,,0,29,,74203,15,,,0,70,,74198,15,,,0,30,,74207,15,,,0,70,,74213,15,,,0,30,,74208,15,,,0,70,,74197,15,,,0,30,,74200,15,,,0,70,,74211,15,,,0,30,,74196,15,,,0,70,,74210,15,,,0,30,,74205,15,,,0,70,,74199,15,,,0,30,,74194,15,,,0,70,,74212,15,,,0,30,,74214,15,,,0,70,,74206,15,,,0,30,,74201,15,,,0,70,,74219,15,,,0,101,,74195,15,,,0,99,,74204,15,,,0,100,,74202,15,,,0
501019,'1912',620,,62927,10,,,0,30,,72182,10,,,0,67,,62926,10,,,0,30,,72181,10,,,0,70,,62929,10,,,0,31,,72183,10,,,0,71,,72180,10,,,0,30,,67874,10,,,0,70,,72174,10,,,0,30,,67866,10,,,0,73,,72173,10,,,0,30,,67867,10,,,0,70,,72176,10,,,0,30,,67868,10,,,0,70,,72172,10,,,0,30,,67873,10,,,0,70,,72171,10,,,0,30,,67872,10,,,0,70,,72170,10,,,0,30,,67869,10,,,0,70,,72169,10,,,0,30,,67871,10,,,0,70,,72175,10,,,0,30,,67870,10,,,0,68,,72179,10,,,0,30,,67878,10,,,0,70,,72178,10,,,0,30,,67881,10,,,0,69,,72177,10,,,0,30,,67853,10,,,0,70,,62923,10,,,0,30,,67879,10,,,0,69,,62922,10,,,0,30,,67880,10,,,0,70,,62921,10,,,0
501019,'1959',620,,62962,10,,,0,30,,72266,10,,,0,67,,62961,10,,,0,30,,72265,10,,,0,70,,62964,10,,,0,31,,72267,10,,,0,71,,72264,10,,,0,30,,67903,10,,,0,70,,72258,10,,,0,30,,67895,10,,,0,73,,72257,10,,,0,30,,67896,10,,,0,70,,72260,10,,,0,30,,67897,10,,,0,70,,72256,10,,,0,30,,67902,10,,,0,70,,72255,10,,,0,30,,67901,10,,,0,70,,72254,10,,,0,30,,67898,10,,,0,70,,72253,10,,,0,30,,67900,10,,,0,70,,72259,10,,,0,30,,67899,10,,,0,68,,72263,10,,,0,30,,67907,10,,,0,70,,72262,10,,,0,30,,67910,10,,,0,69,,72261,10,,,0,30,,67882,10,,,0,70,,62958,10,,,0,30,,67908,10,,,0,69,,62957,10,,,0,30,,67909,10,,,0,70,,62956,10,,,0
501019,'1965',525,,62835,4,,,0,93,,62836,10,,,0,30,,72199,10,,,0,77,,62838,10,,,0,24,,72200,10,,,0,76,,72202,10,,,0,24,,72203,10,,,0,104,,67965,10,,,0,70,,72206,10,,,0,30,,72207,10,,,0,70,,72208,10,,,0,30,,72209,10,,,0,70,,67966,10,,,0,100,,72211,10,,,0,30,,72212,10,,,0,70,,72213,10,,,0,27,,67968,10,,,0,52,,72214,10,,,0,22,,72215,10,,,0,24,,72216,10,,,0,52,,72217,10,,,0,24,,72218,10,,,0,24,,72219,10,,,0,52,,62862,10,,,0,46,,67974,10,,,0,12,,72221,10,,,0,94,,67977,10,,,0,70,,72222,10,,,0,98,,62870,10,,,0,30,,72223,10,,,0,69,,67980,10,,,0,30,,72224,10,,,0,70,,67982,10,,,0,30,,72225,10,,,0,70,,62876,10,,,0
501019,'1966',652,,72233,10,,,0,267,,72227,10,,,0,102,,72237,10,,,0,33,,72247,10,,,0,70,,72238,10,,,0,30,,72248,10,,,0,70,,72239,10,,,0,30,,72249,10,,,0,70,,72240,10,,,0,30,,72250,10,,,0,70,,72241,10,,,0,30,,72251,10,,,0,70,,72242,10,,,0,30,,72252,10,,,0,70,,72243,10,,,0,30,,72245,10,,,0,70,,72244,10,,,0,30,,72246,10,,,0,70,,72226,10,,,0,27,,72236,10,,,0,98,,72234,10,,,0,100,,72235,10,,,0
501019,'1967',622,,72230,10,,,0,97,,72229,10,,,0,30,,72232,10,,,0,70,,72228,10,,,0,30,,67831,10,,,0,100,,72231,10,,,0,970,,62881,10,,,0,100,,62880,10,,,0,100,,62879,10,,,0,30,,67832,10,,,0,70,,62878,10,,,0,30,,67833,10,,,0,69,,62877,10,,,0
501019,'1969',620,,62997,10,,,0,30,,72197,10,,,0,67,,62996,10,,,0,30,,72196,10,,,0,70,,62999,10,,,0,31,,72198,10,,,0,71,,72195,10,,,0,30,,67932,10,,,0,70,,72189,10,,,0,30,,67924,10,,,0,73,,72188,10,,,0,30,,67925,10,,,0,70,,72191,10,,,0,30,,67926,10,,,0,70,,72187,10,,,0,30,,67931,10,,,0,70,,72186,10,,,0,30,,67930,10,,,0,70,,72185,10,,,0,30,,67927,10,,,0,70,,72184,10,,,0,30,,67929,10,,,0,70,,72190,10,,,0,30,,67928,10,,,0,68,,72194,10,,,0,30,,67936,10,,,0,70,,72193,10,,,0,30,,67939,10,,,0,69,,72192,10,,,0,30,,67911,10,,,0,70,,62993,10,,,0,30,,67937,10,,,0,69,,62992,10,,,0,30,,67938,10,,,0,70,,62991,10,,,0
501019,'1970',813,,74801,10,,,0,99,,74802,10,,,0,11,,74803,10,,,0,330,,74804,10,,,0,470,,74805,10,,,0,101,,74806,10,,,0,126,,74807,10,,,0
501019,'1971',652,,74810,10,,,0,267,,74809,10,,,0,102,,74814,10,,,0,33,,74824,10,,,0,70,,74815,10,,,0,30,,74825,10,,,0,70,,74816,10,,,0,30,,74826,10,,,0,70,,74817,10,,,0,30,,74827,10,,,0,70,,74818,10,,,0,30,,74828,10,,,0,70,,74819,10,,,0,30,,74829,10,,,0,70,,74820,10,,,0,30,,74822,10,,,0,70,,74821,10,,,0,30,,74823,10,,,0,70,,74808,10,,,0,27,,74813,10,,,0,98,,74811,10,,,0,100,,74812,10,,,0
701019,'1912',612,,72956,7,,,0,28,,72982,7,,,0,69,,72974,7,,,0,30,,72953,7,,,0,70,,72975,7,,,0,30,,72957,7,,,0,70,,72952,7,,,0,30,,68928,7,,,0,70,,72960,7,,,0,30,,72949,7,,,0,70,,72978,7,,,0,30,,68905,7,,,0,70,,68894,7,,,0,30,,68925,7,,,0,70,,68909,7,,,0,30,,72948,7,,,0,70,,72977,7,,,0,30,,72961,7,,,0,70,,72946,7,,,0,30,,72976,7,,,0,70,,72958,7,,,0,30,,72944,7,,,0,70,,72979,7,,,0,30,,72966,7,,,0,70,,72941,7,,,0,30,,72987,7,,,0,70,,72968,7,,,0,30,,72939,7,,,0,70,,72984,7,,,0,30,,72970,7,,,0,70,,72936,7,,,0,30,,68934,7,,,0,69,,72969,7,,,0,30,,72938,7,,,0,70,,68938,7,,,0,25,,72992,7,,,0
701019,'1959',612,,73165,7,,,0,28,,73191,7,,,0,69,,73183,7,,,0,30,,73162,7,,,0,70,,73184,7,,,0,30,,73166,7,,,0,70,,73161,7,,,0,30,,69027,7,,,0,70,,73169,7,,,0,30,,73158,7,,,0,70,,73187,7,,,0,30,,69004,7,,,0,70,,68993,7,,,0,30,,69024,7,,,0,70,,69008,7,,,0,30,,73157,7,,,0,70,,73186,7,,,0,30,,73170,7,,,0,70,,73155,7,,,0,30,,73185,7,,,0,70,,73167,7,,,0,30,,73153,7,,,0,70,,73188,7,,,0,30,,73175,7,,,0,70,,73150,7,,,0,30,,73196,7,,,0,70,,73177,7,,,0,30,,73148,7,,,0,70,,73193,7,,,0,30,,73179,7,,,0,70,,73145,7,,,0,30,,69033,7,,,0,69,,73178,7,,,0,30,,73147,7,,,0,70,,69037,7,,,0,25,,73201,7,,,0
701019,'1965',553,,73109,7,,,0,70,,73110,7,,,0,18,,69307,7,,,0,14,,73111,7,,,0,70,,73116,7,,,0,15,,69299,7,,,0,65,,69300,7,,,0,13,,73112,7,,,0,20,,69302,7,,,0,69,,73092,7,,,0,130,,73094,7,,,0,70,,73095,7,,,0,100,,69274,7,,,0,30,,73097,7,,,0,170,,73099,7,,,0,31,,73100,7,,,0,14,,69310,7,0,5 2 11 2 12,0,67,,69280,7,,,0,20,,73114,7,,,0,19,,73119,7,0,5 2 11 2 12,0,61,,73101,7,,,0,20,,73102,7,,,0,61,,73120,7,0,5 2 11 2 12,0,20,,73113,7,,,0,19,,73108,7,,,0,65,,73107,7,,,0,35,,69283,7,,,0,70,,69284,7,,,0,30,,73103,7,,,0,69,,69286,7,,,0,30,,73104,7,,,0,70,,69288,7,,,0,30,,69289,7,,,0,70,,73105,7,,,0,30,,69291,7,,,0,70,,69292,7,,,0,25,,73118,7,,,0
701019,'1967',612,,68783,7,,,0,28,,68763,7,,,0,68,,68780,7,,,0,30,,68776,7,,,0,71,,68778,7,,,0,30,,68779,7,,,0,70,,68781,7,,,0,30,,68777,7,,,0,70,,68813,7,,,0,30,,68822,7,,,0,70,,68809,7,,,0,30,,68818,7,,,0,70,,68814,7,,,0,30,,68807,7,,,0,70,,68852,7,,,0,30,,68806,7,,,0,70,,68808,7,,,0,30,,68836,7,,,0,70,,68832,7,,,0,30,,68825,7,,,0,70,,73136,7,,,0,30,,68833,7,,,0,70,,68850,7,,,0,30,,68798,7,,,0,70,,73133,7,,,0,30,,68805,7,,,0,70,,68834,7,,,0,30,,68758,7,,,0,70,,68764,7,,,0,30,,68771,7,,,0,70,,68754,7,,,0,30,,68759,7,,,0,70,,68765,7,,,0,30,,68772,7,,,0,70,,68755,7,,,0,25,,68796,7,,,0
701019,'1969',612,,73016,7,,,0,28,,73042,7,,,0,69,,73034,7,,,0,30,,73013,7,,,0,70,,73035,7,,,0,30,,73017,7,,,0,70,,73012,7,,,0,30,,69126,7,,,0,70,,73020,7,,,0,30,,73009,7,,,0,70,,73038,7,,,0,30,,69103,7,,,0,70,,69092,7,,,0,30,,69123,7,,,0,70,,69107,7,,,0,30,,73008,7,,,0,70,,73037,7,,,0,30,,73021,7,,,0,70,,73006,7,,,0,30,,73036,7,,,0,70,,73018,7,,,0,30,,73004,7,,,0,70,,73039,7,,,0,30,,73026,7,,,0,70,,73001,7,,,0,30,,73047,7,,,0,70,,73028,7,,,0,30,,72999,7,,,0,70,,73044,7,,,0,30,,73030,7,,,0,70,,72996,7,,,0,30,,69132,7,,,0,69,,73029,7,,,0,30,,72998,7,,,0,70,,69136,7,,,0,25,,73052,7,,,0
701019,'1970',937,,74986,7,,,0,70,,74979,7,,,0,130,,74980,7,,,0,170,,74981,7,,,0,30,,74982,7,,,0,171,,74987,7,,,0,316,,74983,7,,,0
14000001029,'1912',537,,73589,12,0,18 7,0,1811,,70205,12,,,0,69,,75060,12,,,0,30,,65884,12,,,0,70,,70206,12,,,0,30,,75059,12,,,0,70,,65880,12,,,0
14000001029,'1959',537,,73605,12,0,18 7,0,1811,,70208,12,,,0,99,,65891,12,,,0,70,,70209,12,,,0,100,,65887,12,,,0
14000001029,'1965',435,,65864,12,0,18 7,0,102,,73593,12,0,18 7,0,1811,,73595,12,,,0,99,,65871,12,,,0,70,,73594,12,,,0,100,,65870,12,,,0
14000001029,'1966',537,,73600,12,0,18 7,0,1880,,73598,12,,,0,130,,73601,12,,,0
14000001029,'1967',2348,,73602,12,,,0,99,,65872,12,,,0,70,,73599,12,,,0,100,,65875,12,,,0
14000001029,'1968',2417,,73591,12,,,0,130,,73590,12,,,0
14000001029,'1969',537,,73592,12,0,18 7,0,1811,,70211,12,,,0,99,,65898,12,,,0,70,,70212,12,,,0,100,,65894,12,,,0
14000001029,'1970',2417,,75061,12,,,0,130,,75062,12,,,0
14000001029,'1971',537,,75064,12,0,18 7,0,1880,,75063,12,,,0,130,,75065,12,,,0
14000001029,'1972',2417,,75067,12,,,0,130,,75066,12,,,0
14000001029,'1973',2417,,75069,12,,,0,130,,75068,12,,,0
