6019,'1838',856,,35710,14,4,,0,100,,51764,14,4,,0,100,,44318,14,4,,0,100,,44322,14,4,,0,101,,44317,14,4,,0,100,,44321,14,4,,0,100,,44316,14,4,,0,100,,44320,14,4,,0,100,,44315,14,4,,0,100,,44319,14,4,,0,99,,44314,14,4,,0,100,,44323,14,4,,0
6019,'1897',703,,48948,26,4,,0,29,,48949,26,4,,0,70,,48950,26,4,,0,30,,48951,26,4,,0,70,,48952,26,4,,0,31,,48953,26,4,,0,70,,48954,26,4,,0,30,,48955,26,4,,0,70,,48956,26,4,,0,30,,48957,26,4,,0,70,,48958,26,4,,0,30,,48959,26,4,,0,70,,48960,26,4,,0,30,,48961,26,4,,0,70,,48962,26,4,,0,31,,48963,26,4,,0,73,,48964,26,4,,0,30,,48965,26,4,,0,70,,48966,26,4,,0,30,,48967,26,4,,0,70,,48968,26,4,,0,28,,48969,26,4,,0,67,,48970,26,4,,0,30,,48971,26,4,,0,70,,48972,26,4,,0,27,,48947,26,4,,0,96,,48943,26,4,,0,100,,48945,26,4,,0,100,,48944,26,4,,0,100,,48946,26,4,,0
6019,'1898',657,,48976,26,4,,0,70,,48975,26,4,,0,28,,48995,26,4,,0,70,,48988,26,4,,0,30,,48978,26,4,,0,70,,48987,26,4,,0,30,,48996,26,4,,0,72,,48994,26,4,,0,30,,48986,26,4,,0,70,,48999,26,4,,0,30,,48985,26,4,,0,70,,48993,26,4,,0,30,,48984,26,4,,0,70,,48998,26,4,,0,30,,48983,26,4,,0,70,,48992,26,4,,0,30,,48982,26,4,,0,70,,48997,26,4,,0,30,,48981,26,4,,0,70,,48991,26,4,,0,30,,48980,26,4,,0,70,,48973,26,4,,0,30,,48979,26,4,,0,70,,48990,26,4,,0,30,,48977,26,4,,0,68,,48989,26,4,,0,101,,49000,14,4,,0,100,,48974,14,4,,0
6019,'1899',856,,51771,14,4,,0,100,,51765,14,4,,0,100,,51770,14,4,,0,100,,51775,14,4,,0,101,,51769,14,4,,0,100,,51774,14,4,,0,100,,51768,14,4,,0,100,,51773,14,4,,0,100,,51767,14,4,,0,100,,51772,14,4,,0,99,,51766,14,4,,0,100,,51776,14,4,,0
6029,'1838',830,,35833,1,0,5 2 6 7,0,100,,51777,1,0,5 2 6 7,0,100,,44424,1,0,5 2 6 7,0,100,,44414,1,0,5 2 6 7,0,100,,44423,1,0,5 2 6 7,0,100,,44419,1,0,5 2 6 7,0,100,,44422,1,0,5 2 6 7,0,100,,44417,1,0,5 2 6 7,0,100,,44421,1,0,5 2 6 7,0,100,,44418,1,0,5 2 6 7,0,100,,44420,1,0,5 2 6 7,0,100,,44415,1,0,5 2 6 7,0
6029,'1897',610,,49009,1,,,0,30,,49010,1,,,0,70,,49011,1,,,0,30,,49012,1,,,0,70,,49013,1,,,0,30,,49014,1,,,0,70,,49015,1,,,0,30,,49016,1,,,0,70,,49017,1,,,0,30,,49018,1,,,0,70,,49019,1,,,0,30,,49020,1,,,0,70,,49021,1,,,0,30,,49022,1,,,0,70,,49023,1,,,0,30,,49024,1,,,0,70,,49025,1,,,0,30,,49026,1,,,0,70,,49027,1,,,0,30,,49028,1,,,0,70,,49029,1,,,0,30,,49030,1,,,0,70,,49031,1,,,0,30,,49032,1,,,0,70,,49033,1,,,0,30,,49034,1,,,0,90,,49006,1,,,0,100,,49008,1,,,0,100,,49005,1,,,0,100,,49007,1,,,0
6029,'1898',605,,49036,1,,,0,30,,49038,1,,,0,65,,49054,1,,,0,30,,49062,1,,,0,70,,49037,1,,,0,30,,49048,1,,,0,70,,49055,1,,,0,30,,49063,1,,,0,70,,49047,1,,,0,30,,49060,1,,,0,70,,49046,1,,,0,30,,49052,1,,,0,70,,49045,1,,,0,30,,49059,1,,,0,70,,49044,1,,,0,30,,49051,1,,,0,70,,49043,1,,,0,30,,49058,1,,,0,70,,49042,1,,,0,30,,49050,1,,,0,70,,49041,1,,,0,30,,49057,1,,,0,70,,49040,1,,,0,30,,49049,1,,,0,70,,49039,1,,,0,30,,49056,1,,,0,70,,49035,1,0,5 2 6 7,0,100,,49061,1,0,5 2 6 7,0,100,,49053,1,0,5 2 6 7,0
6029,'1899',830,,51789,1,0,5 2 6 7,0,100,,51780,1,0,5 2 6 7,0,100,,51788,1,0,5 2 6 7,0,100,,51778,1,0,5 2 6 7,0,100,,51787,1,0,5 2 6 7,0,100,,51783,1,0,5 2 6 7,0,100,,51786,1,0,5 2 6 7,0,100,,51781,1,0,5 2 6 7,0,100,,51785,1,0,5 2 6 7,0,100,,51782,1,0,5 2 6 7,0,100,,51784,1,0,5 2 6 7,0,100,,51779,1,0,5 2 6 7,0
11019,'1897',724,,49436,31,4,,0,102,,49437,31,4,,0,100,,49438,31,4,,0,100,,49439,31,4,,0,100,,49440,31,4,,0,101,,49441,31,4,,0,100,,49442,31,4,,0,100,,49443,31,4,,0,100,,49444,31,4,,0,100,,49445,31,4,,0,100,,49446,31,4,,0,97,,49447,31,4,,0,100,,49448,31,4,,0,100,,49449,31,4,,0,98,,49450,31,4,,0
11019,'1898',1923,,49452,31,4,,0,100,,49453,31,4,,0
15029,'1898',624,,49727,39,4,,0
