1019,'1912',608,,73606,11,,,0,100,,73607,11,,,0,100,,73608,11,,,0,100,,73609,11,,,0,100,,73610,11,,,0,100,,73611,11,,,0,100,,73612,11,,,0,100,,73613,11,,,0,100,,73614,11,,,0,100,,73615,11,,,0,100,,73616,11,,,0,100,,73617,11,,,0,100,,73618,11,,,0,100,,73619,11,,,0,100,,73620,11,,,0,100,,73621,11,,,0,100,,73622,11,,,0,100,,73623,11,,,0
1019,'1959',608,,73696,11,,,0,100,,73697,11,,,0,100,,73698,11,,,0,100,,73699,11,,,0,100,,73700,11,,,0,100,,73701,11,,,0,100,,73702,11,,,0,100,,73703,11,,,0,100,,73704,11,,,0,100,,73705,11,,,0,100,,73706,11,,,0,100,,73707,11,,,0,100,,73708,11,,,0,100,,73709,11,,,0,100,,73710,11,,,0,100,,73711,11,,,0,100,,73712,11,,,0,100,,73713,11,,,0
1019,'1967',537,,73695,11,,,0,70,,73684,11,,,0,30,,73670,11,,,0,70,,73689,11,,,0,30,,73679,11,,,0,70,,73664,11,,,0,30,,73685,11,,,0,70,,73687,11,,,0,30,,73669,11,,,0,72,,73690,11,,,0,30,,73678,11,,,0,70,,73663,11,,,0,30,,73673,11,,,0,70,,73683,11,,,0,30,,73668,11,,,0,70,,73691,11,,,0,30,,73677,11,,,0,70,,73662,11,,,0,30,,73672,11,,,0,70,,73682,11,,,0,30,,73667,11,,,0,70,,73692,11,,,0,30,,73676,11,,,0,70,,73661,11,,,0,30,,73671,11,,,0,70,,73681,11,,,0,30,,73665,11,,,0,69,,73693,11,,,0,30,,73674,11,,,0,70,,73660,11,,,0,30,,73666,11,,,0,70,,73680,11,,,0,30,,73675,11,,,0,70,,73694,11,,,0,30,,73688,11,,,0,70,,73686,11,,,0
1019,'1969',608,,73714,11,,,0,100,,73715,11,,,0,100,,73716,11,,,0,100,,73717,11,,,0,100,,73718,11,,,0,100,,73719,11,,,0,100,,73720,11,,,0,100,,73721,11,,,0,100,,73722,11,,,0,100,,73723,11,,,0,100,,73724,11,,,0,100,,73725,11,,,0,100,,73726,11,,,0,100,,73727,11,,,0,100,,73728,11,,,0,100,,73729,11,,,0,100,,73730,11,,,0,100,,73731,11,,,0
1019,'1976',537,,73659,11,,,0,75,,73655,11,,,0,30,,73631,11,,,0,72,,73626,11,,,0,30,,73644,11,,,0,70,,73628,11,,,0,30,,73633,11,,,0,70,,73658,11,,,0,30,,73630,11,,,0,70,,73624,11,,,0,30,,73643,11,,,0,70,,73629,11,,,0,30,,73634,11,,,0,70,,73654,11,,,0,30,,73632,11,,,0,70,,73625,11,,,0,30,,73656,11,,,0,70,,73627,11,,,0,30,,73635,11,,,0,70,,73653,11,,,0,30,,73646,11,,,0,70,,73638,11,,,0,30,,73636,11,,,0,70,,73639,11,,,0,30,,73641,11,,,0,70,,73640,11,,,0,30,,73637,11,,,0,65,,73657,11,,,0,30,,73651,11,,,0,68,,73652,11,,,0,30,,73650,11,,,0,70,,73649,11,,,0,30,,73648,11,,,0,70,,73647,11,,,0,30,,73645,11,,,0,70,,73642,11,,,0
1019,'1977',537,,75105,11,,,0,75,,75101,11,,,0,30,,75077,11,,,0,72,,75072,11,,,0,30,,75090,11,,,0,70,,75074,11,,,0,30,,75079,11,,,0,70,,75104,11,,,0,30,,75076,11,,,0,70,,75070,11,,,0,30,,75089,11,,,0,70,,75075,11,,,0,30,,75080,11,,,0,70,,75100,11,,,0,30,,75078,11,,,0,70,,75071,11,,,0,30,,75102,11,,,0,70,,75073,11,,,0,30,,75081,11,,,0,70,,75099,11,,,0,30,,75092,11,,,0,70,,75084,11,,,0,30,,75082,11,,,0,70,,75085,11,,,0,30,,75087,11,,,0,70,,75086,11,,,0,30,,75083,11,,,0,65,,75103,11,,,0,30,,75097,11,,,0,68,,75098,11,,,0,30,,75096,11,,,0,70,,75095,11,,,0,30,,75094,11,,,0,70,,75093,11,,,0,30,,75091,11,,,0,70,,75088,11,,,0
2019,'1912',653,,73883,20,,,0,70,,73860,20,,,0,30,,73864,20,,,0,70,,73876,20,,,0,30,,73871,20,,,0,70,,73861,20,,,0,30,,73865,20,,,0,70,,73877,20,,,0,30,,73872,20,,,0,70,,73862,20,,,0,30,,73866,20,,,0,70,,73878,20,,,0,30,,73873,20,,,0,70,,73863,20,,,0,30,,73867,20,,,0,70,,73879,20,,,0,30,,73874,20,,,0,70,,73858,20,,,0,30,,73868,20,,,0,70,,73880,20,,,0,30,,73875,20,,,0,70,,73856,20,,,0,30,,73869,20,,,0,70,,73881,20,,,0,100,,73857,20,,,0,100,,73882,20,,,0,100,,73859,20,,,0,100,,73870,20,,,0,99,,73884,20,,,0
2019,'1959',653,,73975,20,,,0,70,,73952,20,,,0,30,,73956,20,,,0,70,,73968,20,,,0,30,,73963,20,,,0,70,,73953,20,,,0,30,,73957,20,,,0,70,,73969,20,,,0,30,,73964,20,,,0,70,,73954,20,,,0,30,,73958,20,,,0,70,,73970,20,,,0,30,,73965,20,,,0,70,,73955,20,,,0,30,,73959,20,,,0,70,,73971,20,,,0,30,,73966,20,,,0,70,,73950,20,,,0,30,,73960,20,,,0,70,,73972,20,,,0,30,,73967,20,,,0,70,,73948,20,,,0,30,,73961,20,,,0,70,,73973,20,,,0,100,,73949,20,,,0,100,,73974,20,,,0,100,,73951,20,,,0,100,,73962,20,,,0,99,,73976,20,,,0
2019,'1967',622,,73917,11,,,0,30,,73924,20,,,0,70,,73933,20,,,0,30,,73940,20,,,0,70,,73918,20,,,0,30,,73925,20,,,0,70,,73934,20,,,0,30,,73941,20,,,0,72,,73919,20,,,0,30,,73926,20,,,0,70,,73935,20,,,0,30,,73942,20,,,0,70,,73920,20,,,0,30,,73927,20,,,0,70,,73936,20,,,0,30,,73943,20,,,0,70,,73921,20,,,0,30,,73928,20,,,0,70,,73937,20,,,0,30,,73944,20,,,0,70,,73922,20,,,0,30,,73929,20,,,0,70,,73938,20,,,0,30,,73945,20,,,0,70,,73923,20,,,0,30,,73930,20,,,0,70,,73939,20,,,0,99,,73931,20,,,0,100,,73946,20,,,0,100,,73932,20,,,0,100,,73947,20,,,0
2019,'1969',653,,74004,20,,,0,70,,73981,20,,,0,30,,73985,20,,,0,70,,73997,20,,,0,30,,73992,20,,,0,70,,73982,20,,,0,30,,73986,20,,,0,70,,73998,20,,,0,30,,73993,20,,,0,70,,73983,20,,,0,30,,73987,20,,,0,70,,73999,20,,,0,30,,73994,20,,,0,70,,73984,20,,,0,30,,73988,20,,,0,70,,74000,20,,,0,30,,73995,20,,,0,70,,73979,20,,,0,30,,73989,20,,,0,70,,74001,20,,,0,30,,73996,20,,,0,70,,73977,20,,,0,30,,73990,20,,,0,70,,74002,20,,,0,100,,73978,20,,,0,100,,74003,20,,,0,100,,73980,20,,,0,100,,73991,20,,,0,99,,74005,20,,,0
2019,'1976',449,,73916,11,0,5 2 13 14,0,173,,73885,20,,,0,30,,73886,20,,,0,72,,73887,20,,,0,30,,73888,20,,,0,70,,73889,20,,,0,30,,73890,20,,,0,70,,73907,20,,,0,30,,73908,20,,,0,70,,73909,20,,,0,30,,73910,20,,,0,70,,73911,20,,,0,30,,73912,20,,,0,70,,73913,20,,,0,30,,73914,20,,,0,70,,73915,20,,,0,30,,73905,20,,,0,70,,73906,20,,,0,30,,73891,20,,,0,70,,73892,20,,,0,30,,73893,20,,,0,70,,73894,20,,,0,30,,73895,20,,,0,70,,73896,20,,,0,30,,73897,20,,,0,70,,73898,20,,,0,30,,73904,20,,,0,70,,73899,20,,,0,98,,73900,20,,,0,100,,73901,20,,,0,100,,73902,20,,,0,100,,73903,20,,,0
2019,'1977',449,,75172,11,0,5 2 13 14,0,173,,75141,20,,,0,30,,75142,20,,,0,72,,75143,20,,,0,30,,75144,20,,,0,70,,75145,20,,,0,30,,75146,20,,,0,70,,75163,20,,,0,30,,75164,20,,,0,70,,75165,20,,,0,30,,75166,20,,,0,70,,75167,20,,,0,30,,75168,20,,,0,70,,75169,20,,,0,30,,75170,20,,,0,70,,75171,20,,,0,30,,75161,20,,,0,70,,75162,20,,,0,30,,75147,20,,,0,70,,75148,20,,,0,30,,75149,20,,,0,70,,75150,20,,,0,30,,75151,20,,,0,70,,75152,20,,,0,30,,75153,20,,,0,70,,75154,20,,,0,30,,75160,20,,,0,70,,75155,20,,,0,98,,75156,20,,,0,100,,75157,20,,,0,100,,75158,20,,,0,100,,75159,20,,,0
12019,'1976',632,,61256,11,,,0,71,,61259,11,,,0,31,,74399,11,,,0,70,,74403,11,,,0,30,,61261,11,,,0,70,,61258,11,0,5 2 12,0,30,,74394,11,0,5 2 12,0,70,,74395,11,0,5 2 12,0,30,,61238,11,0,5 2 12,0,70,,61239,11,0,5 2 12,0,30,,61240,11,0,5 2 12,0,70,,74391,11,0,5 2 12,0,30,,74392,11,0,5 2 12,0,70,,61243,11,0,5 2 12,0,30,,61244,11,0,5 2 12,0,70,,61245,11,0,5 2 12,0,30,,74393,11,,,0,69,,74402,11,,,0,30,,74398,11,,,0,70,,74400,11,,,0,30,,74397,11,,,0,70,,74401,11,,,0,30,,74396,11,,,0,70,,71547,11,,,0
12019,'1977',634,,75512,11,0,5 2 12,0,70,,75508,11,0,5 2 12,0,30,,75510,11,0,5 2 12,0,71,,75509,11,0,5 2 12,0,29,,75511,11,0,5 2 12,0,600,,75520,11,0,5 2 12,0,71,,75518,11,0,5 2 12,0,29,,75516,11,0,5 2 12,0,71,,75517,11,0,5 2 12,0,29,,75515,11,0,5 2 12,0,71,,75513,11,0,5 2 12,0,29,,75514,11,0,5 2 12,0,71,,75519,11,0,5 2 12,0
14000001019,'1912',2416,,65844,27,,,0,30,,70196,27,,,0,70,,75054,27,,,0,30,,65845,27,,,0,70,,70197,27,,,0
14000001019,'1959',2416,,65849,27,,,0,30,,70198,27,,,0,70,,75057,27,,,0,30,,65850,27,,,0,70,,70199,27,,,0
14000001019,'1967',2416,,65840,27,,,0,30,,73583,27,,,0,70,,75056,27,,,0,30,,65838,27,,,0,70,,73585,27,,,0
14000001019,'1969',2416,,65854,27,,,0,30,,70200,27,,,0,70,,75058,27,,,0,30,,65855,27,,,0,70,,70201,27,,,0
14000001019,'1976',2416,,65835,27,,,0,30,,73580,27,,,0,70,,75055,27,,,0,30,,65834,27,,,0,70,,73582,27,,,0
14000001019,'1977',2416,,76523,27,,,0,30,,76520,27,,,0,70,,76521,27,,,0,30,,76522,27,,,0,70,,76524,27,,,0
