11029,'1909',815,,61170,8,,,0
11029,'1910',714,,67037,8,,,0,1001,,67033,8,,,0,100,,67034,8,,,0,99,,67035,8,,,0
11029,'1912',813,,67039,8,,,0,100,,67040,8,,,0,104,,67041,8,,,0,100,,67042,8,,,0,100,,67043,8,,,0,100,,67044,8,,,0,100,,67045,8,,,0,100,,67046,8,,,0,100,,67047,8,,,0,98,,67048,8,,,0,100,,67049,8,,,0,99,,67050,8,,,0,100,,61211,8,,,0
11029,'1924',813,,67051,8,,,0,100,,67052,8,,,0,104,,67053,8,,,0,100,,67054,8,,,0,100,,67055,8,,,0,100,,67056,8,,,0,100,,67057,8,,,0,100,,67058,8,,,0,100,,67059,8,,,0,98,,67060,8,,,0,100,,67061,8,,,0,99,,67062,8,,,0,100,,61224,8,,,0
11029,'1925',813,,67063,8,,,0,100,,67064,8,,,0,104,,67065,8,,,0,100,,67066,8,,,0,100,,67067,8,,,0,100,,67068,8,,,0,100,,67069,8,,,0,100,,67070,8,,,0,100,,67071,8,,,0,98,,67072,8,,,0,100,,67073,8,,,0,99,,67074,8,,,0,100,,61237,8,,,0
11029,'1949',615,,67101,1,,,0,1102,,67097,8,,,0
11029,'1955',615,,67038,1,,,0,199,,67024,8,,,0,100,,67025,8,,,0,104,,67026,8,,,0,100,,67027,8,,,0,100,,67028,8,,,0,100,,67029,8,,,0,100,,67030,8,,,0,100,,67031,8,,,0,100,,67032,8,,,0,396,,67036,8,,,0
11029,'1957',714,,71512,8,,,0,201,,71513,8,,,0,101,,71514,8,,,0,100,,71515,8,,,0,100,,71516,8,,,0,100,,71517,8,,,0,101,,71518,8,,,0,100,,71519,8,,,0,100,,71520,8,,,0,198,,71521,8,,,0,100,,71522,8,,,0,100,,71523,8,,,0,99,,71511,8,,,0
11029,'1958',615,,71534,1,,,0,199,,71524,8,,,0,100,,71525,8,,,0,104,,71526,8,,,0,100,,71527,8,,,0,100,,71528,8,,,0,100,,71529,8,,,0,100,,71530,8,,,0,100,,71531,8,,,0,100,,71532,8,,,0,396,,71533,8,,,0
15019,'1909',707,,61509,53,,,0,837,2,61526,53,,,0,294,,61532,53,,,0
15019,'1910',943,3,61542,53,,,0,300,,61545,53,,,0,203,,61547,53,,,0,100,,61548,53,,,0,100,,61549,53,,,0,100,,67300,53,,,0,98,,61551,53,,,0
15019,'1912',742,3,61566,53,,,0,100,3,61564,53,,,0,100,3,61567,53,,,0,101,2,61565,53,,,0,100,2,61562,53,,,0,100,2,61560,53,,,0,102,,61563,53,,,0,100,,61561,53,,,0,100,,61558,53,,,0,99,,61559,53,,,0,99,,61556,53,,,0,100,,61557,53,,,0,100,,61555,53,,,0,99,2,71673,53,,,0
15019,'1924',742,3,61580,53,,,0,100,3,61578,53,,,0,100,3,61581,53,,,0,101,2,61579,53,,,0,100,2,61576,53,,,0,100,2,61574,53,,,0,102,,61577,53,,,0,100,,61575,53,,,0,100,,61572,53,,,0,99,,61573,53,,,0,99,,61570,53,,,0,100,,61571,53,,,0,100,,61569,53,,,0
15019,'1925',742,3,61594,53,,,0,100,3,61592,53,,,0,100,3,61595,53,,,0,101,2,61593,53,,,0,100,2,61590,53,,,0,100,2,61588,53,,,0,102,,61591,53,,,0,100,,61589,53,,,0,100,,61586,53,,,0,99,,61587,53,,,0,99,,61584,53,,,0,100,,61585,53,,,0,100,,61583,53,,,0,99,2,71674,53,,,0
15019,'1949',613,,67336,19,4,,0,200,2,67326,53,,,0,1493,,67335,53,4,,0
15019,'1955',615,,67303,19,4,,0,128,3,67295,53,,,0,100,3,67296,53,,,0,200,,67297,53,,,0,100,,67298,53,,,0,203,,67299,53,,,0,598,,67301,53,,,0,99,4,67302,53,,,0
15019,'1956',2042,2,67305,53,,,0
15019,'1957',738,2,71675,53,,,0,104,,71676,53,,,0,68,,71677,53,,,0,30,,71678,53,,,0,70,,71679,53,,,0,30,,71680,53,,,0,70,,71681,53,,,0,30,,71682,53,,,0,70,,71683,53,,,0,30,,71684,53,,,0,70,,71685,53,,,0,30,,71686,53,,,0,70,,71687,53,,,0,31,2,71688,53,,,0,73,2,71689,53,,,0,100,2,71690,53,,,0,30,3,71691,53,,,0,68,3,71692,53,,,0,27,,71693,53,,,0,69,,71694,53,,,0,100,,71695,53,,,0,30,,71699,53,,,0,70,,71696,53,,,0,98,,71697,53,,,0,100,,71698,53,,,0
15019,'1958',615,,71707,19,4,,0,128,3,71700,53,,,0,100,3,71701,53,,,0,200,,71702,53,,,0,100,,71703,53,,,0,203,,71704,53,,,0,598,,71705,53,,,0,99,4,71706,53,,,0
15019,'1959',2042,2,71708,53,,,0
