7029,'1912',639,,60679,8,0,13 35,0,70,,60657,8,,,0,100,,60658,8,,,0,30,,71210,8,0,13 35,0,71,,60659,8,,,0,30,,60681,8,0,13 35,0,70,,60660,8,,,0,30,,60676,8,0,13 35,0,70,,60661,8,,,0,30,,71209,8,0,13 35,0,71,,60662,8,,,0,30,,71203,8,0,13 35,0,70,,60663,8,,,0,30,,66666,8,0,13 35,0,70,,60664,8,,,0,30,,66659,8,0,13 35,0,70,,60665,8,,,0,30,,71206,8,0,13 35,0,70,,60666,8,,,0,30,,71202,8,0,13 35,0,70,,60667,8,,,0,30,,71207,8,0,13 35,0,69,,60668,8,,,0,30,,71201,8,0,13 35,0,70,,60669,8,,,0,30,,71208,8,0,13 35,0,69,,60670,8,,,0,30,,71204,8,0,13 35,0,70,,60656,8,,,0,30,,71205,8,0,13 35,0,70,,60689,8,0,13 35,0,30,,60687,8,0,13 35,0,70,,60686,8,0,13 35,0,29,,66656,8,0,13 35,0
7029,'1959',639,,60713,8,0,13 35,0,70,,60691,8,,,0,100,,60692,8,,,0,30,,71281,8,0,13 35,0,71,,60693,8,,,0,30,,60715,8,0,13 35,0,70,,60694,8,,,0,30,,60710,8,0,13 35,0,70,,60695,8,,,0,30,,71280,8,0,13 35,0,71,,60696,8,,,0,30,,71274,8,0,13 35,0,70,,60697,8,,,0,30,,66679,8,0,13 35,0,70,,60698,8,,,0,30,,66672,8,0,13 35,0,70,,60699,8,,,0,30,,71277,8,0,13 35,0,70,,60700,8,,,0,30,,71273,8,0,13 35,0,70,,60701,8,,,0,30,,71278,8,0,13 35,0,69,,60702,8,,,0,30,,71272,8,0,13 35,0,70,,60703,8,,,0,30,,71279,8,0,13 35,0,69,,60704,8,,,0,30,,71275,8,0,13 35,0,70,,60690,8,,,0,30,,71276,8,0,13 35,0,70,,60723,8,0,13 35,0,30,,60721,8,0,13 35,0,70,,60720,8,0,13 35,0,29,,66669,8,0,13 35,0
7029,'1967',641,,74332,8,,,0,70,,71262,8,,,0,30,,71252,8,,,0,69,,74333,8,,,0,30,,71253,8,,,0,70,,71263,8,,,0,30,,71254,8,,,0,72,,71264,8,,,0,30,,66633,8,,,0,70,,74334,8,,,0,30,,71255,8,,,0,70,,71265,8,,,0,30,,71256,8,,,0,70,,60640,8,,,0,30,,66636,8,,,0,70,,74335,8,,,0,30,,71257,8,,,0,70,,60642,8,,,0,30,,71258,8,,,0,69,,66647,8,,,0,30,,71259,8,,,0,70,,60644,8,,,0,30,,71260,8,,,0,70,,71266,8,,,0,30,,71261,8,,,0,68,,74336,8,,,0,30,,66642,8,,,0,70,,60647,8,,,0,30,,66655,8,0,13 35,0,70,,60648,8,,,0,30,,66654,8,0,13 35,0,70,,74337,8,,,0,30,,71271,8,0,13 35,0,70,,60650,8,,,0,29,,71270,8,0,13 35,0
7029,'1969',639,,60747,8,0,13 35,0,70,,60725,8,,,0,100,,60726,8,,,0,30,,71220,8,0,13 35,0,71,,60727,8,,,0,30,,60749,8,0,13 35,0,70,,60728,8,,,0,30,,60744,8,0,13 35,0,70,,60729,8,,,0,30,,71219,8,0,13 35,0,71,,60730,8,,,0,30,,71213,8,0,13 35,0,70,,60731,8,,,0,30,,66692,8,0,13 35,0,70,,60732,8,,,0,30,,66685,8,0,13 35,0,70,,60733,8,,,0,30,,71216,8,0,13 35,0,70,,60734,8,,,0,30,,71212,8,0,13 35,0,70,,60735,8,,,0,30,,71217,8,0,13 35,0,69,,60736,8,,,0,30,,71211,8,0,13 35,0,70,,60737,8,,,0,30,,71218,8,0,13 35,0,69,,60738,8,,,0,30,,71214,8,0,13 35,0,70,,60724,8,,,0,30,,71215,8,0,13 35,0,70,,60757,8,0,13 35,0,30,,60755,8,0,13 35,0,70,,60754,8,0,13 35,0,29,,66682,8,0,13 35,0
7029,'1976',509,,60618,8,,,0,35,,60617,8,0,13 35,0,65,,60588,8,,,0,31,,74323,8,,,0,71,,71228,8,,,0,30,,74324,8,,,0,70,,71230,8,,,0,30,,74325,8,,,0,71,,71232,8,,,0,30,,71233,8,,,0,70,,71234,8,,,0,30,,71235,8,,,0,70,,71236,8,,,0,30,,74326,8,,,0,70,,74321,8,,,0,30,,74322,8,,,0,70,,71225,8,,,0,30,,74320,8,,,0,70,,74319,8,,,0,30,,71226,8,,,0,70,,71238,8,,,0,30,,74327,8,,,0,70,,74328,8,,,0,30,,71241,8,,,0,70,,71242,8,,,0,29,,71243,8,,,0,70,,74329,8,,,0,30,,74330,8,,,0,70,,60608,8,,,0,30,,71245,8,,,0,70,,60610,8,,,0,28,,74331,8,0,13 35,0,70,,71246,8,,,0,30,,71247,8,0,13 35,0,70,,60612,8,,,0,30,,71249,8,0,13 35,0,70,,71250,8,,,0,29,,71248,8,0,13 35,0
7029,'1977',509,,75408,8,,,0,35,,75407,8,0,13 35,0,65,,75378,8,,,0,31,,75379,8,,,0,71,,75380,8,,,0,30,,75381,8,,,0,70,,75382,8,,,0,30,,75383,8,,,0,71,,75384,8,,,0,30,,75385,8,,,0,70,,75386,8,,,0,30,,75387,8,,,0,70,,75388,8,,,0,30,,75389,8,,,0,70,,75374,8,,,0,30,,75375,8,,,0,70,,75376,8,,,0,30,,75373,8,,,0,70,,75372,8,,,0,30,,75377,8,,,0,70,,75390,8,,,0,30,,75391,8,,,0,70,,75392,8,,,0,30,,75393,8,,,0,70,,75394,8,,,0,29,,75395,8,,,0,70,,75396,8,,,0,30,,75397,8,,,0,70,,75398,8,,,0,30,,75399,8,,,0,70,,75400,8,,,0,28,,75406,8,0,13 35,0,70,,75401,8,,,0,30,,75403,8,0,13 35,0,70,,75402,8,,,0,30,,75405,8,0,13 35,0,70,,75409,8,,,0,29,,75404,8,0,13 35,0
11019,'1912',848,,66957,2,,,0,100,,66958,2,,,0,102,,66959,2,,,0,100,,66960,2,,,0,100,,66961,2,,,0,100,,66962,2,,,0,100,,66963,2,,,0,100,,66964,2,,,0,100,,66965,2,,,0,98,,66966,2,,,0,100,,66967,2,,,0,100,,66968,2,,,0,100,,61127,2,0,5 2 8 7,0
11019,'1959',848,,66969,2,,,0,100,,66970,2,,,0,102,,66971,2,,,0,100,,66972,2,,,0,100,,66973,2,,,0,100,,66974,2,,,0,100,,66975,2,,,0,100,,66976,2,,,0,100,,66977,2,,,0,98,,66978,2,,,0,100,,66979,2,,,0,100,,66980,2,,,0,100,,61140,2,0,5 2 8 7,0
11019,'1967',648,,71500,2,,,0,100,,66945,2,,,0,100,,74382,2,,,0,100,,71502,2,,,0,102,,71503,2,,,0,100,,71504,2,,,0,100,,71505,2,,,0,100,,71506,2,,,0,100,,71507,2,,,0,100,,71508,2,,,0,100,,71509,2,,,0,98,,66955,2,,,0,100,,66942,2,,,0,100,,66943,2,,,0,100,,71510,2,0,5 2 8 7,0
11019,'1969',848,,66981,2,,,0,100,,66982,2,,,0,102,,66983,2,,,0,100,,66984,2,,,0,100,,66985,2,,,0,100,,66986,2,,,0,100,,66987,2,,,0,100,,66988,2,,,0,100,,66989,2,,,0,98,,66990,2,,,0,100,,66991,2,,,0,100,,66992,2,,,0,100,,61153,2,0,5 2 8 7,0
11019,'1976',648,,67009,2,,,0,100,,74374,2,,,0,102,,74375,2,,,0,100,,71488,2,,,0,100,,74376,2,,,0,100,,71490,2,,,0,100,,74377,2,,,0,100,,71492,2,,,0,100,,74378,2,,,0,100,,71494,2,,,0,100,,74379,2,,,0,100,,74380,2,,,0,98,,71496,2,,,0,100,,74381,2,,,0,100,,71498,2,,,0,95,,71499,2,0,5 2 8 7,0
11019,'1977',648,,75476,2,,,0,100,,75477,2,,,0,102,,75478,2,,,0,100,,75479,2,,,0,100,,75480,2,,,0,100,,75481,2,,,0,100,,75482,2,,,0,100,,75483,2,,,0,100,,75484,2,,,0,100,,75485,2,,,0,100,,75486,2,,,0,100,,75487,2,,,0,98,,75488,2,,,0,100,,75489,2,,,0,100,,75490,2,,,0,95,,75491,2,0,5 2 8 7,0
