7019,'1909',546,,60398,22,,,0,73,,60370,3,,,0,30,,60397,22,,,0,1299,,60375,22,,,0,100,,60374,22,,,0,198,,60373,22,,,0
7019,'1910',618,,66558,3,,,0,230,,60423,22,,,0,271,,66542,22,,,0,30,,60426,22,,,0,200,,60428,22,,,0,70,,66551,22,,,0,30,,60429,22,,,0,100,,60430,22,,,0,100,,66550,22,,,0,100,,60432,22,,,0,267,,66556,22,,,0,30,,60411,22,,,0,70,,66559,3,,,0,30,,60412,22,,,0,70,,60442,7,,,0
7019,'1912',548,,71129,3,,,0,70,,60458,3,,,0,30,,60459,3,,,0,68,,66560,3,,,0,30,,60448,22,,,0,71,,66571,7,,,0,30,,60449,22,,,0,73,,71124,7,,,0,27,,60457,22,,,0,73,,71128,7,,,0,28,,60450,22,,,0,72,,71123,7,,,0,28,,60451,22,,,0,72,,71127,7,,,0,28,,60452,22,,,0,73,,71122,7,,,0,27,,60453,22,,,0,73,,71126,7,,,0,28,,60454,22,,,0,73,,71121,7,,,0,27,,60455,22,,,0,73,,71125,7,,,0,26,,60456,22,,,0,73,,71120,7,,,0,27,,60444,22,,,0,72,,66566,7,,,0,27,,60445,22,,,0,72,,60466,7,,,0,27,,60443,22,,,0,72,,60467,7,,,0,28,,60447,22,,,0,72,,60474,7,,,0,28,,60446,22,,,0,70,,60477,3,,,0,30,,60476,3,,,0
7019,'1924',618,,60493,3,,,0,30,,60494,3,,,0,68,,66573,3,,,0,30,,60483,22,,,0,71,,66584,7,,,0,30,,60484,22,,,0,100,,60492,22,,,0,101,,60485,22,,,0,100,,60486,22,,,0,100,,60487,22,,,0,100,,60488,22,,,0,101,,60489,22,,,0,100,,60490,22,,,0,99,,60491,22,,,0,100,,60479,22,,,0,72,,66579,7,,,0,27,,60480,22,,,0,72,,60501,7,,,0,27,,60478,22,,,0,72,,60502,7,,,0,28,,60482,22,,,0,72,,60509,7,,,0,28,,60481,22,,,0,70,,60512,3,,,0,30,,60511,3,,,0
7019,'1925',548,,71139,3,,,0,70,,60528,3,,,0,30,,60529,3,,,0,68,,66586,3,,,0,30,,60518,22,,,0,71,,66597,7,,,0,30,,60519,22,,,0,73,,71134,7,,,0,27,,60527,22,,,0,73,,71138,7,,,0,28,,60520,22,,,0,72,,71133,7,,,0,28,,60521,22,,,0,72,,71137,7,,,0,28,,60522,22,,,0,73,,71132,7,,,0,27,,60523,22,,,0,73,,71136,7,,,0,28,,60524,22,,,0,73,,71131,7,,,0,27,,60525,22,,,0,73,,71135,7,,,0,26,,60526,22,,,0,73,,71130,7,,,0,27,,60514,22,,,0,72,,66592,7,,,0,27,,60515,22,,,0,72,,60536,7,,,0,27,,60513,22,,,0,72,,60537,7,,,0,28,,60517,22,,,0,72,,60544,7,,,0,28,,60516,22,,,0,70,,60547,3,,,0,30,,60546,3,,,0
7019,'1949',1920,,66622,22,,,0
7019,'1955',646,,66545,22,,,0,70,,66538,22,,,0,30,,66546,22,,,0,70,,66539,22,,,0,102,,66540,22,,,0,30,,66547,22,,,0,71,,66541,22,,,0,30,,66548,22,,,0,170,,66543,22,,,0,30,,66549,22,,,0,70,,66544,22,,,0,200,,66553,22,,,0,100,,66552,22,,,0,100,,66554,22,,,0,100,,66557,22,,,0,29,,66535,22,,,0,69,,66555,22,,,0,30,,66536,22,,,0,299,,66537,22,,,0
7019,'1956',548,,66585,3,,,0,372,,66578,7,,,0,100,,66583,7,,,0,100,,66577,7,,,0,100,,66582,7,,,0,101,,66576,7,,,0,100,,66581,7,,,0,101,,66575,7,,,0,100,,66580,7,,,0,99,,66574,7,,,0
7019,'1957',510,,71167,3,,,0,210,,71162,22,,,0,32,,71161,22,,,0,72,,71160,22,,,0,27,,71159,22,,,0,70,,71155,22,,,0,30,,71157,22,,,0,70,,71158,22,,,0,30,,71156,22,,,0,70,,71154,22,,,0,30,,71166,22,,,0,70,,71165,22,,,0,30,,71164,22,,,0,70,,71163,22,,,0,30,,71147,22,,,0,71,,71153,22,,,0,34,,71146,22,,,0,51,,71169,7,,,0,22,,71145,22,,,0,13,,71168,3,,,0,13,,71152,22,,,0,70,,71151,22,,,0,30,,71150,22,,,0,68,,71144,22,,,0,28,,71143,22,,,0,70,,71142,22,,,0,30,,71149,22,,,0,167,,71148,22,,,0,99,,71140,3,,,0,30,,71141,22,,,0,70,,71170,7,,,0,129,,71171,22,,,0
7019,'1958',646,,71181,22,,,0,70,,71175,22,,,0,30,,71182,22,,,0,70,,71176,22,,,0,102,,71177,22,,,0,30,,71183,22,,,0,71,,71178,22,,,0,30,,71184,22,,,0,170,,71179,22,,,0,30,,71185,22,,,0,70,,71180,22,,,0,200,,71187,22,,,0,100,,71186,22,,,0,100,,71188,22,,,0,100,,71190,22,,,0,29,,71172,22,,,0,69,,71189,22,,,0,30,,71173,22,,,0,299,,71174,22,,,0
7019,'1959',548,,71200,3,,,0,372,,71195,7,,,0,100,,71199,7,,,0,100,,71194,7,,,0,100,,71198,7,,,0,101,,71193,7,,,0,100,,71197,7,,,0,101,,71192,7,,,0,100,,71196,7,,,0,99,,71191,7,,,0
