702029,'1909',806,,65124,14,0,9 10,0
702029,'1910',636,,69527,14,0,9 10,0,23,,69513,14,0,9 10,0,70,,69517,14,0,9 10,0,30,,69521,14,0,9 10,0,72,,69524,14,0,9 10,0,70,,69514,14,0,9 10,0,15,,69530,14,0,5 2 11 2 12,0,15,,69518,14,0,9 10,0,71,,69559,14,0,9 10,0,34,,69552,14,0,9 10,0,70,,69540,14,0,9 10,0,15,,69549,14,0,5 2 11 2 12,0,15,,69555,14,0,9 10,0,70,,69550,14,0,9 10,0,15,,69572,14,0,5 2 11 2 12,0,15,,69547,14,0,9 10,0,70,,69544,14,0,9 10,0,30,,69571,14,0,9 10,0,70,,69558,14,0,9 10,0,15,,69543,14,0,5 2 11 2 12,0,15,,69546,14,0,9 10,0,70,,69553,14,0,9 10,0,15,,69537,14,0,5 2 11 2 12,0,85,,69541,14,0,9 10,0,15,,69539,14,0,5 2 11 2 12,0,15,,69573,14,0,9 10,0,70,,69551,14,0,9 10,0,15,,69561,14,0,5 2 11 2 12,0,85,,69545,14,0,9 10,0,15,,69567,14,0,5 2 11 2 12,0,15,,69574,14,0,9 10,0,15,,69538,14,0,5 2 11 2 12,0,55,,69557,14,0,9 10,0,27,,69519,14,0,9 10,0,70,,69522,14,0,9 10,0,15,,65204,14,0,5 2 11 2 12,0,15,,69525,14,0,9 10,0,70,,69515,14,0,9 10,0,28,,69520,14,0,9 10,0,70,,69523,14,0,9 10,0,30,,69526,14,0,9 10,0,69,,69516,14,0,9 10,0,25,,69536,14,0,9 10,0,30,,69535,14,0,5 2 11 2 12,0
702029,'1912',638,,73341,14,0,9 10,0,63,,73330,14,0,9 10,0,30,,73343,14,0,9 10,0,70,,73339,14,0,9 10,0,15,,69616,14,0,5 2 11 2 12,0,16,,73329,14,0,9 10,0,15,,69628,14,0,5 2 11 2 12,0,55,,73342,14,0,9 10,0,15,,73350,14,0,5 2 11 2 12,0,15,,73331,14,0,9 10,0,15,,69614,14,0,5 2 11 2 12,0,55,,73328,14,0,9 10,0,15,,69623,14,0,5 2 11 2 12,0,16,,69604,14,0,9 10,0,15,,69624,14,0,5 2 11 2 12,0,55,,73334,14,0,9 10,0,15,,69615,14,0,5 2 11 2 12,0,15,,69582,14,0,9 10,0,15,,69634,14,0,5 2 11 2 12,0,56,,73348,14,0,9 10,0,16,,69612,14,0,5 2 11 2 12,0,15,,69593,14,0,9 10,0,15,,69626,14,0,5 2 11 2 12,0,55,,73327,14,0,9 10,0,15,,69635,14,0,5 2 11 2 12,0,15,,73344,14,0,9 10,0,15,,69618,14,0,5 2 11 2 12,0,55,,73337,14,0,9 10,0,15,,69621,14,0,5 2 11 2 12,0,15,,73326,14,0,9 10,0,15,,69633,14,0,5 2 11 2 12,0,55,,73345,14,0,9 10,0,15,,69613,14,0,5 2 11 2 12,0,15,,73333,14,0,9 10,0,15,,69622,14,0,5 2 11 2 12,0,55,,73325,14,0,9 10,0,15,,69631,14,0,5 2 11 2 12,0,15,,73349,14,0,9 10,0,15,,69611,14,0,5 2 11 2 12,0,55,,73332,14,0,9 10,0,15,,69627,14,0,5 2 11 2 12,0,15,,73324,14,0,9 10,0,15,,69629,14,0,5 2 11 2 12,0,55,,73346,14,0,9 10,0,14,,69619,14,0,5 2 11 2 12,0,13,,73340,14,0,9 10,0,15,,69625,14,0,5 2 11 2 12,0,55,,73323,14,0,9 10,0,15,,69630,14,0,5 2 11 2 12,0,15,,73347,14,0,9 10,0,15,,69617,14,0,5 2 11 2 12,0,55,,73336,14,0,9 10,0,15,,69620,14,0,5 2 11 2 12,0,15,,73322,14,0,9 10,0,15,,69632,14,0,5 2 11 2 12,0,55,,69602,14,0,9 10,0,14,,69610,14,0,5 2 11 2 12,0,15,,73338,14,0,9 10,0,70,,73321,14,0,9 10,0,30,,69606,14,0,9 10,0,70,,73335,14,0,9 10,0,25,,73351,14,0,9 10,0,30,,69637,14,0,5 2 11 2 12,0
702029,'1924',816,,69679,14,0,5 2 11 2 12,0,31,,69691,14,0,5 2 11 2 12,0,100,,69677,14,0,5 2 11 2 12,0,70,,69686,14,0,5 2 11 2 12,0,16,,69667,14,0,9 10,0,15,,69687,14,0,5 2 11 2 12,0,70,,69678,14,0,5 2 11 2 12,0,15,,69645,14,0,9 10,0,15,,69697,14,0,5 2 11 2 12,0,72,,69675,14,0,5 2 11 2 12,0,15,,69656,14,0,9 10,0,15,,69689,14,0,5 2 11 2 12,0,70,,69698,14,0,5 2 11 2 12,0,30,,69681,14,0,5 2 11 2 12,0,70,,69684,14,0,5 2 11 2 12,0,30,,69696,14,0,5 2 11 2 12,0,70,,69676,14,0,5 2 11 2 12,0,30,,69685,14,0,5 2 11 2 12,0,70,,69694,14,0,5 2 11 2 12,0,30,,69674,14,0,5 2 11 2 12,0,70,,69690,14,0,5 2 11 2 12,0,30,,69692,14,0,5 2 11 2 12,0,69,,69682,14,0,5 2 11 2 12,0,28,,69688,14,0,5 2 11 2 12,0,70,,69693,14,0,5 2 11 2 12,0,30,,69680,14,0,5 2 11 2 12,0,70,,69683,14,0,5 2 11 2 12,0,30,,69695,14,0,5 2 11 2 12,0,55,,69665,14,0,9 10,0,14,,69673,14,0,5 2 11 2 12,0,115,,69669,14,0,9 10,0,125,,69700,14,0,5 2 11 2 12,0
702029,'1925',638,,73372,14,0,9 10,0,63,,73361,14,0,9 10,0,30,,73374,14,0,9 10,0,70,,73370,14,0,9 10,0,15,,69742,14,0,5 2 11 2 12,0,16,,73360,14,0,9 10,0,15,,69754,14,0,5 2 11 2 12,0,55,,73373,14,0,9 10,0,15,,73381,14,0,5 2 11 2 12,0,15,,73362,14,0,9 10,0,15,,69740,14,0,5 2 11 2 12,0,55,,73359,14,0,9 10,0,15,,69749,14,0,5 2 11 2 12,0,16,,69730,14,0,9 10,0,15,,69750,14,0,5 2 11 2 12,0,55,,73365,14,0,9 10,0,15,,69741,14,0,5 2 11 2 12,0,15,,69708,14,0,9 10,0,15,,69760,14,0,5 2 11 2 12,0,56,,73379,14,0,9 10,0,16,,69738,14,0,5 2 11 2 12,0,15,,69719,14,0,9 10,0,15,,69752,14,0,5 2 11 2 12,0,55,,73358,14,0,9 10,0,15,,69761,14,0,5 2 11 2 12,0,15,,73375,14,0,9 10,0,15,,69744,14,0,5 2 11 2 12,0,55,,73368,14,0,9 10,0,15,,69747,14,0,5 2 11 2 12,0,15,,73357,14,0,9 10,0,15,,69759,14,0,5 2 11 2 12,0,55,,73376,14,0,9 10,0,15,,69739,14,0,5 2 11 2 12,0,15,,73364,14,0,9 10,0,15,,69748,14,0,5 2 11 2 12,0,55,,73356,14,0,9 10,0,15,,69757,14,0,5 2 11 2 12,0,15,,73380,14,0,9 10,0,15,,69737,14,0,5 2 11 2 12,0,55,,73363,14,0,9 10,0,15,,69753,14,0,5 2 11 2 12,0,15,,73355,14,0,9 10,0,15,,69755,14,0,5 2 11 2 12,0,55,,73377,14,0,9 10,0,14,,69745,14,0,5 2 11 2 12,0,13,,73371,14,0,9 10,0,15,,69751,14,0,5 2 11 2 12,0,55,,73354,14,0,9 10,0,15,,69756,14,0,5 2 11 2 12,0,15,,73378,14,0,9 10,0,15,,69743,14,0,5 2 11 2 12,0,55,,73367,14,0,9 10,0,15,,69746,14,0,5 2 11 2 12,0,15,,73353,14,0,9 10,0,15,,69758,14,0,5 2 11 2 12,0,55,,69728,14,0,9 10,0,14,,69736,14,0,5 2 11 2 12,0,15,,73369,14,0,9 10,0,70,,73352,14,0,9 10,0,30,,69732,14,0,9 10,0,70,,73366,14,0,9 10,0,25,,73382,14,0,9 10,0,30,,69763,14,0,5 2 11 2 12,0
702029,'1949',712,,69850,14,0,9 10,0,17,,69798,14,0,9 10,0,107,,69848,14,0,9 10,0,71,,69849,14,0,9 10,0,35,,69828,14,0,5 2 11 2 12,0,100,,69830,14,0,5 2 11 2 12,0,85,,69804,14,0,9 10,0,100,,69806,14,0,9 10,0,85,,69835,14,0,5 2 11 2 12,0,100,,69837,14,0,5 2 11 2 12,0,95,,69838,14,0,5 2 11 2 12,0,100,,69839,14,0,5 2 11 2 12,0,196,,69815,14,0,9 10,0,30,,69856,14,0,9 10,0,15,,69842,14,0,5 2 11 2 12,0,85,,69817,14,0,9 10,0,15,,69844,14,0,5 2 11 2 12,0,68,,69845,14,0,5 2 11 2 12,0,85,,69820,14,0,9 10,0,100,,69822,14,0,9 10,0,30,,69823,14,0,9 10,0,95,,69851,14,0,9 10,0,30,,69825,14,0,5 2 11 2 12,0
702029,'1955',816,,69534,14,0,5 2 11 2 12,0,30,,69529,14,0,5 2 11 2 12,0,100,,69531,14,0,5 2 11 2 12,0,75,,69566,14,0,5 2 11 2 12,0,30,,69562,14,0,5 2 11 2 12,0,100,,69542,14,0,5 2 11 2 12,0,100,,69568,14,0,5 2 11 2 12,0,70,,69554,14,0,5 2 11 2 12,0,30,,69565,14,0,5 2 11 2 12,0,100,,69570,14,0,5 2 11 2 12,0,85,,69556,14,0,9 10,0,15,,69560,14,0,5 2 11 2 12,0,100,,69564,14,0,5 2 11 2 12,0,85,,69548,14,0,9 10,0,15,,69563,14,0,5 2 11 2 12,0,169,,69569,14,0,5 2 11 2 12,0,28,,69528,14,0,5 2 11 2 12,0,100,,69532,14,0,5 2 11 2 12,0,70,,69533,14,0,5 2 11 2 12,0
702029,'1956',638,,69660,14,0,9 10,0,63,,69648,14,0,9 10,0,30,,69662,14,0,9 10,0,70,,69658,14,0,9 10,0,31,,69647,14,0,9 10,0,70,,69661,14,0,9 10,0,15,,69672,14,0,5 2 11 2 12,0,15,,69649,14,0,9 10,0,70,,69646,14,0,9 10,0,101,,69652,14,0,9 10,0,101,,69670,14,0,9 10,0,101,,69644,14,0,9 10,0,30,,69663,14,0,9 10,0,70,,69655,14,0,9 10,0,30,,69643,14,0,9 10,0,70,,69664,14,0,9 10,0,30,,69651,14,0,9 10,0,70,,69642,14,0,9 10,0,30,,69671,14,0,9 10,0,70,,69650,14,0,9 10,0,30,,69641,14,0,9 10,0,70,,69666,14,0,9 10,0,27,,69659,14,0,9 10,0,70,,69640,14,0,9 10,0,30,,69668,14,0,9 10,0,70,,69654,14,0,9 10,0,30,,69639,14,0,9 10,0,99,,69657,14,0,9 10,0,70,,69638,14,0,9 10,0,100,,69653,14,0,9 10,0,25,,69699,14,0,9 10,0
702029,'1957',621,,73383,14,0,9 10,0,20,,73384,14,0,9 10,0,103,,73385,14,0,9 10,0,77,,73386,14,0,9 10,0,30,,73406,14,0,5 2 11 2 12,0,76,,73387,14,0,9 10,0,30,,73388,14,0,9 10,0,55,,73408,14,0,5 2 11 2 12,0,15,,73423,14,0,9 10,0,30,,73389,14,0,9 10,0,55,,73409,14,0,5 2 11 2 12,0,30,,73410,14,0,5 2 11 2 12,0,15,,73390,14,0,9 10,0,55,,73411,14,0,5 2 11 2 12,0,30,,73412,14,0,5 2 11 2 12,0,15,,73391,14,0,9 10,0,70,,73392,14,0,9 10,0,15,,73413,14,0,5 2 11 2 12,0,15,,73393,14,0,9 10,0,70,,73394,14,0,9 10,0,15,,73407,14,0,5 2 11 2 12,0,10,,73419,14,0,9 10,0,70,,73395,14,0,9 10,0,15,,73420,14,0,9 10,0,15,,73396,14,0,9 10,0,70,,73398,14,0,9 10,0,15,,73397,14,0,9 10,0,15,,73421,14,0,9 10,0,55,,73422,14,0,5 2 11 2 12,0,15,,73399,14,0,9 10,0,14,,73400,14,0,9 10,0,12,,73414,14,0,5 2 11 2 12,0,70,,73415,14,0,5 2 11 2 12,0,85,,73401,14,0,9 10,0,15,,73416,14,0,5 2 11 2 12,0,85,,73402,14,0,9 10,0,28,,73403,14,0,9 10,0,15,,73417,14,0,5 2 11 2 12,0,70,,73418,14,0,5 2 11 2 12,0,15,,73404,14,0,9 10,0,170,,73405,14,0,9 10,0
702029,'1958',816,,73429,14,0,5 2 11 2 12,0,30,,73425,14,0,5 2 11 2 12,0,100,,73426,14,0,5 2 11 2 12,0,75,,73439,14,0,5 2 11 2 12,0,30,,73435,14,0,5 2 11 2 12,0,100,,73430,14,0,5 2 11 2 12,0,100,,73440,14,0,5 2 11 2 12,0,70,,73432,14,0,5 2 11 2 12,0,30,,73438,14,0,5 2 11 2 12,0,100,,73442,14,0,5 2 11 2 12,0,85,,73433,14,0,9 10,0,15,,73434,14,0,5 2 11 2 12,0,100,,73437,14,0,5 2 11 2 12,0,85,,73431,14,0,9 10,0,15,,73436,14,0,5 2 11 2 12,0,169,,73441,14,0,5 2 11 2 12,0,28,,73424,14,0,5 2 11 2 12,0,100,,73427,14,0,5 2 11 2 12,0,70,,73428,14,0,5 2 11 2 12,0
702029,'1959',638,,73463,14,0,9 10,0,63,,73452,14,0,9 10,0,30,,73465,14,0,9 10,0,70,,73461,14,0,9 10,0,31,,73451,14,0,9 10,0,70,,73464,14,0,9 10,0,15,,73472,14,0,5 2 11 2 12,0,15,,73453,14,0,9 10,0,70,,73450,14,0,9 10,0,101,,73456,14,0,9 10,0,101,,73470,14,0,9 10,0,101,,73449,14,0,9 10,0,30,,73466,14,0,9 10,0,70,,73459,14,0,9 10,0,30,,73448,14,0,9 10,0,70,,73467,14,0,9 10,0,30,,73455,14,0,9 10,0,70,,73447,14,0,9 10,0,30,,73471,14,0,9 10,0,70,,73454,14,0,9 10,0,30,,73446,14,0,9 10,0,70,,73468,14,0,9 10,0,27,,73462,14,0,9 10,0,70,,73445,14,0,9 10,0,30,,73469,14,0,9 10,0,70,,73458,14,0,9 10,0,30,,73444,14,0,9 10,0,99,,73460,14,0,9 10,0,70,,73443,14,0,9 10,0,100,,73457,14,0,9 10,0,25,,73473,14,0,9 10,0
