10019,'1909',928,,60946,33,,,0,999,,60966,33,,,0,98,,60968,33,,,0,100,,60970,33,,,0,100,,60971,33,,,0
10019,'1910',1857,,66746,33,,,0,68,,60997,33,,,0,100,,66747,33,,,0,100,,60999,33,,,0
10019,'1912',755,,61000,33,,,0,70,,66748,33,,,0,30,,61002,33,,,0,70,,66749,33,,,0,30,,61004,33,,,0,70,,71282,33,,,0,30,,71283,33,,,0,70,,71284,33,,,0,30,,71285,33,,,0,72,,71286,33,,,0,30,,71287,33,,,0,70,,71288,33,,,0,30,,71289,33,,,0,70,,71290,33,,,0,30,,71291,33,,,0,70,,71292,33,,,0,30,,71293,33,,,0,70,,71294,33,,,0,30,,66763,33,,,0,70,,71295,33,,,0,30,,71296,33,,,0,68,,71297,33,,,0,30,,66767,33,,,0,70,,71298,33,,,0
10019,'1924',755,,61024,33,,,0,70,,66769,33,,,0,30,,61026,33,,,0,70,,66770,33,,,0,30,,61028,33,,,0,702,,66784,33,,,0,198,,66788,33,,,0
10019,'1925',755,,61048,33,,,0,70,,66790,33,,,0,30,,61050,33,,,0,70,,66791,33,,,0,30,,61052,33,,,0,70,,71299,33,,,0,30,,71300,33,,,0,70,,71301,33,,,0,30,,71302,33,,,0,72,,71303,33,,,0,30,,71304,33,,,0,70,,71305,33,,,0,30,,71306,33,,,0,70,,71307,33,,,0,30,,71308,33,,,0,70,,71309,33,,,0,30,,71310,33,,,0,70,,71311,33,,,0,30,,66805,33,,,0,70,,71312,33,,,0,30,,71313,33,,,0,68,,71314,33,,,0,30,,66809,33,,,0,70,,71315,33,,,0
10019,'1949',1358,,66831,33,,,0
10019,'1955',655,,60972,33,,,0,70,,66724,33,,,0,30,,66725,33,,,0,70,,66726,33,,,0,30,,60976,33,,,0,70,,66727,33,,,0,30,,66728,33,,,0,72,,66729,33,,,0,30,,66730,33,,,0,70,,66731,33,,,0,30,,66732,33,,,0,70,,66733,33,,,0,30,,66734,33,,,0,70,,66735,33,,,0,30,,66736,33,,,0,70,,66737,33,,,0,30,,66738,33,,,0,70,,66739,33,,,0,30,,66740,33,,,0,70,,66741,33,,,0,30,,66742,33,,,0,70,,66743,33,,,0,30,,66744,33,,,0,70,,66745,33,,,0
10019,'1956',1025,,66771,33,,,0,30,,66772,33,,,0,70,,66773,33,,,0,30,,66774,33,,,0,72,,66775,33,,,0,30,,66776,33,,,0,70,,66777,33,,,0,30,,66778,33,,,0,70,,66779,33,,,0,30,,66780,33,,,0,70,,66781,33,,,0,30,,66782,33,,,0,70,,66783,33,,,0,100,,66785,33,,,0,30,,66786,33,,,0,68,,66787,33,,,0,100,,66789,33,,,0
10019,'1957',556,,71316,33,,,0,70,,71317,33,,,0,30,,71318,33,,,0,71,,71319,33,,,0,30,,71320,33,,,0,70,,71321,33,,,0,30,,71322,33,,,0,101,,71323,33,,,0,70,,71324,33,,,0,30,,71325,33,,,0,70,,71326,33,,,0,30,,71327,33,,,0,70,,71328,33,,,0,30,,71329,33,,,0,70,,71330,33,,,0,100,,71331,33,,,0,75,,71332,33,,,0,30,,71333,33,,,0,70,,71334,33,,,0,30,,71335,33,,,0,70,,71336,33,,,0,29,,71337,33,,,0,25,,71338,33,,,0,70,,71339,33,,,0,30,,71340,33,,,0,100,,71341,33,,,0,98,,71342,33,,,0
10019,'1958',655,,71343,33,,,0,70,,71344,33,,,0,30,,71345,33,,,0,70,,71346,33,,,0,30,,71347,33,,,0,70,,71348,33,,,0,30,,71349,33,,,0,72,,71350,33,,,0,30,,71351,33,,,0,70,,71352,33,,,0,30,,71353,33,,,0,70,,71354,33,,,0,30,,71355,33,,,0,70,,71356,33,,,0,30,,71357,33,,,0,70,,71358,33,,,0,30,,71359,33,,,0,70,,71360,33,,,0,30,,71361,33,,,0,70,,71362,33,,,0,30,,71363,33,,,0,70,,71364,33,,,0,30,,71365,33,,,0,70,,71366,33,,,0
10019,'1959',1025,,71367,33,,,0,30,,71368,33,,,0,70,,71369,33,,,0,30,,71370,33,,,0,72,,71371,33,,,0,30,,71372,33,,,0,70,,71373,33,,,0,30,,71374,33,,,0,70,,71375,33,,,0,30,,71376,33,,,0,70,,71377,33,,,0,30,,71378,33,,,0,70,,71379,33,,,0,100,,71380,33,,,0,30,,71381,33,,,0,68,,71382,33,,,0,100,,71383,33,,,0
20090029,'1908',633,,65819,5,,,0,100,,65820,5,,,0,100,,65821,5,,,0,100,,65822,5,,,0,500,,65823,5,,,0,100,,65824,5,,,0,100,,65825,5,,,0,100,,65826,5,,,0
