4029,'1909',857,,59926,11,,,0,872,2,59943,11,,,0,76,3,59944,11,,,0
4029,'1910',632,2,59977,11,,,0
4029,'1912',730,2,70787,11,,,0,70,42,60008,11,,,0,30,2,70786,11,,,0,70,42,70788,11,,,0,30,,60005,11,,,0,70,41,70779,11,,,0,29,,70782,11,,,0,30,,70767,11,,,0,70,,70772,11,,,0,30,,70775,11,,,0,69,,70778,11,,,0,30,,70780,11,,,0,70,,70768,11,,,0,30,,70771,11,,,0,70,,70774,11,,,0,30,,70777,11,,,0,70,,70781,11,,,0,30,,70769,11,,,0,70,,70770,11,,,0,30,,70773,11,,,0,70,,70776,11,,,0,30,,66240,11,,,0,70,,70791,11,,,0,72,41,70792,11,,,0,30,,70790,11,,,0,70,41,70785,11,,,0,30,,70789,11,,,0,70,41,70783,11,,,0,100,41,70784,11,,,0
4029,'1924',800,42,60037,11,,,0,130,,60034,11,,,0,828,,66267,11,,,0
4029,'1925',730,2,70813,11,,,0,70,42,60066,11,,,0,30,2,70812,11,,,0,70,42,70814,11,,,0,30,,60063,11,,,0,70,41,70805,11,,,0,29,,70808,11,,,0,30,,70793,11,,,0,70,,70798,11,,,0,30,,70801,11,,,0,69,,70804,11,,,0,30,,70806,11,,,0,70,,70794,11,,,0,30,,70797,11,,,0,70,,70800,11,,,0,30,,70803,11,,,0,70,,70807,11,,,0,30,,70795,11,,,0,70,,70796,11,,,0,30,,70799,11,,,0,70,,70802,11,,,0,30,,66294,11,,,0,70,,70817,11,,,0,72,41,70818,11,,,0,30,,70816,11,,,0,70,41,70811,11,,,0,30,,70815,11,,,0,70,41,70809,11,,,0,100,41,70810,11,,,0
4029,'1949',1058,2,66313,11,,,0,271,2,66314,11,,,0,276,2,66317,11,,,0,24,2,66318,11,,,0,501,2,66322,11,,,0
4029,'1955',700,42,66208,11,,,0,30,2,66209,11,,,0,70,42,66210,11,,,0,30,2,66211,11,,,0,70,42,66212,11,,,0,30,2,66213,11,,,0,70,42,66201,11,,,0,29,2,66195,11,,,0,30,2,66188,11,,,0,70,2,66199,11,,,0,30,2,66205,11,,,0,70,2,66200,11,,,0,30,2,66187,11,,,0,70,2,66192,11,,,0,30,2,66203,11,,,0,70,2,66186,11,,,0,30,2,66202,11,,,0,70,2,66197,11,,,0,30,2,66189,11,,,0,70,2,66184,11,,,0,30,2,66204,11,,,0,70,2,66207,11,,,0,30,2,66198,11,,,0,70,2,66193,11,,,0,30,2,66214,11,,,0,71,2,66190,11,,,0,70,42,66185,11,,,0,30,,66191,11,,,0,70,41,66196,11,,,0,30,,66206,11,,,0,70,41,66194,11,,,0
4029,'1956',730,2,66262,11,,,0,100,2,66261,11,,,0,70,42,66263,11,,,0,100,41,66254,11,,,0,29,,66257,11,,,0,30,,66242,11,,,0,70,,66247,11,,,0,30,,66250,11,,,0,69,,66253,11,,,0,30,,66255,11,,,0,70,,66243,11,,,0,30,,66246,11,,,0,70,,66249,11,,,0,30,,66252,11,,,0,70,,66256,11,,,0,30,,66244,11,,,0,70,,66245,11,,,0,30,,66248,11,,,0,70,,66251,11,,,0,100,,66266,11,,,0,72,41,66268,11,,,0,30,,66265,11,,,0,70,41,66260,11,,,0,30,,66264,11,,,0,70,41,66258,11,,,0,100,41,66259,11,,,0
4029,'1957',630,2,70819,11,,,0,70,42,70820,11,,,0,32,,70821,11,,,0,25,,70822,11,,,0,76,,70823,11,,,0,95,,70824,11,,,0,30,2,70825,11,,,0,70,2,70826,11,,,0,100,2,70827,11,,,0,31,2,70828,11,,,0,70,2,70829,11,,,0,30,2,70830,11,,,0,100,2,70831,11,,,0,70,2,70832,11,,,0,75,2,70833,11,,,0,25,2,70834,11,,,0,176,2,70835,11,,,0,127,3,70836,11,,,0,69,43,70837,11,,,0,29,2,70838,11,,,0,71,43,70839,11,,,0,29,2,70840,11,,,0,70,42,70841,11,,,0,100,42,70842,11,,,0
4029,'1958',700,42,70867,11,,,0,30,2,70868,11,,,0,70,42,70869,11,,,0,30,2,70870,11,,,0,70,42,70871,11,,,0,30,2,70872,11,,,0,70,42,70860,11,,,0,29,2,70854,11,,,0,30,2,70847,11,,,0,70,2,70858,11,,,0,30,2,70864,11,,,0,70,2,70859,11,,,0,30,2,70846,11,,,0,70,2,70851,11,,,0,30,2,70862,11,,,0,70,2,70845,11,,,0,30,2,70861,11,,,0,70,2,70856,11,,,0,30,2,70848,11,,,0,70,2,70843,11,,,0,30,2,70863,11,,,0,70,2,70866,11,,,0,30,2,70857,11,,,0,70,2,70852,11,,,0,30,2,70873,11,,,0,71,2,70849,11,,,0,70,42,70844,11,,,0,30,,70850,11,,,0,70,41,70855,11,,,0,30,,70865,11,,,0,70,41,70853,11,,,0
4029,'1959',730,2,70894,11,,,0,100,2,70893,11,,,0,70,42,70895,11,,,0,100,41,70886,11,,,0,29,,70889,11,,,0,30,,70874,11,,,0,70,,70879,11,,,0,30,,70882,11,,,0,69,,70885,11,,,0,30,,70887,11,,,0,70,,70875,11,,,0,30,,70878,11,,,0,70,,70881,11,,,0,30,,70884,11,,,0,70,,70888,11,,,0,30,,70876,11,,,0,70,,70877,11,,,0,30,,70880,11,,,0,70,,70883,11,,,0,100,,70898,11,,,0,72,41,70899,11,,,0,30,,70897,11,,,0,70,41,70892,11,,,0,30,,70896,11,,,0,70,41,70890,11,,,0,100,41,70891,11,,,0
