1029,'1912',612,,73732,30,,,0,98,,73733,30,,,0,100,,73734,30,,,0,101,,73735,30,,,0,101,,73736,30,,,0,100,,73737,30,,,0,100,,73738,30,,,0,100,,73739,30,,,0,100,,73740,30,,,0,100,,73741,30,,,0,99,,73742,30,,,0,100,,73743,30,,,0,100,,73744,30,,,0,100,,73745,30,,,0,100,,73746,30,,,0,100,,73747,30,,,0,97,,73748,30,,,0,100,,73749,30,,,0
1029,'1959',612,,73820,30,,,0,98,,73821,30,,,0,100,,73822,30,,,0,101,,73823,30,,,0,101,,73824,30,,,0,100,,73825,30,,,0,100,,73826,30,,,0,100,,73827,30,,,0,100,,73828,30,,,0,100,,73829,30,,,0,99,,73830,30,,,0,100,,73831,30,,,0,100,,73832,30,,,0,100,,73833,30,,,0,100,,73834,30,,,0,100,,73835,30,,,0,97,,73836,30,,,0,100,,73837,30,,,0
1029,'1967',611,,73790,30,,,0,28,,73802,30,,,0,70,,73809,30,,,0,30,,73797,30,,,0,70,,73818,30,,,0,30,,73806,30,,,0,72,,73789,30,,,0,29,,73801,30,,,0,70,,73812,30,,,0,30,,73796,30,,,0,70,,73819,30,,,0,30,,73805,30,,,0,70,,73788,30,,,0,30,,73800,30,,,0,70,,73811,30,,,0,30,,73795,30,,,0,70,,73791,30,,,0,30,,73804,30,,,0,70,,73787,30,,,0,30,,73799,30,,,0,70,,73807,30,,,0,30,,73794,30,,,0,70,,73816,30,,,0,30,,73803,30,,,0,69,,73786,30,,,0,31,,73798,30,,,0,70,,73810,30,,,0,30,,73792,30,,,0,70,,73814,30,,,0,30,,73813,30,,,0,70,,73785,30,,,0,30,,73793,30,,,0,70,,73808,30,,,0,30,,73817,30,,,0,69,,73815,30,,,0
1029,'1969',612,,73838,30,,,0,98,,73839,30,,,0,100,,73840,30,,,0,101,,73841,30,,,0,101,,73842,30,,,0,100,,73843,30,,,0,100,,73844,30,,,0,100,,73845,30,,,0,100,,73846,30,,,0,100,,73847,30,,,0,99,,73848,30,,,0,100,,73849,30,,,0,100,,73850,30,,,0,100,,73851,30,,,0,100,,73852,30,,,0,100,,73853,30,,,0,97,,73854,30,,,0,100,,73855,30,,,0
1029,'1976',610,,73759,30,,,0,35,,73760,30,,,0,68,,73780,30,,,0,30,,73756,30,,,0,70,,73751,30,,,0,30,,73784,30,,,0,72,,73754,30,,,0,30,,73761,30,,,0,70,,73779,30,,,0,30,,73758,30,,,0,70,,73750,30,,,0,30,,73783,30,,,0,70,,73755,30,,,0,30,,73762,30,,,0,70,,73778,30,,,0,30,,73757,30,,,0,70,,73752,30,,,0,31,,73781,30,,,0,71,,73753,30,,,0,30,,73763,30,,,0,70,,73777,30,,,0,30,,73766,30,,,0,70,,73765,30,,,0,27,,73764,30,,,0,67,,73770,30,,,0,30,,73769,30,,,0,70,,73768,30,,,0,30,,73767,30,,,0,70,,73782,30,,,0,29,,73776,30,,,0,70,,73775,30,,,0,30,,73774,30,,,0,70,,73773,30,,,0,30,,73772,30,,,0,65,,73771,30,,,0
1029,'1977',610,,75115,30,,,0,35,,75116,30,,,0,68,,75136,30,,,0,30,,75112,30,,,0,70,,75107,30,,,0,30,,75140,30,,,0,72,,75110,30,,,0,30,,75117,30,,,0,70,,75135,30,,,0,30,,75114,30,,,0,70,,75106,30,,,0,30,,75139,30,,,0,70,,75111,30,,,0,30,,75118,30,,,0,70,,75134,30,,,0,30,,75113,30,,,0,70,,75108,30,,,0,31,,75137,30,,,0,71,,75109,30,,,0,30,,75119,30,,,0,70,,75133,30,,,0,30,,75122,30,,,0,70,,75121,30,,,0,27,,75120,30,,,0,67,,75126,30,,,0,30,,75125,30,,,0,70,,75124,30,,,0,30,,75123,30,,,0,70,,75138,30,,,0,29,,75132,30,,,0,70,,75131,30,,,0,30,,75130,30,,,0,70,,75129,30,,,0,30,,75128,30,,,0,65,,75127,30,,,0
31019,'1912',604,,74568,11,,,0,50,,74551,23,,,0,100,,74552,23,,,0,101,,74553,23,,,0,100,,74554,23,,,0,100,,74555,23,,,0,101,,74556,23,,,0,100,,74557,23,,,0,100,,74558,23,,,0,100,,74559,23,,,0,100,,74560,23,,,0,100,,74561,23,,,0,100,,74562,23,,,0,100,,74563,23,,,0,99,,74564,23,,,0,100,,74565,23,,,0,100,,74566,23,,,0,99,,74567,23,,,0
31019,'1959',604,,74649,11,,,0,50,,74632,23,,,0,100,,74633,23,,,0,101,,74634,23,,,0,100,,74635,23,,,0,100,,74636,23,,,0,101,,74637,23,,,0,100,,74638,23,,,0,100,,74639,23,,,0,100,,74640,23,,,0,100,,74641,23,,,0,100,,74642,23,,,0,100,,74643,23,,,0,100,,74644,23,,,0,99,,74645,23,,,0,100,,74646,23,,,0,100,,74647,23,,,0,99,,74648,23,,,0
31019,'1967',604,,74630,11,,,0,26,,74623,11,,,0,24,,74600,23,,,0,70,,74616,23,,,0,30,,74629,23,,,0,70,,74612,23,,,0,30,,74606,23,,,0,71,,74622,23,,,0,30,,74599,23,,,0,70,,74615,23,,,0,30,,74624,23,,,0,70,,74611,23,,,0,30,,74605,23,,,0,72,,74621,23,,,0,30,,74598,23,,,0,70,,74614,23,,,0,30,,74627,23,,,0,70,,74610,23,,,0,30,,74604,23,,,0,70,,74620,23,,,0,30,,74597,23,,,0,70,,74613,23,,,0,30,,74626,23,,,0,70,,74609,23,,,0,29,,74603,23,,,0,70,,74619,23,,,0,30,,74596,23,,,0,69,,74631,23,,,0,30,,74625,23,,,0,100,,74602,23,,,0,100,,74595,23,,,0,100,,74628,23,,,0
31019,'1969',604,,74668,11,,,0,50,,74651,23,,,0,100,,74652,23,,,0,101,,74653,23,,,0,100,,74654,23,,,0,100,,74655,23,,,0,101,,74656,23,,,0,100,,74657,23,,,0,100,,74658,23,,,0,100,,74659,23,,,0,100,,74660,23,,,0,100,,74661,23,,,0,100,,74662,23,,,0,100,,74663,23,,,0,99,,74664,23,,,0,100,,74665,23,,,0,100,,74666,23,,,0,99,,74667,23,,,0
31019,'1976',604,,74593,11,,,0,26,,74588,11,,,0,25,,74570,23,,,0,73,,74580,23,,,0,30,,62420,23,,,0,70,,62403,23,,,0,30,,74574,23,,,0,69,,74584,23,,,0,30,,62395,23,,,0,70,,62408,23,,,0,30,,62419,23,,,0,70,,74579,23,,,0,30,,74575,23,,,0,70,,62413,23,,,0,30,,62394,23,,,0,70,,62409,23,,,0,30,,74586,23,,,0,70,,74577,23,,,0,30,,62398,23,,,0,73,,74583,23,,,0,70,,62396,23,,,0,30,,74581,23,,,0,29,,62417,23,,,0,67,,74578,23,,,0,29,,74573,23,,,0,70,,74582,23,,,0,30,,74571,23,,,0,70,,74594,23,,,0,30,,72076,23,,,0,100,,74576,23,,,0,100,,74572,23,,,0,100,,74585,23,,,0
31019,'1977',604,,75839,11,,,0,26,,75834,11,,,0,25,,75804,23,,,0,73,,75819,23,,,0,30,,75832,23,,,0,70,,75815,23,,,0,30,,75812,23,,,0,69,,75826,23,,,0,30,,75807,23,,,0,70,,75820,23,,,0,30,,75831,23,,,0,70,,75818,23,,,0,30,,75813,23,,,0,70,,75825,23,,,0,30,,75806,23,,,0,70,,75821,23,,,0,30,,75830,23,,,0,70,,75816,23,,,0,30,,75810,23,,,0,73,,75824,23,,,0,70,,75808,23,,,0,30,,75822,23,,,0,29,,75829,23,,,0,67,,75817,23,,,0,29,,75811,23,,,0,70,,75823,23,,,0,30,,75805,23,,,0,70,,75840,23,,,0,30,,75828,23,,,0,100,,75814,23,,,0,100,,75809,23,,,0,100,,75827,23,,,0
