16029,'1912',730,,67445,12,,,0,103,2,71800,12,,,0,95,,71798,12,,,0,104,,71803,12,,,0,98,,71805,12,,,0,100,,71802,12,,,0,101,,71804,12,,,0,100,,71797,12,,,0,100,,71799,12,,,0,99,,71801,12,,,0,99,,67438,12,,,0,101,2,61917,12,,,0,100,2,61912,12,,,0,103,3,61913,12,,,0,97,3,71806,12,,,0
16029,'1959',730,,67457,12,,,0,103,2,71843,12,,,0,95,,71841,12,,,0,104,,71846,12,,,0,98,,71848,12,,,0,100,,71845,12,,,0,101,,71847,12,,,0,100,,71840,12,,,0,100,,71842,12,,,0,99,,71844,12,,,0,99,,67450,12,,,0,101,2,61932,12,,,0,100,2,61927,12,,,0,103,3,61928,12,,,0,97,3,71849,12,,,0
16029,'1967',603,,61905,12,,,0,27,,61904,12,,,0,70,41,61888,12,,,0,30,4,61874,12,,,0,70,44,61881,12,,,0,30,3,61895,12,,,0,70,43,61889,12,,,0,30,3,61875,12,,,0,70,41,61882,12,,,0,30,,61896,12,,,0,70,41,61890,12,,,0,30,,61876,12,,,0,70,41,61883,12,,,0,30,,61897,12,,,0,72,,61891,12,,,0,30,,61877,12,,,0,70,,61884,12,,,0,30,,61898,12,,,0,70,,61892,12,,,0,30,,61878,12,,,0,70,,61885,12,,,0,30,,61899,12,,,0,69,,61893,12,,,0,30,,61879,12,,,0,70,,61886,12,,,0,30,2,61900,12,,,0,69,42,61894,12,,,0,30,2,61880,12,,,0,70,43,61887,12,,,0,30,3,61901,12,,,0,100,4,61902,12,,,0,70,44,61903,12,,,0
16029,'1969',730,,67469,12,,,0,103,2,71810,12,,,0,95,,71808,12,,,0,104,,71813,12,,,0,98,,71815,12,,,0,100,,71812,12,,,0,101,,71814,12,,,0,100,,71807,12,,,0,100,,71809,12,,,0,99,,71811,12,,,0,99,,67462,12,,,0,101,2,61947,12,,,0,100,2,61942,12,,,0,103,3,61943,12,,,0,97,3,71816,12,,,0
16029,'1976',601,,71839,12,,,0,30,,71817,12,,,0,73,,71818,12,,,0,36,,71819,12,,,0,70,,71820,12,,,0,33,,74482,12,,,0,70,,74483,12,,,0,29,,74484,12,,,0,67,,71824,12,,,0,30,,71825,12,,,0,70,,74485,12,,,0,30,,71827,12,,,0,70,,71828,12,,,0,30,,71829,12,,,0,70,,71830,12,,,0,30,,71831,12,,,0,71,,71832,12,,,0,32,,71833,12,,,0,71,,74486,12,,,0,29,,61859,12,,,0,72,,74487,12,,,0,30,,74488,12,,,0,69,,74489,12,,,0,28,,74490,12,,,0,69,,74491,12,,,0,30,,74496,12,,,0,67,,74492,12,,,0,30,,74493,12,,,0,70,,74494,12,,,0,24,,71836,12,,,0,70,42,74495,12,,,0,30,2,71837,12,,,0,69,44,71838,12,,,0
16029,'1977',601,,75718,12,,,0,30,,75686,12,,,0,73,,75687,12,,,0,36,,75688,12,,,0,70,,75689,12,,,0,33,,75690,12,,,0,70,,75691,12,,,0,29,,75692,12,,,0,67,,75693,12,,,0,30,,75694,12,,,0,70,,75695,12,,,0,30,,75696,12,,,0,70,,75697,12,,,0,30,,75698,12,,,0,70,,75699,12,,,0,30,,75700,12,,,0,71,,75701,12,,,0,32,,75702,12,,,0,71,,75703,12,,,0,29,,75704,12,,,0,72,,75705,12,,,0,30,,75706,12,,,0,69,,75707,12,,,0,28,,75708,12,,,0,69,,75709,12,,,0,30,,75717,12,,,0,67,,75710,12,,,0,30,,75711,12,,,0,70,,75712,12,,,0,24,,75713,12,,,0,70,42,75714,12,,,0,30,2,75715,12,,,0,69,44,75716,12,,,0
31019,'1912',555,,74568,1,,,0,90,5,74551,13,,,0,100,5,74552,13,,,0,100,4,74553,13,,,0,100,4,74554,13,,,0,100,4,74555,13,,,0,99,2,74556,13,,,0,100,2,74557,13,,,0,100,2,74558,13,,,0,100,2,74559,13,,,0,100,2,74560,13,,,0,100,2,74561,13,,,0,100,2,74562,13,,,0,100,2,74563,13,,,0,101,4,74564,13,,,0,100,4,74565,13,,,0,100,5,74566,13,,,0,100,5,74567,13,,,0,90,,74569,13,4,,0
31019,'1959',555,,74649,1,,,0,90,5,74632,13,,,0,100,5,74633,13,,,0,100,4,74634,13,,,0,100,4,74635,13,,,0,100,4,74636,13,,,0,99,2,74637,13,,,0,100,2,74638,13,,,0,100,2,74639,13,,,0,100,2,74640,13,,,0,100,2,74641,13,,,0,100,2,74642,13,,,0,100,2,74643,13,,,0,100,2,74644,13,,,0,101,4,74645,13,,,0,100,4,74646,13,,,0,100,5,74647,13,,,0,100,5,74648,13,,,0,90,,74650,13,4,,0
31019,'1967',555,,74630,1,,,0,66,,74623,1,,,0,24,5,74600,13,,,0,70,5,74616,13,,,0,30,5,74629,13,,,0,70,5,74612,13,,,0,30,5,74606,13,,,0,70,4,74622,13,,,0,30,4,74599,13,,,0,70,3,74615,13,,,0,30,3,74624,13,,,0,70,3,74611,13,,,0,30,3,74605,13,,,0,70,3,74621,13,,,0,30,3,74598,13,,,0,70,3,74614,13,,,0,30,3,74627,13,,,0,70,3,74610,13,,,0,30,3,74604,13,,,0,70,3,74620,13,,,0,30,3,74597,13,,,0,70,3,74613,13,,,0,30,3,74626,13,,,0,70,3,74609,13,,,0,30,3,74603,13,,,0,70,3,74619,13,,,0,30,3,74596,13,,,0,70,4,74631,13,,,0,30,4,74625,13,,,0,66,,74608,13,4,,0,34,4,74602,13,,,0,65,,74618,13,4,,0,35,5,74595,13,,,0,65,,74607,13,4,,0,35,5,74628,13,,,0,65,,74617,13,4,,0,30,,74601,13,4,,0
31019,'1969',555,,74668,1,,,0,90,5,74651,13,,,0,100,5,74652,13,,,0,100,4,74653,13,,,0,100,4,74654,13,,,0,100,4,74655,13,,,0,99,2,74656,13,,,0,100,2,74657,13,,,0,100,2,74658,13,,,0,100,2,74659,13,,,0,100,2,74660,13,,,0,100,2,74661,13,,,0,100,2,74662,13,,,0,100,2,74663,13,,,0,101,4,74664,13,,,0,100,4,74665,13,,,0,100,5,74666,13,,,0,100,5,74667,13,,,0,90,,74669,13,4,,0
31019,'1976',554,,74593,1,,,0,66,,74588,1,,,0,25,4,74570,13,,,0,70,3,74580,13,,,0,30,,62420,13,,,0,70,,62403,13,,,0,30,,74574,13,,,0,70,2,74584,13,,,0,30,2,62395,13,,,0,70,2,62408,13,,,0,30,2,62419,13,,,0,70,2,74579,13,,,0,30,2,74575,13,,,0,70,2,62413,13,,,0,30,2,62394,13,,,0,70,2,62409,13,,,0,30,2,74586,13,,,0,70,2,74577,13,,,0,30,2,62398,13,,,0,72,2,74583,13,,,0,30,2,62396,13,,,0,70,2,74581,13,,,0,30,2,62417,13,,,0,68,2,74578,13,,,0,30,3,74573,13,,,0,70,3,74582,13,,,0,30,3,74571,13,,,0,70,3,74594,13,,,0,30,3,72076,13,,,0,66,,74589,13,4,,0,34,4,74576,13,,,0,66,,74590,13,4,,0,34,4,74572,13,,,0,66,,74592,13,4,,0,34,4,74585,13,,,0,66,,74591,13,4,,0,25,,74587,13,4,,0
31019,'1977',554,,75839,1,,,0,66,,75834,1,,,0,25,4,75804,13,,,0,70,3,75819,13,,,0,30,,75832,13,,,0,70,,75815,13,,,0,30,,75812,13,,,0,70,2,75826,13,,,0,30,2,75807,13,,,0,70,2,75820,13,,,0,30,2,75831,13,,,0,70,2,75818,13,,,0,30,2,75813,13,,,0,70,2,75825,13,,,0,30,2,75806,13,,,0,70,2,75821,13,,,0,30,2,75830,13,,,0,70,2,75816,13,,,0,30,2,75810,13,,,0,72,2,75824,13,,,0,30,2,75808,13,,,0,70,2,75822,13,,,0,30,2,75829,13,,,0,68,2,75817,13,,,0,30,3,75811,13,,,0,70,3,75823,13,,,0,30,3,75805,13,,,0,70,3,75840,13,,,0,30,3,75828,13,,,0,66,,75835,13,4,,0,34,4,75814,13,,,0,66,,75836,13,4,,0,34,4,75809,13,,,0,66,,75838,13,4,,0,34,4,75827,13,,,0,66,,75837,13,4,,0,25,,75833,13,4,,0
