10019,'1909',927,,60946,32,,,0,999,,60966,32,,,0,97,,60968,32,,,0,100,,60970,32,,,0,100,,60971,32,,,0
10019,'1910',1855,,66746,32,,,0,69,,60997,32,,,0,100,,66747,32,,,0,100,,60999,32,,,0
10019,'1912',754,,61000,32,,,0,70,,66748,32,,,0,30,,61002,32,,,0,70,,66749,32,,,0,30,,61004,32,,,0,70,,71282,32,,,0,30,,71283,32,,,0,70,,71284,32,,,0,30,,71285,32,,,0,71,,71286,32,,,0,30,,71287,32,,,0,70,,71288,32,,,0,30,,71289,32,,,0,70,,71290,32,,,0,30,,71291,32,,,0,70,,71292,32,,,0,30,,71293,32,,,0,70,,71294,32,,,0,30,,66763,32,,,0,70,,71295,32,,,0,30,,71296,32,,,0,69,,71297,32,,,0,30,,66767,32,,,0,70,,71298,32,,,0
10019,'1924',754,,61024,32,,,0,70,,66769,32,,,0,30,,61026,32,,,0,70,,66770,32,,,0,30,,61028,32,,,0,701,,66784,32,,,0,199,,66788,32,,,0
10019,'1925',754,,61048,32,,,0,70,,66790,32,,,0,30,,61050,32,,,0,70,,66791,32,,,0,30,,61052,32,,,0,70,,71299,32,,,0,30,,71300,32,,,0,70,,71301,32,,,0,30,,71302,32,,,0,71,,71303,32,,,0,30,,71304,32,,,0,70,,71305,32,,,0,30,,71306,32,,,0,70,,71307,32,,,0,30,,71308,32,,,0,70,,71309,32,,,0,30,,71310,32,,,0,70,,71311,32,,,0,30,,66805,32,,,0,70,,71312,32,,,0,30,,71313,32,,,0,69,,71314,32,,,0,30,,66809,32,,,0,70,,71315,32,,,0
10019,'1949',1357,,66831,32,,,0
10019,'1955',654,,60972,32,,,0,70,,66724,32,,,0,30,,66725,32,,,0,70,,66726,32,,,0,30,,60976,32,,,0,70,,66727,32,,,0,30,,66728,32,,,0,71,,66729,32,,,0,30,,66730,32,,,0,70,,66731,32,,,0,30,,66732,32,,,0,70,,66733,32,,,0,30,,66734,32,,,0,70,,66735,32,,,0,30,,66736,32,,,0,70,,66737,32,,,0,30,,66738,32,,,0,70,,66739,32,,,0,30,,66740,32,,,0,70,,66741,32,,,0,30,,66742,32,,,0,70,,66743,32,,,0,30,,66744,32,,,0,70,,66745,32,,,0
10019,'1956',1024,,66771,32,,,0,30,,66772,32,,,0,70,,66773,32,,,0,30,,66774,32,,,0,71,,66775,32,,,0,30,,66776,32,,,0,70,,66777,32,,,0,30,,66778,32,,,0,70,,66779,32,,,0,30,,66780,32,,,0,70,,66781,32,,,0,30,,66782,32,,,0,70,,66783,32,,,0,100,,66785,32,,,0,30,,66786,32,,,0,69,,66787,32,,,0,100,,66789,32,,,0
10019,'1957',554,,71316,32,,,0,70,,71317,32,,,0,30,,71318,32,,,0,72,,71319,32,,,0,30,,71320,32,,,0,70,,71321,32,,,0,30,,71322,32,,,0,101,,71323,32,,,0,70,,71324,32,,,0,30,,71325,32,,,0,70,,71326,32,,,0,30,,71327,32,,,0,70,,71328,32,,,0,30,,71329,32,,,0,70,,71330,32,,,0,100,,71331,32,,,0,74,,71332,32,,,0,30,,71333,32,,,0,70,,71334,32,,,0,30,,71335,32,,,0,70,,71336,32,,,0,29,,71337,32,,,0,26,,71338,32,,,0,70,,71339,32,,,0,30,,71340,32,,,0,100,,71341,32,,,0,97,,71342,32,,,0
10019,'1958',654,,71343,32,,,0,70,,71344,32,,,0,30,,71345,32,,,0,70,,71346,32,,,0,30,,71347,32,,,0,70,,71348,32,,,0,30,,71349,32,,,0,71,,71350,32,,,0,30,,71351,32,,,0,70,,71352,32,,,0,30,,71353,32,,,0,70,,71354,32,,,0,30,,71355,32,,,0,70,,71356,32,,,0,30,,71357,32,,,0,70,,71358,32,,,0,30,,71359,32,,,0,70,,71360,32,,,0,30,,71361,32,,,0,70,,71362,32,,,0,30,,71363,32,,,0,70,,71364,32,,,0,30,,71365,32,,,0,70,,71366,32,,,0
10019,'1959',1024,,71367,32,,,0,30,,71368,32,,,0,70,,71369,32,,,0,30,,71370,32,,,0,71,,71371,32,,,0,30,,71372,32,,,0,70,,71373,32,,,0,30,,71374,32,,,0,70,,71375,32,,,0,30,,71376,32,,,0,70,,71377,32,,,0,30,,71378,32,,,0,70,,71379,32,,,0,100,,71380,32,,,0,30,,71381,32,,,0,69,,71382,32,,,0,100,,71383,32,,,0
