22019,'1909',557,,62171,7,0,19 2 32 26,0,998,,62170,9,,,0,167,,62161,9,,,0,29,,62162,9,,,0,99,,62164,9,,,0,169,,62167,9,,,0
22019,'1910',623,,62202,7,0,19 2 32 26,0,23,,62195,7,0,19 2 32 26,0,70,,62191,7,0,19 2 32 26,0,30,,62196,7,0,19 2 32 26,0,70,,62192,7,0,19 2 32 26,0,31,,62172,9,,,0,72,,62173,9,,,0,30,,62174,9,,,0,70,,62175,9,,,0,30,,62176,9,,,0,70,,62177,9,,,0,30,,62178,9,,,0,70,,62179,9,,,0,31,,62180,9,,,0,70,,62181,9,,,0,30,,62182,9,,,0,70,,62183,9,,,0,31,,62184,9,,,0,70,,62185,9,,,0,30,,62186,9,,,0,70,,62187,9,,,0,29,,62188,9,,,0,70,,62189,9,,,0,29,,62197,7,0,19 2 32 26,0,70,,62193,7,0,19 2 32 26,0,30,,62198,7,0,19 2 32 26,0,68,,62190,7,0,19 2 32 26,0,30,,62199,7,0,19 2 32 26,0,69,,62194,7,0,19 2 32 26,0,30,,62200,7,0,19 2 32 26,0,70,,62201,7,0,19 2 32 26,0
22019,'1912',651,,67626,7,0,19 2 32 26,0,100,,71967,7,0,19 2 32 26,0,100,,71964,9,,,0,93,,71965,9,,,0,100,,71959,9,,,0,100,,71963,9,,,0,100,,71960,9,,,0,100,,71961,9,,,0,100,,71958,9,,,0,100,,71962,9,,,0,100,,67620,9,,,0,100,,62212,7,0,19 2 32 26,0,100,,62213,7,0,19 2 32 26,0,100,,62214,7,0,19 2 32 26,0,108,,71966,7,0,19 2 32 26,0
22019,'1924',651,,67638,7,0,19 2 32 26,0,993,,67632,9,,,0,100,,62227,7,0,19 2 32 26,0,100,,62228,7,0,19 2 32 26,0,100,,62229,7,0,19 2 32 26,0
22019,'1925',651,,67650,7,0,19 2 32 26,0,100,,71977,7,0,19 2 32 26,0,100,,71974,9,,,0,93,,71975,9,,,0,100,,71969,9,,,0,100,,71973,9,,,0,100,,71970,9,,,0,100,,71971,9,,,0,100,,71968,9,,,0,100,,71972,9,,,0,100,,67644,9,,,0,100,,62242,7,0,19 2 32 26,0,100,,62243,7,0,19 2 32 26,0,100,,62244,7,0,19 2 32 26,0,108,,71976,7,0,19 2 32 26,0
22019,'1949',1526,,67668,9,,,0,99,,67669,9,,,0,29,,67670,9,,,0
22019,'1956',751,,67637,7,0,19 2 32 26,0,100,,67634,9,,,0,93,,67635,9,,,0,100,,67628,9,,,0,100,,67633,9,,,0,100,,67629,9,,,0,100,,67630,9,,,0,100,,67627,9,,,0,100,,67631,9,,,0,508,,67636,7,0,19 2 32 26,0
22019,'1957',649,,71978,7,0,19 2 32 26,0,70,,71979,7,0,19 2 32 26,0,35,,71980,9,,,0,70,,71981,9,,,0,32,,71982,9,,,0,69,,71983,9,,,0,30,,71984,9,,,0,70,,71985,9,,,0,30,,71986,9,,,0,70,,71987,9,,,0,30,,71988,9,,,0,70,,71989,9,,,0,30,,71990,9,,,0,70,,71991,9,,,0,30,,71992,9,,,0,70,,71993,9,,,0,32,,71994,9,,,0,363,,71995,9,,,0,100,,71996,9,,,0,30,,71997,9,,,0,99,,71998,9,,,0,68,,71999,7,0,19 2 32 26,0
22019,'1959',751,,72009,7,0,19 2 32 26,0,100,,72006,9,,,0,93,,72007,9,,,0,100,,72001,9,,,0,100,,72005,9,,,0,100,,72002,9,,,0,100,,72003,9,,,0,100,,72000,9,,,0,100,,72004,9,,,0,508,,72008,7,0,19 2 32 26,0
60019,'1912',610,,62696,3,,,0,30,,62682,3,,,0,70,,62693,3,,,0,30,,62681,3,,,0,71,,62692,3,,,0,29,,62688,3,,,0,71,,62697,3,,,0,30,,62680,3,,,0,70,,62695,3,,,0,30,,62679,3,,,0,70,,62690,3,,,0,30,,62684,3,,,0,70,,62675,3,,,0,30,,62683,3,,,0,70,,62699,3,,,0,30,,62689,3,,,0,70,,62691,3,,,0,30,,62704,3,,,0,70,,62677,3,,,0,30,,62700,3,,,0,70,,62687,3,,,0,30,,62703,3,,,0,70,,62698,3,,,0,30,,62702,3,,,0,70,,62685,3,,,0,30,,62705,3,,,0,70,,62676,3,,,0,30,,62701,3,,,0,70,,62678,3,,,0,30,,62686,3,,,0,69,,62694,3,,,0,31,,62706,3,,,0,70,,62674,3,,,0
60019,'1925',610,,62707,3,,,0,30,,62718,3,,,0,70,,62716,3,,,0,30,,62712,3,,,0,71,,62720,3,,,0,29,,62719,3,,,0,71,,62717,3,,,0,30,,62713,3,,,0,70,,62708,3,,,0,30,,62715,3,,,0,70,,62721,3,,,0,30,,62731,3,,,0,70,,62709,3,,,0,30,,62714,3,,,0,70,,62710,3,,,0,30,,62737,3,,,0,70,,62711,3,,,0,30,,62736,3,,,0,70,,62728,3,,,0,30,,62734,3,,,0,70,,62727,3,,,0,30,,62733,3,,,0,70,,62723,3,,,0,30,,62729,3,,,0,70,,62726,3,,,0,30,,62732,3,,,0,70,,62725,3,,,0,30,,62730,3,,,0,70,,62722,3,,,0,30,,62735,3,,,0,70,,62724,3,,,0
