19019,'1909',1831,,61998,10,0,38,0
19019,'1910',1031,,67497,10,0,38,0,70,,67512,10,0,38,0,30,,67501,10,0,38,0,70,,67515,10,0,38,0,30,,67494,10,0,38,0,100,,67496,10,0,38,0,70,,67513,10,0,38,0,30,,67498,10,0,38,0,70,,67520,10,0,38,0,30,,67507,10,0,38,0,70,,67509,10,0,38,0,30,,67493,10,0,38,0,100,,67519,10,0,38,0,70,,67506,10,0,38,0,30,,67500,10,0,38,0,128,,67522,10,0,38,0,155,,67505,10,0,38,0,100,,62033,10,0,38,0
19019,'1912',616,,71862,10,0,38,0,112,,62043,10,0,38,0,100,,71855,10,0,38,0,30,,62047,10,0,38,0,70,,71858,10,0,38,0,30,,71852,10,0,38,0,71,,71851,10,0,38,0,30,,67524,10,0,38,0,70,,71867,10,0,38,0,30,,71865,10,0,38,0,70,,71863,10,0,38,0,30,,71859,10,0,38,0,70,,71872,10,0,38,0,30,,71857,10,0,38,0,71,,71856,10,0,38,0,70,,71854,10,0,38,0,30,,71853,10,0,38,0,70,,71850,10,0,38,0,30,,71868,10,0,38,0,70,,71866,10,0,38,0,29,,71864,10,0,38,0,30,,71861,10,0,38,0,70,,71860,10,0,38,0,30,,71870,10,0,38,0,70,,71869,10,0,38,0,30,,71871,10,0,38,0,85,,62063,10,0,38,0,100,,62061,10,0,38,0,100,,62062,10,0,38,0,85,,71873,10,0,38,0
19019,'1924',728,,62073,10,0,38,0,130,,62077,10,0,38,0,201,,67549,10,0,38,0,985,,62093,10,0,38,0,100,,62091,10,0,38,0,100,,62092,10,0,38,0
19019,'1925',616,,71886,10,0,38,0,112,,62103,10,0,38,0,100,,71879,10,0,38,0,30,,62107,10,0,38,0,70,,71882,10,0,38,0,30,,71876,10,0,38,0,71,,71875,10,0,38,0,30,,67574,10,0,38,0,70,,71891,10,0,38,0,30,,71889,10,0,38,0,70,,71887,10,0,38,0,30,,71883,10,0,38,0,70,,71896,10,0,38,0,30,,71881,10,0,38,0,71,,71880,10,0,38,0,70,,71878,10,0,38,0,30,,71877,10,0,38,0,70,,71874,10,0,38,0,30,,71892,10,0,38,0,70,,71890,10,0,38,0,29,,71888,10,0,38,0,30,,71885,10,0,38,0,70,,71884,10,0,38,0,30,,71894,10,0,38,0,70,,71893,10,0,38,0,30,,71895,10,0,38,0,85,,62123,10,0,38,0,100,,62121,10,0,38,0,100,,62122,10,0,38,0,85,,71897,10,0,38,0
19019,'1955',629,,67495,10,0,38,0,30,,67508,10,0,38,0,70,,67499,10,0,38,0,30,,67514,10,0,38,0,70,,67518,10,0,38,0,30,,67502,10,0,38,0,70,,67492,10,0,38,0,30,,67517,10,0,38,0,342,,67510,10,0,38,0,400,,67511,10,0,38,0,200,,67516,10,0,38,0,28,,67504,10,0,38,0,110,,67521,10,0,38,0,270,,67503,10,0,38,0,20,,67523,10,0,38,0
19019,'1956',616,,67562,10,0,38,0,212,,67555,10,0,38,0,100,,67558,10,0,38,0,30,,67552,10,0,38,0,71,,67551,10,0,38,0,100,,67567,10,0,38,0,30,,67565,10,0,38,0,70,,67563,10,0,38,0,30,,67559,10,0,38,0,70,,67572,10,0,38,0,30,,67557,10,0,38,0,71,,67556,10,0,38,0,70,,67554,10,0,38,0,30,,67553,10,0,38,0,70,,67550,10,0,38,0,30,,67568,10,0,38,0,70,,67566,10,0,38,0,29,,67564,10,0,38,0,30,,67561,10,0,38,0,70,,67560,10,0,38,0,30,,67570,10,0,38,0,70,,67569,10,0,38,0,30,,67571,10,0,38,0,370,,67573,10,0,38,0
19019,'1957',830,,71916,10,0,38,0,70,,71902,10,0,38,0,30,,71903,10,0,38,0,70,,71900,10,0,38,0,30,,71917,10,0,38,0,70,,71901,10,0,38,0,30,,71908,10,0,38,0,70,,71898,10,0,38,0,30,,71915,10,0,38,0,70,,71904,10,0,38,0,30,,71905,10,0,38,0,70,,71907,10,0,38,0,30,,71906,10,0,38,0,72,,71899,10,0,38,0,30,,71918,10,0,38,0,369,,71909,10,0,38,0,30,,71910,10,0,38,0,99,,71914,10,0,38,0,100,,71913,10,0,38,0,100,,71911,10,0,38,0,100,,71912,10,0,38,0
19019,'1958',629,,71920,10,0,38,0,30,,71925,10,0,38,0,70,,71921,10,0,38,0,30,,71928,10,0,38,0,70,,71931,10,0,38,0,30,,71922,10,0,38,0,70,,71919,10,0,38,0,30,,71930,10,0,38,0,342,,71926,10,0,38,0,400,,71927,10,0,38,0,200,,71929,10,0,38,0,28,,71924,10,0,38,0,110,,71932,10,0,38,0,270,,71923,10,0,38,0,20,,71933,10,0,38,0
19019,'1959',616,,71946,10,0,38,0,212,,71939,10,0,38,0,100,,71942,10,0,38,0,30,,71936,10,0,38,0,71,,71935,10,0,38,0,100,,71951,10,0,38,0,30,,71949,10,0,38,0,70,,71947,10,0,38,0,30,,71943,10,0,38,0,70,,71956,10,0,38,0,30,,71941,10,0,38,0,71,,71940,10,0,38,0,70,,71938,10,0,38,0,30,,71937,10,0,38,0,70,,71934,10,0,38,0,30,,71952,10,0,38,0,70,,71950,10,0,38,0,29,,71948,10,0,38,0,30,,71945,10,0,38,0,70,,71944,10,0,38,0,30,,71954,10,0,38,0,70,,71953,10,0,38,0,30,,71955,10,0,38,0,370,,71957,10,0,38,0
10019029,'1909',720,,65786,11,,,0
10019029,'1949',1751,,70189,11,,,0
10019029,'1957',619,,73569,11,,,0,30,,73571,11,,,0,101,,73572,11,,,0,802,,73576,11,,,0,70,,73574,11,,,0,30,,73573,11,,,0,70,,73577,11,,,0,279,,73575,11,,,0
