10019,'1909',920,,60946,24,,,0,999,,60966,24,,,0,98,,60968,24,,,0,100,,60970,24,,,0,100,,60971,24,,,0
10019,'1910',1849,,66746,24,,,0,69,,60997,24,,,0,100,,66747,24,,,0,100,,60999,24,,,0
10019,'1912',748,,61000,24,,,0,70,,66748,24,,,0,30,,61002,24,,,0,70,,66749,24,,,0,30,,61004,24,,,0,70,,71282,24,,,0,30,,71283,24,,,0,70,,71284,24,,,0,30,,71285,24,,,0,71,,71286,24,,,0,30,,71287,24,,,0,70,,71288,24,,,0,30,,71289,24,,,0,70,,71290,24,,,0,30,,71291,24,,,0,70,,71292,24,,,0,30,,71293,24,,,0,70,,71294,24,,,0,30,,66763,24,,,0,70,,71295,24,,,0,30,,71296,24,,,0,69,,71297,24,,,0,30,,66767,24,,,0,70,,71298,24,,,0
10019,'1924',748,,61024,24,,,0,70,,66769,24,,,0,30,,61026,24,,,0,70,,66770,24,,,0,30,,61028,24,,,0,701,,66784,24,,,0,199,,66788,24,,,0
10019,'1925',748,,61048,24,,,0,70,,66790,24,,,0,30,,61050,24,,,0,70,,66791,24,,,0,30,,61052,24,,,0,70,,71299,24,,,0,30,,71300,24,,,0,70,,71301,24,,,0,30,,71302,24,,,0,71,,71303,24,,,0,30,,71304,24,,,0,70,,71305,24,,,0,30,,71306,24,,,0,70,,71307,24,,,0,30,,71308,24,,,0,70,,71309,24,,,0,30,,71310,24,,,0,70,,71311,24,,,0,30,,66805,24,,,0,70,,71312,24,,,0,30,,71313,24,,,0,69,,71314,24,,,0,30,,66809,24,,,0,70,,71315,24,,,0
10019,'1949',1350,,66831,24,,,0
10019,'1955',648,,60972,24,,,0,70,,66724,24,,,0,30,,66725,24,,,0,70,,66726,24,,,0,30,,60976,24,,,0,70,,66727,24,,,0,30,,66728,24,,,0,71,,66729,24,,,0,30,,66730,24,,,0,70,,66731,24,,,0,30,,66732,24,,,0,70,,66733,24,,,0,30,,66734,24,,,0,70,,66735,24,,,0,30,,66736,24,,,0,70,,66737,24,,,0,30,,66738,24,,,0,70,,66739,24,,,0,30,,66740,24,,,0,70,,66741,24,,,0,30,,66742,24,,,0,70,,66743,24,,,0,30,,66744,24,,,0,70,,66745,24,,,0
10019,'1956',1018,,66771,24,,,0,30,,66772,24,,,0,70,,66773,24,,,0,30,,66774,24,,,0,71,,66775,24,,,0,30,,66776,24,,,0,70,,66777,24,,,0,30,,66778,24,,,0,70,,66779,24,,,0,30,,66780,24,,,0,70,,66781,24,,,0,30,,66782,24,,,0,70,,66783,24,,,0,100,,66785,24,,,0,30,,66786,24,,,0,69,,66787,24,,,0,100,,66789,24,,,0
10019,'1957',548,,71316,24,,,0,70,,71317,24,,,0,30,,71318,24,,,0,71,,71319,24,,,0,30,,71320,24,,,0,70,,71321,24,,,0,30,,71322,24,,,0,101,,71323,24,,,0,70,,71324,24,,,0,30,,71325,24,,,0,70,,71326,24,,,0,30,,71327,24,,,0,70,,71328,24,,,0,30,,71329,24,,,0,70,,71330,24,,,0,100,,71331,24,,,0,34,,71332,24,,,0,70,,71333,24,,,0,30,,71334,24,,,0,70,,71335,24,,,0,30,,71336,24,,,0,70,,71337,24,,,0,25,,71338,24,,,0,70,,71339,24,,,0,30,,71340,24,,,0,100,,71341,24,,,0,98,,71342,24,,,0
10019,'1958',648,,71343,24,,,0,70,,71344,24,,,0,30,,71345,24,,,0,70,,71346,24,,,0,30,,71347,24,,,0,70,,71348,24,,,0,30,,71349,24,,,0,71,,71350,24,,,0,30,,71351,24,,,0,70,,71352,24,,,0,30,,71353,24,,,0,70,,71354,24,,,0,30,,71355,24,,,0,70,,71356,24,,,0,30,,71357,24,,,0,70,,71358,24,,,0,30,,71359,24,,,0,70,,71360,24,,,0,30,,71361,24,,,0,70,,71362,24,,,0,30,,71363,24,,,0,70,,71364,24,,,0,30,,71365,24,,,0,70,,71366,24,,,0
10019,'1959',1018,,71367,24,,,0,30,,71368,24,,,0,70,,71369,24,,,0,30,,71370,24,,,0,71,,71371,24,,,0,30,,71372,24,,,0,70,,71373,24,,,0,30,,71374,24,,,0,70,,71375,24,,,0,30,,71376,24,,,0,70,,71377,24,,,0,30,,71378,24,,,0,70,,71379,24,,,0,100,,71380,24,,,0,30,,71381,24,,,0,69,,71382,24,,,0,100,,71383,24,,,0
