609,'1909',1625,,60114,22,0,18 7,0,100,,60123,22,0,18 7,0,127,,60112,22,0,18 7,0,71,,60161,22,0,18 7,0
609,'1912',852,,70918,10,0,18 7,0,100,,70902,10,0,18 7,0,100,,70914,10,0,18 7,0,100,,70904,10,0,18 7,0,101,,70917,10,0,18 7,0,100,,70900,10,0,18 7,0,100,,70916,10,0,18 7,0,100,,70906,10,0,18 7,0,100,,70915,10,0,18 7,0,100,,70903,10,0,18 7,0,99,,70913,10,0,18 7,0,100,,70901,10,0,18 7,0
609,'1925',852,,70954,10,0,18 7,0,100,,70938,10,0,18 7,0,100,,70950,10,0,18 7,0,100,,70940,10,0,18 7,0,101,,70953,10,0,18 7,0,100,,70936,10,0,18 7,0,100,,70952,10,0,18 7,0,100,,70942,10,0,18 7,0,100,,70951,10,0,18 7,0,100,,70939,10,0,18 7,0,99,,70949,10,0,18 7,0,100,,70937,10,0,18 7,0
609,'1949',1655,,66534,22,0,18 7,0,97,,66515,22,0,18 7,0,70,,66526,22,0,18 7,0
609,'1955',650,,66352,22,0,18 7,0,70,,66334,22,0,18 7,0,30,,66365,22,0,18 7,0,70,,60178,22,0,18 7,0,30,,66351,22,0,18 7,0,71,,66333,22,0,18 7,0,30,,66364,22,0,18 7,0,70,,66332,22,0,18 7,0,30,,66350,22,0,18 7,0,70,,66331,22,0,18 7,0,32,,66363,22,0,18 7,0,70,,66330,22,0,18 7,0,30,,66349,22,0,18 7,0,70,,66328,22,0,18 7,0,30,,66348,22,0,18 7,0,70,,66324,22,0,18 7,0,30,,66375,22,0,18 7,0,70,,66347,22,0,18 7,0,30,,66326,22,0,18 7,0,70,,66359,22,0,18 7,0,30,,66325,22,0,18 7,0,68,,66360,22,0,18 7,0,30,,66327,22,0,18 7,0,70,,66361,22,0,18 7,0,30,,66329,22,0,18 7,0,69,,66362,22,0,18 7,0,102,,66372,10,0,18 7,0,100,,66376,10,0,18 7,0
609,'1956',852,,66434,10,0,18 7,0,100,,66418,10,0,18 7,0,100,,66430,10,0,18 7,0,100,,66420,10,0,18 7,0,101,,66433,10,0,18 7,0,100,,66416,10,0,18 7,0,100,,66432,10,0,18 7,0,100,,66422,10,0,18 7,0,100,,66431,10,0,18 7,0,100,,66419,10,0,18 7,0,99,,66429,10,0,18 7,0,100,,66417,10,0,18 7,0
609,'1957',652,,70993,22,0,18 7,0,71,,70979,22,0,18 7,0,30,,70984,22,0,18 7,0,70,,70999,22,0,18 7,0,30,,70972,22,0,18 7,0,70,,71001,22,0,18 7,0,30,,70974,22,0,18 7,0,70,,70975,22,0,18 7,0,30,,70994,22,0,18 7,0,70,,70995,22,0,18 7,0,30,,70992,22,0,18 7,0,70,,70986,22,0,18 7,0,30,,70990,22,0,18 7,0,70,,70982,22,0,18 7,0,30,,70987,22,0,18 7,0,70,,70981,22,0,18 7,0,32,,70976,22,0,18 7,0,70,,70973,22,0,18 7,0,30,,70983,22,0,18 7,0,466,,70985,22,0,18 7,0,100,,71020,22,0,18 7,0,100,,70978,22,0,18 7,0,100,,71023,22,0,18 7,0
609,'1958',650,,71054,22,0,18 7,0,70,,71036,22,0,18 7,0,30,,71068,22,0,18 7,0,70,,71035,22,0,18 7,0,30,,71053,22,0,18 7,0,71,,71034,22,0,18 7,0,30,,71067,22,0,18 7,0,70,,71033,22,0,18 7,0,30,,71052,22,0,18 7,0,70,,71032,22,0,18 7,0,32,,71066,22,0,18 7,0,70,,71031,22,0,18 7,0,30,,71051,22,0,18 7,0,70,,71029,22,0,18 7,0,30,,71050,22,0,18 7,0,70,,71025,22,0,18 7,0,30,,71079,22,0,18 7,0,70,,71049,22,0,18 7,0,30,,71027,22,0,18 7,0,70,,71062,22,0,18 7,0,30,,71026,22,0,18 7,0,68,,71063,22,0,18 7,0,30,,71028,22,0,18 7,0,70,,71064,22,0,18 7,0,30,,71030,22,0,18 7,0,69,,71065,22,0,18 7,0,102,,71076,10,0,18 7,0,100,,71080,10,0,18 7,0
609,'1959',852,,71102,10,0,18 7,0,100,,71086,10,0,18 7,0,100,,71098,10,0,18 7,0,100,,71088,10,0,18 7,0,101,,71101,10,0,18 7,0,100,,71084,10,0,18 7,0,100,,71100,10,0,18 7,0,100,,71090,10,0,18 7,0,100,,71099,10,0,18 7,0,100,,71087,10,0,18 7,0,99,,71097,10,0,18 7,0,100,,71085,10,0,18 7,0
15029,'1909',817,,61615,63,,,0,839,,61632,63,,,0,287,,61638,63,,,0
15029,'1910',613,,67345,23,,,0,138,,61646,63,,,0,294,,61649,63,,,0,301,,61652,63,,,0,204,,61654,63,,,0,99,,61655,63,,,0,100,,61656,63,,,0,100,,67344,63,,,0,96,,61644,63,,,0
15029,'1912',747,,61664,63,,,0,95,,61670,63,,,0,100,,61663,63,,,0,100,,61662,63,,,0,102,,61669,63,,,0,100,,61667,63,,,0,100,,61666,63,,,0,102,,61661,63,,,0,100,,61659,63,,,0,99,,61660,63,,,0,99,,61665,63,,,0,99,,61671,63,,,0,100,,61668,63,,,0,100,,61672,63,,,0
15029,'1924',747,,61678,63,,,0,95,,61684,63,,,0,100,,61677,63,,,0,100,,61676,63,,,0,102,,61683,63,,,0,100,,61681,63,,,0,100,,61680,63,,,0,102,,61675,63,,,0,100,,61673,63,,,0,99,,61674,63,,,0,99,,61679,63,,,0,99,,61685,63,,,0,100,,61682,63,,,0,100,,61686,63,,,0
15029,'1925',747,,61692,63,,,0,95,,61698,63,,,0,100,,61691,63,,,0,100,,61690,63,,,0,102,,61697,63,,,0,100,,61695,63,,,0,100,,61694,63,,,0,102,,61689,63,,,0,100,,61687,63,,,0,99,,61688,63,,,0,99,,61693,63,,,0,99,,61699,63,,,0,100,,61696,63,,,0,100,,61700,63,,,0
15029,'1949',638,,67365,23,,,0,281,,67366,63,,,0
15029,'1955',844,,67339,63,,,0,100,,67340,63,,,0,202,,67341,63,,,0,100,,67342,63,,,0,204,,67343,63,,,0,595,,67338,63,,,0
15029,'1957',618,,71709,23,,,0,92,,71710,63,,,0,37,,71711,63,,,0,101,,71712,63,,,0,99,,71713,63,,,0,68,,71714,63,,,0,30,,71715,63,,,0,70,,71716,63,,,0,30,,71717,63,,,0,70,,71718,63,,,0,30,,71719,63,,,0,70,,71720,63,,,0,30,,71721,63,,,0,70,,71722,63,,,0,31,,71723,63,,,0,74,,71724,63,,,0,33,,71725,63,,,0,73,,71726,63,,,0,97,,71727,63,,,0,26,,71728,63,,,0,68,,71729,63,,,0,27,,71730,63,,,0,69,,71731,63,,,0,100,,71732,63,,,0,30,,71736,63,,,0,69,,71733,63,,,0,97,,71734,63,,,0,100,,71735,63,,,0
15029,'1958',844,,71738,63,,,0,100,,71739,63,,,0,202,,71740,63,,,0,100,,71741,63,,,0,204,,71742,63,,,0,595,,71737,63,,,0
501029,'1909',555,,63073,14,,,0,98,,63074,14,,,0,105,,63078,14,,,0,87,,63139,14,,,0,98,,63086,14,,,0,795,,63118,14,,,0,74,,63121,14,,,0,36,,63124,14,,,0,179,,63130,14,,,0,30,,63131,14,,,0,289,,63137,14,,,0
501029,'1910',925,,67993,14,,,0,1032,,63149,14,,,0,93,,63148,14,,,0,100,,63147,14,,,0,70,,67998,14,,,0,28,,63146,14,,,0,70,,67997,14,,,0,27,,63145,14,,,0
501029,'1912',559,,63203,2,,,0,70,,72282,2,,,0,20,,63220,14,,,0,70,,72281,14,,,0,30,,63219,14,,,0,70,,72280,14,,,0,30,,63218,14,,,0,70,,72283,14,,,0,31,,72279,14,,,0,75,,68056,14,,,0,15,,72293,14,,,0,15,,72274,14,,,0,56,,72297,14,,,0,16,,68049,14,,,0,15,,72299,14,,,0,15,,72275,14,,,0,55,,72286,14,,,0,15,,68050,14,,,0,15,,72289,14,,,0,15,,72269,14,,,0,55,,72292,14,,,0,15,,68055,14,,,0,15,,72295,14,,,0,15,,72270,14,,,0,55,,72300,14,,,0,15,,68054,14,,,0,15,,72285,14,,,0,15,,72272,14,,,0,55,,72288,14,,,0,15,,68052,14,,,0,15,,72291,14,,,0,15,,72268,14,,,0,55,,72296,14,,,0,15,,68051,14,,,0,15,,72298,14,,,0,15,,72273,14,,,0,55,,72284,14,,,0,14,,68053,14,,,0,15,,72287,14,,,0,15,,72271,14,,,0,55,,72290,14,,,0,15,,68063,14,,,0,30,,72278,14,,,0,71,,68066,14,,,0,15,,72294,14,,,0,10,,72277,14,,,0,68,,68062,14,,,0,29,,72276,14,,,0,70,,68064,14,,,0,30,,63214,14,,,0,70,,68065,14,,,0,30,,63213,14,,,0,70,,68061,14,,,0,26,,63212,14,,,0
501029,'1924',559,,63257,2,,,0,90,,63274,14,,,0,100,,63273,14,,,0,100,,63272,14,,,0,176,,68103,14,,,0,102,,68096,14,,,0,100,,68097,14,,,0,100,,68102,14,,,0,100,,68101,14,,,0,100,,68099,14,,,0,100,,68098,14,,,0,99,,68100,14,,,0,100,,68110,14,,,0,101,,68113,14,,,0,93,,68109,14,,,0,99,,68111,14,,,0,30,,63268,14,,,0,70,,68112,14,,,0,30,,63267,14,,,0,70,,68108,14,,,0,26,,63266,14,,,0
501029,'1925',559,,63311,2,,,0,70,,72315,2,,,0,20,,63328,14,,,0,70,,72314,14,,,0,30,,63327,14,,,0,70,,72313,14,,,0,30,,63326,14,,,0,70,,72316,14,,,0,31,,72312,14,,,0,75,,68150,14,,,0,15,,72326,14,,,0,15,,72307,14,,,0,56,,72330,14,,,0,16,,68143,14,,,0,15,,72332,14,,,0,15,,72308,14,,,0,55,,72319,14,,,0,15,,68144,14,,,0,15,,72322,14,,,0,15,,72302,14,,,0,55,,72325,14,,,0,15,,68149,14,,,0,15,,72328,14,,,0,15,,72303,14,,,0,55,,72333,14,,,0,15,,68148,14,,,0,15,,72318,14,,,0,15,,72305,14,,,0,55,,72321,14,,,0,15,,68146,14,,,0,15,,72324,14,,,0,15,,72301,14,,,0,55,,72329,14,,,0,15,,68145,14,,,0,15,,72331,14,,,0,15,,72306,14,,,0,55,,72317,14,,,0,14,,68147,14,,,0,15,,72320,14,,,0,15,,72304,14,,,0,55,,72323,14,,,0,15,,68157,14,,,0,30,,72311,14,,,0,71,,68160,14,,,0,15,,72327,14,,,0,10,,72310,14,,,0,68,,68156,14,,,0,29,,72309,14,,,0,70,,68158,14,,,0,30,,63322,14,,,0,70,,68159,14,,,0,30,,63321,14,,,0,70,,68155,14,,,0,26,,63320,14,,,0
501029,'1949',1028,,68221,14,,,0,116,,68222,14,,,0,115,,68223,14,,,0,155,,68225,14,,,0,116,,68226,14,,,0,6,,68246,14,,,0,118,,68231,14,,,0,61,,68232,14,,,0,109,,68235,14,,,0,76,,68237,14,,,0,27,,68239,14,,,0,223,,68242,14,,,0,100,,68244,14,,,0
501029,'1955',559,,67990,2,,,0,70,,67996,2,,,0,21,,67989,14,,,0,75,,67994,14,,,0,15,,68029,14,,,0,15,,67988,14,,,0,70,,67995,14,,,0,30,,67987,14,,,0,100,,67986,14,,,0,55,,67984,14,,,0,15,,67992,14,,,0,16,,67991,14,,,0,16,,68004,14,,,0,55,,68013,14,,,0,15,,68030,14,,,0,15,,68022,14,,,0,15,,68005,14,,,0,55,,68014,14,,,0,16,,68031,14,,,0,15,,68023,14,,,0,15,,68006,14,,,0,55,,68015,14,,,0,15,,68032,14,,,0,15,,68024,14,,,0,15,,68007,14,,,0,55,,68016,14,,,0,15,,68033,14,,,0,15,,68025,14,,,0,15,,68008,14,,,0,55,,68017,14,,,0,15,,68034,14,,,0,15,,68026,14,,,0,15,,68009,14,,,0,55,,68018,14,,,0,15,,68035,14,,,0,15,,68027,14,,,0,15,,68010,14,,,0,55,,68019,14,,,0,15,,68012,14,,,0,15,,68028,14,,,0,15,,68011,14,,,0,55,,68020,14,,,0,15,,68001,14,,,0,15,,68003,14,,,0,15,,67985,14,,,0,55,,68021,14,,,0,14,,68002,14,,,0,15,,68036,14,,,0,83,,67999,14,,,0,95,,68000,14,,,0
501029,'1956',629,,68106,2,,,0,90,,68105,14,,,0,100,,68104,14,,,0,100,,68107,14,,,0,31,,68095,14,,,0,90,,68123,14,,,0,15,,68090,14,,,0,56,,68127,14,,,0,31,,68129,14,,,0,15,,68091,14,,,0,55,,68116,14,,,0,30,,68119,14,,,0,15,,68085,14,,,0,55,,68122,14,,,0,30,,68125,14,,,0,15,,68086,14,,,0,55,,68130,14,,,0,30,,68115,14,,,0,15,,68088,14,,,0,55,,68118,14,,,0,30,,68121,14,,,0,15,,68084,14,,,0,55,,68126,14,,,0,30,,68128,14,,,0,15,,68089,14,,,0,55,,68114,14,,,0,29,,68117,14,,,0,15,,68087,14,,,0,55,,68120,14,,,0,45,,68094,14,,,0,86,,68124,14,,,0,10,,68093,14,,,0,97,,68092,14,,,0
501029,'1957',626,,72381,2,,,0,77,,72379,14,,,0,10,,72336,14,,,0,10,,72337,14,,,0,20,,72338,14,,,0,72,,72339,14,,,0,12,,72340,14,,,0,13,,72341,14,,,0,10,,72342,14,,,0,51,,72343,14,,,0,15,,72344,14,,,0,12,,72345,14,,,0,30,,72346,14,,,0,55,,72347,14,,,0,30,,72348,14,,,0,15,,72349,14,,,0,55,,72350,14,,,0,16,,72351,14,,,0,30,,72352,14,,,0,55,,72353,14,,,0,15,,72354,14,,,0,15,,72355,14,,,0,70,,72356,14,,,0,15,,72357,14,,,0,15,,72358,14,,,0,15,,72359,14,,,0,71,,72360,14,,,0,16,,72361,14,,,0,9,,72382,2,,,0,48,,72334,14,,,0,15,,72335,14,,,0,24,,72362,14,,,0,12,,72363,14,,,0,52,,72364,14,,,0,12,,72365,14,,,0,12,,72366,14,,,0,6,,72380,14,,,0,6,,72367,14,,,0,64,,72368,14,,,0,21,,72369,14,,,0,21,,72370,14,,,0,52,,72371,14,,,0,36,,72372,14,,,0,76,,72373,14,,,0,30,,72374,14,,,0,15,,72375,14,,,0,168,,72376,14,,,0,95,,72377,14,,,0,100,,72378,14,,,0
501029,'1958',559,,72389,2,,,0,70,,72394,2,,,0,21,,72388,14,,,0,75,,72392,14,,,0,15,,72425,14,,,0,15,,72387,14,,,0,70,,72393,14,,,0,30,,72386,14,,,0,100,,72385,14,,,0,55,,72383,14,,,0,15,,72391,14,,,0,16,,72390,14,,,0,16,,72400,14,,,0,55,,72409,14,,,0,15,,72426,14,,,0,15,,72418,14,,,0,15,,72401,14,,,0,55,,72410,14,,,0,16,,72427,14,,,0,15,,72419,14,,,0,15,,72402,14,,,0,55,,72411,14,,,0,15,,72428,14,,,0,15,,72420,14,,,0,15,,72403,14,,,0,55,,72412,14,,,0,15,,72429,14,,,0,15,,72421,14,,,0,15,,72404,14,,,0,55,,72413,14,,,0,15,,72430,14,,,0,15,,72422,14,,,0,15,,72405,14,,,0,55,,72414,14,,,0,15,,72431,14,,,0,15,,72423,14,,,0,15,,72406,14,,,0,55,,72415,14,,,0,15,,72408,14,,,0,15,,72424,14,,,0,15,,72407,14,,,0,55,,72416,14,,,0,15,,72397,14,,,0,15,,72399,14,,,0,15,,72384,14,,,0,55,,72417,14,,,0,14,,72398,14,,,0,15,,72432,14,,,0,83,,72395,14,,,0,95,,72396,14,,,0
501029,'1959',629,,72447,2,,,0,90,,72446,14,,,0,100,,72445,14,,,0,100,,72448,14,,,0,31,,72444,14,,,0,90,,72458,14,,,0,15,,72439,14,,,0,56,,72462,14,,,0,31,,72464,14,,,0,15,,72440,14,,,0,55,,72451,14,,,0,30,,72454,14,,,0,15,,72434,14,,,0,55,,72457,14,,,0,30,,72460,14,,,0,15,,72435,14,,,0,55,,72465,14,,,0,30,,72450,14,,,0,15,,72437,14,,,0,55,,72453,14,,,0,30,,72456,14,,,0,15,,72433,14,,,0,55,,72461,14,,,0,30,,72463,14,,,0,15,,72438,14,,,0,55,,72449,14,,,0,29,,72452,14,,,0,15,,72436,14,,,0,55,,72455,14,,,0,45,,72443,14,,,0,86,,72459,14,,,0,10,,72442,14,,,0,97,,72441,14,,,0
