609,'1912',834,,70924,4,0,5 2 6 7,0,100,,70925,4,0,5 2 6 7,0,100,,70926,4,0,5 2 6 7,0,100,,70927,4,0,5 2 6 7,0,101,,70928,4,0,5 2 6 7,0,100,,70929,4,0,5 2 6 7,0,100,,70930,4,0,5 2 6 7,0,100,,70931,4,0,5 2 6 7,0,100,,70932,4,0,5 2 6 7,0,100,,70933,4,0,5 2 6 7,0,99,,70934,4,0,5 2 6 7,0,100,,70935,4,0,5 2 6 7,0
609,'1959',834,,71108,4,0,5 2 6 7,0,100,,71109,4,0,5 2 6 7,0,100,,71110,4,0,5 2 6 7,0,100,,71111,4,0,5 2 6 7,0,101,,71112,4,0,5 2 6 7,0,100,,71113,4,0,5 2 6 7,0,100,,71114,4,0,5 2 6 7,0,100,,71115,4,0,5 2 6 7,0,100,,71116,4,0,5 2 6 7,0,100,,71117,4,0,5 2 6 7,0,99,,71118,4,0,5 2 6 7,0,100,,71119,4,0,5 2 6 7,0
609,'1967',606,,74298,4,0,15 16 17,0,30,,74279,4,0,15 16 17,0,70,,74269,4,0,15 16 17,0,30,,71074,4,0,15 16 17,0,70,,71047,4,0,15 16 17,0,30,,71059,4,0,15 16 17,0,70,,74268,4,0,15 16 17,0,28,,74292,4,0,15 16 17,0,70,,74267,4,0,15 16 17,0,30,,74278,4,0,15 16 17,0,71,,74266,4,0,15 16 17,0,30,,74291,4,0,15 16 17,0,70,,74265,4,0,15 16 17,0,30,,74277,4,0,15 16 17,0,70,,74264,4,0,15 16 17,0,30,,74290,4,0,15 16 17,0,70,,74263,4,0,15 16 17,0,30,,74276,4,0,15 16 17,0,70,,74262,4,0,15 16 17,0,30,,74289,4,0,15 16 17,0,70,,74261,4,0,15 16 17,0,30,,74275,4,0,15 16 17,0,70,,74260,4,0,15 16 17,0,30,,74295,4,0,15 16 17,0,70,,74280,4,0,15 16 17,0,30,,74293,4,0,15 16 17,0,69,,74296,4,0,5 2 6 7,0,100,,74288,4,0,5 2 6 7,0,100,,71082,4,0,5 2 6 7,0
609,'1969',834,,70960,4,0,5 2 6 7,0,100,,70961,4,0,5 2 6 7,0,100,,70962,4,0,5 2 6 7,0,100,,70963,4,0,5 2 6 7,0,101,,70964,4,0,5 2 6 7,0,100,,70965,4,0,5 2 6 7,0,100,,70966,4,0,5 2 6 7,0,100,,70967,4,0,5 2 6 7,0,100,,70968,4,0,5 2 6 7,0,100,,70969,4,0,5 2 6 7,0,99,,70970,4,0,5 2 6 7,0,100,,70971,4,0,5 2 6 7,0
609,'1976',614,,74248,4,0,15 16 17,0,35,,74226,4,0,15 16 17,0,71,,74224,4,0,15 16 17,0,30,,74229,4,0,15 16 17,0,70,,70991,4,0,15 16 17,0,30,,71000,4,0,15 16 17,0,70,,74247,4,0,15 16 17,0,30,,70988,4,0,15 16 17,0,70,,70997,4,0,15 16 17,0,30,,70998,4,0,15 16 17,0,70,,70996,4,0,15 16 17,0,30,,71019,4,0,15 16 17,0,70,,71018,4,0,15 16 17,0,30,,71015,4,0,15 16 17,0,70,,74242,4,0,15 16 17,0,30,,74243,4,0,15 16 17,0,70,,74241,4,0,15 16 17,0,30,,74239,4,0,15 16 17,0,70,,74240,4,0,15 16 17,0,30,,74238,4,0,15 16 17,0,70,,74237,4,0,15 16 17,0,30,,74236,4,0,15 16 17,0,70,,71010,4,0,15 16 17,0,29,,71007,4,0,15 16 17,0,65,,74235,4,0,15 16 17,0,30,,71005,4,0,15 16 17,0,90,,71003,4,0,15 16 17,0,100,,74234,4,0,15 16 17,0,100,,71002,4,0,15 16 17,0,100,,71024,4,0,15 16 17,0
609,'1977',614,,75330,4,0,15 16 17,0,35,,75284,4,0,15 16 17,0,71,,75281,4,0,15 16 17,0,30,,75294,4,0,15 16 17,0,70,,75296,4,0,15 16 17,0,30,,75306,4,0,15 16 17,0,70,,75329,4,0,15 16 17,0,30,,75293,4,0,15 16 17,0,70,,75302,4,0,15 16 17,0,30,,75303,4,0,15 16 17,0,70,,75301,4,0,15 16 17,0,30,,75325,4,0,15 16 17,0,70,,75324,4,0,15 16 17,0,30,,75321,4,0,15 16 17,0,70,,75322,4,0,15 16 17,0,30,,75323,4,0,15 16 17,0,70,,75320,4,0,15 16 17,0,30,,75318,4,0,15 16 17,0,70,,75319,4,0,15 16 17,0,30,,75317,4,0,15 16 17,0,70,,75315,4,0,15 16 17,0,30,,75314,4,0,15 16 17,0,70,,75316,4,0,15 16 17,0,29,,75313,4,0,15 16 17,0,65,,75312,4,0,15 16 17,0,30,,75311,4,0,15 16 17,0,90,,75309,4,0,15 16 17,0,100,,75310,4,0,15 16 17,0,100,,75308,4,0,15 16 17,0,100,,75332,4,0,15 16 17,0
15019,'1912',716,,61566,15,,,0,100,,61564,15,,,0,100,,61567,15,,,0,100,,61565,15,,,0,100,,61562,15,,,0,100,,61560,15,,,0,101,,61563,15,,,0,100,,61561,15,,,0,100,,61558,15,,,0,100,,61559,15,,,0,100,,61556,15,,,0,100,,61557,15,,,0,100,,61555,15,,,0,99,,71673,15,,,0
15019,'1959',716,,61580,15,,,0,100,,61578,15,,,0,100,,61581,15,,,0,100,,61579,15,,,0,100,,61576,15,,,0,100,,61574,15,,,0,101,,61577,15,,,0,100,,61575,15,,,0,100,,61572,15,,,0,100,,61573,15,,,0,100,,61570,15,,,0,100,,61571,15,,,0,100,,61569,15,,,0,99,,71708,15,,,0
15019,'1967',716,,71700,15,,,0,100,,71701,15,,,0,100,,74448,15,,,0,100,,71702,15,,,0,100,,71703,15,,,0,100,,74449,15,,,0,102,,71704,15,,,0,100,,61547,15,,,0,100,,74450,15,,,0,100,,61549,15,,,0,100,,67300,15,,,0,98,,61551,15,,,0,100,,71705,15,,,0,100,,74451,15,,,0
15019,'1969',716,,61594,15,,,0,100,,61592,15,,,0,100,,61595,15,,,0,100,,61593,15,,,0,100,,61590,15,,,0,100,,61588,15,,,0,101,,61591,15,,,0,100,,61589,15,,,0,100,,61586,15,,,0,100,,61587,15,,,0,100,,61584,15,,,0,100,,61585,15,,,0,100,,61583,15,,,0,99,,71674,15,,,0
15019,'1976',641,,61509,15,,,0,70,,74441,15,,,0,31,,67326,15,,,0,70,,71676,15,,,0,30,,71677,15,,,0,70,,71678,15,,,0,30,,74442,15,,,0,70,,74443,15,,,0,30,,74444,15,,,0,70,,71682,15,,,0,30,,74445,15,,,0,70,,74446,15,,,0,30,,71685,15,,,0,70,,71686,15,,,0,30,,71687,15,,,0,70,,71688,15,,,0,31,,71689,15,,,0,70,,61526,15,,,0,30,,71690,15,,,0,70,,74447,15,,,0,29,,71692,15,,,0,70,,71693,15,,,0,30,,71694,15,,,0,70,,61532,15,,,0,30,,71695,15,,,0,70,,71699,15,,,0,30,,71696,15,,,0,99,,71697,15,,,0,100,,71698,15,,,0,100,,67335,15,0,5 2 6 7,0
15019,'1977',641,,75589,15,,,0,70,,75590,15,,,0,31,,75591,15,,,0,70,,75592,15,,,0,30,,75593,15,,,0,70,,75594,15,,,0,30,,75595,15,,,0,70,,75596,15,,,0,30,,75597,15,,,0,70,,75598,15,,,0,30,,75599,15,,,0,70,,75600,15,,,0,30,,75601,15,,,0,70,,75602,15,,,0,30,,75603,15,,,0,70,,75604,15,,,0,31,,75605,15,,,0,70,,75606,15,,,0,30,,75607,15,,,0,70,,75608,15,,,0,29,,75609,15,,,0,70,,75610,15,,,0,30,,75611,15,,,0,70,,75612,15,,,0,30,,75613,15,,,0,70,,75619,15,,,0,30,,75614,15,,,0,99,,75615,15,,,0,100,,75618,15,,,0,100,,75616,15,0,5 2 6 7,0
502029,'1912',607,,72667,3,,,0,28,,72649,3,,,0,65,,72658,3,,,0,30,,72683,3,,,0,70,,72663,3,,,0,30,,72682,3,,,0,70,,72661,3,,,0,30,,72681,3,,,0,70,,72650,3,,,0,30,,72680,3,,,0,15,,72692,3,,,0,55,,72651,3,,,0,15,,72694,3,,,0,15,,72679,3,,,0,15,,72697,3,,,0,55,,72652,3,,,0,15,,72686,3,,,0,15,,72678,3,,,0,15,,72689,3,,,0,55,,72653,3,,,0,15,,72691,3,,,0,15,,72677,3,,,0,15,,72695,3,,,0,55,,72654,3,,,0,15,,72696,3,,,0,15,,72676,3,,,0,15,,72685,3,,,0,55,,72655,3,,,0,15,,72688,3,,,0,15,,72675,3,,,0,15,,72690,3,,,0,55,,72656,3,,,0,15,,72693,3,,,0,15,,72674,3,,,0,15,,72698,3,,,0,55,,72657,3,,,0,15,,72684,3,,,0,15,,72673,3,,,0,15,,72687,3,,,0,55,,72666,3,,,0,30,,72672,3,,,0,70,,72664,3,,,0,30,,72671,3,,,0,70,,72659,3,,,0,30,,72670,3,,,0,70,,72660,3,,,0,30,,72668,3,,,0,29,,72665,3,,,0,70,,72669,3,,,0,30,,72662,3,,,0
502029,'1959',607,,72893,3,,,0,28,,72875,3,,,0,65,,72884,3,,,0,30,,72909,3,,,0,70,,72889,3,,,0,30,,72908,3,,,0,70,,72887,3,,,0,30,,72907,3,,,0,70,,72876,3,,,0,30,,72906,3,,,0,15,,72918,3,,,0,55,,72877,3,,,0,15,,72920,3,,,0,15,,72905,3,,,0,15,,72923,3,,,0,55,,72878,3,,,0,15,,72912,3,,,0,15,,72904,3,,,0,15,,72915,3,,,0,55,,72879,3,,,0,15,,72917,3,,,0,15,,72903,3,,,0,15,,72921,3,,,0,55,,72880,3,,,0,15,,72922,3,,,0,15,,72902,3,,,0,15,,72911,3,,,0,55,,72881,3,,,0,15,,72914,3,,,0,15,,72901,3,,,0,15,,72916,3,,,0,55,,72882,3,,,0,15,,72919,3,,,0,15,,72900,3,,,0,15,,72924,3,,,0,55,,72883,3,,,0,15,,72910,3,,,0,15,,72899,3,,,0,15,,72913,3,,,0,55,,72892,3,,,0,30,,72898,3,,,0,70,,72890,3,,,0,30,,72897,3,,,0,70,,72885,3,,,0,30,,72896,3,,,0,70,,72886,3,,,0,30,,72894,3,,,0,29,,72891,3,,,0,70,,72895,3,,,0,30,,72888,3,,,0
502029,'1967',605,,72827,3,,,0,15,,74956,3,,,0,15,,72834,3,,,0,70,,74936,3,,,0,30,,72835,3,,,0,65,,74935,3,,,0,30,,74938,3,,,0,70,,74934,3,,,0,30,,74939,3,,,0,15,,72838,3,,,0,55,,74948,3,,,0,15,,72847,3,,,0,15,,74940,3,,,0,15,,72839,3,,,0,55,,74949,3,,,0,15,,72848,3,,,0,15,,74941,3,,,0,15,,72840,3,,,0,55,,74950,3,,,0,15,,72849,3,,,0,15,,74942,3,,,0,15,,72841,3,,,0,55,,74951,3,,,0,15,,72850,3,,,0,15,,74943,3,,,0,15,,72842,3,,,0,55,,74952,3,,,0,15,,72851,3,,,0,15,,74944,3,,,0,15,,72843,3,,,0,55,,74953,3,,,0,15,,72852,3,,,0,15,,74945,3,,,0,15,,72844,3,,,0,55,,74954,3,,,0,15,,72853,3,,,0,15,,74946,3,,,0,15,,72845,3,,,0,55,,74955,3,,,0,15,,72854,3,,,0,15,,74937,3,,,0,15,,72846,3,,,0,55,,74947,3,,,0,15,,72855,3,,,0,15,,72830,3,,,0,15,,72872,3,,,0,55,,74957,3,,,0,30,,72831,3,,,0,70,,74933,3,,,0,30,,72832,3,,,0,70,,74932,3,,,0,30,,72828,3,,,0,70,,74931,3,,,0,30,,72833,3,,,0,70,,74930,3,,,0
502029,'1969',607,,72717,3,,,0,28,,72699,3,,,0,65,,72708,3,,,0,30,,72733,3,,,0,70,,72713,3,,,0,30,,72732,3,,,0,70,,72711,3,,,0,30,,72731,3,,,0,70,,72700,3,,,0,30,,72730,3,,,0,15,,72742,3,,,0,55,,72701,3,,,0,15,,72744,3,,,0,15,,72729,3,,,0,15,,72747,3,,,0,55,,72702,3,,,0,15,,72736,3,,,0,15,,72728,3,,,0,15,,72739,3,,,0,55,,72703,3,,,0,15,,72741,3,,,0,15,,72727,3,,,0,15,,72745,3,,,0,55,,72704,3,,,0,15,,72746,3,,,0,15,,72726,3,,,0,15,,72735,3,,,0,55,,72705,3,,,0,15,,72738,3,,,0,15,,72725,3,,,0,15,,72740,3,,,0,55,,72706,3,,,0,15,,72743,3,,,0,15,,72724,3,,,0,15,,72748,3,,,0,55,,72707,3,,,0,15,,72734,3,,,0,15,,72723,3,,,0,15,,72737,3,,,0,55,,72716,3,,,0,30,,72722,3,,,0,70,,72714,3,,,0,30,,72721,3,,,0,70,,72709,3,,,0,30,,72720,3,,,0,70,,72710,3,,,0,30,,72718,3,,,0,29,,72715,3,,,0,70,,72719,3,,,0,30,,72712,3,,,0
502029,'1976',530,,74922,3,,,0,15,,74923,3,,,0,55,,72751,3,,,0,15,,72752,3,,,0,7,,72753,3,,,0,8,,74924,3,,,0,15,,72755,3,,,0,12,,72756,3,,,0,52,,72757,3,,,0,12,,72758,3,,,0,6,,72759,3,,,0,6,,74925,3,,,0,12,,72761,3,,,0,6,,72762,3,,,0,6,,72763,3,,,0,52,,72764,3,,,0,12,,72765,3,,,0,12,,72766,3,,,0,12,,72767,3,,,0,55,,72768,3,,,0,15,,72769,3,,,0,15,,72770,3,,,0,15,,72771,3,,,0,55,,72772,3,,,0,15,,72773,3,,,0,15,,74926,3,,,0,15,,72775,3,,,0,55,,72776,3,,,0,15,,72777,3,,,0,15,,74927,3,,,0,15,,72779,3,,,0,55,,72780,3,,,0,15,,74928,3,,,0,15,,72782,3,,,0,15,,72783,3,,,0,55,,72784,3,,,0,15,,72785,3,,,0,15,,74929,3,,,0,15,,72787,3,,,0,55,,72788,3,,,0,15,,72789,3,,,0,15,,72790,3,,,0,16,,72791,3,,,0,55,,72792,3,,,0,15,,72793,3,,,0,12,,72794,3,,,0,12,,72795,3,,,0,12,,72796,3,,,0,52,,72797,3,,,0,12,,72798,3,,,0,12,,72799,3,,,0,12,,72800,3,,,0,12,,72801,3,,,0,52,,72802,3,,,0,11,,72803,3,,,0,12,,72804,3,,,0,12,,72805,3,,,0,12,,72806,3,,,0,52,,72807,3,,,0,12,,72808,3,,,0,15,,72809,3,,,0,15,,72819,3,,,0,55,,72810,3,,,0,30,,72811,3,,,0,70,,72812,3,,,0,30,,72813,3,,,0,70,,72814,3,,,0,30,,72815,3,,,0,70,,72816,3,,,0,30,,72817,3,,,0,70,,72818,3,,,0
502029,'1977',530,,76111,3,,,0,15,,76112,3,,,0,55,,76113,3,,,0,15,,76114,3,,,0,7,,76115,3,,,0,8,,76116,3,,,0,15,,76117,3,,,0,12,,76118,3,,,0,52,,76119,3,,,0,12,,76120,3,,,0,6,,76121,3,,,0,6,,76122,3,,,0,12,,76123,3,,,0,6,,76124,3,,,0,6,,76125,3,,,0,52,,76126,3,,,0,12,,76127,3,,,0,12,,76128,3,,,0,12,,76129,3,,,0,55,,76130,3,,,0,15,,76131,3,,,0,15,,76132,3,,,0,15,,76133,3,,,0,55,,76134,3,,,0,15,,76135,3,,,0,15,,76136,3,,,0,15,,76137,3,,,0,55,,76138,3,,,0,15,,76139,3,,,0,15,,76140,3,,,0,15,,76141,3,,,0,55,,76142,3,,,0,15,,76143,3,,,0,15,,76144,3,,,0,15,,76145,3,,,0,55,,76146,3,,,0,15,,76147,3,,,0,15,,76148,3,,,0,15,,76149,3,,,0,55,,76150,3,,,0,15,,76151,3,,,0,15,,76152,3,,,0,16,,76153,3,,,0,55,,76154,3,,,0,15,,76155,3,,,0,12,,76156,3,,,0,12,,76157,3,,,0,12,,76158,3,,,0,52,,76159,3,,,0,12,,76160,3,,,0,12,,76161,3,,,0,12,,76162,3,,,0,12,,76163,3,,,0,52,,76164,3,,,0,11,,76165,3,,,0,12,,76166,3,,,0,12,,76167,3,,,0,12,,76168,3,,,0,52,,76169,3,,,0,12,,76170,3,,,0,15,,76171,3,,,0,15,,76181,3,,,0,55,,76172,3,,,0,30,,76173,3,,,0,70,,76174,3,,,0,30,,76175,3,,,0,70,,76176,3,,,0,30,,76177,3,,,0,70,,76178,3,,,0,30,,76179,3,,,0,70,,76180,3,,,0
