10029,'1909',946,,60789,15,,,0,999,,60809,15,,,0,95,,60811,15,,,0,100,,60813,15,,,0,100,,60814,15,,,0
10029,'1910',1913,,66855,15,,,0,28,,60815,15,,,0,100,,66856,15,,,0,100,,60842,15,,,0
10029,'1912',811,,60857,15,,,0,30,,66871,15,,,0,70,,60859,15,,,0,30,,66872,15,,,0,70,,60861,15,,,0,30,,71396,15,,,0,70,,71397,15,,,0,30,,71398,15,,,0,70,,71399,15,,,0,32,,71400,15,,,0,70,,71387,15,,,0,30,,71390,15,,,0,70,,71384,15,,,0,30,,71389,15,,,0,70,,71388,15,,,0,30,,71391,15,,,0,70,,71385,15,,,0,30,,71392,15,,,0,70,,66860,15,,,0,30,,71393,15,,,0,70,,71386,15,,,0,28,,71394,15,,,0,70,,66858,15,,,0,30,,71395,15,,,0
10029,'1924',811,,60881,15,,,0,30,,66892,15,,,0,70,,60883,15,,,0,30,,66893,15,,,0,70,,60885,15,,,0,702,,66881,15,,,0,198,,66879,15,,,0
10029,'1925',811,,60905,15,,,0,30,,66913,15,,,0,70,,60907,15,,,0,30,,66914,15,,,0,70,,60909,15,,,0,30,,71413,15,,,0,70,,71414,15,,,0,30,,71415,15,,,0,70,,71416,15,,,0,32,,71417,15,,,0,70,,71404,15,,,0,30,,71407,15,,,0,70,,71401,15,,,0,30,,71406,15,,,0,70,,71405,15,,,0,30,,71408,15,,,0,70,,71402,15,,,0,30,,71409,15,,,0,70,,66902,15,,,0,30,,71410,15,,,0,70,,71403,15,,,0,28,,71411,15,,,0,70,,66900,15,,,0,30,,71412,15,,,0
10029,'1949',1416,,66940,15,,,0
10029,'1955',711,,60816,15,,,0,30,,66833,15,,,0,70,,66834,15,,,0,30,,66835,15,,,0,70,,60820,15,,,0,30,,66836,15,,,0,70,,66837,15,,,0,32,,66838,15,,,0,70,,66839,15,,,0,30,,66840,15,,,0,70,,66841,15,,,0,30,,66842,15,,,0,70,,66843,15,,,0,30,,66844,15,,,0,70,,66845,15,,,0,30,,66846,15,,,0,70,,66847,15,,,0,30,,66848,15,,,0,70,,66849,15,,,0,30,,66850,15,,,0,70,,66851,15,,,0,30,,66852,15,,,0,70,,66853,15,,,0,30,,66854,15,,,0
10029,'1956',1041,,66894,15,,,0,70,,66895,15,,,0,30,,66896,15,,,0,70,,66897,15,,,0,32,,66898,15,,,0,70,,66883,15,,,0,30,,66886,15,,,0,70,,66878,15,,,0,30,,66885,15,,,0,70,,66884,15,,,0,30,,66887,15,,,0,70,,66880,15,,,0,30,,66888,15,,,0,100,,66889,15,,,0,70,,66882,15,,,0,28,,66890,15,,,0,100,,66891,15,,,0
10029,'1957',611,,71418,15,,,0,30,,71419,15,,,0,77,,71420,15,,,0,30,,71421,15,,,0,70,,71422,15,,,0,30,,71423,15,,,0,68,,71424,15,,,0,100,,71425,15,,,0,30,,71426,15,,,0,70,,71427,15,,,0,30,,71428,15,,,0,70,,71429,15,,,0,30,,71430,15,,,0,70,,71431,15,,,0,30,,71432,15,,,0,100,,71433,15,,,0,75,,71434,15,,,0,30,,71435,15,,,0,70,,71436,15,,,0,30,,71437,15,,,0,70,,71438,15,,,0,29,,71439,15,,,0,65,,71440,15,,,0,30,,71441,15,,,0,70,,71442,15,,,0,100,,71443,15,,,0,95,,71444,15,,,0
10029,'1958',711,,71445,15,,,0,30,,71446,15,,,0,70,,71447,15,,,0,30,,71448,15,,,0,70,,71449,15,,,0,30,,71450,15,,,0,70,,71451,15,,,0,32,,71452,15,,,0,70,,71453,15,,,0,30,,71454,15,,,0,70,,71455,15,,,0,30,,71456,15,,,0,70,,71457,15,,,0,30,,71458,15,,,0,70,,71459,15,,,0,30,,71460,15,,,0,70,,71461,15,,,0,30,,71462,15,,,0,70,,71463,15,,,0,30,,71464,15,,,0,70,,71465,15,,,0,30,,71466,15,,,0,70,,71467,15,,,0,30,,71468,15,,,0
10029,'1959',1041,,71481,15,,,0,70,,71482,15,,,0,30,,71483,15,,,0,70,,71484,15,,,0,32,,71485,15,,,0,70,,71472,15,,,0,30,,71475,15,,,0,70,,71469,15,,,0,30,,71474,15,,,0,70,,71473,15,,,0,30,,71476,15,,,0,70,,71470,15,,,0,30,,71477,15,,,0,100,,71478,15,,,0,70,,71471,15,,,0,28,,71479,15,,,0,100,,71480,15,,,0
