701019,'1910',625,,68785,8,,,0,28,,68770,8,,,0,70,,68760,8,,,0,30,,68766,8,,,0,70,,68773,8,,,0,15,,68789,8,,,0,15,,68756,8,,,0,70,,68761,8,,,0,30,,68767,8,,,0,59,,68811,8,,,0,15,,68831,8,,,0,30,,68835,8,,,0,70,,68842,8,,,0,30,,68849,8,,,0,55,,68840,8,,,0,15,,68797,8,,,0,30,,68830,8,,,0,55,,68801,8,,,0,15,,68839,8,,,0,30,,68804,8,,,0,70,,68829,8,,,0,30,,68838,8,,,0,55,,68800,8,,,0,15,,68843,8,,,0,30,,68820,8,,,0,55,,68841,8,,,0,45,,68799,8,,,0,55,,68819,8,,,0,15,,68826,8,,,0,30,,68812,8,,,0,55,,68815,8,,,0,45,,68803,8,,,0,52,,68786,8,,,0,15,,68816,8,,,0,15,,68791,8,,,0,15,,68768,8,,,0,70,,68774,8,,,0,30,,68757,8,,,0,70,,68762,8,,,0,30,,68769,8,,,0,70,,68775,8,,,0,30,,68782,8,,,0,70,,68784,8,,,0,25,,68794,8,,,0,65,,68787,8,,,0
701019,'1912',625,,72955,8,,,0,28,,72986,8,,,0,70,,72973,8,,,0,30,,72954,8,,,0,55,,68877,8,,,0,15,,72988,8,,,0,15,,72934,8,,,0,15,,72962,8,,,0,56,,68861,8,,,0,15,,72951,8,,,0,15,,68878,8,,,0,15,,68940,8,,,0,55,,72933,8,,,0,15,,72971,8,,,0,15,,68862,8,,,0,15,,72950,8,,,0,55,,68857,8,,,0,16,,72983,8,,,0,15,,68865,8,,,0,15,,68919,8,,,0,55,,68860,8,,,0,15,,68893,8,,,0,15,,68872,8,,,0,15,,68937,8,,,0,55,,68863,8,,,0,15,,68915,8,,,0,15,,68868,8,,,0,15,,72947,8,,,0,55,,68871,8,,,0,15,,72989,8,,,0,15,,68858,8,,,0,15,,72967,8,,,0,55,,68870,8,,,0,15,,72945,8,,,0,15,,68874,8,,,0,15,,72985,8,,,0,55,,68855,8,,,0,15,,72972,8,,,0,15,,68856,8,,,0,15,,72943,8,,,0,55,,68873,8,,,0,15,,72981,8,,,0,15,,68854,8,,,0,15,,72964,8,,,0,55,,68869,8,,,0,15,,72942,8,,,0,15,,68875,8,,,0,15,,72980,8,,,0,55,,68866,8,,,0,15,,72965,8,,,0,15,,68867,8,,,0,15,,72940,8,,,0,54,,68876,8,,,0,15,,72990,8,,,0,15,,68864,8,,,0,15,,72963,8,,,0,70,,72937,8,,,0,30,,68943,8,,,0,70,,72959,8,,,0,30,,72935,8,,,0,70,,68948,8,,,0,25,,72991,8,,,0,65,,68951,8,,,0
701019,'1924',808,,68976,8,,,0,101,,68960,8,,,0,30,,68977,8,,,0,15,,69039,8,,,0,85,,68961,8,,,0,70,,68956,8,,,0,31,,68964,8,,,0,15,,69018,8,,,0,55,,68959,8,,,0,15,,68992,8,,,0,15,,68971,8,,,0,15,,69036,8,,,0,55,,68962,8,,,0,15,,69014,8,,,0,15,,68967,8,,,0,70,,68970,8,,,0,30,,68957,8,,,0,70,,68969,8,,,0,30,,68973,8,,,0,70,,68954,8,,,0,30,,68955,8,,,0,70,,68972,8,,,0,30,,68953,8,,,0,70,,68968,8,,,0,30,,68974,8,,,0,70,,68965,8,,,0,30,,68966,8,,,0,69,,68975,8,,,0,30,,68963,8,,,0,115,,69042,8,,,0,170,,69047,8,,,0,90,,69050,8,,,0
701019,'1925',625,,73015,8,,,0,28,,73046,8,,,0,70,,73033,8,,,0,30,,73014,8,,,0,55,,69075,8,,,0,15,,73048,8,,,0,15,,72994,8,,,0,15,,73022,8,,,0,56,,69059,8,,,0,15,,73011,8,,,0,15,,69076,8,,,0,15,,69138,8,,,0,55,,72993,8,,,0,15,,73031,8,,,0,15,,69060,8,,,0,15,,73010,8,,,0,55,,69055,8,,,0,16,,73043,8,,,0,15,,69063,8,,,0,15,,69117,8,,,0,55,,69058,8,,,0,15,,69091,8,,,0,15,,69070,8,,,0,15,,69135,8,,,0,55,,69061,8,,,0,15,,69113,8,,,0,15,,69066,8,,,0,15,,73007,8,,,0,55,,69069,8,,,0,15,,73049,8,,,0,15,,69056,8,,,0,15,,73027,8,,,0,55,,69068,8,,,0,15,,73005,8,,,0,15,,69072,8,,,0,15,,73045,8,,,0,55,,69053,8,,,0,15,,73032,8,,,0,15,,69054,8,,,0,15,,73003,8,,,0,55,,69071,8,,,0,15,,73041,8,,,0,15,,69052,8,,,0,15,,73024,8,,,0,55,,69067,8,,,0,15,,73002,8,,,0,15,,69073,8,,,0,15,,73040,8,,,0,55,,69064,8,,,0,15,,73025,8,,,0,15,,69065,8,,,0,15,,73000,8,,,0,54,,69074,8,,,0,15,,73050,8,,,0,15,,69062,8,,,0,15,,73023,8,,,0,70,,72997,8,,,0,30,,69141,8,,,0,70,,73019,8,,,0,30,,72995,8,,,0,70,,69146,8,,,0,25,,73051,8,,,0,65,,69149,8,,,0
701019,'1949',653,,69208,8,,,0,101,,69212,8,,,0,70,,69214,8,,,0,30,,69216,8,,,0,101,,69311,8,,,0,85,,69222,8,,,0,100,,69226,8,,,0,85,,69229,8,,,0,100,,69233,8,,,0,85,,69236,8,,,0,132,,69241,8,,,0,70,,69243,8,,,0,100,,69246,8,,,0,15,,69247,8,,,0,128,,69253,8,,,0,55,,69254,8,,,0,15,,69255,8,,,0,15,,69256,8,,,0,84,,69259,8,,,0,15,,69260,8,,,0,85,,69262,8,,,0,30,,69263,8,,,0,100,,69265,8,,,0,70,,69266,8,,,0,90,,69268,8,,,0
701019,'1955',808,,68788,8,,,0,100,,68790,8,,,0,30,,68795,8,,,0,104,,68847,8,,,0,70,,68802,8,,,0,30,,68824,8,,,0,100,,68845,8,,,0,100,,68823,8,,,0,70,,68837,8,,,0,30,,68846,8,,,0,100,,68828,8,,,0,85,,68848,8,,,0,15,,68851,8,,,0,100,,68817,8,,,0,85,,68821,8,,,0,15,,68810,8,,,0,167,,68792,8,,,0,30,,68793,8,,,0
701019,'1956',625,,69000,8,,,0,28,,69041,8,,,0,70,,69022,8,,,0,30,,68999,8,,,0,70,,69044,8,,,0,15,,68958,8,,,0,15,,69009,8,,,0,71,,68996,8,,,0,85,,68952,8,,,0,15,,69020,8,,,0,30,,68995,8,,,0,71,,69035,8,,,0,230,,68990,8,,,0,70,,69045,8,,,0,30,,69015,8,,,0,70,,68988,8,,,0,30,,69040,8,,,0,70,,69021,8,,,0,30,,68986,8,,,0,70,,69032,8,,,0,30,,69011,8,,,0,70,,68985,8,,,0,30,,69031,8,,,0,70,,69012,8,,,0,30,,68983,8,,,0,69,,69046,8,,,0,30,,69010,8,,,0,70,,68980,8,,,0,100,,69005,8,,,0,30,,68978,8,,,0,95,,69048,8,,,0
701019,'1957',605,,73053,8,,,0,30,,73054,8,,,0,74,,73055,8,,,0,15,,73056,8,,,0,15,,73057,8,,,0,70,,73058,8,,,0,30,,73059,8,,,0,71,,73060,8,,,0,15,,73061,8,,,0,15,,73062,8,,,0,70,,73063,8,,,0,15,,73064,8,,,0,30,,73065,8,,,0,55,,73066,8,,,0,15,,73067,8,,,0,30,,73068,8,,,0,55,,73069,8,,,0,30,,73070,8,,,0,15,,73071,8,,,0,55,,73072,8,,,0,30,,73073,8,,,0,15,,73074,8,,,0,70,,73075,8,,,0,17,,73076,8,,,0,15,,73077,8,,,0,55,,73115,8,,,0,15,,73078,8,,,0,30,,73079,8,,,0,70,,73117,8,,,0,15,,73080,8,,,0,15,,73081,8,,,0,83,,73082,8,,,0,15,,73083,8,,,0,55,,73084,8,,,0,15,,73085,8,,,0,15,,73086,8,,,0,115,,73087,8,,,0,54,,73088,8,,,0,45,,73089,8,,,0,170,,73090,8,,,0,125,,73091,8,,,0
701019,'1958',808,,73122,8,,,0,100,,73123,8,,,0,30,,73126,8,,,0,104,,73139,8,,,0,70,,73127,8,,,0,30,,73132,8,,,0,100,,73137,8,,,0,100,,73131,8,,,0,70,,73135,8,,,0,30,,73138,8,,,0,100,,73134,8,,,0,85,,73140,8,,,0,15,,73141,8,,,0,100,,73129,8,,,0,85,,73130,8,,,0,15,,73128,8,,,0,167,,73124,8,,,0,30,,73125,8,,,0
701019,'1959',625,,73164,8,,,0,28,,73195,8,,,0,70,,73182,8,,,0,30,,73163,8,,,0,70,,73197,8,,,0,15,,73143,8,,,0,15,,73171,8,,,0,71,,73160,8,,,0,85,,73142,8,,,0,15,,73180,8,,,0,30,,73159,8,,,0,71,,73192,8,,,0,230,,73156,8,,,0,70,,73198,8,,,0,30,,73176,8,,,0,70,,73154,8,,,0,30,,73194,8,,,0,70,,73181,8,,,0,30,,73152,8,,,0,70,,73190,8,,,0,30,,73173,8,,,0,70,,73151,8,,,0,30,,73189,8,,,0,70,,73174,8,,,0,30,,73149,8,,,0,69,,73199,8,,,0,30,,73172,8,,,0,70,,73146,8,,,0,100,,73168,8,,,0,30,,73144,8,,,0,95,,73200,8,,,0
