14019,'1909',521,,61431,9,,,0,500,,61417,9,,,0,1000,,61427,9,,,0,92,,61428,9,,,0
14019,'1910',644,,67210,9,,,0,603,,67216,9,,,0,100,,67217,9,,,0,200,,67219,9,,,0,100,,67220,9,,,0,100,,67221,9,,,0,298,,67224,9,,,0,200,,61449,9,,,0
14019,'1912',645,,61463,9,,,0,100,,67238,9,,,0,100,,67227,9,,,0,100,,71631,9,,,0,100,,67229,9,,,0,102,,67230,9,,,0,100,,67231,9,,,0,100,,67232,9,,,0,100,,67233,9,,,0,100,,67234,9,,,0,100,,67235,9,,,0,100,,67236,9,,,0,100,,67237,9,,,0,99,,61451,9,,,0,105,,71630,9,,,0
14019,'1924',645,,61478,9,,,0,100,,67251,9,,,0,100,,67240,9,,,0,200,,67242,9,,,0,102,,67243,9,,,0,100,,67244,9,,,0,100,,67245,9,,,0,100,,67246,9,,,0,100,,67247,9,,,0,100,,67248,9,,,0,100,,67249,9,,,0,100,,67250,9,,,0,99,,61466,9,,,0
14019,'1925',645,,61493,9,,,0,100,,67264,9,,,0,100,,67253,9,,,0,100,,71633,9,,,0,100,,67255,9,,,0,102,,67256,9,,,0,100,,67257,9,,,0,100,,67258,9,,,0,100,,67259,9,,,0,100,,67260,9,,,0,100,,67261,9,,,0,100,,67262,9,,,0,100,,67263,9,,,0,99,,61481,9,,,0,105,,71632,9,,,0
14019,'1955',744,,67211,9,,,0,102,,67212,9,,,0,100,,67213,9,,,0,100,,67214,9,,,0,101,,67215,9,,,0,300,,67218,9,,,0,400,,67222,9,,,0,98,,67223,9,,,0,200,,67225,9,,,0
14019,'1956',945,,67241,9,,,0,1106,,67239,9,,,0
14019,'1957',621,,71660,9,,,0,80,,71634,9,,,0,30,,71647,9,,,0,28,,71635,9,,,0,62,,71648,9,,,0,30,,71636,9,,,0,70,,71649,9,,,0,30,,71637,9,,,0,100,,71638,9,,,0,70,,71650,9,,,0,30,,71639,9,,,0,70,,71651,9,,,0,30,,71640,9,,,0,70,,71652,9,,,0,30,,71641,9,,,0,70,,71653,9,,,0,31,,71642,9,,,0,70,,71654,9,,,0,80,,71643,9,,,0,30,,71655,9,,,0,70,,71644,9,,,0,30,,71656,9,,,0,70,,71645,9,,,0,19,,71657,9,,,0,30,,71646,9,,,0,70,,71658,9,,,0,30,,71661,9,,,0,262,,71659,9,,,0
14019,'1958',744,,71662,9,,,0,102,,71663,9,,,0,100,,71664,9,,,0,100,,71665,9,,,0,101,,71666,9,,,0,300,,71667,9,,,0,400,,71668,9,,,0,98,,71669,9,,,0,200,,71670,9,,,0
14019,'1959',945,,71672,9,,,0,1106,,71671,9,,,0
