1019,'1909',737,,59087,4,,,0,100,,59076,4,,,0,170,,59067,4,,,0,100,,59072,4,,,0,130,,59075,4,,,0,100,,59099,4,,,0,170,,59096,4,,,0,30,,59089,4,,,0,200,,59084,4,,,0,70,,59083,4,,,0,95,,59100,4,,,0,130,,59093,4,,,0,170,,59090,4,,,0,30,,59088,4,,,0
1019,'1912',602,,59139,4,,,0,100,,59140,4,,,0,100,,59141,4,,,0,100,,59142,4,,,0,100,,59143,4,,,0,100,,59144,4,,,0,100,,59145,4,,,0,100,,59146,4,,,0,100,,59147,4,,,0,100,,59148,4,,,0,100,,59149,4,,,0,100,,59150,4,,,0,100,,59151,4,,,0,100,,59152,4,,,0,100,,59153,4,,,0,100,,59154,4,,,0,100,,59155,4,,,0,100,,59156,4,,,0
1019,'1924',602,,59157,4,,,0,100,,59158,4,,,0,100,,59159,4,,,0,100,,59160,4,,,0,100,,59161,4,,,0,100,,59162,4,,,0,100,,59163,4,,,0,100,,59164,4,,,0,100,,59165,4,,,0,100,,59166,4,,,0,100,,59167,4,,,0,100,,59168,4,,,0,100,,59169,4,,,0,100,,59170,4,,,0,100,,59171,4,,,0,100,,59172,4,,,0,100,,59173,4,,,0,100,,59174,4,,,0
1019,'1925',602,,59175,4,,,0,100,,59176,4,,,0,100,,59177,4,,,0,100,,59178,4,,,0,100,,59179,4,,,0,100,,59180,4,,,0,100,,59181,4,,,0,100,,59182,4,,,0,100,,59183,4,,,0,100,,59184,4,,,0,100,,59185,4,,,0,100,,59186,4,,,0,100,,59187,4,,,0,100,,59188,4,,,0,100,,59189,4,,,0,100,,59190,4,,,0,100,,59191,4,,,0,100,,59192,4,,,0
1019,'1949',707,,65941,4,,,0,100,,65942,4,,,0,130,,65943,4,,,0,100,,65945,4,,,0,170,,65946,4,,,0,100,,65940,4,,,0,130,,65944,4,,,0
1019,'1955',532,,65933,4,,,0,70,,65923,4,,,0,30,,65909,4,,,0,70,,65927,4,,,0,30,,65918,4,,,0,70,,65903,4,,,0,30,,65924,4,,,0,70,,65925,4,,,0,30,,65908,4,,,0,70,,65928,4,,,0,30,,65917,4,,,0,70,,65902,4,,,0,30,,65912,4,,,0,70,,65922,4,,,0,30,,65907,4,,,0,70,,65929,4,,,0,30,,65916,4,,,0,70,,65901,4,,,0,30,,65911,4,,,0,70,,65921,4,,,0,30,,65906,4,,,0,70,,65930,4,,,0,30,,65915,4,,,0,70,,65900,4,,,0,30,,65910,4,,,0,70,,65920,4,,,0,30,,65904,4,,,0,70,,65931,4,,,0,30,,65913,4,,,0,70,,59103,4,,,0,30,,65905,4,,,0,70,,65919,4,,,0,30,,65914,4,,,0,70,,65932,4,,,0,30,,65926,4,,,0,70,,59129,4,,,0
1019,'1957',532,,70230,4,,,0,75,,70228,4,,,0,30,,70217,4,,,0,270,,70229,4,,,0,230,,70218,4,,,0,270,,70216,4,,,0,200,,70221,4,,,0,30,,70219,4,,,0,70,,70222,4,,,0,130,,70220,4,,,0,95,,70226,4,,,0,70,,70227,4,,,0,100,,70225,4,,,0,30,,70224,4,,,0,170,,70223,4,,,0
1019,'1958',532,,70266,4,,,0,70,,70255,4,,,0,30,,70241,4,,,0,70,,70260,4,,,0,30,,70250,4,,,0,70,,70235,4,,,0,30,,70256,4,,,0,70,,70258,4,,,0,30,,70240,4,,,0,70,,70261,4,,,0,30,,70249,4,,,0,70,,70234,4,,,0,30,,70244,4,,,0,70,,70254,4,,,0,30,,70239,4,,,0,70,,70262,4,,,0,30,,70248,4,,,0,70,,70233,4,,,0,30,,70243,4,,,0,70,,70253,4,,,0,30,,70238,4,,,0,70,,70263,4,,,0,30,,70247,4,,,0,70,,70232,4,,,0,30,,70242,4,,,0,70,,70252,4,,,0,30,,70236,4,,,0,70,,70264,4,,,0,30,,70245,4,,,0,70,,70231,4,,,0,30,,70237,4,,,0,70,,70251,4,,,0,30,,70246,4,,,0,70,,70265,4,,,0,30,,70259,4,,,0,70,,70257,4,,,0
2019,'1912',647,,70341,13,,,0,70,,70318,13,,,0,30,,70322,13,,,0,70,,70334,13,,,0,30,,70329,13,,,0,70,,70319,13,,,0,30,,70323,13,,,0,70,,70335,13,,,0,30,,70330,13,,,0,70,,70320,13,,,0,30,,70324,13,,,0,70,,70336,13,,,0,30,,70331,13,,,0,70,,70321,13,,,0,30,,70325,13,,,0,70,,70337,13,,,0,30,,70332,13,,,0,70,,70316,13,,,0,30,,70326,13,,,0,70,,70338,13,,,0,30,,70333,13,,,0,70,,70314,13,,,0,30,,70327,13,,,0,70,,70339,13,,,0,100,,70315,13,,,0,100,,70340,13,,,0,100,,70317,13,,,0,100,,70328,13,,,0,99,,70342,13,,,0
2019,'1925',647,,70370,13,,,0,70,,70347,13,,,0,30,,70351,13,,,0,70,,70363,13,,,0,30,,70358,13,,,0,70,,70348,13,,,0,30,,70352,13,,,0,70,,70364,13,,,0,30,,70359,13,,,0,70,,70349,13,,,0,30,,70353,13,,,0,70,,70365,13,,,0,30,,70360,13,,,0,70,,70350,13,,,0,30,,70354,13,,,0,70,,70366,13,,,0,30,,70361,13,,,0,70,,70345,13,,,0,30,,70355,13,,,0,70,,70367,13,,,0,30,,70362,13,,,0,70,,70343,13,,,0,30,,70356,13,,,0,70,,70368,13,,,0,100,,70344,13,,,0,100,,70369,13,,,0,100,,70346,13,,,0,100,,70357,13,,,0,99,,70371,13,,,0
2019,'1955',617,,59396,4,,,0,30,,59403,13,,,0,70,,59412,13,,,0,30,,59419,13,,,0,70,,59397,13,,,0,30,,59404,13,,,0,70,,59413,13,,,0,30,,59420,13,,,0,70,,59398,13,,,0,30,,59405,13,,,0,70,,59414,13,,,0,30,,59421,13,,,0,70,,59399,13,,,0,30,,59406,13,,,0,70,,59415,13,,,0,30,,59422,13,,,0,70,,59400,13,,,0,30,,59407,13,,,0,70,,59416,13,,,0,30,,59423,13,,,0,70,,59401,13,,,0,30,,59408,13,,,0,70,,59417,13,,,0,30,,59424,13,,,0,70,,59402,13,,,0,30,,59409,13,,,0,70,,59418,13,,,0,100,,59410,13,,,0,100,,59425,13,,,0,100,,59411,13,,,0,100,,59426,13,,,0
2019,'1956',647,,59483,13,,,0,70,,59460,13,,,0,30,,59464,13,,,0,70,,59476,13,,,0,30,,59471,13,,,0,70,,59461,13,,,0,30,,59465,13,,,0,70,,59477,13,,,0,30,,59472,13,,,0,70,,59462,13,,,0,30,,59466,13,,,0,70,,59478,13,,,0,30,,59473,13,,,0,70,,59463,13,,,0,30,,59467,13,,,0,70,,59479,13,,,0,30,,59474,13,,,0,70,,59458,13,,,0,30,,59468,13,,,0,70,,59480,13,,,0,30,,59475,13,,,0,70,,59456,13,,,0,30,,59469,13,,,0,70,,59481,13,,,0,100,,59457,13,,,0,100,,59482,13,,,0,100,,59459,13,,,0,100,,59470,13,,,0,99,,59484,13,,,0
2019,'1957',444,,70403,4,0,5 2 13 14,0,173,,70372,13,,,0,30,,70373,13,,,0,70,,70374,13,,,0,30,,70375,13,,,0,70,,70376,13,,,0,30,,70377,13,,,0,70,,70394,13,,,0,30,,70395,13,,,0,70,,70396,13,,,0,30,,70397,13,,,0,70,,70398,13,,,0,30,,70399,13,,,0,70,,70400,13,,,0,30,,70401,13,,,0,70,,70402,13,,,0,30,,70392,13,,,0,70,,70393,13,,,0,30,,70378,13,,,0,70,,70379,13,,,0,30,,70380,13,,,0,70,,70381,13,,,0,30,,70382,13,,,0,70,,70383,13,,,0,30,,70384,13,,,0,70,,70385,13,,,0,30,,70391,13,,,0,70,,70386,13,,,0,100,,70387,13,,,0,100,,70388,13,,,0,100,,70389,13,,,0,100,,70390,13,,,0
2019,'1958',617,,70404,4,,,0,30,,70411,13,,,0,70,,70420,13,,,0,30,,70427,13,,,0,70,,70405,13,,,0,30,,70412,13,,,0,70,,70421,13,,,0,30,,70428,13,,,0,70,,70406,13,,,0,30,,70413,13,,,0,70,,70422,13,,,0,30,,70429,13,,,0,70,,70407,13,,,0,30,,70414,13,,,0,70,,70423,13,,,0,30,,70430,13,,,0,70,,70408,13,,,0,30,,70415,13,,,0,70,,70424,13,,,0,30,,70431,13,,,0,70,,70409,13,,,0,30,,70416,13,,,0,70,,70425,13,,,0,30,,70432,13,,,0,70,,70410,13,,,0,30,,70417,13,,,0,70,,70426,13,,,0,100,,70418,13,,,0,100,,70433,13,,,0,100,,70419,13,,,0,100,,70434,13,,,0
2019,'1959',647,,70462,13,,,0,70,,70439,13,,,0,30,,70443,13,,,0,70,,70455,13,,,0,30,,70450,13,,,0,70,,70440,13,,,0,30,,70444,13,,,0,70,,70456,13,,,0,30,,70451,13,,,0,70,,70441,13,,,0,30,,70445,13,,,0,70,,70457,13,,,0,30,,70452,13,,,0,70,,70442,13,,,0,30,,70446,13,,,0,70,,70458,13,,,0,30,,70453,13,,,0,70,,70437,13,,,0,30,,70447,13,,,0,70,,70459,13,,,0,30,,70454,13,,,0,70,,70435,13,,,0,30,,70448,13,,,0,70,,70460,13,,,0,100,,70436,13,,,0,100,,70461,13,,,0,100,,70438,13,,,0,100,,70449,13,,,0,99,,70463,13,,,0
12019,'1909',627,,61256,4,,,0,30,,61259,4,,,0,170,,61261,4,,,0,30,,61258,4,0,5 2 12,0,170,,61238,4,0,5 2 12,0,30,,61239,4,0,5 2 12,0,70,,61240,4,0,5 2 12,0,130,,61243,4,0,5 2 12,0,70,,61244,4,0,5 2 12,0,30,,61245,4,0,5 2 12,0
12019,'1957',727,,71543,4,,,0,30,,71548,4,,,0,170,,71538,4,0,5 2 12,0,30,,71539,4,0,5 2 12,0,200,,71535,4,0,5 2 12,0,70,,71536,4,0,5 2 12,0,200,,71537,4,,,0,30,,71546,4,,,0,70,,71542,4,,,0,30,,71544,4,,,0,70,,71541,4,,,0,30,,71545,4,,,0,70,,71540,4,,,0,30,,71547,4,,,0
32019,'1909',648,,62566,3,,,0,100,,62561,3,,,0,170,,62553,3,,,0,100,,62543,3,,,0,130,,62557,3,,,0,100,,62564,3,,,0,167,,62569,3,,,0,27,,62556,3,,,0,70,,62549,3,,,0,30,,62563,3,,,0,70,,62542,3,,,0,30,,62560,3,,,0,73,,62568,3,,,0,402,,62548,3,,,0
32019,'1912',622,,62617,3,,,0,95,,62618,3,,,0,100,,62619,3,,,0,100,,62620,3,,,0,100,,62621,3,,,0,101,,62622,3,,,0,100,,62623,3,,,0,100,,62624,3,,,0,100,,62625,3,,,0,100,,62626,3,,,0,100,,62627,3,,,0,100,,62628,3,,,0,99,,62629,3,,,0,100,,62630,3,,,0,100,,62631,3,,,0,100,,62632,3,,,0,100,,62633,3,,,0,95,,62635,3,0,5 2 8 7,0
32019,'1924',622,,62636,3,,,0,95,,62637,3,,,0,100,,62638,3,,,0,100,,62639,3,,,0,100,,62640,3,,,0,101,,62641,3,,,0,100,,62642,3,,,0,100,,62643,3,,,0,100,,62644,3,,,0,100,,62645,3,,,0,100,,62646,3,,,0,100,,62647,3,,,0,99,,62648,3,,,0,100,,62649,3,,,0,100,,62650,3,,,0,100,,62651,3,,,0,100,,62652,3,,,0,95,,62654,3,0,5 2 8 7,0
32019,'1925',622,,62655,3,,,0,95,,62656,3,,,0,100,,62657,3,,,0,100,,62658,3,,,0,100,,62659,3,,,0,101,,62660,3,,,0,100,,62661,3,,,0,100,,62662,3,,,0,100,,62663,3,,,0,100,,62664,3,,,0,100,,62665,3,,,0,100,,62666,3,,,0,99,,62667,3,,,0,100,,62668,3,,,0,100,,62669,3,,,0,100,,62670,3,,,0,100,,62671,3,,,0,95,,62673,3,0,5 2 8 7,0
32019,'1949',622,,67817,3,,,0,96,,67816,3,,,0,130,,67819,3,,,0,100,,67821,3,,,0,170,,67822,3,,,0,100,,67818,3,,,0,130,,67820,3,,,0
32019,'1955',622,,67784,3,,,0,25,,67801,3,,,0,70,,67778,3,,,0,30,,67795,3,,,0,70,,67802,3,,,0,30,,67790,3,,,0,70,,67783,3,,,0,30,,67800,3,,,0,70,,67777,3,,,0,30,,67794,3,,,0,70,,67805,3,,,0,30,,67789,3,,,0,70,,67782,3,,,0,31,,67799,3,,,0,70,,67776,3,,,0,30,,67793,3,,,0,70,,67804,3,,,0,30,,67788,3,,,0,70,,67781,3,,,0,30,,67798,3,,,0,70,,67775,3,,,0,30,,67792,3,,,0,70,,67806,3,,,0,30,,67787,3,,,0,70,,67780,3,,,0,29,,67796,3,,,0,70,,62581,3,,,0,100,,67803,3,,,0,100,,67779,3,,,0,100,,62580,3,,,0,100,,67807,3,0,5 2 8 7,0
32019,'1957',818,,72126,3,,,0,230,,72123,3,,,0,270,,72119,3,,,0,430,,72122,3,,,0,70,,72121,3,,,0,30,,72124,3,,,0,70,,72120,3,,,0,99,,72125,3,,,0,200,,72118,3,,,0,95,,72128,3,0,5 2 8 7,0
32019,'1958',622,,72143,3,,,0,25,,72160,3,,,0,70,,72137,3,,,0,30,,72154,3,,,0,70,,72161,3,,,0,30,,72149,3,,,0,70,,72142,3,,,0,30,,72159,3,,,0,70,,72136,3,,,0,30,,72153,3,,,0,70,,72164,3,,,0,30,,72148,3,,,0,70,,72141,3,,,0,31,,72158,3,,,0,70,,72135,3,,,0,30,,72152,3,,,0,70,,72163,3,,,0,30,,72147,3,,,0,70,,72140,3,,,0,30,,72157,3,,,0,70,,72134,3,,,0,30,,72151,3,,,0,70,,72165,3,,,0,30,,72146,3,,,0,70,,72139,3,,,0,29,,72155,3,,,0,70,,72133,3,,,0,100,,72162,3,,,0,100,,72138,3,,,0,100,,72132,3,,,0,100,,72166,3,0,5 2 8 7,0
14000001019,'1909',2412,,65835,20,,,0,130,,65834,20,,,0
14000001019,'1910',2412,,65840,20,,,0,130,,65838,20,,,0
14000001019,'1912',2412,,65844,20,,,0,30,,70196,20,,,0,70,,73578,20,,,0,30,,65845,20,,,0,70,,70197,20,,,0
14000001019,'1924',2412,,65849,20,,,0,30,,70198,20,,,0,100,,65850,20,,,0,70,,70199,20,,,0
14000001019,'1925',2412,,65854,20,,,0,30,,70200,20,,,0,70,,73579,20,,,0,30,,65855,20,,,0,70,,70201,20,,,0
14000001019,'1955',2442,,70194,20,,,0,70,,65839,20,,,0,100,,70195,20,,,0
14000001019,'1956',2512,,65847,20,,,0
14000001019,'1957',2442,,73580,20,,,0,70,,73581,20,,,0,100,,73582,20,,,0
14000001019,'1958',2442,,73583,20,,,0,70,,73584,20,,,0,100,,73585,20,,,0
14000001019,'1959',2512,,73586,20,,,0
