2019,'1912',729,,73883,49,4,,0,30,,73860,49,4,,0,70,,73864,49,4,,0,30,,73876,49,4,,0,70,,73871,49,4,,0,30,,73861,49,4,,0,70,,73865,49,4,,0,30,,73877,49,4,,0,70,,73872,49,4,,0,30,,73862,49,4,,0,70,,73866,49,4,,0,30,,73878,49,4,,0,70,,73873,49,4,,0,30,,73863,49,4,,0,70,,73867,49,4,,0,30,,73879,49,4,,0,70,,73874,49,4,,0,30,,73858,49,4,,0,70,,73868,49,4,,0,30,,73880,49,4,,0,70,,73875,49,4,,0,30,,73856,49,4,,0,70,,73869,49,4,,0,30,,73881,49,4,,0,100,,73857,49,4,,0,141,,73882,49,4,,0,100,,73859,49,4,,0,54,,73870,49,4,,0,100,,73884,49,4,,0
2019,'1959',729,,73975,49,4,,0,30,,73952,49,4,,0,70,,73956,49,4,,0,30,,73968,49,4,,0,70,,73963,49,4,,0,30,,73953,49,4,,0,70,,73957,49,4,,0,30,,73969,49,4,,0,70,,73964,49,4,,0,30,,73954,49,4,,0,70,,73958,49,4,,0,30,,73970,49,4,,0,70,,73965,49,4,,0,30,,73955,49,4,,0,70,,73959,49,4,,0,30,,73971,49,4,,0,70,,73966,49,4,,0,30,,73950,49,4,,0,70,,73960,49,4,,0,30,,73972,49,4,,0,70,,73967,49,4,,0,30,,73948,49,4,,0,70,,73961,49,4,,0,30,,73973,49,4,,0,100,,73949,49,4,,0,141,,73974,49,4,,0,100,,73951,49,4,,0,54,,73962,49,4,,0,100,,73976,49,4,,0
2019,'1967',659,,73917,40,4,,0,70,,73924,49,4,,0,30,,73933,49,4,,0,70,,73940,49,4,,0,30,,73918,49,4,,0,70,,73925,49,4,,0,30,,73934,49,4,,0,69,,73941,49,4,,0,31,,73919,49,4,,0,70,,73926,49,4,,0,30,,73935,49,4,,0,70,,73942,49,4,,0,30,,73920,49,4,,0,70,,73927,49,4,,0,30,,73936,49,4,,0,70,,73943,49,4,,0,30,,73921,49,4,,0,70,,73928,49,4,,0,30,,73937,49,4,,0,70,,73944,49,4,,0,30,,73922,49,4,,0,70,,73929,49,4,,0,30,,73938,49,4,,0,70,,73945,49,4,,0,30,,73923,49,4,,0,70,,73930,49,4,,0,30,,73939,49,4,,0,100,,73931,49,4,,0,100,,73946,49,4,,0,96,,73932,49,4,,0,98,,73947,49,4,,0
2019,'1969',729,,74004,49,4,,0,30,,73981,49,4,,0,70,,73985,49,4,,0,30,,73997,49,4,,0,70,,73992,49,4,,0,30,,73982,49,4,,0,70,,73986,49,4,,0,30,,73998,49,4,,0,70,,73993,49,4,,0,30,,73983,49,4,,0,70,,73987,49,4,,0,30,,73999,49,4,,0,70,,73994,49,4,,0,30,,73984,49,4,,0,70,,73988,49,4,,0,30,,74000,49,4,,0,70,,73995,49,4,,0,30,,73979,49,4,,0,70,,73989,49,4,,0,30,,74001,49,4,,0,70,,73996,49,4,,0,30,,73977,49,4,,0,70,,73990,49,4,,0,30,,74002,49,4,,0,100,,73978,49,4,,0,141,,74003,49,4,,0,100,,73980,49,4,,0,54,,73991,49,4,,0,100,,74005,49,4,,0
2019,'1976',656,,73885,49,4,,0,69,,73886,49,4,,0,30,,73887,49,4,,0,70,,73888,49,4,,0,33,,73889,49,4,,0,71,,73890,49,4,,0,71,,73907,49,4,,0,30,,73908,49,4,,0,70,,73909,49,4,,0,30,,73910,49,4,,0,70,,73911,49,4,,0,30,,73912,49,4,,0,70,,73913,49,4,,0,30,,73914,49,4,,0,70,,73915,49,4,,0,30,,73905,49,4,,0,74,,73906,49,4,,0,30,,73891,49,4,,0,70,,73892,49,4,,0,30,,73893,49,4,,0,70,,73894,49,4,,0,29,,73895,49,4,,0,67,,73896,49,4,,0,30,,73897,49,4,,0,70,,73898,49,4,,0,30,,73904,49,4,,0,70,,73899,49,4,,0,57,,73900,49,4,,0,100,,73901,49,4,,0,100,,73902,49,4,,0,97,,73903,49,4,,0
2019,'1977',656,,75141,49,4,,0,69,,75142,49,4,,0,30,,75143,49,4,,0,70,,75144,49,4,,0,33,,75145,49,4,,0,71,,75146,49,4,,0,71,,75163,49,4,,0,30,,75164,49,4,,0,70,,75165,49,4,,0,30,,75166,49,4,,0,70,,75167,49,4,,0,30,,75168,49,4,,0,70,,75169,49,4,,0,30,,75170,49,4,,0,70,,75171,49,4,,0,30,,75161,49,4,,0,74,,75162,49,4,,0,30,,75147,49,4,,0,70,,75148,49,4,,0,30,,75149,49,4,,0,70,,75150,49,4,,0,29,,75151,49,4,,0,67,,75152,49,4,,0,30,,75153,49,4,,0,70,,75154,49,4,,0,30,,75160,49,4,,0,70,,75155,49,4,,0,57,,75156,49,4,,0,100,,75157,49,4,,0,100,,75158,49,4,,0,97,,75159,49,4,,0
2029,'1912',605,,74007,1,0,39 40,0,30,,74015,1,0,39 40,0,66,,74026,1,0,39 40,0,28,,74021,1,0,39 40,0,30,,74008,1,0,39 40,0,70,,74016,1,0,39 40,0,30,,74027,1,0,39 40,0,70,,74022,1,0,39 40,0,30,,74009,1,0,39 40,0,70,,74017,1,0,39 40,0,30,,74028,1,0,39 40,0,70,,74023,1,0,39 40,0,30,,74010,1,0,39 40,0,70,,74018,1,0,39 40,0,30,,74029,1,0,39 40,0,70,,74024,1,0,39 40,0,30,,74011,1,0,39 40,0,70,,74019,1,0,39 40,0,30,,74030,1,0,39 40,0,70,,74025,1,0,39 40,0,30,,74012,1,0,39 40,0,70,,74020,1,0,39 40,0,30,,74031,1,0,39 40,0,70,,74035,1,0,5 2 13 14,0,30,,74013,1,0,39 40,0,70,,74034,1,0,5 2 13 14,0,30,,74032,1,0,39 40,0,100,,74014,1,0,39 40,0,141,,74033,1,0,39 40,0,100,,74006,1,0,39 40,0,54,,74036,1,0,5 2 13 14,0,100,,74037,1,0,5 2 13 14,0
2029,'1959',605,,74108,1,0,39 40,0,30,,74116,1,0,39 40,0,66,,74127,1,0,39 40,0,28,,74122,1,0,39 40,0,30,,74109,1,0,39 40,0,70,,74117,1,0,39 40,0,30,,74128,1,0,39 40,0,70,,74123,1,0,39 40,0,30,,74110,1,0,39 40,0,70,,74118,1,0,39 40,0,30,,74129,1,0,39 40,0,70,,74124,1,0,39 40,0,30,,74111,1,0,39 40,0,70,,74119,1,0,39 40,0,30,,74130,1,0,39 40,0,70,,74125,1,0,39 40,0,30,,74112,1,0,39 40,0,70,,74120,1,0,39 40,0,30,,74131,1,0,39 40,0,70,,74126,1,0,39 40,0,30,,74113,1,0,39 40,0,70,,74121,1,0,39 40,0,30,,74132,1,0,39 40,0,70,,74136,1,0,5 2 13 14,0,30,,74114,1,0,39 40,0,70,,74135,1,0,5 2 13 14,0,30,,74133,1,0,39 40,0,100,,74115,1,0,39 40,0,141,,74134,1,0,39 40,0,100,,74107,1,0,39 40,0,54,,74137,1,0,5 2 13 14,0,100,,74138,1,0,5 2 13 14,0
2029,'1967',535,,74104,1,0,5 2 15 16 17,0,70,,74087,1,0,39 40,0,30,,74094,1,0,39 40,0,24,,74073,1,0,39 40,0,70,,74079,1,0,39 40,0,30,,74088,1,0,39 40,0,70,,74095,1,0,39 40,0,30,,74074,1,0,39 40,0,70,,74080,1,0,39 40,0,30,,74089,1,0,39 40,0,70,,74096,1,0,39 40,0,30,,74075,1,0,39 40,0,70,,74081,1,0,39 40,0,30,,74090,1,0,39 40,0,70,,74097,1,0,39 40,0,30,,74076,1,0,39 40,0,70,,74082,1,0,39 40,0,30,,74091,1,0,39 40,0,70,,74098,1,0,39 40,0,30,,74077,1,0,39 40,0,70,,74083,1,0,39 40,0,30,,74092,1,0,39 40,0,70,,74099,1,0,39 40,0,30,,74078,1,0,39 40,0,70,,74084,1,0,39 40,0,30,,74093,1,0,39 40,0,70,,74100,1,0,39 40,0,30,,74085,1,0,39 40,0,70,,74106,1,0,5 2 13 14,0,30,,74101,1,0,39 40,0,100,,74086,1,0,39 40,0,100,,74102,1,0,39 40,0,96,,74103,1,0,5 2 13 14,0,98,,74105,1,0,5 2 13 14,0
2029,'1969',605,,74140,1,0,39 40,0,30,,74148,1,0,39 40,0,66,,74159,1,0,39 40,0,28,,74154,1,0,39 40,0,30,,74141,1,0,39 40,0,70,,74149,1,0,39 40,0,30,,74160,1,0,39 40,0,70,,74155,1,0,39 40,0,30,,74142,1,0,39 40,0,70,,74150,1,0,39 40,0,30,,74161,1,0,39 40,0,70,,74156,1,0,39 40,0,30,,74143,1,0,39 40,0,70,,74151,1,0,39 40,0,30,,74162,1,0,39 40,0,70,,74157,1,0,39 40,0,30,,74144,1,0,39 40,0,70,,74152,1,0,39 40,0,30,,74163,1,0,39 40,0,70,,74158,1,0,39 40,0,30,,74145,1,0,39 40,0,70,,74153,1,0,39 40,0,30,,74164,1,0,39 40,0,70,,74168,1,0,5 2 13 14,0,30,,74146,1,0,39 40,0,70,,74167,1,0,5 2 13 14,0,30,,74165,1,0,39 40,0,100,,74147,1,0,39 40,0,141,,74166,1,0,39 40,0,100,,74139,1,0,39 40,0,54,,74169,1,0,5 2 13 14,0,100,,74170,1,0,5 2 13 14,0
2029,'1976',532,,74038,1,0,39 40,0,70,,74039,1,0,39 40,0,26,,74040,1,0,39 40,0,28,,74041,1,0,39 40,0,69,,74042,1,0,39 40,0,30,,74043,1,0,39 40,0,70,,74044,1,0,39 40,0,33,,74045,1,0,39 40,0,71,,74046,1,0,39 40,0,71,,74069,1,0,39 40,0,30,,74065,1,0,39 40,0,70,,74071,1,0,39 40,0,30,,74067,1,0,39 40,0,70,,74068,1,0,39 40,0,30,,74064,1,0,39 40,0,70,,74070,1,0,39 40,0,30,,74066,1,0,39 40,0,70,,74072,1,0,39 40,0,30,,74047,1,0,39 40,0,74,,74048,1,0,39 40,0,30,,74049,1,0,39 40,0,70,,74050,1,0,39 40,0,30,,74051,1,0,39 40,0,70,,74052,1,0,39 40,0,29,,74053,1,0,39 40,0,67,,74054,1,0,39 40,0,30,,74058,1,0,39 40,0,70,,74059,1,0,39 40,0,30,,74062,1,0,5 2 13 14,0,70,,74060,1,0,39 40,0,57,,74061,1,0,39 40,0,100,,74057,1,0,39 40,0,100,,74056,1,0,5 2 13 14,0,97,,74063,1,0,5 2 13 14,0
2029,'1977',532,,75173,1,0,39 40,0,70,,75174,1,0,39 40,0,26,,75175,1,0,39 40,0,28,,75176,1,0,39 40,0,69,,75177,1,0,39 40,0,30,,75178,1,0,39 40,0,70,,75179,1,0,39 40,0,33,,75180,1,0,39 40,0,71,,75181,1,0,39 40,0,71,,75204,1,0,39 40,0,30,,75200,1,0,39 40,0,70,,75206,1,0,39 40,0,30,,75202,1,0,39 40,0,70,,75203,1,0,39 40,0,30,,75199,1,0,39 40,0,70,,75205,1,0,39 40,0,30,,75201,1,0,39 40,0,70,,75207,1,0,39 40,0,30,,75182,1,0,39 40,0,74,,75183,1,0,39 40,0,30,,75184,1,0,39 40,0,70,,75185,1,0,39 40,0,30,,75186,1,0,39 40,0,70,,75187,1,0,39 40,0,29,,75188,1,0,39 40,0,67,,75189,1,0,39 40,0,30,,75193,1,0,39 40,0,70,,75194,1,0,39 40,0,30,,75197,1,0,5 2 13 14,0,70,,75195,1,0,39 40,0,57,,75196,1,0,39 40,0,100,,75192,1,0,39 40,0,100,,75191,1,0,5 2 13 14,0,97,,75198,1,0,5 2 13 14,0
