502019,'1912',649,,72480,12,4,,0,70,,72466,12,4,,0,30,,72483,12,4,,0,70,,72497,12,4,,0,31,,72477,12,4,,0,70,,72496,12,4,,0,30,,72479,12,4,,0,72,,72495,12,4,,0,30,,72474,12,4,,0,70,,72494,12,4,,0,30,,72469,12,4,,0,72,,72493,12,4,,0,30,,72472,12,4,,0,70,,72491,12,4,,0,30,,72470,12,4,,0,70,,72492,12,4,,0,30,,72473,12,4,,0,70,,72490,12,4,,0,30,,72467,12,4,,0,70,,72489,12,4,,0,30,,72471,12,4,,0,68,,72488,12,4,,0,30,,72468,12,4,,0,69,,72487,12,4,,0,30,,72481,12,4,,0,70,,72486,12,4,,0,30,,72482,12,4,,0,69,,72485,12,4,,0,30,,72475,12,4,,0,70,,72498,12,4,,0,30,,72484,12,4,,0,70,,72499,12,4,,0,30,,72478,12,4,,0,69,,72500,12,4,,0,30,,72476,12,4,,0
502019,'1959',649,,72628,12,4,,0,70,,72614,12,4,,0,30,,72631,12,4,,0,70,,72645,12,4,,0,31,,72625,12,4,,0,70,,72644,12,4,,0,30,,72627,12,4,,0,72,,72643,12,4,,0,30,,72622,12,4,,0,70,,72642,12,4,,0,30,,72617,12,4,,0,72,,72641,12,4,,0,30,,72620,12,4,,0,70,,72639,12,4,,0,30,,72618,12,4,,0,70,,72640,12,4,,0,30,,72621,12,4,,0,70,,72638,12,4,,0,30,,72615,12,4,,0,70,,72637,12,4,,0,30,,72619,12,4,,0,68,,72636,12,4,,0,30,,72616,12,4,,0,69,,72635,12,4,,0,30,,72629,12,4,,0,70,,72634,12,4,,0,30,,72630,12,4,,0,69,,72633,12,4,,0,30,,72623,12,4,,0,70,,72646,12,4,,0,30,,72632,12,4,,0,70,,72647,12,4,,0,30,,72626,12,4,,0,69,,72648,12,4,,0,30,,72624,12,4,,0
502019,'1965',649,,72537,12,4,,0,65,,72577,12,4,,0,38,,72539,12,4,,0,64,,72540,12,4,,0,36,,72542,12,4,,0,64,,72543,12,4,,0,12,,72544,12,4,,0,24,,72545,12,4,,0,73,,72546,12,4,,0,30,,72547,12,4,,0,100,,72549,12,4,,0,100,,72551,12,4,,0,70,,72552,12,4,,0,30,,72553,12,4,,0,147,,72555,12,4,,0,30,,72556,12,4,,0,70,,72557,12,4,,0,28,,72558,12,4,,0,24,,72559,12,4,,0,52,,72560,12,4,,0,22,,72561,12,4,,0,4,,72578,12,4,,0,16,,72562,12,4,,0,52,,72563,12,4,,0,24,,72564,12,4,,0,22,,72565,12,4,,0,12,,72566,12,4,,0,64,,72567,12,4,,0,30,,72568,12,4,,0,69,,72569,12,4,,0,30,,72570,12,4,,0,70,,72571,12,4,,0,30,,72572,12,4,,0,70,,72573,12,4,,0,30,,72574,12,4,,0,69,,72575,12,4,,0,30,,72576,12,4,,0
502019,'1966',751,,72585,12,4,,0,100,,72584,12,4,,0,70,,72595,12,4,,0,30,,72583,12,4,,0,74,,72596,12,4,,0,30,,72604,12,4,,0,70,,72597,12,4,,0,30,,72605,12,4,,0,70,,72598,12,4,,0,30,,72606,12,4,,0,70,,72599,12,4,,0,30,,72607,12,4,,0,70,,72600,12,4,,0,30,,72608,12,4,,0,70,,72601,12,4,,0,30,,72609,12,4,,0,70,,72602,12,4,,0,30,,72610,12,4,,0,70,,72603,12,4,,0,30,,72611,12,4,,0,70,,72587,12,4,,0,30,,72612,12,4,,0,96,,72613,12,4,,0,100,,72582,12,4,,0,99,,72581,12,4,,0,100,,72580,12,4,,0,100,,72579,12,4,,0
502019,'1967',651,,72586,12,4,,0,70,,72593,12,4,,0,100,,72594,12,4,,0,1100,,72589,12,4,,0,100,,72588,12,4,,0,99,,72590,12,4,,0,100,,72591,12,4,,0,100,,72592,12,4,,0
502019,'1969',649,,72515,12,4,,0,70,,72501,12,4,,0,30,,72518,12,4,,0,70,,72532,12,4,,0,31,,72512,12,4,,0,70,,72531,12,4,,0,30,,72514,12,4,,0,72,,72530,12,4,,0,30,,72509,12,4,,0,70,,72529,12,4,,0,30,,72504,12,4,,0,72,,72528,12,4,,0,30,,72507,12,4,,0,70,,72526,12,4,,0,30,,72505,12,4,,0,70,,72527,12,4,,0,30,,72508,12,4,,0,70,,72525,12,4,,0,30,,72502,12,4,,0,70,,72524,12,4,,0,30,,72506,12,4,,0,68,,72523,12,4,,0,30,,72503,12,4,,0,69,,72522,12,4,,0,30,,72516,12,4,,0,70,,72521,12,4,,0,30,,72517,12,4,,0,69,,72520,12,4,,0,30,,72510,12,4,,0,70,,72533,12,4,,0,30,,72519,12,4,,0,70,,72534,12,4,,0,30,,72513,12,4,,0,69,,72535,12,4,,0,30,,72511,12,4,,0
502019,'1970',619,,74889,12,4,,0,106,,74890,12,4,,0,103,,74891,12,4,,0,297,,74892,12,4,,0,100,,74893,12,4,,0,200,,74894,12,4,,0
502019,'1971',751,,74901,12,4,,0,100,,74900,12,4,,0,70,,74903,12,4,,0,30,,74899,12,4,,0,74,,74904,12,4,,0,30,,74912,12,4,,0,70,,74905,12,4,,0,30,,74913,12,4,,0,70,,74906,12,4,,0,30,,74914,12,4,,0,70,,74907,12,4,,0,30,,74915,12,4,,0,70,,74908,12,4,,0,30,,74916,12,4,,0,70,,74909,12,4,,0,30,,74917,12,4,,0,70,,74910,12,4,,0,30,,74918,12,4,,0,70,,74911,12,4,,0,30,,74919,12,4,,0,70,,74902,12,4,,0,30,,74920,12,4,,0,96,,74921,12,4,,0,100,,74898,12,4,,0,99,,74897,12,4,,0,100,,74896,12,4,,0,100,,74895,12,4,,0
502029,'1912',602,,72667,1,,,0,28,,72649,1,,,0,25,,72658,1,,,0,70,,72683,1,,,0,30,,72663,1,,,0,70,,72682,1,,,0,30,,72661,1,,,0,70,,72681,1,,,0,30,,72650,1,,,0,70,,72680,1,,,0,15,,72692,1,,,0,15,,72651,1,,,0,55,,72694,1,,,0,15,,72679,1,,,0,15,,72697,1,,,0,15,,72652,1,,,0,55,,72686,1,,,0,15,,72678,1,,,0,15,,72689,1,,,0,15,,72653,1,,,0,55,,72691,1,,,0,15,,72677,1,,,0,15,,72695,1,,,0,15,,72654,1,,,0,55,,72696,1,,,0,15,,72676,1,,,0,15,,72685,1,,,0,15,,72655,1,,,0,55,,72688,1,,,0,15,,72675,1,,,0,15,,72690,1,,,0,15,,72656,1,,,0,55,,72693,1,,,0,15,,72674,1,,,0,15,,72698,1,,,0,15,,72657,1,,,0,55,,72684,1,,,0,15,,72673,1,,,0,15,,72687,1,,,0,15,,72666,1,,,0,70,,72672,1,,,0,30,,72664,1,,,0,70,,72671,1,,,0,30,,72659,1,,,0,70,,72670,1,,,0,30,,72660,1,,,0,70,,72668,1,,,0,30,,72665,1,,,0,70,,72669,1,,,0,30,,72662,1,,,0
502029,'1959',602,,72893,1,,,0,28,,72875,1,,,0,25,,72884,1,,,0,70,,72909,1,,,0,30,,72889,1,,,0,70,,72908,1,,,0,30,,72887,1,,,0,70,,72907,1,,,0,30,,72876,1,,,0,70,,72906,1,,,0,15,,72918,1,,,0,15,,72877,1,,,0,55,,72920,1,,,0,15,,72905,1,,,0,15,,72923,1,,,0,15,,72878,1,,,0,55,,72912,1,,,0,15,,72904,1,,,0,15,,72915,1,,,0,15,,72879,1,,,0,55,,72917,1,,,0,15,,72903,1,,,0,15,,72921,1,,,0,15,,72880,1,,,0,55,,72922,1,,,0,15,,72902,1,,,0,15,,72911,1,,,0,15,,72881,1,,,0,55,,72914,1,,,0,15,,72901,1,,,0,15,,72916,1,,,0,15,,72882,1,,,0,55,,72919,1,,,0,15,,72900,1,,,0,15,,72924,1,,,0,15,,72883,1,,,0,55,,72910,1,,,0,15,,72899,1,,,0,15,,72913,1,,,0,15,,72892,1,,,0,70,,72898,1,,,0,30,,72890,1,,,0,70,,72897,1,,,0,30,,72885,1,,,0,70,,72896,1,,,0,30,,72886,1,,,0,70,,72894,1,,,0,30,,72891,1,,,0,70,,72895,1,,,0,30,,72888,1,,,0
502029,'1965',555,,72751,1,,,0,55,,72752,1,,,0,7,,72753,1,,,0,23,,72755,1,,,0,12,,72756,1,,,0,52,,72757,1,,,0,12,,72758,1,,,0,6,,72759,1,,,0,18,,72761,1,,,0,6,,72762,1,,,0,6,,72763,1,,,0,52,,72764,1,,,0,12,,72765,1,,,0,12,,72766,1,,,0,12,,72767,1,,,0,15,,72768,1,,,0,55,,72769,1,,,0,15,,72770,1,,,0,15,,72771,1,,,0,15,,72772,1,,,0,55,,72773,1,,,0,30,,72775,1,,,0,15,,72776,1,,,0,55,,72777,1,,,0,30,,72779,1,,,0,15,,72780,1,,,0,70,,72782,1,,,0,15,,72783,1,,,0,15,,72784,1,,,0,55,,72785,1,,,0,30,,72787,1,,,0,15,,72788,1,,,0,55,,72789,1,,,0,15,,72790,1,,,0,15,,72791,1,,,0,15,,72792,1,,,0,55,,72793,1,,,0,12,,72794,1,,,0,12,,72795,1,,,0,12,,72796,1,,,0,12,,72797,1,,,0,52,,72798,1,,,0,12,,72799,1,,,0,12,,72800,1,,,0,12,,72801,1,,,0,12,,72802,1,,,0,52,,72803,1,,,0,12,,72804,1,,,0,12,,72805,1,,,0,12,,72806,1,,,0,12,,72807,1,,,0,52,,72808,1,,,0,15,,72809,1,,,0,15,,72819,1,,,0,15,,72810,1,,,0,70,,72811,1,,,0,30,,72812,1,,,0,70,,72813,1,,,0,30,,72814,1,,,0,70,,72815,1,,,0,30,,72816,1,,,0,70,,72817,1,,,0,30,,72818,1,,,0
502029,'1966',615,,72873,1,,,0,85,,72826,1,,,0,55,,72825,1,,,0,70,,72836,1,,,0,30,,72824,1,,,0,70,,72837,1,,,0,30,,72864,1,,,0,70,,72856,1,,,0,30,,72865,1,,,0,70,,72857,1,,,0,30,,72866,1,,,0,70,,72858,1,,,0,30,,72867,1,,,0,70,,72859,1,,,0,30,,72868,1,,,0,70,,72860,1,,,0,30,,72869,1,,,0,70,,72861,1,,,0,30,,72870,1,,,0,70,,72862,1,,,0,30,,72871,1,,,0,70,,72829,1,,,0,30,,72863,1,,,0,100,,72874,1,,,0,100,,72823,1,,,0,100,,72822,1,,,0,100,,72821,1,,,0,100,,72820,1,,,0
502029,'1967',600,,72827,1,,,0,30,,72834,1,,,0,100,,72835,1,,,0,210,,72838,1,,,0,70,,72847,1,,,0,30,,72839,1,,,0,70,,72848,1,,,0,30,,72840,1,,,0,70,,72849,1,,,0,30,,72841,1,,,0,70,,72850,1,,,0,30,,72842,1,,,0,70,,72851,1,,,0,30,,72843,1,,,0,70,,72852,1,,,0,30,,72844,1,,,0,70,,72853,1,,,0,30,,72845,1,,,0,70,,72854,1,,,0,30,,72846,1,,,0,70,,72855,1,,,0,15,,72830,1,,,0,15,,72872,1,,,0,85,,72831,1,,,0,100,,72832,1,,,0,100,,72828,1,,,0,100,,72833,1,,,0
502029,'1969',602,,72717,1,,,0,28,,72699,1,,,0,25,,72708,1,,,0,70,,72733,1,,,0,30,,72713,1,,,0,70,,72732,1,,,0,30,,72711,1,,,0,70,,72731,1,,,0,30,,72700,1,,,0,70,,72730,1,,,0,15,,72742,1,,,0,15,,72701,1,,,0,55,,72744,1,,,0,15,,72729,1,,,0,15,,72747,1,,,0,15,,72702,1,,,0,55,,72736,1,,,0,15,,72728,1,,,0,15,,72739,1,,,0,15,,72703,1,,,0,55,,72741,1,,,0,15,,72727,1,,,0,15,,72745,1,,,0,15,,72704,1,,,0,55,,72746,1,,,0,15,,72726,1,,,0,15,,72735,1,,,0,15,,72705,1,,,0,55,,72738,1,,,0,15,,72725,1,,,0,15,,72740,1,,,0,15,,72706,1,,,0,55,,72743,1,,,0,15,,72724,1,,,0,15,,72748,1,,,0,15,,72707,1,,,0,55,,72734,1,,,0,15,,72723,1,,,0,15,,72737,1,,,0,15,,72716,1,,,0,70,,72722,1,,,0,30,,72714,1,,,0,70,,72721,1,,,0,30,,72709,1,,,0,70,,72720,1,,,0,30,,72710,1,,,0,70,,72718,1,,,0,30,,72715,1,,,0,70,,72719,1,,,0,30,,72712,1,,,0
502029,'1970',525,,74922,1,,,0,15,,74923,1,,,0,85,,74924,1,,,0,103,,74925,1,,,0,297,,74926,1,,,0,100,,74927,1,,,0,85,,74928,1,,,0,115,,74929,1,,,0
502029,'1971',615,,74956,1,,,0,85,,74936,1,,,0,55,,74935,1,,,0,70,,74938,1,,,0,30,,74934,1,,,0,70,,74939,1,,,0,30,,74948,1,,,0,70,,74940,1,,,0,30,,74949,1,,,0,70,,74941,1,,,0,30,,74950,1,,,0,70,,74942,1,,,0,30,,74951,1,,,0,70,,74943,1,,,0,30,,74952,1,,,0,70,,74944,1,,,0,30,,74953,1,,,0,70,,74945,1,,,0,30,,74954,1,,,0,70,,74946,1,,,0,30,,74955,1,,,0,70,,74937,1,,,0,30,,74947,1,,,0,100,,74957,1,,,0,100,,74933,1,,,0,100,,74932,1,,,0,100,,74931,1,,,0,100,,74930,1,,,0
14000001029,'1912',611,,73589,49,4,,0
14000001029,'1959',611,,73605,49,4,,0
14000001029,'1965',509,,65864,49,4,,0,102,,73593,49,4,,0
14000001029,'1966',611,,73600,49,4,,0
14000001029,'1969',611,,73592,49,4,,0
14000001029,'1971',611,,75064,49,4,,0
