4019,'1912',752,,70650,5,,,0,70,,59832,5,,,0,30,,70649,5,,,0,70,,70651,5,,,0,30,,59830,5,,,0,72,,66070,5,,,0,30,,70638,5,,,0,70,,70642,5,,,0,30,,70645,5,,,0,70,,70631,5,,,0,30,,70634,5,,,0,70,,70637,5,,,0,30,,70641,5,,,0,70,,70643,5,,,0,30,,70630,5,,,0,70,,70633,5,,,0,30,,70636,5,,,0,70,,70640,5,,,0,30,,70644,5,,,0,70,,70629,5,,,0,30,,70632,5,,,0,70,,70635,5,,,0,29,,70639,5,,,0,70,,70648,5,,,0,30,,70652,5,,,0,70,,70646,5,,,0,30,,70653,5,,,0,70,,70647,5,,,0
4019,'1959',752,,70763,5,,,0,70,,59860,5,,,0,30,,70762,5,,,0,70,,70764,5,,,0,30,,59858,5,,,0,72,,66096,5,,,0,30,,70751,5,,,0,70,,70755,5,,,0,30,,70758,5,,,0,70,,70744,5,,,0,30,,70747,5,,,0,70,,70750,5,,,0,30,,70754,5,,,0,70,,70756,5,,,0,30,,70743,5,,,0,70,,70746,5,,,0,30,,70749,5,,,0,70,,70753,5,,,0,30,,70757,5,,,0,70,,70742,5,,,0,30,,70745,5,,,0,70,,70748,5,,,0,29,,70752,5,,,0,70,,70761,5,,,0,30,,70765,5,,,0,70,,70759,5,,,0,30,,70766,5,,,0,70,,70760,5,,,0
4019,'1967',652,,74182,5,,,0,70,,74176,5,,,0,30,,70712,5,,,0,71,,74177,5,,,0,30,,74181,5,,,0,70,,70727,5,,,0,30,,66037,5,,,0,71,,70737,5,,,0,30,,70715,5,,,0,70,,70734,5,,,0,30,,70729,5,,,0,70,,70722,5,,,0,30,,70735,5,,,0,70,,70738,5,,,0,30,,70714,5,,,0,70,,70724,5,,,0,30,,70713,5,,,0,70,,70718,5,,,0,30,,70736,5,,,0,70,,70733,5,,,0,30,,70730,5,,,0,70,,70719,5,,,0,30,,70739,5,,,0,70,,70740,5,,,0,30,,70711,5,,,0,70,,70725,5,,,0,30,,70723,5,,,0,70,,74180,5,,,0,30,,70716,5,,,0,70,,74178,5,,,0,30,,70720,5,,,0,70,,74179,5,,,0
4019,'1969',752,,70675,5,,,0,70,,59888,5,,,0,30,,70674,5,,,0,70,,70676,5,,,0,30,,59886,5,,,0,72,,66122,5,,,0,30,,70663,5,,,0,70,,70667,5,,,0,30,,70670,5,,,0,70,,70656,5,,,0,30,,70659,5,,,0,70,,70662,5,,,0,30,,70666,5,,,0,70,,70668,5,,,0,30,,70655,5,,,0,70,,70658,5,,,0,30,,70661,5,,,0,70,,70665,5,,,0,30,,70669,5,,,0,70,,70654,5,,,0,30,,70657,5,,,0,70,,70660,5,,,0,29,,70664,5,,,0,70,,70673,5,,,0,30,,70677,5,,,0,70,,70671,5,,,0,30,,70678,5,,,0,70,,70672,5,,,0
4019,'1976',622,,74174,5,,,0,30,,70710,5,,,0,72,,70685,5,,,0,27,,70686,5,,,0,76,,70687,5,,,0,24,,70688,5,,,0,76,,70689,5,,,0,27,,70690,5,,,0,70,,70691,5,,,0,30,,70692,5,,,0,70,,70693,5,,,0,32,,70694,5,,,0,70,,70695,5,,,0,30,,74175,5,,,0,70,,70697,5,,,0,30,,70698,5,,,0,70,,70699,5,,,0,32,,70700,5,,,0,70,,70701,5,,,0,31,,70702,5,,,0,64,,70703,5,,,0,36,,70704,5,,,0,63,,70705,5,,,0,36,,70706,5,,,0,61,,70707,5,,,0,35,,70708,5,,,0,70,,70709,5,,,0,30,,74171,5,,,0,70,,74172,5,,,0,30,,70681,5,,,0,69,,74173,5,,,0,30,,66173,5,,,0,70,,70683,5,,,0
4019,'1977',622,,75214,5,,,0,30,,75240,5,,,0,72,,75215,5,,,0,27,,75216,5,,,0,76,,75217,5,,,0,24,,75218,5,,,0,76,,75219,5,,,0,27,,75220,5,,,0,70,,75221,5,,,0,30,,75222,5,,,0,70,,75223,5,,,0,32,,75224,5,,,0,70,,75225,5,,,0,30,,75226,5,,,0,70,,75227,5,,,0,30,,75228,5,,,0,70,,75229,5,,,0,32,,75230,5,,,0,70,,75231,5,,,0,31,,75232,5,,,0,64,,75233,5,,,0,36,,75234,5,,,0,63,,75235,5,,,0,36,,75236,5,,,0,61,,75237,5,,,0,35,,75238,5,,,0,70,,75239,5,,,0,30,,75208,5,,,0,70,,75209,5,,,0,30,,75210,5,,,0,69,,75211,5,,,0,30,,75212,5,,,0,70,,75213,5,,,0
502019,'1912',637,,72480,5,,,0,70,,72466,5,,,0,30,,72483,5,,,0,70,,72497,5,,,0,30,,72477,5,,,0,70,,72496,5,,,0,30,,72479,5,,,0,70,,72495,5,,,0,30,,72474,5,,,0,70,,72494,5,,,0,30,,72469,5,,,0,70,,72493,5,,,0,30,,72472,5,,,0,70,,72491,5,,,0,30,,72470,5,,,0,70,,72492,5,,,0,30,,72473,5,,,0,70,,72490,5,,,0,30,,72467,5,,,0,70,,72489,5,,,0,30,,72471,5,,,0,70,,72488,5,,,0,30,,72468,5,,,0,70,,72487,5,,,0,30,,72481,5,,,0,70,,72486,5,,,0,30,,72482,5,,,0,70,,72485,5,,,0,30,,72475,5,,,0,70,,72498,5,,,0,30,,72484,5,,,0,70,,72499,5,,,0,30,,72478,5,,,0,70,,72500,5,,,0,30,,72476,5,,,0
502019,'1959',637,,72628,5,,,0,70,,72614,5,,,0,30,,72631,5,,,0,70,,72645,5,,,0,30,,72625,5,,,0,70,,72644,5,,,0,30,,72627,5,,,0,70,,72643,5,,,0,30,,72622,5,,,0,70,,72642,5,,,0,30,,72617,5,,,0,70,,72641,5,,,0,30,,72620,5,,,0,70,,72639,5,,,0,30,,72618,5,,,0,70,,72640,5,,,0,30,,72621,5,,,0,70,,72638,5,,,0,30,,72615,5,,,0,70,,72637,5,,,0,30,,72619,5,,,0,70,,72636,5,,,0,30,,72616,5,,,0,70,,72635,5,,,0,30,,72629,5,,,0,70,,72634,5,,,0,30,,72630,5,,,0,70,,72633,5,,,0,30,,72623,5,,,0,70,,72646,5,,,0,30,,72632,5,,,0,70,,72647,5,,,0,30,,72626,5,,,0,70,,72648,5,,,0,30,,72624,5,,,0
502019,'1967',637,,72586,5,,,0,70,,72593,5,,,0,30,,74901,5,,,0,70,,72594,5,,,0,30,,74900,5,,,0,70,,74903,5,,,0,30,,74899,5,,,0,71,,74904,5,,,0,30,,74912,5,,,0,70,,74905,5,,,0,30,,74913,5,,,0,70,,74906,5,,,0,30,,74914,5,,,0,70,,74907,5,,,0,30,,74915,5,,,0,70,,74908,5,,,0,30,,74916,5,,,0,70,,74909,5,,,0,30,,74917,5,,,0,70,,74910,5,,,0,30,,74918,5,,,0,70,,74911,5,,,0,30,,74919,5,,,0,70,,74902,5,,,0,30,,74920,5,,,0,69,,72589,5,,,0,30,,74921,5,,,0,70,,72588,5,,,0,30,,74898,5,,,0,70,,72590,5,,,0,30,,74897,5,,,0,70,,72591,5,,,0,30,,74896,5,,,0,70,,72592,5,,,0,30,,74895,5,,,0
502019,'1969',637,,72515,5,,,0,70,,72501,5,,,0,30,,72518,5,,,0,70,,72532,5,,,0,30,,72512,5,,,0,70,,72531,5,,,0,30,,72514,5,,,0,70,,72530,5,,,0,30,,72509,5,,,0,70,,72529,5,,,0,30,,72504,5,,,0,70,,72528,5,,,0,30,,72507,5,,,0,70,,72526,5,,,0,30,,72505,5,,,0,70,,72527,5,,,0,30,,72508,5,,,0,70,,72525,5,,,0,30,,72502,5,,,0,70,,72524,5,,,0,30,,72506,5,,,0,70,,72523,5,,,0,30,,72503,5,,,0,70,,72522,5,,,0,30,,72516,5,,,0,70,,72521,5,,,0,30,,72517,5,,,0,70,,72520,5,,,0,30,,72510,5,,,0,70,,72533,5,,,0,30,,72519,5,,,0,70,,72534,5,,,0,30,,72513,5,,,0,70,,72535,5,,,0,30,,72511,5,,,0
502019,'1976',607,,74889,5,,,0,30,,72537,5,,,0,65,,72577,5,,,0,10,,74890,5,,,0,25,,72539,5,,,0,64,,72540,5,,,0,12,,74891,5,,,0,24,,72542,5,,,0,64,,72543,5,,,0,12,,72544,5,,,0,24,,72545,5,,,0,71,,72546,5,,,0,30,,72547,5,,,0,70,,74892,5,,,0,30,,72549,5,,,0,70,,74893,5,,,0,30,,72551,5,,,0,70,,72552,5,,,0,30,,72553,5,,,0,70,,74894,5,,,0,33,,72555,5,,,0,70,,72556,5,,,0,30,,72557,5,,,0,68,,72558,5,,,0,24,,72559,5,,,0,12,,72560,5,,,0,62,,72561,5,,,0,6,,72578,5,,,0,18,,72562,5,,,0,12,,72563,5,,,0,64,,72564,5,,,0,22,,72565,5,,,0,12,,72566,5,,,0,66,,72567,5,,,0,30,,72568,5,,,0,70,,72569,5,,,0,30,,72570,5,,,0,70,,72571,5,,,0,30,,72572,5,,,0,70,,72573,5,,,0,30,,72574,5,,,0,70,,72575,5,,,0,30,,72576,5,,,0
502019,'1977',607,,76068,5,,,0,30,,76069,5,,,0,65,,76109,5,,,0,10,,76070,5,,,0,25,,76071,5,,,0,64,,76072,5,,,0,12,,76073,5,,,0,24,,76074,5,,,0,64,,76075,5,,,0,12,,76076,5,,,0,24,,76077,5,,,0,71,,76078,5,,,0,30,,76079,5,,,0,70,,76080,5,,,0,30,,76081,5,,,0,70,,76082,5,,,0,30,,76083,5,,,0,70,,76084,5,,,0,30,,76085,5,,,0,70,,76086,5,,,0,33,,76087,5,,,0,70,,76088,5,,,0,30,,76089,5,,,0,68,,76090,5,,,0,24,,76091,5,,,0,12,,76092,5,,,0,62,,76093,5,,,0,6,,76110,5,,,0,18,,76094,5,,,0,12,,76095,5,,,0,64,,76096,5,,,0,22,,76097,5,,,0,12,,76098,5,,,0,66,,76099,5,,,0,30,,76100,5,,,0,70,,76101,5,,,0,30,,76102,5,,,0,70,,76103,5,,,0,30,,76104,5,,,0,70,,76105,5,,,0,30,,76106,5,,,0,70,,76107,5,,,0,30,,76108,5,,,0
