10019,'1909',916,,60946,17,,,0,999,,60966,17,,,0,98,,60968,17,,,0,100,,60970,17,,,0,100,,60971,17,,,0
10019,'1910',1845,,66746,17,,,0,69,,60997,17,,,0,100,,66747,17,,,0,100,,60999,17,,,0
10019,'1912',744,,61000,17,,,0,70,,66748,17,,,0,30,,61002,17,,,0,70,,66749,17,,,0,30,,61004,17,,,0,70,,71282,17,,,0,30,,71283,17,,,0,70,,71284,17,,,0,30,,71285,17,,,0,71,,71286,17,,,0,30,,71287,17,,,0,70,,71288,17,,,0,30,,71289,17,,,0,70,,71290,17,,,0,30,,71291,17,,,0,70,,71292,17,,,0,30,,71293,17,,,0,70,,71294,17,,,0,30,,66763,17,,,0,70,,71295,17,,,0,30,,71296,17,,,0,69,,71297,17,,,0,30,,66767,17,,,0,70,,71298,17,,,0
10019,'1924',744,,61024,17,,,0,70,,66769,17,,,0,30,,61026,17,,,0,70,,66770,17,,,0,30,,61028,17,,,0,701,,66784,17,,,0,199,,66788,17,,,0
10019,'1925',744,,61048,17,,,0,70,,66790,17,,,0,30,,61050,17,,,0,70,,66791,17,,,0,30,,61052,17,,,0,70,,71299,17,,,0,30,,71300,17,,,0,70,,71301,17,,,0,30,,71302,17,,,0,71,,71303,17,,,0,30,,71304,17,,,0,70,,71305,17,,,0,30,,71306,17,,,0,70,,71307,17,,,0,30,,71308,17,,,0,70,,71309,17,,,0,30,,71310,17,,,0,70,,71311,17,,,0,30,,66805,17,,,0,70,,71312,17,,,0,30,,71313,17,,,0,69,,71314,17,,,0,30,,66809,17,,,0,70,,71315,17,,,0
10019,'1949',1346,,66831,17,,,0
10019,'1955',644,,60972,17,,,0,70,,66724,17,,,0,30,,66725,17,,,0,70,,66726,17,,,0,30,,60976,17,,,0,70,,66727,17,,,0,30,,66728,17,,,0,71,,66729,17,,,0,30,,66730,17,,,0,70,,66731,17,,,0,30,,66732,17,,,0,70,,66733,17,,,0,30,,66734,17,,,0,70,,66735,17,,,0,30,,66736,17,,,0,70,,66737,17,,,0,30,,66738,17,,,0,70,,66739,17,,,0,30,,66740,17,,,0,70,,66741,17,,,0,30,,66742,17,,,0,70,,66743,17,,,0,30,,66744,17,,,0,70,,66745,17,,,0
10019,'1956',1014,,66771,17,,,0,30,,66772,17,,,0,70,,66773,17,,,0,30,,66774,17,,,0,71,,66775,17,,,0,30,,66776,17,,,0,70,,66777,17,,,0,30,,66778,17,,,0,70,,66779,17,,,0,30,,66780,17,,,0,70,,66781,17,,,0,30,,66782,17,,,0,70,,66783,17,,,0,100,,66785,17,,,0,30,,66786,17,,,0,69,,66787,17,,,0,100,,66789,17,,,0
10019,'1957',544,,71316,17,,,0,70,,71317,17,,,0,30,,71318,17,,,0,71,,71319,17,,,0,30,,71320,17,,,0,70,,71321,17,,,0,30,,71322,17,,,0,101,,71323,17,,,0,70,,71324,17,,,0,30,,71325,17,,,0,70,,71326,17,,,0,30,,71327,17,,,0,70,,71328,17,,,0,30,,71329,17,,,0,70,,71330,17,,,0,100,,71331,17,,,0,33,,71332,17,,,0,70,,71333,17,,,0,30,,71334,17,,,0,70,,71335,17,,,0,30,,71336,17,,,0,70,,71337,17,,,0,26,,71338,17,,,0,70,,71339,17,,,0,30,,71340,17,,,0,100,,71341,17,,,0,98,,71342,17,,,0
10019,'1958',644,,71343,17,,,0,70,,71344,17,,,0,30,,71345,17,,,0,70,,71346,17,,,0,30,,71347,17,,,0,70,,71348,17,,,0,30,,71349,17,,,0,71,,71350,17,,,0,30,,71351,17,,,0,70,,71352,17,,,0,30,,71353,17,,,0,70,,71354,17,,,0,30,,71355,17,,,0,70,,71356,17,,,0,30,,71357,17,,,0,70,,71358,17,,,0,30,,71359,17,,,0,70,,71360,17,,,0,30,,71361,17,,,0,70,,71362,17,,,0,30,,71363,17,,,0,70,,71364,17,,,0,30,,71365,17,,,0,70,,71366,17,,,0
10019,'1959',1014,,71367,17,,,0,30,,71368,17,,,0,70,,71369,17,,,0,30,,71370,17,,,0,71,,71371,17,,,0,30,,71372,17,,,0,70,,71373,17,,,0,30,,71374,17,,,0,70,,71375,17,,,0,30,,71376,17,,,0,70,,71377,17,,,0,30,,71378,17,,,0,70,,71379,17,,,0,100,,71380,17,,,0,30,,71381,17,,,0,69,,71382,17,,,0,100,,71383,17,,,0
