7019,'1909',538,,60398,16,,,0,103,,60397,16,,,0,1300,,60375,16,,,0,100,,60374,16,,,0,198,,60373,16,,,0
7019,'1910',841,,60423,16,,,0,271,,66542,16,,,0,30,,60426,16,,,0,200,,60428,16,,,0,70,,66551,16,,,0,30,,60429,16,,,0,100,,60430,16,,,0,100,,66550,16,,,0,100,,60432,16,,,0,268,,66556,16,,,0,30,,60411,16,,,0,99,,60412,16,,,0,71,,60442,1,,,0
7019,'1912',739,,60448,16,,,0,71,,66571,1,,,0,30,,60449,16,,,0,73,,71124,1,,,0,27,,60457,16,,,0,73,,71128,1,,,0,28,,60450,16,,,0,72,,71123,1,,,0,28,,60451,16,,,0,72,,71127,1,,,0,28,,60452,16,,,0,73,,71122,1,,,0,27,,60453,16,,,0,73,,71126,1,,,0,28,,60454,16,,,0,73,,71121,1,,,0,27,,60455,16,,,0,73,,71125,1,,,0,26,,60456,16,,,0,73,,71120,1,,,0,27,,60444,16,,,0,72,,66566,1,,,0,27,,60445,16,,,0,72,,60466,1,,,0,27,,60443,16,,,0,72,,60467,1,,,0,28,,60447,16,,,0,72,,60474,1,,,0,28,,60446,16,,,0
7019,'1924',739,,60483,16,,,0,71,,66584,1,,,0,30,,60484,16,,,0,100,,60492,16,,,0,101,,60485,16,,,0,100,,60486,16,,,0,100,,60487,16,,,0,100,,60488,16,,,0,101,,60489,16,,,0,100,,60490,16,,,0,99,,60491,16,,,0,100,,60479,16,,,0,72,,66579,1,,,0,27,,60480,16,,,0,72,,60501,1,,,0,27,,60478,16,,,0,72,,60502,1,,,0,28,,60482,16,,,0,72,,60509,1,,,0,28,,60481,16,,,0
7019,'1925',739,,60518,16,,,0,71,,66597,1,,,0,30,,60519,16,,,0,73,,71134,1,,,0,27,,60527,16,,,0,73,,71138,1,,,0,28,,60520,16,,,0,72,,71133,1,,,0,28,,60521,16,,,0,72,,71137,1,,,0,28,,60522,16,,,0,73,,71132,1,,,0,27,,60523,16,,,0,73,,71136,1,,,0,28,,60524,16,,,0,73,,71131,1,,,0,27,,60525,16,,,0,73,,71135,1,,,0,26,,60526,16,,,0,73,,71130,1,,,0,27,,60514,16,,,0,72,,66592,1,,,0,27,,60515,16,,,0,72,,60536,1,,,0,27,,60513,16,,,0,72,,60537,1,,,0,28,,60517,16,,,0,72,,60544,1,,,0,28,,60516,16,,,0
7019,'1949',1913,,66622,16,,,0
7019,'1955',640,,66545,16,,,0,69,,66538,16,,,0,30,,66546,16,,,0,70,,66539,16,,,0,102,,66540,16,,,0,30,,66547,16,,,0,71,,66541,16,,,0,30,,66548,16,,,0,170,,66543,16,,,0,30,,66549,16,,,0,70,,66544,16,,,0,200,,66553,16,,,0,100,,66552,16,,,0,100,,66554,16,,,0,100,,66557,16,,,0,29,,66535,16,,,0,69,,66555,16,,,0,30,,66536,16,,,0,299,,66537,16,,,0
7019,'1956',913,,66578,1,,,0,100,,66583,1,,,0,100,,66577,1,,,0,100,,66582,1,,,0,101,,66576,1,,,0,100,,66581,1,,,0,101,,66575,1,,,0,100,,66580,1,,,0,99,,66574,1,,,0
7019,'1957',711,,71162,16,,,0,32,,71161,16,,,0,71,,71160,16,,,0,29,,71159,16,,,0,70,,71155,16,,,0,30,,71157,16,,,0,70,,71158,16,,,0,30,,71156,16,,,0,70,,71154,16,,,0,30,,71166,16,,,0,70,,71165,16,,,0,30,,71164,16,,,0,70,,71163,16,,,0,30,,71147,16,,,0,71,,71153,16,,,0,32,,71146,16,,,0,9,,71169,1,,,0,64,,71145,16,,,0,27,,71152,16,,,0,70,,71151,16,,,0,30,,71150,16,,,0,68,,71144,16,,,0,30,,71143,16,,,0,70,,71142,16,,,0,30,,71149,16,,,0,167,,71148,16,,,0,129,,71141,16,,,0,71,,71170,1,,,0,128,,71171,16,,,0
7019,'1958',640,,71181,16,,,0,69,,71175,16,,,0,30,,71182,16,,,0,70,,71176,16,,,0,102,,71177,16,,,0,30,,71183,16,,,0,71,,71178,16,,,0,30,,71184,16,,,0,170,,71179,16,,,0,30,,71185,16,,,0,70,,71180,16,,,0,200,,71187,16,,,0,100,,71186,16,,,0,100,,71188,16,,,0,100,,71190,16,,,0,29,,71172,16,,,0,69,,71189,16,,,0,30,,71173,16,,,0,299,,71174,16,,,0
7019,'1959',913,,71195,1,,,0,100,,71199,1,,,0,100,,71194,1,,,0,100,,71198,1,,,0,101,,71193,1,,,0,100,,71197,1,,,0,101,,71192,1,,,0,100,,71196,1,,,0,99,,71191,1,,,0
16019,'1909',2142,,61716,23,4,,0
16019,'1910',2210,,61779,23,4,,0,30,,61749,23,4,,0
16019,'1912',810,,67376,23,4,,0,103,,71745,23,4,,0,100,,71751,23,4,,0,100,,71750,23,4,,0,100,,71743,23,4,,0,101,,71746,23,4,,0,100,,71747,23,4,,0,101,,71749,23,4,,0,100,,71748,23,4,,0,99,,71744,23,4,,0,99,,67384,23,4,,0,99,,61792,23,4,,0,99,,61788,23,4,,0,100,,61786,23,4,,0,100,,71752,23,4,,0
16019,'1924',810,,67388,23,4,,0,1003,,67396,23,4,,0,99,,61807,23,4,,0,99,,61803,23,4,,0,100,,61801,23,4,,0
16019,'1925',810,,67400,23,4,,0,103,,71755,23,4,,0,100,,71761,23,4,,0,100,,71760,23,4,,0,100,,71753,23,4,,0,101,,71756,23,4,,0,100,,71757,23,4,,0,101,,71759,23,4,,0,100,,71758,23,4,,0,99,,71754,23,4,,0,99,,67408,23,4,,0,99,,61822,23,4,,0,99,,61818,23,4,,0,100,,61816,23,4,,0,100,,71762,23,4,,0
16019,'1956',913,,67391,23,4,,0,100,,67398,23,4,,0,100,,67397,23,4,,0,100,,67389,23,4,,0,101,,67392,23,4,,0,100,,67393,23,4,,0,101,,67395,23,4,,0,100,,67394,23,4,,0,99,,67390,23,4,,0,497,,67399,23,4,,0
16019,'1957',2211,,71763,23,4,,0,30,,71764,23,4,,0
16019,'1959',913,,71789,23,4,,0,100,,71795,23,4,,0,100,,71794,23,4,,0,100,,71787,23,4,,0,101,,71790,23,4,,0,100,,71791,23,4,,0,101,,71793,23,4,,0,100,,71792,23,4,,0,99,,71788,23,4,,0,497,,71796,23,4,,0
16029,'1909',1455,,61858,1,,,0,70,,61859,1,,,0,102,,61861,1,,,0,128,,61864,1,,,0,70,,61872,1,,,0,97,,61866,1,,,0,124,,61869,1,,,0
16029,'1910',550,,61905,1,,,0,67,,61904,1,,,0,30,,61888,1,,,0,67,,61874,1,,,0,30,,61881,1,,,0,71,,61895,1,,,0,30,,61889,1,,,0,70,,61875,1,,,0,30,,61882,1,,,0,70,,61896,1,,,0,30,,61890,1,,,0,70,,61876,1,,,0,30,,61883,1,,,0,70,,61897,1,,,0,32,,61891,1,,,0,70,,61877,1,,,0,30,,61884,1,,,0,70,,61898,1,,,0,30,,61892,1,,,0,70,,61878,1,,,0,30,,61885,1,,,0,70,,61899,1,,,0,29,,61893,1,,,0,70,,61879,1,,,0,30,,61886,1,,,0,69,,61900,1,,,0,30,,61894,1,,,0,70,,61880,1,,,0,29,,61887,1,,,0,70,,61901,1,,,0,100,,61902,1,,,0,30,,61903,1,,,0
16029,'1912',716,,67445,1,,,0,102,,71800,1,,,0,97,,71798,1,,,0,103,,71803,1,,,0,97,,71805,1,,,0,100,,71802,1,,,0,101,,71804,1,,,0,100,,71797,1,,,0,100,,71799,1,,,0,100,,71801,1,,,0,99,,67438,1,,,0,100,,61917,1,,,0,100,,61912,1,,,0,102,,61913,1,,,0,97,,71806,1,,,0
16029,'1924',716,,67457,1,,,0,999,,67450,1,,,0,100,,61932,1,,,0,100,,61927,1,,,0,102,,61928,1,,,0
16029,'1925',716,,67469,1,,,0,102,,71810,1,,,0,97,,71808,1,,,0,103,,71813,1,,,0,97,,71815,1,,,0,100,,71812,1,,,0,101,,71814,1,,,0,100,,71807,1,,,0,100,,71809,1,,,0,100,,71811,1,,,0,99,,67462,1,,,0,100,,61947,1,,,0,100,,61942,1,,,0,102,,61943,1,,,0,97,,71816,1,,,0
16029,'1949',1557,,67488,1,,,0,100,,67489,1,,,0,68,,67490,1,,,0
16029,'1956',818,,67449,1,,,0,97,,67447,1,,,0,103,,67453,1,,,0,97,,67455,1,,,0,100,,67452,1,,,0,101,,67454,1,,,0,100,,67446,1,,,0,100,,67448,1,,,0,100,,67451,1,,,0,498,,67456,1,,,0
16029,'1957',547,,71839,1,,,0,70,,71817,1,,,0,33,,71818,1,,,0,73,,71819,1,,,0,30,,71820,1,,,0,73,,71821,1,,,0,30,,71822,1,,,0,71,,71823,1,,,0,27,,71824,1,,,0,70,,71825,1,,,0,30,,71826,1,,,0,70,,71827,1,,,0,30,,71828,1,,,0,70,,71829,1,,,0,30,,71830,1,,,0,70,,71831,1,,,0,31,,71832,1,,,0,70,,71833,1,,,0,427,,71834,1,,,0,100,,71835,1,,,0,65,,71836,1,,,0,99,,71837,1,,,0,27,,71838,1,,,0
16029,'1959',818,,71843,1,,,0,97,,71841,1,,,0,103,,71846,1,,,0,97,,71848,1,,,0,100,,71845,1,,,0,101,,71847,1,,,0,100,,71840,1,,,0,100,,71842,1,,,0,100,,71844,1,,,0,498,,71849,1,,,0
22029,'1909',1525,,62280,17,4,,0,102,,62282,17,4,,0,127,,62285,17,4,,0,70,,62286,17,4,,0,98,,62288,17,4,,0,124,,62291,17,4,,0,269,,62295,15,4,,0,36,,62294,15,4,,0
22029,'1910',617,,62327,15,4,,0,30,,62326,15,4,,0,65,,62319,15,4,,0,30,,62314,15,4,,0,70,,62320,15,4,,0,31,,62296,17,4,,0,70,,62297,17,4,,0,30,,62298,17,4,,0,72,,62299,17,4,,0,30,,62300,17,4,,0,70,,62301,17,4,,0,30,,62302,17,4,,0,70,,62303,17,4,,0,31,,62304,17,4,,0,70,,62305,17,4,,0,31,,62306,17,4,,0,69,,62307,17,4,,0,31,,62308,17,4,,0,70,,62309,17,4,,0,30,,62310,17,4,,0,70,,62311,17,4,,0,29,,62312,17,4,,0,69,,62313,17,4,,0,29,,62315,15,4,,0,69,,62321,15,4,,0,30,,62316,15,4,,0,70,,62322,15,4,,0,30,,62317,15,4,,0,70,,62323,15,4,,0,30,,62318,15,4,,0,67,,62324,15,4,,0,33,,62325,15,4,,0
22029,'1912',716,,67683,15,4,,0,99,,72010,17,4,,0,100,,72011,17,4,,0,100,,72012,17,4,,0,100,,72013,17,4,,0,100,,72014,17,4,,0,101,,72015,17,4,,0,100,,72016,17,4,,0,100,,72017,17,4,,0,100,,72018,17,4,,0,99,,67681,17,4,,0,100,,62341,15,4,,0,100,,62338,15,4,,0,99,,62339,15,4,,0,100,,72019,15,4,,0
22029,'1924',716,,67695,15,4,,0,999,,67693,17,4,,0,100,,62356,15,4,,0,100,,62353,15,4,,0,99,,62354,15,4,,0
22029,'1925',716,,67707,15,4,,0,99,,72020,17,4,,0,100,,72021,17,4,,0,100,,72022,17,4,,0,100,,72023,17,4,,0,100,,72024,17,4,,0,101,,72025,17,4,,0,100,,72026,17,4,,0,100,,72027,17,4,,0,100,,72028,17,4,,0,99,,67705,17,4,,0,100,,62371,15,4,,0,100,,62368,15,4,,0,99,,62369,15,4,,0,100,,72029,15,4,,0
22029,'1949',1557,,67725,17,4,,0,100,,67726,17,4,,0,67,,67727,17,4,,0
22029,'1956',815,,67684,17,4,,0,100,,67685,17,4,,0,100,,67686,17,4,,0,100,,67687,17,4,,0,100,,67688,17,4,,0,101,,67689,17,4,,0,100,,67690,17,4,,0,100,,67691,17,4,,0,100,,67692,17,4,,0,498,,67694,15,4,,0
22029,'1957',650,,72031,15,4,,0,73,,72032,15,4,,0,30,,72033,15,4,,0,73,,72034,15,4,,0,30,,72035,15,4,,0,71,,72036,17,4,,0,27,,72037,17,4,,0,70,,72042,17,4,,0,30,,72038,17,4,,0,70,,72043,17,4,,0,30,,72039,17,4,,0,70,,72030,17,4,,0,30,,72040,17,4,,0,70,,72041,17,4,,0,31,,72044,17,4,,0,70,,72045,17,4,,0,30,,72046,17,4,,0,397,,72047,17,4,,0,100,,72048,17,4,,0,64,,72049,17,4,,0,100,,72050,17,4,,0,27,,72051,15,4,,0
22029,'1959',815,,72052,17,4,,0,100,,72053,17,4,,0,100,,72054,17,4,,0,100,,72055,17,4,,0,100,,72056,17,4,,0,101,,72057,17,4,,0,100,,72058,17,4,,0,100,,72059,17,4,,0,100,,72060,17,4,,0,498,,72061,15,4,,0
60029,'1912',629,,62746,8,,,0,24,,62761,8,,,0,70,,62748,8,,,0,30,,62763,8,,,0,70,,62757,8,,,0,30,,62762,8,,,0,70,,62752,8,,,0,30,,62753,8,,,0,69,,62754,8,,,0,30,,62756,8,,,0,70,,62750,8,,,0,30,,62764,8,,,0,70,,62745,8,,,0,30,,62755,8,,,0,70,,62743,8,,,0,30,,62741,8,,,0,70,,62744,8,,,0,30,,62765,8,,,0,70,,62766,8,,,0,30,,62742,8,,,0,70,,62769,8,,,0,30,,62740,8,,,0,70,,62768,8,,,0,30,,62738,8,,,0,70,,62767,8,,,0,30,,62751,8,,,0,70,,62759,8,,,0,30,,62739,8,,,0,70,,62758,8,,,0,29,,62760,8,,,0,71,,62747,8,,,0,30,,62749,8,,,0
60029,'1925',629,,62775,8,,,0,24,,62772,8,,,0,70,,62781,8,,,0,30,,62780,8,,,0,70,,62776,8,,,0,30,,62771,8,,,0,70,,62779,8,,,0,30,,62782,8,,,0,69,,62796,8,,,0,30,,62773,8,,,0,70,,62777,8,,,0,30,,62790,8,,,0,70,,62783,8,,,0,30,,62785,8,,,0,70,,62786,8,,,0,30,,62794,8,,,0,70,,62795,8,,,0,30,,62770,8,,,0,70,,62784,8,,,0,30,,62793,8,,,0,70,,62778,8,,,0,30,,62792,8,,,0,70,,62774,8,,,0,30,,62791,8,,,0,70,,62799,8,,,0,30,,62789,8,,,0,70,,62798,8,,,0,30,,62788,8,,,0,70,,62797,8,,,0,30,,62787,8,,,0
702019,'1909',828,,64880,8,,,0
702019,'1910',655,,69324,8,,,0,70,,69326,8,,,0,30,,69328,8,,,0,70,,69323,8,,,0,30,,69325,8,,,0,70,,69327,8,,,0,30,,69329,8,,,0,72,,69340,8,,,0,30,,69338,8,,,0,70,,69344,8,,,0,30,,69335,8,,,0,70,,69348,8,,,0,30,,69337,8,,,0,70,,69346,8,,,0,30,,69343,8,,,0,70,,69342,8,,,0,30,,69339,8,,,0,70,,69332,8,,,0,100,,69331,8,,,0,30,,69341,8,,,0,70,,69334,8,,,0,100,,69345,8,,,0,30,,69336,8,,,0,69,,69318,8,,,0,30,,69321,8,,,0,70,,69314,8,,,0,29,,69316,8,,,0,70,,69319,8,,,0,30,,69322,8,,,0,70,,69315,8,,,0,30,,69317,8,,,0,65,,69320,8,,,0,25,,69330,8,,,0
702019,'1912',655,,73221,8,,,0,70,,73211,8,,,0,30,,73229,8,,,0,70,,73217,8,,,0,30,,73210,8,,,0,70,,73228,8,,,0,31,,73220,8,,,0,70,,73209,8,,,0,30,,69375,8,,,0,70,,73216,8,,,0,30,,69356,8,,,0,71,,73222,8,,,0,30,,69360,8,,,0,70,,73208,8,,,0,30,,73227,8,,,0,70,,73215,8,,,0,30,,73207,8,,,0,70,,73225,8,,,0,30,,73219,8,,,0,70,,73206,8,,,0,30,,73224,8,,,0,70,,73214,8,,,0,30,,73205,8,,,0,68,,73223,8,,,0,30,,73213,8,,,0,70,,73204,8,,,0,30,,73226,8,,,0,70,,73212,8,,,0,30,,73203,8,,,0,70,,69377,8,,,0,30,,73218,8,,,0,70,,73202,8,,,0,30,,69372,8,,,0,65,,73230,8,,,0,25,,73231,8,,,0
702019,'1924',1056,,69410,8,,,0,100,,69391,8,,,0,101,,69395,8,,,0,868,,69412,8,,,0,130,,69407,8,,,0
702019,'1925',655,,73251,8,,,0,70,,73241,8,,,0,30,,73259,8,,,0,70,,73247,8,,,0,30,,73240,8,,,0,70,,73258,8,,,0,31,,73250,8,,,0,70,,73239,8,,,0,30,,69445,8,,,0,70,,73246,8,,,0,30,,69426,8,,,0,71,,73252,8,,,0,30,,69430,8,,,0,70,,73238,8,,,0,30,,73257,8,,,0,70,,73245,8,,,0,30,,73237,8,,,0,70,,73255,8,,,0,30,,73249,8,,,0,70,,73236,8,,,0,30,,73254,8,,,0,70,,73244,8,,,0,30,,73235,8,,,0,68,,73253,8,,,0,30,,73243,8,,,0,70,,73234,8,,,0,30,,73256,8,,,0,70,,73242,8,,,0,30,,73233,8,,,0,70,,69447,8,,,0,30,,73248,8,,,0,70,,73232,8,,,0,30,,69442,8,,,0,65,,73260,8,,,0,25,,73261,8,,,0
702019,'1949',728,,69507,8,,,0,22,,69477,8,,,0,107,,69506,8,,,0,73,,69479,8,,,0,220,,69483,8,,,0,100,,69485,8,,,0,576,,69495,8,,,0,30,,69496,8,,,0,100,,69498,8,,,0,169,,69501,8,,,0,99,,69503,8,,,0,30,,69504,8,,,0,90,,69511,8,,,0
702019,'1955',1557,,69347,8,,,0,200,,69333,8,,,0
702019,'1956',655,,69405,8,,,0,70,,69394,8,,,0,30,,69416,8,,,0,70,,69401,8,,,0,30,,69393,8,,,0,70,,69415,8,,,0,31,,69404,8,,,0,70,,69392,8,,,0,100,,69400,8,,,0,101,,69406,8,,,0,100,,69390,8,,,0,30,,69414,8,,,0,70,,69399,8,,,0,30,,69389,8,,,0,70,,69411,8,,,0,30,,69403,8,,,0,70,,69388,8,,,0,30,,69409,8,,,0,70,,69398,8,,,0,30,,69387,8,,,0,68,,69408,8,,,0,30,,69397,8,,,0,70,,69386,8,,,0,30,,69413,8,,,0,70,,69396,8,,,0,30,,69385,8,,,0,100,,69402,8,,,0,70,,69384,8,,,0,95,,69417,8,,,0,25,,69418,8,,,0
702019,'1957',639,,73262,8,,,0,65,,73263,8,,,0,101,,73264,8,,,0,40,,73285,8,,,0,105,,73265,8,,,0,70,,73266,8,,,0,30,,73288,8,,,0,70,,73267,8,,,0,100,,73268,8,,,0,100,,73269,8,,,0,30,,73270,8,,,0,70,,73271,8,,,0,32,,73272,8,,,0,70,,73286,8,,,0,22,,73273,8,,,0,60,,73274,8,,,0,20,,73275,8,,,0,20,,73276,8,,,0,60,,73287,8,,,0,20,,73277,8,,,0,17,,73278,8,,,0,60,,73279,8,,,0,125,,73280,8,,,0,99,,73281,8,,,0,30,,73282,8,,,0,100,,73283,8,,,0,164,,73284,8,,,0
702019,'1958',1557,,73290,8,,,0,200,,73289,8,,,0
702019,'1959',655,,73310,8,,,0,70,,73300,8,,,0,30,,73318,8,,,0,70,,73306,8,,,0,30,,73299,8,,,0,70,,73317,8,,,0,31,,73309,8,,,0,70,,73298,8,,,0,100,,73305,8,,,0,101,,73311,8,,,0,100,,73297,8,,,0,30,,73316,8,,,0,70,,73304,8,,,0,30,,73296,8,,,0,70,,73314,8,,,0,30,,73308,8,,,0,70,,73295,8,,,0,30,,73313,8,,,0,70,,73303,8,,,0,30,,73294,8,,,0,68,,73312,8,,,0,30,,73302,8,,,0,70,,73293,8,,,0,30,,73315,8,,,0,70,,73301,8,,,0,30,,73292,8,,,0,100,,73307,8,,,0,70,,73291,8,,,0,95,,73319,8,,,0,25,,73320,8,,,0
14000001019,'1909',2432,,65835,45,,,0,170,,65834,45,,,0
14000001019,'1910',2432,,65840,45,,,0,170,,65838,45,,,0
14000001019,'1912',2432,,65844,45,,,0,70,,70196,45,,,0,30,,73578,45,,,0,70,,65845,45,,,0,30,,70197,45,,,0
14000001019,'1924',2432,,65849,45,,,0,70,,70198,45,,,0,100,,65850,45,,,0,30,,70199,45,,,0
14000001019,'1925',2432,,65854,45,,,0,70,,70200,45,,,0,30,,73579,45,,,0,70,,65855,45,,,0,30,,70201,45,,,0
14000001019,'1955',2502,,70194,45,,,0,30,,65839,45,,,0,100,,70195,45,,,0
14000001019,'1956',2532,,65847,45,,,0
14000001019,'1957',2502,,73580,45,,,0,30,,73581,45,,,0,100,,73582,45,,,0
14000001019,'1958',2502,,73583,45,,,0,30,,73584,45,,,0,100,,73585,45,,,0
14000001019,'1959',2532,,73586,45,,,0
