2029,'1912',619,,74007,15,0,39 40,0,30,,74015,15,0,39 40,0,68,,74026,15,0,39 40,0,30,,74021,15,0,39 40,0,70,,74008,15,0,39 40,0,30,,74016,15,0,39 40,0,70,,74027,15,0,39 40,0,30,,74022,15,0,39 40,0,55,,66011,3,0,12,0,15,,74009,15,0,39 40,0,30,,74017,15,0,39 40,0,70,,74028,15,0,39 40,0,30,,74023,15,0,39 40,0,70,,74010,15,0,39 40,0,30,,74018,15,0,39 40,0,70,,74029,15,0,39 40,0,30,,74024,15,0,39 40,0,70,,74011,15,0,39 40,0,30,,74019,15,0,39 40,0,70,,74030,15,0,39 40,0,30,,74025,15,0,39 40,0,70,,74012,15,0,39 40,0,30,,74020,15,0,39 40,0,70,,74031,15,0,39 40,0,100,,74013,15,0,39 40,0,98,,74032,15,0,39 40,0,100,,74014,15,0,39 40,0,101,,74033,15,0,39 40,0,100,,74006,15,0,39 40,0
2029,'1959',1002,,66012,3,0,12,0
2029,'1966',549,,70594,14,0,39 40,0,70,,70577,14,0,39 40,0,30,,70584,14,0,39 40,0,68,,70563,14,0,39 40,0,30,,70569,14,0,39 40,0,70,,70578,14,0,39 40,0,30,,70585,14,0,39 40,0,70,,70564,14,0,39 40,0,30,,70570,14,0,39 40,0,70,,70579,14,0,39 40,0,30,,70586,14,0,39 40,0,70,,70565,14,0,39 40,0,30,,70571,14,0,39 40,0,70,,70580,14,0,39 40,0,30,,70587,14,0,39 40,0,70,,70566,14,0,39 40,0,30,,70572,14,0,39 40,0,70,,70581,14,0,39 40,0,30,,70588,14,0,39 40,0,70,,70567,14,0,39 40,0,30,,70573,14,0,39 40,0,70,,70582,14,0,39 40,0,30,,70589,14,0,39 40,0,70,,70568,14,0,39 40,0,30,,70574,14,0,39 40,0,70,,70583,14,0,39 40,0,30,,70590,14,0,39 40,0,70,,70575,14,0,39 40,0,100,,70591,14,0,39 40,0,100,,70576,14,0,39 40,0,100,,70592,14,0,39 40,0
2029,'1968',619,,70497,14,0,39 40,0,30,,70505,14,0,39 40,0,68,,70516,14,0,39 40,0,30,,70511,14,0,39 40,0,70,,70498,14,0,39 40,0,30,,70506,14,0,39 40,0,70,,70517,14,0,39 40,0,30,,70512,14,0,39 40,0,70,,70499,14,0,39 40,0,30,,70507,14,0,39 40,0,70,,70518,14,0,39 40,0,30,,70513,14,0,39 40,0,70,,70500,14,0,39 40,0,30,,70508,14,0,39 40,0,70,,70519,14,0,39 40,0,30,,70514,14,0,39 40,0,70,,70501,14,0,39 40,0,30,,70509,14,0,39 40,0,70,,70520,14,0,39 40,0,30,,70515,14,0,39 40,0,70,,70502,14,0,39 40,0,30,,70510,14,0,39 40,0,70,,70521,14,0,39 40,0,100,,70503,14,0,39 40,0,98,,70522,14,0,39 40,0,100,,70504,14,0,39 40,0,101,,70523,14,0,39 40,0,100,,70496,14,0,39 40,0
2029,'1969',1002,,66013,3,0,12,0
2029,'1970',522,,74055,3,0,39 40,0,25,,74038,15,0,39 40,0,70,,74039,15,0,39 40,0,29,,74040,15,0,39 40,0,69,,74041,15,0,39 40,0,28,,74042,15,0,39 40,0,70,,74043,15,0,39 40,0,30,,74044,15,0,39 40,0,73,,74045,15,0,39 40,0,30,,74046,15,0,39 40,0,70,,74069,15,0,39 40,0,30,,74065,15,0,39 40,0,70,,74071,15,0,39 40,0,30,,74067,15,0,39 40,0,70,,74068,15,0,39 40,0,30,,74064,15,0,39 40,0,70,,74070,15,0,39 40,0,30,,74066,15,0,39 40,0,70,,74072,15,0,39 40,0,31,,74047,15,0,39 40,0,74,,74048,15,0,39 40,0,30,,74049,15,0,39 40,0,70,,74050,15,0,39 40,0,30,,74051,15,0,39 40,0,70,,74052,15,0,39 40,0,28,,74053,15,0,39 40,0,67,,74054,15,0,39 40,0,30,,74058,15,0,39 40,0,70,,74059,15,0,39 40,0,101,,74060,15,0,39 40,0,100,,74061,15,0,39 40,0,100,,74057,15,0,39 40,0
2029,'1971',549,,74104,15,0,5 2 15 16 17,0,70,,74087,15,0,39 40,0,30,,74094,15,0,39 40,0,68,,74073,15,0,39 40,0,30,,74079,15,0,39 40,0,70,,74088,15,0,39 40,0,30,,74095,15,0,39 40,0,70,,74074,15,0,39 40,0,30,,74080,15,0,39 40,0,70,,74089,15,0,39 40,0,30,,74096,15,0,39 40,0,70,,74075,15,0,39 40,0,30,,74081,15,0,39 40,0,70,,74090,15,0,39 40,0,30,,74097,15,0,39 40,0,70,,74076,15,0,39 40,0,30,,74082,15,0,39 40,0,70,,74091,15,0,39 40,0,30,,74098,15,0,39 40,0,70,,74077,15,0,39 40,0,30,,74083,15,0,39 40,0,70,,74092,15,0,39 40,0,30,,74099,15,0,39 40,0,70,,74078,15,0,39 40,0,30,,74084,15,0,39 40,0,70,,74093,15,0,39 40,0,30,,74100,15,0,39 40,0,70,,74085,15,0,39 40,0,100,,74101,15,0,39 40,0,100,,74086,15,0,39 40,0,100,,74102,15,0,39 40,0
2029,'1972',619,,74108,15,0,39 40,0,30,,74116,15,0,39 40,0,68,,74127,15,0,39 40,0,30,,74122,15,0,39 40,0,70,,74109,15,0,39 40,0,30,,74117,15,0,39 40,0,70,,74128,15,0,39 40,0,30,,74123,15,0,39 40,0,70,,74110,15,0,39 40,0,30,,74118,15,0,39 40,0,70,,74129,15,0,39 40,0,30,,74124,15,0,39 40,0,70,,74111,15,0,39 40,0,30,,74119,15,0,39 40,0,70,,74130,15,0,39 40,0,30,,74125,15,0,39 40,0,70,,74112,15,0,39 40,0,30,,74120,15,0,39 40,0,70,,74131,15,0,39 40,0,30,,74126,15,0,39 40,0,70,,74113,15,0,39 40,0,30,,74121,15,0,39 40,0,70,,74132,15,0,39 40,0,100,,74114,15,0,39 40,0,98,,74133,15,0,39 40,0,100,,74115,15,0,39 40,0,101,,74134,15,0,39 40,0,100,,74107,15,0,39 40,0
2029,'1973',619,,74140,15,0,39 40,0,30,,74148,15,0,39 40,0,68,,74159,15,0,39 40,0,30,,74154,15,0,39 40,0,70,,74141,15,0,39 40,0,30,,74149,15,0,39 40,0,70,,74160,15,0,39 40,0,30,,74155,15,0,39 40,0,70,,74142,15,0,39 40,0,30,,74150,15,0,39 40,0,70,,74161,15,0,39 40,0,30,,74156,15,0,39 40,0,70,,74143,15,0,39 40,0,30,,74151,15,0,39 40,0,70,,74162,15,0,39 40,0,30,,74157,15,0,39 40,0,70,,74144,15,0,39 40,0,30,,74152,15,0,39 40,0,70,,74163,15,0,39 40,0,30,,74158,15,0,39 40,0,70,,74145,15,0,39 40,0,30,,74153,15,0,39 40,0,70,,74164,15,0,39 40,0,100,,74146,15,0,39 40,0,98,,74165,15,0,39 40,0,100,,74147,15,0,39 40,0,101,,74166,15,0,39 40,0,100,,74139,15,0,39 40,0
7029,'1912',716,,60657,14,,,0,100,,60658,14,,,0,100,,60659,14,,,0,100,,60660,14,,,0,100,,60661,14,,,0,100,,60662,14,,,0,100,,60663,14,,,0,101,,60664,14,,,0,100,,60665,14,,,0,99,,60666,14,,,0,100,,60667,14,,,0,100,,60668,14,,,0,100,,60669,14,,,0,101,,60670,14,,,0,26,,71204,14,0,13 35,0,74,,60656,14,,,0
7029,'1959',716,,60691,14,,,0,100,,60692,14,,,0,100,,60693,14,,,0,100,,60694,14,,,0,100,,60695,14,,,0,100,,60696,14,,,0,100,,60697,14,,,0,101,,60698,14,,,0,100,,60699,14,,,0,99,,60700,14,,,0,100,,60701,14,,,0,100,,60702,14,,,0,100,,60703,14,,,0,101,,60704,14,,,0,26,,71275,14,0,13 35,0,74,,60690,14,,,0
7029,'1965',514,,60618,14,,,0,35,,60617,14,0,13 35,0,67,,60588,14,,,0,101,,71228,14,,,0,100,,71230,14,,,0,100,,71232,14,,,0,30,,71233,14,,,0,70,,71234,14,,,0,30,,71235,14,,,0,70,,71236,14,,,0,200,,71225,14,,,0,131,,71226,14,,,0,70,,71238,14,,,0,129,,71241,14,,,0,70,,71242,14,,,0,30,,71243,14,,,0,170,,60608,14,,,0,30,,71245,14,,,0,70,,60610,14,,,0,100,,71246,14,,,0,100,,60612,14,,,0,100,,71250,14,,,0
7029,'1966',647,,71251,14,,,0,170,,60635,14,,,0,300,,60638,14,,,0,300,,60641,14,,,0,500,,71267,14,,,0,300,,71268,14,,,0
7029,'1967',618,,71269,3,,,0,99,,71262,14,,,0,30,,71252,14,,,0,100,,71253,14,,,0,70,,71263,14,,,0,30,,71254,14,,,0,70,,71264,14,,,0,30,,66633,14,,,0,100,,71255,14,,,0,70,,71265,14,,,0,30,,71256,14,,,0,70,,60640,14,,,0,30,,66636,14,,,0,100,,71257,14,,,0,70,,60642,14,,,0,30,,71258,14,,,0,70,,66647,14,,,0,30,,71259,14,,,0,70,,60644,14,,,0,30,,71260,14,,,0,70,,71266,14,,,0,30,,71261,14,,,0,100,,66642,14,,,0,70,,60647,14,,,0,100,,60648,14,,,0,200,,60650,14,,,0
7029,'1969',716,,60725,14,,,0,100,,60726,14,,,0,100,,60727,14,,,0,100,,60728,14,,,0,100,,60729,14,,,0,100,,60730,14,,,0,100,,60731,14,,,0,101,,60732,14,,,0,100,,60733,14,,,0,99,,60734,14,,,0,100,,60735,14,,,0,100,,60736,14,,,0,100,,60737,14,,,0,101,,60738,14,,,0,26,,71214,14,0,13 35,0,74,,60724,14,,,0
7029,'1970',645,,74323,14,,,0,102,,74324,14,,,0,100,,74325,14,,,0,300,,74326,14,,,0,70,,74321,14,,,0,30,,74322,14,,,0,101,,74320,14,,,0,70,,74319,14,,,0,130,,74327,14,,,0,70,,74328,14,,,0,199,,74329,14,,,0,30,,74330,14,,,0
7029,'1971',647,,74332,14,,,0,170,,74333,14,,,0,300,,74334,14,,,0,300,,74335,14,,,0,500,,74336,14,,,0,300,,74337,14,,,0
14000001029,'1912',531,,73589,3,0,18 7,0,1811,,70205,3,,,0,69,,75060,3,,,0,30,,65884,3,,,0,70,,70206,3,,,0,30,,75059,3,,,0,70,,65880,3,,,0
14000001029,'1959',531,,73605,3,0,18 7,0,1811,,70208,3,,,0,99,,65891,3,,,0,70,,70209,3,,,0,100,,65887,3,,,0
14000001029,'1965',429,,65864,3,0,18 7,0,102,,73593,3,0,18 7,0,1811,,73595,3,,,0,99,,65871,3,,,0,70,,73594,3,,,0,100,,65870,3,,,0
14000001029,'1966',531,,73600,3,0,18 7,0,1880,,73598,3,,,0,130,,73601,3,,,0
14000001029,'1967',2342,,73602,3,,,0,99,,65872,3,,,0,70,,73599,3,,,0,100,,65875,3,,,0
14000001029,'1968',2411,,73591,3,,,0,130,,73590,3,,,0
14000001029,'1969',531,,73592,3,0,18 7,0,1811,,70211,3,,,0,99,,65898,3,,,0,70,,70212,3,,,0,100,,65894,3,,,0
14000001029,'1970',2411,,75061,3,,,0,130,,75062,3,,,0
14000001029,'1971',531,,75064,3,0,18 7,0,1880,,75063,3,,,0,130,,75065,3,,,0
14000001029,'1972',2411,,75067,3,,,0,130,,75066,3,,,0
14000001029,'1973',2411,,75069,3,,,0,130,,75068,3,,,0
