2019,'1838',702,,35124,27,,,0,30,,35101,27,,,0,70,,35105,27,,,0,30,,35117,27,,,0,70,,35112,27,,,0,30,,35102,27,,,0,70,,35106,27,,,0,30,,35118,27,,,0,70,,35113,27,,,0,30,,35103,27,,,0,70,,35107,27,,,0,30,,35119,27,,,0,70,,35114,27,,,0,30,,35104,27,,,0,70,,35108,27,,,0,30,,35120,27,,,0,70,,35115,27,,,0,30,,35099,27,,,0,70,,35109,27,,,0,30,,35121,27,,,0,70,,35116,27,,,0,30,,35097,27,,,0,70,,35110,27,,,0,30,,35122,27,,,0,100,,35098,27,,,0,100,,35123,27,,,0,100,,35100,27,,,0,100,,35111,27,,,0,99,,35125,27,,,0
2019,'1867',702,,35217,27,,,0,30,,35194,27,,,0,70,,35198,27,,,0,30,,35210,27,,,0,70,,35205,27,,,0,30,,35195,27,,,0,70,,35199,27,,,0,30,,35211,27,,,0,70,,35206,27,,,0,30,,35196,27,,,0,70,,35200,27,,,0,30,,35212,27,,,0,70,,35207,27,,,0,30,,35197,27,,,0,70,,35201,27,,,0,30,,35213,27,,,0,70,,35208,27,,,0,30,,35192,27,,,0,70,,35202,27,,,0,30,,35214,27,,,0,70,,35209,27,,,0,30,,35190,27,,,0,70,,35203,27,,,0,30,,35215,27,,,0,100,,35191,27,,,0,100,,35216,27,,,0,100,,35193,27,,,0,100,,35204,27,,,0,99,,35218,27,,,0
2019,'1892',457,,43997,18,0,5 2 13 14,0,176,,35127,27,,,0,70,,35128,27,,,0,29,,35129,27,,,0,71,,35130,27,,,0,30,,35131,27,,,0,70,,35132,27,,,0,30,,35133,27,,,0,70,,35134,27,,,0,30,,35135,27,,,0,70,,35136,27,,,0,30,,35137,27,,,0,70,,35138,27,,,0,30,,35139,27,,,0,70,,35140,27,,,0,30,,35141,27,,,0,70,,35142,27,,,0,30,,35143,27,,,0,70,,35144,27,,,0,30,,35145,27,,,0,70,,35146,27,,,0,30,,35147,27,,,0,70,,35148,27,,,0,30,,35149,27,,,0,70,,35150,27,,,0,30,,35151,27,,,0,70,,35157,27,,,0,30,,35152,27,,,0,100,,35153,27,,,0,100,,35154,27,,,0,100,,35155,27,,,0,100,,35156,27,,,0
2019,'1897',457,,48670,18,0,5 2 13 14,0,176,,48690,27,,,0,70,,48694,27,,,0,28,,48674,27,,,0,72,,48678,27,,,0,30,,48682,27,,,0,70,,48686,27,,,0,30,,48700,27,,,0,70,,48673,27,,,0,30,,48677,27,,,0,70,,48681,27,,,0,30,,48685,27,,,0,70,,48689,27,,,0,30,,48693,27,,,0,70,,48696,27,,,0,30,,48698,27,,,0,70,,48688,27,,,0,30,,48692,27,,,0,70,,48701,27,,,0,30,,48676,27,,,0,70,,48680,27,,,0,30,,48684,27,,,0,68,,48672,27,,,0,32,,48671,27,,,0,70,,48675,27,,,0,30,,48679,27,,,0,70,,48683,27,,,0,30,,48699,27,,,0,100,,48687,27,,,0,100,,48691,27,,,0,100,,48695,27,,,0,100,,48697,27,,,0
2019,'1898',632,,48702,18,,,0,70,,48709,27,,,0,30,,48718,27,,,0,70,,48725,27,,,0,30,,48703,27,,,0,70,,48710,27,,,0,30,,48719,27,,,0,70,,48726,27,,,0,30,,48704,27,,,0,70,,48711,27,,,0,30,,48720,27,,,0,70,,48727,27,,,0,30,,48705,27,,,0,70,,48712,27,,,0,30,,48721,27,,,0,70,,48728,27,,,0,30,,48706,27,,,0,70,,48713,27,,,0,30,,48722,27,,,0,70,,48729,27,,,0,30,,48707,27,,,0,70,,48714,27,,,0,30,,48723,27,,,0,70,,48730,27,,,0,30,,48708,27,,,0,70,,48715,27,,,0,30,,48724,27,,,0,100,,48716,27,,,0,100,,48731,27,,,0,100,,48717,27,,,0,100,,48732,27,,,0
4019,'1838',746,,35397,2,,,0,70,,44019,2,,,0,30,,35395,2,,,0,70,,44020,2,,,0,30,,44018,2,,,0,71,,44005,2,,,0,30,,44008,2,,,0,70,,42187,2,,,0,30,,44014,2,,,0,70,,44001,2,,,0,30,,44004,2,,,0,70,,44007,2,,,0,30,,44011,2,,,0,70,,44012,2,,,0,30,,44000,2,,,0,70,,44003,2,,,0,30,,44006,2,,,0,70,,44010,2,,,0,30,,44013,2,,,0,70,,43999,2,,,0,30,,44002,2,,,0,70,,42183,2,,,0,30,,44009,2,,,0,70,,44017,2,,,0,30,,42191,2,,,0,70,,44015,2,,,0,30,,44021,2,,,0,70,,44016,2,,,0
4019,'1867',746,,35540,2,,,0,70,,44088,2,,,0,30,,35538,2,,,0,70,,44089,2,,,0,30,,44087,2,,,0,71,,44074,2,,,0,30,,44077,2,,,0,70,,42202,2,,,0,30,,44083,2,,,0,70,,44070,2,,,0,30,,44073,2,,,0,70,,44076,2,,,0,30,,44080,2,,,0,70,,44081,2,,,0,30,,44069,2,,,0,70,,44072,2,,,0,30,,44075,2,,,0,70,,44079,2,,,0,30,,44082,2,,,0,70,,44068,2,,,0,30,,44071,2,,,0,70,,42198,2,,,0,30,,44078,2,,,0,70,,44086,2,,,0,30,,42206,2,,,0,70,,44084,2,,,0,30,,44090,2,,,0,70,,44085,2,,,0
4019,'1892',617,,35458,2,,,0,30,,35484,2,,,0,70,,42192,2,,,0,27,,44023,2,,,0,76,,44024,2,,,0,24,,44025,2,,,0,76,,44026,2,,,0,27,,44027,2,,,0,70,,44028,2,,,0,30,,44029,2,,,0,70,,44030,2,,,0,30,,44031,2,,,0,70,,42194,2,,,0,100,,35471,2,,,0,132,,44033,2,,,0,70,,44034,2,,,0,31,,35476,2,,,0,100,,44036,2,,,0,64,,35479,2,,,0,36,,44037,2,,,0,62,,44038,2,,,0,35,,35482,2,,,0,70,,44039,2,,,0,30,,35452,2,,,0,70,,35453,2,,,0,30,,35454,2,,,0,70,,35455,2,,,0,30,,44022,2,,,0,70,,35457,2,,,0
4019,'1896',1247,,48802,2,,,0,100,,48803,2,,,0,70,,48804,2,,,0,197,,48805,2,,,0
4019,'1897',617,,48812,2,,,0,30,,48838,2,,,0,70,,48813,2,,,0,27,,48814,2,,,0,76,,48815,2,,,0,24,,48816,2,,,0,76,,48817,2,,,0,27,,48818,2,,,0,70,,48819,2,,,0,30,,48820,2,,,0,70,,48821,2,,,0,30,,48822,2,,,0,70,,48823,2,,,0,30,,48824,2,,,0,70,,48825,2,,,0,30,,48826,2,,,0,70,,48827,2,,,0,32,,48828,2,,,0,70,,48829,2,,,0,31,,48830,2,,,0,64,,48831,2,,,0,36,,48832,2,,,0,64,,48833,2,,,0,36,,48834,2,,,0,62,,48835,2,,,0,35,,48836,2,,,0,70,,48837,2,,,0,30,,48806,2,,,0,70,,48807,2,,,0,30,,48808,2,,,0,70,,48809,2,,,0,30,,48810,2,,,0,70,,48811,2,,,0
4019,'1898',646,,48870,2,,,0,70,,48846,2,,,0,30,,48840,2,,,0,70,,48850,2,,,0,30,,48861,2,,,0,70,,48856,2,,,0,30,,48844,2,,,0,71,,48866,2,,,0,30,,48843,2,,,0,70,,48863,2,,,0,30,,48858,2,,,0,70,,48851,2,,,0,30,,48864,2,,,0,70,,48867,2,,,0,30,,48842,2,,,0,70,,48853,2,,,0,30,,48841,2,,,0,70,,48847,2,,,0,30,,48865,2,,,0,70,,48862,2,,,0,30,,48859,2,,,0,70,,48848,2,,,0,30,,48868,2,,,0,70,,48869,2,,,0,30,,48839,2,,,0,70,,48854,2,,,0,30,,48852,2,,,0,70,,48860,2,,,0,30,,48845,2,,,0,70,,48855,2,,,0,30,,48849,2,,,0,70,,48857,2,,,0
502019,'1838',631,,39100,2,,,0,70,,46219,2,,,0,30,,39103,2,,,0,70,,46232,2,,,0,30,,39097,2,,,0,70,,46231,2,,,0,30,,39099,2,,,0,70,,46230,2,,,0,30,,39094,2,,,0,70,,46229,2,,,0,30,,39089,2,,,0,70,,46228,2,,,0,30,,46220,2,,,0,70,,46226,2,,,0,30,,39090,2,,,0,70,,46227,2,,,0,30,,39093,2,,,0,70,,46225,2,,,0,30,,39087,2,,,0,70,,46224,2,,,0,30,,39091,2,,,0,70,,46223,2,,,0,30,,39088,2,,,0,70,,46222,2,,,0,30,,39101,2,,,0,70,,46221,2,,,0,30,,43617,2,,,0,70,,39105,2,,,0,30,,39095,2,,,0,70,,39118,2,,,0,30,,39104,2,,,0,70,,39119,2,,,0,30,,39098,2,,,0,70,,39120,2,,,0,30,,39096,2,,,0
502019,'1867',631,,39238,2,,,0,70,,46289,2,,,0,30,,39241,2,,,0,70,,46302,2,,,0,30,,39235,2,,,0,70,,46301,2,,,0,30,,39237,2,,,0,70,,46300,2,,,0,30,,39232,2,,,0,70,,46299,2,,,0,30,,39227,2,,,0,70,,46298,2,,,0,30,,46290,2,,,0,70,,46296,2,,,0,30,,39228,2,,,0,70,,46297,2,,,0,30,,39231,2,,,0,70,,46295,2,,,0,30,,39225,2,,,0,70,,46294,2,,,0,30,,39229,2,,,0,70,,46293,2,,,0,30,,39226,2,,,0,70,,46292,2,,,0,30,,39239,2,,,0,70,,46291,2,,,0,30,,43623,2,,,0,70,,39243,2,,,0,30,,39233,2,,,0,70,,39256,2,,,0,30,,39242,2,,,0,70,,39257,2,,,0,30,,39236,2,,,0,70,,39258,2,,,0,30,,39234,2,,,0
502019,'1892',601,,46233,2,,,0,55,,46254,2,,,0,50,,46234,2,,,0,49,,46236,2,,,0,52,,46237,2,,,0,24,,43618,2,,,0,24,,39154,2,,,0,52,,43619,2,,,0,24,,46238,2,,,0,100,,46240,2,,,0,70,,46241,2,,,0,30,,46242,2,,,0,71,,46243,2,,,0,30,,46244,2,,,0,70,,46245,2,,,0,30,,43620,2,,,0,102,,39166,2,,,0,100,,46246,2,,,0,68,,39169,2,,,0,24,,43621,2,,,0,12,,46247,2,,,0,64,,39172,2,,,0,6,,46255,2,,,0,93,,46249,2,,,0,22,,39176,2,,,0,12,,46250,2,,,0,66,,46251,2,,,0,100,,46252,2,,,0,100,,46253,2,,,0,30,,39183,2,,,0,70,,39184,2,,,0,30,,39185,2,,,0,70,,39186,2,,,0,30,,39187,2,,,0
502019,'1896',631,,50493,2,,,0,100,,50494,2,,,0,270,,50495,2,,,0,401,,50496,2,,,0,102,,50497,2,,,0,221,,50498,2,,,0,12,,50499,2,,,0,194,,50500,2,,,0,100,,50501,2,,,0
502019,'1897',601,,50502,2,,,0,30,,50503,2,,,0,25,,50543,2,,,0,50,,50504,2,,,0,25,,50505,2,,,0,24,,50506,2,,,0,52,,50507,2,,,0,24,,50508,2,,,0,24,,50509,2,,,0,52,,50510,2,,,0,24,,50511,2,,,0,70,,50512,2,,,0,30,,50513,2,,,0,70,,50514,2,,,0,30,,50515,2,,,0,71,,50516,2,,,0,30,,50517,2,,,0,70,,50518,2,,,0,30,,50519,2,,,0,70,,50520,2,,,0,32,,50521,2,,,0,70,,50522,2,,,0,30,,50523,2,,,0,68,,50524,2,,,0,24,,50525,2,,,0,12,,50526,2,,,0,64,,50527,2,,,0,6,,50544,2,,,0,17,,50528,2,,,0,12,,50529,2,,,0,64,,50530,2,,,0,22,,50531,2,,,0,12,,50532,2,,,0,66,,50533,2,,,0,30,,50534,2,,,0,70,,50535,2,,,0,30,,50536,2,,,0,70,,50537,2,,,0,30,,50538,2,,,0,70,,50539,2,,,0,30,,50540,2,,,0,70,,50541,2,,,0,30,,50542,2,,,0
502019,'1898',631,,50552,2,,,0,70,,50559,2,,,0,30,,50551,2,,,0,70,,50560,2,,,0,30,,50550,2,,,0,70,,50561,2,,,0,30,,50549,2,,,0,70,,50562,2,,,0,30,,50570,2,,,0,70,,50563,2,,,0,30,,50571,2,,,0,70,,50564,2,,,0,30,,50572,2,,,0,70,,50565,2,,,0,30,,50573,2,,,0,70,,50566,2,,,0,30,,50574,2,,,0,70,,50567,2,,,0,30,,50575,2,,,0,70,,50568,2,,,0,30,,50576,2,,,0,70,,50569,2,,,0,30,,50577,2,,,0,70,,50553,2,,,0,30,,50578,2,,,0,70,,50555,2,,,0,100,,50554,2,,,0,30,,50548,2,,,0,70,,50556,2,,,0,30,,50547,2,,,0,70,,50557,2,,,0,30,,50546,2,,,0,70,,50558,2,,,0,30,,50545,2,,,0
701019,'1838',618,,46692,2,,,0,28,,40013,2,,,0,70,,46714,2,,,0,30,,46691,2,,,0,55,,46668,2,,,0,15,,46732,2,,,0,15,,46650,2,,,0,15,,46701,2,,,0,55,,46652,2,,,0,15,,46688,2,,,0,15,,46669,2,,,0,15,,46728,2,,,0,55,,46644,2,,,0,15,,46712,2,,,0,15,,46653,2,,,0,15,,46687,2,,,0,55,,46648,2,,,0,15,,40007,2,,,0,15,,46656,2,,,0,15,,46710,2,,,0,55,,46651,2,,,0,15,,46684,2,,,0,15,,46663,2,,,0,15,,46725,2,,,0,55,,46654,2,,,0,15,,46706,2,,,0,15,,46659,2,,,0,15,,46682,2,,,0,55,,46662,2,,,0,15,,46733,2,,,0,15,,46649,2,,,0,15,,46707,2,,,0,55,,46661,2,,,0,15,,46680,2,,,0,15,,46665,2,,,0,15,,46729,2,,,0,55,,46646,2,,,0,15,,46713,2,,,0,15,,46647,2,,,0,15,,46678,2,,,0,55,,46664,2,,,0,15,,46723,2,,,0,15,,46645,2,,,0,15,,46703,2,,,0,55,,46660,2,,,0,15,,46677,2,,,0,15,,46666,2,,,0,15,,46722,2,,,0,55,,46657,2,,,0,15,,46704,2,,,0,15,,46658,2,,,0,15,,46675,2,,,0,55,,46667,2,,,0,15,,46734,2,,,0,15,,46655,2,,,0,15,,46702,2,,,0,70,,46672,2,,,0,30,,46730,2,,,0,70,,46697,2,,,0,30,,46670,2,,,0,70,,46735,2,,,0,25,,46737,2,,,0,65,,46736,2,,,0
701019,'1867',618,,46989,2,,,0,28,,40614,2,,,0,70,,47011,2,,,0,30,,46988,2,,,0,55,,46965,2,,,0,15,,47029,2,,,0,15,,46947,2,,,0,15,,46998,2,,,0,55,,46949,2,,,0,15,,46985,2,,,0,15,,46966,2,,,0,15,,47025,2,,,0,55,,46941,2,,,0,15,,47009,2,,,0,15,,46950,2,,,0,15,,46984,2,,,0,55,,46945,2,,,0,15,,40608,2,,,0,15,,46953,2,,,0,15,,47007,2,,,0,55,,46948,2,,,0,15,,46981,2,,,0,15,,46960,2,,,0,15,,47022,2,,,0,55,,46951,2,,,0,15,,47003,2,,,0,15,,46956,2,,,0,15,,46979,2,,,0,55,,46959,2,,,0,15,,47030,2,,,0,15,,46946,2,,,0,15,,47004,2,,,0,55,,46958,2,,,0,15,,46977,2,,,0,15,,46962,2,,,0,15,,47026,2,,,0,55,,46943,2,,,0,15,,47010,2,,,0,15,,46944,2,,,0,15,,46975,2,,,0,55,,46961,2,,,0,15,,47020,2,,,0,15,,46942,2,,,0,15,,47000,2,,,0,55,,46957,2,,,0,15,,46974,2,,,0,15,,46963,2,,,0,15,,47019,2,,,0,55,,46954,2,,,0,15,,47001,2,,,0,15,,46955,2,,,0,15,,46972,2,,,0,55,,46964,2,,,0,15,,47031,2,,,0,15,,46952,2,,,0,15,,46999,2,,,0,70,,46969,2,,,0,30,,47027,2,,,0,70,,46994,2,,,0,30,,46967,2,,,0,70,,47032,2,,,0,25,,47034,2,,,0,65,,47033,2,,,0
701019,'1892',558,,46739,2,,,0,88,,46741,2,,,0,55,,46742,2,,,0,15,,46743,2,,,0,15,,46744,2,,,0,15,,46745,2,,,0,55,,43721,2,,,0,15,,46746,2,,,0,15,,46747,2,,,0,15,,46748,2,,,0,55,,46749,2,,,0,15,,46750,2,,,0,15,,46751,2,,,0,15,,46841,2,,,0,70,,46753,2,,,0,15,,46754,2,,,0,15,,46755,2,,,0,55,,46756,2,,,0,15,,46757,2,,,0,30,,46759,2,,,0,55,,46760,2,,,0,15,,46761,2,,,0,15,,46762,2,,,0,15,,46763,2,,,0,55,,46764,2,,,0,15,,46765,2,,,0,15,,46766,2,,,0,15,,46767,2,,,0,55,,46768,2,,,0,15,,46769,2,,,0,15,,46770,2,,,0,16,,40350,2,,,0,70,,40351,2,,,0,15,,46771,2,,,0,15,,46772,2,,,0,55,,46773,2,,,0,45,,46775,2,,,0,54,,46776,2,,,0,15,,46777,2,,,0,15,,46778,2,,,0,15,,46779,2,,,0,55,,46780,2,,,0,15,,46781,2,,,0,30,,46783,2,,,0,55,,46784,2,,,0,15,,46785,2,,,0,15,,46786,2,,,0,15,,46787,2,,,0,70,,46789,2,,,0,15,,46790,2,,,0,15,,46791,2,,,0,70,,46792,2,,,0,30,,46793,2,,,0,70,,46794,2,,,0,30,,46795,2,,,0,70,,46796,2,,,0,25,,46797,2,,,0,65,,46798,2,,,0
701019,'1896',628,,50887,2,,,0,373,,50888,2,,,0,130,,50889,2,,,0,371,,50896,2,,,0,115,,50897,2,,,0,15,,50890,2,,,0,199,,50891,2,,,0,170,,50892,2,,,0
701019,'1897',558,,50898,2,,,0,70,,50899,2,,,0,18,,50900,2,,,0,55,,50901,2,,,0,15,,50902,2,,,0,15,,50903,2,,,0,15,,50904,2,,,0,55,,50905,2,,,0,15,,50906,2,,,0,15,,50907,2,,,0,15,,50908,2,,,0,55,,50909,2,,,0,15,,50910,2,,,0,15,,50911,2,,,0,15,,51006,2,,,0,55,,50912,2,,,0,15,,50913,2,,,0,15,,50914,2,,,0,15,,50915,2,,,0,55,,50916,2,,,0,15,,50917,2,,,0,15,,50918,2,,,0,15,,50919,2,,,0,55,,50920,2,,,0,15,,50921,2,,,0,15,,50922,2,,,0,15,,50923,2,,,0,55,,50924,2,,,0,15,,50925,2,,,0,15,,50926,2,,,0,15,,50927,2,,,0,55,,50928,2,,,0,15,,50929,2,,,0,15,,50930,2,,,0,16,,50931,2,,,0,55,,50997,2,,,0,15,,50932,2,,,0,15,,50933,2,,,0,15,,50934,2,,,0,55,,50935,2,,,0,15,,51000,2,,,0,15,,50936,2,,,0,15,,50937,2,,,0,54,,50938,2,,,0,15,,50939,2,,,0,15,,50940,2,,,0,15,,50941,2,,,0,55,,50942,2,,,0,15,,50943,2,,,0,15,,50944,2,,,0,15,,50945,2,,,0,55,,50946,2,,,0,15,,50947,2,,,0,15,,50948,2,,,0,15,,50949,2,,,0,55,,50950,2,,,0,15,,50951,2,,,0,15,,50952,2,,,0,15,,50953,2,,,0,70,,50954,2,,,0,30,,50955,2,,,0,70,,50956,2,,,0,30,,50957,2,,,0,70,,50958,2,,,0,25,,50959,2,,,0,65,,50960,2,,,0
701019,'1898',618,,51076,2,,,0,28,,51041,2,,,0,70,,51021,2,,,0,30,,51033,2,,,0,55,,51079,2,,,0,15,,51045,2,,,0,15,,51080,2,,,0,15,,51011,2,,,0,55,,51081,2,,,0,15,,51022,2,,,0,15,,51088,2,,,0,15,,51034,2,,,0,55,,51091,2,,,0,15,,51046,2,,,0,15,,51086,2,,,0,15,,51012,2,,,0,55,,51089,2,,,0,15,,51023,2,,,0,15,,51087,2,,,0,15,,51035,2,,,0,55,,51090,2,,,0,15,,51047,2,,,0,15,,51102,2,,,0,15,,51013,2,,,0,55,,51101,2,,,0,15,,51024,2,,,0,15,,51100,2,,,0,15,,51036,2,,,0,55,,51099,2,,,0,15,,51048,2,,,0,15,,51098,2,,,0,15,,51014,2,,,0,55,,51097,2,,,0,15,,51025,2,,,0,15,,51103,2,,,0,15,,51037,2,,,0,55,,51096,2,,,0,15,,51049,2,,,0,15,,51095,2,,,0,15,,51015,2,,,0,55,,51094,2,,,0,15,,51026,2,,,0,15,,51093,2,,,0,15,,51038,2,,,0,55,,51092,2,,,0,15,,51050,2,,,0,15,,51104,2,,,0,15,,51016,2,,,0,55,,51077,2,,,0,15,,51027,2,,,0,15,,51082,2,,,0,15,,51039,2,,,0,55,,51083,2,,,0,15,,51051,2,,,0,15,,51084,2,,,0,15,,51017,2,,,0,70,,51028,2,,,0,30,,51040,2,,,0,70,,51052,2,,,0,30,,51072,2,,,0,70,,51075,2,,,0,25,,51085,2,,,0,65,,51078,2,,,0
702019,'1838',646,,47354,2,,,0,70,,47343,2,,,0,30,,47365,2,,,0,70,,47350,2,,,0,30,,47342,2,,,0,70,,47364,2,,,0,30,,47353,2,,,0,70,,47341,2,,,0,30,,47359,2,,,0,70,,47349,2,,,0,30,,47340,2,,,0,70,,47355,2,,,0,30,,47344,2,,,0,70,,47339,2,,,0,30,,47363,2,,,0,70,,47348,2,,,0,30,,47338,2,,,0,70,,47360,2,,,0,30,,47352,2,,,0,70,,47337,2,,,0,30,,47358,2,,,0,70,,47347,2,,,0,30,,47336,2,,,0,70,,47357,2,,,0,30,,47346,2,,,0,70,,47335,2,,,0,30,,47362,2,,,0,70,,47345,2,,,0,30,,47334,2,,,0,70,,47361,2,,,0,30,,47351,2,,,0,70,,47333,2,,,0,30,,47356,2,,,0,65,,47366,2,,,0,25,,47367,2,,,0
702019,'1867',646,,47465,2,,,0,70,,47454,2,,,0,30,,47476,2,,,0,70,,47461,2,,,0,30,,47453,2,,,0,70,,47475,2,,,0,30,,47464,2,,,0,70,,47452,2,,,0,30,,47470,2,,,0,70,,47460,2,,,0,30,,47451,2,,,0,70,,47466,2,,,0,30,,47455,2,,,0,70,,47450,2,,,0,30,,47474,2,,,0,70,,47459,2,,,0,30,,47449,2,,,0,70,,47471,2,,,0,30,,47463,2,,,0,70,,47448,2,,,0,30,,47469,2,,,0,70,,47458,2,,,0,30,,47447,2,,,0,70,,47468,2,,,0,30,,47457,2,,,0,70,,47446,2,,,0,30,,47473,2,,,0,70,,47456,2,,,0,30,,47445,2,,,0,70,,47472,2,,,0,30,,47462,2,,,0,70,,47444,2,,,0,30,,47467,2,,,0,65,,47477,2,,,0,25,,47478,2,,,0
702019,'1892',631,,47368,2,,,0,25,,47369,2,,,0,64,,47403,2,,,0,21,,47370,2,,,0,15,,47371,2,,,0,63,,47372,2,,,0,17,,47404,2,,,0,12,,47402,2,,,0,68,,47373,2,,,0,30,,47374,2,,,0,70,,47375,2,,,0,30,,47408,2,,,0,70,,47376,2,,,0,30,,47377,2,,,0,70,,47378,2,,,0,30,,47379,2,,,0,70,,47380,2,,,0,30,,47381,2,,,0,70,,47382,2,,,0,31,,47383,2,,,0,65,,47405,2,,,0,20,,47384,2,,,0,80,,47386,2,,,0,20,,47387,2,,,0,19,,47406,2,,,0,60,,47388,2,,,0,20,,47389,2,,,0,85,,47391,2,,,0,30,,47392,2,,,0,70,,47393,2,,,0,30,,47394,2,,,0,70,,47395,2,,,0,30,,47396,2,,,0,70,,47397,2,,,0,30,,47398,2,,,0,70,,47399,2,,,0,30,,47400,2,,,0,65,,47401,2,,,0,25,,47407,2,,,0
702019,'1896',1552,,51106,2,,,0,199,,51107,2,,,0
702019,'1897',631,,51108,2,,,0,25,,51109,2,,,0,64,,51143,2,,,0,21,,51110,2,,,0,15,,51111,2,,,0,63,,51112,2,,,0,17,,51144,2,,,0,12,,51142,2,,,0,68,,51113,2,,,0,30,,51114,2,,,0,70,,51115,2,,,0,30,,51148,2,,,0,70,,51116,2,,,0,30,,51117,2,,,0,70,,51118,2,,,0,30,,51119,2,,,0,70,,51120,2,,,0,30,,51121,2,,,0,70,,51122,2,,,0,31,,51123,2,,,0,65,,51145,2,,,0,20,,51124,2,,,0,20,,51125,2,,,0,60,,51126,2,,,0,20,,51127,2,,,0,19,,51146,2,,,0,60,,51128,2,,,0,20,,51129,2,,,0,20,,51130,2,,,0,65,,51131,2,,,0,30,,51132,2,,,0,70,,51133,2,,,0,30,,51134,2,,,0,70,,51135,2,,,0,30,,51136,2,,,0,70,,51137,2,,,0,30,,51138,2,,,0,70,,51139,2,,,0,30,,51140,2,,,0,65,,51141,2,,,0,25,,51147,2,,,0
702019,'1898',646,,51176,2,,,0,70,,51178,2,,,0,30,,51181,2,,,0,70,,51175,2,,,0,30,,51177,2,,,0,70,,51179,2,,,0,30,,51182,2,,,0,70,,51180,2,,,0,30,,51155,2,,,0,70,,51162,2,,,0,30,,51169,2,,,0,70,,51149,2,,,0,30,,51156,2,,,0,70,,51163,2,,,0,30,,51170,2,,,0,70,,51150,2,,,0,30,,51157,2,,,0,70,,51164,2,,,0,30,,51171,2,,,0,70,,51151,2,,,0,30,,51158,2,,,0,70,,51165,2,,,0,30,,51172,2,,,0,70,,51152,2,,,0,30,,51159,2,,,0,70,,51166,2,,,0,30,,51173,2,,,0,70,,51153,2,,,0,30,,51160,2,,,0,70,,51167,2,,,0,30,,51174,2,,,0,70,,51154,2,,,0,30,,51161,2,,,0,65,,51168,2,,,0,25,,51183,2,,,0
14000001019,'1838',2427,,48465,34,,,0,30,,48464,34,,,0,70,,41972,34,,,0,30,,48466,34,,,0,70,,48463,34,,,0
14000001019,'1867',2427,,48477,34,,,0,30,,48476,34,,,0,70,,41993,34,,,0,30,,48478,34,,,0,70,,48475,34,,,0
14000001019,'1892',2427,,48470,34,,,0,100,,41985,34,,,0,30,,48469,34,,,0
14000001019,'1896',2457,,51496,34,,,0,170,,51495,34,,,0
14000001019,'1897',2427,,51500,34,,,0,30,,51497,34,,,0,70,,51501,34,,,0,30,,51499,34,,,0,70,,51498,34,,,0
14000001019,'1898',2427,,51508,34,,,0,30,,51509,34,,,0,70,,51510,34,,,0,30,,51511,34,,,0,70,,51506,34,,,0
