1029,'1838',625,,34957,46,,,0,100,,34958,46,,,0,100,,34959,46,,,0,100,,34960,46,,,0,100,,34961,46,,,0,100,,34962,46,,,0,100,,34963,46,,,0,100,,34964,46,,,0,100,,34965,46,,,0,100,,34966,46,,,0,100,,34967,46,,,0,100,,34968,46,,,0,100,,34969,46,,,0,100,,34970,46,,,0,100,,34971,46,,,0,100,,34972,46,,,0,100,,34973,46,,,0,95,,34974,46,,,0
1029,'1867',625,,35079,46,,,0,100,,35080,46,,,0,100,,35081,46,,,0,100,,35082,46,,,0,100,,35083,46,,,0,100,,35084,46,,,0,100,,35085,46,,,0,100,,35086,46,,,0,100,,35087,46,,,0,100,,35088,46,,,0,100,,35089,46,,,0,100,,35090,46,,,0,100,,35091,46,,,0,100,,35092,46,,,0,100,,35093,46,,,0,100,,35094,46,,,0,100,,35095,46,,,0,95,,35096,46,,,0
1029,'1892',625,,42119,46,,,0,30,,42120,46,,,0,70,,42140,46,,,0,30,,42116,46,,,0,100,,42144,46,,,0,70,,42114,46,,,0,30,,43987,46,,,0,70,,42139,46,,,0,30,,42118,46,,,0,70,,42110,46,,,0,30,,42143,46,,,0,70,,42115,46,,,0,30,,43988,46,,,0,70,,42138,46,,,0,30,,42117,46,,,0,101,,42141,46,,,0,70,,42113,46,,,0,30,,43989,46,,,0,70,,42137,46,,,0,30,,42126,46,,,0,70,,42125,46,,,0,29,,42124,46,,,0,70,,42130,46,,,0,30,,43990,46,,,0,70,,42128,46,,,0,30,,42127,46,,,0,70,,42142,46,,,0,30,,42136,46,,,0,70,,42135,46,,,0,30,,42134,46,,,0,70,,42133,46,,,0,30,,42132,46,,,0,65,,42131,46,,,0
1029,'1896',825,,48598,46,,,0,600,,48599,46,,,0
1029,'1897',625,,48609,46,,,0,30,,48610,46,,,0,70,,48630,46,,,0,30,,48606,46,,,0,70,,48601,46,,,0,30,,48634,46,,,0,70,,48604,46,,,0,30,,48611,46,,,0,70,,48629,46,,,0,30,,48608,46,,,0,70,,48600,46,,,0,30,,48633,46,,,0,70,,48605,46,,,0,30,,48612,46,,,0,70,,48628,46,,,0,30,,48607,46,,,0,70,,48602,46,,,0,31,,48631,46,,,0,70,,48603,46,,,0,30,,48613,46,,,0,70,,48627,46,,,0,30,,48616,46,,,0,70,,48615,46,,,0,29,,48614,46,,,0,70,,48620,46,,,0,30,,48619,46,,,0,70,,48618,46,,,0,30,,48617,46,,,0,70,,48632,46,,,0,30,,48626,46,,,0,70,,48625,46,,,0,30,,48624,46,,,0,70,,48623,46,,,0,30,,48622,46,,,0,65,,48621,46,,,0
1029,'1898',625,,48640,46,,,0,30,,48652,46,,,0,70,,48659,46,,,0,30,,48647,46,,,0,70,,48668,46,,,0,30,,48656,46,,,0,69,,48639,46,,,0,31,,48651,46,,,0,70,,48662,46,,,0,30,,48646,46,,,0,70,,48669,46,,,0,30,,48655,46,,,0,70,,48638,46,,,0,30,,48650,46,,,0,70,,48661,46,,,0,30,,48645,46,,,0,70,,48641,46,,,0,30,,48654,46,,,0,70,,48637,46,,,0,30,,48649,46,,,0,70,,48657,46,,,0,30,,48644,46,,,0,70,,48666,46,,,0,30,,48653,46,,,0,70,,48636,46,,,0,30,,48648,46,,,0,70,,48660,46,,,0,30,,48642,46,,,0,70,,48664,46,,,0,30,,48663,46,,,0,70,,48635,46,,,0,30,,48643,46,,,0,70,,48658,46,,,0,30,,48667,46,,,0,65,,48665,46,,,0
2029,'1838',640,,35220,43,,,0,70,,35228,43,,,0,30,,35239,43,,,0,70,,35234,43,,,0,30,,35221,43,,,0,70,,35229,43,,,0,30,,35240,43,,,0,70,,35235,43,,,0,30,,35222,43,,,0,70,,35230,43,,,0,30,,35241,43,,,0,70,,35236,43,,,0,30,,35223,43,,,0,70,,35231,43,,,0,30,,35242,43,,,0,70,,35237,43,,,0,30,,35224,43,,,0,70,,35232,43,,,0,30,,35243,43,,,0,70,,35238,43,,,0,30,,35225,43,,,0,70,,35233,43,,,0,30,,35244,43,,,0,100,,35226,43,,,0,100,,35245,43,,,0,100,,35227,43,,,0,100,,35246,43,,,0,100,,35219,43,,,0
2029,'1867',640,,35321,43,,,0,70,,35329,43,,,0,30,,35340,43,,,0,70,,35335,43,,,0,30,,35322,43,,,0,70,,35330,43,,,0,30,,35341,43,,,0,70,,35336,43,,,0,30,,35323,43,,,0,70,,35331,43,,,0,30,,35342,43,,,0,70,,35337,43,,,0,30,,35324,43,,,0,70,,35332,43,,,0,30,,35343,43,,,0,70,,35338,43,,,0,30,,35325,43,,,0,70,,35333,43,,,0,30,,35344,43,,,0,70,,35339,43,,,0,30,,35326,43,,,0,70,,35334,43,,,0,30,,35345,43,,,0,100,,35327,43,,,0,100,,35346,43,,,0,100,,35328,43,,,0,100,,35347,43,,,0,100,,35320,43,,,0
2029,'1892',543,,35277,28,,,0,67,,35251,43,,,0,30,,35252,43,,,0,70,,35253,43,,,0,30,,35254,43,,,0,70,,35255,43,,,0,30,,35256,43,,,0,70,,35257,43,,,0,30,,35258,43,,,0,70,,35259,43,,,0,30,,35260,43,,,0,70,,35261,43,,,0,30,,35262,43,,,0,70,,35263,43,,,0,30,,35264,43,,,0,70,,35265,43,,,0,30,,35266,43,,,0,70,,35267,43,,,0,30,,35268,43,,,0,70,,35269,43,,,0,30,,35270,43,,,0,70,,35271,43,,,0,30,,35272,43,,,0,70,,35273,43,,,0,30,,35274,43,,,0,70,,35275,43,,,0,30,,35276,43,,,0,70,,35280,43,,,0,30,,35281,43,,,0,100,,35282,43,,,0,100,,35283,43,,,0,100,,35279,43,,,0
2029,'1897',543,,48735,25,,,0,67,,48737,39,,,0,30,,48738,39,,,0,70,,48739,39,,,0,30,,48740,39,,,0,70,,48741,39,,,0,30,,48767,39,,,0,70,,48758,39,,,0,30,,48743,39,,,0,70,,48744,39,,,0,30,,48745,39,,,0,70,,48746,39,,,0,30,,48747,39,,,0,70,,48748,39,,,0,30,,48749,39,,,0,70,,48750,39,,,0,30,,48751,39,,,0,70,,48752,39,,,0,30,,48753,39,,,0,70,,48754,39,,,0,30,,48755,39,,,0,70,,48756,39,,,0,30,,48757,39,,,0,70,,48759,39,,,0,30,,48760,39,,,0,70,,48761,39,,,0,30,,48762,39,,,0,70,,48763,39,,,0,30,,48764,39,,,0,100,,48765,39,,,0,100,,48766,39,,,0,100,,48742,39,,,0
2029,'1898',610,,48799,39,0,5 2 15 16 17,0,30,,48782,39,,,0,70,,48789,39,,,0,30,,48768,39,,,0,70,,48774,39,,,0,30,,48783,39,,,0,70,,48790,39,,,0,30,,48769,39,,,0,70,,48775,39,,,0,30,,48784,39,,,0,70,,48791,39,,,0,30,,48770,39,,,0,70,,48776,39,,,0,30,,48785,39,,,0,70,,48792,39,,,0,30,,48771,39,,,0,70,,48777,39,,,0,30,,48786,39,,,0,70,,48793,39,,,0,30,,48772,39,,,0,70,,48778,39,,,0,30,,48787,39,,,0,70,,48794,39,,,0,30,,48773,39,,,0,70,,48779,39,,,0,30,,48788,39,,,0,70,,48795,39,,,0,30,,48780,39,,,0,100,,48796,39,,,0,100,,48781,39,,,0,100,,48797,39,,,0
14000001029,'1838',548,,48495,27,0,18 7,0,1853,,48491,27,,,0,30,,42005,27,,,0,70,,48494,27,,,0,30,,48493,27,,,0,70,,42004,27,,,0,30,,48492,27,,,0
14000001029,'1867',548,,48509,27,0,18 7,0,1853,,48505,27,,,0,30,,42035,27,,,0,70,,48508,27,,,0,30,,48507,27,,,0,70,,42034,27,,,0,30,,48506,27,,,0
14000001029,'1892',447,,42016,27,0,18 7,0,102,,48496,27,0,18 7,0,1882,,42020,27,,,0,70,,48500,27,,,0,100,,42021,27,,,0,30,,48499,27,,,0
14000001029,'1896',2401,,51513,27,,,0,130,,51512,27,,,0
14000001029,'1897',447,,51514,24,0,18 7,0,102,,51515,24,0,18 7,0,1852,,51519,24,,,0,30,,51521,24,,,0,70,,51518,25,,,0,30,,51517,25,,,0,70,,51516,25,,,0,30,,51520,25,,,0
14000001029,'1898',548,,51526,24,0,18 7,0,1853,,51524,24,,,0,30,,51528,24,,,0,70,,51527,25,,,0,30,,51525,25,,,0,70,,51522,25,,,0,30,,51523,25,,,0
