1029,'1912',603,,73732,17,,,0,98,,73733,17,,,0,100,,73734,17,,,0,100,,73735,17,,,0,101,,73736,17,,,0,100,,73737,17,,,0,100,,73738,17,,,0,100,,73739,17,,,0,100,,73740,17,,,0,100,,73741,17,,,0,100,,73742,17,,,0,100,,73743,17,,,0,100,,73744,17,,,0,100,,73745,17,,,0,100,,73746,17,,,0,100,,73747,17,,,0,100,,73748,17,,,0,99,,73749,17,,,0
1029,'1959',603,,73820,17,,,0,98,,73821,17,,,0,100,,73822,17,,,0,100,,73823,17,,,0,101,,73824,17,,,0,100,,73825,17,,,0,100,,73826,17,,,0,100,,73827,17,,,0,100,,73828,17,,,0,100,,73829,17,,,0,100,,73830,17,,,0,100,,73831,17,,,0,100,,73832,17,,,0,100,,73833,17,,,0,100,,73834,17,,,0,100,,73835,17,,,0,100,,73836,17,,,0,99,,73837,17,,,0
1029,'1967',603,,73790,17,,,0,28,,73802,17,,,0,70,,73809,17,,,0,30,,73797,17,,,0,70,,73818,17,,,0,30,,73806,17,,,0,70,,73789,17,,,0,29,,73801,17,,,0,70,,73812,17,,,0,30,,73796,17,,,0,70,,73819,17,,,0,30,,73805,17,,,0,70,,73788,17,,,0,30,,73800,17,,,0,70,,73811,17,,,0,30,,73795,17,,,0,70,,73791,17,,,0,30,,73804,17,,,0,70,,73787,17,,,0,30,,73799,17,,,0,70,,73807,17,,,0,30,,73794,17,,,0,70,,73816,17,,,0,30,,73803,17,,,0,70,,73786,17,,,0,31,,73798,17,,,0,70,,73810,17,,,0,30,,73792,17,,,0,70,,73814,17,,,0,30,,73813,17,,,0,70,,73785,17,,,0,30,,73793,17,,,0,70,,73808,17,,,0,30,,73817,17,,,0,70,,73815,17,,,0
1029,'1969',603,,73838,17,,,0,98,,73839,17,,,0,100,,73840,17,,,0,100,,73841,17,,,0,101,,73842,17,,,0,100,,73843,17,,,0,100,,73844,17,,,0,100,,73845,17,,,0,100,,73846,17,,,0,100,,73847,17,,,0,100,,73848,17,,,0,100,,73849,17,,,0,100,,73850,17,,,0,100,,73851,17,,,0,100,,73852,17,,,0,100,,73853,17,,,0,100,,73854,17,,,0,99,,73855,17,,,0
1029,'1976',601,,73759,17,,,0,35,,73760,17,,,0,66,,73780,17,,,0,30,,73756,17,,,0,70,,73751,17,,,0,30,,73784,17,,,0,73,,73754,17,,,0,30,,73761,17,,,0,70,,73779,17,,,0,30,,73758,17,,,0,70,,73750,17,,,0,30,,73783,17,,,0,70,,73755,17,,,0,30,,73762,17,,,0,70,,73778,17,,,0,30,,73757,17,,,0,70,,73752,17,,,0,30,,73781,17,,,0,71,,73753,17,,,0,30,,73763,17,,,0,70,,73777,17,,,0,30,,73766,17,,,0,70,,73765,17,,,0,29,,73764,17,,,0,67,,73770,17,,,0,30,,73769,17,,,0,70,,73768,17,,,0,30,,73767,17,,,0,70,,73782,17,,,0,29,,73776,17,,,0,70,,73775,17,,,0,30,,73774,17,,,0,70,,73773,17,,,0,30,,73772,17,,,0,25,,73771,17,,,0
1029,'1977',601,,75115,17,,,0,35,,75116,17,,,0,66,,75136,17,,,0,30,,75112,17,,,0,70,,75107,17,,,0,30,,75140,17,,,0,73,,75110,17,,,0,30,,75117,17,,,0,70,,75135,17,,,0,30,,75114,17,,,0,70,,75106,17,,,0,30,,75139,17,,,0,70,,75111,17,,,0,30,,75118,17,,,0,70,,75134,17,,,0,30,,75113,17,,,0,70,,75108,17,,,0,30,,75137,17,,,0,71,,75109,17,,,0,30,,75119,17,,,0,70,,75133,17,,,0,30,,75122,17,,,0,70,,75121,17,,,0,29,,75120,17,,,0,67,,75126,17,,,0,30,,75125,17,,,0,70,,75124,17,,,0,30,,75123,17,,,0,70,,75138,17,,,0,29,,75132,17,,,0,70,,75131,17,,,0,30,,75130,17,,,0,70,,75129,17,,,0,30,,75128,17,,,0,25,,75127,17,,,0
22019,'1912',648,,67626,4,0,19 2 32 26,0,100,,71967,4,0,19 2 32 26,0,100,,71964,4,,,0,92,,71965,4,,,0,100,,71959,4,,,0,100,,71963,4,,,0,100,,71960,4,,,0,100,,71961,4,,,0,100,,71958,4,,,0,100,,71962,4,,,0,100,,67620,4,,,0,101,,62212,4,0,19 2 32 26,0,100,,62213,4,0,19 2 32 26,0,100,,62214,4,0,19 2 32 26,0,108,,71966,4,0,19 2 32 26,0
22019,'1959',648,,67638,4,0,19 2 32 26,0,100,,72009,4,0,19 2 32 26,0,100,,72006,4,,,0,92,,72007,4,,,0,100,,72001,4,,,0,100,,72005,4,,,0,100,,72002,4,,,0,100,,72003,4,,,0,100,,72000,4,,,0,100,,72004,4,,,0,100,,67632,4,,,0,101,,62227,4,0,19 2 32 26,0,100,,62228,4,0,19 2 32 26,0,100,,62229,4,0,19 2 32 26,0,108,,72008,4,0,19 2 32 26,0
22019,'1967',620,,62202,4,0,19 2 32 26,0,23,,62195,4,0,19 2 32 26,0,70,,62191,4,0,19 2 32 26,0,30,,62196,4,0,19 2 32 26,0,70,,62192,4,0,19 2 32 26,0,30,,62172,4,,,0,72,,62173,4,,,0,30,,62174,4,,,0,70,,62175,4,,,0,30,,62176,4,,,0,70,,62177,4,,,0,30,,62178,4,,,0,70,,62179,4,,,0,31,,62180,4,,,0,70,,62181,4,,,0,30,,62182,4,,,0,70,,62183,4,,,0,31,,62184,4,,,0,70,,62185,4,,,0,30,,62186,4,,,0,70,,62187,4,,,0,29,,62188,4,,,0,70,,62189,4,,,0,30,,62197,4,0,19 2 32 26,0,70,,62193,4,0,19 2 32 26,0,30,,62198,4,0,19 2 32 26,0,68,,62190,4,0,19 2 32 26,0,30,,62199,4,0,19 2 32 26,0,69,,62194,4,0,19 2 32 26,0,30,,62200,4,0,19 2 32 26,0,70,,62201,4,0,19 2 32 26,0
22019,'1969',648,,67650,4,0,19 2 32 26,0,100,,71977,4,0,19 2 32 26,0,100,,71974,4,,,0,92,,71975,4,,,0,100,,71969,4,,,0,100,,71973,4,,,0,100,,71970,4,,,0,100,,71971,4,,,0,100,,71968,4,,,0,100,,71972,4,,,0,100,,67644,4,,,0,101,,62242,4,0,19 2 32 26,0,100,,62243,4,0,19 2 32 26,0,100,,62244,4,0,19 2 32 26,0,108,,71976,4,0,19 2 32 26,0
22019,'1976',554,,62171,4,0,19 2 32 26,0,92,,71978,4,0,19 2 32 26,0,70,,71979,4,0,19 2 32 26,0,33,,74520,4,,,0,70,,74521,4,,,0,32,,74522,4,,,0,70,,71983,4,,,0,30,,71984,4,,,0,70,,74523,4,,,0,30,,71986,4,,,0,70,,71987,4,,,0,30,,71988,4,,,0,70,,71989,4,,,0,30,,71990,4,,,0,70,,71991,4,,,0,30,,71992,4,,,0,70,,74524,4,,,0,31,,74525,4,,,0,69,,74526,4,,,0,29,,74535,4,,,0,70,,74527,4,,,0,30,,74528,4,,,0,68,,74529,4,,,0,29,,74530,4,,,0,69,,74531,4,,,0,30,,74532,4,,,0,70,,74533,4,,,0,30,,71997,4,,,0,69,,74534,4,,,0,30,,71998,4,,,0,70,,71999,4,0,19 2 32 26,0
22019,'1977',646,,75741,4,0,19 2 32 26,0,70,,75742,4,0,19 2 32 26,0,33,,75743,4,,,0,70,,75744,4,,,0,32,,75745,4,,,0,70,,75746,4,,,0,30,,75747,4,,,0,70,,75748,4,,,0,30,,75749,4,,,0,70,,75750,4,,,0,30,,75751,4,,,0,70,,75752,4,,,0,30,,75753,4,,,0,70,,75754,4,,,0,30,,75755,4,,,0,70,,75756,4,,,0,31,,75757,4,,,0,69,,75758,4,,,0,29,,75770,4,,,0,70,,75759,4,,,0,30,,75760,4,,,0,68,,75761,4,,,0,29,,75762,4,,,0,69,,75763,4,,,0,30,,75764,4,,,0,70,,75765,4,,,0,30,,75766,4,,,0,69,,75767,4,,,0,30,,75768,4,,,0,70,,75769,4,0,19 2 32 26,0
