702029,'1909',812,,65124,18,0,9 10,0
702029,'1910',641,,69527,18,0,9 10,0,63,,69513,18,0,9 10,0,30,,69517,18,0,9 10,0,71,,69521,18,0,9 10,0,32,,69524,18,0,9 10,0,70,,69514,18,0,9 10,0,15,,69530,18,0,5 2 11 2 12,0,15,,69518,18,0,9 10,0,71,,69559,18,0,9 10,0,34,,69552,18,0,9 10,0,70,,69540,18,0,9 10,0,15,,69549,18,0,5 2 11 2 12,0,15,,69555,18,0,9 10,0,70,,69550,18,0,9 10,0,15,,69572,18,0,5 2 11 2 12,0,15,,69547,18,0,9 10,0,70,,69544,18,0,9 10,0,30,,69571,18,0,9 10,0,70,,69558,18,0,9 10,0,15,,69543,18,0,5 2 11 2 12,0,15,,69546,18,0,9 10,0,70,,69553,18,0,9 10,0,15,,69537,18,0,5 2 11 2 12,0,85,,69541,18,0,9 10,0,15,,69539,18,0,5 2 11 2 12,0,15,,69573,18,0,9 10,0,70,,69551,18,0,9 10,0,15,,69561,18,0,5 2 11 2 12,0,85,,69545,18,0,9 10,0,15,,69567,18,0,5 2 11 2 12,0,15,,69574,18,0,9 10,0,15,,69538,18,0,5 2 11 2 12,0,55,,69557,18,0,9 10,0,27,,69519,18,0,9 10,0,70,,69522,18,0,9 10,0,15,,65204,18,0,5 2 11 2 12,0,15,,69525,18,0,9 10,0,70,,69515,18,0,9 10,0,28,,69520,18,0,9 10,0,70,,69523,18,0,9 10,0,30,,69526,18,0,9 10,0,68,,69516,18,0,9 10,0,25,,69536,18,0,9 10,0,70,,69535,18,0,5 2 11 2 12,0
702029,'1912',643,,73341,18,0,9 10,0,63,,73330,18,0,9 10,0,30,,73343,18,0,9 10,0,70,,73339,18,0,9 10,0,16,,69616,18,0,5 2 11 2 12,0,16,,73329,18,0,9 10,0,15,,69628,18,0,5 2 11 2 12,0,55,,73342,18,0,9 10,0,15,,73350,18,0,5 2 11 2 12,0,15,,73331,18,0,9 10,0,15,,69614,18,0,5 2 11 2 12,0,55,,73328,18,0,9 10,0,15,,69623,18,0,5 2 11 2 12,0,16,,69604,18,0,9 10,0,15,,69624,18,0,5 2 11 2 12,0,55,,73334,18,0,9 10,0,15,,69615,18,0,5 2 11 2 12,0,15,,69582,18,0,9 10,0,15,,69634,18,0,5 2 11 2 12,0,56,,73348,18,0,9 10,0,16,,69612,18,0,5 2 11 2 12,0,15,,69593,18,0,9 10,0,15,,69626,18,0,5 2 11 2 12,0,55,,73327,18,0,9 10,0,15,,69635,18,0,5 2 11 2 12,0,15,,73344,18,0,9 10,0,15,,69618,18,0,5 2 11 2 12,0,55,,73337,18,0,9 10,0,15,,69621,18,0,5 2 11 2 12,0,15,,73326,18,0,9 10,0,15,,69633,18,0,5 2 11 2 12,0,55,,73345,18,0,9 10,0,15,,69613,18,0,5 2 11 2 12,0,15,,73333,18,0,9 10,0,15,,69622,18,0,5 2 11 2 12,0,55,,73325,18,0,9 10,0,15,,69631,18,0,5 2 11 2 12,0,15,,73349,18,0,9 10,0,15,,69611,18,0,5 2 11 2 12,0,55,,73332,18,0,9 10,0,15,,69627,18,0,5 2 11 2 12,0,15,,73324,18,0,9 10,0,15,,69629,18,0,5 2 11 2 12,0,55,,73346,18,0,9 10,0,13,,69619,18,0,5 2 11 2 12,0,13,,73340,18,0,9 10,0,15,,69625,18,0,5 2 11 2 12,0,55,,73323,18,0,9 10,0,15,,69630,18,0,5 2 11 2 12,0,15,,73347,18,0,9 10,0,15,,69617,18,0,5 2 11 2 12,0,55,,73336,18,0,9 10,0,15,,69620,18,0,5 2 11 2 12,0,15,,73322,18,0,9 10,0,15,,69632,18,0,5 2 11 2 12,0,54,,69602,18,0,9 10,0,14,,69610,18,0,5 2 11 2 12,0,15,,73338,18,0,9 10,0,70,,73321,18,0,9 10,0,30,,69606,18,0,9 10,0,70,,73335,18,0,9 10,0,25,,73351,18,0,9 10,0,70,,69637,18,0,5 2 11 2 12,0
702029,'1924',822,,69679,18,0,5 2 11 2 12,0,31,,69691,18,0,5 2 11 2 12,0,100,,69677,18,0,5 2 11 2 12,0,70,,69686,18,0,5 2 11 2 12,0,16,,69667,18,0,9 10,0,15,,69687,18,0,5 2 11 2 12,0,70,,69678,18,0,5 2 11 2 12,0,15,,69645,18,0,9 10,0,15,,69697,18,0,5 2 11 2 12,0,72,,69675,18,0,5 2 11 2 12,0,15,,69656,18,0,9 10,0,15,,69689,18,0,5 2 11 2 12,0,70,,69698,18,0,5 2 11 2 12,0,30,,69681,18,0,5 2 11 2 12,0,70,,69684,18,0,5 2 11 2 12,0,30,,69696,18,0,5 2 11 2 12,0,70,,69676,18,0,5 2 11 2 12,0,30,,69685,18,0,5 2 11 2 12,0,70,,69694,18,0,5 2 11 2 12,0,30,,69674,18,0,5 2 11 2 12,0,70,,69690,18,0,5 2 11 2 12,0,30,,69692,18,0,5 2 11 2 12,0,68,,69682,18,0,5 2 11 2 12,0,28,,69688,18,0,5 2 11 2 12,0,70,,69693,18,0,5 2 11 2 12,0,30,,69680,18,0,5 2 11 2 12,0,70,,69683,18,0,5 2 11 2 12,0,30,,69695,18,0,5 2 11 2 12,0,54,,69665,18,0,9 10,0,14,,69673,18,0,5 2 11 2 12,0,115,,69669,18,0,9 10,0,165,,69700,18,0,5 2 11 2 12,0
702029,'1925',643,,73372,18,0,9 10,0,63,,73361,18,0,9 10,0,30,,73374,18,0,9 10,0,70,,73370,18,0,9 10,0,16,,69742,18,0,5 2 11 2 12,0,16,,73360,18,0,9 10,0,15,,69754,18,0,5 2 11 2 12,0,55,,73373,18,0,9 10,0,15,,73381,18,0,5 2 11 2 12,0,15,,73362,18,0,9 10,0,15,,69740,18,0,5 2 11 2 12,0,55,,73359,18,0,9 10,0,15,,69749,18,0,5 2 11 2 12,0,16,,69730,18,0,9 10,0,15,,69750,18,0,5 2 11 2 12,0,55,,73365,18,0,9 10,0,15,,69741,18,0,5 2 11 2 12,0,15,,69708,18,0,9 10,0,15,,69760,18,0,5 2 11 2 12,0,56,,73379,18,0,9 10,0,16,,69738,18,0,5 2 11 2 12,0,15,,69719,18,0,9 10,0,15,,69752,18,0,5 2 11 2 12,0,55,,73358,18,0,9 10,0,15,,69761,18,0,5 2 11 2 12,0,15,,73375,18,0,9 10,0,15,,69744,18,0,5 2 11 2 12,0,55,,73368,18,0,9 10,0,15,,69747,18,0,5 2 11 2 12,0,15,,73357,18,0,9 10,0,15,,69759,18,0,5 2 11 2 12,0,55,,73376,18,0,9 10,0,15,,69739,18,0,5 2 11 2 12,0,15,,73364,18,0,9 10,0,15,,69748,18,0,5 2 11 2 12,0,55,,73356,18,0,9 10,0,15,,69757,18,0,5 2 11 2 12,0,15,,73380,18,0,9 10,0,15,,69737,18,0,5 2 11 2 12,0,55,,73363,18,0,9 10,0,15,,69753,18,0,5 2 11 2 12,0,15,,73355,18,0,9 10,0,15,,69755,18,0,5 2 11 2 12,0,55,,73377,18,0,9 10,0,13,,69745,18,0,5 2 11 2 12,0,13,,73371,18,0,9 10,0,15,,69751,18,0,5 2 11 2 12,0,55,,73354,18,0,9 10,0,15,,69756,18,0,5 2 11 2 12,0,15,,73378,18,0,9 10,0,15,,69743,18,0,5 2 11 2 12,0,55,,73367,18,0,9 10,0,15,,69746,18,0,5 2 11 2 12,0,15,,73353,18,0,9 10,0,15,,69758,18,0,5 2 11 2 12,0,54,,69728,18,0,9 10,0,14,,69736,18,0,5 2 11 2 12,0,15,,73369,18,0,9 10,0,70,,73352,18,0,9 10,0,30,,69732,18,0,9 10,0,70,,73366,18,0,9 10,0,25,,73382,18,0,9 10,0,70,,69763,18,0,5 2 11 2 12,0
702029,'1949',717,,69850,18,0,9 10,0,17,,69798,18,0,9 10,0,108,,69848,18,0,9 10,0,71,,69849,18,0,9 10,0,35,,69828,18,0,5 2 11 2 12,0,100,,69830,18,0,5 2 11 2 12,0,85,,69804,18,0,9 10,0,100,,69806,18,0,9 10,0,85,,69835,18,0,5 2 11 2 12,0,100,,69837,18,0,5 2 11 2 12,0,95,,69838,18,0,5 2 11 2 12,0,100,,69839,18,0,5 2 11 2 12,0,196,,69815,18,0,9 10,0,30,,69856,18,0,9 10,0,15,,69842,18,0,5 2 11 2 12,0,85,,69817,18,0,9 10,0,15,,69844,18,0,5 2 11 2 12,0,68,,69845,18,0,5 2 11 2 12,0,85,,69820,18,0,9 10,0,100,,69822,18,0,9 10,0,30,,69823,18,0,9 10,0,94,,69851,18,0,9 10,0,70,,69825,18,0,5 2 11 2 12,0
702029,'1955',822,,69534,18,0,5 2 11 2 12,0,30,,69529,18,0,5 2 11 2 12,0,100,,69531,18,0,5 2 11 2 12,0,75,,69566,18,0,5 2 11 2 12,0,30,,69562,18,0,5 2 11 2 12,0,100,,69542,18,0,5 2 11 2 12,0,100,,69568,18,0,5 2 11 2 12,0,70,,69554,18,0,5 2 11 2 12,0,30,,69565,18,0,5 2 11 2 12,0,100,,69570,18,0,5 2 11 2 12,0,85,,69556,18,0,9 10,0,15,,69560,18,0,5 2 11 2 12,0,100,,69564,18,0,5 2 11 2 12,0,85,,69548,18,0,9 10,0,15,,69563,18,0,5 2 11 2 12,0,169,,69569,18,0,5 2 11 2 12,0,28,,69528,18,0,5 2 11 2 12,0,100,,69532,18,0,5 2 11 2 12,0,70,,69533,18,0,5 2 11 2 12,0
702029,'1956',643,,69660,18,0,9 10,0,63,,69648,18,0,9 10,0,30,,69662,18,0,9 10,0,70,,69658,18,0,9 10,0,32,,69647,18,0,9 10,0,70,,69661,18,0,9 10,0,15,,69672,18,0,5 2 11 2 12,0,15,,69649,18,0,9 10,0,70,,69646,18,0,9 10,0,101,,69652,18,0,9 10,0,101,,69670,18,0,9 10,0,101,,69644,18,0,9 10,0,30,,69663,18,0,9 10,0,70,,69655,18,0,9 10,0,30,,69643,18,0,9 10,0,70,,69664,18,0,9 10,0,30,,69651,18,0,9 10,0,70,,69642,18,0,9 10,0,30,,69671,18,0,9 10,0,70,,69650,18,0,9 10,0,30,,69641,18,0,9 10,0,70,,69666,18,0,9 10,0,26,,69659,18,0,9 10,0,70,,69640,18,0,9 10,0,30,,69668,18,0,9 10,0,70,,69654,18,0,9 10,0,30,,69639,18,0,9 10,0,98,,69657,18,0,9 10,0,70,,69638,18,0,9 10,0,100,,69653,18,0,9 10,0,25,,69699,18,0,9 10,0
702029,'1957',626,,73383,18,0,9 10,0,20,,73384,18,0,9 10,0,104,,73385,18,0,9 10,0,77,,73386,18,0,9 10,0,30,,73406,18,0,5 2 11 2 12,0,76,,73387,18,0,9 10,0,70,,73388,18,0,9 10,0,15,,73408,18,0,5 2 11 2 12,0,15,,73423,18,0,9 10,0,70,,73389,18,0,9 10,0,15,,73409,18,0,5 2 11 2 12,0,30,,73410,18,0,5 2 11 2 12,0,55,,73390,18,0,9 10,0,15,,73411,18,0,5 2 11 2 12,0,30,,73412,18,0,5 2 11 2 12,0,55,,73391,18,0,9 10,0,30,,73392,18,0,9 10,0,15,,73413,18,0,5 2 11 2 12,0,55,,73393,18,0,9 10,0,30,,73394,18,0,9 10,0,15,,73407,18,0,5 2 11 2 12,0,10,,73419,18,0,9 10,0,70,,73395,18,0,9 10,0,15,,73420,18,0,9 10,0,15,,73396,18,0,9 10,0,70,,73398,18,0,9 10,0,15,,73397,18,0,9 10,0,15,,73421,18,0,9 10,0,55,,73422,18,0,5 2 11 2 12,0,15,,73399,18,0,9 10,0,14,,73400,18,0,9 10,0,12,,73414,18,0,5 2 11 2 12,0,70,,73415,18,0,5 2 11 2 12,0,85,,73401,18,0,9 10,0,15,,73416,18,0,5 2 11 2 12,0,85,,73402,18,0,9 10,0,28,,73403,18,0,9 10,0,15,,73417,18,0,5 2 11 2 12,0,70,,73418,18,0,5 2 11 2 12,0,15,,73404,18,0,9 10,0,169,,73405,18,0,9 10,0
702029,'1958',822,,73429,18,0,5 2 11 2 12,0,30,,73425,18,0,5 2 11 2 12,0,100,,73426,18,0,5 2 11 2 12,0,75,,73439,18,0,5 2 11 2 12,0,30,,73435,18,0,5 2 11 2 12,0,100,,73430,18,0,5 2 11 2 12,0,100,,73440,18,0,5 2 11 2 12,0,70,,73432,18,0,5 2 11 2 12,0,30,,73438,18,0,5 2 11 2 12,0,100,,73442,18,0,5 2 11 2 12,0,85,,73433,18,0,9 10,0,15,,73434,18,0,5 2 11 2 12,0,100,,73437,18,0,5 2 11 2 12,0,85,,73431,18,0,9 10,0,15,,73436,18,0,5 2 11 2 12,0,169,,73441,18,0,5 2 11 2 12,0,28,,73424,18,0,5 2 11 2 12,0,100,,73427,18,0,5 2 11 2 12,0,70,,73428,18,0,5 2 11 2 12,0
702029,'1959',643,,73463,18,0,9 10,0,63,,73452,18,0,9 10,0,30,,73465,18,0,9 10,0,70,,73461,18,0,9 10,0,32,,73451,18,0,9 10,0,70,,73464,18,0,9 10,0,15,,73472,18,0,5 2 11 2 12,0,15,,73453,18,0,9 10,0,70,,73450,18,0,9 10,0,101,,73456,18,0,9 10,0,101,,73470,18,0,9 10,0,101,,73449,18,0,9 10,0,30,,73466,18,0,9 10,0,70,,73459,18,0,9 10,0,30,,73448,18,0,9 10,0,70,,73467,18,0,9 10,0,30,,73455,18,0,9 10,0,70,,73447,18,0,9 10,0,30,,73471,18,0,9 10,0,70,,73454,18,0,9 10,0,30,,73446,18,0,9 10,0,70,,73468,18,0,9 10,0,26,,73462,18,0,9 10,0,70,,73445,18,0,9 10,0,30,,73469,18,0,9 10,0,70,,73458,18,0,9 10,0,30,,73444,18,0,9 10,0,98,,73460,18,0,9 10,0,70,,73443,18,0,9 10,0,100,,73457,18,0,9 10,0,25,,73473,18,0,9 10,0
