1029,'1912',555,,73732,4,,,0,98,,73733,4,,,0,100,,73734,4,,,0,100,,73735,4,,,0,100,,73736,4,,,0,100,,73737,4,,,0,100,,73738,4,,,0,100,,73739,4,,,0,100,,73740,4,,,0,100,,73741,4,,,0,100,,73742,4,,,0,100,,73743,4,,,0,100,,73744,4,,,0,100,,73745,4,,,0,100,,73746,4,,,0,100,,73747,4,,,0,100,,73748,4,,,0,100,,73749,4,,,0
1029,'1959',555,,73820,4,,,0,98,,73821,4,,,0,100,,73822,4,,,0,100,,73823,4,,,0,100,,73824,4,,,0,100,,73825,4,,,0,100,,73826,4,,,0,100,,73827,4,,,0,100,,73828,4,,,0,100,,73829,4,,,0,100,,73830,4,,,0,100,,73831,4,,,0,100,,73832,4,,,0,100,,73833,4,,,0,100,,73834,4,,,0,100,,73835,4,,,0,100,,73836,4,,,0,100,,73837,4,,,0
1029,'1967',555,,73790,4,,,0,68,,73802,4,,,0,30,,73809,4,,,0,70,,73797,4,,,0,30,,73818,4,,,0,70,,73806,4,,,0,30,,73789,4,,,0,67,,73801,4,,,0,30,,73812,4,,,0,70,,73796,4,,,0,30,,73819,4,,,0,70,,73805,4,,,0,30,,73788,4,,,0,70,,73800,4,,,0,30,,73811,4,,,0,70,,73795,4,,,0,30,,73791,4,,,0,70,,73804,4,,,0,30,,73787,4,,,0,70,,73799,4,,,0,30,,73807,4,,,0,70,,73794,4,,,0,30,,73816,4,,,0,70,,73803,4,,,0,30,,73786,4,,,0,73,,73798,4,,,0,30,,73810,4,,,0,70,,73792,4,,,0,30,,73814,4,,,0,70,,73813,4,,,0,30,,73785,4,,,0,70,,73793,4,,,0,30,,73808,4,,,0,70,,73817,4,,,0,30,,73815,4,,,0
1029,'1969',555,,73838,4,,,0,98,,73839,4,,,0,100,,73840,4,,,0,100,,73841,4,,,0,100,,73842,4,,,0,100,,73843,4,,,0,100,,73844,4,,,0,100,,73845,4,,,0,100,,73846,4,,,0,100,,73847,4,,,0,100,,73848,4,,,0,100,,73849,4,,,0,100,,73850,4,,,0,100,,73851,4,,,0,100,,73852,4,,,0,100,,73853,4,,,0,100,,73854,4,,,0,100,,73855,4,,,0
1029,'1976',552,,73759,4,,,0,75,,73760,4,,,0,25,,73780,4,,,0,69,,73756,4,,,0,30,,73751,4,,,0,70,,73784,4,,,0,33,,73754,4,,,0,70,,73761,4,,,0,30,,73779,4,,,0,70,,73758,4,,,0,30,,73750,4,,,0,70,,73783,4,,,0,30,,73755,4,,,0,70,,73762,4,,,0,30,,73778,4,,,0,70,,73757,4,,,0,30,,73752,4,,,0,70,,73781,4,,,0,31,,73753,4,,,0,70,,73763,4,,,0,30,,73777,4,,,0,70,,73766,4,,,0,30,,73765,4,,,0,70,,73764,4,,,0,28,,73770,4,,,0,70,,73769,4,,,0,30,,73768,4,,,0,70,,73767,4,,,0,30,,73782,4,,,0,70,,73776,4,,,0,30,,73775,4,,,0,70,,73774,4,,,0,30,,73773,4,,,0,70,,73772,4,,,0,25,,73771,4,,,0
1029,'1977',552,,75115,4,,,0,75,,75116,4,,,0,25,,75136,4,,,0,69,,75112,4,,,0,30,,75107,4,,,0,70,,75140,4,,,0,33,,75110,4,,,0,70,,75117,4,,,0,30,,75135,4,,,0,70,,75114,4,,,0,30,,75106,4,,,0,70,,75139,4,,,0,30,,75111,4,,,0,70,,75118,4,,,0,30,,75134,4,,,0,70,,75113,4,,,0,30,,75108,4,,,0,70,,75137,4,,,0,31,,75109,4,,,0,70,,75119,4,,,0,30,,75133,4,,,0,70,,75122,4,,,0,30,,75121,4,,,0,70,,75120,4,,,0,28,,75126,4,,,0,70,,75125,4,,,0,30,,75124,4,,,0,70,,75123,4,,,0,30,,75138,4,,,0,70,,75132,4,,,0,30,,75131,4,,,0,70,,75130,4,,,0,30,,75129,4,,,0,70,,75128,4,,,0,25,,75127,4,,,0
2029,'1912',606,,74007,3,0,39 40,0,30,,74015,3,0,39 40,0,67,,74026,3,0,39 40,0,28,,74021,3,0,39 40,0,70,,74008,3,0,39 40,0,30,,74016,3,0,39 40,0,70,,74027,3,0,39 40,0,30,,74022,3,0,39 40,0,70,,74009,3,0,39 40,0,30,,74017,3,0,39 40,0,70,,74028,3,0,39 40,0,30,,74023,3,0,39 40,0,70,,74010,3,0,39 40,0,30,,74018,3,0,39 40,0,70,,74029,3,0,39 40,0,30,,74024,3,0,39 40,0,70,,74011,3,0,39 40,0,30,,74019,3,0,39 40,0,70,,74030,3,0,39 40,0,30,,74025,3,0,39 40,0,70,,74012,3,0,39 40,0,30,,74020,3,0,39 40,0,70,,74031,3,0,39 40,0,29,,74035,3,0,5 2 13 14,0,71,,74013,3,0,39 40,0,29,,74034,3,0,5 2 13 14,0,71,,74032,3,0,39 40,0,100,,74014,3,0,39 40,0,101,,74033,3,0,39 40,0,100,,74006,3,0,39 40,0,53,,74036,3,0,5 2 13 14,0,101,,74037,3,0,5 2 13 14,0
2029,'1959',606,,74108,3,0,39 40,0,30,,74116,3,0,39 40,0,67,,74127,3,0,39 40,0,28,,74122,3,0,39 40,0,70,,74109,3,0,39 40,0,30,,74117,3,0,39 40,0,70,,74128,3,0,39 40,0,30,,74123,3,0,39 40,0,70,,74110,3,0,39 40,0,30,,74118,3,0,39 40,0,70,,74129,3,0,39 40,0,30,,74124,3,0,39 40,0,70,,74111,3,0,39 40,0,30,,74119,3,0,39 40,0,70,,74130,3,0,39 40,0,30,,74125,3,0,39 40,0,70,,74112,3,0,39 40,0,30,,74120,3,0,39 40,0,70,,74131,3,0,39 40,0,30,,74126,3,0,39 40,0,70,,74113,3,0,39 40,0,30,,74121,3,0,39 40,0,70,,74132,3,0,39 40,0,29,,74136,3,0,5 2 13 14,0,71,,74114,3,0,39 40,0,29,,74135,3,0,5 2 13 14,0,71,,74133,3,0,39 40,0,100,,74115,3,0,39 40,0,101,,74134,3,0,39 40,0,100,,74107,3,0,39 40,0,53,,74137,3,0,5 2 13 14,0,101,,74138,3,0,5 2 13 14,0
2029,'1967',536,,74104,3,0,5 2 15 16 17,0,70,,74087,3,0,39 40,0,30,,74094,3,0,39 40,0,65,,74073,3,0,39 40,0,30,,74079,3,0,39 40,0,70,,74088,3,0,39 40,0,30,,74095,3,0,39 40,0,70,,74074,3,0,39 40,0,30,,74080,3,0,39 40,0,70,,74089,3,0,39 40,0,30,,74096,3,0,39 40,0,70,,74075,3,0,39 40,0,30,,74081,3,0,39 40,0,70,,74090,3,0,39 40,0,30,,74097,3,0,39 40,0,70,,74076,3,0,39 40,0,30,,74082,3,0,39 40,0,70,,74091,3,0,39 40,0,30,,74098,3,0,39 40,0,70,,74077,3,0,39 40,0,30,,74083,3,0,39 40,0,70,,74092,3,0,39 40,0,30,,74099,3,0,39 40,0,70,,74078,3,0,39 40,0,30,,74084,3,0,39 40,0,70,,74093,3,0,39 40,0,30,,74100,3,0,39 40,0,70,,74085,3,0,39 40,0,29,,74106,3,0,5 2 13 14,0,71,,74101,3,0,39 40,0,100,,74086,3,0,39 40,0,100,,74102,3,0,39 40,0,56,,74103,3,0,5 2 13 14,0,98,,74105,3,0,5 2 13 14,0
2029,'1969',606,,74140,3,0,39 40,0,30,,74148,3,0,39 40,0,67,,74159,3,0,39 40,0,28,,74154,3,0,39 40,0,70,,74141,3,0,39 40,0,30,,74149,3,0,39 40,0,70,,74160,3,0,39 40,0,30,,74155,3,0,39 40,0,70,,74142,3,0,39 40,0,30,,74150,3,0,39 40,0,70,,74161,3,0,39 40,0,30,,74156,3,0,39 40,0,70,,74143,3,0,39 40,0,30,,74151,3,0,39 40,0,70,,74162,3,0,39 40,0,30,,74157,3,0,39 40,0,70,,74144,3,0,39 40,0,30,,74152,3,0,39 40,0,70,,74163,3,0,39 40,0,30,,74158,3,0,39 40,0,70,,74145,3,0,39 40,0,30,,74153,3,0,39 40,0,70,,74164,3,0,39 40,0,29,,74168,3,0,5 2 13 14,0,71,,74146,3,0,39 40,0,29,,74167,3,0,5 2 13 14,0,71,,74165,3,0,39 40,0,100,,74147,3,0,39 40,0,101,,74166,3,0,39 40,0,100,,74139,3,0,39 40,0,53,,74169,3,0,5 2 13 14,0,101,,74170,3,0,5 2 13 14,0
2029,'1976',533,,74038,3,0,39 40,0,70,,74039,3,0,39 40,0,26,,74040,3,0,39 40,0,29,,74041,3,0,39 40,0,69,,74042,3,0,39 40,0,30,,74043,3,0,39 40,0,70,,74044,3,0,39 40,0,73,,74045,3,0,39 40,0,31,,74046,3,0,39 40,0,71,,74069,3,0,39 40,0,30,,74065,3,0,39 40,0,70,,74071,3,0,39 40,0,30,,74067,3,0,39 40,0,70,,74068,3,0,39 40,0,30,,74064,3,0,39 40,0,70,,74070,3,0,39 40,0,30,,74066,3,0,39 40,0,70,,74072,3,0,39 40,0,30,,74047,3,0,39 40,0,74,,74048,3,0,39 40,0,30,,74049,3,0,39 40,0,70,,74050,3,0,39 40,0,30,,74051,3,0,39 40,0,70,,74052,3,0,39 40,0,29,,74053,3,0,39 40,0,67,,74054,3,0,39 40,0,30,,74058,3,0,39 40,0,70,,74059,3,0,39 40,0,29,,74062,3,0,5 2 13 14,0,71,,74060,3,0,39 40,0,57,,74061,3,0,39 40,0,100,,74057,3,0,39 40,0,99,,74056,3,0,5 2 13 14,0,98,,74063,3,0,5 2 13 14,0
2029,'1977',533,,75173,3,0,39 40,0,70,,75174,3,0,39 40,0,26,,75175,3,0,39 40,0,29,,75176,3,0,39 40,0,69,,75177,3,0,39 40,0,30,,75178,3,0,39 40,0,70,,75179,3,0,39 40,0,73,,75180,3,0,39 40,0,31,,75181,3,0,39 40,0,71,,75204,3,0,39 40,0,30,,75200,3,0,39 40,0,70,,75206,3,0,39 40,0,30,,75202,3,0,39 40,0,70,,75203,3,0,39 40,0,30,,75199,3,0,39 40,0,70,,75205,3,0,39 40,0,30,,75201,3,0,39 40,0,70,,75207,3,0,39 40,0,30,,75182,3,0,39 40,0,74,,75183,3,0,39 40,0,30,,75184,3,0,39 40,0,70,,75185,3,0,39 40,0,30,,75186,3,0,39 40,0,70,,75187,3,0,39 40,0,29,,75188,3,0,39 40,0,67,,75189,3,0,39 40,0,30,,75193,3,0,39 40,0,70,,75194,3,0,39 40,0,29,,75197,3,0,5 2 13 14,0,71,,75195,3,0,39 40,0,57,,75196,3,0,39 40,0,100,,75192,3,0,39 40,0,99,,75191,3,0,5 2 13 14,0,98,,75198,3,0,5 2 13 14,0
