13019,'1912',820,,71572,27,,,0,100,,61342,27,,,0,100,,71562,27,,,0,102,,71563,27,,,0,101,,71564,27,,,0,101,,67142,27,,,0,100,,67143,27,,,0,100,,71565,27,,,0,100,,71566,27,,,0,97,,71567,27,,,0,99,,71568,27,,,0,100,,71569,27,,,0,100,,71570,27,,,0,100,,71571,27,,,0,100,,61341,27,,,0
13019,'1959',820,,71629,27,,,0,100,,61357,27,,,0,100,,71619,27,,,0,102,,71620,27,,,0,101,,71621,27,,,0,101,,67155,27,,,0,100,,67156,27,,,0,100,,71622,27,,,0,100,,71623,27,,,0,97,,71624,27,,,0,99,,71625,27,,,0,100,,71626,27,,,0,100,,71627,27,,,0,100,,71628,27,,,0,100,,61356,27,,,0
13019,'1967',720,,71604,27,,,0,100,,71605,27,,,0,100,,71606,27,,,0,100,,71607,27,,,0,104,,71608,27,,,0,100,,71609,27,,,0,100,,67129,27,,,0,100,,71610,27,,,0,100,,71611,27,,,0,100,,71612,27,,,0,99,,71613,27,,,0,99,,71614,27,,,0,99,,71615,27,,,0,99,,71616,27,,,0,100,,74430,27,,,0,200,,74431,27,,,0
13019,'1969',820,,71583,27,,,0,100,,61372,27,,,0,100,,71573,27,,,0,102,,71574,27,,,0,101,,71575,27,,,0,101,,67168,27,,,0,100,,67169,27,,,0,100,,71576,27,,,0,100,,71577,27,,,0,97,,71578,27,,,0,99,,71579,27,,,0,100,,71580,27,,,0,100,,71581,27,,,0,100,,71582,27,,,0,100,,61371,27,,,0
13019,'1976',631,,74419,27,,,0,70,,74420,27,,,0,30,,74421,27,,,0,70,,71587,27,,,0,56,,74422,27,,,0,101,,74423,27,,,0,100,,71590,27,,,0,100,,74424,27,,,0,100,,71592,27,,,0,100,,74425,27,,,0,70,,71594,27,,,0,73,,71595,27,,,0,30,,71596,27,,,0,70,,74429,27,,,0,30,,74426,27,,,0,70,,71600,27,,,0,30,,67203,27,,,0,27,,71601,27,,,0,100,,74428,27,,,0,100,,74427,27,,,0,99,,71599,27,,,0,98,,61318,27,,,0,71,,67204,6,,,0,29,,71598,27,,,0
13019,'1977',631,,75533,27,,,0,70,,75534,27,,,0,30,,75535,27,,,0,70,,75536,27,,,0,56,,75537,27,,,0,101,,75538,27,,,0,100,,75539,27,,,0,100,,75540,27,,,0,100,,75541,27,,,0,100,,75542,27,,,0,70,,75543,27,,,0,73,,75544,27,,,0,30,,75545,27,,,0,70,,75556,27,,,0,30,,75546,27,,,0,70,,75553,27,,,0,30,,75547,27,,,0,27,,75554,27,,,0,100,,75555,27,,,0,100,,75552,27,,,0,99,,75551,27,,,0,98,,75550,27,,,0,71,,75548,6,,,0,29,,75549,27,,,0
15029,'1912',755,,61664,77,,,0,95,,61670,77,,,0,100,,61663,77,,,0,100,,61662,77,,,0,104,,61669,77,,,0,100,,61667,77,,,0,100,,61666,77,,,0,102,,61661,77,,,0,100,,61659,77,,,0,97,,61660,77,,,0,99,,61665,77,,,0,99,,61671,77,,,0,100,,61668,77,,,0,100,,61672,77,,,0
15029,'1959',755,,61678,77,,,0,95,,61684,77,,,0,100,,61677,77,,,0,100,,61676,77,,,0,104,,61683,77,,,0,100,,61681,77,,,0,100,,61680,77,,,0,102,,61675,77,,,0,100,,61673,77,,,0,97,,61674,77,,,0,99,,61679,77,,,0,99,,61685,77,,,0,100,,61682,77,,,0,100,,61686,77,,,0
15029,'1967',620,,67345,37,,,0,138,,74461,77,,,0,93,,71738,77,,,0,100,,71739,77,,,0,103,,74462,77,,,0,101,,71740,77,,,0,100,,71741,77,,,0,100,,74463,77,,,0,145,,71742,77,,,0,100,,61654,77,,,0,58,,74464,77,,,0,100,,61656,77,,,0,100,,67344,77,,,0,94,,61644,77,,,0,100,,71737,77,,,0
15029,'1969',755,,61692,77,,,0,95,,61698,77,,,0,100,,61691,77,,,0,100,,61690,77,,,0,104,,61697,77,,,0,100,,61695,77,,,0,100,,61694,77,,,0,102,,61689,77,,,0,100,,61687,77,,,0,97,,61688,77,,,0,99,,61693,77,,,0,99,,61699,77,,,0,100,,61696,77,,,0,100,,61700,77,,,0
15029,'1976',626,,74452,37,,,0,20,,67365,37,,,0,72,,74453,77,,,0,38,,71711,77,,,0,70,,61615,77,,,0,31,,74454,77,,,0,71,,67366,77,,,0,28,,71713,77,,,0,68,,71714,77,,,0,30,,71715,77,,,0,70,,74455,77,,,0,30,,74456,77,,,0,70,,74457,77,,,0,30,,71719,77,,,0,70,,74458,77,,,0,30,,74459,77,,,0,70,,71722,77,,,0,33,,71723,77,,,0,74,,71724,77,,,0,73,,71725,77,,,0,33,,71726,77,,,0,67,,61632,77,,,0,26,,71727,77,,,0,26,,74460,77,,,0,68,,71729,77,,,0,27,,71730,77,,,0,69,,71731,77,,,0,30,,61638,77,,,0,70,,71732,77,,,0,30,,71736,77,,,0,69,,71733,77,,,0,97,,71734,77,,,0,100,,71735,77,,,0
15029,'1977',626,,75620,37,,,0,20,,75621,37,,,0,72,,75622,77,,,0,38,,75623,77,,,0,70,,75624,77,,,0,31,,75625,77,,,0,71,,75626,77,,,0,28,,75627,77,,,0,68,,75628,77,,,0,30,,75629,77,,,0,70,,75630,77,,,0,30,,75631,77,,,0,70,,75632,77,,,0,30,,75633,77,,,0,70,,75634,77,,,0,30,,75635,77,,,0,70,,75636,77,,,0,33,,75637,77,,,0,74,,75638,77,,,0,73,,75639,77,,,0,33,,75640,77,,,0,67,,75641,77,,,0,26,,75642,77,,,0,26,,75643,77,,,0,68,,75644,77,,,0,27,,75645,77,,,0,69,,75646,77,,,0,30,,75647,77,,,0,70,,75648,77,,,0,30,,75652,77,,,0,69,,75649,77,,,0,97,,75650,77,,,0,100,,75651,77,,,0
19019,'1912',625,,71862,20,,,0,112,,62043,20,,,0,100,,71855,20,,,0,70,,62047,20,,,0,30,,71858,20,,,0,70,,71852,20,,,0,31,,71851,20,,,0,70,,67524,20,,,0,31,,71867,20,,,0,70,,71865,20,,,0,30,,71863,20,,,0,70,,71859,20,,,0,30,,71872,20,,,0,70,,71857,20,,,0,31,,71856,20,,,0,70,,71854,20,,,0,30,,71853,20,,,0,70,,71850,20,,,0,30,,71868,20,,,0,69,,71866,20,,,0,29,,71864,20,,,0,70,,71861,20,,,0,30,,71860,20,,,0,70,,71870,20,,,0,30,,71869,20,,,0,70,,71871,20,,,0,45,,62063,20,,,0,100,,62061,20,,,0,100,,62062,20,,,0,85,,71873,20,,,0
19019,'1959',625,,71946,20,,,0,112,,62073,20,,,0,100,,71939,20,,,0,70,,62077,20,,,0,30,,71942,20,,,0,70,,71936,20,,,0,31,,71935,20,,,0,70,,67549,20,,,0,31,,71951,20,,,0,70,,71949,20,,,0,30,,71947,20,,,0,70,,71943,20,,,0,30,,71956,20,,,0,70,,71941,20,,,0,31,,71940,20,,,0,70,,71938,20,,,0,30,,71937,20,,,0,70,,71934,20,,,0,30,,71952,20,,,0,69,,71950,20,,,0,29,,71948,20,,,0,70,,71945,20,,,0,30,,71944,20,,,0,70,,71954,20,,,0,30,,71953,20,,,0,70,,71955,20,,,0,45,,62093,20,,,0,100,,62091,20,,,0,100,,62092,20,,,0,85,,71957,20,,,0
19019,'1967',638,,71920,20,,,0,70,,71925,20,,,0,30,,74512,20,,,0,70,,74516,20,,,0,30,,71931,20,,,0,70,,74513,20,,,0,30,,74511,20,,,0,70,,74517,20,,,0,33,,67497,20,,,0,70,,67512,20,,,0,30,,67501,20,,,0,70,,67515,20,,,0,30,,67494,20,,,0,70,,71926,20,,,0,30,,67496,20,,,0,70,,67513,20,,,0,30,,67498,20,,,0,70,,67520,20,,,0,30,,67507,20,,,0,70,,67509,20,,,0,30,,67493,20,,,0,70,,71927,20,,,0,30,,67519,20,,,0,70,,67506,20,,,0,30,,67500,20,,,0,70,,71929,20,,,0,27,,74515,20,,,0,70,,67522,20,,,0,40,,74518,20,,,0,75,,67505,20,,,0,100,,62033,20,,,0,95,,74514,20,,,0,20,,74519,20,,,0
19019,'1969',625,,71886,20,,,0,112,,62103,20,,,0,100,,71879,20,,,0,70,,62107,20,,,0,30,,71882,20,,,0,70,,71876,20,,,0,31,,71875,20,,,0,70,,67574,20,,,0,31,,71891,20,,,0,70,,71889,20,,,0,30,,71887,20,,,0,70,,71883,20,,,0,30,,71896,20,,,0,70,,71881,20,,,0,31,,71880,20,,,0,70,,71878,20,,,0,30,,71877,20,,,0,70,,71874,20,,,0,30,,71892,20,,,0,69,,71890,20,,,0,29,,71888,20,,,0,70,,71885,20,,,0,30,,71884,20,,,0,70,,71894,20,,,0,30,,71893,20,,,0,70,,71895,20,,,0,45,,62123,20,,,0,100,,62121,20,,,0,100,,62122,20,,,0,85,,71897,20,,,0
19019,'1976',840,,74509,20,,,0,70,,74500,20,,,0,30,,74501,20,,,0,70,,74498,20,,,0,30,,71917,20,,,0,70,,74499,20,,,0,30,,74506,20,,,0,70,,74497,20,,,0,30,,74508,20,,,0,70,,74502,20,,,0,30,,74503,20,,,0,70,,74505,20,,,0,30,,74504,20,,,0,72,,71899,20,,,0,30,,74510,20,,,0,298,,61998,20,,,0,70,,71909,20,,,0,30,,71910,20,,,0,98,,74507,20,,,0,100,,71913,20,,,0,100,,71911,20,,,0,100,,71912,20,,,0
19019,'1977',840,,75738,20,,,0,70,,75723,20,,,0,30,,75724,20,,,0,70,,75721,20,,,0,30,,75739,20,,,0,70,,75722,20,,,0,30,,75729,20,,,0,70,,75719,20,,,0,30,,75737,20,,,0,70,,75725,20,,,0,30,,75726,20,,,0,70,,75728,20,,,0,30,,75727,20,,,0,72,,75720,20,,,0,30,,75740,20,,,0,298,,75736,20,,,0,70,,75730,20,,,0,30,,75731,20,,,0,98,,75735,20,,,0,100,,75734,20,,,0,100,,75732,20,,,0,100,,75733,20,,,0
10019019,'1976',614,,73560,13,,,0,25,,75050,13,,,0,70,,73566,13,,,0,32,,65781,13,,,0,70,,75051,13,,,0,802,,73564,13,,,0,30,,73562,13,,,0,70,,73561,13,,,0,29,,73565,13,,,0,69,,70175,13,,,0,209,,73563,13,,,0
10019019,'1977',614,,76498,13,,,0,25,,76507,13,,,0,70,,76505,13,,,0,32,,76506,13,,,0,70,,76508,13,,,0,802,,76503,13,,,0,30,,76501,13,,,0,70,,76499,13,,,0,29,,76504,13,,,0,69,,76500,13,,,0,209,,76502,13,,,0
