2029,'1838',624,,51624,20,,,0,30,,51632,20,,,0,68,,51643,20,,,0,30,,51638,20,,,0,70,,51625,20,,,0,30,,51633,20,,,0,70,,51644,20,,,0,30,,51639,20,,,0,55,,51655,6,0,12,0,15,,51626,20,,,0,30,,51634,20,,,0,70,,51645,20,,,0,30,,51640,20,,,0,70,,51627,20,,,0,30,,51635,20,,,0,70,,51646,20,,,0,30,,51641,20,,,0,70,,51628,20,,,0,30,,51636,20,,,0,70,,51647,20,,,0,30,,51642,20,,,0,70,,51629,20,,,0,30,,51637,20,,,0,70,,51648,20,,,0,100,,51630,20,,,0,99,,51649,20,,,0,100,,51631,20,,,0,100,,51650,20,,,0,100,,51623,20,,,0
2029,'1897',527,,48735,6,,,0,27,,48737,20,,,0,70,,48738,20,,,0,30,,48739,20,,,0,68,,48740,20,,,0,30,,48741,20,,,0,70,,48767,20,,,0,30,,48758,20,,,0,70,,48743,20,,,0,30,,48744,20,,,0,70,,48745,20,,,0,30,,48746,20,,,0,70,,48747,20,,,0,30,,48748,20,,,0,70,,48749,20,,,0,30,,48750,20,,,0,70,,48751,20,,,0,30,,48752,20,,,0,70,,48753,20,,,0,30,,48754,20,,,0,69,,48755,20,,,0,30,,48756,20,,,0,70,,48757,20,,,0,31,,48759,20,,,0,70,,48760,20,,,0,29,,48761,20,,,0,70,,48762,20,,,0,30,,48763,20,,,0,70,,48764,20,,,0,100,,48765,20,,,0,100,,48766,20,,,0,100,,48742,20,,,0
2029,'1898',554,,48799,20,0,5 2 15 16 17,0,70,,48782,20,,,0,30,,48789,20,,,0,68,,48768,20,,,0,30,,48774,20,,,0,70,,48783,20,,,0,30,,48790,20,,,0,70,,48769,20,,,0,30,,48775,20,,,0,70,,48784,20,,,0,30,,48791,20,,,0,70,,48770,20,,,0,30,,48776,20,,,0,70,,48785,20,,,0,30,,48792,20,,,0,70,,48771,20,,,0,30,,48777,20,,,0,70,,48786,20,,,0,30,,48793,20,,,0,70,,48772,20,,,0,30,,48778,20,,,0,70,,48787,20,,,0,30,,48794,20,,,0,70,,48773,20,,,0,30,,48779,20,,,0,70,,48788,20,,,0,30,,48795,20,,,0,69,,48780,20,,,0,100,,48796,20,,,0,100,,48781,20,,,0,100,,48797,20,,,0
2029,'1899',624,,51657,20,,,0,30,,51665,20,,,0,68,,51676,20,,,0,30,,51671,20,,,0,70,,51658,20,,,0,30,,51666,20,,,0,70,,51677,20,,,0,30,,51672,20,,,0,55,,51688,6,0,12,0,15,,51659,20,,,0,30,,51667,20,,,0,70,,51678,20,,,0,30,,51673,20,,,0,70,,51660,20,,,0,30,,51668,20,,,0,70,,51679,20,,,0,30,,51674,20,,,0,70,,51661,20,,,0,30,,51669,20,,,0,70,,51680,20,,,0,30,,51675,20,,,0,70,,51662,20,,,0,30,,51670,20,,,0,70,,51681,20,,,0,100,,51663,20,,,0,99,,51682,20,,,0,100,,51664,20,,,0,100,,51683,20,,,0,100,,51656,20,,,0
701019,'1838',611,,52645,6,,,0,28,,40006,6,,,0,69,,46715,6,,,0,30,,52642,6,,,0,70,,52652,6,,,0,30,,46694,6,,,0,70,,52641,6,,,0,30,,46719,6,,,0,70,,46698,6,,,0,30,,46686,6,,,0,70,,40001,6,,,0,30,,46696,6,,,0,71,,52639,6,,,0,30,,46716,6,,,0,70,,46700,6,,,0,30,,52637,6,,,0,70,,52653,6,,,0,30,,46699,6,,,0,70,,52635,6,,,0,30,,46718,6,,,0,70,,52646,6,,,0,30,,46679,6,,,0,69,,52654,6,,,0,30,,46705,6,,,0,70,,52632,6,,,0,30,,46731,6,,,0,70,,52649,6,,,0,30,,52630,6,,,0,70,,46727,6,,,0,30,,52650,6,,,0,70,,52627,6,,,0,30,,46724,6,,,0,69,,46709,6,,,0,30,,52629,6,,,0,70,,46726,6,,,0,25,,46738,6,,,0
701019,'1897',551,,50988,6,,,0,70,,50989,6,,,0,18,,50999,6,,,0,16,,50990,6,,,0,66,,50998,6,,,0,18,,50991,6,,,0,65,,50992,6,,,0,13,,50993,6,,,0,20,,50994,6,,,0,71,,50961,6,,,0,30,,51005,6,,,0,70,,50962,6,,,0,30,,50963,6,,,0,70,,50964,6,,,0,30,,50965,6,,,0,70,,50966,6,,,0,30,,50967,6,,,0,70,,50968,6,,,0,30,,50969,6,,,0,68,,50970,6,,,0,29,,50971,6,,,0,17,,51003,6,0,5 2 11 2 12,0,66,,50972,6,,,0,20,,50996,6,,,0,19,,51002,6,0,5 2 11 2 12,0,61,,50973,6,,,0,20,,50974,6,,,0,21,,51004,6,0,5 2 11 2 12,0,60,,50995,6,,,0,20,,50987,6,,,0,64,,50986,6,,,0,20,,50985,6,,,0,15,,50975,6,,,0,70,,50976,6,,,0,30,,50977,6,,,0,70,,50978,6,,,0,30,,50979,6,,,0,70,,50980,6,,,0,30,,50981,6,,,0,69,,50982,6,,,0,30,,50983,6,,,0,70,,50984,6,,,0,25,,51001,6,,,0
701019,'1898',611,,51074,6,,,0,28,,51029,6,,,0,69,,51067,6,,,0,30,,51053,6,,,0,70,,51058,6,,,0,30,,51063,6,,,0,70,,51068,6,,,0,30,,51054,6,,,0,70,,51059,6,,,0,30,,51064,6,,,0,70,,51069,6,,,0,30,,51055,6,,,0,71,,51060,6,,,0,30,,51065,6,,,0,70,,51070,6,,,0,30,,51056,6,,,0,70,,51061,6,,,0,30,,51066,6,,,0,70,,51071,6,,,0,30,,51057,6,,,0,70,,51062,6,,,0,30,,51073,6,,,0,69,,51007,6,,,0,30,,51018,6,,,0,70,,51030,6,,,0,30,,51042,6,,,0,70,,51008,6,,,0,30,,51019,6,,,0,70,,51031,6,,,0,30,,51043,6,,,0,70,,51009,6,,,0,30,,51020,6,,,0,69,,51032,6,,,0,30,,51044,6,,,0,70,,51010,6,,,0,25,,51105,6,,,0
701019,'1899',611,,52707,6,,,0,28,,52740,6,,,0,69,,52729,6,,,0,30,,52704,6,,,0,70,,52731,6,,,0,30,,52708,6,,,0,70,,52703,6,,,0,30,,52733,6,,,0,70,,52712,6,,,0,30,,52700,6,,,0,70,,52735,6,,,0,30,,52710,6,,,0,71,,52699,6,,,0,30,,52730,6,,,0,70,,52714,6,,,0,30,,52697,6,,,0,70,,52734,6,,,0,30,,52713,6,,,0,70,,52695,6,,,0,30,,52732,6,,,0,70,,52709,6,,,0,30,,52693,6,,,0,69,,52736,6,,,0,30,,52719,6,,,0,70,,52690,6,,,0,30,,52749,6,,,0,70,,52722,6,,,0,30,,52688,6,,,0,70,,52744,6,,,0,30,,52725,6,,,0,70,,52685,6,,,0,30,,52739,6,,,0,69,,52723,6,,,0,30,,52687,6,,,0,70,,52743,6,,,0,25,,52756,6,,,0
14000001029,'1838',535,,52991,6,0,18 7,0,1812,,52986,6,,,0,68,,52988,6,,,0,30,,52989,7,,,0,70,,52987,7,,,0,30,,52992,7,,,0,70,,52990,7,,,0
14000001029,'1897',433,,51514,6,0,18 7,0,102,,51515,6,0,18 7,0,1812,,51519,6,,,0,68,,51521,6,,,0,30,,51518,7,,,0,70,,51517,7,,,0,30,,51516,7,,,0,70,,51520,7,,,0
14000001029,'1898',535,,51526,6,0,18 7,0,1812,,51524,6,,,0,68,,51528,6,,,0,30,,51527,7,,,0,70,,51525,7,,,0,30,,51522,7,,,0,70,,51523,7,,,0
14000001029,'1899',535,,52997,6,0,18 7,0,1812,,52993,6,,,0,68,,52999,6,,,0,30,,52995,7,,,0,70,,52994,7,,,0,30,,52998,7,,,0,70,,52996,7,,,0
