4019,'1912',801,,70650,8,,,0,30,,59832,8,,,0,70,,70649,8,,,0,30,,70651,8,,,0,70,,59830,8,,,0,30,,66070,8,,,0,70,,70638,8,,,0,30,,70642,8,,,0,69,,70645,8,,,0,31,,70631,8,,,0,69,,70634,8,,,0,30,,70637,8,,,0,70,,70641,8,,,0,30,,70643,8,,,0,70,,70630,8,,,0,30,,70633,8,,,0,70,,70636,8,,,0,30,,70640,8,,,0,70,,70644,8,,,0,31,,70629,8,,,0,70,,70632,8,,,0,30,,70635,8,,,0,70,,70639,8,,,0,30,,70648,8,,,0,70,,70652,8,,,0,30,,70646,8,,,0,70,,70653,8,,,0,30,,70647,8,,,0
4019,'1959',801,,70763,8,,,0,30,,59860,8,,,0,70,,70762,8,,,0,30,,70764,8,,,0,70,,59858,8,,,0,30,,66096,8,,,0,70,,70751,8,,,0,30,,70755,8,,,0,69,,70758,8,,,0,31,,70744,8,,,0,69,,70747,8,,,0,30,,70750,8,,,0,70,,70754,8,,,0,30,,70756,8,,,0,70,,70743,8,,,0,30,,70746,8,,,0,70,,70749,8,,,0,30,,70753,8,,,0,70,,70757,8,,,0,31,,70742,8,,,0,70,,70745,8,,,0,30,,70748,8,,,0,70,,70752,8,,,0,30,,70761,8,,,0,70,,70765,8,,,0,30,,70759,8,,,0,70,,70766,8,,,0,30,,70760,8,,,0
4019,'1965',701,,70710,8,,,0,30,,70685,8,,,0,27,,70686,8,,,0,76,,70687,8,,,0,24,,70688,8,,,0,76,,70689,8,,,0,67,,70690,8,,,0,29,,70691,8,,,0,70,,70692,8,,,0,30,,70693,8,,,0,72,,70694,8,,,0,30,,70695,8,,,0,100,,70697,8,,,0,70,,70698,8,,,0,30,,70699,8,,,0,74,,70700,8,,,0,30,,70701,8,,,0,71,,70702,8,,,0,24,,70703,8,,,0,75,,70704,8,,,0,23,,70705,8,,,0,76,,70706,8,,,0,21,,70707,8,,,0,75,,70708,8,,,0,30,,70709,8,,,0,170,,70681,8,,,0,100,,66173,8,,,0,30,,70683,8,,,0
4019,'1966',701,,70741,8,,,0,30,,70717,8,,,0,100,,70721,8,,,0,70,,70732,8,,,0,1130,,70731,8,,,0,100,,70726,8,,,0,100,,70728,8,,,0
4019,'1967',801,,70712,8,,,0,130,,70727,8,,,0,70,,66037,8,,,0,30,,70737,8,,,0,70,,70715,8,,,0,30,,70734,8,,,0,70,,70729,8,,,0,30,,70722,8,,,0,70,,70735,8,,,0,30,,70738,8,,,0,70,,70714,8,,,0,30,,70724,8,,,0,70,,70713,8,,,0,30,,70718,8,,,0,70,,70736,8,,,0,30,,70733,8,,,0,70,,70730,8,,,0,30,,70719,8,,,0,70,,70739,8,,,0,30,,70740,8,,,0,70,,70711,8,,,0,30,,70725,8,,,0,70,,70723,8,,,0,100,,70716,8,,,0,100,,70720,8,,,0
4019,'1969',801,,70675,8,,,0,30,,59888,8,,,0,70,,70674,8,,,0,30,,70676,8,,,0,70,,59886,8,,,0,30,,66122,8,,,0,70,,70663,8,,,0,30,,70667,8,,,0,69,,70670,8,,,0,31,,70656,8,,,0,69,,70659,8,,,0,30,,70662,8,,,0,70,,70666,8,,,0,30,,70668,8,,,0,70,,70655,8,,,0,30,,70658,8,,,0,70,,70661,8,,,0,30,,70665,8,,,0,70,,70669,8,,,0,31,,70654,8,,,0,70,,70657,8,,,0,30,,70660,8,,,0,70,,70664,8,,,0,30,,70673,8,,,0,70,,70677,8,,,0,30,,70671,8,,,0,70,,70678,8,,,0,30,,70672,8,,,0
4019,'1970',631,,74174,8,,,0,671,,74175,8,,,0,699,,74171,8,,,0,30,,74172,8,,,0,100,,74173,8,,,0
4019,'1971',701,,74182,8,,,0,30,,74176,8,,,0,100,,74177,8,,,0,70,,74181,8,,,0,1130,,74180,8,,,0,100,,74178,8,,,0,100,,74179,8,,,0
11029,'1912',836,,67039,26,,,0,100,,67040,26,,,0,100,,67041,26,,,0,100,,67042,26,,,0,100,,67043,26,,,0,100,,67044,26,,,0,100,,67045,26,,,0,100,,67046,26,,,0,100,,67047,26,,,0,97,,67048,26,,,0,100,,67049,26,,,0,100,,67050,26,,,0,98,,61211,26,,,0
11029,'1959',836,,67051,26,,,0,100,,67052,26,,,0,100,,67053,26,,,0,100,,67054,26,,,0,100,,67055,26,,,0,100,,67056,26,,,0,100,,67057,26,,,0,100,,67058,26,,,0,100,,67059,26,,,0,97,,67060,26,,,0,100,,67061,26,,,0,100,,67062,26,,,0,98,,61224,26,,,0
11029,'1965',636,,67101,19,,,0,200,,61170,26,,,0,100,,71513,26,,,0,200,,71515,26,,,0,200,,71517,26,,,0,200,,71519,26,,,0,300,,71521,26,,,0,200,,71523,26,,,0,94,,71511,26,,,0
11029,'1966',836,,71524,26,,,0
11029,'1967',636,,71534,19,,,0,100,,67037,26,,,0,200,,71525,26,,,0,100,,71526,26,,,0,100,,71527,26,,,0,100,,71528,26,,,0,100,,71529,26,,,0,100,,71530,26,,,0,100,,71531,26,,,0,100,,71532,26,,,0,100,,67033,26,,,0,100,,67034,26,,,0,100,,67035,26,,,0,100,,71533,26,,,0
11029,'1969',836,,67063,26,,,0,100,,67064,26,,,0,100,,67065,26,,,0,100,,67066,26,,,0,100,,67067,26,,,0,100,,67068,26,,,0,100,,67069,26,,,0,100,,67070,26,,,0,100,,67071,26,,,0,97,,67072,26,,,0,100,,67073,26,,,0,100,,67074,26,,,0,98,,61237,26,,,0
11029,'1970',736,,74383,26,,,0,300,,74384,26,,,0,200,,74385,26,,,0,200,,74386,26,,,0,200,,74387,26,,,0,100,,74388,26,,,0,200,,74389,26,,,0
11029,'1971',836,,74390,26,,,0
