19019,'1909',1833,,61998,12,,,0
19019,'1910',1033,,67497,12,,,0,70,,67512,12,,,0,30,,67501,12,,,0,70,,67515,12,,,0,30,,67494,12,,,0,100,,67496,12,,,0,70,,67513,12,,,0,30,,67498,12,,,0,70,,67520,12,,,0,30,,67507,12,,,0,70,,67509,12,,,0,30,,67493,12,,,0,100,,67519,12,,,0,70,,67506,12,,,0,30,,67500,12,,,0,167,,67522,12,,,0,115,,67505,12,,,0,100,,62033,12,,,0
19019,'1912',617,,71862,12,,,0,112,,62043,12,,,0,100,,71855,12,,,0,30,,62047,12,,,0,70,,71858,12,,,0,30,,71852,12,,,0,71,,71851,12,,,0,70,,67524,12,,,0,31,,71867,12,,,0,70,,71865,12,,,0,30,,71863,12,,,0,70,,71859,12,,,0,30,,71872,12,,,0,70,,71857,12,,,0,31,,71856,12,,,0,70,,71854,12,,,0,30,,71853,12,,,0,70,,71850,12,,,0,30,,71868,12,,,0,70,,71866,12,,,0,29,,71864,12,,,0,70,,71861,12,,,0,30,,71860,12,,,0,70,,71870,12,,,0,30,,71869,12,,,0,70,,71871,12,,,0,45,,62063,12,,,0,100,,62061,12,,,0,100,,62062,12,,,0,85,,71873,12,,,0
19019,'1924',729,,62073,12,,,0,130,,62077,12,,,0,241,,67549,12,,,0,946,,62093,12,,,0,100,,62091,12,,,0,100,,62092,12,,,0
19019,'1925',617,,71886,12,,,0,112,,62103,12,,,0,100,,71879,12,,,0,30,,62107,12,,,0,70,,71882,12,,,0,30,,71876,12,,,0,71,,71875,12,,,0,70,,67574,12,,,0,31,,71891,12,,,0,70,,71889,12,,,0,30,,71887,12,,,0,70,,71883,12,,,0,30,,71896,12,,,0,70,,71881,12,,,0,31,,71880,12,,,0,70,,71878,12,,,0,30,,71877,12,,,0,70,,71874,12,,,0,30,,71892,12,,,0,70,,71890,12,,,0,29,,71888,12,,,0,70,,71885,12,,,0,30,,71884,12,,,0,70,,71894,12,,,0,30,,71893,12,,,0,70,,71895,12,,,0,45,,62123,12,,,0,100,,62121,12,,,0,100,,62122,12,,,0,85,,71897,12,,,0
19019,'1955',630,,67495,12,,,0,70,,67508,12,,,0,30,,67499,12,,,0,70,,67514,12,,,0,30,,67518,12,,,0,70,,67502,12,,,0,30,,67492,12,,,0,70,,67517,12,,,0,303,,67510,12,,,0,400,,67511,12,,,0,200,,67516,12,,,0,27,,67504,12,,,0,110,,67521,12,,,0,270,,67503,12,,,0,20,,67523,12,,,0
19019,'1956',617,,67562,12,,,0,212,,67555,12,,,0,100,,67558,12,,,0,30,,67552,12,,,0,71,,67551,12,,,0,101,,67567,12,,,0,70,,67565,12,,,0,30,,67563,12,,,0,70,,67559,12,,,0,30,,67572,12,,,0,70,,67557,12,,,0,31,,67556,12,,,0,70,,67554,12,,,0,30,,67553,12,,,0,70,,67550,12,,,0,30,,67568,12,,,0,70,,67566,12,,,0,29,,67564,12,,,0,70,,67561,12,,,0,30,,67560,12,,,0,70,,67570,12,,,0,30,,67569,12,,,0,70,,67571,12,,,0,330,,67573,12,,,0
19019,'1957',832,,71916,12,,,0,70,,71902,12,,,0,30,,71903,12,,,0,70,,71900,12,,,0,30,,71917,12,,,0,70,,71901,12,,,0,30,,71908,12,,,0,70,,71898,12,,,0,30,,71915,12,,,0,70,,71904,12,,,0,30,,71905,12,,,0,70,,71907,12,,,0,30,,71906,12,,,0,72,,71899,12,,,0,30,,71918,12,,,0,369,,71909,12,,,0,30,,71910,12,,,0,99,,71914,12,,,0,100,,71913,12,,,0,100,,71911,12,,,0,100,,71912,12,,,0
19019,'1958',630,,71920,12,,,0,70,,71925,12,,,0,30,,71921,12,,,0,70,,71928,12,,,0,30,,71931,12,,,0,70,,71922,12,,,0,30,,71919,12,,,0,70,,71930,12,,,0,303,,71926,12,,,0,400,,71927,12,,,0,200,,71929,12,,,0,27,,71924,12,,,0,110,,71932,12,,,0,270,,71923,12,,,0,20,,71933,12,,,0
19019,'1959',617,,71946,12,,,0,212,,71939,12,,,0,100,,71942,12,,,0,30,,71936,12,,,0,71,,71935,12,,,0,101,,71951,12,,,0,70,,71949,12,,,0,30,,71947,12,,,0,70,,71943,12,,,0,30,,71956,12,,,0,70,,71941,12,,,0,31,,71940,12,,,0,70,,71938,12,,,0,30,,71937,12,,,0,70,,71934,12,,,0,30,,71952,12,,,0,70,,71950,12,,,0,29,,71948,12,,,0,70,,71945,12,,,0,30,,71944,12,,,0,70,,71954,12,,,0,30,,71953,12,,,0,70,,71955,12,,,0,330,,71957,12,,,0
10019019,'1909',733,,65781,5,,,0
10019019,'1949',1804,,70175,5,,,0
10019019,'1957',606,,73560,5,,,0,25,,73567,5,,,0,70,,73566,5,,,0,102,,73568,5,,,0,802,,73564,5,,,0,30,,73562,5,,,0,70,,73561,5,,,0,30,,73565,5,,,0,279,,73563,5,,,0
