4029,'1912',721,,70787,5,,,0,30,,60008,5,,,0,70,,70786,5,,,0,30,,70788,5,,,0,70,,60005,5,,,0,30,,70779,5,,,0,69,,70782,5,,,0,30,,70767,5,,,0,70,,70772,5,,,0,30,,70775,5,,,0,68,,70778,5,,,0,30,,70780,5,,,0,70,,70768,5,,,0,30,,70771,5,,,0,70,,70774,5,,,0,30,,70777,5,,,0,70,,70781,5,,,0,30,,70769,5,,,0,70,,70770,5,,,0,30,,70773,5,,,0,70,,70776,5,,,0,30,,66240,5,,,0,70,,70791,5,,,0,34,,70792,5,,,0,70,,70790,5,,,0,30,,70785,5,,,0,70,,70789,5,,,0,30,,70783,5,,,0,100,,70784,5,,,0
4029,'1959',721,,70894,5,,,0,30,,60037,5,,,0,70,,70893,5,,,0,30,,70895,5,,,0,70,,60034,5,,,0,30,,70886,5,,,0,69,,70889,5,,,0,30,,70874,5,,,0,70,,70879,5,,,0,30,,70882,5,,,0,68,,70885,5,,,0,30,,70887,5,,,0,70,,70875,5,,,0,30,,70878,5,,,0,70,,70881,5,,,0,30,,70884,5,,,0,70,,70888,5,,,0,30,,70876,5,,,0,70,,70877,5,,,0,30,,70880,5,,,0,70,,70883,5,,,0,30,,66267,5,,,0,70,,70898,5,,,0,34,,70899,5,,,0,70,,70897,5,,,0,30,,70892,5,,,0,70,,70896,5,,,0,30,,70890,5,,,0,100,,70891,5,,,0
4029,'1965',621,,70819,5,,,0,102,,70821,5,,,0,100,,70823,5,,,0,24,,59926,5,,,0,201,,66313,5,,,0,70,,70827,5,,,0,30,,70828,5,,,0,70,,70829,5,,,0,30,,70830,5,,,0,70,,66314,5,,,0,100,,70832,5,,,0,100,,70834,5,,,0,36,,66317,5,,,0,64,,66318,5,,,0,36,,70835,5,,,0,64,,59943,5,,,0,36,,59944,5,,,0,67,,70836,5,,,0,200,,70840,5,,,0,100,,66322,5,,,0,30,,70842,5,,,0
4029,'1966',623,,59977,5,,,0,128,,70869,5,,,0,70,,70870,5,,,0,100,,70872,5,,,0,30,,70860,5,,,0,67,,70854,5,,,0,30,,70847,5,,,0,70,,70858,5,,,0,30,,70864,5,,,0,70,,70859,5,,,0,30,,70846,5,,,0,70,,70851,5,,,0,30,,70862,5,,,0,70,,70845,5,,,0,30,,70861,5,,,0,70,,70856,5,,,0,30,,70848,5,,,0,70,,70843,5,,,0,30,,70863,5,,,0,70,,70866,5,,,0,30,,70857,5,,,0,70,,70852,5,,,0,30,,70873,5,,,0,102,,70844,5,,,0,102,,70855,5,,,0,100,,70853,5,,,0
4029,'1967',651,,70867,5,,,0,70,,70868,5,,,0,130,,70871,5,,,0,1069,,70849,5,,,0,102,,70850,5,,,0,100,,70865,5,,,0
4029,'1969',721,,70813,5,,,0,30,,60066,5,,,0,70,,70812,5,,,0,30,,70814,5,,,0,70,,60063,5,,,0,30,,70805,5,,,0,69,,70808,5,,,0,30,,70793,5,,,0,70,,70798,5,,,0,30,,70801,5,,,0,68,,70804,5,,,0,30,,70806,5,,,0,70,,70794,5,,,0,30,,70797,5,,,0,70,,70800,5,,,0,30,,70803,5,,,0,70,,70807,5,,,0,30,,70795,5,,,0,70,,70796,5,,,0,30,,70799,5,,,0,70,,70802,5,,,0,30,,66294,5,,,0,70,,70817,5,,,0,34,,70818,5,,,0,70,,70816,5,,,0,30,,70811,5,,,0,70,,70815,5,,,0,30,,70809,5,,,0,100,,70810,5,,,0
4029,'1970',651,,74183,5,,,0,96,,74184,5,,,0,171,,74185,5,,,0,30,,74186,5,,,0,70,,74187,5,,,0,330,,74188,5,,,0,105,,74189,5,,,0,397,,74190,5,,,0,70,,74191,5,,,0,30,,74192,5,,,0,101,,74193,5,,,0
4029,'1971',623,,74215,5,,,0,128,,74216,5,,,0,70,,74217,5,,,0,100,,74218,5,,,0,30,,74209,5,,,0,67,,74203,5,,,0,30,,74198,5,,,0,70,,74207,5,,,0,30,,74213,5,,,0,70,,74208,5,,,0,30,,74197,5,,,0,70,,74200,5,,,0,30,,74211,5,,,0,70,,74196,5,,,0,30,,74210,5,,,0,70,,74205,5,,,0,30,,74199,5,,,0,70,,74194,5,,,0,30,,74212,5,,,0,70,,74214,5,,,0,30,,74206,5,,,0,70,,74201,5,,,0,30,,74219,5,,,0,102,,74195,5,,,0,102,,74204,5,,,0,100,,74202,5,,,0
7029,'1912',636,,60679,5,0,13 35,0,70,,60657,5,,,0,100,,60658,5,,,0,30,,71210,5,0,13 35,0,70,,60659,5,,,0,30,,60681,5,0,13 35,0,70,,60660,5,,,0,30,,60676,5,0,13 35,0,70,,60661,5,,,0,30,,71209,5,0,13 35,0,71,,60662,5,,,0,30,,71203,5,0,13 35,0,70,,60663,5,,,0,30,,66666,5,0,13 35,0,70,,60664,5,,,0,30,,66659,5,0,13 35,0,70,,60665,5,,,0,30,,71206,5,0,13 35,0,70,,60666,5,,,0,30,,71202,5,0,13 35,0,70,,60667,5,,,0,30,,71207,5,0,13 35,0,69,,60668,5,,,0,30,,71201,5,0,13 35,0,70,,60669,5,,,0,30,,71208,5,0,13 35,0,70,,60670,5,,,0,30,,71204,5,0,13 35,0,70,,60656,5,,,0,30,,71205,5,0,13 35,0,70,,60689,5,0,13 35,0,30,,60687,5,0,13 35,0,70,,60686,5,0,13 35,0,28,,66656,5,0,13 35,0
7029,'1959',636,,60713,5,0,13 35,0,70,,60691,5,,,0,100,,60692,5,,,0,30,,71281,5,0,13 35,0,70,,60693,5,,,0,30,,60715,5,0,13 35,0,70,,60694,5,,,0,30,,60710,5,0,13 35,0,70,,60695,5,,,0,30,,71280,5,0,13 35,0,71,,60696,5,,,0,30,,71274,5,0,13 35,0,70,,60697,5,,,0,30,,66679,5,0,13 35,0,70,,60698,5,,,0,30,,66672,5,0,13 35,0,70,,60699,5,,,0,30,,71277,5,0,13 35,0,70,,60700,5,,,0,30,,71273,5,0,13 35,0,70,,60701,5,,,0,30,,71278,5,0,13 35,0,69,,60702,5,,,0,30,,71272,5,0,13 35,0,70,,60703,5,,,0,30,,71279,5,0,13 35,0,70,,60704,5,,,0,30,,71275,5,0,13 35,0,70,,60690,5,,,0,30,,71276,5,0,13 35,0,70,,60723,5,0,13 35,0,30,,60721,5,0,13 35,0,70,,60720,5,0,13 35,0,28,,66669,5,0,13 35,0
7029,'1965',506,,60618,5,,,0,35,,60617,5,0,13 35,0,65,,60588,5,,,0,101,,71228,5,,,0,100,,71230,5,,,0,100,,71232,5,,,0,30,,71233,5,,,0,70,,71234,5,,,0,30,,71235,5,,,0,70,,71236,5,,,0,200,,71225,5,,,0,130,,71226,5,,,0,70,,71238,5,,,0,130,,71241,5,,,0,70,,71242,5,,,0,30,,71243,5,,,0,170,,60608,5,,,0,30,,71245,5,,,0,70,,60610,5,,,0,99,,71246,5,,,0,30,,71247,5,0,13 35,0,70,,60612,5,,,0,30,,71249,5,0,13 35,0,70,,71250,5,,,0,29,,71248,5,0,13 35,0
7029,'1966',637,,71251,5,,,0,169,,60635,5,,,0,301,,60638,5,,,0,300,,60641,5,,,0,499,,71267,5,,,0,300,,71268,5,,,0
7029,'1967',707,,71262,5,,,0,30,,71252,5,,,0,99,,71253,5,,,0,70,,71263,5,,,0,30,,71254,5,,,0,71,,71264,5,,,0,30,,66633,5,,,0,100,,71255,5,,,0,70,,71265,5,,,0,30,,71256,5,,,0,70,,60640,5,,,0,30,,66636,5,,,0,100,,71257,5,,,0,70,,60642,5,,,0,30,,71258,5,,,0,70,,66647,5,,,0,30,,71259,5,,,0,70,,60644,5,,,0,30,,71260,5,,,0,70,,71266,5,,,0,30,,71261,5,,,0,99,,66642,5,,,0,70,,60647,5,,,0,30,,66655,5,0,13 35,0,70,,60648,5,,,0,30,,66654,5,0,13 35,0,100,,71271,5,0,13 35,0,70,,60650,5,,,0,29,,71270,5,0,13 35,0
7029,'1969',636,,60747,5,0,13 35,0,70,,60725,5,,,0,100,,60726,5,,,0,30,,71220,5,0,13 35,0,70,,60727,5,,,0,30,,60749,5,0,13 35,0,70,,60728,5,,,0,30,,60744,5,0,13 35,0,70,,60729,5,,,0,30,,71219,5,0,13 35,0,71,,60730,5,,,0,30,,71213,5,0,13 35,0,70,,60731,5,,,0,30,,66692,5,0,13 35,0,70,,60732,5,,,0,30,,66685,5,0,13 35,0,70,,60733,5,,,0,30,,71216,5,0,13 35,0,70,,60734,5,,,0,30,,71212,5,0,13 35,0,70,,60735,5,,,0,30,,71217,5,0,13 35,0,69,,60736,5,,,0,30,,71211,5,0,13 35,0,70,,60737,5,,,0,30,,71218,5,0,13 35,0,70,,60738,5,,,0,30,,71214,5,0,13 35,0,70,,60724,5,,,0,30,,71215,5,0,13 35,0,70,,60757,5,0,13 35,0,30,,60755,5,0,13 35,0,70,,60754,5,0,13 35,0,28,,66682,5,0,13 35,0
7029,'1970',636,,74323,5,,,0,101,,74324,5,,,0,100,,74325,5,,,0,300,,74326,5,,,0,70,,74321,5,,,0,30,,74322,5,,,0,100,,74320,5,,,0,70,,74319,5,,,0,130,,74327,5,,,0,70,,74328,5,,,0,200,,74329,5,,,0,30,,74330,5,,,0,199,,74331,5,0,13 35,0
7029,'1971',637,,74332,5,,,0,169,,74333,5,,,0,301,,74334,5,,,0,300,,74335,5,,,0,499,,74336,5,,,0,300,,74337,5,,,0
501019,'1912',609,,62927,4,,,0,30,,72182,4,,,0,67,,62926,4,,,0,30,,72181,4,,,0,70,,62929,4,,,0,30,,72183,4,,,0,70,,72180,4,,,0,30,,67874,4,,,0,70,,72174,4,,,0,30,,67866,4,,,0,71,,72173,4,,,0,30,,67867,4,,,0,70,,72176,4,,,0,30,,67868,4,,,0,70,,72172,4,,,0,30,,67873,4,,,0,70,,72171,4,,,0,30,,67872,4,,,0,70,,72170,4,,,0,30,,67869,4,,,0,70,,72169,4,,,0,30,,67871,4,,,0,70,,72175,4,,,0,30,,67870,4,,,0,70,,72179,4,,,0,30,,67878,4,,,0,70,,72178,4,,,0,30,,67881,4,,,0,69,,72177,4,,,0,30,,67853,4,,,0,70,,62923,4,,,0,30,,67879,4,,,0,70,,62922,4,,,0,30,,67880,4,,,0,70,,62921,4,,,0
501019,'1959',609,,62962,4,,,0,30,,72266,4,,,0,67,,62961,4,,,0,30,,72265,4,,,0,70,,62964,4,,,0,30,,72267,4,,,0,70,,72264,4,,,0,30,,67903,4,,,0,70,,72258,4,,,0,30,,67895,4,,,0,71,,72257,4,,,0,30,,67896,4,,,0,70,,72260,4,,,0,30,,67897,4,,,0,70,,72256,4,,,0,30,,67902,4,,,0,70,,72255,4,,,0,30,,67901,4,,,0,70,,72254,4,,,0,30,,67898,4,,,0,70,,72253,4,,,0,30,,67900,4,,,0,70,,72259,4,,,0,30,,67899,4,,,0,70,,72263,4,,,0,30,,67907,4,,,0,70,,72262,4,,,0,30,,67910,4,,,0,69,,72261,4,,,0,30,,67882,4,,,0,70,,62958,4,,,0,30,,67908,4,,,0,70,,62957,4,,,0,30,,67909,4,,,0,70,,62956,4,,,0
501019,'1965',606,,62836,4,,,0,30,,72199,4,,,0,75,,62838,4,,,0,24,,72200,4,,,0,76,,72202,4,,,0,24,,72203,4,,,0,103,,67965,4,,,0,70,,72206,4,,,0,30,,72207,4,,,0,70,,72208,4,,,0,30,,72209,4,,,0,70,,67966,4,,,0,100,,72211,4,,,0,30,,72212,4,,,0,70,,72213,4,,,0,26,,67968,4,,,0,12,,72214,4,,,0,62,,72215,4,,,0,24,,72216,4,,,0,12,,72217,4,,,0,64,,72218,4,,,0,24,,72219,4,,,0,12,,62862,4,,,0,87,,67974,4,,,0,12,,72221,4,,,0,94,,67977,4,,,0,70,,72222,4,,,0,100,,62870,4,,,0,30,,72223,4,,,0,69,,67980,4,,,0,30,,72224,4,,,0,70,,67982,4,,,0,30,,72225,4,,,0,70,,62876,4,,,0
501019,'1966',639,,72233,4,,,0,267,,72227,4,,,0,101,,72237,4,,,0,31,,72247,4,,,0,70,,72238,4,,,0,30,,72248,4,,,0,70,,72239,4,,,0,30,,72249,4,,,0,70,,72240,4,,,0,30,,72250,4,,,0,70,,72241,4,,,0,30,,72251,4,,,0,70,,72242,4,,,0,30,,72252,4,,,0,70,,72243,4,,,0,30,,72245,4,,,0,70,,72244,4,,,0,30,,72246,4,,,0,70,,72226,4,,,0,29,,72236,4,,,0,99,,72234,4,,,0,100,,72235,4,,,0
501019,'1967',609,,72230,4,,,0,97,,72229,4,,,0,30,,72232,4,,,0,70,,72228,4,,,0,30,,67831,4,,,0,100,,72231,4,,,0,970,,62881,4,,,0,100,,62880,4,,,0,100,,62879,4,,,0,30,,67832,4,,,0,70,,62878,4,,,0,30,,67833,4,,,0,70,,62877,4,,,0
501019,'1969',609,,62997,4,,,0,30,,72197,4,,,0,67,,62996,4,,,0,30,,72196,4,,,0,70,,62999,4,,,0,30,,72198,4,,,0,70,,72195,4,,,0,30,,67932,4,,,0,70,,72189,4,,,0,30,,67924,4,,,0,71,,72188,4,,,0,30,,67925,4,,,0,70,,72191,4,,,0,30,,67926,4,,,0,70,,72187,4,,,0,30,,67931,4,,,0,70,,72186,4,,,0,30,,67930,4,,,0,70,,72185,4,,,0,30,,67927,4,,,0,70,,72184,4,,,0,30,,67929,4,,,0,70,,72190,4,,,0,30,,67928,4,,,0,70,,72194,4,,,0,30,,67936,4,,,0,70,,72193,4,,,0,30,,67939,4,,,0,69,,72192,4,,,0,30,,67911,4,,,0,70,,62993,4,,,0,30,,67937,4,,,0,70,,62992,4,,,0,30,,67938,4,,,0,70,,62991,4,,,0
501019,'1970',759,,74801,4,,,0,98,,74802,4,,,0,51,,74803,4,,,0,330,,74804,4,,,0,470,,74805,4,,,0,101,,74806,4,,,0,128,,74807,4,,,0
501019,'1971',639,,74810,4,,,0,267,,74809,4,,,0,101,,74814,4,,,0,31,,74824,4,,,0,70,,74815,4,,,0,30,,74825,4,,,0,70,,74816,4,,,0,30,,74826,4,,,0,70,,74817,4,,,0,30,,74827,4,,,0,70,,74818,4,,,0,30,,74828,4,,,0,70,,74819,4,,,0,30,,74829,4,,,0,70,,74820,4,,,0,30,,74822,4,,,0,70,,74821,4,,,0,30,,74823,4,,,0,70,,74808,4,,,0,29,,74813,4,,,0,99,,74811,4,,,0,100,,74812,4,,,0
14000001019,'1912',2358,,65844,7,,,0,70,,70196,7,,,0,30,,75054,7,,,0,70,,65845,7,,,0,30,,70197,7,,,0
14000001019,'1959',2358,,65849,7,,,0,70,,70198,7,,,0,100,,65850,7,,,0,30,,70199,7,,,0
14000001019,'1965',2358,,65835,7,,,0,70,,73580,7,,,0,100,,65834,7,,,0,30,,73582,7,,,0
14000001019,'1966',2458,,73584,7,,,0
14000001019,'1967',2358,,65840,7,,,0,70,,73583,7,,,0,100,,65838,7,,,0,30,,73585,7,,,0
14000001019,'1968',2458,,73579,7,,,0
14000001019,'1969',2358,,65854,7,,,0,70,,70200,7,,,0,100,,65855,7,,,0,30,,70201,7,,,0
14000001019,'1970',2458,,75055,7,,,0
14000001019,'1971',2458,,75056,7,,,0
14000001019,'1972',2458,,75057,7,,,0
14000001019,'1973',2458,,75058,7,,,0
