10029,'1909',941,,60789,9,,,0,1000,,60809,9,,,0,95,,60811,9,,,0,100,,60813,9,,,0,100,,60814,9,,,0
10029,'1910',1908,,66855,9,,,0,28,,60815,9,,,0,100,,66856,9,,,0,100,,60842,9,,,0
10029,'1912',806,,60857,9,,,0,30,,66871,9,,,0,70,,60859,9,,,0,30,,66872,9,,,0,70,,60861,9,,,0,30,,71396,9,,,0,70,,71397,9,,,0,30,,71398,9,,,0,70,,71399,9,,,0,32,,71400,9,,,0,70,,71387,9,,,0,30,,71390,9,,,0,70,,71384,9,,,0,30,,71389,9,,,0,70,,71388,9,,,0,30,,71391,9,,,0,70,,71385,9,,,0,30,,71392,9,,,0,70,,66860,9,,,0,30,,71393,9,,,0,70,,71386,9,,,0,28,,71394,9,,,0,70,,66858,9,,,0,30,,71395,9,,,0
10029,'1924',806,,60881,9,,,0,30,,66892,9,,,0,70,,60883,9,,,0,30,,66893,9,,,0,70,,60885,9,,,0,702,,66881,9,,,0,198,,66879,9,,,0
10029,'1925',806,,60905,9,,,0,30,,66913,9,,,0,70,,60907,9,,,0,30,,66914,9,,,0,70,,60909,9,,,0,30,,71413,9,,,0,70,,71414,9,,,0,30,,71415,9,,,0,70,,71416,9,,,0,32,,71417,9,,,0,70,,71404,9,,,0,30,,71407,9,,,0,70,,71401,9,,,0,30,,71406,9,,,0,70,,71405,9,,,0,30,,71408,9,,,0,70,,71402,9,,,0,30,,71409,9,,,0,70,,66902,9,,,0,30,,71410,9,,,0,70,,71403,9,,,0,28,,71411,9,,,0,70,,66900,9,,,0,30,,71412,9,,,0
10029,'1949',1411,,66940,9,,,0
10029,'1955',706,,60816,9,,,0,30,,66833,9,,,0,70,,66834,9,,,0,30,,66835,9,,,0,70,,60820,9,,,0,30,,66836,9,,,0,70,,66837,9,,,0,32,,66838,9,,,0,70,,66839,9,,,0,30,,66840,9,,,0,70,,66841,9,,,0,30,,66842,9,,,0,70,,66843,9,,,0,30,,66844,9,,,0,70,,66845,9,,,0,30,,66846,9,,,0,70,,66847,9,,,0,30,,66848,9,,,0,70,,66849,9,,,0,30,,66850,9,,,0,70,,66851,9,,,0,30,,66852,9,,,0,70,,66853,9,,,0,30,,66854,9,,,0
10029,'1956',1036,,66894,9,,,0,70,,66895,9,,,0,30,,66896,9,,,0,70,,66897,9,,,0,32,,66898,9,,,0,70,,66883,9,,,0,30,,66886,9,,,0,70,,66878,9,,,0,30,,66885,9,,,0,70,,66884,9,,,0,30,,66887,9,,,0,70,,66880,9,,,0,30,,66888,9,,,0,100,,66889,9,,,0,70,,66882,9,,,0,28,,66890,9,,,0,100,,66891,9,,,0
10029,'1957',606,,71418,9,,,0,30,,71419,9,,,0,76,,71420,9,,,0,30,,71421,9,,,0,70,,71422,9,,,0,30,,71423,9,,,0,69,,71424,9,,,0,100,,71425,9,,,0,30,,71426,9,,,0,70,,71427,9,,,0,30,,71428,9,,,0,70,,71429,9,,,0,30,,71430,9,,,0,70,,71431,9,,,0,30,,71432,9,,,0,100,,71433,9,,,0,75,,71434,9,,,0,30,,71435,9,,,0,70,,71436,9,,,0,30,,71437,9,,,0,70,,71438,9,,,0,30,,71439,9,,,0,65,,71440,9,,,0,30,,71441,9,,,0,70,,71442,9,,,0,100,,71443,9,,,0,95,,71444,9,,,0
10029,'1958',706,,71445,9,,,0,30,,71446,9,,,0,70,,71447,9,,,0,30,,71448,9,,,0,70,,71449,9,,,0,30,,71450,9,,,0,70,,71451,9,,,0,32,,71452,9,,,0,70,,71453,9,,,0,30,,71454,9,,,0,70,,71455,9,,,0,30,,71456,9,,,0,70,,71457,9,,,0,30,,71458,9,,,0,70,,71459,9,,,0,30,,71460,9,,,0,70,,71461,9,,,0,30,,71462,9,,,0,70,,71463,9,,,0,30,,71464,9,,,0,70,,71465,9,,,0,30,,71466,9,,,0,70,,71467,9,,,0,30,,71468,9,,,0
10029,'1959',1036,,71481,9,,,0,70,,71482,9,,,0,30,,71483,9,,,0,70,,71484,9,,,0,32,,71485,9,,,0,70,,71472,9,,,0,30,,71475,9,,,0,70,,71469,9,,,0,30,,71474,9,,,0,70,,71473,9,,,0,30,,71476,9,,,0,70,,71470,9,,,0,30,,71477,9,,,0,100,,71478,9,,,0,70,,71471,9,,,0,28,,71479,9,,,0,100,,71480,9,,,0
10090019,'1908',647,,65798,4,,,0,100,,65796,4,,,0,100,,65795,4,,,0,100,,65797,4,,,0,470,,65800,4,,,0,100,,65801,4,,,0,100,,65802,4,,,0,100,,65799,4,,,0
20090019,'1908',720,,65811,10,,,0,100,,65812,10,,,0,100,,65813,10,,,0,100,,65814,10,,,0,500,,65815,10,,,0,100,,65816,10,,,0,100,,65817,10,,,0,100,,65818,10,,,0
