11029,'1912',823,,67039,21,,,0,100,,67040,21,,,0,105,,67041,21,,,0,100,,67042,21,,,0,100,,67043,21,,,0,100,,67044,21,,,0,100,,67045,21,,,0,100,,67046,21,,,0,100,,67047,21,,,0,97,,67048,21,,,0,100,,67049,21,,,0,99,,67050,21,,,0,100,,61211,21,,,0
11029,'1959',823,,67051,21,,,0,100,,67052,21,,,0,105,,67053,21,,,0,100,,67054,21,,,0,100,,67055,21,,,0,100,,67056,21,,,0,100,,67057,21,,,0,100,,67058,21,,,0,100,,67059,21,,,0,97,,67060,21,,,0,100,,67061,21,,,0,99,,67062,21,,,0,100,,61224,21,,,0
11029,'1967',625,,71534,14,,,0,99,,67037,21,,,0,100,,74390,21,,,0,100,,71525,21,,,0,104,,71526,21,,,0,101,,71527,21,,,0,100,,71528,21,,,0,100,,71529,21,,,0,100,,71530,21,,,0,100,,71531,21,,,0,100,,71532,21,,,0,96,,67033,21,,,0,100,,67034,21,,,0,99,,67035,21,,,0,100,,71533,21,,,0
11029,'1969',823,,67063,21,,,0,100,,67064,21,,,0,105,,67065,21,,,0,100,,67066,21,,,0,100,,67067,21,,,0,100,,67068,21,,,0,100,,67069,21,,,0,100,,67070,21,,,0,100,,67071,21,,,0,97,,67072,21,,,0,100,,67073,21,,,0,99,,67074,21,,,0,100,,61237,21,,,0
11029,'1976',625,,67101,14,,,0,99,,74383,21,,,0,102,,61170,21,,,0,100,,71513,21,,,0,101,,74384,21,,,0,100,,71515,21,,,0,100,,74385,21,,,0,100,,71517,21,,,0,101,,74386,21,,,0,100,,71519,21,,,0,100,,74387,21,,,0,100,,74388,21,,,0,97,,71521,21,,,0,100,,74389,21,,,0,100,,71523,21,,,0,99,,71511,21,,,0
11029,'1977',625,,75507,14,,,0,99,,75493,21,,,0,102,,75494,21,,,0,100,,75495,21,,,0,101,,75496,21,,,0,100,,75497,21,,,0,100,,75498,21,,,0,100,,75499,21,,,0,101,,75500,21,,,0,100,,75501,21,,,0,100,,75502,21,,,0,100,,75503,21,,,0,97,,75504,21,,,0,100,,75505,21,,,0,100,,75506,21,,,0,99,,75492,21,,,0
31019,'1912',636,,74551,9,,,0,100,,74552,9,,,0,101,,74553,9,,,0,100,,74554,9,,,0,100,,74555,9,,,0,100,,74556,9,,,0,100,,74557,9,,,0,100,,74558,9,,,0,100,,74559,9,,,0,100,,74560,9,,,0,100,,74561,9,,,0,100,,74562,9,,,0,100,,74563,9,,,0,100,,74564,9,,,0,100,,74565,9,,,0,99,,74566,9,,,0,100,,74567,9,,,0,95,,74569,9,0,5 2 8 7,0
31019,'1959',636,,74632,9,,,0,100,,74633,9,,,0,101,,74634,9,,,0,100,,74635,9,,,0,100,,74636,9,,,0,100,,74637,9,,,0,100,,74638,9,,,0,100,,74639,9,,,0,100,,74640,9,,,0,100,,74641,9,,,0,100,,74642,9,,,0,100,,74643,9,,,0,100,,74644,9,,,0,100,,74645,9,,,0,100,,74646,9,,,0,99,,74647,9,,,0,100,,74648,9,,,0,95,,74650,9,0,5 2 8 7,0
31019,'1967',636,,74600,9,,,0,70,,74616,9,,,0,30,,74629,9,,,0,70,,74612,9,,,0,30,,74606,9,,,0,71,,74622,9,,,0,30,,74599,9,,,0,70,,74615,9,,,0,30,,74624,9,,,0,70,,74611,9,,,0,30,,74605,9,,,0,70,,74621,9,,,0,30,,74598,9,,,0,70,,74614,9,,,0,30,,74627,9,,,0,70,,74610,9,,,0,30,,74604,9,,,0,70,,74620,9,,,0,30,,74597,9,,,0,70,,74613,9,,,0,30,,74626,9,,,0,70,,74609,9,,,0,30,,74603,9,,,0,70,,74619,9,,,0,30,,74596,9,,,0,70,,74631,9,,,0,30,,74625,9,,,0,70,,74608,9,0,5 2 8 7,0,30,,74602,9,,,0,69,,74618,9,0,5 2 8 7,0,30,,74595,9,,,0,70,,74607,9,0,5 2 8 7,0,30,,74628,9,,,0,70,,74617,9,0,5 2 8 7,0,30,,74601,9,0,5 2 8 7,0
31019,'1969',636,,74651,9,,,0,100,,74652,9,,,0,101,,74653,9,,,0,100,,74654,9,,,0,100,,74655,9,,,0,100,,74656,9,,,0,100,,74657,9,,,0,100,,74658,9,,,0,100,,74659,9,,,0,100,,74660,9,,,0,100,,74661,9,,,0,100,,74662,9,,,0,100,,74663,9,,,0,100,,74664,9,,,0,100,,74665,9,,,0,99,,74666,9,,,0,100,,74667,9,,,0,95,,74669,9,0,5 2 8 7,0
31019,'1976',637,,74570,9,,,0,70,,74580,9,,,0,32,,62420,9,,,0,70,,62403,9,,,0,30,,74574,9,,,0,69,,74584,9,,,0,30,,62395,9,,,0,70,,62408,9,,,0,30,,62419,9,,,0,70,,74579,9,,,0,30,,74575,9,,,0,70,,62413,9,,,0,30,,62394,9,,,0,70,,62409,9,,,0,30,,74586,9,,,0,70,,74577,9,,,0,30,,62398,9,,,0,71,,74583,9,,,0,30,,62396,9,,,0,70,,74581,9,,,0,30,,62417,9,,,0,69,,74578,9,,,0,29,,74573,9,,,0,70,,74582,9,,,0,30,,74571,9,,,0,70,,74594,9,,,0,30,,72076,9,,,0,70,,74589,9,0,5 2 8 7,0,30,,74576,9,,,0,70,,74590,9,0,5 2 8 7,0,30,,74572,9,,,0,70,,74592,9,0,5 2 8 7,0,30,,74585,9,,,0,70,,74591,9,0,5 2 8 7,0,25,,74587,9,0,5 2 8 7,0
31019,'1977',637,,75804,9,,,0,70,,75819,9,,,0,32,,75832,9,,,0,70,,75815,9,,,0,30,,75812,9,,,0,69,,75826,9,,,0,30,,75807,9,,,0,70,,75820,9,,,0,30,,75831,9,,,0,70,,75818,9,,,0,30,,75813,9,,,0,70,,75825,9,,,0,30,,75806,9,,,0,70,,75821,9,,,0,30,,75830,9,,,0,70,,75816,9,,,0,30,,75810,9,,,0,71,,75824,9,,,0,30,,75808,9,,,0,70,,75822,9,,,0,30,,75829,9,,,0,69,,75817,9,,,0,29,,75811,9,,,0,70,,75823,9,,,0,30,,75805,9,,,0,70,,75840,9,,,0,30,,75828,9,,,0,70,,75835,9,0,5 2 8 7,0,30,,75814,9,,,0,70,,75836,9,0,5 2 8 7,0,30,,75809,9,,,0,70,,75838,9,0,5 2 8 7,0,30,,75827,9,,,0,70,,75837,9,0,5 2 8 7,0,25,,75833,9,0,5 2 8 7,0
