609,'1912',843,,70905,2,0,5 2 6 7,0,100,,70910,2,0,5 2 6 7,0,100,,70921,2,0,5 2 6 7,0,100,,70911,2,0,5 2 6 7,0,101,,70922,2,0,5 2 6 7,0,100,,70909,2,0,5 2 6 7,0,100,,70920,2,0,5 2 6 7,0,100,,70908,2,0,5 2 6 7,0,100,,70919,2,0,5 2 6 7,0,100,,70907,2,0,5 2 6 7,0,99,,70923,2,0,5 2 6 7,0,100,,70912,2,0,5 2 6 7,0
609,'1925',843,,70941,2,0,5 2 6 7,0,100,,70946,2,0,5 2 6 7,0,100,,70957,2,0,5 2 6 7,0,100,,70947,2,0,5 2 6 7,0,101,,70958,2,0,5 2 6 7,0,100,,70945,2,0,5 2 6 7,0,100,,70956,2,0,5 2 6 7,0,100,,70944,2,0,5 2 6 7,0,100,,70955,2,0,5 2 6 7,0,100,,70943,2,0,5 2 6 7,0,99,,70959,2,0,5 2 6 7,0,100,,70948,2,0,5 2 6 7,0
609,'1955',2013,,66335,2,0,5 2 6 7,0,100,,66379,2,0,5 2 6 7,0
609,'1956',843,,66421,2,0,5 2 6 7,0,100,,66426,2,0,5 2 6 7,0,100,,66437,2,0,5 2 6 7,0,100,,66427,2,0,5 2 6 7,0,101,,66438,2,0,5 2 6 7,0,100,,66425,2,0,5 2 6 7,0,100,,66436,2,0,5 2 6 7,0,100,,66424,2,0,5 2 6 7,0,100,,66435,2,0,5 2 6 7,0,100,,66423,2,0,5 2 6 7,0,99,,66439,2,0,5 2 6 7,0,100,,66428,2,0,5 2 6 7,0
609,'1958',2013,,71037,2,0,5 2 6 7,0,100,,71083,2,0,5 2 6 7,0
609,'1959',843,,71089,2,0,5 2 6 7,0,100,,71094,2,0,5 2 6 7,0,100,,71105,2,0,5 2 6 7,0,100,,71095,2,0,5 2 6 7,0,101,,71106,2,0,5 2 6 7,0,100,,71093,2,0,5 2 6 7,0,100,,71104,2,0,5 2 6 7,0,100,,71092,2,0,5 2 6 7,0,100,,71103,2,0,5 2 6 7,0,100,,71091,2,0,5 2 6 7,0,99,,71107,2,0,5 2 6 7,0,100,,71096,2,0,5 2 6 7,0
11019,'1910',817,,66945,25,,,0,1001,,66955,25,,,0,99,,66942,25,,,0,100,,66943,25,,,0
11019,'1912',917,,66957,25,,,0,100,,66958,25,,,0,100,,66959,25,,,0,101,,66960,25,,,0,100,,66961,25,,,0,100,,66962,25,,,0,100,,66963,25,,,0,99,,66964,25,,,0,100,,66965,25,,,0,100,,66966,25,,,0,99,,66967,25,,,0,100,,66968,25,,,0
11019,'1924',917,,66969,25,,,0,100,,66970,25,,,0,100,,66971,25,,,0,101,,66972,25,,,0,100,,66973,25,,,0,100,,66974,25,,,0,100,,66975,25,,,0,99,,66976,25,,,0,100,,66977,25,,,0,100,,66978,25,,,0,99,,66979,25,,,0,100,,66980,25,,,0
11019,'1925',917,,66981,25,,,0,100,,66982,25,,,0,100,,66983,25,,,0,101,,66984,25,,,0,100,,66985,25,,,0,100,,66986,25,,,0,100,,66987,25,,,0,99,,66988,25,,,0,100,,66989,25,,,0,100,,66990,25,,,0,99,,66991,25,,,0,100,,66992,25,,,0
11019,'1949',718,,67009,25,,,0,1101,,67020,25,,,0
11019,'1955',717,,66944,25,,,0,201,,66946,25,,,0,100,,66947,25,,,0,100,,66948,25,,,0,100,,66949,25,,,0,100,,66950,25,,,0,100,,66951,25,,,0,100,,66952,25,,,0,100,,66953,25,,,0,100,,66954,25,,,0
11019,'1957',819,,71486,25,,,0,101,,71487,25,,,0,100,,71488,25,,,0,100,,71489,25,,,0,100,,71490,25,,,0,100,,71491,25,,,0,100,,71492,25,,,0,100,,71493,25,,,0,100,,71494,25,,,0,100,,71495,25,,,0,198,,71496,25,,,0,100,,71497,25,,,0,100,,71498,25,,,0
11019,'1958',717,,71500,25,,,0,201,,71501,25,,,0,100,,71502,25,,,0,100,,71503,25,,,0,100,,71504,25,,,0,100,,71505,25,,,0,100,,71506,25,,,0,100,,71507,25,,,0,100,,71508,25,,,0,100,,71509,25,,,0
15029,'1909',749,2,61615,25,,,0,878,2,61632,25,,,0,290,2,61638,25,,,0
15029,'1910',726,,61646,25,,,0,294,,61649,25,,,0,301,,61652,25,,,0,203,,61654,25,,,0,100,,61655,25,,,0,100,,61656,25,,,0,100,,67344,25,,,0,96,,61644,25,,,0
15029,'1912',721,,61664,25,,,0,95,,61670,25,,,0,100,,61663,25,,,0,100,,61662,25,,,0,101,,61669,25,,,0,100,,61667,25,,,0,100,,61666,25,,,0,102,,61661,25,,,0,100,,61659,25,,,0,100,,61660,25,,,0,99,,61665,25,,,0,99,,61671,25,,,0,100,,61668,25,,,0,100,,61672,25,,,0
15029,'1924',721,,61678,25,,,0,95,,61684,25,,,0,100,,61677,25,,,0,100,,61676,25,,,0,101,,61683,25,,,0,100,,61681,25,,,0,100,,61680,25,,,0,102,,61675,25,,,0,100,,61673,25,,,0,100,,61674,25,,,0,99,,61679,25,,,0,99,,61685,25,,,0,100,,61682,25,,,0,100,,61686,25,,,0
15029,'1925',721,,61692,25,,,0,95,,61698,25,,,0,100,,61691,25,,,0,100,,61690,25,,,0,101,,61697,25,,,0,100,,61695,25,,,0,100,,61694,25,,,0,102,,61689,25,,,0,100,,61687,25,,,0,100,,61688,25,,,0,99,,61693,25,,,0,99,,61699,25,,,0,100,,61696,25,,,0,100,,61700,25,,,0
15029,'1949',852,,67366,25,,,0
15029,'1955',819,,67339,25,,,0,100,,67340,25,,,0,202,,67341,25,,,0,100,,67342,25,,,0,203,,67343,25,,,0,596,,67338,25,,,0
15029,'1957',645,,71710,25,,,0,75,,71711,25,,,0,100,2,71712,25,,,0,100,,71713,25,,,0,28,,71714,25,,,0,70,,71715,25,,,0,30,,71716,25,,,0,70,,71717,25,,,0,30,,71718,25,,,0,70,,71719,25,,,0,30,,71720,25,,,0,70,,71721,25,,,0,30,,71722,25,,,0,70,,71723,25,,,0,33,2,71724,25,,,0,73,2,71725,25,,,0,33,2,71726,25,,,0,100,2,71727,25,,,0,66,2,71728,25,,,0,28,2,71729,25,,,0,67,2,71730,25,,,0,29,2,71731,25,,,0,100,2,71732,25,,,0,70,2,71736,25,,,0,29,2,71733,25,,,0,97,2,71734,25,,,0,100,2,71735,25,,,0
15029,'1958',819,,71738,25,,,0,100,,71739,25,,,0,202,,71740,25,,,0,100,,71741,25,,,0,203,,71742,25,,,0,596,,71737,25,,,0
10090019,'1908',700,,65798,7,4,,0,100,,65796,7,4,,0,100,,65795,7,4,,0,100,,65797,7,4,,0,430,,65800,7,4,,0,100,,65801,7,4,,0,100,,65802,7,4,,0,100,,65799,7,4,,0
10090029,'1908',700,,65810,1,,,0,100,,65803,1,,,0,100,,65805,1,,,0,100,,65804,1,,,0,430,,65809,1,,,0,100,,65807,1,,,0,100,,65806,1,,,0,100,,65808,1,,,0
