1019,'1912',633,,73606,42,,,0,100,,73607,42,,,0,101,,73608,42,,,0,100,,73609,42,,,0,100,,73610,42,,,0,102,,73611,42,,,0,100,,73612,42,,,0,100,,73613,42,,,0,100,,73614,42,,,0,100,,73615,42,,,0,100,,73616,42,,,0,100,,73617,42,,,0,100,,73618,42,,,0,98,,73619,42,,,0,100,,73620,42,,,0,100,,73621,42,,,0,102,,73622,42,,,0,95,,73623,42,,,0
1019,'1959',633,,73696,42,,,0,100,,73697,42,,,0,101,,73698,42,,,0,100,,73699,42,,,0,100,,73700,42,,,0,102,,73701,42,,,0,100,,73702,42,,,0,100,,73703,42,,,0,100,,73704,42,,,0,100,,73705,42,,,0,100,,73706,42,,,0,100,,73707,42,,,0,100,,73708,42,,,0,98,,73709,42,,,0,100,,73710,42,,,0,100,,73711,42,,,0,102,,73712,42,,,0,95,,73713,42,,,0
1019,'1967',604,,73695,42,,,0,30,,73684,42,,,0,70,,73670,42,,,0,30,,73689,42,,,0,70,,73679,42,,,0,30,,73664,42,,,0,70,,73685,42,,,0,30,,73687,42,,,0,70,,73669,42,,,0,32,,73690,42,,,0,70,,73678,42,,,0,30,,73663,42,,,0,70,,73673,42,,,0,30,,73683,42,,,0,70,,73668,42,,,0,30,,73691,42,,,0,70,,73677,42,,,0,30,,73662,42,,,0,70,,73672,42,,,0,30,,73682,42,,,0,70,,73667,42,,,0,30,,73692,42,,,0,70,,73676,42,,,0,30,,73661,42,,,0,70,,73671,42,,,0,30,,73681,42,,,0,70,,73665,42,,,0,28,,73693,42,,,0,70,,73674,42,,,0,30,,73660,42,,,0,70,,73666,42,,,0,30,,73680,42,,,0,74,,73675,42,,,0,30,,73694,42,,,0,70,,73688,42,,,0,25,,73686,42,,,0
1019,'1969',633,,73714,42,,,0,100,,73715,42,,,0,101,,73716,42,,,0,100,,73717,42,,,0,100,,73718,42,,,0,102,,73719,42,,,0,100,,73720,42,,,0,100,,73721,42,,,0,100,,73722,42,,,0,100,,73723,42,,,0,100,,73724,42,,,0,100,,73725,42,,,0,100,,73726,42,,,0,98,,73727,42,,,0,100,,73728,42,,,0,100,,73729,42,,,0,102,,73730,42,,,0,95,,73731,42,,,0
1019,'1976',603,,73659,42,,,0,35,,73655,42,,,0,71,,73631,42,,,0,33,,73626,42,,,0,70,,73644,42,,,0,30,,73628,42,,,0,71,,73633,42,,,0,32,,73658,42,,,0,70,,73630,42,,,0,30,,73624,42,,,0,70,,73643,42,,,0,30,,73629,42,,,0,70,,73634,42,,,0,30,,73654,42,,,0,70,,73632,42,,,0,30,,73625,42,,,0,70,,73656,42,,,0,31,,73627,42,,,0,70,,73635,42,,,0,30,,73653,42,,,0,70,,73646,42,,,0,30,,73638,42,,,0,70,,73636,42,,,0,28,,73639,42,,,0,68,,73641,42,,,0,30,,73640,42,,,0,70,,73637,42,,,0,25,,73657,42,,,0,70,,73651,42,,,0,28,,73652,42,,,0,70,,73650,42,,,0,30,,73649,42,,,0,70,,73648,42,,,0,30,,73647,42,,,0,70,,73645,42,,,0,30,,73642,42,,,0
1019,'1977',603,,75105,42,,,0,35,,75101,42,,,0,71,,75077,42,,,0,33,,75072,42,,,0,70,,75090,42,,,0,30,,75074,42,,,0,71,,75079,42,,,0,32,,75104,42,,,0,70,,75076,42,,,0,30,,75070,42,,,0,70,,75089,42,,,0,30,,75075,42,,,0,70,,75080,42,,,0,30,,75100,42,,,0,70,,75078,42,,,0,30,,75071,42,,,0,70,,75102,42,,,0,31,,75073,42,,,0,70,,75081,42,,,0,30,,75099,42,,,0,70,,75092,42,,,0,30,,75084,42,,,0,70,,75082,42,,,0,28,,75085,42,,,0,68,,75087,42,,,0,30,,75086,42,,,0,70,,75083,42,,,0,25,,75103,42,,,0,70,,75097,42,,,0,28,,75098,42,,,0,70,,75096,42,,,0,30,,75095,42,,,0,70,,75094,42,,,0,30,,75093,42,,,0,70,,75091,42,,,0,30,,75088,42,,,0
7029,'1912',722,,60657,22,,,0,99,,60658,22,,,0,101,,60659,22,,,0,100,,60660,22,,,0,100,,60661,22,,,0,100,,60662,22,,,0,100,,60663,22,,,0,101,,60664,22,,,0,100,,60665,22,,,0,99,,60666,22,,,0,100,,60667,22,,,0,100,,60668,22,,,0,100,,60669,22,,,0,100,,60670,22,,,0,100,,60656,22,,,0
7029,'1959',722,,60691,22,,,0,99,,60692,22,,,0,101,,60693,22,,,0,100,,60694,22,,,0,100,,60695,22,,,0,100,,60696,22,,,0,100,,60697,22,,,0,101,,60698,22,,,0,100,,60699,22,,,0,99,,60700,22,,,0,100,,60701,22,,,0,100,,60702,22,,,0,100,,60703,22,,,0,100,,60704,22,,,0,100,,60690,22,,,0
7029,'1967',623,,71269,11,,,0,29,,74332,22,,,0,70,,71262,22,,,0,30,,71252,22,,,0,71,,74333,22,,,0,30,,71253,22,,,0,70,,71263,22,,,0,30,,71254,22,,,0,70,,71264,22,,,0,30,,66633,22,,,0,70,,74334,22,,,0,30,,71255,22,,,0,70,,71265,22,,,0,30,,71256,22,,,0,70,,60640,22,,,0,30,,66636,22,,,0,70,,74335,22,,,0,30,,71257,22,,,0,70,,60642,22,,,0,30,,71258,22,,,0,70,,66647,22,,,0,30,,71259,22,,,0,70,,60644,22,,,0,30,,71260,22,,,0,70,,71266,22,,,0,30,,71261,22,,,0,70,,74336,22,,,0,30,,66642,22,,,0,69,,60647,22,,,0,100,,60648,22,,,0,100,,74337,22,,,0,100,,60650,22,,,0
7029,'1969',722,,60725,22,,,0,99,,60726,22,,,0,101,,60727,22,,,0,100,,60728,22,,,0,100,,60729,22,,,0,100,,60730,22,,,0,100,,60731,22,,,0,101,,60732,22,,,0,100,,60733,22,,,0,99,,60734,22,,,0,100,,60735,22,,,0,100,,60736,22,,,0,100,,60737,22,,,0,100,,60738,22,,,0,100,,60724,22,,,0
7029,'1976',520,,60618,22,,,0,100,,60588,22,,,0,32,,74323,22,,,0,72,,71228,22,,,0,30,,74324,22,,,0,70,,71230,22,,,0,30,,74325,22,,,0,70,,71232,22,,,0,30,,71233,22,,,0,70,,71234,22,,,0,30,,71235,22,,,0,70,,71236,22,,,0,30,,74326,22,,,0,70,,74321,22,,,0,30,,74322,22,,,0,70,,71225,22,,,0,31,,74320,22,,,0,70,,74319,22,,,0,31,,71226,22,,,0,69,,71238,22,,,0,30,,74327,22,,,0,70,,74328,22,,,0,29,,71241,22,,,0,70,,71242,22,,,0,30,,71243,22,,,0,70,,74329,22,,,0,30,,74330,22,,,0,70,,60608,22,,,0,30,,71245,22,,,0,70,,60610,22,,,0,99,,71246,22,,,0,99,,60612,22,,,0,100,,71250,22,,,0
7029,'1977',520,,75408,22,,,0,100,,75378,22,,,0,32,,75379,22,,,0,72,,75380,22,,,0,30,,75381,22,,,0,70,,75382,22,,,0,30,,75383,22,,,0,70,,75384,22,,,0,30,,75385,22,,,0,70,,75386,22,,,0,30,,75387,22,,,0,70,,75388,22,,,0,30,,75389,22,,,0,70,,75374,22,,,0,30,,75375,22,,,0,70,,75376,22,,,0,31,,75373,22,,,0,70,,75372,22,,,0,31,,75377,22,,,0,69,,75390,22,,,0,30,,75391,22,,,0,70,,75392,22,,,0,29,,75393,22,,,0,70,,75394,22,,,0,30,,75395,22,,,0,70,,75396,22,,,0,30,,75397,22,,,0,70,,75398,22,,,0,30,,75399,22,,,0,70,,75400,22,,,0,99,,75401,22,,,0,99,,75402,22,,,0,100,,75409,22,,,0
