1019,'1909',753,2,59087,17,,,0,100,2,59076,17,,,0,171,2,59067,17,,,0,100,2,59072,17,,,0,130,2,59075,17,,,0,100,2,59099,17,,,0,170,,59096,17,,,0,30,,59089,17,,,0,199,2,59084,17,,,0,70,2,59083,17,,,0,95,2,59100,17,,,0,128,2,59093,17,,,0,170,2,59090,17,,,0,30,2,59088,17,,,0
1019,'1912',615,,59139,17,,,0,100,,59140,17,,,0,101,,59141,17,,,0,100,,59142,17,,,0,100,,59143,17,,,0,100,,59144,17,,,0,100,,59145,17,,,0,100,,59146,17,,,0,100,,59147,17,,,0,100,,59148,17,,,0,100,,59149,17,,,0,100,,59150,17,,,0,100,,59151,17,,,0,100,,59152,17,,,0,100,,59153,17,,,0,100,,59154,17,,,0,104,5,59155,17,,,0,95,,59156,17,,,0
1019,'1924',615,,59157,17,,,0,100,,59158,17,,,0,101,,59159,17,,,0,100,,59160,17,,,0,100,,59161,17,,,0,100,,59162,17,,,0,100,,59163,17,,,0,100,,59164,17,,,0,100,,59165,17,,,0,100,,59166,17,,,0,100,,59167,17,,,0,100,,59168,17,,,0,100,,59169,17,,,0,100,,59170,17,,,0,100,,59171,17,,,0,100,,59172,17,,,0,104,5,59173,17,,,0,95,,59174,17,,,0
1019,'1925',615,,59175,17,,,0,100,,59176,17,,,0,101,,59177,17,,,0,100,,59178,17,,,0,100,,59179,17,,,0,100,,59180,17,,,0,100,,59181,17,,,0,100,,59182,17,,,0,100,,59183,17,,,0,100,,59184,17,,,0,100,,59185,17,,,0,100,,59186,17,,,0,100,,59187,17,,,0,100,,59188,17,,,0,100,,59189,17,,,0,100,,59190,17,,,0,104,5,59191,17,,,0,95,,59192,17,,,0
1019,'1949',723,2,65941,17,,,0,100,2,65942,17,,,0,131,2,65943,17,,,0,100,2,65945,17,,,0,170,2,65946,17,,,0,100,2,65940,17,,,0,130,,65944,17,,,0
1019,'1955',546,3,65933,17,,,0,70,3,65923,17,,,0,30,3,65909,17,,,0,70,3,65927,17,,,0,30,3,65918,17,,,0,70,3,65903,17,,,0,30,3,65924,17,,,0,70,3,65925,17,,,0,30,3,65908,17,,,0,70,,65928,17,,,0,30,,65917,17,,,0,70,,65902,17,,,0,30,,65912,17,,,0,70,,65922,17,,,0,30,,65907,17,,,0,70,,65929,17,,,0,30,,65916,17,,,0,70,,65901,17,,,0,30,,65911,17,,,0,70,,65921,17,,,0,30,,65906,17,,,0,70,,65930,17,,,0,30,,65915,17,,,0,70,,65900,17,,,0,30,,65910,17,,,0,70,,65920,17,,,0,30,,65904,17,,,0,70,,65931,17,,,0,30,,65913,17,,,0,70,,59103,17,,,0,30,,65905,17,,,0,70,,65919,17,,,0,34,5,65914,17,,,0,70,5,65932,17,,,0,30,5,65926,17,,,0,65,,59129,17,,,0
1019,'1957',545,,70230,17,,,0,75,,70228,17,,,0,30,,70217,17,,,0,274,2,70229,17,,,0,230,2,70218,17,,,0,270,2,70216,17,,,0,200,,70221,17,,,0,30,,70219,17,,,0,70,,70222,17,,,0,129,2,70220,17,,,0,95,2,70226,17,,,0,68,2,70227,17,,,0,100,2,70225,17,,,0,30,2,70224,17,,,0,170,2,70223,17,,,0
1019,'1958',546,3,70266,17,,,0,70,3,70255,17,,,0,30,3,70241,17,,,0,70,3,70260,17,,,0,30,3,70250,17,,,0,70,3,70235,17,,,0,30,3,70256,17,,,0,70,3,70258,17,,,0,30,3,70240,17,,,0,70,,70261,17,,,0,30,,70249,17,,,0,70,,70234,17,,,0,30,,70244,17,,,0,70,,70254,17,,,0,30,,70239,17,,,0,70,,70262,17,,,0,30,,70248,17,,,0,70,,70233,17,,,0,30,,70243,17,,,0,70,,70253,17,,,0,30,,70238,17,,,0,70,,70263,17,,,0,30,,70247,17,,,0,70,,70232,17,,,0,30,,70242,17,,,0,70,,70252,17,,,0,30,,70236,17,,,0,70,,70264,17,,,0,30,,70245,17,,,0,70,,70231,17,,,0,30,,70237,17,,,0,70,,70251,17,,,0,34,5,70246,17,,,0,70,5,70265,17,,,0,30,5,70259,17,,,0,65,,70257,17,,,0
702029,'1910',924,,69530,19,4,,0,205,,69549,19,4,,0,100,,69572,19,4,,0,200,,69543,19,4,,0,100,,69537,19,4,,0,100,,69539,19,4,,0,100,,69561,19,4,,0,100,,69567,19,4,,0,30,,69538,19,4,,0,167,,65204,19,4,,0
702029,'1912',824,,69616,19,4,,0,31,,69628,19,4,,0,70,,73350,19,4,,0,30,,69614,19,4,,0,70,,69623,19,4,,0,31,,69624,19,4,,0,70,,69615,19,4,,0,30,,69634,19,4,,0,72,,69612,19,4,,0,30,,69626,19,4,,0,70,,69635,19,4,,0,30,,69618,19,4,,0,70,,69621,19,4,,0,30,,69633,19,4,,0,70,,69613,19,4,,0,30,,69622,19,4,,0,70,,69631,19,4,,0,30,,69611,19,4,,0,70,,69627,19,4,,0,30,,69629,19,4,,0,68,,69619,19,4,,0,28,,69625,19,4,,0,70,,69630,19,4,,0,30,,69617,19,4,,0,70,,69620,19,4,,0,30,,69632,19,4,,0,68,,69610,19,4,,0
702029,'1924',824,,69679,19,4,,0,31,,69691,19,4,,0,100,,69677,19,4,,0,70,,69686,19,4,,0,31,,69687,19,4,,0,70,,69678,19,4,,0,30,,69697,19,4,,0,72,,69675,19,4,,0,30,,69689,19,4,,0,70,,69698,19,4,,0,30,,69681,19,4,,0,70,,69684,19,4,,0,30,,69696,19,4,,0,70,,69676,19,4,,0,30,,69685,19,4,,0,70,,69694,19,4,,0,30,,69674,19,4,,0,70,,69690,19,4,,0,30,,69692,19,4,,0,68,,69682,19,4,,0,28,,69688,19,4,,0,70,,69693,19,4,,0,30,,69680,19,4,,0,70,,69683,19,4,,0,30,,69695,19,4,,0,68,,69673,19,4,,0
702029,'1925',824,,69742,19,4,,0,31,,69754,19,4,,0,70,,73381,19,4,,0,30,,69740,19,4,,0,70,,69749,19,4,,0,31,,69750,19,4,,0,70,,69741,19,4,,0,30,,69760,19,4,,0,72,,69738,19,4,,0,30,,69752,19,4,,0,70,,69761,19,4,,0,30,,69744,19,4,,0,70,,69747,19,4,,0,30,,69759,19,4,,0,70,,69739,19,4,,0,30,,69748,19,4,,0,70,,69757,19,4,,0,30,,69737,19,4,,0,70,,69753,19,4,,0,30,,69755,19,4,,0,68,,69745,19,4,,0,28,,69751,19,4,,0,70,,69756,19,4,,0,30,,69743,19,4,,0,70,,69746,19,4,,0,30,,69758,19,4,,0,68,,69736,19,4,,0
702029,'1949',950,,69828,19,4,,0,100,,69830,19,4,,0,270,,69835,19,4,,0,100,,69837,19,4,,0,95,,69838,19,4,,0,100,,69839,19,4,,0,241,,69842,19,4,,0,100,,69844,19,4,,0,68,,69845,19,4,,0
702029,'1955',824,,69534,19,4,,0,30,,69529,19,4,,0,100,,69531,19,4,,0,75,,69566,19,4,,0,30,,69562,19,4,,0,100,,69542,19,4,,0,100,,69568,19,4,,0,70,,69554,19,4,,0,30,,69565,19,4,,0,100,,69570,19,4,,0,100,,69560,19,4,,0,100,,69564,19,4,,0,100,,69563,19,4,,0,169,,69569,19,4,,0,28,,69528,19,4,,0,100,,69532,19,4,,0,70,,69533,19,4,,0
702029,'1956',925,,69672,19,4,,0
702029,'1957',900,,73406,19,4,,0,120,,73408,19,4,,0,100,,73409,19,4,,0,30,,73410,19,4,,0,70,,73411,19,4,,0,30,,73412,19,4,,0,100,,73413,19,4,,0,100,,73407,19,4,,0,265,,73422,19,4,,0,41,,73414,19,4,,0,70,,73415,19,4,,0,100,,73416,19,4,,0,128,,73417,19,4,,0,70,,73418,19,4,,0
702029,'1958',824,,73429,19,4,,0,30,,73425,19,4,,0,100,,73426,19,4,,0,75,,73439,19,4,,0,30,,73435,19,4,,0,100,,73430,19,4,,0,100,,73440,19,4,,0,70,,73432,19,4,,0,30,,73438,19,4,,0,100,,73442,19,4,,0,100,,73434,19,4,,0,100,,73437,19,4,,0,100,,73436,19,4,,0,169,,73441,19,4,,0,28,,73424,19,4,,0,100,,73427,19,4,,0,70,,73428,19,4,,0
702029,'1959',925,,73472,19,4,,0
802019,'1909',740,,65662,1,,,0,960,,65647,1,,,0
802019,'1910',930,,70034,1,,,0,200,,70011,1,,,0,100,,70025,1,,,0,200,,70021,1,,,0,100,,70015,1,,,0,100,,70012,1,,,0,100,,70016,1,,,0,100,,70014,1,,,0,70,,70026,1,,,0,130,,65687,1,,,0
802019,'1912',830,,70057,1,,,0,70,,70055,1,,,0,30,,73518,1,,,0,70,,70060,1,,,0,30,,70046,1,,,0,70,,70052,1,,,0,30,,70051,1,,,0,70,,70036,1,,,0,30,,70050,1,,,0,70,,70044,1,,,0,30,,70045,1,,,0,70,,70062,1,,,0,30,,70058,1,,,0,70,,70048,1,,,0,30,,70043,1,,,0,70,,70059,1,,,0,30,,70049,1,,,0,70,,70037,1,,,0,30,,70038,1,,,0,70,,70053,1,,,0,30,,70047,1,,,0,70,,70042,1,,,0,30,,70040,1,,,0,70,,70054,1,,,0,30,,70041,1,,,0,70,,70039,1,,,0,30,,70061,1,,,0
802019,'1924',830,,70084,1,,,0,70,,70082,1,,,0,100,,70087,1,,,0,30,,70073,1,,,0,70,,70079,1,,,0,30,,70078,1,,,0,70,,70063,1,,,0,30,,70077,1,,,0,70,,70071,1,,,0,30,,70072,1,,,0,70,,70089,1,,,0,30,,70085,1,,,0,70,,70075,1,,,0,30,,70070,1,,,0,70,,70086,1,,,0,30,,70076,1,,,0,70,,70064,1,,,0,30,,70065,1,,,0,70,,70080,1,,,0,30,,70074,1,,,0,70,,70069,1,,,0,30,,70067,1,,,0,70,,70081,1,,,0,30,,70068,1,,,0,70,,70066,1,,,0,30,,70088,1,,,0
802019,'1925',830,,70111,1,,,0,70,,70109,1,,,0,30,,73519,1,,,0,70,,70114,1,,,0,30,,70100,1,,,0,70,,70106,1,,,0,30,,70105,1,,,0,70,,70090,1,,,0,30,,70104,1,,,0,70,,70098,1,,,0,30,,70099,1,,,0,70,,70116,1,,,0,30,,70112,1,,,0,70,,70102,1,,,0,30,,70097,1,,,0,70,,70113,1,,,0,30,,70103,1,,,0,70,,70091,1,,,0,30,,70092,1,,,0,70,,70107,1,,,0,30,,70101,1,,,0,70,,70096,1,,,0,30,,70094,1,,,0,70,,70108,1,,,0,30,,70095,1,,,0,70,,70093,1,,,0,30,,70115,1,,,0
802019,'1949',605,,70165,1,,,0,353,,70138,1,,,0,100,,70140,1,,,0,270,,70145,1,,,0,102,,70147,1,,,0,90,,70149,1,,,0,80,,70163,1,,,0,20,,70151,1,,,0,20,,70152,1,,,0,260,,70155,1,,,0,100,,70157,1,,,0,25,,70158,1,,,0
802019,'1955',830,,70032,1,,,0,70,,70031,1,,,0,100,,70035,1,,,0,30,,70020,1,,,0,70,,70024,1,,,0,100,,70022,1,,,0,100,,70023,1,,,0,30,,70010,1,,,0,70,,70027,1,,,0,100,,70019,1,,,0,100,,70017,1,,,0,100,,70018,1,,,0,100,,70013,1,,,0,130,,70030,1,,,0,70,,70033,1,,,0,100,,70028,1,,,0,30,,70029,1,,,0
802019,'1956',930,,70083,1,,,0
802019,'1957',650,,73539,1,,,0,70,,73538,1,,,0,80,,73520,1,,,0,30,,73537,1,,,0,70,,73521,1,,,0,28,,73522,1,,,0,100,,73523,1,,,0,100,,73524,1,,,0,30,,73525,1,,,0,70,,73526,1,,,0,30,,73527,1,,,0,100,,73528,1,,,0,142,,73529,1,,,0,40,,73530,1,,,0,180,,73531,1,,,0,20,,73540,1,,,0,60,,73532,1,,,0,20,,73541,1,,,0,20,,73533,1,,,0,90,,73534,1,,,0,125,,73535,1,,,0,70,,73536,1,,,0
802019,'1958',830,,73556,1,,,0,70,,73555,1,,,0,100,,73558,1,,,0,30,,73547,1,,,0,70,,73550,1,,,0,100,,73548,1,,,0,100,,73549,1,,,0,30,,73542,1,,,0,70,,73551,1,,,0,100,,73546,1,,,0,100,,73544,1,,,0,100,,73545,1,,,0,100,,73543,1,,,0,130,,73554,1,,,0,70,,73557,1,,,0,100,,73552,1,,,0,30,,73553,1,,,0
802019,'1959',930,,73559,1,,,0
