2029,'1912',626,,74007,25,0,39 40,0,30,,74015,25,0,39 40,0,68,,74026,25,0,39 40,0,30,,74021,25,0,39 40,0,70,,74008,25,0,39 40,0,30,,74016,25,0,39 40,0,72,,74027,25,0,39 40,0,30,,74022,25,0,39 40,0,55,,66011,13,0,12,0,15,,74009,25,0,39 40,0,30,,74017,25,0,39 40,0,70,,74028,25,0,39 40,0,30,,74023,25,0,39 40,0,70,,74010,25,0,39 40,0,30,,74018,25,0,39 40,0,70,,74029,25,0,39 40,0,30,,74024,25,0,39 40,0,70,,74011,25,0,39 40,0,30,,74019,25,0,39 40,0,70,,74030,25,0,39 40,0,30,,74025,25,0,39 40,0,70,,74012,25,0,39 40,0,30,,74020,25,0,39 40,0,70,,74031,25,0,39 40,0,100,,74013,25,0,39 40,0,96,,74032,25,0,39 40,0,100,,74014,25,0,39 40,0,101,,74033,25,0,39 40,0,100,,74006,25,0,39 40,0
2029,'1959',626,,74108,25,0,39 40,0,30,,74116,25,0,39 40,0,68,,74127,25,0,39 40,0,30,,74122,25,0,39 40,0,70,,74109,25,0,39 40,0,30,,74117,25,0,39 40,0,72,,74128,25,0,39 40,0,30,,74123,25,0,39 40,0,55,,66012,13,0,12,0,15,,74110,25,0,39 40,0,30,,74118,25,0,39 40,0,70,,74129,25,0,39 40,0,30,,74124,25,0,39 40,0,70,,74111,25,0,39 40,0,30,,74119,25,0,39 40,0,70,,74130,25,0,39 40,0,30,,74125,25,0,39 40,0,70,,74112,25,0,39 40,0,30,,74120,25,0,39 40,0,70,,74131,25,0,39 40,0,30,,74126,25,0,39 40,0,70,,74113,25,0,39 40,0,30,,74121,25,0,39 40,0,70,,74132,25,0,39 40,0,100,,74114,25,0,39 40,0,96,,74133,25,0,39 40,0,100,,74115,25,0,39 40,0,101,,74134,25,0,39 40,0,100,,74107,25,0,39 40,0
2029,'1967',556,,74104,25,0,5 2 15 16 17,0,70,,74087,25,0,39 40,0,30,,74094,25,0,39 40,0,68,,74073,25,0,39 40,0,30,,74079,25,0,39 40,0,70,,74088,25,0,39 40,0,30,,74095,25,0,39 40,0,72,,74074,25,0,39 40,0,30,,74080,25,0,39 40,0,70,,74089,25,0,39 40,0,30,,74096,25,0,39 40,0,70,,74075,25,0,39 40,0,30,,74081,25,0,39 40,0,70,,74090,25,0,39 40,0,30,,74097,25,0,39 40,0,70,,74076,25,0,39 40,0,30,,74082,25,0,39 40,0,70,,74091,25,0,39 40,0,30,,74098,25,0,39 40,0,70,,74077,25,0,39 40,0,30,,74083,25,0,39 40,0,70,,74092,25,0,39 40,0,30,,74099,25,0,39 40,0,70,,74078,25,0,39 40,0,30,,74084,25,0,39 40,0,70,,74093,25,0,39 40,0,30,,74100,25,0,39 40,0,68,,74085,25,0,39 40,0,100,,74101,25,0,39 40,0,100,,74086,25,0,39 40,0,100,,74102,25,0,39 40,0
2029,'1969',626,,74140,25,0,39 40,0,30,,74148,25,0,39 40,0,68,,74159,25,0,39 40,0,30,,74154,25,0,39 40,0,70,,74141,25,0,39 40,0,30,,74149,25,0,39 40,0,72,,74160,25,0,39 40,0,30,,74155,25,0,39 40,0,55,,66013,13,0,12,0,15,,74142,25,0,39 40,0,30,,74150,25,0,39 40,0,70,,74161,25,0,39 40,0,30,,74156,25,0,39 40,0,70,,74143,25,0,39 40,0,30,,74151,25,0,39 40,0,70,,74162,25,0,39 40,0,30,,74157,25,0,39 40,0,70,,74144,25,0,39 40,0,30,,74152,25,0,39 40,0,70,,74163,25,0,39 40,0,30,,74158,25,0,39 40,0,70,,74145,25,0,39 40,0,30,,74153,25,0,39 40,0,70,,74164,25,0,39 40,0,100,,74146,25,0,39 40,0,96,,74165,25,0,39 40,0,100,,74147,25,0,39 40,0,101,,74166,25,0,39 40,0,100,,74139,25,0,39 40,0
2029,'1976',530,,74055,13,0,39 40,0,25,,74038,25,0,39 40,0,70,,74039,25,0,39 40,0,28,,74040,25,0,39 40,0,72,,74041,25,0,39 40,0,29,,74042,25,0,39 40,0,70,,74043,25,0,39 40,0,30,,74044,25,0,39 40,0,70,,74045,25,0,39 40,0,30,,74046,25,0,39 40,0,70,,74069,25,0,39 40,0,30,,74065,25,0,39 40,0,70,,74071,25,0,39 40,0,30,,74067,25,0,39 40,0,70,,74068,25,0,39 40,0,30,,74064,25,0,39 40,0,70,,74070,25,0,39 40,0,30,,74066,25,0,39 40,0,70,,74072,25,0,39 40,0,33,,74047,25,0,39 40,0,74,,74048,25,0,39 40,0,70,,74049,25,0,39 40,0,30,,74050,25,0,39 40,0,70,,74051,25,0,39 40,0,29,,74052,25,0,39 40,0,28,,74053,25,0,39 40,0,67,,74054,25,0,39 40,0,30,,74058,25,0,39 40,0,70,,74059,25,0,39 40,0,99,,74060,25,0,39 40,0,100,,74061,25,0,39 40,0,100,,74057,25,0,39 40,0
2029,'1977',530,,75190,13,0,39 40,0,25,,75173,25,0,39 40,0,70,,75174,25,0,39 40,0,28,,75175,25,0,39 40,0,72,,75176,25,0,39 40,0,29,,75177,25,0,39 40,0,70,,75178,25,0,39 40,0,30,,75179,25,0,39 40,0,70,,75180,25,0,39 40,0,30,,75181,25,0,39 40,0,70,,75204,25,0,39 40,0,30,,75200,25,0,39 40,0,70,,75206,25,0,39 40,0,30,,75202,25,0,39 40,0,70,,75203,25,0,39 40,0,30,,75199,25,0,39 40,0,70,,75205,25,0,39 40,0,30,,75201,25,0,39 40,0,70,,75207,25,0,39 40,0,33,,75182,25,0,39 40,0,74,,75183,25,0,39 40,0,70,,75184,25,0,39 40,0,30,,75185,25,0,39 40,0,70,,75186,25,0,39 40,0,29,,75187,25,0,39 40,0,28,,75188,25,0,39 40,0,67,,75189,25,0,39 40,0,30,,75193,25,0,39 40,0,70,,75194,25,0,39 40,0,99,,75195,25,0,39 40,0,100,,75196,25,0,39 40,0,100,,75192,25,0,39 40,0
14000001029,'1912',538,,73589,13,0,18 7,0,1811,,70205,13,,,0,69,,75060,13,,,0,30,,65884,13,,,0,70,,70206,13,,,0,30,,75059,13,,,0,70,,65880,13,,,0
14000001029,'1959',538,,73605,13,0,18 7,0,1811,,70208,13,,,0,69,,75067,13,,,0,30,,65891,13,,,0,70,,70209,13,,,0,30,,75066,13,,,0,70,,65887,13,,,0
14000001029,'1967',538,,75064,13,0,18 7,0,1811,,73602,13,,,0,69,,75063,13,,,0,30,,65872,13,,,0,70,,73599,13,,,0,30,,75065,13,,,0,70,,65875,13,,,0
14000001029,'1969',538,,73592,13,0,18 7,0,1811,,70211,13,,,0,69,,75069,13,,,0,30,,65898,13,,,0,70,,70212,13,,,0,30,,75068,13,,,0,70,,65894,13,,,0
14000001029,'1976',436,,65864,13,0,18 7,0,102,,73593,13,0,18 7,0,1811,,73595,13,,,0,69,,75061,13,,,0,30,,65871,13,,,0,70,,73594,13,,,0,30,,75062,13,,,0,70,,65870,13,,,0
14000001029,'1977',436,,76525,13,0,18 7,0,102,,76526,13,0,18 7,0,1811,,76528,13,,,0,69,,76529,13,,,0,30,,76532,13,,,0,70,,76527,13,,,0,30,,76530,13,,,0,70,,76531,13,,,0
