702029,'1909',759,,65124,9,0,9 10,0
702029,'1910',630,,69527,9,0,9 10,0,23,,69513,9,0,9 10,0,70,,69517,9,0,9 10,0,30,,69521,9,0,9 10,0,72,,69524,9,0,9 10,0,30,,69514,9,0,9 10,0,55,,69530,9,0,5 2 11 2 12,0,15,,69518,9,0,9 10,0,30,,69559,9,0,9 10,0,73,,69552,9,0,9 10,0,30,,69540,9,0,9 10,0,55,,69549,9,0,5 2 11 2 12,0,15,,69555,9,0,9 10,0,30,,69550,9,0,9 10,0,55,,69572,9,0,5 2 11 2 12,0,15,,69547,9,0,9 10,0,30,,69544,9,0,9 10,0,70,,69571,9,0,9 10,0,30,,69558,9,0,9 10,0,55,,69543,9,0,5 2 11 2 12,0,15,,69546,9,0,9 10,0,30,,69553,9,0,9 10,0,55,,69537,9,0,5 2 11 2 12,0,45,,69541,9,0,9 10,0,55,,69539,9,0,5 2 11 2 12,0,15,,69573,9,0,9 10,0,30,,69551,9,0,9 10,0,55,,69561,9,0,5 2 11 2 12,0,45,,69545,9,0,9 10,0,55,,69567,9,0,5 2 11 2 12,0,15,,69574,9,0,9 10,0,15,,69538,9,0,5 2 11 2 12,0,15,,69557,9,0,9 10,0,68,,69519,9,0,9 10,0,30,,69522,9,0,9 10,0,55,,65204,9,0,5 2 11 2 12,0,15,,69525,9,0,9 10,0,30,,69515,9,0,9 10,0,69,,69520,9,0,9 10,0,30,,69523,9,0,9 10,0,70,,69526,9,0,9 10,0,29,,69516,9,0,9 10,0,65,,69536,9,0,9 10,0,30,,69535,9,0,5 2 11 2 12,0
702029,'1912',632,,73341,9,0,9 10,0,23,,73330,9,0,9 10,0,70,,73343,9,0,9 10,0,30,,73339,9,0,9 10,0,55,,69616,9,0,5 2 11 2 12,0,16,,73329,9,0,9 10,0,15,,69628,9,0,5 2 11 2 12,0,15,,73342,9,0,9 10,0,55,,73350,9,0,5 2 11 2 12,0,15,,73331,9,0,9 10,0,15,,69614,9,0,5 2 11 2 12,0,15,,73328,9,0,9 10,0,55,,69623,9,0,5 2 11 2 12,0,15,,69604,9,0,9 10,0,15,,69624,9,0,5 2 11 2 12,0,15,,73334,9,0,9 10,0,55,,69615,9,0,5 2 11 2 12,0,15,,69582,9,0,9 10,0,15,,69634,9,0,5 2 11 2 12,0,15,,73348,9,0,9 10,0,56,,69612,9,0,5 2 11 2 12,0,15,,69593,9,0,9 10,0,15,,69626,9,0,5 2 11 2 12,0,15,,73327,9,0,9 10,0,55,,69635,9,0,5 2 11 2 12,0,15,,73344,9,0,9 10,0,15,,69618,9,0,5 2 11 2 12,0,15,,73337,9,0,9 10,0,55,,69621,9,0,5 2 11 2 12,0,15,,73326,9,0,9 10,0,15,,69633,9,0,5 2 11 2 12,0,15,,73345,9,0,9 10,0,55,,69613,9,0,5 2 11 2 12,0,15,,73333,9,0,9 10,0,15,,69622,9,0,5 2 11 2 12,0,15,,73325,9,0,9 10,0,55,,69631,9,0,5 2 11 2 12,0,15,,73349,9,0,9 10,0,15,,69611,9,0,5 2 11 2 12,0,15,,73332,9,0,9 10,0,55,,69627,9,0,5 2 11 2 12,0,15,,73324,9,0,9 10,0,15,,69629,9,0,5 2 11 2 12,0,15,,73346,9,0,9 10,0,55,,69619,9,0,5 2 11 2 12,0,13,,73340,9,0,9 10,0,15,,69625,9,0,5 2 11 2 12,0,15,,73323,9,0,9 10,0,55,,69630,9,0,5 2 11 2 12,0,15,,73347,9,0,9 10,0,15,,69617,9,0,5 2 11 2 12,0,15,,73336,9,0,9 10,0,55,,69620,9,0,5 2 11 2 12,0,15,,73322,9,0,9 10,0,15,,69632,9,0,5 2 11 2 12,0,15,,69602,9,0,9 10,0,55,,69610,9,0,5 2 11 2 12,0,15,,73338,9,0,9 10,0,30,,73321,9,0,9 10,0,70,,69606,9,0,9 10,0,30,,73335,9,0,9 10,0,65,,73351,9,0,9 10,0,30,,69637,9,0,5 2 11 2 12,0
702029,'1924',810,,69679,9,0,5 2 11 2 12,0,31,,69691,9,0,5 2 11 2 12,0,100,,69677,9,0,5 2 11 2 12,0,70,,69686,9,0,5 2 11 2 12,0,15,,69667,9,0,9 10,0,15,,69687,9,0,5 2 11 2 12,0,70,,69678,9,0,5 2 11 2 12,0,15,,69645,9,0,9 10,0,15,,69697,9,0,5 2 11 2 12,0,71,,69675,9,0,5 2 11 2 12,0,15,,69656,9,0,9 10,0,15,,69689,9,0,5 2 11 2 12,0,70,,69698,9,0,5 2 11 2 12,0,30,,69681,9,0,5 2 11 2 12,0,70,,69684,9,0,5 2 11 2 12,0,30,,69696,9,0,5 2 11 2 12,0,70,,69676,9,0,5 2 11 2 12,0,30,,69685,9,0,5 2 11 2 12,0,70,,69694,9,0,5 2 11 2 12,0,30,,69674,9,0,5 2 11 2 12,0,70,,69690,9,0,5 2 11 2 12,0,30,,69692,9,0,5 2 11 2 12,0,70,,69682,9,0,5 2 11 2 12,0,28,,69688,9,0,5 2 11 2 12,0,70,,69693,9,0,5 2 11 2 12,0,30,,69680,9,0,5 2 11 2 12,0,70,,69683,9,0,5 2 11 2 12,0,30,,69695,9,0,5 2 11 2 12,0,15,,69665,9,0,9 10,0,55,,69673,9,0,5 2 11 2 12,0,115,,69669,9,0,9 10,0,125,,69700,9,0,5 2 11 2 12,0
702029,'1925',632,,73372,9,0,9 10,0,23,,73361,9,0,9 10,0,70,,73374,9,0,9 10,0,30,,73370,9,0,9 10,0,55,,69742,9,0,5 2 11 2 12,0,16,,73360,9,0,9 10,0,15,,69754,9,0,5 2 11 2 12,0,15,,73373,9,0,9 10,0,55,,73381,9,0,5 2 11 2 12,0,15,,73362,9,0,9 10,0,15,,69740,9,0,5 2 11 2 12,0,15,,73359,9,0,9 10,0,55,,69749,9,0,5 2 11 2 12,0,15,,69730,9,0,9 10,0,15,,69750,9,0,5 2 11 2 12,0,15,,73365,9,0,9 10,0,55,,69741,9,0,5 2 11 2 12,0,15,,69708,9,0,9 10,0,15,,69760,9,0,5 2 11 2 12,0,15,,73379,9,0,9 10,0,56,,69738,9,0,5 2 11 2 12,0,15,,69719,9,0,9 10,0,15,,69752,9,0,5 2 11 2 12,0,15,,73358,9,0,9 10,0,55,,69761,9,0,5 2 11 2 12,0,15,,73375,9,0,9 10,0,15,,69744,9,0,5 2 11 2 12,0,15,,73368,9,0,9 10,0,55,,69747,9,0,5 2 11 2 12,0,15,,73357,9,0,9 10,0,15,,69759,9,0,5 2 11 2 12,0,15,,73376,9,0,9 10,0,55,,69739,9,0,5 2 11 2 12,0,15,,73364,9,0,9 10,0,15,,69748,9,0,5 2 11 2 12,0,15,,73356,9,0,9 10,0,55,,69757,9,0,5 2 11 2 12,0,15,,73380,9,0,9 10,0,15,,69737,9,0,5 2 11 2 12,0,15,,73363,9,0,9 10,0,55,,69753,9,0,5 2 11 2 12,0,15,,73355,9,0,9 10,0,15,,69755,9,0,5 2 11 2 12,0,15,,73377,9,0,9 10,0,55,,69745,9,0,5 2 11 2 12,0,13,,73371,9,0,9 10,0,15,,69751,9,0,5 2 11 2 12,0,15,,73354,9,0,9 10,0,55,,69756,9,0,5 2 11 2 12,0,15,,73378,9,0,9 10,0,15,,69743,9,0,5 2 11 2 12,0,15,,73367,9,0,9 10,0,55,,69746,9,0,5 2 11 2 12,0,15,,73353,9,0,9 10,0,15,,69758,9,0,5 2 11 2 12,0,15,,69728,9,0,9 10,0,55,,69736,9,0,5 2 11 2 12,0,15,,73369,9,0,9 10,0,30,,73352,9,0,9 10,0,70,,69732,9,0,9 10,0,30,,73366,9,0,9 10,0,65,,73382,9,0,9 10,0,30,,69763,9,0,5 2 11 2 12,0
702029,'1949',705,,69850,9,0,9 10,0,17,,69798,9,0,9 10,0,107,,69848,9,0,9 10,0,30,,69849,9,0,9 10,0,75,,69828,9,0,5 2 11 2 12,0,100,,69830,9,0,5 2 11 2 12,0,85,,69804,9,0,9 10,0,100,,69806,9,0,9 10,0,85,,69835,9,0,5 2 11 2 12,0,100,,69837,9,0,5 2 11 2 12,0,55,,69838,9,0,5 2 11 2 12,0,100,,69839,9,0,5 2 11 2 12,0,197,,69815,9,0,9 10,0,70,,69856,9,0,9 10,0,15,,69842,9,0,5 2 11 2 12,0,85,,69817,9,0,9 10,0,15,,69844,9,0,5 2 11 2 12,0,69,,69845,9,0,5 2 11 2 12,0,45,,69820,9,0,9 10,0,100,,69822,9,0,9 10,0,70,,69823,9,0,9 10,0,95,,69851,9,0,9 10,0,30,,69825,9,0,5 2 11 2 12,0
702029,'1955',810,,69534,9,0,5 2 11 2 12,0,30,,69529,9,0,5 2 11 2 12,0,100,,69531,9,0,5 2 11 2 12,0,73,,69566,9,0,5 2 11 2 12,0,30,,69562,9,0,5 2 11 2 12,0,100,,69542,9,0,5 2 11 2 12,0,100,,69568,9,0,5 2 11 2 12,0,70,,69554,9,0,5 2 11 2 12,0,30,,69565,9,0,5 2 11 2 12,0,100,,69570,9,0,5 2 11 2 12,0,85,,69556,9,0,9 10,0,15,,69560,9,0,5 2 11 2 12,0,100,,69564,9,0,5 2 11 2 12,0,85,,69548,9,0,9 10,0,15,,69563,9,0,5 2 11 2 12,0,170,,69569,9,0,5 2 11 2 12,0,28,,69528,9,0,5 2 11 2 12,0,100,,69532,9,0,5 2 11 2 12,0,70,,69533,9,0,5 2 11 2 12,0
702029,'1956',632,,69660,9,0,9 10,0,23,,69648,9,0,9 10,0,70,,69662,9,0,9 10,0,30,,69658,9,0,9 10,0,71,,69647,9,0,9 10,0,30,,69661,9,0,9 10,0,55,,69672,9,0,5 2 11 2 12,0,15,,69649,9,0,9 10,0,30,,69646,9,0,9 10,0,100,,69652,9,0,9 10,0,100,,69670,9,0,9 10,0,101,,69644,9,0,9 10,0,70,,69663,9,0,9 10,0,30,,69655,9,0,9 10,0,70,,69643,9,0,9 10,0,30,,69664,9,0,9 10,0,70,,69651,9,0,9 10,0,30,,69642,9,0,9 10,0,70,,69671,9,0,9 10,0,30,,69650,9,0,9 10,0,70,,69641,9,0,9 10,0,30,,69666,9,0,9 10,0,68,,69659,9,0,9 10,0,30,,69640,9,0,9 10,0,70,,69668,9,0,9 10,0,30,,69654,9,0,9 10,0,70,,69639,9,0,9 10,0,100,,69657,9,0,9 10,0,30,,69638,9,0,9 10,0,100,,69653,9,0,9 10,0,65,,69699,9,0,9 10,0
702029,'1957',615,,73383,9,0,9 10,0,20,,73384,9,0,9 10,0,102,,73385,9,0,9 10,0,77,,73386,9,0,9 10,0,30,,73406,9,0,5 2 11 2 12,0,75,,73387,9,0,9 10,0,30,,73388,9,0,9 10,0,55,,73408,9,0,5 2 11 2 12,0,15,,73423,9,0,9 10,0,30,,73389,9,0,9 10,0,55,,73409,9,0,5 2 11 2 12,0,30,,73410,9,0,5 2 11 2 12,0,15,,73390,9,0,9 10,0,55,,73411,9,0,5 2 11 2 12,0,30,,73412,9,0,5 2 11 2 12,0,15,,73391,9,0,9 10,0,70,,73392,9,0,9 10,0,15,,73413,9,0,5 2 11 2 12,0,15,,73393,9,0,9 10,0,70,,73394,9,0,9 10,0,15,,73407,9,0,5 2 11 2 12,0,10,,73419,9,0,9 10,0,70,,73395,9,0,9 10,0,15,,73420,9,0,9 10,0,15,,73396,9,0,9 10,0,70,,73398,9,0,9 10,0,15,,73397,9,0,9 10,0,15,,73421,9,0,9 10,0,15,,73422,9,0,5 2 11 2 12,0,55,,73399,9,0,9 10,0,15,,73400,9,0,9 10,0,12,,73414,9,0,5 2 11 2 12,0,70,,73415,9,0,5 2 11 2 12,0,45,,73401,9,0,9 10,0,55,,73416,9,0,5 2 11 2 12,0,45,,73402,9,0,9 10,0,69,,73403,9,0,9 10,0,15,,73417,9,0,5 2 11 2 12,0,70,,73418,9,0,5 2 11 2 12,0,15,,73404,9,0,9 10,0,130,,73405,9,0,9 10,0
702029,'1958',810,,73429,9,0,5 2 11 2 12,0,30,,73425,9,0,5 2 11 2 12,0,100,,73426,9,0,5 2 11 2 12,0,73,,73439,9,0,5 2 11 2 12,0,30,,73435,9,0,5 2 11 2 12,0,100,,73430,9,0,5 2 11 2 12,0,100,,73440,9,0,5 2 11 2 12,0,70,,73432,9,0,5 2 11 2 12,0,30,,73438,9,0,5 2 11 2 12,0,100,,73442,9,0,5 2 11 2 12,0,85,,73433,9,0,9 10,0,15,,73434,9,0,5 2 11 2 12,0,100,,73437,9,0,5 2 11 2 12,0,85,,73431,9,0,9 10,0,15,,73436,9,0,5 2 11 2 12,0,170,,73441,9,0,5 2 11 2 12,0,28,,73424,9,0,5 2 11 2 12,0,100,,73427,9,0,5 2 11 2 12,0,70,,73428,9,0,5 2 11 2 12,0
702029,'1959',632,,73463,9,0,9 10,0,23,,73452,9,0,9 10,0,70,,73465,9,0,9 10,0,30,,73461,9,0,9 10,0,71,,73451,9,0,9 10,0,30,,73464,9,0,9 10,0,55,,73472,9,0,5 2 11 2 12,0,15,,73453,9,0,9 10,0,30,,73450,9,0,9 10,0,100,,73456,9,0,9 10,0,100,,73470,9,0,9 10,0,101,,73449,9,0,9 10,0,70,,73466,9,0,9 10,0,30,,73459,9,0,9 10,0,70,,73448,9,0,9 10,0,30,,73467,9,0,9 10,0,70,,73455,9,0,9 10,0,30,,73447,9,0,9 10,0,70,,73471,9,0,9 10,0,30,,73454,9,0,9 10,0,70,,73446,9,0,9 10,0,30,,73468,9,0,9 10,0,68,,73462,9,0,9 10,0,30,,73445,9,0,9 10,0,70,,73469,9,0,9 10,0,30,,73458,9,0,9 10,0,70,,73444,9,0,9 10,0,100,,73460,9,0,9 10,0,30,,73443,9,0,9 10,0,100,,73457,9,0,9 10,0,65,,73473,9,0,9 10,0
