11029,'1912',823,,67039,20,,,0,100,,67040,20,,,0,105,,67041,20,,,0,100,,67042,20,,,0,100,,67043,20,,,0,100,,67044,20,,,0,100,,67045,20,,,0,100,,67046,20,,,0,100,,67047,20,,,0,97,,67048,20,,,0,100,,67049,20,,,0,99,,67050,20,,,0,100,,61211,20,,,0
11029,'1959',823,,67051,20,,,0,100,,67052,20,,,0,105,,67053,20,,,0,100,,67054,20,,,0,100,,67055,20,,,0,100,,67056,20,,,0,100,,67057,20,,,0,100,,67058,20,,,0,100,,67059,20,,,0,97,,67060,20,,,0,100,,67061,20,,,0,99,,67062,20,,,0,100,,61224,20,,,0
11029,'1965',625,,67101,13,,,0,201,,61170,20,,,0,100,,71513,20,,,0,201,,71515,20,,,0,200,,71517,20,,,0,201,,71519,20,,,0,297,,71521,20,,,0,200,,71523,20,,,0,99,,71511,20,,,0
11029,'1966',824,,71524,20,,,0
11029,'1967',625,,71534,13,,,0,99,,67037,20,,,0,200,,71525,20,,,0,104,,71526,20,,,0,101,,71527,20,,,0,100,,71528,20,,,0,100,,71529,20,,,0,100,,71530,20,,,0,100,,71531,20,,,0,100,,71532,20,,,0,96,,67033,20,,,0,100,,67034,20,,,0,99,,67035,20,,,0,100,,71533,20,,,0
11029,'1969',823,,67063,20,,,0,100,,67064,20,,,0,105,,67065,20,,,0,100,,67066,20,,,0,100,,67067,20,,,0,100,,67068,20,,,0,100,,67069,20,,,0,100,,67070,20,,,0,100,,67071,20,,,0,97,,67072,20,,,0,100,,67073,20,,,0,99,,67074,20,,,0,100,,61237,20,,,0
11029,'1970',724,,74383,20,,,0,303,,74384,20,,,0,200,,74385,20,,,0,201,,74386,20,,,0,200,,74387,20,,,0,100,,74388,20,,,0,197,,74389,20,,,0
11029,'1971',824,,74390,20,,,0
702029,'1912',633,,73341,10,0,9 10,0,23,,73330,10,0,9 10,0,70,,73343,10,0,9 10,0,30,,73339,10,0,9 10,0,55,,69616,10,0,5 2 11 2 12,0,16,,73329,10,0,9 10,0,15,,69628,10,0,5 2 11 2 12,0,15,,73342,10,0,9 10,0,55,,73350,10,0,5 2 11 2 12,0,15,,73331,10,0,9 10,0,15,,69614,10,0,5 2 11 2 12,0,15,,73328,10,0,9 10,0,55,,69623,10,0,5 2 11 2 12,0,16,,69604,10,0,9 10,0,15,,69624,10,0,5 2 11 2 12,0,15,,73334,10,0,9 10,0,55,,69615,10,0,5 2 11 2 12,0,15,,69582,10,0,9 10,0,15,,69634,10,0,5 2 11 2 12,0,15,,73348,10,0,9 10,0,56,,69612,10,0,5 2 11 2 12,0,15,,69593,10,0,9 10,0,15,,69626,10,0,5 2 11 2 12,0,15,,73327,10,0,9 10,0,55,,69635,10,0,5 2 11 2 12,0,15,,73344,10,0,9 10,0,15,,69618,10,0,5 2 11 2 12,0,15,,73337,10,0,9 10,0,55,,69621,10,0,5 2 11 2 12,0,15,,73326,10,0,9 10,0,15,,69633,10,0,5 2 11 2 12,0,15,,73345,10,0,9 10,0,55,,69613,10,0,5 2 11 2 12,0,15,,73333,10,0,9 10,0,15,,69622,10,0,5 2 11 2 12,0,15,,73325,10,0,9 10,0,55,,69631,10,0,5 2 11 2 12,0,15,,73349,10,0,9 10,0,15,,69611,10,0,5 2 11 2 12,0,15,,73332,10,0,9 10,0,55,,69627,10,0,5 2 11 2 12,0,15,,73324,10,0,9 10,0,15,,69629,10,0,5 2 11 2 12,0,15,,73346,10,0,9 10,0,55,,69619,10,0,5 2 11 2 12,0,13,,73340,10,0,9 10,0,15,,69625,10,0,5 2 11 2 12,0,15,,73323,10,0,9 10,0,55,,69630,10,0,5 2 11 2 12,0,15,,73347,10,0,9 10,0,15,,69617,10,0,5 2 11 2 12,0,15,,73336,10,0,9 10,0,55,,69620,10,0,5 2 11 2 12,0,15,,73322,10,0,9 10,0,15,,69632,10,0,5 2 11 2 12,0,15,,69602,10,0,9 10,0,54,,69610,10,0,5 2 11 2 12,0,15,,73338,10,0,9 10,0,30,,73321,10,0,9 10,0,70,,69606,10,0,9 10,0,30,,73335,10,0,9 10,0,65,,73351,10,0,9 10,0,30,,69637,10,0,5 2 11 2 12,0
702029,'1959',633,,73463,10,0,9 10,0,23,,73452,10,0,9 10,0,70,,73465,10,0,9 10,0,30,,73461,10,0,9 10,0,55,,69679,10,0,5 2 11 2 12,0,16,,73451,10,0,9 10,0,15,,69691,10,0,5 2 11 2 12,0,15,,73464,10,0,9 10,0,55,,73472,10,0,5 2 11 2 12,0,15,,73453,10,0,9 10,0,15,,69677,10,0,5 2 11 2 12,0,15,,73450,10,0,9 10,0,55,,69686,10,0,5 2 11 2 12,0,16,,69667,10,0,9 10,0,15,,69687,10,0,5 2 11 2 12,0,15,,73456,10,0,9 10,0,55,,69678,10,0,5 2 11 2 12,0,15,,69645,10,0,9 10,0,15,,69697,10,0,5 2 11 2 12,0,15,,73470,10,0,9 10,0,56,,69675,10,0,5 2 11 2 12,0,15,,69656,10,0,9 10,0,15,,69689,10,0,5 2 11 2 12,0,15,,73449,10,0,9 10,0,55,,69698,10,0,5 2 11 2 12,0,15,,73466,10,0,9 10,0,15,,69681,10,0,5 2 11 2 12,0,15,,73459,10,0,9 10,0,55,,69684,10,0,5 2 11 2 12,0,15,,73448,10,0,9 10,0,15,,69696,10,0,5 2 11 2 12,0,15,,73467,10,0,9 10,0,55,,69676,10,0,5 2 11 2 12,0,15,,73455,10,0,9 10,0,15,,69685,10,0,5 2 11 2 12,0,15,,73447,10,0,9 10,0,55,,69694,10,0,5 2 11 2 12,0,15,,73471,10,0,9 10,0,15,,69674,10,0,5 2 11 2 12,0,15,,73454,10,0,9 10,0,55,,69690,10,0,5 2 11 2 12,0,15,,73446,10,0,9 10,0,15,,69692,10,0,5 2 11 2 12,0,15,,73468,10,0,9 10,0,55,,69682,10,0,5 2 11 2 12,0,13,,73462,10,0,9 10,0,15,,69688,10,0,5 2 11 2 12,0,15,,73445,10,0,9 10,0,55,,69693,10,0,5 2 11 2 12,0,15,,73469,10,0,9 10,0,15,,69680,10,0,5 2 11 2 12,0,15,,73458,10,0,9 10,0,55,,69683,10,0,5 2 11 2 12,0,15,,73444,10,0,9 10,0,15,,69695,10,0,5 2 11 2 12,0,15,,69665,10,0,9 10,0,54,,69673,10,0,5 2 11 2 12,0,15,,73460,10,0,9 10,0,30,,73443,10,0,9 10,0,70,,69669,10,0,9 10,0,30,,73457,10,0,9 10,0,65,,73473,10,0,9 10,0,30,,69700,10,0,5 2 11 2 12,0
702029,'1965',616,,73383,10,0,9 10,0,20,,73384,10,0,9 10,0,71,,69850,10,0,9 10,0,17,,69798,10,0,9 10,0,15,,73385,10,0,9 10,0,61,,65124,10,0,9 10,0,15,,73386,10,0,9 10,0,15,,69848,10,0,9 10,0,15,,73406,10,0,5 2 11 2 12,0,55,,69849,10,0,9 10,0,35,,69828,10,0,5 2 11 2 12,0,15,,73388,10,0,9 10,0,55,,73408,10,0,5 2 11 2 12,0,15,,73423,10,0,9 10,0,100,,69804,10,0,9 10,0,15,,73410,10,0,5 2 11 2 12,0,15,,73390,10,0,9 10,0,55,,73411,10,0,5 2 11 2 12,0,100,,69835,10,0,5 2 11 2 12,0,15,,73392,10,0,9 10,0,15,,73413,10,0,5 2 11 2 12,0,15,,73393,10,0,9 10,0,95,,73419,10,0,9 10,0,55,,69838,10,0,5 2 11 2 12,0,15,,73395,10,0,9 10,0,15,,73420,10,0,9 10,0,15,,73396,10,0,9 10,0,55,,69839,10,0,5 2 11 2 12,0,15,,73398,10,0,9 10,0,15,,73397,10,0,9 10,0,15,,73421,10,0,9 10,0,70,,73399,10,0,9 10,0,43,,69815,10,0,9 10,0,55,,73415,10,0,5 2 11 2 12,0,15,,69856,10,0,9 10,0,30,,73401,10,0,9 10,0,70,,69817,10,0,9 10,0,15,,69844,10,0,5 2 11 2 12,0,15,,73402,10,0,9 10,0,68,,73403,10,0,9 10,0,30,,69820,10,0,9 10,0,55,,73418,10,0,5 2 11 2 12,0,15,,73404,10,0,9 10,0,30,,69822,10,0,9 10,0,70,,69823,10,0,9 10,0,30,,73405,10,0,9 10,0,65,,69851,10,0,9 10,0,30,,69825,10,0,5 2 11 2 12,0
702029,'1966',1943,,73424,10,0,5 2 11 2 12,0,170,,73428,10,0,5 2 11 2 12,0
702029,'1967',631,,69527,10,0,9 10,0,23,,69513,10,0,9 10,0,70,,69517,10,0,9 10,0,30,,69521,10,0,9 10,0,57,,73429,10,0,5 2 11 2 12,0,15,,69524,10,0,9 10,0,15,,73425,10,0,5 2 11 2 12,0,15,,69514,10,0,9 10,0,55,,69530,10,0,5 2 11 2 12,0,15,,69518,10,0,9 10,0,15,,73426,10,0,5 2 11 2 12,0,15,,69559,10,0,9 10,0,59,,73439,10,0,5 2 11 2 12,0,15,,69552,10,0,9 10,0,15,,73435,10,0,5 2 11 2 12,0,55,,69540,10,0,9 10,0,15,,69549,10,0,5 2 11 2 12,0,15,,69555,10,0,9 10,0,15,,73430,10,0,5 2 11 2 12,0,55,,69550,10,0,9 10,0,15,,69572,10,0,5 2 11 2 12,0,15,,69547,10,0,9 10,0,15,,73440,10,0,5 2 11 2 12,0,55,,69544,10,0,9 10,0,15,,73432,10,0,5 2 11 2 12,0,15,,69571,10,0,9 10,0,15,,73438,10,0,5 2 11 2 12,0,55,,69558,10,0,9 10,0,15,,69543,10,0,5 2 11 2 12,0,15,,69546,10,0,9 10,0,15,,73442,10,0,5 2 11 2 12,0,55,,69553,10,0,9 10,0,15,,69537,10,0,5 2 11 2 12,0,15,,73433,10,0,9 10,0,15,,73434,10,0,5 2 11 2 12,0,55,,69541,10,0,9 10,0,15,,69539,10,0,5 2 11 2 12,0,15,,69573,10,0,9 10,0,15,,73437,10,0,5 2 11 2 12,0,55,,69551,10,0,9 10,0,15,,69561,10,0,5 2 11 2 12,0,15,,73431,10,0,9 10,0,15,,73436,10,0,5 2 11 2 12,0,55,,69545,10,0,9 10,0,15,,69567,10,0,5 2 11 2 12,0,15,,69574,10,0,9 10,0,15,,69538,10,0,5 2 11 2 12,0,55,,69557,10,0,9 10,0,15,,73441,10,0,5 2 11 2 12,0,13,,69519,10,0,9 10,0,30,,69522,10,0,9 10,0,55,,65204,10,0,5 2 11 2 12,0,15,,69525,10,0,9 10,0,15,,73427,10,0,5 2 11 2 12,0,15,,69515,10,0,9 10,0,68,,69520,10,0,9 10,0,30,,69523,10,0,9 10,0,70,,69526,10,0,9 10,0,29,,69516,10,0,9 10,0,65,,69536,10,0,9 10,0,30,,69535,10,0,5 2 11 2 12,0
702029,'1969',633,,73372,10,0,9 10,0,23,,73361,10,0,9 10,0,70,,73374,10,0,9 10,0,30,,73370,10,0,9 10,0,55,,69742,10,0,5 2 11 2 12,0,16,,73360,10,0,9 10,0,15,,69754,10,0,5 2 11 2 12,0,15,,73373,10,0,9 10,0,55,,73381,10,0,5 2 11 2 12,0,15,,73362,10,0,9 10,0,15,,69740,10,0,5 2 11 2 12,0,15,,73359,10,0,9 10,0,55,,69749,10,0,5 2 11 2 12,0,16,,69730,10,0,9 10,0,15,,69750,10,0,5 2 11 2 12,0,15,,73365,10,0,9 10,0,55,,69741,10,0,5 2 11 2 12,0,15,,69708,10,0,9 10,0,15,,69760,10,0,5 2 11 2 12,0,15,,73379,10,0,9 10,0,56,,69738,10,0,5 2 11 2 12,0,15,,69719,10,0,9 10,0,15,,69752,10,0,5 2 11 2 12,0,15,,73358,10,0,9 10,0,55,,69761,10,0,5 2 11 2 12,0,15,,73375,10,0,9 10,0,15,,69744,10,0,5 2 11 2 12,0,15,,73368,10,0,9 10,0,55,,69747,10,0,5 2 11 2 12,0,15,,73357,10,0,9 10,0,15,,69759,10,0,5 2 11 2 12,0,15,,73376,10,0,9 10,0,55,,69739,10,0,5 2 11 2 12,0,15,,73364,10,0,9 10,0,15,,69748,10,0,5 2 11 2 12,0,15,,73356,10,0,9 10,0,55,,69757,10,0,5 2 11 2 12,0,15,,73380,10,0,9 10,0,15,,69737,10,0,5 2 11 2 12,0,15,,73363,10,0,9 10,0,55,,69753,10,0,5 2 11 2 12,0,15,,73355,10,0,9 10,0,15,,69755,10,0,5 2 11 2 12,0,15,,73377,10,0,9 10,0,55,,69745,10,0,5 2 11 2 12,0,13,,73371,10,0,9 10,0,15,,69751,10,0,5 2 11 2 12,0,15,,73354,10,0,9 10,0,55,,69756,10,0,5 2 11 2 12,0,15,,73378,10,0,9 10,0,15,,69743,10,0,5 2 11 2 12,0,15,,73367,10,0,9 10,0,55,,69746,10,0,5 2 11 2 12,0,15,,73353,10,0,9 10,0,15,,69758,10,0,5 2 11 2 12,0,15,,69728,10,0,9 10,0,54,,69736,10,0,5 2 11 2 12,0,15,,73369,10,0,9 10,0,30,,73352,10,0,9 10,0,70,,69732,10,0,9 10,0,30,,73366,10,0,9 10,0,65,,73382,10,0,9 10,0,30,,69763,10,0,5 2 11 2 12,0
702029,'1970',920,,74996,10,0,9 10,0,115,,75003,10,0,5 2 11 2 12,0,15,,74997,10,0,9 10,0,55,,75004,10,0,5 2 11 2 12,0,115,,74998,10,0,9 10,0,15,,75005,10,0,5 2 11 2 12,0,15,,74999,10,0,9 10,0,155,,75006,10,0,5 2 11 2 12,0,15,,75000,10,0,9 10,0,15,,75002,10,0,5 2 11 2 12,0,265,,75012,10,0,5 2 11 2 12,0,30,,75001,10,0,9 10,0,13,,75007,10,0,5 2 11 2 12,0,100,,75008,10,0,5 2 11 2 12,0,70,,75009,10,0,5 2 11 2 12,0,98,,75010,10,0,5 2 11 2 12,0,30,,75011,10,0,5 2 11 2 12,0
702029,'1971',1943,,75013,10,0,5 2 11 2 12,0,170,,75014,10,0,5 2 11 2 12,0
