609,'1912',840,,70924,12,0,5 2 6 7,0,100,,70925,12,0,5 2 6 7,0,100,,70926,12,0,5 2 6 7,0,100,,70927,12,0,5 2 6 7,0,102,,70928,12,0,5 2 6 7,0,100,,70929,12,0,5 2 6 7,0,100,,70930,12,0,5 2 6 7,0,100,,70931,12,0,5 2 6 7,0,100,,70932,12,0,5 2 6 7,0,100,,70933,12,0,5 2 6 7,0,98,,70934,12,0,5 2 6 7,0,100,,70935,12,0,5 2 6 7,0
609,'1959',840,,71108,12,0,5 2 6 7,0,100,,71109,12,0,5 2 6 7,0,100,,71110,12,0,5 2 6 7,0,100,,71111,12,0,5 2 6 7,0,102,,71112,12,0,5 2 6 7,0,100,,71113,12,0,5 2 6 7,0,100,,71114,12,0,5 2 6 7,0,100,,71115,12,0,5 2 6 7,0,100,,71116,12,0,5 2 6 7,0,100,,71117,12,0,5 2 6 7,0,98,,71118,12,0,5 2 6 7,0,100,,71119,12,0,5 2 6 7,0
609,'1965',827,,70991,12,0,15 16 17,0,30,,71000,12,0,15 16 17,0,100,,70988,12,0,15 16 17,0,70,,70997,12,0,15 16 17,0,30,,70998,12,0,15 16 17,0,70,,70996,12,0,15 16 17,0,30,,71019,12,0,15 16 17,0,70,,71018,12,0,15 16 17,0,30,,71015,12,0,15 16 17,0,470,,71010,12,0,15 16 17,0,28,,71007,12,0,15 16 17,0,95,,71005,12,0,15 16 17,0,90,,71003,12,0,15 16 17,0,200,,71002,12,0,15 16 17,0,100,,71024,12,0,15 16 17,0
609,'1966',611,,71081,12,0,15 16 17,0,30,,71060,12,0,15 16 17,0,70,,71048,12,0,15 16 17,0,200,,71046,12,0,15 16 17,0,28,,71073,12,0,15 16 17,0,70,,71045,12,0,15 16 17,0,30,,71058,12,0,15 16 17,0,73,,71044,12,0,15 16 17,0,30,,71072,12,0,15 16 17,0,70,,71043,12,0,15 16 17,0,30,,71057,12,0,15 16 17,0,70,,71042,12,0,15 16 17,0,30,,71071,12,0,15 16 17,0,70,,71041,12,0,15 16 17,0,30,,71056,12,0,15 16 17,0,70,,71040,12,0,15 16 17,0,30,,71070,12,0,15 16 17,0,70,,71039,12,0,15 16 17,0,30,,71055,12,0,15 16 17,0,70,,71038,12,0,15 16 17,0,30,,71077,12,0,15 16 17,0,70,,71061,12,0,15 16 17,0,30,,71075,12,0,15 16 17,0,68,,71078,12,0,5 2 6 7,0,100,,71069,12,0,5 2 6 7,0
609,'1967',741,,71074,12,0,15 16 17,0,70,,71047,12,0,15 16 17,0,30,,71059,12,0,15 16 17,0,1269,,71082,12,0,5 2 6 7,0
609,'1969',840,,70960,12,0,5 2 6 7,0,100,,70961,12,0,5 2 6 7,0,100,,70962,12,0,5 2 6 7,0,100,,70963,12,0,5 2 6 7,0,102,,70964,12,0,5 2 6 7,0,100,,70965,12,0,5 2 6 7,0,100,,70966,12,0,5 2 6 7,0,100,,70967,12,0,5 2 6 7,0,100,,70968,12,0,5 2 6 7,0,100,,70969,12,0,5 2 6 7,0,98,,70970,12,0,5 2 6 7,0,100,,70971,12,0,5 2 6 7,0
609,'1970',620,,74248,12,0,15 16 17,0,35,,74226,12,0,15 16 17,0,72,,74224,12,0,15 16 17,0,30,,74229,12,0,15 16 17,0,170,,74247,12,0,15 16 17,0,400,,74242,12,0,15 16 17,0,30,,74243,12,0,15 16 17,0,70,,74241,12,0,15 16 17,0,30,,74239,12,0,15 16 17,0,70,,74240,12,0,15 16 17,0,30,,74238,12,0,15 16 17,0,70,,74237,12,0,15 16 17,0,30,,74236,12,0,15 16 17,0,163,,74235,12,0,15 16 17,0,220,,74234,12,0,15 16 17,0
609,'1971',611,,74298,12,0,15 16 17,0,30,,74279,12,0,15 16 17,0,70,,74269,12,0,15 16 17,0,200,,74268,12,0,15 16 17,0,28,,74292,12,0,15 16 17,0,70,,74267,12,0,15 16 17,0,30,,74278,12,0,15 16 17,0,73,,74266,12,0,15 16 17,0,30,,74291,12,0,15 16 17,0,70,,74265,12,0,15 16 17,0,30,,74277,12,0,15 16 17,0,70,,74264,12,0,15 16 17,0,30,,74290,12,0,15 16 17,0,70,,74263,12,0,15 16 17,0,30,,74276,12,0,15 16 17,0,70,,74262,12,0,15 16 17,0,30,,74289,12,0,15 16 17,0,70,,74261,12,0,15 16 17,0,30,,74275,12,0,15 16 17,0,70,,74260,12,0,15 16 17,0,30,,74295,12,0,15 16 17,0,70,,74280,12,0,15 16 17,0,30,,74293,12,0,15 16 17,0,68,,74296,12,0,5 2 6 7,0,100,,74288,12,0,5 2 6 7,0
702029,'1912',626,,73341,3,0,9 10,0,23,,73330,3,0,9 10,0,70,,73343,3,0,9 10,0,30,,73339,3,0,9 10,0,55,,69616,3,0,5 2 11 2 12,0,15,,73329,3,0,9 10,0,15,,69628,3,0,5 2 11 2 12,0,15,,73342,3,0,9 10,0,55,,73350,3,0,5 2 11 2 12,0,15,,73331,3,0,9 10,0,15,,69614,3,0,5 2 11 2 12,0,15,,73328,3,0,9 10,0,55,,69623,3,0,5 2 11 2 12,0,15,,69604,3,0,9 10,0,15,,69624,3,0,5 2 11 2 12,0,15,,73334,3,0,9 10,0,55,,69615,3,0,5 2 11 2 12,0,15,,69582,3,0,9 10,0,15,,69634,3,0,5 2 11 2 12,0,15,,73348,3,0,9 10,0,56,,69612,3,0,5 2 11 2 12,0,15,,69593,3,0,9 10,0,15,,69626,3,0,5 2 11 2 12,0,15,,73327,3,0,9 10,0,55,,69635,3,0,5 2 11 2 12,0,15,,73344,3,0,9 10,0,15,,69618,3,0,5 2 11 2 12,0,15,,73337,3,0,9 10,0,55,,69621,3,0,5 2 11 2 12,0,15,,73326,3,0,9 10,0,15,,69633,3,0,5 2 11 2 12,0,15,,73345,3,0,9 10,0,55,,69613,3,0,5 2 11 2 12,0,15,,73333,3,0,9 10,0,15,,69622,3,0,5 2 11 2 12,0,15,,73325,3,0,9 10,0,55,,69631,3,0,5 2 11 2 12,0,15,,73349,3,0,9 10,0,15,,69611,3,0,5 2 11 2 12,0,15,,73332,3,0,9 10,0,55,,69627,3,0,5 2 11 2 12,0,15,,73324,3,0,9 10,0,15,,69629,3,0,5 2 11 2 12,0,15,,73346,3,0,9 10,0,55,,69619,3,0,5 2 11 2 12,0,14,,73340,3,0,9 10,0,15,,69625,3,0,5 2 11 2 12,0,15,,73323,3,0,9 10,0,55,,69630,3,0,5 2 11 2 12,0,15,,73347,3,0,9 10,0,15,,69617,3,0,5 2 11 2 12,0,15,,73336,3,0,9 10,0,55,,69620,3,0,5 2 11 2 12,0,15,,73322,3,0,9 10,0,15,,69632,3,0,5 2 11 2 12,0,15,,69602,3,0,9 10,0,55,,69610,3,0,5 2 11 2 12,0,15,,73338,3,0,9 10,0,30,,73321,3,0,9 10,0,70,,69606,3,0,9 10,0,30,,73335,3,0,9 10,0,65,,73351,3,0,9 10,0,30,,69637,3,0,5 2 11 2 12,0
702029,'1959',626,,73463,3,0,9 10,0,23,,73452,3,0,9 10,0,70,,73465,3,0,9 10,0,30,,73461,3,0,9 10,0,55,,69679,3,0,5 2 11 2 12,0,15,,73451,3,0,9 10,0,15,,69691,3,0,5 2 11 2 12,0,15,,73464,3,0,9 10,0,55,,73472,3,0,5 2 11 2 12,0,15,,73453,3,0,9 10,0,15,,69677,3,0,5 2 11 2 12,0,15,,73450,3,0,9 10,0,55,,69686,3,0,5 2 11 2 12,0,15,,69667,3,0,9 10,0,15,,69687,3,0,5 2 11 2 12,0,15,,73456,3,0,9 10,0,55,,69678,3,0,5 2 11 2 12,0,15,,69645,3,0,9 10,0,15,,69697,3,0,5 2 11 2 12,0,15,,73470,3,0,9 10,0,56,,69675,3,0,5 2 11 2 12,0,15,,69656,3,0,9 10,0,15,,69689,3,0,5 2 11 2 12,0,15,,73449,3,0,9 10,0,55,,69698,3,0,5 2 11 2 12,0,15,,73466,3,0,9 10,0,15,,69681,3,0,5 2 11 2 12,0,15,,73459,3,0,9 10,0,55,,69684,3,0,5 2 11 2 12,0,15,,73448,3,0,9 10,0,15,,69696,3,0,5 2 11 2 12,0,15,,73467,3,0,9 10,0,55,,69676,3,0,5 2 11 2 12,0,15,,73455,3,0,9 10,0,15,,69685,3,0,5 2 11 2 12,0,15,,73447,3,0,9 10,0,55,,69694,3,0,5 2 11 2 12,0,15,,73471,3,0,9 10,0,15,,69674,3,0,5 2 11 2 12,0,15,,73454,3,0,9 10,0,55,,69690,3,0,5 2 11 2 12,0,15,,73446,3,0,9 10,0,15,,69692,3,0,5 2 11 2 12,0,15,,73468,3,0,9 10,0,55,,69682,3,0,5 2 11 2 12,0,14,,73462,3,0,9 10,0,15,,69688,3,0,5 2 11 2 12,0,15,,73445,3,0,9 10,0,55,,69693,3,0,5 2 11 2 12,0,15,,73469,3,0,9 10,0,15,,69680,3,0,5 2 11 2 12,0,15,,73458,3,0,9 10,0,55,,69683,3,0,5 2 11 2 12,0,15,,73444,3,0,9 10,0,15,,69695,3,0,5 2 11 2 12,0,15,,69665,3,0,9 10,0,55,,69673,3,0,5 2 11 2 12,0,15,,73460,3,0,9 10,0,30,,73443,3,0,9 10,0,70,,69669,3,0,9 10,0,30,,73457,3,0,9 10,0,65,,73473,3,0,9 10,0,30,,69700,3,0,5 2 11 2 12,0
702029,'1965',609,,73383,3,0,9 10,0,20,,73384,3,0,9 10,0,30,,69850,3,0,9 10,0,56,,69798,3,0,9 10,0,15,,73385,3,0,9 10,0,21,,65124,3,0,9 10,0,55,,73386,3,0,9 10,0,15,,69848,3,0,9 10,0,15,,73406,3,0,5 2 11 2 12,0,15,,69849,3,0,9 10,0,75,,69828,3,0,5 2 11 2 12,0,15,,73388,3,0,9 10,0,15,,73408,3,0,5 2 11 2 12,0,55,,73423,3,0,9 10,0,100,,69804,3,0,9 10,0,15,,73410,3,0,5 2 11 2 12,0,15,,73390,3,0,9 10,0,15,,73411,3,0,5 2 11 2 12,0,100,,69835,3,0,5 2 11 2 12,0,55,,73392,3,0,9 10,0,15,,73413,3,0,5 2 11 2 12,0,15,,73393,3,0,9 10,0,95,,73419,3,0,9 10,0,15,,69838,3,0,5 2 11 2 12,0,55,,73395,3,0,9 10,0,15,,73420,3,0,9 10,0,15,,73396,3,0,9 10,0,15,,69839,3,0,5 2 11 2 12,0,55,,73398,3,0,9 10,0,15,,73397,3,0,9 10,0,15,,73421,3,0,9 10,0,70,,73399,3,0,9 10,0,43,,69815,3,0,9 10,0,55,,73415,3,0,5 2 11 2 12,0,15,,69856,3,0,9 10,0,30,,73401,3,0,9 10,0,70,,69817,3,0,9 10,0,15,,69844,3,0,5 2 11 2 12,0,15,,73402,3,0,9 10,0,70,,73403,3,0,9 10,0,30,,69820,3,0,9 10,0,55,,73418,3,0,5 2 11 2 12,0,15,,73404,3,0,9 10,0,30,,69822,3,0,9 10,0,70,,69823,3,0,9 10,0,30,,73405,3,0,9 10,0,65,,69851,3,0,9 10,0,30,,69825,3,0,5 2 11 2 12,0
702029,'1966',1934,,73424,3,0,5 2 11 2 12,0,170,,73428,3,0,5 2 11 2 12,0
702029,'1967',625,,69527,3,0,9 10,0,23,,69513,3,0,9 10,0,70,,69517,3,0,9 10,0,30,,69521,3,0,9 10,0,56,,73429,3,0,5 2 11 2 12,0,15,,69524,3,0,9 10,0,15,,73425,3,0,5 2 11 2 12,0,15,,69514,3,0,9 10,0,55,,69530,3,0,5 2 11 2 12,0,15,,69518,3,0,9 10,0,15,,73426,3,0,5 2 11 2 12,0,15,,69559,3,0,9 10,0,57,,73439,3,0,5 2 11 2 12,0,15,,69552,3,0,9 10,0,15,,73435,3,0,5 2 11 2 12,0,15,,69540,3,0,9 10,0,55,,69549,3,0,5 2 11 2 12,0,15,,69555,3,0,9 10,0,15,,73430,3,0,5 2 11 2 12,0,15,,69550,3,0,9 10,0,55,,69572,3,0,5 2 11 2 12,0,15,,69547,3,0,9 10,0,15,,73440,3,0,5 2 11 2 12,0,15,,69544,3,0,9 10,0,55,,73432,3,0,5 2 11 2 12,0,15,,69571,3,0,9 10,0,15,,73438,3,0,5 2 11 2 12,0,15,,69558,3,0,9 10,0,55,,69543,3,0,5 2 11 2 12,0,15,,69546,3,0,9 10,0,15,,73442,3,0,5 2 11 2 12,0,15,,69553,3,0,9 10,0,55,,69537,3,0,5 2 11 2 12,0,15,,73433,3,0,9 10,0,15,,73434,3,0,5 2 11 2 12,0,15,,69541,3,0,9 10,0,55,,69539,3,0,5 2 11 2 12,0,15,,69573,3,0,9 10,0,15,,73437,3,0,5 2 11 2 12,0,15,,69551,3,0,9 10,0,55,,69561,3,0,5 2 11 2 12,0,15,,73431,3,0,9 10,0,15,,73436,3,0,5 2 11 2 12,0,15,,69545,3,0,9 10,0,55,,69567,3,0,5 2 11 2 12,0,15,,69574,3,0,9 10,0,15,,69538,3,0,5 2 11 2 12,0,15,,69557,3,0,9 10,0,55,,73441,3,0,5 2 11 2 12,0,13,,69519,3,0,9 10,0,30,,69522,3,0,9 10,0,55,,65204,3,0,5 2 11 2 12,0,15,,69525,3,0,9 10,0,15,,73427,3,0,5 2 11 2 12,0,15,,69515,3,0,9 10,0,70,,69520,3,0,9 10,0,30,,69523,3,0,9 10,0,70,,69526,3,0,9 10,0,30,,69516,3,0,9 10,0,65,,69536,3,0,9 10,0,30,,69535,3,0,5 2 11 2 12,0
702029,'1969',626,,73372,3,0,9 10,0,23,,73361,3,0,9 10,0,70,,73374,3,0,9 10,0,30,,73370,3,0,9 10,0,55,,69742,3,0,5 2 11 2 12,0,15,,73360,3,0,9 10,0,15,,69754,3,0,5 2 11 2 12,0,15,,73373,3,0,9 10,0,55,,73381,3,0,5 2 11 2 12,0,15,,73362,3,0,9 10,0,15,,69740,3,0,5 2 11 2 12,0,15,,73359,3,0,9 10,0,55,,69749,3,0,5 2 11 2 12,0,15,,69730,3,0,9 10,0,15,,69750,3,0,5 2 11 2 12,0,15,,73365,3,0,9 10,0,55,,69741,3,0,5 2 11 2 12,0,15,,69708,3,0,9 10,0,15,,69760,3,0,5 2 11 2 12,0,15,,73379,3,0,9 10,0,56,,69738,3,0,5 2 11 2 12,0,15,,69719,3,0,9 10,0,15,,69752,3,0,5 2 11 2 12,0,15,,73358,3,0,9 10,0,55,,69761,3,0,5 2 11 2 12,0,15,,73375,3,0,9 10,0,15,,69744,3,0,5 2 11 2 12,0,15,,73368,3,0,9 10,0,55,,69747,3,0,5 2 11 2 12,0,15,,73357,3,0,9 10,0,15,,69759,3,0,5 2 11 2 12,0,15,,73376,3,0,9 10,0,55,,69739,3,0,5 2 11 2 12,0,15,,73364,3,0,9 10,0,15,,69748,3,0,5 2 11 2 12,0,15,,73356,3,0,9 10,0,55,,69757,3,0,5 2 11 2 12,0,15,,73380,3,0,9 10,0,15,,69737,3,0,5 2 11 2 12,0,15,,73363,3,0,9 10,0,55,,69753,3,0,5 2 11 2 12,0,15,,73355,3,0,9 10,0,15,,69755,3,0,5 2 11 2 12,0,15,,73377,3,0,9 10,0,55,,69745,3,0,5 2 11 2 12,0,14,,73371,3,0,9 10,0,15,,69751,3,0,5 2 11 2 12,0,15,,73354,3,0,9 10,0,55,,69756,3,0,5 2 11 2 12,0,15,,73378,3,0,9 10,0,15,,69743,3,0,5 2 11 2 12,0,15,,73367,3,0,9 10,0,55,,69746,3,0,5 2 11 2 12,0,15,,73353,3,0,9 10,0,15,,69758,3,0,5 2 11 2 12,0,15,,69728,3,0,9 10,0,55,,69736,3,0,5 2 11 2 12,0,15,,73369,3,0,9 10,0,30,,73352,3,0,9 10,0,70,,69732,3,0,9 10,0,30,,73366,3,0,9 10,0,65,,73382,3,0,9 10,0,30,,69763,3,0,5 2 11 2 12,0
702029,'1970',911,,74996,3,0,9 10,0,115,,75003,3,0,5 2 11 2 12,0,15,,74997,3,0,9 10,0,15,,75004,3,0,5 2 11 2 12,0,155,,74998,3,0,9 10,0,15,,75005,3,0,5 2 11 2 12,0,15,,74999,3,0,9 10,0,115,,75006,3,0,5 2 11 2 12,0,55,,75000,3,0,9 10,0,15,,75002,3,0,5 2 11 2 12,0,225,,75012,3,0,5 2 11 2 12,0,70,,75001,3,0,9 10,0,13,,75007,3,0,5 2 11 2 12,0,100,,75008,3,0,5 2 11 2 12,0,70,,75009,3,0,5 2 11 2 12,0,100,,75010,3,0,5 2 11 2 12,0,30,,75011,3,0,5 2 11 2 12,0
702029,'1971',1934,,75013,3,0,5 2 11 2 12,0,170,,75014,3,0,5 2 11 2 12,0
