1029,'1912',615,,73732,33,,,0,100,3,73733,33,,,0,100,3,73734,33,,,0,100,2,73735,33,,,0,100,,73736,33,,,0,100,,73737,33,,,0,100,,73738,33,,,0,100,,73739,33,,,0,100,,73740,33,,,0,100,,73741,33,,,0,100,2,73742,33,,,0,100,2,73743,33,,,0,100,2,73744,33,,,0,100,2,73745,33,,,0,100,2,73746,33,,,0,100,2,73747,33,,,0,100,5,73748,33,,,0,95,,73749,33,,,0
1029,'1966',615,2,70284,34,,,0,30,4,70296,34,,,0,70,4,70303,34,,,0,30,4,70291,34,,,0,70,4,70312,34,,,0,30,4,70300,34,,,0,70,2,70283,34,,,0,30,2,70295,34,,,0,70,2,70306,34,,,0,30,2,70290,34,,,0,70,2,70313,34,,,0,30,2,70299,34,,,0,70,2,70282,34,,,0,30,2,70294,34,,,0,70,2,70305,34,,,0,30,2,70289,34,,,0,70,2,70285,34,,,0,30,2,70298,34,,,0,70,2,70281,34,,,0,30,2,70293,34,,,0,70,2,70301,34,,,0,30,2,70288,34,,,0,70,2,70310,34,,,0,30,2,70297,34,,,0,69,2,70280,34,,,0,31,2,70292,34,,,0,70,2,70304,34,,,0,30,2,70286,34,,,0,70,2,70308,34,,,0,30,2,70307,34,,,0,70,2,70279,34,,,0,30,2,70287,34,,,0,70,2,70302,34,,,0,30,2,70311,34,,,0,70,3,70309,34,,,0
1029,'1968',615,,59317,34,,,0,100,3,59318,34,,,0,100,3,59319,34,,,0,100,2,59320,34,,,0,100,,59321,34,,,0,100,,59322,34,,,0,100,,59323,34,,,0,100,,59324,34,,,0,100,,59325,34,,,0,100,,59326,34,,,0,100,2,59327,34,,,0,100,2,59328,34,,,0,100,2,59329,34,,,0,100,2,59330,34,,,0,100,2,59331,34,,,0,100,2,59332,34,,,0,100,5,59333,34,,,0,95,,59334,34,,,0
1029,'1970',615,2,73759,33,,,0,35,2,73760,33,,,0,70,4,73780,33,,,0,30,4,73756,33,,,0,70,4,73751,33,,,0,30,4,73784,33,,,0,70,2,73754,33,,,0,30,2,73761,33,,,0,70,2,73779,33,,,0,30,2,73758,33,,,0,70,2,73750,33,,,0,30,2,73783,33,,,0,70,2,73755,33,,,0,30,2,73762,33,,,0,70,2,73778,33,,,0,30,2,73757,33,,,0,70,2,73752,33,,,0,30,,73781,33,,,0,72,2,73753,33,,,0,30,2,73763,33,,,0,70,2,73777,33,,,0,30,2,73766,33,,,0,70,2,73765,33,,,0,28,3,73764,33,,,0,65,,73770,33,,,0,30,,73769,33,,,0,70,,73768,33,,,0,30,,73767,33,,,0,70,,73782,33,,,0,30,2,73776,33,,,0,70,2,73775,33,,,0,30,2,73774,33,,,0,70,2,73773,33,,,0,30,2,73772,33,,,0,65,2,73771,33,,,0
1029,'1971',615,2,73790,33,,,0,30,4,73802,33,,,0,70,4,73809,33,,,0,30,4,73797,33,,,0,70,4,73818,33,,,0,30,4,73806,33,,,0,70,2,73789,33,,,0,30,2,73801,33,,,0,70,2,73812,33,,,0,30,2,73796,33,,,0,70,2,73819,33,,,0,30,2,73805,33,,,0,70,2,73788,33,,,0,30,2,73800,33,,,0,70,2,73811,33,,,0,30,2,73795,33,,,0,70,2,73791,33,,,0,30,2,73804,33,,,0,70,2,73787,33,,,0,30,2,73799,33,,,0,70,2,73807,33,,,0,30,2,73794,33,,,0,70,2,73816,33,,,0,30,2,73803,33,,,0,69,2,73786,33,,,0,31,2,73798,33,,,0,70,2,73810,33,,,0,30,2,73792,33,,,0,70,2,73814,33,,,0,30,2,73813,33,,,0,70,2,73785,33,,,0,30,2,73793,33,,,0,70,2,73808,33,,,0,30,2,73817,33,,,0,70,3,73815,33,,,0
1029,'1972',615,,73820,33,,,0,100,3,73821,33,,,0,100,3,73822,33,,,0,100,2,73823,33,,,0,100,,73824,33,,,0,100,,73825,33,,,0,100,,73826,33,,,0,100,,73827,33,,,0,100,,73828,33,,,0,100,,73829,33,,,0,100,2,73830,33,,,0,100,2,73831,33,,,0,100,2,73832,33,,,0,100,2,73833,33,,,0,100,2,73834,33,,,0,100,2,73835,33,,,0,100,5,73836,33,,,0,95,,73837,33,,,0
1029,'1973',615,,73838,33,,,0,100,3,73839,33,,,0,100,3,73840,33,,,0,100,2,73841,33,,,0,100,,73842,33,,,0,100,,73843,33,,,0,100,,73844,33,,,0,100,,73845,33,,,0,100,,73846,33,,,0,100,,73847,33,,,0,100,2,73848,33,,,0,100,2,73849,33,,,0,100,2,73850,33,,,0,100,2,73851,33,,,0,100,2,73852,33,,,0,100,2,73853,33,,,0,100,5,73854,33,,,0,95,,73855,33,,,0
2029,'1912',630,,74007,28,0,39 40,0,29,,74015,28,0,39 40,0,71,3,74026,28,0,39 40,0,70,43,74021,28,0,39 40,0,30,3,74008,28,0,39 40,0,70,43,74016,28,0,39 40,0,30,,74027,28,0,39 40,0,70,41,74022,28,0,39 40,0,14,,66011,16,4,,0,16,,74009,28,0,39 40,0,70,41,74017,28,0,39 40,0,30,,74028,28,0,39 40,0,70,41,74023,28,0,39 40,0,30,,74010,28,0,39 40,0,70,41,74018,28,0,39 40,0,30,,74029,28,0,39 40,0,70,41,74024,28,0,39 40,0,30,,74011,28,0,39 40,0,70,41,74019,28,0,39 40,0,30,,74030,28,0,39 40,0,70,41,74025,28,0,39 40,0,30,,74012,28,0,39 40,0,70,41,74020,28,0,39 40,0,30,,74031,28,0,39 40,0,100,,74013,28,0,39 40,0,99,4,74032,28,0,39 40,0,100,4,74014,28,0,39 40,0,101,4,74033,28,0,39 40,0,100,4,74006,28,0,39 40,0
2029,'1959',1014,,66012,16,4,,0
2029,'1966',600,41,70594,27,0,39 40,0,30,,70577,27,0,39 40,0,29,,70584,27,0,39 40,0,71,3,70563,27,0,39 40,0,70,43,70569,27,0,39 40,0,30,3,70578,27,0,39 40,0,70,43,70585,27,0,39 40,0,30,,70564,27,0,39 40,0,70,41,70570,27,0,39 40,0,30,,70579,27,0,39 40,0,70,41,70586,27,0,39 40,0,30,,70565,27,0,39 40,0,70,41,70571,27,0,39 40,0,30,,70580,27,0,39 40,0,70,41,70587,27,0,39 40,0,30,,70566,27,0,39 40,0,70,41,70572,27,0,39 40,0,30,,70581,27,0,39 40,0,70,41,70588,27,0,39 40,0,30,,70567,27,0,39 40,0,70,41,70573,27,0,39 40,0,30,,70582,27,0,39 40,0,70,41,70589,27,0,39 40,0,30,,70568,27,0,39 40,0,70,41,70574,27,0,39 40,0,30,,70583,27,0,39 40,0,70,41,70590,27,0,39 40,0,30,3,70575,27,0,39 40,0,100,3,70591,27,0,39 40,0,100,3,70576,27,0,39 40,0,100,3,70592,27,0,39 40,0
2029,'1968',630,,70497,27,0,39 40,0,29,,70505,27,0,39 40,0,71,3,70516,27,0,39 40,0,70,43,70511,27,0,39 40,0,30,3,70498,27,0,39 40,0,70,43,70506,27,0,39 40,0,30,,70517,27,0,39 40,0,70,41,70512,27,0,39 40,0,30,,70499,27,0,39 40,0,70,41,70507,27,0,39 40,0,30,,70518,27,0,39 40,0,70,41,70513,27,0,39 40,0,30,,70500,27,0,39 40,0,70,41,70508,27,0,39 40,0,30,,70519,27,0,39 40,0,70,41,70514,27,0,39 40,0,30,,70501,27,0,39 40,0,70,41,70509,27,0,39 40,0,30,,70520,27,0,39 40,0,70,41,70515,27,0,39 40,0,30,,70502,27,0,39 40,0,70,41,70510,27,0,39 40,0,30,,70521,27,0,39 40,0,100,,70503,27,0,39 40,0,99,4,70522,27,0,39 40,0,100,4,70504,27,0,39 40,0,101,4,70523,27,0,39 40,0,100,4,70496,27,0,39 40,0
2029,'1969',1014,,66013,16,4,,0
2029,'1970',535,2,74055,16,0,39 40,0,65,42,74038,28,0,39 40,0,30,2,74039,28,0,39 40,0,70,42,74040,28,0,39 40,0,28,,74041,28,0,39 40,0,72,42,74042,28,0,39 40,0,30,2,74043,28,0,39 40,0,70,42,74044,28,0,39 40,0,30,2,74045,28,0,39 40,0,70,42,74046,28,0,39 40,0,30,2,74069,28,0,39 40,0,70,42,74065,28,0,39 40,0,30,2,74071,28,0,39 40,0,70,42,74067,28,0,39 40,0,30,2,74068,28,0,39 40,0,70,42,74064,28,0,39 40,0,30,2,74070,28,0,39 40,0,70,42,74066,28,0,39 40,0,30,2,74072,28,0,39 40,0,71,,74047,28,0,39 40,0,34,,74048,28,0,39 40,0,70,,74049,28,0,39 40,0,30,,74050,28,0,39 40,0,70,,74051,28,0,39 40,0,30,,74052,28,0,39 40,0,66,,74053,28,0,39 40,0,29,2,74054,28,0,39 40,0,70,42,74058,28,0,39 40,0,30,2,74059,28,0,39 40,0,100,3,74060,28,0,39 40,0,100,3,74061,28,0,39 40,0,100,3,74057,28,0,39 40,0
2029,'1971',600,41,74104,28,0,5 2 15 16 17,0,30,,74087,28,0,39 40,0,29,,74094,28,0,39 40,0,71,3,74073,28,0,39 40,0,70,43,74079,28,0,39 40,0,30,3,74088,28,0,39 40,0,70,43,74095,28,0,39 40,0,30,,74074,28,0,39 40,0,70,41,74080,28,0,39 40,0,30,,74089,28,0,39 40,0,70,41,74096,28,0,39 40,0,30,,74075,28,0,39 40,0,70,41,74081,28,0,39 40,0,30,,74090,28,0,39 40,0,70,41,74097,28,0,39 40,0,30,,74076,28,0,39 40,0,70,41,74082,28,0,39 40,0,30,,74091,28,0,39 40,0,70,41,74098,28,0,39 40,0,30,,74077,28,0,39 40,0,70,41,74083,28,0,39 40,0,30,,74092,28,0,39 40,0,70,41,74099,28,0,39 40,0,30,,74078,28,0,39 40,0,70,41,74084,28,0,39 40,0,30,,74093,28,0,39 40,0,70,41,74100,28,0,39 40,0,30,3,74085,28,0,39 40,0,100,3,74101,28,0,39 40,0,100,3,74086,28,0,39 40,0,100,3,74102,28,0,39 40,0
2029,'1972',630,,74108,28,0,39 40,0,29,,74116,28,0,39 40,0,71,3,74127,28,0,39 40,0,70,43,74122,28,0,39 40,0,30,3,74109,28,0,39 40,0,70,43,74117,28,0,39 40,0,30,,74128,28,0,39 40,0,70,41,74123,28,0,39 40,0,30,,74110,28,0,39 40,0,70,41,74118,28,0,39 40,0,30,,74129,28,0,39 40,0,70,41,74124,28,0,39 40,0,30,,74111,28,0,39 40,0,70,41,74119,28,0,39 40,0,30,,74130,28,0,39 40,0,70,41,74125,28,0,39 40,0,30,,74112,28,0,39 40,0,70,41,74120,28,0,39 40,0,30,,74131,28,0,39 40,0,70,41,74126,28,0,39 40,0,30,,74113,28,0,39 40,0,70,41,74121,28,0,39 40,0,30,,74132,28,0,39 40,0,100,,74114,28,0,39 40,0,99,4,74133,28,0,39 40,0,100,4,74115,28,0,39 40,0,101,4,74134,28,0,39 40,0,100,4,74107,28,0,39 40,0
2029,'1973',630,,74140,28,0,39 40,0,29,,74148,28,0,39 40,0,71,3,74159,28,0,39 40,0,70,43,74154,28,0,39 40,0,30,3,74141,28,0,39 40,0,70,43,74149,28,0,39 40,0,30,,74160,28,0,39 40,0,70,41,74155,28,0,39 40,0,30,,74142,28,0,39 40,0,70,41,74150,28,0,39 40,0,30,,74161,28,0,39 40,0,70,41,74156,28,0,39 40,0,30,,74143,28,0,39 40,0,70,41,74151,28,0,39 40,0,30,,74162,28,0,39 40,0,70,41,74157,28,0,39 40,0,30,,74144,28,0,39 40,0,70,41,74152,28,0,39 40,0,30,,74163,28,0,39 40,0,70,41,74158,28,0,39 40,0,30,,74145,28,0,39 40,0,70,41,74153,28,0,39 40,0,30,,74164,28,0,39 40,0,100,,74146,28,0,39 40,0,99,4,74165,28,0,39 40,0,100,4,74147,28,0,39 40,0,101,4,74166,28,0,39 40,0,100,4,74139,28,0,39 40,0
4029,'1912',1012,,70779,18,4,,0,30,,70782,18,4,,0,70,,70767,18,4,,0,30,,70772,18,4,,0,70,,70775,18,4,,0,30,,70778,18,4,,0,70,,70780,18,4,,0,30,,70768,18,4,,0,70,,70771,18,4,,0,30,,70774,18,4,,0,70,,70777,18,4,,0,30,,70781,18,4,,0,70,,70769,18,4,,0,30,,70770,18,4,,0,70,,70773,18,4,,0,30,,70776,18,4,,0
4029,'1959',1012,,70886,18,4,,0,30,,70889,18,4,,0,70,,70874,18,4,,0,30,,70879,18,4,,0,70,,70882,18,4,,0,30,,70885,18,4,,0,70,,70887,18,4,,0,30,,70875,18,4,,0,70,,70878,18,4,,0,30,,70881,18,4,,0,70,,70884,18,4,,0,30,,70888,18,4,,0,70,,70876,18,4,,0,30,,70877,18,4,,0,70,,70880,18,4,,0,30,,70883,18,4,,0
4029,'1965',641,,70819,18,4,,0,105,,70821,18,4,,0,102,,70823,18,4,,0,64,,59926,18,4,,0,201,,66313,18,4,,0,30,,70827,18,4,,0,71,,70828,18,4,,0,30,,70829,18,4,,0,70,,70830,18,4,,0,30,,66314,18,4,,0,100,,70832,18,4,,0,100,,70834,18,4,,0,76,,66317,18,4,,0,24,,66318,18,4,,0,76,,70835,18,4,,0,24,,59943,18,4,,0,74,,59944,18,4,,0,27,,70836,18,4,,0
4029,'1966',642,,59977,18,4,,0,168,,70869,18,4,,0,30,,70870,18,4,,0,103,,70872,18,4,,0,72,,70860,18,4,,0,29,,70854,18,4,,0,70,,70847,18,4,,0,30,,70858,18,4,,0,70,,70864,18,4,,0,30,,70859,18,4,,0,70,,70846,18,4,,0,30,,70851,18,4,,0,70,,70862,18,4,,0,30,,70845,18,4,,0,70,,70861,18,4,,0,30,,70856,18,4,,0,70,,70848,18,4,,0,30,,70843,18,4,,0,70,,70863,18,4,,0,30,,70866,18,4,,0,70,,70857,18,4,,0,30,,70852,18,4,,0,69,,70873,18,4,,0
4029,'1967',710,,70867,18,4,,0,30,,70868,18,4,,0,173,,70871,18,4,,0
4029,'1969',1012,,70805,18,4,,0,30,,70808,18,4,,0,70,,70793,18,4,,0,30,,70798,18,4,,0,70,,70801,18,4,,0,30,,70804,18,4,,0,70,,70806,18,4,,0,30,,70794,18,4,,0,70,,70797,18,4,,0,30,,70800,18,4,,0,70,,70803,18,4,,0,30,,70807,18,4,,0,70,,70795,18,4,,0,30,,70796,18,4,,0,70,,70799,18,4,,0,30,,70802,18,4,,0
4029,'1970',711,,74183,18,4,,0,101,,74184,18,4,,0,131,,74185,18,4,,0,70,,74186,18,4,,0,30,,74187,18,4,,0,371,,74188,18,4,,0,105,,74189,18,4,,0,395,,74190,18,4,,0
4029,'1971',642,,74215,18,4,,0,168,,74216,18,4,,0,30,,74217,18,4,,0,103,,74218,18,4,,0,72,,74209,18,4,,0,29,,74203,18,4,,0,70,,74198,18,4,,0,30,,74207,18,4,,0,70,,74213,18,4,,0,30,,74208,18,4,,0,70,,74197,18,4,,0,30,,74200,18,4,,0,70,,74211,18,4,,0,30,,74196,18,4,,0,70,,74210,18,4,,0,30,,74205,18,4,,0,70,,74199,18,4,,0,30,,74194,18,4,,0,70,,74212,18,4,,0,30,,74214,18,4,,0,70,,74206,18,4,,0,30,,74201,18,4,,0,69,,74219,18,4,,0
12029,'1965',710,,61282,10,,,0,30,,61275,10,,,0,170,,61262,1,,,0,30,,61263,1,,,0,70,,61264,1,,,0,130,,61267,1,,,0,70,,61268,1,,,0,30,,61269,1,,,0,170,,61272,1,,,0
12029,'1970',640,,74418,10,,,0,169,,74416,10,,,0,31,,74410,10,,,0,200,,74404,1,,,0,70,,74405,1,,,0,200,,74406,1,,,0,30,,74407,1,,,0,99,,74412,10,,,0,71,,74415,10,,,0,30,,74408,10,,,0,70,,74414,10,,,0,30,,74409,10,,,0,70,,74417,10,,,0,30,,74411,10,,,0,70,,74413,10,,,0
501019,'1912',623,,62927,12,4,,0,30,,72182,12,4,,0,67,,62926,12,4,,0,30,,72181,12,4,,0,70,,62929,12,4,,0,31,,72183,12,4,,0,71,,72180,12,4,,0,30,,67874,12,4,,0,70,,72174,12,4,,0,30,,67866,12,4,,0,74,,72173,12,4,,0,30,,67867,12,4,,0,70,,72176,12,4,,0,30,,67868,12,4,,0,70,,72172,12,4,,0,30,,67873,12,4,,0,70,,72171,12,4,,0,30,,67872,12,4,,0,70,,72170,12,4,,0,30,,67869,12,4,,0,70,,72169,12,4,,0,30,,67871,12,4,,0,70,,72175,12,4,,0,30,,67870,12,4,,0,68,,72179,12,4,,0,30,,67878,12,4,,0,70,,72178,12,4,,0,30,,67881,12,4,,0,68,,72177,12,4,,0,30,,67853,12,4,,0,70,,62923,12,4,,0,30,,67879,12,4,,0,69,,62922,12,4,,0,30,,67880,12,4,,0,70,,62921,12,4,,0
501019,'1959',623,,62962,12,4,,0,30,,72266,12,4,,0,67,,62961,12,4,,0,30,,72265,12,4,,0,70,,62964,12,4,,0,31,,72267,12,4,,0,71,,72264,12,4,,0,30,,67903,12,4,,0,70,,72258,12,4,,0,30,,67895,12,4,,0,74,,72257,12,4,,0,30,,67896,12,4,,0,70,,72260,12,4,,0,30,,67897,12,4,,0,70,,72256,12,4,,0,30,,67902,12,4,,0,70,,72255,12,4,,0,30,,67901,12,4,,0,70,,72254,12,4,,0,30,,67898,12,4,,0,70,,72253,12,4,,0,30,,67900,12,4,,0,70,,72259,12,4,,0,30,,67899,12,4,,0,68,,72263,12,4,,0,30,,67907,12,4,,0,70,,72262,12,4,,0,30,,67910,12,4,,0,68,,72261,12,4,,0,30,,67882,12,4,,0,70,,62958,12,4,,0,30,,67908,12,4,,0,69,,62957,12,4,,0,30,,67909,12,4,,0,70,,62956,12,4,,0
501019,'1965',528,,62835,6,4,,0,93,,62836,12,4,,0,30,,72199,12,4,,0,77,,62838,12,4,,0,25,,72200,12,4,,0,76,,72202,12,4,,0,24,,72203,12,4,,0,104,,67965,12,4,,0,70,,72206,12,4,,0,30,,72207,12,4,,0,70,,72208,12,4,,0,30,,72209,12,4,,0,70,,67966,12,4,,0,100,,72211,12,4,,0,30,,72212,12,4,,0,70,,72213,12,4,,0,27,,67968,12,4,,0,52,,72214,12,4,,0,22,,72215,12,4,,0,24,,72216,12,4,,0,52,,72217,12,4,,0,24,,72218,12,4,,0,24,,72219,12,4,,0,52,,62862,12,4,,0,46,,67974,12,4,,0,52,,72221,12,4,,0,54,,67977,12,4,,0,70,,72222,12,4,,0,98,,62870,12,4,,0,30,,72223,12,4,,0,68,,67980,12,4,,0,30,,72224,12,4,,0,70,,67982,12,4,,0,30,,72225,12,4,,0,70,,62876,12,4,,0
501019,'1966',655,,72233,12,4,,0,267,,72227,12,4,,0,103,,72237,12,4,,0,33,,72247,12,4,,0,70,,72238,12,4,,0,30,,72248,12,4,,0,70,,72239,12,4,,0,30,,72249,12,4,,0,70,,72240,12,4,,0,30,,72250,12,4,,0,70,,72241,12,4,,0,30,,72251,12,4,,0,70,,72242,12,4,,0,30,,72252,12,4,,0,70,,72243,12,4,,0,30,,72245,12,4,,0,70,,72244,12,4,,0,30,,72246,12,4,,0,70,,72226,12,4,,0,27,,72236,12,4,,0,97,,72234,12,4,,0,100,,72235,12,4,,0
501019,'1967',625,,72230,12,4,,0,97,,72229,12,4,,0,30,,72232,12,4,,0,70,,72228,12,4,,0,30,,67831,12,4,,0,100,,72231,12,4,,0,970,,62881,12,4,,0,100,,62880,12,4,,0,100,,62879,12,4,,0,30,,67832,12,4,,0,70,,62878,12,4,,0,30,,67833,12,4,,0,69,,62877,12,4,,0
501019,'1969',623,,62997,12,4,,0,30,,72197,12,4,,0,67,,62996,12,4,,0,30,,72196,12,4,,0,70,,62999,12,4,,0,31,,72198,12,4,,0,71,,72195,12,4,,0,30,,67932,12,4,,0,70,,72189,12,4,,0,30,,67924,12,4,,0,74,,72188,12,4,,0,30,,67925,12,4,,0,70,,72191,12,4,,0,30,,67926,12,4,,0,70,,72187,12,4,,0,30,,67931,12,4,,0,70,,72186,12,4,,0,30,,67930,12,4,,0,70,,72185,12,4,,0,30,,67927,12,4,,0,70,,72184,12,4,,0,30,,67929,12,4,,0,70,,72190,12,4,,0,30,,67928,12,4,,0,68,,72194,12,4,,0,30,,67936,12,4,,0,70,,72193,12,4,,0,30,,67939,12,4,,0,68,,72192,12,4,,0,30,,67911,12,4,,0,70,,62993,12,4,,0,30,,67937,12,4,,0,69,,62992,12,4,,0,30,,67938,12,4,,0,70,,62991,12,4,,0
501019,'1970',817,,74801,12,4,,0,99,,74802,12,4,,0,11,,74803,12,4,,0,330,,74804,12,4,,0,470,,74805,12,4,,0,101,,74806,12,4,,0,126,,74807,12,4,,0
501019,'1971',655,,74810,12,4,,0,267,,74809,12,4,,0,103,,74814,12,4,,0,33,,74824,12,4,,0,70,,74815,12,4,,0,30,,74825,12,4,,0,70,,74816,12,4,,0,30,,74826,12,4,,0,70,,74817,12,4,,0,30,,74827,12,4,,0,70,,74818,12,4,,0,30,,74828,12,4,,0,70,,74819,12,4,,0,30,,74829,12,4,,0,70,,74820,12,4,,0,30,,74822,12,4,,0,70,,74821,12,4,,0,30,,74823,12,4,,0,70,,74808,12,4,,0,27,,74813,12,4,,0,97,,74811,12,4,,0,100,,74812,12,4,,0
501029,'1912',625,,63220,1,,,0,30,,72281,1,,,0,70,,63219,1,,,0,30,,72280,1,,,0,70,,63218,1,,,0,30,,72283,1,,,0,70,,72279,1,,,0,75,,68056,1,,,0,15,,72293,1,,,0,15,,72274,1,,,0,15,,72297,1,,,0,55,,68049,1,,,0,15,,72299,1,,,0,15,,72275,1,,,0,15,,72286,1,,,0,55,,68050,1,,,0,15,,72289,1,,,0,15,,72269,1,,,0,15,,72292,1,,,0,55,,68055,1,,,0,15,,72295,1,,,0,15,,72270,1,,,0,15,,72300,1,,,0,55,,68054,1,,,0,15,,72285,1,,,0,15,,72272,1,,,0,15,,72288,1,,,0,55,,68052,1,,,0,15,,72291,1,,,0,15,,72268,1,,,0,15,,72296,1,,,0,55,,68051,1,,,0,15,,72298,1,,,0,15,,72273,1,,,0,15,,72284,1,,,0,55,,68053,1,,,0,15,,72287,1,,,0,15,,72271,1,,,0,15,,72290,1,,,0,55,,68063,1,,,0,30,,72278,1,,,0,70,,68066,1,,,0,15,,72294,1,,,0,10,,72277,1,,,0,30,,68062,1,,,0,70,,72276,1,,,0,30,,68064,1,,,0,70,,63214,1,,,0,30,,68065,1,,,0,70,,63213,1,,,0,30,,68061,1,,,0,66,,63212,1,,,0
501029,'1959',625,,63274,1,,,0,30,,72446,1,,,0,70,,63273,1,,,0,30,,72445,1,,,0,70,,63272,1,,,0,30,,72448,1,,,0,70,,72444,1,,,0,75,,68103,1,,,0,15,,72458,1,,,0,15,,72439,1,,,0,15,,72462,1,,,0,55,,68096,1,,,0,15,,72464,1,,,0,15,,72440,1,,,0,15,,72451,1,,,0,55,,68097,1,,,0,15,,72454,1,,,0,15,,72434,1,,,0,15,,72457,1,,,0,55,,68102,1,,,0,15,,72460,1,,,0,15,,72435,1,,,0,15,,72465,1,,,0,55,,68101,1,,,0,15,,72450,1,,,0,15,,72437,1,,,0,15,,72453,1,,,0,55,,68099,1,,,0,15,,72456,1,,,0,15,,72433,1,,,0,15,,72461,1,,,0,55,,68098,1,,,0,15,,72463,1,,,0,15,,72438,1,,,0,15,,72449,1,,,0,55,,68100,1,,,0,15,,72452,1,,,0,15,,72436,1,,,0,15,,72455,1,,,0,55,,68110,1,,,0,30,,72443,1,,,0,70,,68113,1,,,0,15,,72459,1,,,0,10,,72442,1,,,0,30,,68109,1,,,0,70,,72441,1,,,0,30,,68111,1,,,0,70,,63268,1,,,0,30,,68112,1,,,0,70,,63267,1,,,0,30,,68108,1,,,0,66,,63266,1,,,0
501029,'1965',530,,63073,1,,,0,95,,63074,1,,,0,20,,72336,1,,,0,10,,72337,1,,,0,75,,63078,1,,,0,17,,72339,1,,,0,12,,72340,1,,,0,58,,63139,1,,,0,16,,72343,1,,,0,15,,72344,1,,,0,52,,72345,1,,,0,15,,63086,1,,,0,85,,68221,1,,,0,30,,72349,1,,,0,70,,72351,1,,,0,15,,68222,1,,,0,15,,72352,1,,,0,15,,72353,1,,,0,55,,72354,1,,,0,15,,72355,1,,,0,15,,68223,1,,,0,15,,72356,1,,,0,70,,72358,1,,,0,15,,72359,1,,,0,15,,68225,1,,,0,55,,72360,1,,,0,30,,72334,1,,,0,15,,72335,1,,,0,12,,68226,1,,,0,46,,68246,1,,,0,6,,72362,1,,,0,24,,72364,1,,,0,12,,72365,1,,,0,12,,72366,1,,,0,46,,72380,1,,,0,6,,72367,1,,,0,12,,68231,1,,,0,12,,72368,1,,,0,12,,68232,1,,,0,12,,72369,1,,,0,52,,63118,1,,,0,12,,72370,1,,,0,24,,63121,1,,,0,12,,68235,1,,,0,52,,72372,1,,,0,12,,63124,1,,,0,24,,72373,1,,,0,55,,68239,1,,,0,30,,72375,1,,,0,100,,63131,1,,,0,70,,72376,1,,,0,25,,68242,1,,,0,30,,72377,1,,,0,70,,68244,1,,,0,30,,72378,1,,,0,67,,63137,1,,,0
501029,'1966',643,,63201,1,0,11,0,57,,72392,1,,,0,230,,72385,1,,,0,15,,72383,1,,,0,70,,72390,1,,,0,15,,72400,1,,,0,15,,72409,1,,,0,55,,72426,1,,,0,15,,72418,1,,,0,15,,72401,1,,,0,15,,72410,1,,,0,55,,72427,1,,,0,15,,72419,1,,,0,15,,72402,1,,,0,15,,72411,1,,,0,55,,72428,1,,,0,15,,72420,1,,,0,15,,72403,1,,,0,15,,72412,1,,,0,55,,72429,1,,,0,15,,72421,1,,,0,15,,72404,1,,,0,15,,72413,1,,,0,55,,72430,1,,,0,15,,72422,1,,,0,15,,72405,1,,,0,15,,72414,1,,,0,55,,72431,1,,,0,15,,72423,1,,,0,15,,72406,1,,,0,15,,72415,1,,,0,55,,72408,1,,,0,15,,72424,1,,,0,15,,72407,1,,,0,15,,72416,1,,,0,55,,72397,1,,,0,15,,72399,1,,,0,15,,72384,1,,,0,15,,72417,1,,,0,55,,72398,1,,,0,15,,72432,1,,,0,85,,72395,1,,,0,55,,72396,1,,,0
501029,'1967',625,,72388,1,,,0,90,,72425,1,,,0,15,,72387,1,,,0,70,,72393,1,,,0,30,,72386,1,,,0,70,,67993,1,,,0,100,,72391,1,,,0,930,,63149,1,,,0,95,,63148,1,,,0,100,,63147,1,,,0,30,,67998,1,,,0,70,,63146,1,,,0,30,,67997,1,,,0,67,,63145,1,,,0
501029,'1969',625,,63328,1,,,0,30,,72314,1,,,0,70,,63327,1,,,0,30,,72313,1,,,0,70,,63326,1,,,0,30,,72316,1,,,0,70,,72312,1,,,0,75,,68150,1,,,0,15,,72326,1,,,0,15,,72307,1,,,0,15,,72330,1,,,0,55,,68143,1,,,0,15,,72332,1,,,0,15,,72308,1,,,0,15,,72319,1,,,0,55,,68144,1,,,0,15,,72322,1,,,0,15,,72302,1,,,0,15,,72325,1,,,0,55,,68149,1,,,0,15,,72328,1,,,0,15,,72303,1,,,0,15,,72333,1,,,0,55,,68148,1,,,0,15,,72318,1,,,0,15,,72305,1,,,0,15,,72321,1,,,0,55,,68146,1,,,0,15,,72324,1,,,0,15,,72301,1,,,0,15,,72329,1,,,0,55,,68145,1,,,0,15,,72331,1,,,0,15,,72306,1,,,0,15,,72317,1,,,0,55,,68147,1,,,0,15,,72320,1,,,0,15,,72304,1,,,0,15,,72323,1,,,0,55,,68157,1,,,0,30,,72311,1,,,0,70,,68160,1,,,0,15,,72327,1,,,0,10,,72310,1,,,0,30,,68156,1,,,0,70,,72309,1,,,0,30,,68158,1,,,0,70,,63322,1,,,0,30,,68159,1,,,0,70,,63321,1,,,0,30,,68155,1,,,0,66,,63320,1,,,0
501029,'1970',635,,74844,1,,,0,80,,74830,1,,,0,97,,74831,1,,,0,10,,74832,1,,,0,108,,74833,1,,,0,15,,74834,1,,,0,70,,74835,1,,,0,30,,74836,1,,,0,255,,74837,1,,,0,115,,74838,1,,,0,106,,74839,1,,,0,212,,74840,1,,,0,100,,74841,1,,,0,82,,74842,1,,,0,85,,74843,1,,,0
501029,'1971',643,,74887,1,0,22 1 23,0,57,,74849,1,,,0,230,,74847,1,,,0,15,,74845,1,,,0,70,,74848,1,,,0,15,,74856,1,,,0,15,,74865,1,,,0,55,,74881,1,,,0,15,,74874,1,,,0,15,,74857,1,,,0,15,,74866,1,,,0,55,,74882,1,,,0,15,,74875,1,,,0,15,,74858,1,,,0,15,,74867,1,,,0,55,,74883,1,,,0,15,,74876,1,,,0,15,,74859,1,,,0,15,,74868,1,,,0,55,,74884,1,,,0,15,,74877,1,,,0,15,,74860,1,,,0,15,,74869,1,,,0,55,,74885,1,,,0,15,,74878,1,,,0,15,,74861,1,,,0,15,,74870,1,,,0,55,,74886,1,,,0,15,,74879,1,,,0,15,,74862,1,,,0,15,,74871,1,,,0,55,,74864,1,,,0,15,,74880,1,,,0,15,,74863,1,,,0,15,,74872,1,,,0,55,,74853,1,,,0,15,,74855,1,,,0,15,,74846,1,,,0,15,,74873,1,,,0,55,,74854,1,,,0,15,,74888,1,,,0,85,,74851,1,,,0,55,,74852,1,,,0
601019,'1912',2206,48,64033,7,,,0,30,8,64032,7,,,0,70,48,64031,14,,,0
601019,'1959',636,8,64050,14,,,0,70,48,64068,14,,,0,30,8,64049,14,,,0,70,48,64067,14,,,0,30,8,64048,14,,,0,70,48,64066,14,,,0,30,8,64047,14,,,0,70,48,64065,14,,,0,30,8,64045,14,,,0,70,48,64064,14,,,0,30,8,64046,14,,,0,70,48,64063,14,,,0,30,7,64044,14,,,0,70,47,64062,14,,,0,30,7,64040,14,,,0,70,47,64061,14,,,0,30,7,64043,14,,,0,70,47,64060,14,,,0,30,7,64041,14,,,0,70,47,64059,14,,,0,30,7,64039,14,,,0,70,47,64058,14,,,0,30,7,64042,14,,,0,70,47,64057,14,,,0,30,7,64036,14,,,0,70,47,64056,14,,,0,30,8,64037,14,,,0,70,48,64055,14,,,0,30,8,64038,14,,,0,70,48,64054,14,,,0,30,8,64035,14,,,0,70,48,64053,14,,,0,30,8,64034,14,,,0,70,48,64052,14,,,0
601019,'1965',627,,63995,14,,,0,18,,63975,14,,,0,55,,63977,13,0,19 2 11 2 34,0,15,2,63970,13,0,19 2 11 2 34,0,15,5,63974,13,0,19 2 11 2 34,0,15,4,63984,13,0,19 2 11 2 34,0,55,41,63978,13,0,19 2 11 2 34,0,15,,63969,13,0,19 2 11 2 34,0,15,,63971,13,0,19 2 11 2 34,0,15,2,63983,13,0,19 2 11 2 34,0,63,,63957,14,4,,0,30,,63958,14,4,,0,70,,63959,14,4,,0,130,,63962,14,4,,0,70,,63963,14,4,,0,30,,63964,14,4,,0,170,,63967,14,4,,0,22,,63952,14,,,0,13,2,63991,13,0,19 2 11 2 34,0,15,2,63980,13,0,19 2 11 2 34,0,55,2,63987,13,0,19 2 11 2 34,0,15,2,63976,13,0,19 2 11 2 34,0,15,2,63988,13,0,19 2 11 2 34,0,15,2,63979,13,0,19 2 11 2 34,0,55,2,63985,13,0,19 2 11 2 34,0,15,2,63981,13,0,19 2 11 2 34,0,15,2,63986,13,0,19 2 11 2 34,0,15,2,63973,13,0,19 2 11 2 34,0,55,2,63989,13,0,19 2 11 2 34,0,15,2,63968,13,0,19 2 11 2 34,0,15,3,63992,13,0,19 2 11 2 34,0,15,4,63972,13,0,19 2 11 2 34,0,55,4,63990,13,0,19 2 11 2 34,0,17,4,63946,14,,,0,70,44,63947,14,,,0,12,,63955,14,,,0,18,4,63953,14,,,0,70,45,63950,14,,,0,30,5,63951,14,,,0,70,45,63945,14,,,0,30,5,63948,14,,,0,70,45,63944,14,,,0,30,5,63949,14,,,0,76,48,63954,14,,,0
601019,'1967',636,8,64012,14,,,0,70,48,64030,14,,,0,30,8,64011,14,,,0,70,48,64029,14,,,0,30,8,64010,14,,,0,70,48,64028,14,,,0,30,8,64009,14,,,0,70,48,64027,14,,,0,30,6,64007,14,,,0,70,6,64025,14,,,0,30,6,64008,14,,,0,70,6,64026,14,,,0,30,6,64006,14,,,0,70,6,64024,14,,,0,30,6,63997,14,,,0,70,6,64023,14,,,0,30,6,64005,14,,,0,70,6,64022,14,,,0,30,6,64003,14,,,0,70,6,64021,14,,,0,30,6,63998,14,,,0,70,6,64019,14,,,0,30,6,64000,14,,,0,70,6,64020,14,,,0,30,6,64004,14,,,0,70,6,64018,14,,,0,30,8,63999,14,,,0,70,48,64017,14,,,0,30,8,64002,14,,,0,70,48,64016,14,,,0,30,8,64001,14,,,0,70,48,64015,14,,,0,30,8,63996,14,,,0,70,48,64014,14,,,0
601019,'1969',2106,48,64073,7,,,0,30,8,64072,7,,,0,70,48,64071,14,,,0,30,8,64069,14,,,0,70,48,64070,14,,,0
601019,'1970',1038,,74958,14,4,,0,70,,74959,14,4,,0,200,,74960,14,4,,0,30,,74961,14,4,,0
701019,'1965',1457,,69310,9,4,,0,146,,73119,9,4,,0
801019,'1912',757,,69897,10,,,0,70,,73475,10,,,0,30,,69901,10,,,0,70,,69890,10,,,0,30,,73474,10,,,0,70,,69895,10,,,0,30,,69908,10,,,0,70,,69899,10,,,0,30,,69896,10,,,0,70,,69905,10,,,0,30,,69891,10,,,0,70,,69902,10,,,0,30,,69904,10,,,0,70,,69900,10,,,0,30,,69887,10,,,0,70,,69906,10,,,0,30,,69892,10,,,0,70,,69888,10,,,0,30,,69903,10,,,0,70,,69886,10,,,0,30,,69889,10,,,0,70,,69907,10,,,0,30,,69884,10,,,0,71,,69894,10,,,0,30,,69909,10,,,0,70,,69898,10,,,0
801019,'1959',757,,69923,10,,,0,70,,73517,10,,,0,30,,69927,10,,,0,70,,69916,10,,,0,30,,73516,10,,,0,70,,69921,10,,,0,30,,69934,10,,,0,70,,69925,10,,,0,30,,69922,10,,,0,70,,69931,10,,,0,30,,69917,10,,,0,70,,69928,10,,,0,30,,69930,10,,,0,70,,69926,10,,,0,30,,69913,10,,,0,70,,69932,10,,,0,30,,69918,10,,,0,70,,69914,10,,,0,30,,69929,10,,,0,70,,69912,10,,,0,30,,69915,10,,,0,70,,69933,10,,,0,30,,69910,10,,,0,71,,69920,10,,,0,30,,69935,10,,,0,70,,69924,10,,,0
801019,'1965',652,,73492,10,4,,0,65,,73491,10,4,,0,18,,65487,10,4,,0,18,,73490,10,,,0,60,,65486,10,4,,0,20,,73496,10,4,,0,25,,73478,10,,,0,69,,73479,10,,,0,100,,69984,10,,,0,30,,73481,10,,,0,169,,73483,10,,,0,31,,73484,10,,,0,100,,69991,10,,,0,70,,73486,10,,,0,31,,73493,10,,,0,95,,69993,10,,,0,80,,70008,10,4,,0,20,,69995,10,,,0,60,,69996,10,,,0,144,,69998,10,,,0,170,,70001,10,,,0
801019,'1966',758,,73501,10,,,0,1270,,73504,10,,,0
801019,'1967',828,,69861,10,,,0,30,,73502,10,,,0,70,,73500,10,,,0,30,,69858,10,,,0,70,,73509,10,,,0,30,,73510,10,,,0,70,,73513,10,,,0,30,,69867,10,,,0,70,,73508,10,,,0,30,,69874,10,,,0,70,,73512,10,,,0,30,,73505,10,,,0,70,,73514,10,,,0,30,,69872,10,,,0,70,,73506,10,,,0,30,,69868,10,,,0,70,,73515,10,,,0,30,,69866,10,,,0,70,,73507,10,,,0,30,,69871,10,,,0,70,,73511,10,,,0,30,,69870,10,,,0,70,,69863,10,,,0,30,,73503,10,,,0
801019,'1969',757,,69949,10,,,0,70,,73477,10,,,0,30,,69953,10,,,0,70,,69942,10,,,0,30,,73476,10,,,0,70,,69947,10,,,0,30,,69960,10,,,0,70,,69951,10,,,0,30,,69948,10,,,0,70,,69957,10,,,0,30,,69943,10,,,0,70,,69954,10,,,0,30,,69956,10,,,0,70,,69952,10,,,0,30,,69939,10,,,0,70,,69958,10,,,0,30,,69944,10,,,0,70,,69940,10,,,0,30,,69955,10,,,0,70,,69938,10,,,0,30,,69941,10,,,0,70,,69959,10,,,0,30,,69936,10,,,0,71,,69946,10,,,0,30,,69961,10,,,0,70,,69950,10,,,0
801019,'1970',602,,75027,10,4,,0,30,,75024,10,4,,0,325,,75015,10,,,0,170,,75016,10,,,0,30,,75017,10,,,0,170,,75018,10,,,0,201,,75025,10,4,,0,85,,75019,10,,,0,122,,75026,10,4,,0,17,,75020,10,,,0,60,,75028,10,4,,0,15,,75023,10,4,,0,100,,75021,10,,,0,30,,75022,10,,,0
801019,'1971',758,,75029,10,,,0,1270,,75030,10,,,0
14000001029,'1912',541,,73589,15,0,18 7,0,1811,,70205,15,,,0,69,,75060,15,,,0,30,,65884,15,,,0,70,,70206,15,,,0,30,,75059,15,,,0,70,,65880,15,,,0
14000001029,'1959',541,,73605,15,0,18 7,0,1811,,70208,15,,,0,99,,65891,15,,,0,70,,70209,15,,,0,100,,65887,15,,,0
14000001029,'1965',439,,65864,15,0,18 7,0,102,,73593,15,0,18 7,0,1811,,73595,15,,,0,99,,65871,15,,,0,70,,73594,15,,,0,100,,65870,15,,,0
14000001029,'1966',541,,73600,15,0,18 7,0,1880,,73598,15,,,0,130,,73601,15,,,0
14000001029,'1967',2352,,73602,15,,,0,99,,65872,15,,,0,70,,73599,15,,,0,100,,65875,15,,,0
14000001029,'1968',2421,,73591,15,,,0,130,,73590,15,,,0
14000001029,'1969',541,,73592,15,0,18 7,0,1811,,70211,15,,,0,99,,65898,15,,,0,70,,70212,15,,,0,100,,65894,15,,,0
14000001029,'1970',2421,,75061,15,,,0,130,,75062,15,,,0
14000001029,'1971',541,,75064,15,0,18 7,0,1880,,75063,15,,,0,130,,75065,15,,,0
14000001029,'1972',2421,,75067,15,,,0,130,,75066,15,,,0
14000001029,'1973',2421,,75069,15,,,0,130,,75068,15,,,0
