701019,'1838',616,,46693,9,4,,0,1,,46692,1,,,0,27,,40006,9,4,,0,1,,40013,1,,,0,68,,46715,9,4,,0,2,,46714,1,,,0,28,,46690,9,4,,0,2,,46691,1,,,0,55,,46668,1,,,0,13,,46717,9,4,,0,2,,46732,1,,,0,15,,46650,1,,,0,13,,46694,9,4,,0,2,,46701,1,,,0,55,,46652,1,,,0,13,,46689,9,4,,0,2,,46688,1,,,0,15,,46669,1,,,0,13,,46719,9,4,,0,2,,46728,1,,,0,55,,46644,1,,,0,14,,46698,9,4,,0,1,,46712,1,,,0,15,,46653,1,,,0,14,,46686,9,4,,0,1,,46687,1,,,0,55,,46648,1,,,0,14,,40001,9,4,,0,1,,40007,1,,,0,15,,46656,1,,,0,14,,46696,9,4,,0,1,,46710,1,,,0,55,,46651,1,,,0,15,,46685,9,4,,0,15,,46663,1,,,0,15,,46716,9,4,,0,55,,46654,1,,,0,15,,46700,9,4,,0,15,,46659,1,,,0,15,,46683,9,4,,0,55,,46662,1,,,0,15,,46720,9,4,,0,15,,46649,1,,,0,15,,46699,9,4,,0,55,,46661,1,,,0,15,,46681,9,4,,0,15,,46665,1,,,0,15,,46718,9,4,,0,55,,46646,1,,,0,15,,46695,9,4,,0,15,,46647,1,,,0,15,,46679,9,4,,0,55,,46664,1,,,0,14,,46721,9,4,,0,1,,46723,1,,,0,15,,46645,1,,,0,14,,46705,9,4,,0,1,,46703,1,,,0,55,,46660,1,,,0,14,,46676,9,4,,0,1,,46677,1,,,0,15,,46666,1,,,0,14,,46731,9,4,,0,1,,46722,1,,,0,55,,46657,1,,,0,13,,46708,9,4,,0,2,,46704,1,,,0,15,,46658,1,,,0,13,,46674,9,4,,0,2,,46675,1,,,0,55,,46667,1,,,0,13,,46727,9,4,,0,2,,46734,1,,,0,15,,46655,1,,,0,13,,46711,9,4,,0,2,,46702,1,,,0,68,,46671,9,4,,0,2,,46672,1,,,0,28,,46724,9,4,,0,2,,46730,1,,,0,67,,46709,9,4,,0,3,,46697,1,,,0,27,,46673,9,4,,0,3,,46670,1,,,0,67,,46726,9,4,,0,3,,46735,1,,,0,22,,46738,9,4,,0,3,,46737,1,,,0,65,,46736,1,,,0
701019,'1867',616,,46990,9,4,,0,1,,46989,1,,,0,27,,40607,9,4,,0,1,,40614,1,,,0,68,,47012,9,4,,0,2,,47011,1,,,0,28,,46987,9,4,,0,2,,46988,1,,,0,55,,46965,1,,,0,13,,47014,9,4,,0,2,,47029,1,,,0,15,,46947,1,,,0,13,,46991,9,4,,0,2,,46998,1,,,0,55,,46949,1,,,0,13,,46986,9,4,,0,2,,46985,1,,,0,15,,46966,1,,,0,13,,47016,9,4,,0,2,,47025,1,,,0,55,,46941,1,,,0,14,,46995,9,4,,0,1,,47009,1,,,0,15,,46950,1,,,0,14,,46983,9,4,,0,1,,46984,1,,,0,55,,46945,1,,,0,14,,40602,9,4,,0,1,,40608,1,,,0,15,,46953,1,,,0,14,,46993,9,4,,0,1,,47007,1,,,0,55,,46948,1,,,0,15,,46982,9,4,,0,15,,46960,1,,,0,15,,47013,9,4,,0,55,,46951,1,,,0,15,,46997,9,4,,0,15,,46956,1,,,0,15,,46980,9,4,,0,55,,46959,1,,,0,15,,47017,9,4,,0,15,,46946,1,,,0,15,,46996,9,4,,0,55,,46958,1,,,0,15,,46978,9,4,,0,15,,46962,1,,,0,15,,47015,9,4,,0,55,,46943,1,,,0,15,,46992,9,4,,0,15,,46944,1,,,0,15,,46976,9,4,,0,55,,46961,1,,,0,14,,47018,9,4,,0,1,,47020,1,,,0,15,,46942,1,,,0,14,,47002,9,4,,0,1,,47000,1,,,0,55,,46957,1,,,0,14,,46973,9,4,,0,1,,46974,1,,,0,15,,46963,1,,,0,14,,47028,9,4,,0,1,,47019,1,,,0,55,,46954,1,,,0,13,,47005,9,4,,0,2,,47001,1,,,0,15,,46955,1,,,0,13,,46971,9,4,,0,2,,46972,1,,,0,55,,46964,1,,,0,13,,47024,9,4,,0,2,,47031,1,,,0,15,,46952,1,,,0,13,,47008,9,4,,0,2,,46999,1,,,0,68,,46968,9,4,,0,2,,46969,1,,,0,28,,47021,9,4,,0,2,,47027,1,,,0,67,,47006,9,4,,0,3,,46994,1,,,0,27,,46970,9,4,,0,3,,46967,1,,,0,67,,47023,9,4,,0,3,,47032,1,,,0,22,,47035,9,4,,0,3,,47034,1,,,0,65,,47033,1,,,0
701019,'1892',556,,46825,9,4,,0,1,,46739,1,,,0,87,,46835,9,4,,0,1,,46741,1,,,0,55,,46827,9,4,,0,15,,46743,1,,,0,11,,46834,9,4,,0,4,,46744,1,,,0,15,,46828,9,4,,0,55,,43721,1,,,0,10,,46829,9,4,,0,5,,46746,1,,,0,8,,46830,9,4,,0,7,,46747,1,,,0,13,,46831,9,4,,0,2,,46748,1,,,0,55,,46749,1,,,0,14,,46799,9,4,,0,1,,46750,1,,,0,15,,46751,1,,,0,14,,46840,9,4,,0,1,,46841,1,,,0,69,,46800,9,4,,0,1,,46753,1,,,0,15,,46754,1,,,0,14,,46801,9,4,,0,1,,46755,1,,,0,55,,46756,1,,,0,14,,46802,9,4,,0,1,,46757,1,,,0,29,,46803,9,4,,0,1,,46759,1,,,0,55,,46760,1,,,0,14,,46804,9,4,,0,1,,46761,1,,,0,15,,46762,1,,,0,14,,46805,9,4,,0,1,,46763,1,,,0,55,,46764,1,,,0,14,,46806,9,4,,0,1,,46765,1,,,0,15,,46766,1,,,0,14,,46807,9,4,,0,1,,46767,1,,,0,55,,46768,1,,,0,13,,46808,9,4,,0,2,,46769,1,,,0,15,,46770,1,,,0,12,,40390,9,4,,0,3,,40350,1,,,0,70,,40351,1,,,0,10,,46809,9,4,,0,5,,46771,1,,,0,14,,46833,9,4,,0,1,,46772,1,,,0,55,,46773,1,,,0,44,,46811,9,4,,0,1,,46775,1,,,0,55,,46776,1,,,0,15,,46777,1,,,0,10,,46832,9,4,,0,5,,46778,1,,,0,15,,46824,9,4,,0,55,,46780,1,,,0,9,,46823,9,4,,0,6,,46781,1,,,0,29,,46812,9,4,,0,1,,46783,1,,,0,55,,46784,1,,,0,14,,46813,9,4,,0,1,,46785,1,,,0,15,,46786,1,,,0,13,,46814,9,4,,0,2,,46787,1,,,0,68,,46815,9,4,,0,2,,46789,1,,,0,15,,46790,1,,,0,13,,46816,9,4,,0,2,,46791,1,,,0,68,,46817,9,4,,0,2,,46792,1,,,0,28,,46818,9,4,,0,2,,46793,1,,,0,67,,46819,9,4,,0,3,,46794,1,,,0,27,,46820,9,4,,0,3,,46795,1,,,0,67,,46821,9,4,,0,3,,46796,1,,,0,22,,46836,9,4,,0,3,,46797,1,,,0,65,,46798,1,,,0
701019,'1896',626,,50895,9,4,,0,1,,50887,1,,,0,373,,50888,1,,,0,130,,50889,1,,,0,370,,50896,1,,,0,115,,50897,1,,,0,9,,50893,9,4,,0,6,,50890,1,,,0,199,,50894,9,4,,0,1,,50891,1,,,0,170,,50892,1,,,0
701019,'1897',556,,50988,9,4,,0,1,,50898,1,,,0,69,,50989,9,4,,0,1,,50899,1,,,0,17,,50999,9,4,,0,1,,50900,1,,,0,55,,50990,9,4,,0,15,,50902,1,,,0,11,,50998,9,4,,0,4,,50903,1,,,0,15,,50991,9,4,,0,55,,50905,1,,,0,10,,50992,9,4,,0,5,,50906,1,,,0,8,,50993,9,4,,0,7,,50907,1,,,0,13,,50994,9,4,,0,2,,50908,1,,,0,55,,50909,1,,,0,14,,50961,9,4,,0,1,,50910,1,,,0,15,,50911,1,,,0,14,,51005,9,4,,0,1,,51006,1,,,0,55,,50912,1,,,0,14,,50962,9,4,,0,1,,50913,1,,,0,15,,50914,1,,,0,14,,50963,9,4,,0,1,,50915,1,,,0,55,,50916,1,,,0,14,,50964,9,4,,0,1,,50917,1,,,0,15,,50918,1,,,0,14,,50965,9,4,,0,1,,50919,1,,,0,55,,50920,1,,,0,14,,50966,9,4,,0,1,,50921,1,,,0,15,,50922,1,,,0,14,,50967,9,4,,0,1,,50923,1,,,0,55,,50924,1,,,0,14,,50968,9,4,,0,1,,50925,1,,,0,15,,50926,1,,,0,14,,50969,9,4,,0,1,,50927,1,,,0,55,,50928,1,,,0,13,,50970,9,4,,0,2,,50929,1,,,0,15,,50930,1,,,0,12,,50971,9,4,,0,3,,50931,1,,,0,55,,50997,1,,,0,15,,50932,1,,,0,10,,50972,9,4,,0,5,,50933,1,,,0,14,,50996,9,4,,0,1,,50934,1,,,0,55,,50935,1,,,0,15,,51000,1,,,0,9,,50973,9,4,,0,6,,50936,1,,,0,14,,50974,9,4,,0,1,,50937,1,,,0,55,,50938,1,,,0,15,,50939,1,,,0,10,,50995,9,4,,0,5,,50940,1,,,0,15,,50987,9,4,,0,55,,50942,1,,,0,9,,50986,9,4,,0,6,,50943,1,,,0,14,,50985,9,4,,0,1,,50944,1,,,0,14,,50975,9,4,,0,1,,50945,1,,,0,55,,50946,1,,,0,14,,50976,9,4,,0,1,,50947,1,,,0,15,,50948,1,,,0,13,,50977,9,4,,0,2,,50949,1,,,0,55,,50950,1,,,0,13,,50978,9,4,,0,2,,50951,1,,,0,15,,50952,1,,,0,13,,50979,9,4,,0,2,,50953,1,,,0,68,,50980,9,4,,0,2,,50954,1,,,0,28,,50981,9,4,,0,2,,50955,1,,,0,67,,50982,9,4,,0,3,,50956,1,,,0,27,,50983,9,4,,0,3,,50957,1,,,0,67,,50984,9,4,,0,3,,50958,1,,,0,22,,51001,9,4,,0,3,,50959,1,,,0,65,,50960,1,,,0
701019,'1898',616,,51074,9,4,,0,1,,51076,1,,,0,27,,51029,9,4,,0,1,,51041,1,,,0,68,,51067,9,4,,0,2,,51021,1,,,0,28,,51053,9,4,,0,2,,51033,1,,,0,55,,51079,1,,,0,13,,51058,9,4,,0,2,,51045,1,,,0,15,,51080,1,,,0,13,,51063,9,4,,0,2,,51011,1,,,0,55,,51081,1,,,0,13,,51068,9,4,,0,2,,51022,1,,,0,15,,51088,1,,,0,13,,51054,9,4,,0,2,,51034,1,,,0,55,,51091,1,,,0,14,,51059,9,4,,0,1,,51046,1,,,0,15,,51086,1,,,0,14,,51064,9,4,,0,1,,51012,1,,,0,55,,51089,1,,,0,14,,51069,9,4,,0,1,,51023,1,,,0,15,,51087,1,,,0,14,,51055,9,4,,0,1,,51035,1,,,0,55,,51090,1,,,0,15,,51060,9,4,,0,15,,51102,1,,,0,15,,51065,9,4,,0,55,,51101,1,,,0,15,,51070,9,4,,0,15,,51100,1,,,0,15,,51056,9,4,,0,55,,51099,1,,,0,15,,51061,9,4,,0,15,,51098,1,,,0,15,,51066,9,4,,0,55,,51097,1,,,0,15,,51071,9,4,,0,15,,51103,1,,,0,15,,51057,9,4,,0,55,,51096,1,,,0,15,,51062,9,4,,0,15,,51095,1,,,0,15,,51073,9,4,,0,55,,51094,1,,,0,14,,51007,9,4,,0,1,,51026,1,,,0,15,,51093,1,,,0,14,,51018,9,4,,0,1,,51038,1,,,0,55,,51092,1,,,0,14,,51030,9,4,,0,1,,51050,1,,,0,15,,51104,1,,,0,14,,51042,9,4,,0,1,,51016,1,,,0,55,,51077,1,,,0,13,,51008,9,4,,0,2,,51027,1,,,0,15,,51082,1,,,0,13,,51019,9,4,,0,2,,51039,1,,,0,55,,51083,1,,,0,13,,51031,9,4,,0,2,,51051,1,,,0,15,,51084,1,,,0,13,,51043,9,4,,0,2,,51017,1,,,0,68,,51009,9,4,,0,2,,51028,1,,,0,28,,51020,9,4,,0,2,,51040,1,,,0,67,,51032,9,4,,0,3,,51052,1,,,0,27,,51044,9,4,,0,3,,51072,1,,,0,67,,51010,9,4,,0,3,,51075,1,,,0,22,,51105,9,4,,0,3,,51085,1,,,0,65,,51078,1,,,0
702029,'1838',2402,,47651,19,4,,0
702029,'1867',2402,,47842,19,4,,0
702029,'1892',2401,,47685,19,4,,0
702029,'1897',2401,,51222,19,4,,0
702029,'1898',2402,,51315,19,4,,0
801019,'1838',758,,48048,11,4,,0,70,,48044,11,4,,0,30,,48052,11,4,,0,70,,48041,11,4,,0,30,,48036,11,4,,0,70,,48046,11,4,,0,30,,48059,11,4,,0,70,,48050,11,4,,0,30,,48047,11,4,,0,70,,48056,11,4,,0,30,,48042,11,4,,0,70,,48053,11,4,,0,30,,48055,11,4,,0,70,,48051,11,4,,0,30,,48038,11,4,,0,70,,48057,11,4,,0,30,,48043,11,4,,0,70,,48039,11,4,,0,30,,48054,11,4,,0,70,,48037,11,4,,0,30,,48040,11,4,,0,70,,48058,11,4,,0,30,,48035,11,4,,0,71,,48045,11,4,,0,30,,48060,11,4,,0,70,,48049,11,4,,0
801019,'1867',758,,48125,11,4,,0,70,,48121,11,4,,0,30,,48129,11,4,,0,70,,48118,11,4,,0,30,,48113,11,4,,0,70,,48123,11,4,,0,30,,48136,11,4,,0,70,,48127,11,4,,0,30,,48124,11,4,,0,70,,48133,11,4,,0,30,,48119,11,4,,0,70,,48130,11,4,,0,30,,48132,11,4,,0,70,,48128,11,4,,0,30,,48115,11,4,,0,70,,48134,11,4,,0,30,,48120,11,4,,0,70,,48116,11,4,,0,30,,48131,11,4,,0,70,,48114,11,4,,0,30,,48117,11,4,,0,70,,48135,11,4,,0,30,,48112,11,4,,0,71,,48122,11,4,,0,30,,48137,11,4,,0,70,,48126,11,4,,0
801019,'1892',754,,43913,11,4,,0,105,,48061,11,4,,0,70,,48062,11,4,,0,100,,48064,11,4,,0,30,,48065,11,4,,0,100,,48067,11,4,,0,70,,48068,11,4,,0,30,,48069,11,4,,0,70,,48070,11,4,,0,30,,48071,11,4,,0,70,,48072,11,4,,0,125,,48073,11,4,,0,100,,48074,11,4,,0,60,,48075,11,4,,0,40,,48076,11,4,,0,104,,48077,11,4,,0,70,,48078,11,4,,0,100,,48080,11,4,,0
801019,'1896',959,,51318,11,4,,0,170,,51319,11,4,,0,330,,51324,11,4,,0,155,,51320,11,4,,0,344,,51321,11,4,,0
801019,'1897',754,,51347,11,4,,0,105,,51326,11,4,,0,70,,51327,11,4,,0,30,,51328,11,4,,0,70,,51329,11,4,,0,30,,51330,11,4,,0,70,,51331,11,4,,0,30,,51332,11,4,,0,70,,51333,11,4,,0,30,,51334,11,4,,0,70,,51335,11,4,,0,30,,51336,11,4,,0,70,,51337,11,4,,0,30,,51353,11,4,,0,95,,51338,11,4,,0,60,,51339,11,4,,0,40,,51340,11,4,,0,60,,51341,11,4,,0,40,,51342,11,4,,0,104,,51343,11,4,,0,70,,51344,11,4,,0,30,,51345,11,4,,0,70,,51346,11,4,,0
801019,'1898',758,,51381,11,4,,0,70,,51382,11,4,,0,30,,51383,11,4,,0,70,,51369,11,4,,0,30,,51368,11,4,,0,70,,51367,11,4,,0,30,,51378,11,4,,0,70,,51372,11,4,,0,30,,51377,11,4,,0,70,,51376,11,4,,0,30,,51375,11,4,,0,70,,51374,11,4,,0,30,,51363,11,4,,0,70,,51371,11,4,,0,30,,51380,11,4,,0,70,,51365,11,4,,0,30,,51361,11,4,,0,70,,51362,11,4,,0,30,,51364,11,4,,0,70,,51366,11,4,,0,30,,51379,11,4,,0,70,,51373,11,4,,0,30,,51370,11,4,,0,71,,51384,11,4,,0,30,,51385,11,4,,0,70,,51386,11,4,,0
