4029,'1912',720,,70787,4,,,0,30,,60008,4,,,0,70,,70786,4,,,0,30,,70788,4,,,0,70,,60005,4,,,0,30,,70779,4,,,0,69,,70782,4,,,0,30,,70767,4,,,0,70,,70772,4,,,0,30,,70775,4,,,0,68,,70778,4,,,0,30,,70780,4,,,0,70,,70768,4,,,0,30,,70771,4,,,0,70,,70774,4,,,0,30,,70777,4,,,0,70,,70781,4,,,0,30,,70769,4,,,0,70,,70770,4,,,0,30,,70773,4,,,0,70,,70776,4,,,0,30,,66240,4,,,0,70,,70791,4,,,0,34,,70792,4,,,0,70,,70790,4,,,0,30,,70785,4,,,0,70,,70789,4,,,0,30,,70783,4,,,0,100,,70784,4,,,0
4029,'1959',720,,70894,4,,,0,30,,60037,4,,,0,70,,70893,4,,,0,30,,70895,4,,,0,70,,60034,4,,,0,30,,70886,4,,,0,69,,70889,4,,,0,30,,70874,4,,,0,70,,70879,4,,,0,30,,70882,4,,,0,68,,70885,4,,,0,30,,70887,4,,,0,70,,70875,4,,,0,30,,70878,4,,,0,70,,70881,4,,,0,30,,70884,4,,,0,70,,70888,4,,,0,30,,70876,4,,,0,70,,70877,4,,,0,30,,70880,4,,,0,70,,70883,4,,,0,30,,66267,4,,,0,70,,70898,4,,,0,34,,70899,4,,,0,70,,70897,4,,,0,30,,70892,4,,,0,70,,70896,4,,,0,30,,70890,4,,,0,100,,70891,4,,,0
4029,'1967',622,,74215,4,,,0,28,,70867,4,,,0,70,,70868,4,,,0,30,,74216,4,,,0,70,,74217,4,,,0,30,,70871,4,,,0,70,,74218,4,,,0,30,,74209,4,,,0,67,,74203,4,,,0,30,,74198,4,,,0,70,,74207,4,,,0,30,,74213,4,,,0,70,,74208,4,,,0,30,,74197,4,,,0,70,,74200,4,,,0,30,,74211,4,,,0,70,,74196,4,,,0,30,,74210,4,,,0,70,,74205,4,,,0,30,,74199,4,,,0,70,,74194,4,,,0,30,,74212,4,,,0,70,,74214,4,,,0,30,,74206,4,,,0,70,,74201,4,,,0,30,,74219,4,,,0,72,,70849,4,,,0,30,,74195,4,,,0,72,,70850,4,,,0,30,,74204,4,,,0,70,,70865,4,,,0,30,,74202,4,,,0
4029,'1969',720,,70813,4,,,0,30,,60066,4,,,0,70,,70812,4,,,0,30,,70814,4,,,0,70,,60063,4,,,0,30,,70805,4,,,0,69,,70808,4,,,0,30,,70793,4,,,0,70,,70798,4,,,0,30,,70801,4,,,0,68,,70804,4,,,0,30,,70806,4,,,0,70,,70794,4,,,0,30,,70797,4,,,0,70,,70800,4,,,0,30,,70803,4,,,0,70,,70807,4,,,0,30,,70795,4,,,0,70,,70796,4,,,0,30,,70799,4,,,0,70,,70802,4,,,0,30,,66294,4,,,0,70,,70817,4,,,0,34,,70818,4,,,0,70,,70816,4,,,0,30,,70811,4,,,0,70,,70815,4,,,0,30,,70809,4,,,0,100,,70810,4,,,0
4029,'1976',620,,70819,4,,,0,30,,74183,4,,,0,72,,70821,4,,,0,24,,74184,4,,,0,76,,70823,4,,,0,24,,59926,4,,,0,71,,74185,4,,,0,30,,74186,4,,,0,70,,74187,4,,,0,30,,66313,4,,,0,70,,70827,4,,,0,30,,70828,4,,,0,70,,70829,4,,,0,30,,70830,4,,,0,70,,66314,4,,,0,30,,74188,4,,,0,70,,70832,4,,,0,35,,74189,4,,,0,65,,70834,4,,,0,36,,66317,4,,,0,64,,66318,4,,,0,36,,70835,4,,,0,64,,59943,4,,,0,36,,59944,4,,,0,67,,70836,4,,,0,29,,74190,4,,,0,70,,74191,4,,,0,30,,74192,4,,,0,71,,70840,4,,,0,30,,74193,4,,,0,70,,66322,4,,,0,30,,70842,4,,,0
4029,'1977',620,,75241,4,,,0,30,,75242,4,,,0,72,,75243,4,,,0,24,,75244,4,,,0,76,,75245,4,,,0,24,,75246,4,,,0,71,,75247,4,,,0,30,,75248,4,,,0,70,,75249,4,,,0,30,,75250,4,,,0,70,,75251,4,,,0,30,,75252,4,,,0,70,,75253,4,,,0,30,,75254,4,,,0,70,,75255,4,,,0,30,,75256,4,,,0,70,,75257,4,,,0,35,,75258,4,,,0,65,,75259,4,,,0,36,,75260,4,,,0,64,,75261,4,,,0,36,,75262,4,,,0,64,,75263,4,,,0,36,,75264,4,,,0,67,,75265,4,,,0,29,,75266,4,,,0,70,,75267,4,,,0,30,,75268,4,,,0,71,,75269,4,,,0,30,,75270,4,,,0,70,,75271,4,,,0,30,,75272,4,,,0
7029,'1912',635,,60679,4,0,13 35,0,70,,60657,4,,,0,100,,60658,4,,,0,30,,71210,4,0,13 35,0,70,,60659,4,,,0,30,,60681,4,0,13 35,0,70,,60660,4,,,0,30,,60676,4,0,13 35,0,70,,60661,4,,,0,30,,71209,4,0,13 35,0,71,,60662,4,,,0,30,,71203,4,0,13 35,0,70,,60663,4,,,0,30,,66666,4,0,13 35,0,70,,60664,4,,,0,30,,66659,4,0,13 35,0,70,,60665,4,,,0,30,,71206,4,0,13 35,0,70,,60666,4,,,0,30,,71202,4,0,13 35,0,70,,60667,4,,,0,30,,71207,4,0,13 35,0,69,,60668,4,,,0,30,,71201,4,0,13 35,0,70,,60669,4,,,0,30,,71208,4,0,13 35,0,70,,60670,4,,,0,30,,71204,4,0,13 35,0,70,,60656,4,,,0,30,,71205,4,0,13 35,0,70,,60689,4,0,13 35,0,30,,60687,4,0,13 35,0,70,,60686,4,0,13 35,0,29,,66656,4,0,13 35,0
7029,'1959',635,,60713,4,0,13 35,0,70,,60691,4,,,0,100,,60692,4,,,0,30,,71281,4,0,13 35,0,70,,60693,4,,,0,30,,60715,4,0,13 35,0,70,,60694,4,,,0,30,,60710,4,0,13 35,0,70,,60695,4,,,0,30,,71280,4,0,13 35,0,71,,60696,4,,,0,30,,71274,4,0,13 35,0,70,,60697,4,,,0,30,,66679,4,0,13 35,0,70,,60698,4,,,0,30,,66672,4,0,13 35,0,70,,60699,4,,,0,30,,71277,4,0,13 35,0,70,,60700,4,,,0,30,,71273,4,0,13 35,0,70,,60701,4,,,0,30,,71278,4,0,13 35,0,69,,60702,4,,,0,30,,71272,4,0,13 35,0,70,,60703,4,,,0,30,,71279,4,0,13 35,0,70,,60704,4,,,0,30,,71275,4,0,13 35,0,70,,60690,4,,,0,30,,71276,4,0,13 35,0,70,,60723,4,0,13 35,0,30,,60721,4,0,13 35,0,70,,60720,4,0,13 35,0,29,,66669,4,0,13 35,0
7029,'1967',636,,74332,4,,,0,70,,71262,4,,,0,30,,71252,4,,,0,69,,74333,4,,,0,30,,71253,4,,,0,70,,71263,4,,,0,30,,71254,4,,,0,71,,71264,4,,,0,30,,66633,4,,,0,70,,74334,4,,,0,30,,71255,4,,,0,70,,71265,4,,,0,30,,71256,4,,,0,70,,60640,4,,,0,30,,66636,4,,,0,70,,74335,4,,,0,30,,71257,4,,,0,70,,60642,4,,,0,30,,71258,4,,,0,70,,66647,4,,,0,30,,71259,4,,,0,70,,60644,4,,,0,30,,71260,4,,,0,70,,71266,4,,,0,30,,71261,4,,,0,69,,74336,4,,,0,30,,66642,4,,,0,70,,60647,4,,,0,30,,66655,4,0,13 35,0,70,,60648,4,,,0,30,,66654,4,0,13 35,0,70,,74337,4,,,0,30,,71271,4,0,13 35,0,70,,60650,4,,,0,29,,71270,4,0,13 35,0
7029,'1969',635,,60747,4,0,13 35,0,70,,60725,4,,,0,100,,60726,4,,,0,30,,71220,4,0,13 35,0,70,,60727,4,,,0,30,,60749,4,0,13 35,0,70,,60728,4,,,0,30,,60744,4,0,13 35,0,70,,60729,4,,,0,30,,71219,4,0,13 35,0,71,,60730,4,,,0,30,,71213,4,0,13 35,0,70,,60731,4,,,0,30,,66692,4,0,13 35,0,70,,60732,4,,,0,30,,66685,4,0,13 35,0,70,,60733,4,,,0,30,,71216,4,0,13 35,0,70,,60734,4,,,0,30,,71212,4,0,13 35,0,70,,60735,4,,,0,30,,71217,4,0,13 35,0,69,,60736,4,,,0,30,,71211,4,0,13 35,0,70,,60737,4,,,0,30,,71218,4,0,13 35,0,70,,60738,4,,,0,30,,71214,4,0,13 35,0,70,,60724,4,,,0,30,,71215,4,0,13 35,0,70,,60757,4,0,13 35,0,30,,60755,4,0,13 35,0,70,,60754,4,0,13 35,0,29,,66682,4,0,13 35,0
7029,'1976',505,,60618,4,,,0,35,,60617,4,0,13 35,0,65,,60588,4,,,0,30,,74323,4,,,0,71,,71228,4,,,0,30,,74324,4,,,0,70,,71230,4,,,0,30,,74325,4,,,0,70,,71232,4,,,0,30,,71233,4,,,0,70,,71234,4,,,0,30,,71235,4,,,0,70,,71236,4,,,0,30,,74326,4,,,0,70,,74321,4,,,0,30,,74322,4,,,0,70,,71225,4,,,0,30,,74320,4,,,0,70,,74319,4,,,0,30,,71226,4,,,0,70,,71238,4,,,0,30,,74327,4,,,0,70,,74328,4,,,0,30,,71241,4,,,0,70,,71242,4,,,0,30,,71243,4,,,0,70,,74329,4,,,0,30,,74330,4,,,0,70,,60608,4,,,0,30,,71245,4,,,0,70,,60610,4,,,0,29,,74331,4,0,13 35,0,70,,71246,4,,,0,30,,71247,4,0,13 35,0,70,,60612,4,,,0,30,,71249,4,0,13 35,0,70,,71250,4,,,0,29,,71248,4,0,13 35,0
7029,'1977',505,,75408,4,,,0,35,,75407,4,0,13 35,0,65,,75378,4,,,0,30,,75379,4,,,0,71,,75380,4,,,0,30,,75381,4,,,0,70,,75382,4,,,0,30,,75383,4,,,0,70,,75384,4,,,0,30,,75385,4,,,0,70,,75386,4,,,0,30,,75387,4,,,0,70,,75388,4,,,0,30,,75389,4,,,0,70,,75374,4,,,0,30,,75375,4,,,0,70,,75376,4,,,0,30,,75373,4,,,0,70,,75372,4,,,0,30,,75377,4,,,0,70,,75390,4,,,0,30,,75391,4,,,0,70,,75392,4,,,0,30,,75393,4,,,0,70,,75394,4,,,0,30,,75395,4,,,0,70,,75396,4,,,0,30,,75397,4,,,0,70,,75398,4,,,0,30,,75399,4,,,0,70,,75400,4,,,0,29,,75406,4,0,13 35,0,70,,75401,4,,,0,30,,75403,4,0,13 35,0,70,,75402,4,,,0,30,,75405,4,0,13 35,0,70,,75409,4,,,0,29,,75404,4,0,13 35,0
13019,'1912',804,,71572,11,,,0,100,,61342,11,,,0,100,,71562,11,,,0,101,,71563,11,,,0,101,,71564,11,,,0,101,,67142,11,,,0,100,,67143,11,,,0,100,,71565,11,,,0,100,,71566,11,,,0,98,,71567,11,,,0,99,,71568,11,,,0,100,,71569,11,,,0,100,,71570,11,,,0,100,,71571,11,,,0,100,,61341,11,,,0
13019,'1959',804,,71629,11,,,0,100,,61357,11,,,0,100,,71619,11,,,0,101,,71620,11,,,0,101,,71621,11,,,0,101,,67155,11,,,0,100,,67156,11,,,0,100,,71622,11,,,0,100,,71623,11,,,0,98,,71624,11,,,0,99,,71625,11,,,0,100,,71626,11,,,0,100,,71627,11,,,0,100,,71628,11,,,0,100,,61356,11,,,0
13019,'1967',704,,71604,11,,,0,100,,71605,11,,,0,100,,71606,11,,,0,100,,71607,11,,,0,104,,71608,11,,,0,100,,71609,11,,,0,100,,67129,11,,,0,100,,71610,11,,,0,100,,71611,11,,,0,100,,71612,11,,,0,99,,71613,11,,,0,99,,71614,11,,,0,99,,71615,11,,,0,99,,71616,11,,,0,100,,74430,11,,,0,200,,74431,11,,,0
13019,'1969',804,,71583,11,,,0,100,,61372,11,,,0,100,,71573,11,,,0,101,,71574,11,,,0,101,,71575,11,,,0,101,,67168,11,,,0,100,,67169,11,,,0,100,,71576,11,,,0,100,,71577,11,,,0,98,,71578,11,,,0,99,,71579,11,,,0,100,,71580,11,,,0,100,,71581,11,,,0,100,,71582,11,,,0,100,,61371,11,,,0
13019,'1976',616,,74419,11,,,0,30,,74420,11,,,0,69,,74421,11,,,0,30,,71587,11,,,0,96,,74422,11,,,0,101,,74423,11,,,0,100,,71590,11,,,0,100,,74424,11,,,0,100,,71592,11,,,0,100,,74425,11,,,0,70,,71594,11,,,0,32,,71595,11,,,0,70,,71596,11,,,0,30,,74429,11,,,0,70,,74426,11,,,0,30,,71600,11,,,0,70,,67203,11,,,0,28,,71601,11,,,0,100,,74428,11,,,0,100,,74427,11,,,0,99,,71599,11,,,0,98,,61318,11,,,0,100,,71598,11,,,0
13019,'1977',616,,75533,11,,,0,30,,75534,11,,,0,69,,75535,11,,,0,30,,75536,11,,,0,96,,75537,11,,,0,101,,75538,11,,,0,100,,75539,11,,,0,100,,75540,11,,,0,100,,75541,11,,,0,100,,75542,11,,,0,70,,75543,11,,,0,32,,75544,11,,,0,70,,75545,11,,,0,30,,75556,11,,,0,70,,75546,11,,,0,30,,75553,11,,,0,70,,75547,11,,,0,28,,75554,11,,,0,100,,75555,11,,,0,100,,75552,11,,,0,99,,75551,11,,,0,98,,75550,11,,,0,100,,75549,11,,,0
501019,'1912',608,,62927,3,,,0,30,,72182,3,,,0,67,,62926,3,,,0,30,,72181,3,,,0,70,,62929,3,,,0,30,,72183,3,,,0,70,,72180,3,,,0,30,,67874,3,,,0,70,,72174,3,,,0,30,,67866,3,,,0,71,,72173,3,,,0,30,,67867,3,,,0,70,,72176,3,,,0,30,,67868,3,,,0,70,,72172,3,,,0,30,,67873,3,,,0,70,,72171,3,,,0,30,,67872,3,,,0,70,,72170,3,,,0,30,,67869,3,,,0,70,,72169,3,,,0,30,,67871,3,,,0,70,,72175,3,,,0,30,,67870,3,,,0,70,,72179,3,,,0,30,,67878,3,,,0,70,,72178,3,,,0,30,,67881,3,,,0,69,,72177,3,,,0,30,,67853,3,,,0,70,,62923,3,,,0,30,,67879,3,,,0,70,,62922,3,,,0,30,,67880,3,,,0,70,,62921,3,,,0
501019,'1959',608,,62962,3,,,0,30,,72266,3,,,0,67,,62961,3,,,0,30,,72265,3,,,0,70,,62964,3,,,0,30,,72267,3,,,0,70,,72264,3,,,0,30,,67903,3,,,0,70,,72258,3,,,0,30,,67895,3,,,0,71,,72257,3,,,0,30,,67896,3,,,0,70,,72260,3,,,0,30,,67897,3,,,0,70,,72256,3,,,0,30,,67902,3,,,0,70,,72255,3,,,0,30,,67901,3,,,0,70,,72254,3,,,0,30,,67898,3,,,0,70,,72253,3,,,0,30,,67900,3,,,0,70,,72259,3,,,0,30,,67899,3,,,0,70,,72263,3,,,0,30,,67907,3,,,0,70,,72262,3,,,0,30,,67910,3,,,0,69,,72261,3,,,0,30,,67882,3,,,0,70,,62958,3,,,0,30,,67908,3,,,0,70,,62957,3,,,0,30,,67909,3,,,0,70,,62956,3,,,0
501019,'1967',608,,72230,3,,,0,30,,74810,3,,,0,67,,72229,3,,,0,30,,72232,3,,,0,70,,72228,3,,,0,30,,67831,3,,,0,70,,74809,3,,,0,30,,72231,3,,,0,71,,74814,3,,,0,31,,74824,3,,,0,70,,74815,3,,,0,30,,74825,3,,,0,70,,74816,3,,,0,30,,74826,3,,,0,70,,74817,3,,,0,30,,74827,3,,,0,70,,74818,3,,,0,30,,74828,3,,,0,70,,74819,3,,,0,30,,74829,3,,,0,70,,74820,3,,,0,30,,74822,3,,,0,70,,74821,3,,,0,30,,74823,3,,,0,70,,74808,3,,,0,29,,74813,3,,,0,69,,62881,3,,,0,30,,74811,3,,,0,70,,62880,3,,,0,30,,74812,3,,,0,70,,62879,3,,,0,30,,67832,3,,,0,70,,62878,3,,,0,30,,67833,3,,,0,70,,62877,3,,,0
501019,'1969',608,,62997,3,,,0,30,,72197,3,,,0,67,,62996,3,,,0,30,,72196,3,,,0,70,,62999,3,,,0,30,,72198,3,,,0,70,,72195,3,,,0,30,,67932,3,,,0,70,,72189,3,,,0,30,,67924,3,,,0,71,,72188,3,,,0,30,,67925,3,,,0,70,,72191,3,,,0,30,,67926,3,,,0,70,,72187,3,,,0,30,,67931,3,,,0,70,,72186,3,,,0,30,,67930,3,,,0,70,,72185,3,,,0,30,,67927,3,,,0,70,,72184,3,,,0,30,,67929,3,,,0,70,,72190,3,,,0,30,,67928,3,,,0,70,,72194,3,,,0,30,,67936,3,,,0,70,,72193,3,,,0,30,,67939,3,,,0,69,,72192,3,,,0,30,,67911,3,,,0,70,,62993,3,,,0,30,,67937,3,,,0,70,,62992,3,,,0,30,,67938,3,,,0,70,,62991,3,,,0
501019,'1976',605,,62836,3,,,0,30,,72199,3,,,0,75,,62838,3,,,0,24,,72200,3,,,0,24,,74801,3,,,0,52,,72202,3,,,0,24,,72203,3,,,0,22,,74802,3,,,0,51,,74803,3,,,0,30,,67965,3,,,0,70,,72206,3,,,0,30,,72207,3,,,0,70,,72208,3,,,0,30,,72209,3,,,0,70,,67966,3,,,0,30,,74804,3,,,0,70,,72211,3,,,0,30,,72212,3,,,0,70,,72213,3,,,0,26,,67968,3,,,0,12,,72214,3,,,0,62,,72215,3,,,0,24,,72216,3,,,0,12,,72217,3,,,0,64,,72218,3,,,0,24,,72219,3,,,0,12,,62862,3,,,0,64,,74805,3,,,0,23,,67974,3,,,0,12,,72221,3,,,0,66,,74806,3,,,0,28,,67977,3,,,0,70,,72222,3,,,0,30,,74807,3,,,0,70,,62870,3,,,0,30,,72223,3,,,0,69,,67980,3,,,0,30,,72224,3,,,0,70,,67982,3,,,0,30,,72225,3,,,0,70,,62876,3,,,0
501019,'1977',605,,75954,3,,,0,30,,75955,3,,,0,75,,75956,3,,,0,24,,75957,3,,,0,24,,75958,3,,,0,52,,75959,3,,,0,24,,75960,3,,,0,22,,75961,3,,,0,51,,75962,3,,,0,30,,75963,3,,,0,70,,75964,3,,,0,30,,75965,3,,,0,70,,75966,3,,,0,30,,75967,3,,,0,70,,75968,3,,,0,30,,75969,3,,,0,70,,75970,3,,,0,30,,75971,3,,,0,70,,75972,3,,,0,26,,75973,3,,,0,12,,75974,3,,,0,62,,75975,3,,,0,24,,75976,3,,,0,12,,75977,3,,,0,64,,75978,3,,,0,24,,75979,3,,,0,12,,75980,3,,,0,64,,75981,3,,,0,23,,75982,3,,,0,12,,75983,3,,,0,66,,75984,3,,,0,28,,75985,3,,,0,70,,75986,3,,,0,30,,75987,3,,,0,70,,75988,3,,,0,30,,75989,3,,,0,69,,75990,3,,,0,30,,75991,3,,,0,70,,75992,3,,,0,30,,75993,3,,,0,70,,75994,3,,,0
14000001019,'1912',2357,,65844,6,,,0,70,,70196,6,,,0,30,,75054,6,,,0,70,,65845,6,,,0,30,,70197,6,,,0
14000001019,'1959',2357,,65849,6,,,0,70,,70198,6,,,0,30,,75057,6,,,0,70,,65850,6,,,0,30,,70199,6,,,0
14000001019,'1967',2357,,65840,6,,,0,70,,73583,6,,,0,30,,75056,6,,,0,70,,65838,6,,,0,30,,73585,6,,,0
14000001019,'1969',2357,,65854,6,,,0,70,,70200,6,,,0,30,,75058,6,,,0,70,,65855,6,,,0,30,,70201,6,,,0
14000001019,'1976',2357,,65835,6,,,0,70,,73580,6,,,0,30,,75055,6,,,0,70,,65834,6,,,0,30,,73582,6,,,0
14000001019,'1977',2357,,76523,6,,,0,70,,76520,6,,,0,30,,76521,6,,,0,70,,76522,6,,,0,30,,76524,6,,,0
