4029,'1912',731,,70787,12,,,0,70,,60008,12,,,0,30,,70786,12,,,0,70,,70788,12,,,0,30,,60005,12,,,0,70,,70779,12,,,0,29,,70782,12,,,0,70,,70767,12,,,0,30,,70772,12,,,0,70,,70775,12,,,0,30,,70778,12,,,0,70,,70780,12,,,0,30,,70768,12,,,0,70,,70771,12,,,0,30,,70774,12,,,0,70,,70777,12,,,0,30,,70781,12,,,0,70,,70769,12,,,0,30,,70770,12,,,0,70,,70773,12,,,0,30,,70776,12,,,0,70,,66240,12,,,0,30,,70791,12,,,0,71,,70792,12,,,0,30,,70790,12,,,0,70,,70785,12,,,0,30,,70789,12,,,0,70,,70783,12,,,0,100,,70784,12,,,0
4029,'1959',731,,70894,12,,,0,70,,60037,12,,,0,30,,70893,12,,,0,70,,70895,12,,,0,30,,60034,12,,,0,70,,70886,12,,,0,29,,70889,12,,,0,70,,70874,12,,,0,30,,70879,12,,,0,70,,70882,12,,,0,30,,70885,12,,,0,70,,70887,12,,,0,30,,70875,12,,,0,70,,70878,12,,,0,30,,70881,12,,,0,70,,70884,12,,,0,30,,70888,12,,,0,70,,70876,12,,,0,30,,70877,12,,,0,70,,70880,12,,,0,30,,70883,12,,,0,70,,66267,12,,,0,30,,70898,12,,,0,71,,70899,12,,,0,30,,70897,12,,,0,70,,70892,12,,,0,30,,70896,12,,,0,70,,70890,12,,,0,100,,70891,12,,,0
4029,'1967',633,,74215,12,,,0,68,,70867,12,,,0,30,,70868,12,,,0,70,,74216,12,,,0,30,,74217,12,,,0,70,,70871,12,,,0,30,,74218,12,,,0,71,,74209,12,,,0,29,,74203,12,,,0,70,,74198,12,,,0,30,,74207,12,,,0,70,,74213,12,,,0,30,,74208,12,,,0,70,,74197,12,,,0,30,,74200,12,,,0,70,,74211,12,,,0,30,,74196,12,,,0,70,,74210,12,,,0,30,,74205,12,,,0,70,,74199,12,,,0,30,,74194,12,,,0,70,,74212,12,,,0,30,,74214,12,,,0,70,,74206,12,,,0,30,,74201,12,,,0,70,,74219,12,,,0,31,,70849,12,,,0,70,,74195,12,,,0,29,,70850,12,,,0,70,,74204,12,,,0,30,,70865,12,,,0,70,,74202,12,,,0
4029,'1969',731,,70813,12,,,0,70,,60066,12,,,0,30,,70812,12,,,0,70,,70814,12,,,0,30,,60063,12,,,0,70,,70805,12,,,0,29,,70808,12,,,0,70,,70793,12,,,0,30,,70798,12,,,0,70,,70801,12,,,0,30,,70804,12,,,0,70,,70806,12,,,0,30,,70794,12,,,0,70,,70797,12,,,0,30,,70800,12,,,0,70,,70803,12,,,0,30,,70807,12,,,0,70,,70795,12,,,0,30,,70796,12,,,0,70,,70799,12,,,0,30,,70802,12,,,0,70,,66294,12,,,0,30,,70817,12,,,0,71,,70818,12,,,0,30,,70816,12,,,0,70,,70811,12,,,0,30,,70815,12,,,0,70,,70809,12,,,0,100,,70810,12,,,0
4029,'1976',631,,70819,12,,,0,70,,74183,12,,,0,33,,70821,12,,,0,25,,74184,12,,,0,76,,70823,12,,,0,24,,59926,12,,,0,71,,74185,12,,,0,70,,74186,12,,,0,30,,74187,12,,,0,70,,66313,12,,,0,30,,70827,12,,,0,71,,70828,12,,,0,30,,70829,12,,,0,70,,70830,12,,,0,30,,66314,12,,,0,70,,74188,12,,,0,30,,70832,12,,,0,75,,74189,12,,,0,25,,70834,12,,,0,76,,66317,12,,,0,24,,66318,12,,,0,76,,70835,12,,,0,24,,59943,12,,,0,76,,59944,12,,,0,27,,70836,12,,,0,69,,74190,12,,,0,29,,74191,12,,,0,71,,74192,12,,,0,29,,70840,12,,,0,70,,74193,12,,,0,30,,66322,12,,,0,70,,70842,12,,,0
4029,'1977',631,,75241,12,,,0,70,,75242,12,,,0,33,,75243,12,,,0,25,,75244,12,,,0,76,,75245,12,,,0,24,,75246,12,,,0,71,,75247,12,,,0,70,,75248,12,,,0,30,,75249,12,,,0,70,,75250,12,,,0,30,,75251,12,,,0,71,,75252,12,,,0,30,,75253,12,,,0,70,,75254,12,,,0,30,,75255,12,,,0,70,,75256,12,,,0,30,,75257,12,,,0,75,,75258,12,,,0,25,,75259,12,,,0,76,,75260,12,,,0,24,,75261,12,,,0,76,,75262,12,,,0,24,,75263,12,,,0,76,,75264,12,,,0,27,,75265,12,,,0,69,,75266,12,,,0,29,,75267,12,,,0,71,,75268,12,,,0,29,,75269,12,,,0,70,,75270,12,,,0,30,,75271,12,,,0,70,,75272,12,,,0
16019,'1912',759,,67376,12,,,0,143,,71745,12,,,0,100,,71751,12,,,0,100,,71750,12,,,0,100,,71743,12,,,0,101,,71746,12,,,0,100,,71747,12,,,0,101,,71749,12,,,0,100,,71748,12,,,0,99,,71744,12,,,0,99,,67384,12,,,0,99,,61792,12,,,0,99,,61788,12,,,0,100,,61786,12,,,0,100,,71752,12,,,0
16019,'1959',759,,67388,12,,,0,143,,71789,12,,,0,100,,71795,12,,,0,100,,71794,12,,,0,100,,71787,12,,,0,101,,71790,12,,,0,100,,71791,12,,,0,101,,71793,12,,,0,100,,71792,12,,,0,99,,71788,12,,,0,99,,67396,12,,,0,99,,61807,12,,,0,99,,61803,12,,,0,100,,61801,12,,,0,100,,71796,12,,,0
16019,'1967',631,,61772,12,,,0,70,,61768,12,,,0,30,,61776,12,,,0,70,,61760,12,,,0,30,,61774,12,,,0,71,,61755,12,,,0,30,,61753,12,,,0,70,,61750,12,,,0,30,,61761,12,,,0,70,,61771,12,,,0,30,,61765,12,,,0,70,,61773,12,,,0,30,,61757,12,,,0,70,,61775,12,,,0,30,,61752,12,,,0,70,,61763,12,,,0,30,,61762,12,,,0,70,,61766,12,,,0,30,,61767,12,,,0,70,,61751,12,,,0,30,,61759,12,,,0,70,,61769,12,,,0,30,,61754,12,,,0,70,,61758,12,,,0,30,,61764,12,,,0,69,,61778,12,,,0,30,,61770,12,,,0,70,,61777,12,,,0,30,,61756,12,,,0,70,,61780,12,,,0,100,,61779,12,,,0,30,,61749,12,,,0
16019,'1969',759,,67400,12,,,0,143,,71755,12,,,0,100,,71761,12,,,0,100,,71760,12,,,0,100,,71753,12,,,0,101,,71756,12,,,0,100,,71757,12,,,0,101,,71759,12,,,0,100,,71758,12,,,0,99,,71754,12,,,0,99,,67408,12,,,0,99,,61822,12,,,0,99,,61818,12,,,0,100,,61816,12,,,0,100,,71762,12,,,0
16019,'1976',632,,71765,12,,,0,70,,71766,12,,,0,30,,74466,12,,,0,70,,74467,12,,,0,32,,74468,12,,,0,70,,71770,12,,,0,30,,71771,12,,,0,70,,74469,12,,,0,30,,71773,12,,,0,70,,71774,12,,,0,30,,71775,12,,,0,70,,71776,12,,,0,30,,71777,12,,,0,70,,71778,12,,,0,30,,71779,12,,,0,70,,74470,12,,,0,29,,74471,12,,,0,69,,74472,12,,,0,30,,74473,12,,,0,70,,74474,12,,,0,30,,74475,12,,,0,70,,74476,12,,,0,30,,74477,12,,,0,70,,74478,12,,,0,30,,74479,12,,,0,70,,74480,12,,,0,30,,71784,12,,,0,70,,74481,12,,,0,30,,71785,12,,,0,70,,71786,12,,,0,29,,74465,12,,,0,70,,71763,12,,,0,30,,71764,12,,,0
16019,'1977',632,,75656,12,,,0,70,,75657,12,,,0,30,,75658,12,,,0,70,,75659,12,,,0,32,,75660,12,,,0,70,,75661,12,,,0,30,,75662,12,,,0,70,,75663,12,,,0,30,,75664,12,,,0,70,,75665,12,,,0,30,,75666,12,,,0,70,,75667,12,,,0,30,,75668,12,,,0,70,,75669,12,,,0,30,,75670,12,,,0,70,,75671,12,,,0,29,,75672,12,,,0,69,,75673,12,,,0,30,,75674,12,,,0,70,,75675,12,,,0,30,,75676,12,,,0,70,,75677,12,,,0,30,,75678,12,,,0,70,,75679,12,,,0,30,,75680,12,,,0,70,,75681,12,,,0,30,,75682,12,,,0,70,,75683,12,,,0,30,,75684,12,,,0,70,,75685,12,,,0,29,,75653,12,,,0,70,,75654,12,,,0,30,,75655,12,,,0
31019,'1912',556,,74568,2,,,0,90,,74551,14,,,0,100,,74552,14,,,0,100,,74553,14,,,0,100,,74554,14,,,0,100,,74555,14,,,0,99,,74556,14,,,0,100,,74557,14,,,0,100,,74558,14,,,0,100,,74559,14,,,0,100,,74560,14,,,0,100,,74561,14,,,0,100,,74562,14,,,0,100,,74563,14,,,0,101,,74564,14,,,0,100,,74565,14,,,0,100,,74566,14,,,0,100,,74567,14,,,0
31019,'1959',556,,74649,2,,,0,90,,74632,14,,,0,100,,74633,14,,,0,100,,74634,14,,,0,100,,74635,14,,,0,100,,74636,14,,,0,99,,74637,14,,,0,100,,74638,14,,,0,100,,74639,14,,,0,100,,74640,14,,,0,100,,74641,14,,,0,100,,74642,14,,,0,100,,74643,14,,,0,100,,74644,14,,,0,101,,74645,14,,,0,100,,74646,14,,,0,100,,74647,14,,,0,100,,74648,14,,,0
31019,'1967',556,,74630,2,,,0,66,,74623,2,,,0,24,,74600,14,,,0,70,,74616,14,,,0,30,,74629,14,,,0,70,,74612,14,,,0,30,,74606,14,,,0,70,,74622,14,,,0,30,,74599,14,,,0,70,,74615,14,,,0,30,,74624,14,,,0,70,,74611,14,,,0,30,,74605,14,,,0,70,,74621,14,,,0,30,,74598,14,,,0,70,,74614,14,,,0,30,,74627,14,,,0,70,,74610,14,,,0,30,,74604,14,,,0,70,,74620,14,,,0,30,,74597,14,,,0,70,,74613,14,,,0,30,,74626,14,,,0,70,,74609,14,,,0,30,,74603,14,,,0,70,,74619,14,,,0,30,,74596,14,,,0,70,,74631,14,,,0,30,,74625,14,,,0,100,,74602,14,,,0,100,,74595,14,,,0,100,,74628,14,,,0
31019,'1969',556,,74668,2,,,0,90,,74651,14,,,0,100,,74652,14,,,0,100,,74653,14,,,0,100,,74654,14,,,0,100,,74655,14,,,0,99,,74656,14,,,0,100,,74657,14,,,0,100,,74658,14,,,0,100,,74659,14,,,0,100,,74660,14,,,0,100,,74661,14,,,0,100,,74662,14,,,0,100,,74663,14,,,0,101,,74664,14,,,0,100,,74665,14,,,0,100,,74666,14,,,0,100,,74667,14,,,0
31019,'1976',555,,74593,2,,,0,66,,74588,2,,,0,25,,74570,14,,,0,71,,74580,14,,,0,30,,62420,14,,,0,70,,62403,14,,,0,30,,74574,14,,,0,69,,74584,14,,,0,30,,62395,14,,,0,70,,62408,14,,,0,30,,62419,14,,,0,70,,74579,14,,,0,30,,74575,14,,,0,70,,62413,14,,,0,30,,62394,14,,,0,70,,62409,14,,,0,30,,74586,14,,,0,70,,74577,14,,,0,30,,62398,14,,,0,73,,74583,14,,,0,30,,62396,14,,,0,70,,74581,14,,,0,30,,62417,14,,,0,67,,74578,14,,,0,30,,74573,14,,,0,70,,74582,14,,,0,30,,74571,14,,,0,70,,74594,14,,,0,30,,72076,14,,,0,100,,74576,14,,,0,100,,74572,14,,,0,100,,74585,14,,,0
31019,'1977',555,,75839,2,,,0,66,,75834,2,,,0,25,,75804,14,,,0,71,,75819,14,,,0,30,,75832,14,,,0,70,,75815,14,,,0,30,,75812,14,,,0,69,,75826,14,,,0,30,,75807,14,,,0,70,,75820,14,,,0,30,,75831,14,,,0,70,,75818,14,,,0,30,,75813,14,,,0,70,,75825,14,,,0,30,,75806,14,,,0,70,,75821,14,,,0,30,,75830,14,,,0,70,,75816,14,,,0,30,,75810,14,,,0,73,,75824,14,,,0,30,,75808,14,,,0,70,,75822,14,,,0,30,,75829,14,,,0,67,,75817,14,,,0,30,,75811,14,,,0,70,,75823,14,,,0,30,,75805,14,,,0,70,,75840,14,,,0,30,,75828,14,,,0,100,,75814,14,,,0,100,,75809,14,,,0,100,,75827,14,,,0
