609,'1912',837,,70924,8,0,5 2 6 7,0,100,,70925,8,0,5 2 6 7,0,100,,70926,8,0,5 2 6 7,0,100,,70927,8,0,5 2 6 7,0,102,,70928,8,0,5 2 6 7,0,100,,70929,8,0,5 2 6 7,0,100,,70930,8,0,5 2 6 7,0,100,,70931,8,0,5 2 6 7,0,100,,70932,8,0,5 2 6 7,0,100,,70933,8,0,5 2 6 7,0,98,,70934,8,0,5 2 6 7,0,100,,70935,8,0,5 2 6 7,0
609,'1925',837,,70960,8,0,5 2 6 7,0,100,,70961,8,0,5 2 6 7,0,100,,70962,8,0,5 2 6 7,0,100,,70963,8,0,5 2 6 7,0,102,,70964,8,0,5 2 6 7,0,100,,70965,8,0,5 2 6 7,0,100,,70966,8,0,5 2 6 7,0,100,,70967,8,0,5 2 6 7,0,100,,70968,8,0,5 2 6 7,0,100,,70969,8,0,5 2 6 7,0,98,,70970,8,0,5 2 6 7,0,100,,70971,8,0,5 2 6 7,0
609,'1955',608,,66377,8,0,15 16 17,0,30,,66358,8,0,15 16 17,0,70,,66346,8,0,15 16 17,0,30,,60217,8,0,15 16 17,0,70,,66345,8,0,15 16 17,0,30,,66357,8,0,15 16 17,0,70,,66344,8,0,15 16 17,0,28,,66370,8,0,15 16 17,0,70,,66343,8,0,15 16 17,0,30,,66356,8,0,15 16 17,0,73,,66342,8,0,15 16 17,0,30,,66369,8,0,15 16 17,0,70,,66341,8,0,15 16 17,0,30,,66355,8,0,15 16 17,0,70,,66340,8,0,15 16 17,0,30,,66368,8,0,15 16 17,0,70,,66339,8,0,15 16 17,0,30,,66354,8,0,15 16 17,0,70,,66338,8,0,15 16 17,0,30,,66367,8,0,15 16 17,0,70,,66337,8,0,15 16 17,0,30,,66353,8,0,15 16 17,0,70,,66336,8,0,15 16 17,0,30,,66373,8,0,15 16 17,0,70,,60204,8,0,15 16 17,0,30,,66371,8,0,15 16 17,0,68,,66374,8,0,5 2 6 7,0,100,,66366,8,0,5 2 6 7,0,100,,66378,8,0,5 2 6 7,0
609,'1956',837,,66440,8,0,5 2 6 7,0,100,,66441,8,0,5 2 6 7,0,100,,66442,8,0,5 2 6 7,0,100,,66443,8,0,5 2 6 7,0,102,,66444,8,0,5 2 6 7,0,100,,66445,8,0,5 2 6 7,0,100,,66446,8,0,5 2 6 7,0,100,,66447,8,0,5 2 6 7,0,100,,66448,8,0,5 2 6 7,0,100,,66449,8,0,5 2 6 7,0,98,,66450,8,0,5 2 6 7,0,100,,66451,8,0,5 2 6 7,0
609,'1957',617,,71022,8,0,15 16 17,0,35,,70980,8,0,15 16 17,0,72,,70977,8,0,15 16 17,0,30,,70989,8,0,15 16 17,0,70,,70991,8,0,15 16 17,0,30,,71000,8,0,15 16 17,0,70,,71021,8,0,15 16 17,0,30,,70988,8,0,15 16 17,0,70,,70997,8,0,15 16 17,0,30,,70998,8,0,15 16 17,0,70,,70996,8,0,15 16 17,0,30,,71019,8,0,15 16 17,0,70,,71018,8,0,15 16 17,0,30,,71015,8,0,15 16 17,0,70,,71016,8,0,15 16 17,0,30,,71017,8,0,15 16 17,0,70,,71014,8,0,15 16 17,0,30,,71012,8,0,15 16 17,0,70,,71013,8,0,15 16 17,0,30,,71011,8,0,15 16 17,0,70,,71009,8,0,15 16 17,0,30,,71008,8,0,15 16 17,0,70,,71010,8,0,15 16 17,0,28,,71007,8,0,15 16 17,0,65,,71006,8,0,15 16 17,0,30,,71005,8,0,15 16 17,0,90,,71003,8,0,15 16 17,0,100,,71004,8,0,15 16 17,0,100,,71002,8,0,15 16 17,0,100,,71024,8,0,15 16 17,0
609,'1958',608,,71081,8,0,15 16 17,0,30,,71060,8,0,15 16 17,0,70,,71048,8,0,15 16 17,0,30,,71074,8,0,15 16 17,0,70,,71047,8,0,15 16 17,0,30,,71059,8,0,15 16 17,0,70,,71046,8,0,15 16 17,0,28,,71073,8,0,15 16 17,0,70,,71045,8,0,15 16 17,0,30,,71058,8,0,15 16 17,0,73,,71044,8,0,15 16 17,0,30,,71072,8,0,15 16 17,0,70,,71043,8,0,15 16 17,0,30,,71057,8,0,15 16 17,0,70,,71042,8,0,15 16 17,0,30,,71071,8,0,15 16 17,0,70,,71041,8,0,15 16 17,0,30,,71056,8,0,15 16 17,0,70,,71040,8,0,15 16 17,0,30,,71070,8,0,15 16 17,0,70,,71039,8,0,15 16 17,0,30,,71055,8,0,15 16 17,0,70,,71038,8,0,15 16 17,0,30,,71077,8,0,15 16 17,0,70,,71061,8,0,15 16 17,0,30,,71075,8,0,15 16 17,0,68,,71078,8,0,5 2 6 7,0,100,,71069,8,0,5 2 6 7,0,100,,71082,8,0,5 2 6 7,0
609,'1959',837,,71108,8,0,5 2 6 7,0,100,,71109,8,0,5 2 6 7,0,100,,71110,8,0,5 2 6 7,0,100,,71111,8,0,5 2 6 7,0,102,,71112,8,0,5 2 6 7,0,100,,71113,8,0,5 2 6 7,0,100,,71114,8,0,5 2 6 7,0,100,,71115,8,0,5 2 6 7,0,100,,71116,8,0,5 2 6 7,0,100,,71117,8,0,5 2 6 7,0,98,,71118,8,0,5 2 6 7,0,100,,71119,8,0,5 2 6 7,0
10029,'1909',1001,,60789,34,,,0,957,,60809,34,,,0,95,,60811,34,,,0,100,,60813,34,,,0,100,,60814,34,,,0
10029,'1910',1927,,66855,34,,,0,28,,60815,34,,,0,100,,66856,34,,,0,100,,60842,34,,,0
10029,'1912',825,,60857,34,,,0,30,,66871,34,,,0,70,,60859,34,,,0,30,,66872,34,,,0,70,,60861,34,,,0,30,,71396,34,,,0,70,,71397,34,,,0,30,,71398,34,,,0,71,,71399,34,,,0,32,,71400,34,,,0,70,,71387,34,,,0,30,,71390,34,,,0,70,,71384,34,,,0,30,,71389,34,,,0,70,,71388,34,,,0,30,,71391,34,,,0,70,,71385,34,,,0,30,,71392,34,,,0,70,,66860,34,,,0,30,,71393,34,,,0,69,,71386,34,,,0,28,,71394,34,,,0,70,,66858,34,,,0,30,,71395,34,,,0
10029,'1924',825,,60881,34,,,0,30,,66892,34,,,0,70,,60883,34,,,0,30,,66893,34,,,0,70,,60885,34,,,0,703,,66881,34,,,0,197,,66879,34,,,0
10029,'1925',825,,60905,34,,,0,30,,66913,34,,,0,70,,60907,34,,,0,30,,66914,34,,,0,70,,60909,34,,,0,30,,71413,34,,,0,70,,71414,34,,,0,30,,71415,34,,,0,71,,71416,34,,,0,32,,71417,34,,,0,70,,71404,34,,,0,30,,71407,34,,,0,70,,71401,34,,,0,30,,71406,34,,,0,70,,71405,34,,,0,30,,71408,34,,,0,70,,71402,34,,,0,30,,71409,34,,,0,70,,66902,34,,,0,30,,71410,34,,,0,69,,71403,34,,,0,28,,71411,34,,,0,70,,66900,34,,,0,30,,71412,34,,,0
10029,'1949',1431,,66940,34,,,0
10029,'1955',725,,60816,34,,,0,30,,66833,34,,,0,70,,66834,34,,,0,30,,66835,34,,,0,70,,60820,34,,,0,30,,66836,34,,,0,71,,66837,34,,,0,32,,66838,34,,,0,70,,66839,34,,,0,30,,66840,34,,,0,70,,66841,34,,,0,30,,66842,34,,,0,70,,66843,34,,,0,30,,66844,34,,,0,70,,66845,34,,,0,30,,66846,34,,,0,70,,66847,34,,,0,30,,66848,34,,,0,70,,66849,34,,,0,30,,66850,34,,,0,70,,66851,34,,,0,30,,66852,34,,,0,70,,66853,34,,,0,30,,66854,34,,,0
10029,'1956',1055,,66894,34,,,0,70,,66895,34,,,0,30,,66896,34,,,0,71,,66897,34,,,0,32,,66898,34,,,0,70,,66883,34,,,0,30,,66886,34,,,0,70,,66878,34,,,0,30,,66885,34,,,0,70,,66884,34,,,0,30,,66887,34,,,0,70,,66880,34,,,0,30,,66888,34,,,0,100,,66889,34,,,0,69,,66882,34,,,0,28,,66890,34,,,0,100,,66891,34,,,0
10029,'1957',624,,71418,34,,,0,30,,71419,34,,,0,80,,71420,34,,,0,70,,71421,34,,,0,30,,71422,34,,,0,70,,71423,34,,,0,27,,71424,34,,,0,100,,71425,34,,,0,70,,71426,34,,,0,30,,71427,34,,,0,70,,71428,34,,,0,30,,71429,34,,,0,70,,71430,34,,,0,30,,71431,34,,,0,70,,71432,34,,,0,101,,71433,34,,,0,35,,71434,34,,,0,70,,71435,34,,,0,30,,71436,34,,,0,70,,71437,34,,,0,29,,71438,34,,,0,67,,71439,34,,,0,25,,71440,34,,,0,30,,71441,34,,,0,70,,71442,34,,,0,100,,71443,34,,,0,95,,71444,34,,,0
10029,'1958',725,,71445,34,,,0,30,,71446,34,,,0,70,,71447,34,,,0,30,,71448,34,,,0,70,,71449,34,,,0,30,,71450,34,,,0,71,,71451,34,,,0,32,,71452,34,,,0,70,,71453,34,,,0,30,,71454,34,,,0,70,,71455,34,,,0,30,,71456,34,,,0,70,,71457,34,,,0,30,,71458,34,,,0,70,,71459,34,,,0,30,,71460,34,,,0,70,,71461,34,,,0,30,,71462,34,,,0,70,,71463,34,,,0,30,,71464,34,,,0,70,,71465,34,,,0,30,,71466,34,,,0,70,,71467,34,,,0,30,,71468,34,,,0
10029,'1959',1055,,71481,34,,,0,70,,71482,34,,,0,30,,71483,34,,,0,71,,71484,34,,,0,32,,71485,34,,,0,70,,71472,34,,,0,30,,71475,34,,,0,70,,71469,34,,,0,30,,71474,34,,,0,70,,71473,34,,,0,30,,71476,34,,,0,70,,71470,34,,,0,30,,71477,34,,,0,100,,71478,34,,,0,69,,71471,34,,,0,28,,71479,34,,,0,100,,71480,34,,,0
