4019,'1910',948,,66037,3,,,0
4019,'1912',748,,70650,3,,,0,70,,59832,3,,,0,30,,70649,3,,,0,70,,70651,3,,,0,30,,59830,3,,,0,70,,66070,3,,,0,30,,70638,3,,,0,70,,70642,3,,,0,30,,70645,3,,,0,70,,70631,3,,,0,31,,70634,3,,,0,70,,70637,3,,,0,30,,70641,3,,,0,70,,70643,3,,,0,30,,70630,3,,,0,70,,70633,3,,,0,30,,70636,3,,,0,70,,70640,3,,,0,30,,70644,3,,,0,69,,70629,3,,,0,30,,70632,3,,,0,70,,70635,3,,,0,30,,70639,3,,,0,70,,70648,3,,,0,30,,70652,3,,,0,70,,70646,3,,,0,30,,70653,3,,,0,70,,70647,3,,,0
4019,'1924',818,,59860,3,,,0,130,,59858,3,,,0,70,,66096,3,,,0
4019,'1925',748,,70675,3,,,0,70,,59888,3,,,0,30,,70674,3,,,0,70,,70676,3,,,0,30,,59886,3,,,0,70,,66122,3,,,0,30,,70663,3,,,0,70,,70667,3,,,0,30,,70670,3,,,0,70,,70656,3,,,0,31,,70659,3,,,0,70,,70662,3,,,0,30,,70666,3,,,0,70,,70668,3,,,0,30,,70655,3,,,0,70,,70658,3,,,0,30,,70661,3,,,0,70,,70665,3,,,0,30,,70669,3,,,0,69,,70654,3,,,0,30,,70657,3,,,0,70,,70660,3,,,0,30,,70664,3,,,0,70,,70673,3,,,0,30,,70677,3,,,0,70,,70671,3,,,0,30,,70678,3,,,0,70,,70672,3,,,0
4019,'1949',2148,,66173,3,,,0
4019,'1955',648,,66063,3,,,0,70,,66039,3,,,0,30,,66033,3,,,0,70,,66043,3,,,0,30,,66054,3,,,0,70,,66049,3,,,0,100,,66059,3,,,0,30,,66036,3,,,0,71,,66056,3,,,0,30,,66051,3,,,0,70,,66044,3,,,0,30,,66057,3,,,0,70,,66060,3,,,0,30,,66035,3,,,0,70,,66046,3,,,0,30,,66034,3,,,0,70,,66040,3,,,0,30,,66058,3,,,0,70,,66055,3,,,0,30,,66052,3,,,0,69,,66041,3,,,0,30,,66061,3,,,0,70,,66062,3,,,0,30,,66032,3,,,0,70,,66047,3,,,0,30,,66045,3,,,0,70,,66053,3,,,0,30,,66038,3,,,0,70,,66048,3,,,0,30,,66042,3,,,0,70,,66050,3,,,0
4019,'1956',748,,66112,3,,,0,100,,66111,3,,,0,70,,66113,3,,,0,130,,66100,3,,,0,70,,66104,3,,,0,30,,66107,3,,,0,70,,66092,3,,,0,31,,66095,3,,,0,70,,66099,3,,,0,30,,66103,3,,,0,70,,66105,3,,,0,30,,66091,3,,,0,70,,66094,3,,,0,30,,66098,3,,,0,70,,66102,3,,,0,30,,66106,3,,,0,69,,66090,3,,,0,30,,66093,3,,,0,70,,66097,3,,,0,30,,66101,3,,,0,70,,66110,3,,,0,30,,66114,3,,,0,70,,66108,3,,,0,30,,66115,3,,,0,70,,66109,3,,,0
4019,'1957',618,,70684,3,,,0,30,,70710,3,,,0,70,,70685,3,,,0,27,,70686,3,,,0,76,,70687,3,,,0,24,,70688,3,,,0,76,,70689,3,,,0,27,,70690,3,,,0,71,,70691,3,,,0,30,,70692,3,,,0,70,,70693,3,,,0,30,,70694,3,,,0,70,,70695,3,,,0,30,,70696,3,,,0,70,,70697,3,,,0,30,,70698,3,,,0,70,,70699,3,,,0,33,,70700,3,,,0,70,,70701,3,,,0,31,,70702,3,,,0,64,,70703,3,,,0,36,,70704,3,,,0,63,,70705,3,,,0,36,,70706,3,,,0,62,,70707,3,,,0,35,,70708,3,,,0,70,,70709,3,,,0,30,,70679,3,,,0,70,,70680,3,,,0,30,,70681,3,,,0,69,,70682,3,,,0,100,,70683,3,,,0
4019,'1958',648,,70741,3,,,0,70,,70717,3,,,0,30,,70712,3,,,0,70,,70721,3,,,0,30,,70732,3,,,0,70,,70727,3,,,0,100,,70737,3,,,0,30,,70715,3,,,0,71,,70734,3,,,0,30,,70729,3,,,0,70,,70722,3,,,0,30,,70735,3,,,0,70,,70738,3,,,0,30,,70714,3,,,0,70,,70724,3,,,0,30,,70713,3,,,0,70,,70718,3,,,0,30,,70736,3,,,0,70,,70733,3,,,0,30,,70730,3,,,0,69,,70719,3,,,0,30,,70739,3,,,0,70,,70740,3,,,0,30,,70711,3,,,0,70,,70725,3,,,0,30,,70723,3,,,0,70,,70731,3,,,0,30,,70716,3,,,0,70,,70726,3,,,0,30,,70720,3,,,0,70,,70728,3,,,0
4019,'1959',748,,70763,3,,,0,100,,70762,3,,,0,70,,70764,3,,,0,130,,70751,3,,,0,70,,70755,3,,,0,30,,70758,3,,,0,70,,70744,3,,,0,31,,70747,3,,,0,70,,70750,3,,,0,30,,70754,3,,,0,70,,70756,3,,,0,30,,70743,3,,,0,70,,70746,3,,,0,30,,70749,3,,,0,70,,70753,3,,,0,30,,70757,3,,,0,69,,70742,3,,,0,30,,70745,3,,,0,70,,70748,3,,,0,30,,70752,3,,,0,70,,70761,3,,,0,30,,70765,3,,,0,70,,70759,3,,,0,30,,70766,3,,,0,70,,70760,3,,,0
502019,'1912',633,,72480,3,,,0,70,,72466,3,,,0,30,,72483,3,,,0,70,,72497,3,,,0,30,,72477,3,,,0,70,,72496,3,,,0,30,,72479,3,,,0,70,,72495,3,,,0,30,,72474,3,,,0,70,,72494,3,,,0,30,,72469,3,,,0,70,,72493,3,,,0,30,,72472,3,,,0,70,,72491,3,,,0,30,,72470,3,,,0,70,,72492,3,,,0,30,,72473,3,,,0,70,,72490,3,,,0,30,,72467,3,,,0,70,,72489,3,,,0,30,,72471,3,,,0,70,,72488,3,,,0,30,,72468,3,,,0,70,,72487,3,,,0,30,,72481,3,,,0,70,,72486,3,,,0,30,,72482,3,,,0,70,,72485,3,,,0,30,,72475,3,,,0,70,,72498,3,,,0,30,,72484,3,,,0,70,,72499,3,,,0,30,,72478,3,,,0,70,,72500,3,,,0,30,,72476,3,,,0
502019,'1925',633,,72515,3,,,0,70,,72501,3,,,0,30,,72518,3,,,0,70,,72532,3,,,0,30,,72512,3,,,0,70,,72531,3,,,0,30,,72514,3,,,0,70,,72530,3,,,0,30,,72509,3,,,0,70,,72529,3,,,0,30,,72504,3,,,0,70,,72528,3,,,0,30,,72507,3,,,0,70,,72526,3,,,0,30,,72505,3,,,0,70,,72527,3,,,0,30,,72508,3,,,0,70,,72525,3,,,0,30,,72502,3,,,0,70,,72524,3,,,0,30,,72506,3,,,0,70,,72523,3,,,0,30,,72503,3,,,0,70,,72522,3,,,0,30,,72516,3,,,0,70,,72521,3,,,0,30,,72517,3,,,0,70,,72520,3,,,0,30,,72510,3,,,0,70,,72533,3,,,0,30,,72519,3,,,0,70,,72534,3,,,0,30,,72513,3,,,0,70,,72535,3,,,0,30,,72511,3,,,0
502019,'1955',633,,68255,3,,,0,70,,68262,3,,,0,30,,68254,3,,,0,70,,68263,3,,,0,30,,68253,3,,,0,70,,68264,3,,,0,30,,68252,3,,,0,70,,68265,3,,,0,30,,68273,3,,,0,70,,68266,3,,,0,30,,68274,3,,,0,70,,68267,3,,,0,30,,68275,3,,,0,70,,68268,3,,,0,30,,68276,3,,,0,70,,68269,3,,,0,30,,68277,3,,,0,70,,68270,3,,,0,30,,68278,3,,,0,70,,68271,3,,,0,30,,68279,3,,,0,70,,68272,3,,,0,30,,68280,3,,,0,70,,68256,3,,,0,30,,68281,3,,,0,70,,68258,3,,,0,30,,68282,3,,,0,70,,68257,3,,,0,30,,68251,3,,,0,70,,68259,3,,,0,30,,68250,3,,,0,70,,68260,3,,,0,30,,68249,3,,,0,70,,68261,3,,,0,30,,68248,3,,,0
502019,'1956',633,,68332,3,,,0,70,,68318,3,,,0,30,,68335,3,,,0,70,,68349,3,,,0,30,,68329,3,,,0,70,,68348,3,,,0,30,,68331,3,,,0,70,,68347,3,,,0,30,,68326,3,,,0,70,,68346,3,,,0,30,,68321,3,,,0,70,,68345,3,,,0,30,,68324,3,,,0,70,,68343,3,,,0,30,,68322,3,,,0,70,,68344,3,,,0,30,,68325,3,,,0,70,,68342,3,,,0,30,,68319,3,,,0,70,,68341,3,,,0,30,,68323,3,,,0,70,,68340,3,,,0,30,,68320,3,,,0,70,,68339,3,,,0,30,,68333,3,,,0,70,,68338,3,,,0,30,,68334,3,,,0,70,,68337,3,,,0,30,,68327,3,,,0,70,,68350,3,,,0,30,,68336,3,,,0,70,,68351,3,,,0,30,,68330,3,,,0,70,,68352,3,,,0,30,,68328,3,,,0
502019,'1957',603,,72536,3,,,0,30,,72537,3,,,0,25,,72577,3,,,0,50,,72538,3,,,0,25,,72539,3,,,0,24,,72540,3,,,0,52,,72541,3,,,0,24,,72542,3,,,0,24,,72543,3,,,0,52,,72544,3,,,0,24,,72545,3,,,0,70,,72546,3,,,0,30,,72547,3,,,0,70,,72548,3,,,0,30,,72549,3,,,0,70,,72550,3,,,0,30,,72551,3,,,0,70,,72552,3,,,0,30,,72553,3,,,0,70,,72554,3,,,0,33,,72555,3,,,0,70,,72556,3,,,0,30,,72557,3,,,0,68,,72558,3,,,0,24,,72559,3,,,0,12,,72560,3,,,0,63,,72561,3,,,0,6,,72578,3,,,0,18,,72562,3,,,0,12,,72563,3,,,0,64,,72564,3,,,0,22,,72565,3,,,0,12,,72566,3,,,0,66,,72567,3,,,0,30,,72568,3,,,0,70,,72569,3,,,0,30,,72570,3,,,0,70,,72571,3,,,0,30,,72572,3,,,0,70,,72573,3,,,0,30,,72574,3,,,0,70,,72575,3,,,0,30,,72576,3,,,0
502019,'1958',633,,72586,3,,,0,70,,72593,3,,,0,30,,72585,3,,,0,70,,72594,3,,,0,30,,72584,3,,,0,70,,72595,3,,,0,30,,72583,3,,,0,70,,72596,3,,,0,30,,72604,3,,,0,70,,72597,3,,,0,30,,72605,3,,,0,70,,72598,3,,,0,30,,72606,3,,,0,70,,72599,3,,,0,30,,72607,3,,,0,70,,72600,3,,,0,30,,72608,3,,,0,70,,72601,3,,,0,30,,72609,3,,,0,70,,72602,3,,,0,30,,72610,3,,,0,70,,72603,3,,,0,30,,72611,3,,,0,70,,72587,3,,,0,30,,72612,3,,,0,70,,72589,3,,,0,30,,72613,3,,,0,70,,72588,3,,,0,30,,72582,3,,,0,70,,72590,3,,,0,30,,72581,3,,,0,70,,72591,3,,,0,30,,72580,3,,,0,70,,72592,3,,,0,30,,72579,3,,,0
502019,'1959',633,,72628,3,,,0,70,,72614,3,,,0,30,,72631,3,,,0,70,,72645,3,,,0,30,,72625,3,,,0,70,,72644,3,,,0,30,,72627,3,,,0,70,,72643,3,,,0,30,,72622,3,,,0,70,,72642,3,,,0,30,,72617,3,,,0,70,,72641,3,,,0,30,,72620,3,,,0,70,,72639,3,,,0,30,,72618,3,,,0,70,,72640,3,,,0,30,,72621,3,,,0,70,,72638,3,,,0,30,,72615,3,,,0,70,,72637,3,,,0,30,,72619,3,,,0,70,,72636,3,,,0,30,,72616,3,,,0,70,,72635,3,,,0,30,,72629,3,,,0,70,,72634,3,,,0,30,,72630,3,,,0,70,,72633,3,,,0,30,,72623,3,,,0,70,,72646,3,,,0,30,,72632,3,,,0,70,,72647,3,,,0,30,,72626,3,,,0,70,,72648,3,,,0,30,,72624,3,,,0
701019,'1910',619,,68785,3,,,0,28,,68770,3,,,0,70,,68760,3,,,0,30,,68766,3,,,0,70,,68773,3,,,0,15,,68789,3,,,0,15,,68756,3,,,0,70,,68761,3,,,0,30,,68767,3,,,0,58,,68811,3,,,0,15,,68831,3,,,0,30,,68835,3,,,0,70,,68842,3,,,0,30,,68849,3,,,0,55,,68840,3,,,0,15,,68797,3,,,0,30,,68830,3,,,0,55,,68801,3,,,0,15,,68839,3,,,0,30,,68804,3,,,0,70,,68829,3,,,0,30,,68838,3,,,0,55,,68800,3,,,0,15,,68843,3,,,0,30,,68820,3,,,0,55,,68841,3,,,0,45,,68799,3,,,0,55,,68819,3,,,0,15,,68826,3,,,0,30,,68812,3,,,0,55,,68815,3,,,0,45,,68803,3,,,0,53,,68786,3,,,0,15,,68816,3,,,0,15,,68791,3,,,0,15,,68768,3,,,0,70,,68774,3,,,0,30,,68757,3,,,0,70,,68762,3,,,0,30,,68769,3,,,0,70,,68775,3,,,0,30,,68782,3,,,0,70,,68784,3,,,0,25,,68794,3,,,0,65,,68787,3,,,0
701019,'1912',619,,72955,3,,,0,28,,72986,3,,,0,70,,72973,3,,,0,30,,72954,3,,,0,55,,68877,3,,,0,15,,72988,3,,,0,15,,72934,3,,,0,15,,72962,3,,,0,56,,68861,3,,,0,15,,72951,3,,,0,15,,68878,3,,,0,15,,68940,3,,,0,55,,72933,3,,,0,15,,72971,3,,,0,15,,68862,3,,,0,15,,72950,3,,,0,55,,68857,3,,,0,15,,72983,3,,,0,15,,68865,3,,,0,15,,68919,3,,,0,55,,68860,3,,,0,15,,68893,3,,,0,15,,68872,3,,,0,15,,68937,3,,,0,55,,68863,3,,,0,15,,68915,3,,,0,15,,68868,3,,,0,15,,72947,3,,,0,55,,68871,3,,,0,15,,72989,3,,,0,15,,68858,3,,,0,15,,72967,3,,,0,55,,68870,3,,,0,15,,72945,3,,,0,15,,68874,3,,,0,15,,72985,3,,,0,55,,68855,3,,,0,15,,72972,3,,,0,15,,68856,3,,,0,15,,72943,3,,,0,55,,68873,3,,,0,15,,72981,3,,,0,15,,68854,3,,,0,15,,72964,3,,,0,55,,68869,3,,,0,15,,72942,3,,,0,15,,68875,3,,,0,15,,72980,3,,,0,55,,68866,3,,,0,15,,72965,3,,,0,15,,68867,3,,,0,15,,72940,3,,,0,55,,68876,3,,,0,15,,72990,3,,,0,15,,68864,3,,,0,15,,72963,3,,,0,70,,72937,3,,,0,30,,68943,3,,,0,70,,72959,3,,,0,30,,72935,3,,,0,70,,68948,3,,,0,25,,72991,3,,,0,65,,68951,3,,,0
701019,'1924',802,,68976,3,,,0,101,,68960,3,,,0,30,,68977,3,,,0,15,,69039,3,,,0,85,,68961,3,,,0,70,,68956,3,,,0,30,,68964,3,,,0,15,,69018,3,,,0,55,,68959,3,,,0,15,,68992,3,,,0,15,,68971,3,,,0,15,,69036,3,,,0,55,,68962,3,,,0,15,,69014,3,,,0,15,,68967,3,,,0,70,,68970,3,,,0,30,,68957,3,,,0,70,,68969,3,,,0,30,,68973,3,,,0,70,,68954,3,,,0,30,,68955,3,,,0,70,,68972,3,,,0,30,,68953,3,,,0,70,,68968,3,,,0,30,,68974,3,,,0,70,,68965,3,,,0,30,,68966,3,,,0,70,,68975,3,,,0,30,,68963,3,,,0,115,,69042,3,,,0,170,,69047,3,,,0,90,,69050,3,,,0
701019,'1925',619,,73015,3,,,0,28,,73046,3,,,0,70,,73033,3,,,0,30,,73014,3,,,0,55,,69075,3,,,0,15,,73048,3,,,0,15,,72994,3,,,0,15,,73022,3,,,0,56,,69059,3,,,0,15,,73011,3,,,0,15,,69076,3,,,0,15,,69138,3,,,0,55,,72993,3,,,0,15,,73031,3,,,0,15,,69060,3,,,0,15,,73010,3,,,0,55,,69055,3,,,0,15,,73043,3,,,0,15,,69063,3,,,0,15,,69117,3,,,0,55,,69058,3,,,0,15,,69091,3,,,0,15,,69070,3,,,0,15,,69135,3,,,0,55,,69061,3,,,0,15,,69113,3,,,0,15,,69066,3,,,0,15,,73007,3,,,0,55,,69069,3,,,0,15,,73049,3,,,0,15,,69056,3,,,0,15,,73027,3,,,0,55,,69068,3,,,0,15,,73005,3,,,0,15,,69072,3,,,0,15,,73045,3,,,0,55,,69053,3,,,0,15,,73032,3,,,0,15,,69054,3,,,0,15,,73003,3,,,0,55,,69071,3,,,0,15,,73041,3,,,0,15,,69052,3,,,0,15,,73024,3,,,0,55,,69067,3,,,0,15,,73002,3,,,0,15,,69073,3,,,0,15,,73040,3,,,0,55,,69064,3,,,0,15,,73025,3,,,0,15,,69065,3,,,0,15,,73000,3,,,0,55,,69074,3,,,0,15,,73050,3,,,0,15,,69062,3,,,0,15,,73023,3,,,0,70,,72997,3,,,0,30,,69141,3,,,0,70,,73019,3,,,0,30,,72995,3,,,0,70,,69146,3,,,0,25,,73051,3,,,0,65,,69149,3,,,0
701019,'1949',647,,69208,3,,,0,101,,69212,3,,,0,70,,69214,3,,,0,30,,69216,3,,,0,100,,69311,3,,,0,85,,69222,3,,,0,100,,69226,3,,,0,85,,69229,3,,,0,100,,69233,3,,,0,85,,69236,3,,,0,130,,69241,3,,,0,70,,69243,3,,,0,100,,69246,3,,,0,15,,69247,3,,,0,130,,69253,3,,,0,55,,69254,3,,,0,15,,69255,3,,,0,15,,69256,3,,,0,85,,69259,3,,,0,15,,69260,3,,,0,85,,69262,3,,,0,30,,69263,3,,,0,100,,69265,3,,,0,70,,69266,3,,,0,90,,69268,3,,,0
701019,'1955',802,,68788,3,,,0,100,,68790,3,,,0,30,,68795,3,,,0,103,,68847,3,,,0,70,,68802,3,,,0,30,,68824,3,,,0,100,,68845,3,,,0,100,,68823,3,,,0,70,,68837,3,,,0,30,,68846,3,,,0,100,,68828,3,,,0,85,,68848,3,,,0,15,,68851,3,,,0,100,,68817,3,,,0,85,,68821,3,,,0,15,,68810,3,,,0,168,,68792,3,,,0,30,,68793,3,,,0
701019,'1956',619,,69000,3,,,0,28,,69041,3,,,0,70,,69022,3,,,0,30,,68999,3,,,0,70,,69044,3,,,0,15,,68958,3,,,0,15,,69009,3,,,0,71,,68996,3,,,0,85,,68952,3,,,0,15,,69020,3,,,0,30,,68995,3,,,0,70,,69035,3,,,0,230,,68990,3,,,0,70,,69045,3,,,0,30,,69015,3,,,0,70,,68988,3,,,0,30,,69040,3,,,0,70,,69021,3,,,0,30,,68986,3,,,0,70,,69032,3,,,0,30,,69011,3,,,0,70,,68985,3,,,0,30,,69031,3,,,0,70,,69012,3,,,0,30,,68983,3,,,0,70,,69046,3,,,0,30,,69010,3,,,0,70,,68980,3,,,0,100,,69005,3,,,0,30,,68978,3,,,0,95,,69048,3,,,0
701019,'1957',559,,73053,3,,,0,70,,73054,3,,,0,74,,73055,3,,,0,15,,73056,3,,,0,15,,73057,3,,,0,70,,73058,3,,,0,30,,73059,3,,,0,70,,73060,3,,,0,15,,73061,3,,,0,15,,73062,3,,,0,70,,73063,3,,,0,15,,73064,3,,,0,30,,73065,3,,,0,55,,73066,3,,,0,15,,73067,3,,,0,30,,73068,3,,,0,55,,73069,3,,,0,30,,73070,3,,,0,15,,73071,3,,,0,55,,73072,3,,,0,30,,73073,3,,,0,15,,73074,3,,,0,70,,73075,3,,,0,15,,73076,3,,,0,15,,73077,3,,,0,55,,73115,3,,,0,15,,73078,3,,,0,30,,73079,3,,,0,70,,73117,3,,,0,15,,73080,3,,,0,15,,73081,3,,,0,85,,73082,3,,,0,15,,73083,3,,,0,55,,73084,3,,,0,15,,73085,3,,,0,15,,73086,3,,,0,115,,73087,3,,,0,55,,73088,3,,,0,45,,73089,3,,,0,170,,73090,3,,,0,125,,73091,3,,,0
701019,'1958',802,,73122,3,,,0,100,,73123,3,,,0,30,,73126,3,,,0,103,,73139,3,,,0,70,,73127,3,,,0,30,,73132,3,,,0,100,,73137,3,,,0,100,,73131,3,,,0,70,,73135,3,,,0,30,,73138,3,,,0,100,,73134,3,,,0,85,,73140,3,,,0,15,,73141,3,,,0,100,,73129,3,,,0,85,,73130,3,,,0,15,,73128,3,,,0,168,,73124,3,,,0,30,,73125,3,,,0
701019,'1959',619,,73164,3,,,0,28,,73195,3,,,0,70,,73182,3,,,0,30,,73163,3,,,0,70,,73197,3,,,0,15,,73143,3,,,0,15,,73171,3,,,0,71,,73160,3,,,0,85,,73142,3,,,0,15,,73180,3,,,0,30,,73159,3,,,0,70,,73192,3,,,0,230,,73156,3,,,0,70,,73198,3,,,0,30,,73176,3,,,0,70,,73154,3,,,0,30,,73194,3,,,0,70,,73181,3,,,0,30,,73152,3,,,0,70,,73190,3,,,0,30,,73173,3,,,0,70,,73151,3,,,0,30,,73189,3,,,0,70,,73174,3,,,0,30,,73149,3,,,0,70,,73199,3,,,0,30,,73172,3,,,0,70,,73146,3,,,0,100,,73168,3,,,0,30,,73144,3,,,0,95,,73200,3,,,0
