1029,'1912',616,,73732,34,,,0,100,,73733,34,,,0,100,,73734,34,,,0,100,,73735,34,,,0,100,,73736,34,,,0,100,,73737,34,,,0,100,,73738,34,,,0,100,,73739,34,,,0,100,,73740,34,,,0,100,,73741,34,,,0,100,,73742,34,,,0,100,,73743,34,,,0,100,,73744,34,,,0,100,,73745,34,,,0,100,,73746,34,,,0,100,,73747,34,,,0,100,,73748,34,,,0,95,,73749,34,,,0
1029,'1966',616,,70284,35,,,0,30,,70296,35,,,0,70,,70303,35,,,0,30,,70291,35,,,0,70,,70312,35,,,0,30,,70300,35,,,0,70,,70283,35,,,0,30,,70295,35,,,0,70,,70306,35,,,0,30,,70290,35,,,0,70,,70313,35,,,0,30,,70299,35,,,0,70,,70282,35,,,0,30,,70294,35,,,0,70,,70305,35,,,0,30,,70289,35,,,0,70,,70285,35,,,0,30,,70298,35,,,0,70,,70281,35,,,0,30,,70293,35,,,0,70,,70301,35,,,0,30,,70288,35,,,0,70,,70310,35,,,0,30,,70297,35,,,0,69,,70280,35,,,0,31,,70292,35,,,0,70,,70304,35,,,0,30,,70286,35,,,0,70,,70308,35,,,0,30,,70307,35,,,0,70,,70279,35,,,0,30,,70287,35,,,0,70,,70302,35,,,0,30,,70311,35,,,0,70,,70309,35,,,0
1029,'1968',616,,59317,35,,,0,100,,59318,35,,,0,100,,59319,35,,,0,100,,59320,35,,,0,100,,59321,35,,,0,100,,59322,35,,,0,100,,59323,35,,,0,100,,59324,35,,,0,100,,59325,35,,,0,100,,59326,35,,,0,100,,59327,35,,,0,100,,59328,35,,,0,100,,59329,35,,,0,100,,59330,35,,,0,100,,59331,35,,,0,100,,59332,35,,,0,100,,59333,35,,,0,95,,59334,35,,,0
1029,'1970',616,,73759,34,,,0,35,,73760,34,,,0,70,,73780,34,,,0,30,,73756,34,,,0,70,,73751,34,,,0,30,,73784,34,,,0,70,,73754,34,,,0,30,,73761,34,,,0,70,,73779,34,,,0,30,,73758,34,,,0,70,,73750,34,,,0,30,,73783,34,,,0,70,,73755,34,,,0,30,,73762,34,,,0,70,,73778,34,,,0,30,,73757,34,,,0,70,,73752,34,,,0,30,,73781,34,,,0,72,,73753,34,,,0,30,,73763,34,,,0,70,,73777,34,,,0,30,,73766,34,,,0,70,,73765,34,,,0,28,,73764,34,,,0,65,,73770,34,,,0,30,,73769,34,,,0,70,,73768,34,,,0,30,,73767,34,,,0,70,,73782,34,,,0,30,,73776,34,,,0,70,,73775,34,,,0,30,,73774,34,,,0,70,,73773,34,,,0,30,,73772,34,,,0,65,,73771,34,,,0
1029,'1971',616,,73790,34,,,0,30,,73802,34,,,0,70,,73809,34,,,0,30,,73797,34,,,0,70,,73818,34,,,0,30,,73806,34,,,0,70,,73789,34,,,0,30,,73801,34,,,0,70,,73812,34,,,0,30,,73796,34,,,0,70,,73819,34,,,0,30,,73805,34,,,0,70,,73788,34,,,0,30,,73800,34,,,0,70,,73811,34,,,0,30,,73795,34,,,0,70,,73791,34,,,0,30,,73804,34,,,0,70,,73787,34,,,0,30,,73799,34,,,0,70,,73807,34,,,0,30,,73794,34,,,0,70,,73816,34,,,0,30,,73803,34,,,0,69,,73786,34,,,0,31,,73798,34,,,0,70,,73810,34,,,0,30,,73792,34,,,0,70,,73814,34,,,0,30,,73813,34,,,0,70,,73785,34,,,0,30,,73793,34,,,0,70,,73808,34,,,0,30,,73817,34,,,0,70,,73815,34,,,0
1029,'1972',616,,73820,34,,,0,100,,73821,34,,,0,100,,73822,34,,,0,100,,73823,34,,,0,100,,73824,34,,,0,100,,73825,34,,,0,100,,73826,34,,,0,100,,73827,34,,,0,100,,73828,34,,,0,100,,73829,34,,,0,100,,73830,34,,,0,100,,73831,34,,,0,100,,73832,34,,,0,100,,73833,34,,,0,100,,73834,34,,,0,100,,73835,34,,,0,100,,73836,34,,,0,95,,73837,34,,,0
1029,'1973',616,,73838,34,,,0,100,,73839,34,,,0,100,,73840,34,,,0,100,,73841,34,,,0,100,,73842,34,,,0,100,,73843,34,,,0,100,,73844,34,,,0,100,,73845,34,,,0,100,,73846,34,,,0,100,,73847,34,,,0,100,,73848,34,,,0,100,,73849,34,,,0,100,,73850,34,,,0,100,,73851,34,,,0,100,,73852,34,,,0,100,,73853,34,,,0,100,,73854,34,,,0,95,,73855,34,,,0
2029,'1912',631,,74007,29,0,39 40,0,69,,74015,29,0,39 40,0,31,,74026,29,0,39 40,0,70,,74021,29,0,39 40,0,30,,74008,29,0,39 40,0,70,,74016,29,0,39 40,0,30,,74027,29,0,39 40,0,70,,74022,29,0,39 40,0,30,,74009,29,0,39 40,0,70,,74017,29,0,39 40,0,30,,74028,29,0,39 40,0,70,,74023,29,0,39 40,0,30,,74010,29,0,39 40,0,70,,74018,29,0,39 40,0,30,,74029,29,0,39 40,0,70,,74024,29,0,39 40,0,30,,74011,29,0,39 40,0,70,,74019,29,0,39 40,0,30,,74030,29,0,39 40,0,70,,74025,29,0,39 40,0,30,,74012,29,0,39 40,0,70,,74020,29,0,39 40,0,30,,74031,29,0,39 40,0,100,,74013,29,0,39 40,0,99,,74032,29,0,39 40,0,100,,74014,29,0,39 40,0,101,,74033,29,0,39 40,0,100,,74006,29,0,39 40,0
2029,'1966',601,,70594,28,0,39 40,0,30,,70577,28,0,39 40,0,69,,70584,28,0,39 40,0,31,,70563,28,0,39 40,0,70,,70569,28,0,39 40,0,30,,70578,28,0,39 40,0,70,,70585,28,0,39 40,0,30,,70564,28,0,39 40,0,70,,70570,28,0,39 40,0,30,,70579,28,0,39 40,0,70,,70586,28,0,39 40,0,30,,70565,28,0,39 40,0,70,,70571,28,0,39 40,0,30,,70580,28,0,39 40,0,70,,70587,28,0,39 40,0,30,,70566,28,0,39 40,0,70,,70572,28,0,39 40,0,30,,70581,28,0,39 40,0,70,,70588,28,0,39 40,0,30,,70567,28,0,39 40,0,70,,70573,28,0,39 40,0,30,,70582,28,0,39 40,0,70,,70589,28,0,39 40,0,30,,70568,28,0,39 40,0,70,,70574,28,0,39 40,0,30,,70583,28,0,39 40,0,70,,70590,28,0,39 40,0,30,,70575,28,0,39 40,0,100,,70591,28,0,39 40,0,100,,70576,28,0,39 40,0,100,,70592,28,0,39 40,0
2029,'1968',631,,70497,28,0,39 40,0,69,,70505,28,0,39 40,0,31,,70516,28,0,39 40,0,70,,70511,28,0,39 40,0,30,,70498,28,0,39 40,0,70,,70506,28,0,39 40,0,30,,70517,28,0,39 40,0,70,,70512,28,0,39 40,0,30,,70499,28,0,39 40,0,70,,70507,28,0,39 40,0,30,,70518,28,0,39 40,0,70,,70513,28,0,39 40,0,30,,70500,28,0,39 40,0,70,,70508,28,0,39 40,0,30,,70519,28,0,39 40,0,70,,70514,28,0,39 40,0,30,,70501,28,0,39 40,0,70,,70509,28,0,39 40,0,30,,70520,28,0,39 40,0,70,,70515,28,0,39 40,0,30,,70502,28,0,39 40,0,70,,70510,28,0,39 40,0,30,,70521,28,0,39 40,0,100,,70503,28,0,39 40,0,99,,70522,28,0,39 40,0,100,,70504,28,0,39 40,0,101,,70523,28,0,39 40,0,100,,70496,28,0,39 40,0
2029,'1970',536,,74055,17,0,39 40,0,65,,74038,29,0,39 40,0,30,,74039,29,0,39 40,0,70,,74040,29,0,39 40,0,28,,74041,29,0,39 40,0,72,,74042,29,0,39 40,0,30,,74043,29,0,39 40,0,70,,74044,29,0,39 40,0,30,,74045,29,0,39 40,0,70,,74046,29,0,39 40,0,30,,74069,29,0,39 40,0,70,,74065,29,0,39 40,0,30,,74071,29,0,39 40,0,70,,74067,29,0,39 40,0,30,,74068,29,0,39 40,0,70,,74064,29,0,39 40,0,30,,74070,29,0,39 40,0,70,,74066,29,0,39 40,0,30,,74072,29,0,39 40,0,71,,74047,29,0,39 40,0,34,,74048,29,0,39 40,0,70,,74049,29,0,39 40,0,30,,74050,29,0,39 40,0,70,,74051,29,0,39 40,0,30,,74052,29,0,39 40,0,66,,74053,29,0,39 40,0,29,,74054,29,0,39 40,0,70,,74058,29,0,39 40,0,30,,74059,29,0,39 40,0,100,,74060,29,0,39 40,0,100,,74061,29,0,39 40,0,100,,74057,29,0,39 40,0
2029,'1971',601,,74104,29,0,5 2 15 16 17,0,30,,74087,29,0,39 40,0,69,,74094,29,0,39 40,0,31,,74073,29,0,39 40,0,70,,74079,29,0,39 40,0,30,,74088,29,0,39 40,0,70,,74095,29,0,39 40,0,30,,74074,29,0,39 40,0,70,,74080,29,0,39 40,0,30,,74089,29,0,39 40,0,70,,74096,29,0,39 40,0,30,,74075,29,0,39 40,0,70,,74081,29,0,39 40,0,30,,74090,29,0,39 40,0,70,,74097,29,0,39 40,0,30,,74076,29,0,39 40,0,70,,74082,29,0,39 40,0,30,,74091,29,0,39 40,0,70,,74098,29,0,39 40,0,30,,74077,29,0,39 40,0,70,,74083,29,0,39 40,0,30,,74092,29,0,39 40,0,70,,74099,29,0,39 40,0,30,,74078,29,0,39 40,0,70,,74084,29,0,39 40,0,30,,74093,29,0,39 40,0,70,,74100,29,0,39 40,0,30,,74085,29,0,39 40,0,100,,74101,29,0,39 40,0,100,,74086,29,0,39 40,0,100,,74102,29,0,39 40,0
2029,'1972',631,,74108,29,0,39 40,0,69,,74116,29,0,39 40,0,31,,74127,29,0,39 40,0,70,,74122,29,0,39 40,0,30,,74109,29,0,39 40,0,70,,74117,29,0,39 40,0,30,,74128,29,0,39 40,0,70,,74123,29,0,39 40,0,30,,74110,29,0,39 40,0,70,,74118,29,0,39 40,0,30,,74129,29,0,39 40,0,70,,74124,29,0,39 40,0,30,,74111,29,0,39 40,0,70,,74119,29,0,39 40,0,30,,74130,29,0,39 40,0,70,,74125,29,0,39 40,0,30,,74112,29,0,39 40,0,70,,74120,29,0,39 40,0,30,,74131,29,0,39 40,0,70,,74126,29,0,39 40,0,30,,74113,29,0,39 40,0,70,,74121,29,0,39 40,0,30,,74132,29,0,39 40,0,100,,74114,29,0,39 40,0,99,,74133,29,0,39 40,0,100,,74115,29,0,39 40,0,101,,74134,29,0,39 40,0,100,,74107,29,0,39 40,0
2029,'1973',631,,74140,29,0,39 40,0,69,,74148,29,0,39 40,0,31,,74159,29,0,39 40,0,70,,74154,29,0,39 40,0,30,,74141,29,0,39 40,0,70,,74149,29,0,39 40,0,30,,74160,29,0,39 40,0,70,,74155,29,0,39 40,0,30,,74142,29,0,39 40,0,70,,74150,29,0,39 40,0,30,,74161,29,0,39 40,0,70,,74156,29,0,39 40,0,30,,74143,29,0,39 40,0,70,,74151,29,0,39 40,0,30,,74162,29,0,39 40,0,70,,74157,29,0,39 40,0,30,,74144,29,0,39 40,0,70,,74152,29,0,39 40,0,30,,74163,29,0,39 40,0,70,,74158,29,0,39 40,0,30,,74145,29,0,39 40,0,70,,74153,29,0,39 40,0,30,,74164,29,0,39 40,0,100,,74146,29,0,39 40,0,99,,74165,29,0,39 40,0,100,,74147,29,0,39 40,0,101,,74166,29,0,39 40,0,100,,74139,29,0,39 40,0
12029,'1965',711,,61282,11,,,0,30,,61275,11,,,0,170,,61262,2,,,0,30,,61263,2,,,0,70,,61264,2,,,0,130,,61267,2,,,0,70,,61268,2,,,0,30,,61269,2,,,0,170,,61272,2,,,0
12029,'1970',641,,74418,11,,,0,169,,74416,11,,,0,31,,74410,11,,,0,200,,74404,2,,,0,70,,74405,2,,,0,200,,74406,2,,,0,30,,74407,2,,,0,99,,74412,11,,,0,71,,74415,11,,,0,30,,74408,11,,,0,70,,74414,11,,,0,30,,74409,11,,,0,70,,74417,11,,,0,30,,74411,11,,,0,70,,74413,11,,,0
14000001029,'1912',542,,73589,16,0,18 7,0,1811,,70205,16,,,0,69,,75060,16,,,0,30,,65884,16,,,0,70,,70206,16,,,0,30,,75059,16,,,0,70,,65880,16,,,0
14000001029,'1959',542,,73605,16,0,18 7,0,1811,,70208,16,,,0,99,,65891,16,,,0,70,,70209,16,,,0,100,,65887,16,,,0
14000001029,'1965',440,,65864,16,0,18 7,0,102,,73593,16,0,18 7,0,1811,,73595,16,,,0,99,,65871,16,,,0,70,,73594,16,,,0,100,,65870,16,,,0
14000001029,'1966',542,,73600,16,0,18 7,0,1880,,73598,16,,,0,130,,73601,16,,,0
14000001029,'1967',2353,,73602,16,,,0,99,,65872,16,,,0,70,,73599,16,,,0,100,,65875,16,,,0
14000001029,'1968',2422,,73591,16,,,0,130,,73590,16,,,0
14000001029,'1969',542,,73592,16,0,18 7,0,1811,,70211,16,,,0,99,,65898,16,,,0,70,,70212,16,,,0,100,,65894,16,,,0
14000001029,'1970',2422,,75061,16,,,0,130,,75062,16,,,0
14000001029,'1971',542,,75064,16,0,18 7,0,1880,,75063,16,,,0,130,,75065,16,,,0
14000001029,'1972',2422,,75067,16,,,0,130,,75066,16,,,0
14000001029,'1973',2422,,75069,16,,,0,130,,75068,16,,,0
