11019,'1912',904,,66957,12,,,0,100,,66958,12,,,0,100,,66959,12,,,0,101,,66960,12,,,0,100,,66961,12,,,0,100,,66962,12,,,0,100,,66963,12,,,0,99,,66964,12,,,0,100,,66965,12,,,0,100,,66966,12,,,0,100,,66967,12,,,0,100,,66968,12,,,0
11019,'1959',904,,66969,12,,,0,100,,66970,12,,,0,100,,66971,12,,,0,101,,66972,12,,,0,100,,66973,12,,,0,100,,66974,12,,,0,100,,66975,12,,,0,99,,66976,12,,,0,100,,66977,12,,,0,100,,66978,12,,,0,100,,66979,12,,,0,100,,66980,12,,,0
11019,'1965',705,,67009,12,,,0,300,,71488,12,,,0,200,,71490,12,,,0,200,,71492,12,,,0,200,,71494,12,,,0,300,,71496,12,,,0,200,,71498,12,,,0
11019,'1966',905,,71501,12,,,0
11019,'1967',705,,71500,12,,,0,100,,66945,12,,,0,200,,71502,12,,,0,100,,71503,12,,,0,100,,71504,12,,,0,100,,71505,12,,,0,100,,71506,12,,,0,100,,71507,12,,,0,100,,71508,12,,,0,100,,71509,12,,,0,100,,66955,12,,,0,100,,66942,12,,,0,100,,66943,12,,,0
11019,'1969',904,,66981,12,,,0,100,,66982,12,,,0,100,,66983,12,,,0,101,,66984,12,,,0,100,,66985,12,,,0,100,,66986,12,,,0,100,,66987,12,,,0,99,,66988,12,,,0,100,,66989,12,,,0,100,,66990,12,,,0,100,,66991,12,,,0,100,,66992,12,,,0
11019,'1970',805,,74374,12,,,0,100,,74375,12,,,0,200,,74376,12,,,0,200,,74377,12,,,0,200,,74378,12,,,0,200,,74379,12,,,0,100,,74380,12,,,0,200,,74381,12,,,0
11019,'1971',905,,74382,12,,,0
32019,'1912',551,,74687,3,,,0,96,,74670,33,,,0,100,,74671,33,,,0,100,,74672,33,,,0,100,,74673,33,,,0,100,,74674,33,,,0,101,,74675,33,,,0,100,,74676,33,,,0,100,,74677,33,,,0,100,,74678,33,,,0,100,,74679,33,,,0,100,,74680,33,,,0,100,,74681,33,,,0,99,,74682,33,,,0,100,,74683,33,,,0,100,,74684,33,,,0,100,,74685,33,,,0,100,,74686,33,,,0
32019,'1965',617,,62575,3,,,0
32019,'1966',521,,72168,3,,,0,30,,72167,3,,,0,70,,72150,3,,,0,26,,72143,33,,,0,70,,72160,33,,,0,30,,72137,33,,,0,70,,72154,33,,,0,30,,72161,33,,,0,70,,72149,33,,,0,30,,72142,33,,,0,71,,72159,33,,,0,30,,72136,33,,,0,70,,72153,33,,,0,30,,72164,33,,,0,70,,72148,33,,,0,30,,72141,33,,,0,70,,72158,33,,,0,30,,72135,33,,,0,70,,72152,33,,,0,30,,72163,33,,,0,70,,72147,33,,,0,30,,72140,33,,,0,70,,72157,33,,,0,30,,72134,33,,,0,70,,72151,33,,,0,30,,72165,33,,,0,70,,72146,33,,,0,29,,72139,33,,,0,70,,72155,33,,,0,30,,72133,33,,,0,70,,72145,3,,,0,30,,72162,33,,,0,70,,72156,3,,,0,30,,72138,33,,,0,70,,72144,3,,,0,30,,72132,33,,,0
32019,'1968',551,,62672,3,,,0,96,,62655,33,,,0,100,,62656,33,,,0,100,,62657,33,,,0,100,,62658,33,,,0,100,,62659,33,,,0,101,,62660,33,,,0,100,,62661,33,,,0,100,,62662,33,,,0,100,,62663,33,,,0,100,,62664,33,,,0,100,,62665,33,,,0,100,,62666,33,,,0,99,,62667,33,,,0,100,,62668,33,,,0,100,,62669,33,,,0,100,,62670,33,,,0,100,,62671,33,,,0
32019,'1970',431,,74724,3,,,0,88,,74725,3,,,0,30,,74723,3,,,0,100,,74697,33,,,0,69,,74713,33,,,0,30,,74692,33,,,0,70,,74708,33,,,0,30,,74718,33,,,0,70,,74702,33,,,0,29,,74700,33,,,0,70,,74712,33,,,0,30,,74690,33,,,0,70,,74706,33,,,0,30,,74717,33,,,0,70,,74704,33,,,0,30,,74699,33,,,0,70,,74711,33,,,0,30,,74693,33,,,0,70,,74705,33,,,0,31,,74716,33,,,0,70,,74703,33,,,0,30,,74696,33,,,0,70,,74710,33,,,0,30,,74689,33,,,0,70,,74707,33,,,0,29,,74715,33,,,0,71,,74701,33,,,0,30,,74698,33,,,0,70,,74709,33,,,0,30,,74694,33,,,0,69,,74719,3,,,0,30,,74714,33,,,0,70,,74721,3,,,0,30,,74695,33,,,0,70,,74720,3,,,0,30,,74691,33,,,0
32019,'1971',521,,74762,3,,,0,30,,74761,3,,,0,70,,74744,3,,,0,26,,74737,33,,,0,70,,74754,33,,,0,30,,74731,33,,,0,70,,74748,33,,,0,30,,74755,33,,,0,70,,74743,33,,,0,30,,74736,33,,,0,71,,74753,33,,,0,30,,74730,33,,,0,70,,74747,33,,,0,30,,74758,33,,,0,70,,74742,33,,,0,30,,74735,33,,,0,70,,74752,33,,,0,30,,74729,33,,,0,70,,74746,33,,,0,30,,74757,33,,,0,70,,74741,33,,,0,30,,74734,33,,,0,70,,74751,33,,,0,30,,74728,33,,,0,70,,74745,33,,,0,30,,74759,33,,,0,70,,74740,33,,,0,29,,74733,33,,,0,70,,74749,33,,,0,30,,74727,33,,,0,70,,74739,3,,,0,30,,74756,33,,,0,70,,74750,3,,,0,30,,74732,33,,,0,70,,74738,3,,,0,30,,74726,33,,,0
32019,'1972',551,,74780,3,,,0,96,,74763,33,,,0,100,,74764,33,,,0,100,,74765,33,,,0,100,,74766,33,,,0,100,,74767,33,,,0,101,,74768,33,,,0,100,,74769,33,,,0,100,,74770,33,,,0,100,,74771,33,,,0,100,,74772,33,,,0,100,,74773,33,,,0,100,,74774,33,,,0,99,,74775,33,,,0,100,,74776,33,,,0,100,,74777,33,,,0,100,,74778,33,,,0,100,,74779,33,,,0
32019,'1973',551,,74799,3,,,0,96,,74782,33,,,0,100,,74783,33,,,0,100,,74784,33,,,0,100,,74785,33,,,0,100,,74786,33,,,0,101,,74787,33,,,0,100,,74788,33,,,0,100,,74789,33,,,0,100,,74790,33,,,0,100,,74791,33,,,0,100,,74792,33,,,0,100,,74793,33,,,0,99,,74794,33,,,0,100,,74795,33,,,0,100,,74796,33,,,0,100,,74797,33,,,0,100,,74798,33,,,0
701019,'1912',626,,72955,9,,,0,28,,72986,9,,,0,70,,72973,9,,,0,30,,72954,9,,,0,55,,68877,9,,,0,15,,72988,9,,,0,15,,72934,9,,,0,15,,72962,9,,,0,57,,68861,9,,,0,15,,72951,9,,,0,15,,68878,9,,,0,15,,68940,9,,,0,55,,72933,9,,,0,15,,72971,9,,,0,15,,68862,9,,,0,15,,72950,9,,,0,55,,68857,9,,,0,16,,72983,9,,,0,15,,68865,9,,,0,15,,68919,9,,,0,55,,68860,9,,,0,15,,68893,9,,,0,15,,68872,9,,,0,15,,68937,9,,,0,55,,68863,9,,,0,15,,68915,9,,,0,15,,68868,9,,,0,15,,72947,9,,,0,55,,68871,9,,,0,15,,72989,9,,,0,15,,68858,9,,,0,15,,72967,9,,,0,55,,68870,9,,,0,15,,72945,9,,,0,15,,68874,9,,,0,15,,72985,9,,,0,55,,68855,9,,,0,15,,72972,9,,,0,15,,68856,9,,,0,15,,72943,9,,,0,55,,68873,9,,,0,15,,72981,9,,,0,15,,68854,9,,,0,15,,72964,9,,,0,55,,68869,9,,,0,15,,72942,9,,,0,15,,68875,9,,,0,15,,72980,9,,,0,55,,68866,9,,,0,15,,72965,9,,,0,15,,68867,9,,,0,15,,72940,9,,,0,54,,68876,9,,,0,15,,72990,9,,,0,15,,68864,9,,,0,15,,72963,9,,,0,70,,72937,9,,,0,30,,68943,9,,,0,70,,72959,9,,,0,29,,72935,9,,,0,70,,68948,9,,,0,25,,72991,9,,,0,65,,68951,9,,,0
701019,'1959',626,,73164,9,,,0,28,,73195,9,,,0,70,,73182,9,,,0,30,,73163,9,,,0,55,,68976,9,,,0,15,,73197,9,,,0,15,,73143,9,,,0,15,,73171,9,,,0,57,,68960,9,,,0,15,,73160,9,,,0,15,,68977,9,,,0,15,,69039,9,,,0,55,,73142,9,,,0,15,,73180,9,,,0,15,,68961,9,,,0,15,,73159,9,,,0,55,,68956,9,,,0,16,,73192,9,,,0,15,,68964,9,,,0,15,,69018,9,,,0,55,,68959,9,,,0,15,,68992,9,,,0,15,,68971,9,,,0,15,,69036,9,,,0,55,,68962,9,,,0,15,,69014,9,,,0,15,,68967,9,,,0,15,,73156,9,,,0,55,,68970,9,,,0,15,,73198,9,,,0,15,,68957,9,,,0,15,,73176,9,,,0,55,,68969,9,,,0,15,,73154,9,,,0,15,,68973,9,,,0,15,,73194,9,,,0,55,,68954,9,,,0,15,,73181,9,,,0,15,,68955,9,,,0,15,,73152,9,,,0,55,,68972,9,,,0,15,,73190,9,,,0,15,,68953,9,,,0,15,,73173,9,,,0,55,,68968,9,,,0,15,,73151,9,,,0,15,,68974,9,,,0,15,,73189,9,,,0,55,,68965,9,,,0,15,,73174,9,,,0,15,,68966,9,,,0,15,,73149,9,,,0,54,,68975,9,,,0,15,,73199,9,,,0,15,,68963,9,,,0,15,,73172,9,,,0,70,,73146,9,,,0,30,,69042,9,,,0,70,,73168,9,,,0,29,,73144,9,,,0,70,,69047,9,,,0,25,,73200,9,,,0,65,,69050,9,,,0
701019,'1965',606,,73053,9,,,0,30,,73054,9,,,0,18,,69208,9,,,0,57,,73055,9,,,0,15,,73056,9,,,0,15,,73057,9,,,0,15,,69212,9,,,0,55,,73058,9,,,0,15,,69214,9,,,0,15,,73059,9,,,0,15,,69216,9,,,0,56,,73060,9,,,0,15,,73061,9,,,0,15,,73062,9,,,0,100,,69222,9,,,0,15,,73065,9,,,0,55,,73066,9,,,0,15,,73067,9,,,0,100,,69229,9,,,0,15,,73070,9,,,0,15,,73071,9,,,0,55,,73072,9,,,0,100,,69236,9,,,0,15,,73075,9,,,0,17,,73076,9,,,0,15,,73077,9,,,0,55,,73115,9,,,0,30,,69241,9,,,0,15,,73079,9,,,0,55,,69243,9,,,0,30,,73080,9,,,0,15,,73081,9,,,0,55,,69246,9,,,0,15,,69247,9,,,0,13,,73082,9,,,0,15,,73083,9,,,0,70,,73085,9,,,0,30,,69253,9,,,0,55,,69254,9,,,0,15,,69255,9,,,0,30,,73087,9,,,0,68,,69259,9,,,0,15,,69260,9,,,0,15,,73089,9,,,0,70,,69262,9,,,0,30,,69263,9,,,0,70,,73090,9,,,0,30,,69265,9,,,0,70,,69266,9,,,0,25,,73091,9,,,0,65,,69268,9,,,0
701019,'1966',809,,73122,9,,,0,1232,,73125,9,,,0
701019,'1967',626,,68785,9,,,0,28,,68770,9,,,0,70,,68760,9,,,0,30,,68766,9,,,0,70,,68773,9,,,0,16,,68789,9,,,0,15,,68756,9,,,0,55,,73123,9,,,0,15,,68761,9,,,0,15,,73126,9,,,0,15,,68767,9,,,0,59,,68811,9,,,0,15,,68831,9,,,0,15,,73139,9,,,0,15,,68835,9,,,0,55,,73127,9,,,0,15,,68842,9,,,0,15,,73132,9,,,0,15,,68849,9,,,0,55,,68840,9,,,0,15,,68797,9,,,0,15,,73137,9,,,0,15,,68830,9,,,0,55,,68801,9,,,0,15,,68839,9,,,0,15,,73131,9,,,0,15,,68804,9,,,0,55,,73135,9,,,0,15,,68829,9,,,0,15,,73138,9,,,0,15,,68838,9,,,0,55,,68800,9,,,0,15,,68843,9,,,0,15,,73134,9,,,0,15,,68820,9,,,0,55,,68841,9,,,0,15,,73140,9,,,0,15,,73141,9,,,0,15,,68799,9,,,0,55,,68819,9,,,0,15,,68826,9,,,0,15,,73129,9,,,0,15,,68812,9,,,0,55,,68815,9,,,0,15,,73130,9,,,0,15,,73128,9,,,0,15,,68803,9,,,0,52,,68786,9,,,0,15,,68816,9,,,0,15,,68791,9,,,0,15,,68768,9,,,0,55,,73124,9,,,0,15,,68774,9,,,0,30,,68757,9,,,0,69,,68762,9,,,0,30,,68769,9,,,0,70,,68775,9,,,0,30,,68782,9,,,0,70,,68784,9,,,0,25,,68794,9,,,0,65,,68787,9,,,0
701019,'1969',626,,73015,9,,,0,28,,73046,9,,,0,70,,73033,9,,,0,30,,73014,9,,,0,55,,69075,9,,,0,15,,73048,9,,,0,15,,72994,9,,,0,15,,73022,9,,,0,57,,69059,9,,,0,15,,73011,9,,,0,15,,69076,9,,,0,15,,69138,9,,,0,55,,72993,9,,,0,15,,73031,9,,,0,15,,69060,9,,,0,15,,73010,9,,,0,55,,69055,9,,,0,16,,73043,9,,,0,15,,69063,9,,,0,15,,69117,9,,,0,55,,69058,9,,,0,15,,69091,9,,,0,15,,69070,9,,,0,15,,69135,9,,,0,55,,69061,9,,,0,15,,69113,9,,,0,15,,69066,9,,,0,15,,73007,9,,,0,55,,69069,9,,,0,15,,73049,9,,,0,15,,69056,9,,,0,15,,73027,9,,,0,55,,69068,9,,,0,15,,73005,9,,,0,15,,69072,9,,,0,15,,73045,9,,,0,55,,69053,9,,,0,15,,73032,9,,,0,15,,69054,9,,,0,15,,73003,9,,,0,55,,69071,9,,,0,15,,73041,9,,,0,15,,69052,9,,,0,15,,73024,9,,,0,55,,69067,9,,,0,15,,73002,9,,,0,15,,69073,9,,,0,15,,73040,9,,,0,55,,69064,9,,,0,15,,73025,9,,,0,15,,69065,9,,,0,15,,73000,9,,,0,54,,69074,9,,,0,15,,73050,9,,,0,15,,69062,9,,,0,15,,73023,9,,,0,70,,72997,9,,,0,30,,69141,9,,,0,70,,73019,9,,,0,29,,72995,9,,,0,70,,69146,9,,,0,25,,73051,9,,,0,65,,69149,9,,,0
701019,'1970',957,,74985,9,,,0,55,,74966,9,,,0,15,,74967,9,,,0,115,,74968,9,,,0,15,,74969,9,,,0,55,,74970,9,,,0,115,,74971,9,,,0,15,,74972,9,,,0,15,,74973,9,,,0,172,,74974,9,,,0,100,,74984,9,,,0,183,,74975,9,,,0,30,,74976,9,,,0,100,,74977,9,,,0,68,,74978,9,,,0
701019,'1971',809,,74988,9,,,0,1232,,74989,9,,,0
