15019,'1909',655,,61509,38,,,0,875,,61526,38,,,0,297,,61532,38,,,0
15019,'1910',929,,61542,38,,,0,302,,61545,38,,,0,203,,61547,38,,,0,100,,61548,38,,,0,100,,61549,38,,,0,100,,67300,38,,,0,98,,61551,38,,,0
15019,'1912',729,,61566,38,,,0,100,,61564,38,,,0,100,,61567,38,,,0,101,,61565,38,,,0,100,,61562,38,,,0,100,,61560,38,,,0,102,,61563,38,,,0,100,,61561,38,,,0,100,,61558,38,,,0,100,,61559,38,,,0,100,,61556,38,,,0,100,,61557,38,,,0,100,,61555,38,,,0,97,,71673,38,,,0
15019,'1924',729,,61580,38,,,0,100,,61578,38,,,0,100,,61581,38,,,0,101,,61579,38,,,0,100,,61576,38,,,0,100,,61574,38,,,0,102,,61577,38,,,0,100,,61575,38,,,0,100,,61572,38,,,0,100,,61573,38,,,0,100,,61570,38,,,0,100,,61571,38,,,0,100,,61569,38,,,0
15019,'1925',729,,61594,38,,,0,100,,61592,38,,,0,100,,61595,38,,,0,101,,61593,38,,,0,100,,61590,38,,,0,100,,61588,38,,,0,102,,61591,38,,,0,100,,61589,38,,,0,100,,61586,38,,,0,100,,61587,38,,,0,100,,61584,38,,,0,100,,61585,38,,,0,100,,61583,38,,,0,97,,71674,38,,,0
15019,'1949',602,,67336,4,0,5 2 6 7,0,157,,67326,38,,,0,1496,,67335,38,0,5 2 6 7,0
15019,'1955',604,,67303,4,0,5 2 6 7,0,125,,67295,38,,,0,100,,67296,38,,,0,202,,67297,38,,,0,100,,67298,38,,,0,203,,67299,38,,,0,598,,67301,38,,,0,97,,67302,38,,,0
15019,'1956',2029,,67305,38,,,0
15019,'1957',725,,71675,38,,,0,104,,71676,38,,,0,28,,71677,38,,,0,70,,71678,38,,,0,30,,71679,38,,,0,70,,71680,38,,,0,30,,71681,38,,,0,70,,71682,38,,,0,30,,71683,38,,,0,70,,71684,38,,,0,30,,71685,38,,,0,70,,71686,38,,,0,30,,71687,38,,,0,70,,71688,38,,,0,73,,71689,38,,,0,100,,71690,38,,,0,30,,71691,38,,,0,28,,71692,38,,,0,70,,71693,38,,,0,29,,71694,38,,,0,100,,71695,38,,,0,70,,71699,38,,,0,30,,71696,38,,,0,98,,71697,38,,,0,100,,71698,38,,,0
15019,'1958',604,,71707,4,0,5 2 6 7,0,125,,71700,38,,,0,100,,71701,38,,,0,202,,71702,38,,,0,100,,71703,38,,,0,203,,71704,38,,,0,598,,71705,38,,,0,97,,71706,38,,,0
15019,'1959',2029,,71708,38,,,0
