19019,'1909',1825,,61998,5,0,38,0
19019,'1910',1025,,67497,5,0,38,0,30,,67512,5,0,38,0,70,,67501,5,0,38,0,30,,67515,5,0,38,0,70,,67494,5,0,38,0,100,,67496,5,0,38,0,30,,67513,5,0,38,0,70,,67498,5,0,38,0,30,,67520,5,0,38,0,70,,67507,5,0,38,0,30,,67509,5,0,38,0,70,,67493,5,0,38,0,100,,67519,5,0,38,0,30,,67506,5,0,38,0,70,,67500,5,0,38,0,129,,67522,5,0,38,0,155,,67505,5,0,38,0,100,,62033,5,0,38,0
19019,'1912',612,,71862,5,0,38,0,112,,62043,5,0,38,0,100,,71855,5,0,38,0,30,,62047,5,0,38,0,70,,71858,5,0,38,0,30,,71852,5,0,38,0,70,,71851,5,0,38,0,30,,67524,5,0,38,0,70,,71867,5,0,38,0,30,,71865,5,0,38,0,70,,71863,5,0,38,0,30,,71859,5,0,38,0,70,,71872,5,0,38,0,30,,71857,5,0,38,0,71,,71856,5,0,38,0,30,,71854,5,0,38,0,70,,71853,5,0,38,0,30,,71850,5,0,38,0,70,,71868,5,0,38,0,30,,71866,5,0,38,0,69,,71864,5,0,38,0,30,,71861,5,0,38,0,70,,71860,5,0,38,0,30,,71870,5,0,38,0,70,,71869,5,0,38,0,30,,71871,5,0,38,0,85,,62063,5,0,38,0,100,,62061,5,0,38,0,100,,62062,5,0,38,0,85,,71873,5,0,38,0
19019,'1924',724,,62073,5,0,38,0,130,,62077,5,0,38,0,200,,67549,5,0,38,0,985,,62093,5,0,38,0,100,,62091,5,0,38,0,100,,62092,5,0,38,0
19019,'1925',612,,71886,5,0,38,0,112,,62103,5,0,38,0,100,,71879,5,0,38,0,30,,62107,5,0,38,0,70,,71882,5,0,38,0,30,,71876,5,0,38,0,70,,71875,5,0,38,0,30,,67574,5,0,38,0,70,,71891,5,0,38,0,30,,71889,5,0,38,0,70,,71887,5,0,38,0,30,,71883,5,0,38,0,70,,71896,5,0,38,0,30,,71881,5,0,38,0,71,,71880,5,0,38,0,30,,71878,5,0,38,0,70,,71877,5,0,38,0,30,,71874,5,0,38,0,70,,71892,5,0,38,0,30,,71890,5,0,38,0,69,,71888,5,0,38,0,30,,71885,5,0,38,0,70,,71884,5,0,38,0,30,,71894,5,0,38,0,70,,71893,5,0,38,0,30,,71895,5,0,38,0,85,,62123,5,0,38,0,100,,62121,5,0,38,0,100,,62122,5,0,38,0,85,,71897,5,0,38,0
19019,'1955',624,,67495,5,0,38,0,30,,67508,5,0,38,0,70,,67499,5,0,38,0,30,,67514,5,0,38,0,70,,67518,5,0,38,0,30,,67502,5,0,38,0,70,,67492,5,0,38,0,30,,67517,5,0,38,0,301,,67510,5,0,38,0,400,,67511,5,0,38,0,200,,67516,5,0,38,0,69,,67504,5,0,38,0,110,,67521,5,0,38,0,270,,67503,5,0,38,0,20,,67523,5,0,38,0
19019,'1956',612,,67562,5,0,38,0,212,,67555,5,0,38,0,100,,67558,5,0,38,0,30,,67552,5,0,38,0,70,,67551,5,0,38,0,100,,67567,5,0,38,0,30,,67565,5,0,38,0,70,,67563,5,0,38,0,30,,67559,5,0,38,0,70,,67572,5,0,38,0,30,,67557,5,0,38,0,71,,67556,5,0,38,0,30,,67554,5,0,38,0,70,,67553,5,0,38,0,30,,67550,5,0,38,0,70,,67568,5,0,38,0,30,,67566,5,0,38,0,69,,67564,5,0,38,0,30,,67561,5,0,38,0,70,,67560,5,0,38,0,30,,67570,5,0,38,0,70,,67569,5,0,38,0,30,,67571,5,0,38,0,370,,67573,5,0,38,0
19019,'1957',825,,71916,5,0,38,0,30,,71902,5,0,38,0,70,,71903,5,0,38,0,30,,71900,5,0,38,0,70,,71917,5,0,38,0,30,,71901,5,0,38,0,70,,71908,5,0,38,0,30,,71898,5,0,38,0,70,,71915,5,0,38,0,30,,71904,5,0,38,0,70,,71905,5,0,38,0,30,,71907,5,0,38,0,70,,71906,5,0,38,0,31,,71899,5,0,38,0,70,,71918,5,0,38,0,329,,71909,5,0,38,0,70,,71910,5,0,38,0,100,,71914,5,0,38,0,100,,71913,5,0,38,0,100,,71911,5,0,38,0,100,,71912,5,0,38,0
19019,'1958',624,,71920,5,0,38,0,30,,71925,5,0,38,0,70,,71921,5,0,38,0,30,,71928,5,0,38,0,70,,71931,5,0,38,0,30,,71922,5,0,38,0,70,,71919,5,0,38,0,30,,71930,5,0,38,0,301,,71926,5,0,38,0,400,,71927,5,0,38,0,200,,71929,5,0,38,0,69,,71924,5,0,38,0,110,,71932,5,0,38,0,270,,71923,5,0,38,0,20,,71933,5,0,38,0
19019,'1959',612,,71946,5,0,38,0,212,,71939,5,0,38,0,100,,71942,5,0,38,0,30,,71936,5,0,38,0,70,,71935,5,0,38,0,100,,71951,5,0,38,0,30,,71949,5,0,38,0,70,,71947,5,0,38,0,30,,71943,5,0,38,0,70,,71956,5,0,38,0,30,,71941,5,0,38,0,71,,71940,5,0,38,0,30,,71938,5,0,38,0,70,,71937,5,0,38,0,30,,71934,5,0,38,0,70,,71952,5,0,38,0,30,,71950,5,0,38,0,69,,71948,5,0,38,0,30,,71945,5,0,38,0,70,,71944,5,0,38,0,30,,71954,5,0,38,0,70,,71953,5,0,38,0,30,,71955,5,0,38,0,370,,71957,5,0,38,0
10019029,'1909',715,,65786,6,,,0
10019029,'1949',1745,,70189,6,,,0
10019029,'1957',614,,73569,6,,,0,30,,73571,6,,,0,101,,73572,6,,,0,801,,73576,6,,,0,70,,73574,6,,,0,30,,73573,6,,,0,70,,73577,6,,,0,239,,73575,6,,,0
