10029,'1909',942,,60789,10,,,0,999,,60809,10,,,0,95,,60811,10,,,0,100,,60813,10,,,0,100,,60814,10,,,0
10029,'1910',1909,,66855,10,,,0,28,,60815,10,,,0,100,,66856,10,,,0,100,,60842,10,,,0
10029,'1912',807,,60857,10,,,0,30,,66871,10,,,0,70,,60859,10,,,0,30,,66872,10,,,0,70,,60861,10,,,0,30,,71396,10,,,0,70,,71397,10,,,0,30,,71398,10,,,0,70,,71399,10,,,0,32,,71400,10,,,0,70,,71387,10,,,0,30,,71390,10,,,0,70,,71384,10,,,0,30,,71389,10,,,0,70,,71388,10,,,0,30,,71391,10,,,0,70,,71385,10,,,0,30,,71392,10,,,0,70,,66860,10,,,0,30,,71393,10,,,0,70,,71386,10,,,0,28,,71394,10,,,0,70,,66858,10,,,0,30,,71395,10,,,0
10029,'1924',807,,60881,10,,,0,30,,66892,10,,,0,70,,60883,10,,,0,30,,66893,10,,,0,70,,60885,10,,,0,702,,66881,10,,,0,198,,66879,10,,,0
10029,'1925',807,,60905,10,,,0,30,,66913,10,,,0,70,,60907,10,,,0,30,,66914,10,,,0,70,,60909,10,,,0,30,,71413,10,,,0,70,,71414,10,,,0,30,,71415,10,,,0,70,,71416,10,,,0,32,,71417,10,,,0,70,,71404,10,,,0,30,,71407,10,,,0,70,,71401,10,,,0,30,,71406,10,,,0,70,,71405,10,,,0,30,,71408,10,,,0,70,,71402,10,,,0,30,,71409,10,,,0,70,,66902,10,,,0,30,,71410,10,,,0,70,,71403,10,,,0,28,,71411,10,,,0,70,,66900,10,,,0,30,,71412,10,,,0
10029,'1949',1412,,66940,10,,,0
10029,'1955',707,,60816,10,,,0,30,,66833,10,,,0,70,,66834,10,,,0,30,,66835,10,,,0,70,,60820,10,,,0,30,,66836,10,,,0,70,,66837,10,,,0,32,,66838,10,,,0,70,,66839,10,,,0,30,,66840,10,,,0,70,,66841,10,,,0,30,,66842,10,,,0,70,,66843,10,,,0,30,,66844,10,,,0,70,,66845,10,,,0,30,,66846,10,,,0,70,,66847,10,,,0,30,,66848,10,,,0,70,,66849,10,,,0,30,,66850,10,,,0,70,,66851,10,,,0,30,,66852,10,,,0,70,,66853,10,,,0,30,,66854,10,,,0
10029,'1956',1037,,66894,10,,,0,70,,66895,10,,,0,30,,66896,10,,,0,70,,66897,10,,,0,32,,66898,10,,,0,70,,66883,10,,,0,30,,66886,10,,,0,70,,66878,10,,,0,30,,66885,10,,,0,70,,66884,10,,,0,30,,66887,10,,,0,70,,66880,10,,,0,30,,66888,10,,,0,100,,66889,10,,,0,70,,66882,10,,,0,28,,66890,10,,,0,100,,66891,10,,,0
10029,'1957',607,,71418,10,,,0,30,,71419,10,,,0,76,,71420,10,,,0,30,,71421,10,,,0,70,,71422,10,,,0,30,,71423,10,,,0,69,,71424,10,,,0,100,,71425,10,,,0,30,,71426,10,,,0,70,,71427,10,,,0,30,,71428,10,,,0,70,,71429,10,,,0,30,,71430,10,,,0,70,,71431,10,,,0,30,,71432,10,,,0,100,,71433,10,,,0,75,,71434,10,,,0,30,,71435,10,,,0,70,,71436,10,,,0,30,,71437,10,,,0,70,,71438,10,,,0,29,,71439,10,,,0,65,,71440,10,,,0,30,,71441,10,,,0,70,,71442,10,,,0,100,,71443,10,,,0,95,,71444,10,,,0
10029,'1958',707,,71445,10,,,0,30,,71446,10,,,0,70,,71447,10,,,0,30,,71448,10,,,0,70,,71449,10,,,0,30,,71450,10,,,0,70,,71451,10,,,0,32,,71452,10,,,0,70,,71453,10,,,0,30,,71454,10,,,0,70,,71455,10,,,0,30,,71456,10,,,0,70,,71457,10,,,0,30,,71458,10,,,0,70,,71459,10,,,0,30,,71460,10,,,0,70,,71461,10,,,0,30,,71462,10,,,0,70,,71463,10,,,0,30,,71464,10,,,0,70,,71465,10,,,0,30,,71466,10,,,0,70,,71467,10,,,0,30,,71468,10,,,0
10029,'1959',1037,,71481,10,,,0,70,,71482,10,,,0,30,,71483,10,,,0,70,,71484,10,,,0,32,,71485,10,,,0,70,,71472,10,,,0,30,,71475,10,,,0,70,,71469,10,,,0,30,,71474,10,,,0,70,,71473,10,,,0,30,,71476,10,,,0,70,,71470,10,,,0,30,,71477,10,,,0,100,,71478,10,,,0,70,,71471,10,,,0,28,,71479,10,,,0,100,,71480,10,,,0
10090019,'1908',648,,65798,5,,,0,100,,65796,5,,,0,100,,65795,5,,,0,100,,65797,5,,,0,470,,65800,5,,,0,100,,65801,5,,,0,100,,65802,5,,,0,100,,65799,5,,,0
20090019,'1908',721,,65811,11,,,0,100,,65812,11,,,0,100,,65813,11,,,0,100,,65814,11,,,0,500,,65815,11,,,0,100,,65816,11,,,0,100,,65817,11,,,0,100,,65818,11,,,0
