702029,'1909',805,,65124,13,0,9 10,0
702029,'1910',635,,69527,13,0,9 10,0,23,,69513,13,0,9 10,0,70,,69517,13,0,9 10,0,30,,69521,13,0,9 10,0,72,,69524,13,0,9 10,0,70,,69514,13,0,9 10,0,15,,69530,13,0,5 2 11 2 12,0,15,,69518,13,0,9 10,0,70,,69559,13,0,9 10,0,34,,69552,13,0,9 10,0,70,,69540,13,0,9 10,0,15,,69549,13,0,5 2 11 2 12,0,15,,69555,13,0,9 10,0,70,,69550,13,0,9 10,0,15,,69572,13,0,5 2 11 2 12,0,15,,69547,13,0,9 10,0,70,,69544,13,0,9 10,0,30,,69571,13,0,9 10,0,70,,69558,13,0,9 10,0,15,,69543,13,0,5 2 11 2 12,0,15,,69546,13,0,9 10,0,70,,69553,13,0,9 10,0,15,,69537,13,0,5 2 11 2 12,0,85,,69541,13,0,9 10,0,15,,69539,13,0,5 2 11 2 12,0,15,,69573,13,0,9 10,0,70,,69551,13,0,9 10,0,15,,69561,13,0,5 2 11 2 12,0,85,,69545,13,0,9 10,0,15,,69567,13,0,5 2 11 2 12,0,15,,69574,13,0,9 10,0,15,,69538,13,0,5 2 11 2 12,0,55,,69557,13,0,9 10,0,28,,69519,13,0,9 10,0,70,,69522,13,0,9 10,0,15,,65204,13,0,5 2 11 2 12,0,15,,69525,13,0,9 10,0,70,,69515,13,0,9 10,0,28,,69520,13,0,9 10,0,70,,69523,13,0,9 10,0,30,,69526,13,0,9 10,0,29,,69516,13,0,9 10,0,65,,69536,13,0,9 10,0,30,,69535,13,0,5 2 11 2 12,0
702029,'1912',637,,73341,13,0,9 10,0,63,,73330,13,0,9 10,0,30,,73343,13,0,9 10,0,70,,73339,13,0,9 10,0,15,,69616,13,0,5 2 11 2 12,0,16,,73329,13,0,9 10,0,15,,69628,13,0,5 2 11 2 12,0,55,,73342,13,0,9 10,0,15,,73350,13,0,5 2 11 2 12,0,15,,73331,13,0,9 10,0,15,,69614,13,0,5 2 11 2 12,0,55,,73328,13,0,9 10,0,15,,69623,13,0,5 2 11 2 12,0,16,,69604,13,0,9 10,0,15,,69624,13,0,5 2 11 2 12,0,55,,73334,13,0,9 10,0,15,,69615,13,0,5 2 11 2 12,0,15,,69582,13,0,9 10,0,15,,69634,13,0,5 2 11 2 12,0,55,,73348,13,0,9 10,0,16,,69612,13,0,5 2 11 2 12,0,15,,69593,13,0,9 10,0,15,,69626,13,0,5 2 11 2 12,0,55,,73327,13,0,9 10,0,15,,69635,13,0,5 2 11 2 12,0,15,,73344,13,0,9 10,0,15,,69618,13,0,5 2 11 2 12,0,55,,73337,13,0,9 10,0,15,,69621,13,0,5 2 11 2 12,0,15,,73326,13,0,9 10,0,15,,69633,13,0,5 2 11 2 12,0,55,,73345,13,0,9 10,0,15,,69613,13,0,5 2 11 2 12,0,15,,73333,13,0,9 10,0,15,,69622,13,0,5 2 11 2 12,0,55,,73325,13,0,9 10,0,15,,69631,13,0,5 2 11 2 12,0,15,,73349,13,0,9 10,0,15,,69611,13,0,5 2 11 2 12,0,55,,73332,13,0,9 10,0,15,,69627,13,0,5 2 11 2 12,0,15,,73324,13,0,9 10,0,15,,69629,13,0,5 2 11 2 12,0,55,,73346,13,0,9 10,0,15,,69619,13,0,5 2 11 2 12,0,13,,73340,13,0,9 10,0,15,,69625,13,0,5 2 11 2 12,0,55,,73323,13,0,9 10,0,15,,69630,13,0,5 2 11 2 12,0,15,,73347,13,0,9 10,0,15,,69617,13,0,5 2 11 2 12,0,55,,73336,13,0,9 10,0,15,,69620,13,0,5 2 11 2 12,0,15,,73322,13,0,9 10,0,15,,69632,13,0,5 2 11 2 12,0,55,,69602,13,0,9 10,0,14,,69610,13,0,5 2 11 2 12,0,15,,73338,13,0,9 10,0,70,,73321,13,0,9 10,0,30,,69606,13,0,9 10,0,70,,73335,13,0,9 10,0,25,,73351,13,0,9 10,0,30,,69637,13,0,5 2 11 2 12,0
702029,'1924',815,,69679,13,0,5 2 11 2 12,0,31,,69691,13,0,5 2 11 2 12,0,100,,69677,13,0,5 2 11 2 12,0,70,,69686,13,0,5 2 11 2 12,0,16,,69667,13,0,9 10,0,15,,69687,13,0,5 2 11 2 12,0,70,,69678,13,0,5 2 11 2 12,0,15,,69645,13,0,9 10,0,15,,69697,13,0,5 2 11 2 12,0,71,,69675,13,0,5 2 11 2 12,0,15,,69656,13,0,9 10,0,15,,69689,13,0,5 2 11 2 12,0,70,,69698,13,0,5 2 11 2 12,0,30,,69681,13,0,5 2 11 2 12,0,70,,69684,13,0,5 2 11 2 12,0,30,,69696,13,0,5 2 11 2 12,0,70,,69676,13,0,5 2 11 2 12,0,30,,69685,13,0,5 2 11 2 12,0,70,,69694,13,0,5 2 11 2 12,0,30,,69674,13,0,5 2 11 2 12,0,70,,69690,13,0,5 2 11 2 12,0,30,,69692,13,0,5 2 11 2 12,0,70,,69682,13,0,5 2 11 2 12,0,28,,69688,13,0,5 2 11 2 12,0,70,,69693,13,0,5 2 11 2 12,0,30,,69680,13,0,5 2 11 2 12,0,70,,69683,13,0,5 2 11 2 12,0,30,,69695,13,0,5 2 11 2 12,0,55,,69665,13,0,9 10,0,14,,69673,13,0,5 2 11 2 12,0,115,,69669,13,0,9 10,0,125,,69700,13,0,5 2 11 2 12,0
702029,'1925',637,,73372,13,0,9 10,0,63,,73361,13,0,9 10,0,30,,73374,13,0,9 10,0,70,,73370,13,0,9 10,0,15,,69742,13,0,5 2 11 2 12,0,16,,73360,13,0,9 10,0,15,,69754,13,0,5 2 11 2 12,0,55,,73373,13,0,9 10,0,15,,73381,13,0,5 2 11 2 12,0,15,,73362,13,0,9 10,0,15,,69740,13,0,5 2 11 2 12,0,55,,73359,13,0,9 10,0,15,,69749,13,0,5 2 11 2 12,0,16,,69730,13,0,9 10,0,15,,69750,13,0,5 2 11 2 12,0,55,,73365,13,0,9 10,0,15,,69741,13,0,5 2 11 2 12,0,15,,69708,13,0,9 10,0,15,,69760,13,0,5 2 11 2 12,0,55,,73379,13,0,9 10,0,16,,69738,13,0,5 2 11 2 12,0,15,,69719,13,0,9 10,0,15,,69752,13,0,5 2 11 2 12,0,55,,73358,13,0,9 10,0,15,,69761,13,0,5 2 11 2 12,0,15,,73375,13,0,9 10,0,15,,69744,13,0,5 2 11 2 12,0,55,,73368,13,0,9 10,0,15,,69747,13,0,5 2 11 2 12,0,15,,73357,13,0,9 10,0,15,,69759,13,0,5 2 11 2 12,0,55,,73376,13,0,9 10,0,15,,69739,13,0,5 2 11 2 12,0,15,,73364,13,0,9 10,0,15,,69748,13,0,5 2 11 2 12,0,55,,73356,13,0,9 10,0,15,,69757,13,0,5 2 11 2 12,0,15,,73380,13,0,9 10,0,15,,69737,13,0,5 2 11 2 12,0,55,,73363,13,0,9 10,0,15,,69753,13,0,5 2 11 2 12,0,15,,73355,13,0,9 10,0,15,,69755,13,0,5 2 11 2 12,0,55,,73377,13,0,9 10,0,15,,69745,13,0,5 2 11 2 12,0,13,,73371,13,0,9 10,0,15,,69751,13,0,5 2 11 2 12,0,55,,73354,13,0,9 10,0,15,,69756,13,0,5 2 11 2 12,0,15,,73378,13,0,9 10,0,15,,69743,13,0,5 2 11 2 12,0,55,,73367,13,0,9 10,0,15,,69746,13,0,5 2 11 2 12,0,15,,73353,13,0,9 10,0,15,,69758,13,0,5 2 11 2 12,0,55,,69728,13,0,9 10,0,14,,69736,13,0,5 2 11 2 12,0,15,,73369,13,0,9 10,0,70,,73352,13,0,9 10,0,30,,69732,13,0,9 10,0,70,,73366,13,0,9 10,0,25,,73382,13,0,9 10,0,30,,69763,13,0,5 2 11 2 12,0
702029,'1949',711,,69850,13,0,9 10,0,17,,69798,13,0,9 10,0,107,,69848,13,0,9 10,0,70,,69849,13,0,9 10,0,35,,69828,13,0,5 2 11 2 12,0,100,,69830,13,0,5 2 11 2 12,0,85,,69804,13,0,9 10,0,100,,69806,13,0,9 10,0,85,,69835,13,0,5 2 11 2 12,0,100,,69837,13,0,5 2 11 2 12,0,95,,69838,13,0,5 2 11 2 12,0,100,,69839,13,0,5 2 11 2 12,0,197,,69815,13,0,9 10,0,30,,69856,13,0,9 10,0,15,,69842,13,0,5 2 11 2 12,0,85,,69817,13,0,9 10,0,15,,69844,13,0,5 2 11 2 12,0,68,,69845,13,0,5 2 11 2 12,0,85,,69820,13,0,9 10,0,100,,69822,13,0,9 10,0,30,,69823,13,0,9 10,0,95,,69851,13,0,9 10,0,30,,69825,13,0,5 2 11 2 12,0
702029,'1955',815,,69534,13,0,5 2 11 2 12,0,30,,69529,13,0,5 2 11 2 12,0,100,,69531,13,0,5 2 11 2 12,0,74,,69566,13,0,5 2 11 2 12,0,30,,69562,13,0,5 2 11 2 12,0,100,,69542,13,0,5 2 11 2 12,0,100,,69568,13,0,5 2 11 2 12,0,70,,69554,13,0,5 2 11 2 12,0,30,,69565,13,0,5 2 11 2 12,0,100,,69570,13,0,5 2 11 2 12,0,85,,69556,13,0,9 10,0,15,,69560,13,0,5 2 11 2 12,0,100,,69564,13,0,5 2 11 2 12,0,85,,69548,13,0,9 10,0,15,,69563,13,0,5 2 11 2 12,0,170,,69569,13,0,5 2 11 2 12,0,28,,69528,13,0,5 2 11 2 12,0,100,,69532,13,0,5 2 11 2 12,0,70,,69533,13,0,5 2 11 2 12,0
702029,'1956',637,,69660,13,0,9 10,0,63,,69648,13,0,9 10,0,30,,69662,13,0,9 10,0,70,,69658,13,0,9 10,0,31,,69647,13,0,9 10,0,70,,69661,13,0,9 10,0,15,,69672,13,0,5 2 11 2 12,0,15,,69649,13,0,9 10,0,70,,69646,13,0,9 10,0,101,,69652,13,0,9 10,0,100,,69670,13,0,9 10,0,101,,69644,13,0,9 10,0,30,,69663,13,0,9 10,0,70,,69655,13,0,9 10,0,30,,69643,13,0,9 10,0,70,,69664,13,0,9 10,0,30,,69651,13,0,9 10,0,70,,69642,13,0,9 10,0,30,,69671,13,0,9 10,0,70,,69650,13,0,9 10,0,30,,69641,13,0,9 10,0,70,,69666,13,0,9 10,0,28,,69659,13,0,9 10,0,70,,69640,13,0,9 10,0,30,,69668,13,0,9 10,0,70,,69654,13,0,9 10,0,30,,69639,13,0,9 10,0,99,,69657,13,0,9 10,0,70,,69638,13,0,9 10,0,100,,69653,13,0,9 10,0,25,,69699,13,0,9 10,0
702029,'1957',620,,73383,13,0,9 10,0,20,,73384,13,0,9 10,0,103,,73385,13,0,9 10,0,77,,73386,13,0,9 10,0,30,,73406,13,0,5 2 11 2 12,0,75,,73387,13,0,9 10,0,30,,73388,13,0,9 10,0,55,,73408,13,0,5 2 11 2 12,0,15,,73423,13,0,9 10,0,30,,73389,13,0,9 10,0,55,,73409,13,0,5 2 11 2 12,0,30,,73410,13,0,5 2 11 2 12,0,15,,73390,13,0,9 10,0,55,,73411,13,0,5 2 11 2 12,0,30,,73412,13,0,5 2 11 2 12,0,15,,73391,13,0,9 10,0,70,,73392,13,0,9 10,0,15,,73413,13,0,5 2 11 2 12,0,15,,73393,13,0,9 10,0,70,,73394,13,0,9 10,0,15,,73407,13,0,5 2 11 2 12,0,10,,73419,13,0,9 10,0,70,,73395,13,0,9 10,0,15,,73420,13,0,9 10,0,15,,73396,13,0,9 10,0,70,,73398,13,0,9 10,0,15,,73397,13,0,9 10,0,15,,73421,13,0,9 10,0,55,,73422,13,0,5 2 11 2 12,0,15,,73399,13,0,9 10,0,15,,73400,13,0,9 10,0,12,,73414,13,0,5 2 11 2 12,0,70,,73415,13,0,5 2 11 2 12,0,85,,73401,13,0,9 10,0,15,,73416,13,0,5 2 11 2 12,0,85,,73402,13,0,9 10,0,28,,73403,13,0,9 10,0,15,,73417,13,0,5 2 11 2 12,0,70,,73418,13,0,5 2 11 2 12,0,15,,73404,13,0,9 10,0,170,,73405,13,0,9 10,0
702029,'1958',815,,73429,13,0,5 2 11 2 12,0,30,,73425,13,0,5 2 11 2 12,0,100,,73426,13,0,5 2 11 2 12,0,74,,73439,13,0,5 2 11 2 12,0,30,,73435,13,0,5 2 11 2 12,0,100,,73430,13,0,5 2 11 2 12,0,100,,73440,13,0,5 2 11 2 12,0,70,,73432,13,0,5 2 11 2 12,0,30,,73438,13,0,5 2 11 2 12,0,100,,73442,13,0,5 2 11 2 12,0,85,,73433,13,0,9 10,0,15,,73434,13,0,5 2 11 2 12,0,100,,73437,13,0,5 2 11 2 12,0,85,,73431,13,0,9 10,0,15,,73436,13,0,5 2 11 2 12,0,170,,73441,13,0,5 2 11 2 12,0,28,,73424,13,0,5 2 11 2 12,0,100,,73427,13,0,5 2 11 2 12,0,70,,73428,13,0,5 2 11 2 12,0
702029,'1959',637,,73463,13,0,9 10,0,63,,73452,13,0,9 10,0,30,,73465,13,0,9 10,0,70,,73461,13,0,9 10,0,31,,73451,13,0,9 10,0,70,,73464,13,0,9 10,0,15,,73472,13,0,5 2 11 2 12,0,15,,73453,13,0,9 10,0,70,,73450,13,0,9 10,0,101,,73456,13,0,9 10,0,100,,73470,13,0,9 10,0,101,,73449,13,0,9 10,0,30,,73466,13,0,9 10,0,70,,73459,13,0,9 10,0,30,,73448,13,0,9 10,0,70,,73467,13,0,9 10,0,30,,73455,13,0,9 10,0,70,,73447,13,0,9 10,0,30,,73471,13,0,9 10,0,70,,73454,13,0,9 10,0,30,,73446,13,0,9 10,0,70,,73468,13,0,9 10,0,28,,73462,13,0,9 10,0,70,,73445,13,0,9 10,0,30,,73469,13,0,9 10,0,70,,73458,13,0,9 10,0,30,,73444,13,0,9 10,0,99,,73460,13,0,9 10,0,70,,73443,13,0,9 10,0,100,,73457,13,0,9 10,0,25,,73473,13,0,9 10,0
