2019,'1838',706,,35124,32,,,0,30,,35101,32,,,0,70,,35105,32,,,0,30,,35117,32,,,0,71,,35112,32,,,0,30,,35102,32,,,0,70,,35106,32,,,0,30,,35118,32,,,0,70,,35113,32,,,0,30,,35103,32,,,0,70,,35107,32,,,0,30,,35119,32,,,0,70,,35114,32,,,0,30,,35104,32,,,0,70,,35108,32,,,0,30,,35120,32,,,0,70,,35115,32,,,0,30,,35099,32,,,0,70,,35109,32,,,0,30,,35121,32,,,0,70,,35116,32,,,0,30,,35097,32,,,0,70,,35110,32,,,0,30,,35122,32,,,0,100,,35098,32,,,0,99,,35123,32,,,0,100,,35100,32,,,0,100,,35111,32,,,0,99,,35125,32,,,0
2019,'1867',706,,35217,32,,,0,30,,35194,32,,,0,70,,35198,32,,,0,30,,35210,32,,,0,71,,35205,32,,,0,30,,35195,32,,,0,70,,35199,32,,,0,30,,35211,32,,,0,70,,35206,32,,,0,30,,35196,32,,,0,70,,35200,32,,,0,30,,35212,32,,,0,70,,35207,32,,,0,30,,35197,32,,,0,70,,35201,32,,,0,30,,35213,32,,,0,70,,35208,32,,,0,30,,35192,32,,,0,70,,35202,32,,,0,30,,35214,32,,,0,70,,35209,32,,,0,30,,35190,32,,,0,70,,35203,32,,,0,30,,35215,32,,,0,100,,35191,32,,,0,99,,35216,32,,,0,100,,35193,32,,,0,100,,35204,32,,,0,99,,35218,32,,,0
2019,'1892',501,,43997,23,0,5 2 13 14,0,136,,35127,32,,,0,70,,35128,32,,,0,30,,35129,32,,,0,70,,35130,32,,,0,31,,35131,32,,,0,69,,35132,32,,,0,30,,35133,32,,,0,70,,35134,32,,,0,30,,35135,32,,,0,70,,35136,32,,,0,30,,35137,32,,,0,70,,35138,32,,,0,30,,35139,32,,,0,70,,35140,32,,,0,30,,35141,32,,,0,70,,35142,32,,,0,31,,35143,32,,,0,70,,35144,32,,,0,30,,35145,32,,,0,70,,35146,32,,,0,30,,35147,32,,,0,69,,35148,32,,,0,30,,35149,32,,,0,70,,35150,32,,,0,30,,35151,32,,,0,70,,35157,32,,,0,30,,35152,32,,,0,100,,35153,32,,,0,100,,35154,32,,,0,100,,35155,32,,,0,101,,35156,32,,,0
2019,'1897',501,,48670,23,0,5 2 13 14,0,136,,48690,32,,,0,70,,48694,32,,,0,28,,48674,32,,,0,72,,48678,32,,,0,30,,48682,32,,,0,70,,48686,32,,,0,30,,48700,32,,,0,70,,48673,32,,,0,30,,48677,32,,,0,70,,48681,32,,,0,30,,48685,32,,,0,70,,48689,32,,,0,30,,48693,32,,,0,70,,48696,32,,,0,30,,48698,32,,,0,70,,48688,32,,,0,30,,48692,32,,,0,71,,48701,32,,,0,30,,48676,32,,,0,70,,48680,32,,,0,31,,48684,32,,,0,66,,48672,32,,,0,32,,48671,32,,,0,70,,48675,32,,,0,30,,48679,32,,,0,70,,48683,32,,,0,30,,48699,32,,,0,100,,48687,32,,,0,100,,48691,32,,,0,100,,48695,32,,,0,101,,48697,32,,,0
2019,'1898',636,,48702,23,,,0,70,,48709,32,,,0,30,,48718,32,,,0,71,,48725,32,,,0,30,,48703,32,,,0,70,,48710,32,,,0,30,,48719,32,,,0,70,,48726,32,,,0,30,,48704,32,,,0,70,,48711,32,,,0,30,,48720,32,,,0,70,,48727,32,,,0,30,,48705,32,,,0,70,,48712,32,,,0,30,,48721,32,,,0,70,,48728,32,,,0,30,,48706,32,,,0,70,,48713,32,,,0,30,,48722,32,,,0,70,,48729,32,,,0,30,,48707,32,,,0,70,,48714,32,,,0,30,,48723,32,,,0,70,,48730,32,,,0,30,,48708,32,,,0,70,,48715,32,,,0,30,,48724,32,,,0,99,,48716,32,,,0,100,,48731,32,,,0,100,,48717,32,,,0,100,,48732,32,,,0
702019,'1838',649,,47354,4,,,0,71,,47343,4,,,0,30,,47365,4,,,0,70,,47350,4,,,0,30,,47342,4,,,0,70,,47364,4,,,0,30,,47353,4,,,0,70,,47341,4,,,0,30,,47359,4,,,0,70,,47349,4,,,0,30,,47340,4,,,0,70,,47355,4,,,0,30,,47344,4,,,0,70,,47339,4,,,0,30,,47363,4,,,0,70,,47348,4,,,0,30,,47338,4,,,0,70,,47360,4,,,0,30,,47352,4,,,0,70,,47337,4,,,0,30,,47358,4,,,0,70,,47347,4,,,0,30,,47336,4,,,0,70,,47357,4,,,0,30,,47346,4,,,0,70,,47335,4,,,0,30,,47362,4,,,0,70,,47345,4,,,0,30,,47334,4,,,0,69,,47361,4,,,0,30,,47351,4,,,0,70,,47333,4,,,0,30,,47356,4,,,0,65,,47366,4,,,0,25,,47367,4,,,0
702019,'1867',649,,47465,4,,,0,71,,47454,4,,,0,30,,47476,4,,,0,70,,47461,4,,,0,30,,47453,4,,,0,70,,47475,4,,,0,30,,47464,4,,,0,70,,47452,4,,,0,30,,47470,4,,,0,70,,47460,4,,,0,30,,47451,4,,,0,70,,47466,4,,,0,30,,47455,4,,,0,70,,47450,4,,,0,30,,47474,4,,,0,70,,47459,4,,,0,30,,47449,4,,,0,70,,47471,4,,,0,30,,47463,4,,,0,70,,47448,4,,,0,30,,47469,4,,,0,70,,47458,4,,,0,30,,47447,4,,,0,70,,47468,4,,,0,30,,47457,4,,,0,70,,47446,4,,,0,30,,47473,4,,,0,70,,47456,4,,,0,30,,47445,4,,,0,69,,47472,4,,,0,30,,47462,4,,,0,70,,47444,4,,,0,30,,47467,4,,,0,65,,47477,4,,,0,25,,47478,4,,,0
702019,'1892',634,,47368,4,,,0,25,,47369,4,,,0,64,,47403,4,,,0,22,,47370,4,,,0,55,,47371,4,,,0,23,,47372,4,,,0,17,,47404,4,,,0,12,,47402,4,,,0,68,,47373,4,,,0,30,,47374,4,,,0,70,,47375,4,,,0,30,,47408,4,,,0,70,,47376,4,,,0,30,,47377,4,,,0,70,,47378,4,,,0,30,,47379,4,,,0,70,,47380,4,,,0,30,,47381,4,,,0,70,,47382,4,,,0,31,,47383,4,,,0,65,,47405,4,,,0,20,,47384,4,,,0,80,,47386,4,,,0,20,,47387,4,,,0,20,,47406,4,,,0,60,,47388,4,,,0,20,,47389,4,,,0,84,,47391,4,,,0,30,,47392,4,,,0,70,,47393,4,,,0,30,,47394,4,,,0,70,,47395,4,,,0,30,,47396,4,,,0,70,,47397,4,,,0,30,,47398,4,,,0,69,,47399,4,,,0,30,,47400,4,,,0,65,,47401,4,,,0,25,,47407,4,,,0
702019,'1896',1556,,51106,4,,,0,199,,51107,4,,,0
702019,'1897',634,,51108,4,,,0,25,,51109,4,,,0,64,,51143,4,,,0,22,,51110,4,,,0,55,,51111,4,,,0,23,,51112,4,,,0,17,,51144,4,,,0,12,,51142,4,,,0,68,,51113,4,,,0,30,,51114,4,,,0,70,,51115,4,,,0,30,,51148,4,,,0,70,,51116,4,,,0,30,,51117,4,,,0,70,,51118,4,,,0,30,,51119,4,,,0,70,,51120,4,,,0,30,,51121,4,,,0,70,,51122,4,,,0,31,,51123,4,,,0,65,,51145,4,,,0,20,,51124,4,,,0,20,,51125,4,,,0,60,,51126,4,,,0,20,,51127,4,,,0,20,,51146,4,,,0,60,,51128,4,,,0,20,,51129,4,,,0,19,,51130,4,,,0,65,,51131,4,,,0,30,,51132,4,,,0,70,,51133,4,,,0,30,,51134,4,,,0,70,,51135,4,,,0,30,,51136,4,,,0,70,,51137,4,,,0,30,,51138,4,,,0,69,,51139,4,,,0,30,,51140,4,,,0,65,,51141,4,,,0,25,,51147,4,,,0
702019,'1898',649,,51176,4,,,0,71,,51178,4,,,0,30,,51181,4,,,0,70,,51175,4,,,0,30,,51177,4,,,0,70,,51179,4,,,0,30,,51182,4,,,0,70,,51180,4,,,0,30,,51155,4,,,0,70,,51162,4,,,0,30,,51169,4,,,0,70,,51149,4,,,0,30,,51156,4,,,0,70,,51163,4,,,0,30,,51170,4,,,0,70,,51150,4,,,0,30,,51157,4,,,0,70,,51164,4,,,0,30,,51171,4,,,0,70,,51151,4,,,0,30,,51158,4,,,0,70,,51165,4,,,0,30,,51172,4,,,0,70,,51152,4,,,0,30,,51159,4,,,0,70,,51166,4,,,0,30,,51173,4,,,0,70,,51153,4,,,0,30,,51160,4,,,0,69,,51167,4,,,0,30,,51174,4,,,0,70,,51154,4,,,0,30,,51161,4,,,0,65,,51168,4,,,0,25,,51183,4,,,0
14000001019,'1838',2430,,48465,39,,,0,70,,48464,39,,,0,30,,41972,39,,,0,70,,48466,39,,,0,30,,48463,39,,,0
14000001019,'1867',2430,,48477,39,,,0,70,,48476,39,,,0,30,,41993,39,,,0,70,,48478,39,,,0,30,,48475,39,,,0
14000001019,'1892',2430,,48470,39,,,0,100,,41985,39,,,0,70,,48469,39,,,0
14000001019,'1896',2500,,51496,39,,,0,130,,51495,39,,,0
14000001019,'1897',2430,,51500,39,,,0,70,,51497,39,,,0,30,,51501,39,,,0,70,,51499,39,,,0,30,,51498,39,,,0
14000001019,'1898',2430,,51508,39,,,0,70,,51509,39,,,0,30,,51510,39,,,0,70,,51511,39,,,0,30,,51506,39,,,0
