609,'1912',836,,70924,6,0,5 2 6 7,0,100,,70925,6,0,5 2 6 7,0,100,,70926,6,0,5 2 6 7,0,100,,70927,6,0,5 2 6 7,0,101,,70928,6,0,5 2 6 7,0,100,,70929,6,0,5 2 6 7,0,100,,70930,6,0,5 2 6 7,0,100,,70931,6,0,5 2 6 7,0,100,,70932,6,0,5 2 6 7,0,100,,70933,6,0,5 2 6 7,0,99,,70934,6,0,5 2 6 7,0,100,,70935,6,0,5 2 6 7,0
609,'1959',836,,71108,6,0,5 2 6 7,0,100,,71109,6,0,5 2 6 7,0,100,,71110,6,0,5 2 6 7,0,100,,71111,6,0,5 2 6 7,0,101,,71112,6,0,5 2 6 7,0,100,,71113,6,0,5 2 6 7,0,100,,71114,6,0,5 2 6 7,0,100,,71115,6,0,5 2 6 7,0,100,,71116,6,0,5 2 6 7,0,100,,71117,6,0,5 2 6 7,0,99,,71118,6,0,5 2 6 7,0,100,,71119,6,0,5 2 6 7,0
609,'1967',607,,74298,6,0,15 16 17,0,30,,74279,6,0,15 16 17,0,70,,74269,6,0,15 16 17,0,30,,71074,6,0,15 16 17,0,70,,71047,6,0,15 16 17,0,30,,71059,6,0,15 16 17,0,70,,74268,6,0,15 16 17,0,28,,74292,6,0,15 16 17,0,70,,74267,6,0,15 16 17,0,30,,74278,6,0,15 16 17,0,72,,74266,6,0,15 16 17,0,30,,74291,6,0,15 16 17,0,70,,74265,6,0,15 16 17,0,30,,74277,6,0,15 16 17,0,70,,74264,6,0,15 16 17,0,30,,74290,6,0,15 16 17,0,70,,74263,6,0,15 16 17,0,30,,74276,6,0,15 16 17,0,70,,74262,6,0,15 16 17,0,30,,74289,6,0,15 16 17,0,70,,74261,6,0,15 16 17,0,30,,74275,6,0,15 16 17,0,70,,74260,6,0,15 16 17,0,30,,74295,6,0,15 16 17,0,70,,74280,6,0,15 16 17,0,30,,74293,6,0,15 16 17,0,68,,74296,6,0,5 2 6 7,0,100,,74288,6,0,5 2 6 7,0,100,,71082,6,0,5 2 6 7,0
609,'1969',836,,70960,6,0,5 2 6 7,0,100,,70961,6,0,5 2 6 7,0,100,,70962,6,0,5 2 6 7,0,100,,70963,6,0,5 2 6 7,0,101,,70964,6,0,5 2 6 7,0,100,,70965,6,0,5 2 6 7,0,100,,70966,6,0,5 2 6 7,0,100,,70967,6,0,5 2 6 7,0,100,,70968,6,0,5 2 6 7,0,100,,70969,6,0,5 2 6 7,0,99,,70970,6,0,5 2 6 7,0,100,,70971,6,0,5 2 6 7,0
609,'1976',616,,74248,6,0,15 16 17,0,35,,74226,6,0,15 16 17,0,71,,74224,6,0,15 16 17,0,30,,74229,6,0,15 16 17,0,70,,70991,6,0,15 16 17,0,30,,71000,6,0,15 16 17,0,70,,74247,6,0,15 16 17,0,30,,70988,6,0,15 16 17,0,70,,70997,6,0,15 16 17,0,30,,70998,6,0,15 16 17,0,70,,70996,6,0,15 16 17,0,30,,71019,6,0,15 16 17,0,70,,71018,6,0,15 16 17,0,30,,71015,6,0,15 16 17,0,70,,74242,6,0,15 16 17,0,30,,74243,6,0,15 16 17,0,70,,74241,6,0,15 16 17,0,30,,74239,6,0,15 16 17,0,70,,74240,6,0,15 16 17,0,30,,74238,6,0,15 16 17,0,70,,74237,6,0,15 16 17,0,30,,74236,6,0,15 16 17,0,70,,71010,6,0,15 16 17,0,29,,71007,6,0,15 16 17,0,65,,74235,6,0,15 16 17,0,30,,71005,6,0,15 16 17,0,90,,71003,6,0,15 16 17,0,100,,74234,6,0,15 16 17,0,100,,71002,6,0,15 16 17,0,100,,71024,6,0,15 16 17,0
609,'1977',616,,75330,6,0,15 16 17,0,35,,75284,6,0,15 16 17,0,71,,75281,6,0,15 16 17,0,30,,75294,6,0,15 16 17,0,70,,75296,6,0,15 16 17,0,30,,75306,6,0,15 16 17,0,70,,75329,6,0,15 16 17,0,30,,75293,6,0,15 16 17,0,70,,75302,6,0,15 16 17,0,30,,75303,6,0,15 16 17,0,70,,75301,6,0,15 16 17,0,30,,75325,6,0,15 16 17,0,70,,75324,6,0,15 16 17,0,30,,75321,6,0,15 16 17,0,70,,75322,6,0,15 16 17,0,30,,75323,6,0,15 16 17,0,70,,75320,6,0,15 16 17,0,30,,75318,6,0,15 16 17,0,70,,75319,6,0,15 16 17,0,30,,75317,6,0,15 16 17,0,70,,75315,6,0,15 16 17,0,30,,75314,6,0,15 16 17,0,70,,75316,6,0,15 16 17,0,29,,75313,6,0,15 16 17,0,65,,75312,6,0,15 16 17,0,30,,75311,6,0,15 16 17,0,90,,75309,6,0,15 16 17,0,100,,75310,6,0,15 16 17,0,100,,75308,6,0,15 16 17,0,100,,75332,6,0,15 16 17,0
10029,'1912',824,,60857,32,,,0,30,,66871,32,,,0,70,,60859,32,,,0,30,,66872,32,,,0,70,,60861,32,,,0,30,,71396,32,,,0,70,,71397,32,,,0,30,,71398,32,,,0,71,,71399,32,,,0,32,,71400,32,,,0,70,,71387,32,,,0,30,,71390,32,,,0,70,,71384,32,,,0,30,,71389,32,,,0,70,,71388,32,,,0,30,,71391,32,,,0,70,,71385,32,,,0,30,,71392,32,,,0,70,,66860,32,,,0,30,,71393,32,,,0,69,,71386,32,,,0,28,,71394,32,,,0,70,,66858,32,,,0,30,,71395,32,,,0
10029,'1959',824,,60881,32,,,0,30,,66892,32,,,0,70,,60883,32,,,0,30,,66893,32,,,0,70,,60885,32,,,0,30,,71481,32,,,0,70,,71482,32,,,0,30,,71483,32,,,0,71,,71484,32,,,0,32,,71485,32,,,0,70,,71472,32,,,0,30,,71475,32,,,0,70,,71469,32,,,0,30,,71474,32,,,0,70,,71473,32,,,0,30,,71476,32,,,0,70,,71470,32,,,0,30,,71477,32,,,0,70,,66881,32,,,0,30,,71478,32,,,0,69,,71471,32,,,0,28,,71479,32,,,0,70,,66879,32,,,0,30,,71480,32,,,0
10029,'1967',724,,71445,32,,,0,30,,71446,32,,,0,70,,74370,32,,,0,30,,74371,32,,,0,70,,71449,32,,,0,30,,71450,32,,,0,71,,74372,32,,,0,32,,71452,32,,,0,70,,71453,32,,,0,30,,71454,32,,,0,70,,71455,32,,,0,30,,71456,32,,,0,70,,71457,32,,,0,30,,71458,32,,,0,70,,71459,32,,,0,30,,71460,32,,,0,70,,71461,32,,,0,30,,71462,32,,,0,70,,71463,32,,,0,30,,71464,32,,,0,70,,71465,32,,,0,30,,71466,32,,,0,70,,71467,32,,,0,30,,74373,32,,,0,69,,66855,32,,,0,28,,60815,32,,,0,100,,66856,32,,,0,100,,60842,32,,,0
10029,'1969',824,,60905,32,,,0,30,,66913,32,,,0,70,,60907,32,,,0,30,,66914,32,,,0,70,,60909,32,,,0,30,,71413,32,,,0,70,,71414,32,,,0,30,,71415,32,,,0,71,,71416,32,,,0,32,,71417,32,,,0,70,,71404,32,,,0,30,,71407,32,,,0,70,,71401,32,,,0,30,,71406,32,,,0,70,,71405,32,,,0,30,,71408,32,,,0,70,,71402,32,,,0,30,,71409,32,,,0,70,,66902,32,,,0,30,,71410,32,,,0,69,,71403,32,,,0,28,,71411,32,,,0,70,,66900,32,,,0,30,,71412,32,,,0
10029,'1976',623,,74356,32,,,0,30,,71419,32,,,0,80,,74357,32,,,0,70,,71421,32,,,0,30,,74358,32,,,0,70,,71423,32,,,0,27,,71424,32,,,0,70,,60789,32,,,0,30,,71425,32,,,0,70,,71426,32,,,0,30,,71427,32,,,0,70,,74359,32,,,0,30,,71429,32,,,0,70,,71430,32,,,0,30,,71431,32,,,0,70,,71432,32,,,0,30,,66940,32,,,0,71,,74360,32,,,0,35,,74361,32,,,0,70,,74362,32,,,0,30,,74363,32,,,0,70,,74364,32,,,0,29,,74365,32,,,0,67,,74366,32,,,0,25,,74367,32,,,0,30,,74368,32,,,0,70,,71442,32,,,0,30,,74369,32,,,0,70,,71443,32,,,0,25,,60811,32,,,0,70,,71444,32,,,0,30,,60813,32,,,0,100,,60814,32,,,0
10029,'1977',623,,75443,32,,,0,30,,75444,32,,,0,80,,75445,32,,,0,70,,75446,32,,,0,30,,75447,32,,,0,70,,75448,32,,,0,27,,75449,32,,,0,70,,75450,32,,,0,30,,75451,32,,,0,70,,75452,32,,,0,30,,75453,32,,,0,70,,75454,32,,,0,30,,75455,32,,,0,70,,75456,32,,,0,30,,75457,32,,,0,70,,75458,32,,,0,30,,75459,32,,,0,71,,75460,32,,,0,35,,75461,32,,,0,70,,75462,32,,,0,30,,75463,32,,,0,70,,75464,32,,,0,29,,75465,32,,,0,67,,75466,32,,,0,25,,75467,32,,,0,30,,75468,32,,,0,70,,75469,32,,,0,30,,75470,32,,,0,70,,75471,32,,,0,25,,75472,32,,,0,70,,75473,32,,,0,30,,75474,32,,,0,100,,75475,32,,,0
