1019,'1912',609,,73606,12,,,0,100,,73607,12,,,0,100,,73608,12,,,0,100,,73609,12,,,0,100,,73610,12,,,0,100,,73611,12,,,0,100,,73612,12,,,0,100,,73613,12,,,0,100,,73614,12,,,0,100,,73615,12,,,0,100,,73616,12,,,0,100,,73617,12,,,0,100,,73618,12,,,0,100,,73619,12,,,0,100,,73620,12,,,0,100,,73621,12,,,0,100,,73622,12,,,0,100,,73623,12,,,0
1019,'1959',609,,73696,12,,,0,100,,73697,12,,,0,100,,73698,12,,,0,100,,73699,12,,,0,100,,73700,12,,,0,100,,73701,12,,,0,100,,73702,12,,,0,100,,73703,12,,,0,100,,73704,12,,,0,100,,73705,12,,,0,100,,73706,12,,,0,100,,73707,12,,,0,100,,73708,12,,,0,100,,73709,12,,,0,100,,73710,12,,,0,100,,73711,12,,,0,100,,73712,12,,,0,100,,73713,12,,,0
1019,'1967',538,,73695,12,,,0,70,,73684,12,,,0,30,,73670,12,,,0,70,,73689,12,,,0,30,,73679,12,,,0,70,,73664,12,,,0,30,,73685,12,,,0,70,,73687,12,,,0,30,,73669,12,,,0,72,,73690,12,,,0,30,,73678,12,,,0,70,,73663,12,,,0,30,,73673,12,,,0,70,,73683,12,,,0,30,,73668,12,,,0,70,,73691,12,,,0,30,,73677,12,,,0,70,,73662,12,,,0,30,,73672,12,,,0,70,,73682,12,,,0,30,,73667,12,,,0,70,,73692,12,,,0,30,,73676,12,,,0,70,,73661,12,,,0,30,,73671,12,,,0,70,,73681,12,,,0,30,,73665,12,,,0,69,,73693,12,,,0,30,,73674,12,,,0,70,,73660,12,,,0,30,,73666,12,,,0,70,,73680,12,,,0,30,,73675,12,,,0,70,,73694,12,,,0,30,,73688,12,,,0,70,,73686,12,,,0
1019,'1969',609,,73714,12,,,0,100,,73715,12,,,0,100,,73716,12,,,0,100,,73717,12,,,0,100,,73718,12,,,0,100,,73719,12,,,0,100,,73720,12,,,0,100,,73721,12,,,0,100,,73722,12,,,0,100,,73723,12,,,0,100,,73724,12,,,0,100,,73725,12,,,0,100,,73726,12,,,0,100,,73727,12,,,0,100,,73728,12,,,0,100,,73729,12,,,0,100,,73730,12,,,0,100,,73731,12,,,0
1019,'1976',538,,73659,12,,,0,75,,73655,12,,,0,30,,73631,12,,,0,72,,73626,12,,,0,30,,73644,12,,,0,70,,73628,12,,,0,30,,73633,12,,,0,70,,73658,12,,,0,30,,73630,12,,,0,70,,73624,12,,,0,30,,73643,12,,,0,70,,73629,12,,,0,30,,73634,12,,,0,70,,73654,12,,,0,30,,73632,12,,,0,70,,73625,12,,,0,30,,73656,12,,,0,70,,73627,12,,,0,31,,73635,12,,,0,70,,73653,12,,,0,30,,73646,12,,,0,70,,73638,12,,,0,30,,73636,12,,,0,70,,73639,12,,,0,29,,73641,12,,,0,70,,73640,12,,,0,30,,73637,12,,,0,65,,73657,12,,,0,30,,73651,12,,,0,68,,73652,12,,,0,30,,73650,12,,,0,70,,73649,12,,,0,30,,73648,12,,,0,70,,73647,12,,,0,30,,73645,12,,,0,70,,73642,12,,,0
1019,'1977',538,,75105,12,,,0,75,,75101,12,,,0,30,,75077,12,,,0,72,,75072,12,,,0,30,,75090,12,,,0,70,,75074,12,,,0,30,,75079,12,,,0,70,,75104,12,,,0,30,,75076,12,,,0,70,,75070,12,,,0,30,,75089,12,,,0,70,,75075,12,,,0,30,,75080,12,,,0,70,,75100,12,,,0,30,,75078,12,,,0,70,,75071,12,,,0,30,,75102,12,,,0,70,,75073,12,,,0,31,,75081,12,,,0,70,,75099,12,,,0,30,,75092,12,,,0,70,,75084,12,,,0,30,,75082,12,,,0,70,,75085,12,,,0,29,,75087,12,,,0,70,,75086,12,,,0,30,,75083,12,,,0,65,,75103,12,,,0,30,,75097,12,,,0,68,,75098,12,,,0,30,,75096,12,,,0,70,,75095,12,,,0,30,,75094,12,,,0,70,,75093,12,,,0,30,,75091,12,,,0,70,,75088,12,,,0
2019,'1912',654,,73883,21,,,0,70,,73860,21,,,0,30,,73864,21,,,0,70,,73876,21,,,0,30,,73871,21,,,0,70,,73861,21,,,0,30,,73865,21,,,0,70,,73877,21,,,0,30,,73872,21,,,0,70,,73862,21,,,0,30,,73866,21,,,0,70,,73878,21,,,0,30,,73873,21,,,0,70,,73863,21,,,0,30,,73867,21,,,0,70,,73879,21,,,0,30,,73874,21,,,0,70,,73858,21,,,0,30,,73868,21,,,0,70,,73880,21,,,0,30,,73875,21,,,0,70,,73856,21,,,0,30,,73869,21,,,0,70,,73881,21,,,0,100,,73857,21,,,0,100,,73882,21,,,0,100,,73859,21,,,0,100,,73870,21,,,0,99,,73884,21,,,0
2019,'1959',654,,73975,21,,,0,70,,73952,21,,,0,30,,73956,21,,,0,70,,73968,21,,,0,30,,73963,21,,,0,70,,73953,21,,,0,30,,73957,21,,,0,70,,73969,21,,,0,30,,73964,21,,,0,70,,73954,21,,,0,30,,73958,21,,,0,70,,73970,21,,,0,30,,73965,21,,,0,70,,73955,21,,,0,30,,73959,21,,,0,70,,73971,21,,,0,30,,73966,21,,,0,70,,73950,21,,,0,30,,73960,21,,,0,70,,73972,21,,,0,30,,73967,21,,,0,70,,73948,21,,,0,30,,73961,21,,,0,70,,73973,21,,,0,100,,73949,21,,,0,100,,73974,21,,,0,100,,73951,21,,,0,100,,73962,21,,,0,99,,73976,21,,,0
2019,'1967',623,,73917,12,,,0,30,,73924,21,,,0,70,,73933,21,,,0,30,,73940,21,,,0,70,,73918,21,,,0,30,,73925,21,,,0,70,,73934,21,,,0,30,,73941,21,,,0,72,,73919,21,,,0,30,,73926,21,,,0,70,,73935,21,,,0,30,,73942,21,,,0,70,,73920,21,,,0,30,,73927,21,,,0,70,,73936,21,,,0,30,,73943,21,,,0,70,,73921,21,,,0,30,,73928,21,,,0,70,,73937,21,,,0,30,,73944,21,,,0,70,,73922,21,,,0,30,,73929,21,,,0,70,,73938,21,,,0,30,,73945,21,,,0,70,,73923,21,,,0,30,,73930,21,,,0,70,,73939,21,,,0,99,,73931,21,,,0,100,,73946,21,,,0,100,,73932,21,,,0,100,,73947,21,,,0
2019,'1969',654,,74004,21,,,0,70,,73981,21,,,0,30,,73985,21,,,0,70,,73997,21,,,0,30,,73992,21,,,0,70,,73982,21,,,0,30,,73986,21,,,0,70,,73998,21,,,0,30,,73993,21,,,0,70,,73983,21,,,0,30,,73987,21,,,0,70,,73999,21,,,0,30,,73994,21,,,0,70,,73984,21,,,0,30,,73988,21,,,0,70,,74000,21,,,0,30,,73995,21,,,0,70,,73979,21,,,0,30,,73989,21,,,0,70,,74001,21,,,0,30,,73996,21,,,0,70,,73977,21,,,0,30,,73990,21,,,0,70,,74002,21,,,0,100,,73978,21,,,0,100,,74003,21,,,0,100,,73980,21,,,0,100,,73991,21,,,0,99,,74005,21,,,0
2019,'1976',450,,73916,12,0,5 2 13 14,0,173,,73885,21,,,0,30,,73886,21,,,0,72,,73887,21,,,0,30,,73888,21,,,0,70,,73889,21,,,0,30,,73890,21,,,0,70,,73907,21,,,0,30,,73908,21,,,0,70,,73909,21,,,0,30,,73910,21,,,0,70,,73911,21,,,0,30,,73912,21,,,0,70,,73913,21,,,0,30,,73914,21,,,0,70,,73915,21,,,0,30,,73905,21,,,0,70,,73906,21,,,0,31,,73891,21,,,0,70,,73892,21,,,0,30,,73893,21,,,0,70,,73894,21,,,0,30,,73895,21,,,0,69,,73896,21,,,0,30,,73897,21,,,0,70,,73898,21,,,0,30,,73904,21,,,0,70,,73899,21,,,0,98,,73900,21,,,0,100,,73901,21,,,0,100,,73902,21,,,0,100,,73903,21,,,0
2019,'1977',450,,75172,12,0,5 2 13 14,0,173,,75141,21,,,0,30,,75142,21,,,0,72,,75143,21,,,0,30,,75144,21,,,0,70,,75145,21,,,0,30,,75146,21,,,0,70,,75163,21,,,0,30,,75164,21,,,0,70,,75165,21,,,0,30,,75166,21,,,0,70,,75167,21,,,0,30,,75168,21,,,0,70,,75169,21,,,0,30,,75170,21,,,0,70,,75171,21,,,0,30,,75161,21,,,0,70,,75162,21,,,0,31,,75147,21,,,0,70,,75148,21,,,0,30,,75149,21,,,0,70,,75150,21,,,0,30,,75151,21,,,0,69,,75152,21,,,0,30,,75153,21,,,0,70,,75154,21,,,0,30,,75160,21,,,0,70,,75155,21,,,0,98,,75156,21,,,0,100,,75157,21,,,0,100,,75158,21,,,0,100,,75159,21,,,0
12019,'1976',633,,61256,12,,,0,71,,61259,12,,,0,31,,74399,12,,,0,70,,74403,12,,,0,30,,61261,12,,,0,70,,61258,12,0,5 2 12,0,30,,74394,12,0,5 2 12,0,70,,74395,12,0,5 2 12,0,30,,61238,12,0,5 2 12,0,70,,61239,12,0,5 2 12,0,30,,61240,12,0,5 2 12,0,70,,74391,12,0,5 2 12,0,30,,74392,12,0,5 2 12,0,70,,61243,12,0,5 2 12,0,30,,61244,12,0,5 2 12,0,70,,61245,12,0,5 2 12,0,30,,74393,12,,,0,69,,74402,12,,,0,30,,74398,12,,,0,70,,74400,12,,,0,30,,74397,12,,,0,70,,74401,12,,,0,30,,74396,12,,,0,70,,71547,12,,,0
12019,'1977',635,,75512,12,0,5 2 12,0,70,,75508,12,0,5 2 12,0,30,,75510,12,0,5 2 12,0,71,,75509,12,0,5 2 12,0,29,,75511,12,0,5 2 12,0,600,,75520,12,0,5 2 12,0,71,,75518,12,0,5 2 12,0,29,,75516,12,0,5 2 12,0,71,,75517,12,0,5 2 12,0,29,,75515,12,0,5 2 12,0,71,,75513,12,0,5 2 12,0,29,,75514,12,0,5 2 12,0,71,,75519,12,0,5 2 12,0
14000001019,'1912',2417,,65844,28,,,0,30,,70196,28,,,0,70,,75054,28,,,0,30,,65845,28,,,0,70,,70197,28,,,0
14000001019,'1959',2417,,65849,28,,,0,30,,70198,28,,,0,70,,75057,28,,,0,30,,65850,28,,,0,70,,70199,28,,,0
14000001019,'1967',2417,,65840,28,,,0,30,,73583,28,,,0,70,,75056,28,,,0,30,,65838,28,,,0,70,,73585,28,,,0
14000001019,'1969',2417,,65854,28,,,0,30,,70200,28,,,0,70,,75058,28,,,0,30,,65855,28,,,0,70,,70201,28,,,0
14000001019,'1976',2417,,65835,28,,,0,30,,73580,28,,,0,70,,75055,28,,,0,30,,65834,28,,,0,70,,73582,28,,,0
14000001019,'1977',2417,,76523,28,,,0,30,,76520,28,,,0,70,,76521,28,,,0,30,,76522,28,,,0,70,,76524,28,,,0
