4019,'1912',754,,70650,6,,,0,70,,59832,6,,,0,30,,70649,6,,,0,70,,70651,6,,,0,30,,59830,6,,,0,72,,66070,6,,,0,30,,70638,6,,,0,70,,70642,6,,,0,30,,70645,6,,,0,70,,70631,6,,,0,30,,70634,6,,,0,70,,70637,6,,,0,30,,70641,6,,,0,70,,70643,6,,,0,30,,70630,6,,,0,70,,70633,6,,,0,30,,70636,6,,,0,70,,70640,6,,,0,30,,70644,6,,,0,70,,70629,6,,,0,30,,70632,6,,,0,70,,70635,6,,,0,29,,70639,6,,,0,70,,70648,6,,,0,30,,70652,6,,,0,70,,70646,6,,,0,30,,70653,6,,,0,70,,70647,6,,,0
4019,'1959',754,,70763,6,,,0,70,,59860,6,,,0,30,,70762,6,,,0,70,,70764,6,,,0,30,,59858,6,,,0,72,,66096,6,,,0,30,,70751,6,,,0,70,,70755,6,,,0,30,,70758,6,,,0,70,,70744,6,,,0,30,,70747,6,,,0,70,,70750,6,,,0,30,,70754,6,,,0,70,,70756,6,,,0,30,,70743,6,,,0,70,,70746,6,,,0,30,,70749,6,,,0,70,,70753,6,,,0,30,,70757,6,,,0,70,,70742,6,,,0,30,,70745,6,,,0,70,,70748,6,,,0,29,,70752,6,,,0,70,,70761,6,,,0,30,,70765,6,,,0,70,,70759,6,,,0,30,,70766,6,,,0,70,,70760,6,,,0
4019,'1967',654,,74182,6,,,0,70,,74176,6,,,0,30,,70712,6,,,0,71,,74177,6,,,0,30,,74181,6,,,0,70,,70727,6,,,0,30,,66037,6,,,0,71,,70737,6,,,0,30,,70715,6,,,0,70,,70734,6,,,0,30,,70729,6,,,0,70,,70722,6,,,0,30,,70735,6,,,0,70,,70738,6,,,0,30,,70714,6,,,0,70,,70724,6,,,0,30,,70713,6,,,0,70,,70718,6,,,0,30,,70736,6,,,0,70,,70733,6,,,0,30,,70730,6,,,0,70,,70719,6,,,0,30,,70739,6,,,0,70,,70740,6,,,0,30,,70711,6,,,0,70,,70725,6,,,0,30,,70723,6,,,0,70,,74180,6,,,0,30,,70716,6,,,0,70,,74178,6,,,0,30,,70720,6,,,0,70,,74179,6,,,0
4019,'1969',754,,70675,6,,,0,70,,59888,6,,,0,30,,70674,6,,,0,70,,70676,6,,,0,30,,59886,6,,,0,72,,66122,6,,,0,30,,70663,6,,,0,70,,70667,6,,,0,30,,70670,6,,,0,70,,70656,6,,,0,30,,70659,6,,,0,70,,70662,6,,,0,30,,70666,6,,,0,70,,70668,6,,,0,30,,70655,6,,,0,70,,70658,6,,,0,30,,70661,6,,,0,70,,70665,6,,,0,30,,70669,6,,,0,70,,70654,6,,,0,30,,70657,6,,,0,70,,70660,6,,,0,29,,70664,6,,,0,70,,70673,6,,,0,30,,70677,6,,,0,70,,70671,6,,,0,30,,70678,6,,,0,70,,70672,6,,,0
4019,'1976',624,,74174,6,,,0,30,,70710,6,,,0,72,,70685,6,,,0,27,,70686,6,,,0,76,,70687,6,,,0,24,,70688,6,,,0,76,,70689,6,,,0,27,,70690,6,,,0,70,,70691,6,,,0,30,,70692,6,,,0,70,,70693,6,,,0,32,,70694,6,,,0,70,,70695,6,,,0,30,,74175,6,,,0,70,,70697,6,,,0,30,,70698,6,,,0,70,,70699,6,,,0,73,,70700,6,,,0,30,,70701,6,,,0,71,,70702,6,,,0,24,,70703,6,,,0,76,,70704,6,,,0,22,,70705,6,,,0,76,,70706,6,,,0,21,,70707,6,,,0,35,,70708,6,,,0,70,,70709,6,,,0,30,,74171,6,,,0,70,,74172,6,,,0,30,,70681,6,,,0,69,,74173,6,,,0,30,,66173,6,,,0,70,,70683,6,,,0
4019,'1977',624,,75214,6,,,0,30,,75240,6,,,0,72,,75215,6,,,0,27,,75216,6,,,0,76,,75217,6,,,0,24,,75218,6,,,0,76,,75219,6,,,0,27,,75220,6,,,0,70,,75221,6,,,0,30,,75222,6,,,0,70,,75223,6,,,0,32,,75224,6,,,0,70,,75225,6,,,0,30,,75226,6,,,0,70,,75227,6,,,0,30,,75228,6,,,0,70,,75229,6,,,0,73,,75230,6,,,0,30,,75231,6,,,0,71,,75232,6,,,0,24,,75233,6,,,0,76,,75234,6,,,0,22,,75235,6,,,0,76,,75236,6,,,0,21,,75237,6,,,0,35,,75238,6,,,0,70,,75239,6,,,0,30,,75208,6,,,0,70,,75209,6,,,0,30,,75210,6,,,0,69,,75211,6,,,0,30,,75212,6,,,0,70,,75213,6,,,0
16029,'1912',727,,67445,11,,,0,102,,71800,11,,,0,97,,71798,11,,,0,103,,71803,11,,,0,98,,71805,11,,,0,100,,71802,11,,,0,101,,71804,11,,,0,100,,71797,11,,,0,100,,71799,11,,,0,99,,71801,11,,,0,99,,67438,11,,,0,100,,61917,11,,,0,100,,61912,11,,,0,102,,61913,11,,,0,97,,71806,11,,,0
16029,'1959',727,,67457,11,,,0,102,,71843,11,,,0,97,,71841,11,,,0,103,,71846,11,,,0,98,,71848,11,,,0,100,,71845,11,,,0,101,,71847,11,,,0,100,,71840,11,,,0,100,,71842,11,,,0,99,,71844,11,,,0,99,,67450,11,,,0,100,,61932,11,,,0,100,,61927,11,,,0,102,,61928,11,,,0,97,,71849,11,,,0
16029,'1967',600,,61905,11,,,0,27,,61904,11,,,0,30,,61888,11,,,0,67,,61874,11,,,0,30,,61881,11,,,0,71,,61895,11,,,0,30,,61889,11,,,0,70,,61875,11,,,0,32,,61882,11,,,0,70,,61896,11,,,0,30,,61890,11,,,0,70,,61876,11,,,0,30,,61883,11,,,0,70,,61897,11,,,0,32,,61891,11,,,0,70,,61877,11,,,0,30,,61884,11,,,0,70,,61898,11,,,0,30,,61892,11,,,0,70,,61878,11,,,0,30,,61885,11,,,0,70,,61899,11,,,0,29,,61893,11,,,0,70,,61879,11,,,0,30,,61886,11,,,0,69,,61900,11,,,0,29,,61894,11,,,0,70,,61880,11,,,0,29,,61887,11,,,0,70,,61901,11,,,0,99,,61902,11,,,0,30,,61903,11,,,0
16029,'1969',727,,67469,11,,,0,102,,71810,11,,,0,97,,71808,11,,,0,103,,71813,11,,,0,98,,71815,11,,,0,100,,71812,11,,,0,101,,71814,11,,,0,100,,71807,11,,,0,100,,71809,11,,,0,99,,71811,11,,,0,99,,67462,11,,,0,100,,61947,11,,,0,100,,61942,11,,,0,102,,61943,11,,,0,97,,71816,11,,,0
16029,'1976',558,,71839,11,,,0,70,,71817,11,,,0,73,,71818,11,,,0,36,,71819,11,,,0,71,,71820,11,,,0,32,,74482,11,,,0,70,,74483,11,,,0,29,,74484,11,,,0,67,,71824,11,,,0,30,,71825,11,,,0,70,,74485,11,,,0,30,,71827,11,,,0,70,,71828,11,,,0,30,,71829,11,,,0,70,,71830,11,,,0,30,,71831,11,,,0,71,,71832,11,,,0,32,,71833,11,,,0,71,,74486,11,,,0,29,,61859,11,,,0,72,,74487,11,,,0,30,,74488,11,,,0,69,,74489,11,,,0,28,,74490,11,,,0,69,,74491,11,,,0,30,,74496,11,,,0,67,,74492,11,,,0,30,,74493,11,,,0,70,,74494,11,,,0,24,,71836,11,,,0,29,,74495,11,,,0,70,,71837,11,,,0,27,,71838,11,,,0
16029,'1977',558,,75718,11,,,0,70,,75686,11,,,0,73,,75687,11,,,0,36,,75688,11,,,0,71,,75689,11,,,0,32,,75690,11,,,0,70,,75691,11,,,0,29,,75692,11,,,0,67,,75693,11,,,0,30,,75694,11,,,0,70,,75695,11,,,0,30,,75696,11,,,0,70,,75697,11,,,0,30,,75698,11,,,0,70,,75699,11,,,0,30,,75700,11,,,0,71,,75701,11,,,0,32,,75702,11,,,0,71,,75703,11,,,0,29,,75704,11,,,0,72,,75705,11,,,0,30,,75706,11,,,0,69,,75707,11,,,0,28,,75708,11,,,0,69,,75709,11,,,0,30,,75717,11,,,0,67,,75710,11,,,0,30,,75711,11,,,0,70,,75712,11,,,0,24,,75713,11,,,0,29,,75714,11,,,0,70,,75715,11,,,0,27,,75716,11,,,0
32019,'1912',642,,74670,30,,,0,95,,74671,30,,,0,100,,74672,30,,,0,100,,74673,30,,,0,100,,74674,30,,,0,101,,74675,30,,,0,103,,74676,30,,,0,100,,74677,30,,,0,100,,74678,30,,,0,100,,74679,30,,,0,100,,74680,30,,,0,100,,74681,30,,,0,97,,74682,30,,,0,100,,74683,30,,,0,100,,74684,30,,,0,100,,74685,30,,,0,100,,74686,30,,,0,95,,74688,30,0,5 2 8 7,0
32019,'1959',642,,74763,30,,,0,95,,74764,30,,,0,100,,74765,30,,,0,100,,74766,30,,,0,100,,74767,30,,,0,101,,74768,30,,,0,103,,74769,30,,,0,100,,74770,30,,,0,100,,74771,30,,,0,100,,74772,30,,,0,100,,74773,30,,,0,100,,74774,30,,,0,97,,74775,30,,,0,100,,74776,30,,,0,100,,74777,30,,,0,100,,74778,30,,,0,100,,74779,30,,,0,95,,74781,30,0,5 2 8 7,0
32019,'1967',641,,74737,30,,,0,65,,74754,30,,,0,30,,74731,30,,,0,70,,74748,30,,,0,30,,74755,30,,,0,72,,74743,30,,,0,30,,74736,30,,,0,70,,74753,30,,,0,30,,74730,30,,,0,70,,74747,30,,,0,30,,74758,30,,,0,71,,74742,30,,,0,30,,74735,30,,,0,72,,74752,30,,,0,30,,74729,30,,,0,70,,74746,30,,,0,30,,74757,30,,,0,70,,74741,30,,,0,30,,74734,30,,,0,70,,74751,30,,,0,30,,74728,30,,,0,70,,74745,30,,,0,30,,74759,30,,,0,69,,74740,30,,,0,30,,74733,30,,,0,68,,74749,30,,,0,30,,74727,30,,,0,100,,74756,30,,,0,98,,74732,30,,,0,100,,74726,30,,,0,100,,74760,30,0,5 2 8 7,0
32019,'1969',642,,74782,30,,,0,95,,74783,30,,,0,100,,74784,30,,,0,100,,74785,30,,,0,100,,74786,30,,,0,101,,74787,30,,,0,103,,74788,30,,,0,100,,74789,30,,,0,100,,74790,30,,,0,100,,74791,30,,,0,100,,74792,30,,,0,100,,74793,30,,,0,97,,74794,30,,,0,100,,74795,30,,,0,100,,74796,30,,,0,100,,74797,30,,,0,100,,74798,30,,,0,95,,74800,30,0,5 2 8 7,0
32019,'1976',642,,74697,30,,,0,66,,74713,30,,,0,34,,74692,30,,,0,71,,74708,30,,,0,30,,74718,30,,,0,69,,74702,30,,,0,29,,74700,30,,,0,70,,74712,30,,,0,30,,74690,30,,,0,70,,74706,30,,,0,30,,74717,30,,,0,70,,74704,30,,,0,30,,74699,30,,,0,70,,74711,30,,,0,30,,74693,30,,,0,70,,74705,30,,,0,30,,74716,30,,,0,70,,74703,30,,,0,30,,74696,30,,,0,70,,74710,30,,,0,30,,74689,30,,,0,70,,74707,30,,,0,30,,74715,30,,,0,71,,74701,30,,,0,28,,74698,30,,,0,70,,74709,30,,,0,30,,74694,30,,,0,99,,74714,30,,,0,100,,74695,30,,,0,100,,74691,30,,,0,95,,74722,30,0,5 2 8 7,0
32019,'1977',642,,75849,30,,,0,66,,75865,30,,,0,34,,75844,30,,,0,71,,75860,30,,,0,30,,75870,30,,,0,69,,75854,30,,,0,29,,75852,30,,,0,70,,75864,30,,,0,30,,75842,30,,,0,70,,75858,30,,,0,30,,75869,30,,,0,70,,75856,30,,,0,30,,75851,30,,,0,70,,75863,30,,,0,30,,75845,30,,,0,70,,75857,30,,,0,30,,75868,30,,,0,70,,75855,30,,,0,30,,75848,30,,,0,70,,75862,30,,,0,30,,75841,30,,,0,70,,75859,30,,,0,30,,75867,30,,,0,71,,75853,30,,,0,28,,75850,30,,,0,70,,75861,30,,,0,30,,75846,30,,,0,99,,75866,30,,,0,100,,75847,30,,,0,100,,75843,30,,,0,95,,75875,30,0,5 2 8 7,0
