1019,'1912',605,,73606,7,,,0,100,,73607,7,,,0,100,,73608,7,,,0,100,,73609,7,,,0,100,,73610,7,,,0,100,,73611,7,,,0,100,,73612,7,,,0,100,,73613,7,,,0,100,,73614,7,,,0,100,,73615,7,,,0,100,,73616,7,,,0,100,,73617,7,,,0,100,,73618,7,,,0,100,,73619,7,,,0,100,,73620,7,,,0,100,,73621,7,,,0,100,,73622,7,,,0,100,,73623,7,,,0
1019,'1959',605,,73696,7,,,0,100,,73697,7,,,0,100,,73698,7,,,0,100,,73699,7,,,0,100,,73700,7,,,0,100,,73701,7,,,0,100,,73702,7,,,0,100,,73703,7,,,0,100,,73704,7,,,0,100,,73705,7,,,0,100,,73706,7,,,0,100,,73707,7,,,0,100,,73708,7,,,0,100,,73709,7,,,0,100,,73710,7,,,0,100,,73711,7,,,0,100,,73712,7,,,0,100,,73713,7,,,0
1019,'1967',534,,73695,7,,,0,70,,73684,7,,,0,30,,73670,7,,,0,70,,73689,7,,,0,30,,73679,7,,,0,70,,73664,7,,,0,30,,73685,7,,,0,70,,73687,7,,,0,30,,73669,7,,,0,72,,73690,7,,,0,30,,73678,7,,,0,70,,73663,7,,,0,30,,73673,7,,,0,70,,73683,7,,,0,30,,73668,7,,,0,70,,73691,7,,,0,30,,73677,7,,,0,70,,73662,7,,,0,30,,73672,7,,,0,70,,73682,7,,,0,30,,73667,7,,,0,70,,73692,7,,,0,30,,73676,7,,,0,70,,73661,7,,,0,30,,73671,7,,,0,70,,73681,7,,,0,30,,73665,7,,,0,69,,73693,7,,,0,30,,73674,7,,,0,70,,73660,7,,,0,30,,73666,7,,,0,70,,73680,7,,,0,30,,73675,7,,,0,70,,73694,7,,,0,30,,73688,7,,,0,70,,73686,7,,,0
1019,'1969',605,,73714,7,,,0,100,,73715,7,,,0,100,,73716,7,,,0,100,,73717,7,,,0,100,,73718,7,,,0,100,,73719,7,,,0,100,,73720,7,,,0,100,,73721,7,,,0,100,,73722,7,,,0,100,,73723,7,,,0,100,,73724,7,,,0,100,,73725,7,,,0,100,,73726,7,,,0,100,,73727,7,,,0,100,,73728,7,,,0,100,,73729,7,,,0,100,,73730,7,,,0,100,,73731,7,,,0
1019,'1976',534,,73659,7,,,0,75,,73655,7,,,0,30,,73631,7,,,0,72,,73626,7,,,0,30,,73644,7,,,0,70,,73628,7,,,0,30,,73633,7,,,0,70,,73658,7,,,0,30,,73630,7,,,0,70,,73624,7,,,0,30,,73643,7,,,0,70,,73629,7,,,0,30,,73634,7,,,0,70,,73654,7,,,0,30,,73632,7,,,0,70,,73625,7,,,0,30,,73656,7,,,0,70,,73627,7,,,0,30,,73635,7,,,0,70,,73653,7,,,0,30,,73646,7,,,0,70,,73638,7,,,0,30,,73636,7,,,0,70,,73639,7,,,0,30,,73641,7,,,0,70,,73640,7,,,0,30,,73637,7,,,0,65,,73657,7,,,0,30,,73651,7,,,0,68,,73652,7,,,0,30,,73650,7,,,0,70,,73649,7,,,0,30,,73648,7,,,0,70,,73647,7,,,0,30,,73645,7,,,0,70,,73642,7,,,0
1019,'1977',534,,75105,7,,,0,75,,75101,7,,,0,30,,75077,7,,,0,72,,75072,7,,,0,30,,75090,7,,,0,70,,75074,7,,,0,30,,75079,7,,,0,70,,75104,7,,,0,30,,75076,7,,,0,70,,75070,7,,,0,30,,75089,7,,,0,70,,75075,7,,,0,30,,75080,7,,,0,70,,75100,7,,,0,30,,75078,7,,,0,70,,75071,7,,,0,30,,75102,7,,,0,70,,75073,7,,,0,30,,75081,7,,,0,70,,75099,7,,,0,30,,75092,7,,,0,70,,75084,7,,,0,30,,75082,7,,,0,70,,75085,7,,,0,30,,75087,7,,,0,70,,75086,7,,,0,30,,75083,7,,,0,65,,75103,7,,,0,30,,75097,7,,,0,68,,75098,7,,,0,30,,75096,7,,,0,70,,75095,7,,,0,30,,75094,7,,,0,70,,75093,7,,,0,30,,75091,7,,,0,70,,75088,7,,,0
2019,'1912',650,,73883,16,,,0,70,,73860,16,,,0,30,,73864,16,,,0,70,,73876,16,,,0,30,,73871,16,,,0,70,,73861,16,,,0,30,,73865,16,,,0,70,,73877,16,,,0,30,,73872,16,,,0,70,,73862,16,,,0,30,,73866,16,,,0,70,,73878,16,,,0,30,,73873,16,,,0,70,,73863,16,,,0,30,,73867,16,,,0,70,,73879,16,,,0,30,,73874,16,,,0,70,,73858,16,,,0,30,,73868,16,,,0,70,,73880,16,,,0,30,,73875,16,,,0,70,,73856,16,,,0,30,,73869,16,,,0,70,,73881,16,,,0,100,,73857,16,,,0,100,,73882,16,,,0,100,,73859,16,,,0,100,,73870,16,,,0,99,,73884,16,,,0
2019,'1959',650,,73975,16,,,0,70,,73952,16,,,0,30,,73956,16,,,0,70,,73968,16,,,0,30,,73963,16,,,0,70,,73953,16,,,0,30,,73957,16,,,0,70,,73969,16,,,0,30,,73964,16,,,0,70,,73954,16,,,0,30,,73958,16,,,0,70,,73970,16,,,0,30,,73965,16,,,0,70,,73955,16,,,0,30,,73959,16,,,0,70,,73971,16,,,0,30,,73966,16,,,0,70,,73950,16,,,0,30,,73960,16,,,0,70,,73972,16,,,0,30,,73967,16,,,0,70,,73948,16,,,0,30,,73961,16,,,0,70,,73973,16,,,0,100,,73949,16,,,0,100,,73974,16,,,0,100,,73951,16,,,0,100,,73962,16,,,0,99,,73976,16,,,0
2019,'1967',619,,73917,7,,,0,30,,73924,16,,,0,70,,73933,16,,,0,30,,73940,16,,,0,70,,73918,16,,,0,30,,73925,16,,,0,70,,73934,16,,,0,30,,73941,16,,,0,72,,73919,16,,,0,30,,73926,16,,,0,70,,73935,16,,,0,30,,73942,16,,,0,70,,73920,16,,,0,30,,73927,16,,,0,70,,73936,16,,,0,30,,73943,16,,,0,70,,73921,16,,,0,30,,73928,16,,,0,70,,73937,16,,,0,30,,73944,16,,,0,70,,73922,16,,,0,30,,73929,16,,,0,70,,73938,16,,,0,30,,73945,16,,,0,70,,73923,16,,,0,30,,73930,16,,,0,70,,73939,16,,,0,99,,73931,16,,,0,100,,73946,16,,,0,100,,73932,16,,,0,100,,73947,16,,,0
2019,'1969',650,,74004,16,,,0,70,,73981,16,,,0,30,,73985,16,,,0,70,,73997,16,,,0,30,,73992,16,,,0,70,,73982,16,,,0,30,,73986,16,,,0,70,,73998,16,,,0,30,,73993,16,,,0,70,,73983,16,,,0,30,,73987,16,,,0,70,,73999,16,,,0,30,,73994,16,,,0,70,,73984,16,,,0,30,,73988,16,,,0,70,,74000,16,,,0,30,,73995,16,,,0,70,,73979,16,,,0,30,,73989,16,,,0,70,,74001,16,,,0,30,,73996,16,,,0,70,,73977,16,,,0,30,,73990,16,,,0,70,,74002,16,,,0,100,,73978,16,,,0,100,,74003,16,,,0,100,,73980,16,,,0,100,,73991,16,,,0,99,,74005,16,,,0
2019,'1976',446,,73916,7,0,5 2 13 14,0,173,,73885,16,,,0,30,,73886,16,,,0,72,,73887,16,,,0,30,,73888,16,,,0,70,,73889,16,,,0,30,,73890,16,,,0,70,,73907,16,,,0,30,,73908,16,,,0,70,,73909,16,,,0,30,,73910,16,,,0,70,,73911,16,,,0,30,,73912,16,,,0,70,,73913,16,,,0,30,,73914,16,,,0,70,,73915,16,,,0,30,,73905,16,,,0,70,,73906,16,,,0,30,,73891,16,,,0,70,,73892,16,,,0,30,,73893,16,,,0,70,,73894,16,,,0,30,,73895,16,,,0,70,,73896,16,,,0,30,,73897,16,,,0,70,,73898,16,,,0,30,,73904,16,,,0,70,,73899,16,,,0,98,,73900,16,,,0,100,,73901,16,,,0,100,,73902,16,,,0,100,,73903,16,,,0
2019,'1977',446,,75172,7,0,5 2 13 14,0,173,,75141,16,,,0,30,,75142,16,,,0,72,,75143,16,,,0,30,,75144,16,,,0,70,,75145,16,,,0,30,,75146,16,,,0,70,,75163,16,,,0,30,,75164,16,,,0,70,,75165,16,,,0,30,,75166,16,,,0,70,,75167,16,,,0,30,,75168,16,,,0,70,,75169,16,,,0,30,,75170,16,,,0,70,,75171,16,,,0,30,,75161,16,,,0,70,,75162,16,,,0,30,,75147,16,,,0,70,,75148,16,,,0,30,,75149,16,,,0,70,,75150,16,,,0,30,,75151,16,,,0,70,,75152,16,,,0,30,,75153,16,,,0,70,,75154,16,,,0,30,,75160,16,,,0,70,,75155,16,,,0,98,,75156,16,,,0,100,,75157,16,,,0,100,,75158,16,,,0,100,,75159,16,,,0
12019,'1976',629,,61256,7,,,0,71,,61259,7,,,0,31,,74399,7,,,0,70,,74403,7,,,0,30,,61261,7,,,0,70,,61258,7,0,5 2 12,0,30,,74394,7,0,5 2 12,0,70,,74395,7,0,5 2 12,0,30,,61238,7,0,5 2 12,0,70,,61239,7,0,5 2 12,0,30,,61240,7,0,5 2 12,0,70,,74391,7,0,5 2 12,0,30,,74392,7,0,5 2 12,0,70,,61243,7,0,5 2 12,0,30,,61244,7,0,5 2 12,0,70,,61245,7,0,5 2 12,0,30,,74393,7,,,0,69,,74402,7,,,0,30,,74398,7,,,0,70,,74400,7,,,0,30,,74397,7,,,0,70,,74401,7,,,0,30,,74396,7,,,0,70,,71547,7,,,0
12019,'1977',631,,75512,7,0,5 2 12,0,70,,75508,7,0,5 2 12,0,30,,75510,7,0,5 2 12,0,71,,75509,7,0,5 2 12,0,29,,75511,7,0,5 2 12,0,600,,75520,7,0,5 2 12,0,71,,75518,7,0,5 2 12,0,29,,75516,7,0,5 2 12,0,71,,75517,7,0,5 2 12,0,29,,75515,7,0,5 2 12,0,71,,75513,7,0,5 2 12,0,29,,75514,7,0,5 2 12,0,71,,75519,7,0,5 2 12,0
14000001019,'1912',2414,,65844,23,,,0,30,,70196,23,,,0,70,,75054,23,,,0,30,,65845,23,,,0,70,,70197,23,,,0
14000001019,'1959',2414,,65849,23,,,0,30,,70198,23,,,0,70,,75057,23,,,0,30,,65850,23,,,0,70,,70199,23,,,0
14000001019,'1967',2414,,65840,23,,,0,30,,73583,23,,,0,70,,75056,23,,,0,30,,65838,23,,,0,70,,73585,23,,,0
14000001019,'1969',2414,,65854,23,,,0,30,,70200,23,,,0,70,,75058,23,,,0,30,,65855,23,,,0,70,,70201,23,,,0
14000001019,'1976',2414,,65835,23,,,0,30,,73580,23,,,0,70,,75055,23,,,0,30,,65834,23,,,0,70,,73582,23,,,0
14000001019,'1977',2414,,76523,23,,,0,30,,76520,23,,,0,70,,76521,23,,,0,30,,76522,23,,,0,70,,76524,23,,,0
