4019,'1910',1003,,66037,9,,,0
4019,'1912',802,,70650,9,,,0,30,,59832,9,,,0,70,,70649,9,,,0,30,,70651,9,,,0,70,,59830,9,,,0,30,,66070,9,,,0,70,,70638,9,,,0,30,,70642,9,,,0,70,,70645,9,,,0,31,,70631,9,,,0,69,,70634,9,,,0,30,,70637,9,,,0,69,,70641,9,,,0,30,,70643,9,,,0,70,,70630,9,,,0,30,,70633,9,,,0,70,,70636,9,,,0,30,,70640,9,,,0,70,,70644,9,,,0,31,,70629,9,,,0,70,,70632,9,,,0,30,,70635,9,,,0,70,,70639,9,,,0,30,,70648,9,,,0,70,,70652,9,,,0,30,,70646,9,,,0,70,,70653,9,,,0,30,,70647,9,,,0
4019,'1924',832,,59860,9,,,0,170,,59858,9,,,0,30,,66096,9,,,0
4019,'1925',802,,70675,9,,,0,30,,59888,9,,,0,70,,70674,9,,,0,30,,70676,9,,,0,70,,59886,9,,,0,30,,66122,9,,,0,70,,70663,9,,,0,30,,70667,9,,,0,70,,70670,9,,,0,31,,70656,9,,,0,69,,70659,9,,,0,30,,70662,9,,,0,69,,70666,9,,,0,30,,70668,9,,,0,70,,70655,9,,,0,30,,70658,9,,,0,70,,70661,9,,,0,30,,70665,9,,,0,70,,70669,9,,,0,31,,70654,9,,,0,70,,70657,9,,,0,30,,70660,9,,,0,70,,70664,9,,,0,30,,70673,9,,,0,70,,70677,9,,,0,30,,70671,9,,,0,70,,70678,9,,,0,30,,70672,9,,,0
4019,'1949',2202,,66173,9,,,0
4019,'1955',702,,66063,9,,,0,30,,66039,9,,,0,70,,66033,9,,,0,30,,66043,9,,,0,70,,66054,9,,,0,30,,66049,9,,,0,101,,66059,9,,,0,70,,66036,9,,,0,30,,66056,9,,,0,69,,66051,9,,,0,31,,66044,9,,,0,70,,66057,9,,,0,30,,66060,9,,,0,70,,66035,9,,,0,30,,66046,9,,,0,70,,66034,9,,,0,30,,66040,9,,,0,70,,66058,9,,,0,30,,66055,9,,,0,70,,66052,9,,,0,30,,66041,9,,,0,70,,66061,9,,,0,30,,66062,9,,,0,69,,66032,9,,,0,30,,66047,9,,,0,70,,66045,9,,,0,30,,66053,9,,,0,70,,66038,9,,,0,30,,66048,9,,,0,70,,66042,9,,,0,30,,66050,9,,,0
4019,'1956',802,,66112,9,,,0,100,,66111,9,,,0,30,,66113,9,,,0,170,,66100,9,,,0,30,,66104,9,,,0,70,,66107,9,,,0,31,,66092,9,,,0,69,,66095,9,,,0,30,,66099,9,,,0,69,,66103,9,,,0,30,,66105,9,,,0,70,,66091,9,,,0,30,,66094,9,,,0,70,,66098,9,,,0,30,,66102,9,,,0,70,,66106,9,,,0,31,,66090,9,,,0,70,,66093,9,,,0,30,,66097,9,,,0,70,,66101,9,,,0,30,,66110,9,,,0,70,,66114,9,,,0,30,,66108,9,,,0,70,,66115,9,,,0,30,,66109,9,,,0
4019,'1957',632,,70684,9,,,0,70,,70710,9,,,0,30,,70685,9,,,0,27,,70686,9,,,0,76,,70687,9,,,0,24,,70688,9,,,0,76,,70689,9,,,0,67,,70690,9,,,0,29,,70691,9,,,0,70,,70692,9,,,0,31,,70693,9,,,0,72,,70694,9,,,0,30,,70695,9,,,0,70,,70696,9,,,0,30,,70697,9,,,0,70,,70698,9,,,0,30,,70699,9,,,0,74,,70700,9,,,0,30,,70701,9,,,0,71,,70702,9,,,0,24,,70703,9,,,0,75,,70704,9,,,0,23,,70705,9,,,0,76,,70706,9,,,0,20,,70707,9,,,0,75,,70708,9,,,0,30,,70709,9,,,0,70,,70679,9,,,0,30,,70680,9,,,0,70,,70681,9,,,0,30,,70682,9,,,0,100,,70683,9,,,0
4019,'1958',702,,70741,9,,,0,30,,70717,9,,,0,70,,70712,9,,,0,30,,70721,9,,,0,70,,70732,9,,,0,30,,70727,9,,,0,101,,70737,9,,,0,70,,70715,9,,,0,30,,70734,9,,,0,69,,70729,9,,,0,31,,70722,9,,,0,70,,70735,9,,,0,30,,70738,9,,,0,70,,70714,9,,,0,30,,70724,9,,,0,70,,70713,9,,,0,30,,70718,9,,,0,70,,70736,9,,,0,30,,70733,9,,,0,70,,70730,9,,,0,30,,70719,9,,,0,70,,70739,9,,,0,30,,70740,9,,,0,69,,70711,9,,,0,30,,70725,9,,,0,70,,70723,9,,,0,30,,70731,9,,,0,70,,70716,9,,,0,30,,70726,9,,,0,70,,70720,9,,,0,30,,70728,9,,,0
4019,'1959',802,,70763,9,,,0,100,,70762,9,,,0,30,,70764,9,,,0,170,,70751,9,,,0,30,,70755,9,,,0,70,,70758,9,,,0,31,,70744,9,,,0,69,,70747,9,,,0,30,,70750,9,,,0,69,,70754,9,,,0,30,,70756,9,,,0,70,,70743,9,,,0,30,,70746,9,,,0,70,,70749,9,,,0,30,,70753,9,,,0,70,,70757,9,,,0,31,,70742,9,,,0,70,,70745,9,,,0,30,,70748,9,,,0,70,,70752,9,,,0,30,,70761,9,,,0,70,,70765,9,,,0,30,,70759,9,,,0,70,,70766,9,,,0,30,,70760,9,,,0
11029,'1909',837,,61170,27,,,0
11029,'1910',737,,67037,27,,,0,1000,,67033,27,,,0,100,,67034,27,,,0,100,,67035,27,,,0
11029,'1912',837,,67039,27,,,0,100,,67040,27,,,0,100,,67041,27,,,0,100,,67042,27,,,0,100,,67043,27,,,0,100,,67044,27,,,0,100,,67045,27,,,0,100,,67046,27,,,0,100,,67047,27,,,0,97,,67048,27,,,0,100,,67049,27,,,0,100,,67050,27,,,0,98,,61211,27,,,0
11029,'1924',837,,67051,27,,,0,100,,67052,27,,,0,100,,67053,27,,,0,100,,67054,27,,,0,100,,67055,27,,,0,100,,67056,27,,,0,100,,67057,27,,,0,100,,67058,27,,,0,100,,67059,27,,,0,97,,67060,27,,,0,100,,67061,27,,,0,100,,67062,27,,,0,98,,61224,27,,,0
11029,'1925',837,,67063,27,,,0,100,,67064,27,,,0,100,,67065,27,,,0,100,,67066,27,,,0,100,,67067,27,,,0,100,,67068,27,,,0,100,,67069,27,,,0,100,,67070,27,,,0,100,,67071,27,,,0,97,,67072,27,,,0,100,,67073,27,,,0,100,,67074,27,,,0,98,,61237,27,,,0
11029,'1949',637,,67101,20,,,0,1101,,67097,27,,,0
11029,'1955',637,,67038,20,,,0,200,,67024,27,,,0,100,,67025,27,,,0,101,,67026,27,,,0,100,,67027,27,,,0,100,,67028,27,,,0,100,,67029,27,,,0,100,,67030,27,,,0,100,,67031,27,,,0,100,,67032,27,,,0,399,,67036,27,,,0
11029,'1957',737,,71512,27,,,0,200,,71513,27,,,0,100,,71514,27,,,0,100,,71515,27,,,0,100,,71516,27,,,0,100,,71517,27,,,0,101,,71518,27,,,0,100,,71519,27,,,0,100,,71520,27,,,0,199,,71521,27,,,0,100,,71522,27,,,0,100,,71523,27,,,0,94,,71511,27,,,0
11029,'1958',637,,71534,20,,,0,200,,71524,27,,,0,100,,71525,27,,,0,101,,71526,27,,,0,100,,71527,27,,,0,100,,71528,27,,,0,100,,71529,27,,,0,100,,71530,27,,,0,100,,71531,27,,,0,100,,71532,27,,,0,399,,71533,27,,,0
502019,'1912',640,,72480,7,,,0,70,,72466,7,,,0,30,,72483,7,,,0,70,,72497,7,,,0,30,,72477,7,,,0,70,,72496,7,,,0,30,,72479,7,,,0,71,,72495,7,,,0,30,,72474,7,,,0,70,,72494,7,,,0,30,,72469,7,,,0,71,,72493,7,,,0,30,,72472,7,,,0,70,,72491,7,,,0,30,,72470,7,,,0,70,,72492,7,,,0,30,,72473,7,,,0,70,,72490,7,,,0,30,,72467,7,,,0,70,,72489,7,,,0,30,,72471,7,,,0,70,,72488,7,,,0,30,,72468,7,,,0,69,,72487,7,,,0,30,,72481,7,,,0,70,,72486,7,,,0,30,,72482,7,,,0,69,,72485,7,,,0,30,,72475,7,,,0,70,,72498,7,,,0,30,,72484,7,,,0,70,,72499,7,,,0,30,,72478,7,,,0,70,,72500,7,,,0,30,,72476,7,,,0
502019,'1925',640,,72515,7,,,0,70,,72501,7,,,0,30,,72518,7,,,0,70,,72532,7,,,0,30,,72512,7,,,0,70,,72531,7,,,0,30,,72514,7,,,0,71,,72530,7,,,0,30,,72509,7,,,0,70,,72529,7,,,0,30,,72504,7,,,0,71,,72528,7,,,0,30,,72507,7,,,0,70,,72526,7,,,0,30,,72505,7,,,0,70,,72527,7,,,0,30,,72508,7,,,0,70,,72525,7,,,0,30,,72502,7,,,0,70,,72524,7,,,0,30,,72506,7,,,0,70,,72523,7,,,0,30,,72503,7,,,0,69,,72522,7,,,0,30,,72516,7,,,0,70,,72521,7,,,0,30,,72517,7,,,0,69,,72520,7,,,0,30,,72510,7,,,0,70,,72533,7,,,0,30,,72519,7,,,0,70,,72534,7,,,0,30,,72513,7,,,0,70,,72535,7,,,0,30,,72511,7,,,0
502019,'1955',641,,68255,7,,,0,70,,68262,7,,,0,30,,68254,7,,,0,70,,68263,7,,,0,30,,68253,7,,,0,70,,68264,7,,,0,30,,68252,7,,,0,72,,68265,7,,,0,30,,68273,7,,,0,70,,68266,7,,,0,30,,68274,7,,,0,70,,68267,7,,,0,30,,68275,7,,,0,70,,68268,7,,,0,30,,68276,7,,,0,70,,68269,7,,,0,30,,68277,7,,,0,70,,68270,7,,,0,30,,68278,7,,,0,70,,68271,7,,,0,30,,68279,7,,,0,70,,68272,7,,,0,30,,68280,7,,,0,70,,68256,7,,,0,30,,68281,7,,,0,68,,68258,7,,,0,30,,68282,7,,,0,70,,68257,7,,,0,30,,68251,7,,,0,69,,68259,7,,,0,30,,68250,7,,,0,70,,68260,7,,,0,30,,68249,7,,,0,70,,68261,7,,,0,30,,68248,7,,,0
502019,'1956',640,,68332,7,,,0,70,,68318,7,,,0,30,,68335,7,,,0,70,,68349,7,,,0,30,,68329,7,,,0,70,,68348,7,,,0,30,,68331,7,,,0,71,,68347,7,,,0,30,,68326,7,,,0,70,,68346,7,,,0,30,,68321,7,,,0,71,,68345,7,,,0,30,,68324,7,,,0,70,,68343,7,,,0,30,,68322,7,,,0,70,,68344,7,,,0,30,,68325,7,,,0,70,,68342,7,,,0,30,,68319,7,,,0,70,,68341,7,,,0,30,,68323,7,,,0,70,,68340,7,,,0,30,,68320,7,,,0,69,,68339,7,,,0,30,,68333,7,,,0,70,,68338,7,,,0,30,,68334,7,,,0,69,,68337,7,,,0,30,,68327,7,,,0,70,,68350,7,,,0,30,,68336,7,,,0,70,,68351,7,,,0,30,,68330,7,,,0,70,,68352,7,,,0,30,,68328,7,,,0
502019,'1957',610,,72536,7,,,0,30,,72537,7,,,0,65,,72577,7,,,0,10,,72538,7,,,0,26,,72539,7,,,0,64,,72540,7,,,0,12,,72541,7,,,0,24,,72542,7,,,0,64,,72543,7,,,0,12,,72544,7,,,0,24,,72545,7,,,0,72,,72546,7,,,0,30,,72547,7,,,0,70,,72548,7,,,0,30,,72549,7,,,0,70,,72550,7,,,0,30,,72551,7,,,0,70,,72552,7,,,0,30,,72553,7,,,0,70,,72554,7,,,0,34,,72555,7,,,0,70,,72556,7,,,0,30,,72557,7,,,0,68,,72558,7,,,0,24,,72559,7,,,0,12,,72560,7,,,0,62,,72561,7,,,0,5,,72578,7,,,0,18,,72562,7,,,0,12,,72563,7,,,0,64,,72564,7,,,0,22,,72565,7,,,0,12,,72566,7,,,0,66,,72567,7,,,0,30,,72568,7,,,0,69,,72569,7,,,0,30,,72570,7,,,0,70,,72571,7,,,0,30,,72572,7,,,0,70,,72573,7,,,0,30,,72574,7,,,0,69,,72575,7,,,0,30,,72576,7,,,0
502019,'1958',641,,72586,7,,,0,70,,72593,7,,,0,30,,72585,7,,,0,70,,72594,7,,,0,30,,72584,7,,,0,70,,72595,7,,,0,30,,72583,7,,,0,72,,72596,7,,,0,30,,72604,7,,,0,70,,72597,7,,,0,30,,72605,7,,,0,70,,72598,7,,,0,30,,72606,7,,,0,70,,72599,7,,,0,30,,72607,7,,,0,70,,72600,7,,,0,30,,72608,7,,,0,70,,72601,7,,,0,30,,72609,7,,,0,70,,72602,7,,,0,30,,72610,7,,,0,70,,72603,7,,,0,30,,72611,7,,,0,70,,72587,7,,,0,30,,72612,7,,,0,68,,72589,7,,,0,30,,72613,7,,,0,70,,72588,7,,,0,30,,72582,7,,,0,69,,72590,7,,,0,30,,72581,7,,,0,70,,72591,7,,,0,30,,72580,7,,,0,70,,72592,7,,,0,30,,72579,7,,,0
502019,'1959',640,,72628,7,,,0,70,,72614,7,,,0,30,,72631,7,,,0,70,,72645,7,,,0,30,,72625,7,,,0,70,,72644,7,,,0,30,,72627,7,,,0,71,,72643,7,,,0,30,,72622,7,,,0,70,,72642,7,,,0,30,,72617,7,,,0,71,,72641,7,,,0,30,,72620,7,,,0,70,,72639,7,,,0,30,,72618,7,,,0,70,,72640,7,,,0,30,,72621,7,,,0,70,,72638,7,,,0,30,,72615,7,,,0,70,,72637,7,,,0,30,,72619,7,,,0,70,,72636,7,,,0,30,,72616,7,,,0,69,,72635,7,,,0,30,,72629,7,,,0,70,,72634,7,,,0,30,,72630,7,,,0,69,,72633,7,,,0,30,,72623,7,,,0,70,,72646,7,,,0,30,,72632,7,,,0,70,,72647,7,,,0,30,,72626,7,,,0,70,,72648,7,,,0,30,,72624,7,,,0
14000001029,'1909',501,,65864,41,0,18 7,0,2012,,65871,41,,,0,130,,65870,41,,,0
14000001029,'1910',2513,,65872,41,,,0,130,,65875,41,,,0
14000001029,'1912',603,,73589,41,0,18 7,0,1811,,70205,41,,,0,29,,73588,41,,,0,70,,65884,41,,,0,30,,70206,41,,,0,70,,73587,41,,,0,30,,65880,41,,,0
14000001029,'1924',2414,,70208,41,,,0,99,,65891,41,,,0,30,,70209,41,,,0,100,,65887,41,,,0
14000001029,'1925',603,,73592,41,0,18 7,0,1811,,70211,41,,,0,29,,73591,41,,,0,70,,65898,41,,,0,30,,70212,41,,,0,70,,73590,41,,,0,30,,65894,41,,,0
14000001029,'1955',603,,70203,41,0,18 7,0,1811,,70204,41,,,0,29,,65873,41,,,0,100,,70202,41,,,0,70,,65877,41,,,0
14000001029,'1956',603,,70210,41,0,18 7,0,1840,,65890,41,,,0,170,,65889,41,,,0
14000001029,'1957',603,,73593,41,0,18 7,0,1811,,73595,41,,,0,29,,73596,41,,,0,100,,73594,41,,,0,70,,73597,41,,,0
14000001029,'1958',603,,73600,41,0,18 7,0,1811,,73602,41,,,0,29,,73598,41,,,0,100,,73599,41,,,0,70,,73601,41,,,0
14000001029,'1959',603,,73605,41,0,18 7,0,1840,,73604,41,,,0,170,,73603,41,,,0
