1029,'1912',625,,73732,45,,,0,100,,73733,45,,,0,100,,73734,45,,,0,101,,73735,45,,,0,100,,73736,45,,,0,100,,73737,45,,,0,100,,73738,45,,,0,100,,73739,45,,,0,100,,73740,45,,,0,100,,73741,45,,,0,100,,73742,45,,,0,100,,73743,45,,,0,100,,73744,45,,,0,100,,73745,45,,,0,100,,73746,45,,,0,100,,73747,45,,,0,101,,73748,45,,,0,94,,73749,45,,,0
1029,'1959',625,,73820,45,,,0,100,,73821,45,,,0,100,,73822,45,,,0,101,,73823,45,,,0,100,,73824,45,,,0,100,,73825,45,,,0,100,,73826,45,,,0,100,,73827,45,,,0,100,,73828,45,,,0,100,,73829,45,,,0,100,,73830,45,,,0,100,,73831,45,,,0,100,,73832,45,,,0,100,,73833,45,,,0,100,,73834,45,,,0,100,,73835,45,,,0,101,,73836,45,,,0,94,,73837,45,,,0
1029,'1967',625,,73790,45,,,0,30,,73802,45,,,0,70,,73809,45,,,0,30,,73797,45,,,0,70,,73818,45,,,0,30,,73806,45,,,0,72,,73789,45,,,0,29,,73801,45,,,0,70,,73812,45,,,0,30,,73796,45,,,0,70,,73819,45,,,0,30,,73805,45,,,0,70,,73788,45,,,0,30,,73800,45,,,0,70,,73811,45,,,0,30,,73795,45,,,0,70,,73791,45,,,0,30,,73804,45,,,0,70,,73787,45,,,0,30,,73799,45,,,0,70,,73807,45,,,0,30,,73794,45,,,0,70,,73816,45,,,0,30,,73803,45,,,0,69,,73786,45,,,0,31,,73798,45,,,0,70,,73810,45,,,0,30,,73792,45,,,0,70,,73814,45,,,0,30,,73813,45,,,0,70,,73785,45,,,0,30,,73793,45,,,0,70,,73808,45,,,0,30,,73817,45,,,0,69,,73815,45,,,0
1029,'1969',625,,73838,45,,,0,100,,73839,45,,,0,100,,73840,45,,,0,101,,73841,45,,,0,100,,73842,45,,,0,100,,73843,45,,,0,100,,73844,45,,,0,100,,73845,45,,,0,100,,73846,45,,,0,100,,73847,45,,,0,100,,73848,45,,,0,100,,73849,45,,,0,100,,73850,45,,,0,100,,73851,45,,,0,100,,73852,45,,,0,100,,73853,45,,,0,101,,73854,45,,,0,94,,73855,45,,,0
1029,'1976',625,,73759,45,,,0,75,,73760,45,,,0,32,,73780,45,,,0,70,,73756,45,,,0,30,,73751,45,,,0,70,,73784,45,,,0,30,,73754,45,,,0,70,,73761,45,,,0,30,,73779,45,,,0,70,,73758,45,,,0,30,,73750,45,,,0,70,,73783,45,,,0,30,,73755,45,,,0,70,,73762,45,,,0,30,,73778,45,,,0,70,,73757,45,,,0,31,,73752,45,,,0,71,,73781,45,,,0,32,,73753,45,,,0,70,,73763,45,,,0,30,,73777,45,,,0,70,,73766,45,,,0,29,,73765,45,,,0,67,,73764,45,,,0,25,,73770,45,,,0,30,,73769,45,,,0,70,,73768,45,,,0,30,,73767,45,,,0,69,,73782,45,,,0,30,,73776,45,,,0,70,,73775,45,,,0,30,,73774,45,,,0,70,,73773,45,,,0,30,,73772,45,,,0,65,,73771,45,,,0
1029,'1977',625,,75115,45,,,0,75,,75116,45,,,0,32,,75136,45,,,0,70,,75112,45,,,0,30,,75107,45,,,0,70,,75140,45,,,0,30,,75110,45,,,0,70,,75117,45,,,0,30,,75135,45,,,0,70,,75114,45,,,0,30,,75106,45,,,0,70,,75139,45,,,0,30,,75111,45,,,0,70,,75118,45,,,0,30,,75134,45,,,0,70,,75113,45,,,0,31,,75108,45,,,0,71,,75137,45,,,0,32,,75109,45,,,0,70,,75119,45,,,0,30,,75133,45,,,0,70,,75122,45,,,0,29,,75121,45,,,0,67,,75120,45,,,0,25,,75126,45,,,0,30,,75125,45,,,0,70,,75124,45,,,0,30,,75123,45,,,0,69,,75138,45,,,0,30,,75132,45,,,0,70,,75131,45,,,0,30,,75130,45,,,0,70,,75129,45,,,0,30,,75128,45,,,0,65,,75127,45,,,0
2029,'1912',640,,74007,40,0,39 40,0,70,,74015,40,0,39 40,0,31,,74026,40,0,39 40,0,70,,74021,40,0,39 40,0,30,,74008,40,0,39 40,0,70,,74016,40,0,39 40,0,30,,74027,40,0,39 40,0,70,,74022,40,0,39 40,0,30,,74009,40,0,39 40,0,70,,74017,40,0,39 40,0,30,,74028,40,0,39 40,0,70,,74023,40,0,39 40,0,30,,74010,40,0,39 40,0,70,,74018,40,0,39 40,0,30,,74029,40,0,39 40,0,70,,74024,40,0,39 40,0,30,,74011,40,0,39 40,0,70,,74019,40,0,39 40,0,30,,74030,40,0,39 40,0,70,,74025,40,0,39 40,0,30,,74012,40,0,39 40,0,70,,74020,40,0,39 40,0,30,,74031,40,0,39 40,0,100,,74013,40,0,39 40,0,99,,74032,40,0,39 40,0,100,,74014,40,0,39 40,0,101,,74033,40,0,39 40,0,100,,74006,40,0,39 40,0
2029,'1959',640,,74108,40,0,39 40,0,70,,74116,40,0,39 40,0,31,,74127,40,0,39 40,0,70,,74122,40,0,39 40,0,30,,74109,40,0,39 40,0,70,,74117,40,0,39 40,0,30,,74128,40,0,39 40,0,70,,74123,40,0,39 40,0,30,,74110,40,0,39 40,0,70,,74118,40,0,39 40,0,30,,74129,40,0,39 40,0,70,,74124,40,0,39 40,0,30,,74111,40,0,39 40,0,70,,74119,40,0,39 40,0,30,,74130,40,0,39 40,0,70,,74125,40,0,39 40,0,30,,74112,40,0,39 40,0,70,,74120,40,0,39 40,0,30,,74131,40,0,39 40,0,70,,74126,40,0,39 40,0,30,,74113,40,0,39 40,0,70,,74121,40,0,39 40,0,30,,74132,40,0,39 40,0,100,,74114,40,0,39 40,0,99,,74133,40,0,39 40,0,100,,74115,40,0,39 40,0,101,,74134,40,0,39 40,0,100,,74107,40,0,39 40,0
2029,'1967',610,,74104,40,0,5 2 15 16 17,0,30,,74087,40,0,39 40,0,69,,74094,40,0,39 40,0,31,,74073,40,0,39 40,0,70,,74079,40,0,39 40,0,30,,74088,40,0,39 40,0,71,,74095,40,0,39 40,0,30,,74074,40,0,39 40,0,70,,74080,40,0,39 40,0,30,,74089,40,0,39 40,0,70,,74096,40,0,39 40,0,30,,74075,40,0,39 40,0,70,,74081,40,0,39 40,0,30,,74090,40,0,39 40,0,70,,74097,40,0,39 40,0,30,,74076,40,0,39 40,0,70,,74082,40,0,39 40,0,30,,74091,40,0,39 40,0,70,,74098,40,0,39 40,0,30,,74077,40,0,39 40,0,70,,74083,40,0,39 40,0,30,,74092,40,0,39 40,0,70,,74099,40,0,39 40,0,30,,74078,40,0,39 40,0,70,,74084,40,0,39 40,0,30,,74093,40,0,39 40,0,70,,74100,40,0,39 40,0,30,,74085,40,0,39 40,0,100,,74101,40,0,39 40,0,100,,74086,40,0,39 40,0,100,,74102,40,0,39 40,0
2029,'1969',640,,74140,40,0,39 40,0,70,,74148,40,0,39 40,0,31,,74159,40,0,39 40,0,70,,74154,40,0,39 40,0,30,,74141,40,0,39 40,0,70,,74149,40,0,39 40,0,30,,74160,40,0,39 40,0,70,,74155,40,0,39 40,0,30,,74142,40,0,39 40,0,70,,74150,40,0,39 40,0,30,,74161,40,0,39 40,0,70,,74156,40,0,39 40,0,30,,74143,40,0,39 40,0,70,,74151,40,0,39 40,0,30,,74162,40,0,39 40,0,70,,74157,40,0,39 40,0,30,,74144,40,0,39 40,0,70,,74152,40,0,39 40,0,30,,74163,40,0,39 40,0,70,,74158,40,0,39 40,0,30,,74145,40,0,39 40,0,70,,74153,40,0,39 40,0,30,,74164,40,0,39 40,0,100,,74146,40,0,39 40,0,99,,74165,40,0,39 40,0,100,,74147,40,0,39 40,0,101,,74166,40,0,39 40,0,100,,74139,40,0,39 40,0
2029,'1976',545,,74055,28,0,39 40,0,65,,74038,40,0,39 40,0,30,,74039,40,0,39 40,0,72,,74040,40,0,39 40,0,30,,74041,40,0,39 40,0,70,,74042,40,0,39 40,0,30,,74043,40,0,39 40,0,70,,74044,40,0,39 40,0,30,,74045,40,0,39 40,0,70,,74046,40,0,39 40,0,30,,74069,40,0,39 40,0,70,,74065,40,0,39 40,0,30,,74071,40,0,39 40,0,70,,74067,40,0,39 40,0,30,,74068,40,0,39 40,0,70,,74064,40,0,39 40,0,30,,74070,40,0,39 40,0,70,,74066,40,0,39 40,0,32,,74072,40,0,39 40,0,71,,74047,40,0,39 40,0,34,,74048,40,0,39 40,0,70,,74049,40,0,39 40,0,30,,74050,40,0,39 40,0,70,,74051,40,0,39 40,0,28,,74052,40,0,39 40,0,65,,74053,40,0,39 40,0,29,,74054,40,0,39 40,0,70,,74058,40,0,39 40,0,30,,74059,40,0,39 40,0,100,,74060,40,0,39 40,0,100,,74061,40,0,39 40,0,100,,74057,40,0,39 40,0
2029,'1977',545,,75190,28,0,39 40,0,65,,75173,40,0,39 40,0,30,,75174,40,0,39 40,0,72,,75175,40,0,39 40,0,30,,75176,40,0,39 40,0,70,,75177,40,0,39 40,0,30,,75178,40,0,39 40,0,70,,75179,40,0,39 40,0,30,,75180,40,0,39 40,0,70,,75181,40,0,39 40,0,30,,75204,40,0,39 40,0,70,,75200,40,0,39 40,0,30,,75206,40,0,39 40,0,70,,75202,40,0,39 40,0,30,,75203,40,0,39 40,0,70,,75199,40,0,39 40,0,30,,75205,40,0,39 40,0,70,,75201,40,0,39 40,0,32,,75207,40,0,39 40,0,71,,75182,40,0,39 40,0,34,,75183,40,0,39 40,0,70,,75184,40,0,39 40,0,30,,75185,40,0,39 40,0,70,,75186,40,0,39 40,0,28,,75187,40,0,39 40,0,65,,75188,40,0,39 40,0,29,,75189,40,0,39 40,0,70,,75193,40,0,39 40,0,30,,75194,40,0,39 40,0,100,,75195,40,0,39 40,0,100,,75196,40,0,39 40,0,100,,75192,40,0,39 40,0
12029,'1976',650,,74418,22,,,0,71,,61282,22,,,0,30,,61275,22,,,0,69,,74416,22,,,0,31,,74410,22,,,0,71,,61262,13,,,0,30,,61263,13,,,0,70,,61264,13,,,0,30,,74404,13,,,0,70,,74405,13,,,0,30,,61267,13,,,0,70,,61268,13,,,0,30,,61269,13,,,0,70,,74406,13,,,0,30,,74407,13,,,0,70,,61272,13,,,0,31,,74412,22,,,0,71,,74415,22,,,0,30,,74408,22,,,0,70,,74414,22,,,0,30,,74409,22,,,0,70,,74417,22,,,0,28,,74411,22,,,0,70,,74413,22,,,0
12029,'1977',651,,75523,13,,,0,71,,75522,13,,,0,30,,75521,13,,,0,71,,75524,13,,,0,630,,75531,13,,,0,71,,75528,13,,,0,29,,75529,13,,,0,71,,75527,13,,,0,29,,75526,13,,,0,71,,75525,13,,,0,28,,75530,13,,,0,71,,75532,13,,,0
14000001029,'1912',551,,73589,27,0,18 7,0,1851,,70205,27,,,0,29,,75060,27,,,0,70,,65884,27,,,0,30,,70206,27,,,0,70,,75059,27,,,0,30,,65880,27,,,0
14000001029,'1959',551,,73605,27,0,18 7,0,1851,,70208,27,,,0,29,,75067,27,,,0,70,,65891,27,,,0,30,,70209,27,,,0,70,,75066,27,,,0,30,,65887,27,,,0
14000001029,'1967',551,,75064,27,0,18 7,0,1851,,73602,27,,,0,29,,75063,27,,,0,70,,65872,27,,,0,30,,73599,27,,,0,70,,75065,27,,,0,30,,65875,27,,,0
14000001029,'1969',551,,73592,27,0,18 7,0,1851,,70211,27,,,0,29,,75069,27,,,0,70,,65898,27,,,0,30,,70212,27,,,0,70,,75068,27,,,0,30,,65894,27,,,0
14000001029,'1976',449,,65864,27,0,18 7,0,102,,73593,27,0,18 7,0,1851,,73595,27,,,0,29,,75061,27,,,0,70,,65871,27,,,0,30,,73594,27,,,0,70,,75062,27,,,0,30,,65870,27,,,0
14000001029,'1977',449,,76525,27,0,18 7,0,102,,76526,27,0,18 7,0,1851,,76528,27,,,0,29,,76529,27,,,0,70,,76532,27,,,0,30,,76527,27,,,0,70,,76530,27,,,0,30,,76531,27,,,0
