2019,'1912',706,,70341,32,,,0,30,,70318,32,,,0,70,,70322,32,,,0,30,,70334,32,,,0,72,,70329,32,,,0,30,,70319,32,,,0,70,,70323,32,,,0,30,,70335,32,,,0,70,,70330,32,,,0,30,,70320,32,,,0,70,,70324,32,,,0,30,,70336,32,,,0,70,,70331,32,,,0,30,,70321,32,,,0,70,,70325,32,,,0,30,,70337,32,,,0,70,,70332,32,,,0,30,,70316,32,,,0,70,,70326,32,,,0,30,,70338,32,,,0,70,,70333,32,,,0,30,,70314,32,,,0,70,,70327,32,,,0,30,,70339,32,,,0,100,,70315,32,,,0,99,,70340,32,,,0,100,,70317,32,,,0,100,,70328,32,,,0,99,,70342,32,,,0
2019,'1925',706,,70370,32,,,0,30,,70347,32,,,0,70,,70351,32,,,0,30,,70363,32,,,0,72,,70358,32,,,0,30,,70348,32,,,0,70,,70352,32,,,0,30,,70364,32,,,0,70,,70359,32,,,0,30,,70349,32,,,0,70,,70353,32,,,0,30,,70365,32,,,0,70,,70360,32,,,0,30,,70350,32,,,0,70,,70354,32,,,0,30,,70366,32,,,0,70,,70361,32,,,0,30,,70345,32,,,0,70,,70355,32,,,0,30,,70367,32,,,0,70,,70362,32,,,0,30,,70343,32,,,0,70,,70356,32,,,0,30,,70368,32,,,0,100,,70344,32,,,0,99,,70369,32,,,0,100,,70346,32,,,0,100,,70357,32,,,0,99,,70371,32,,,0
2019,'1955',636,,59396,23,,,0,70,,59403,32,,,0,30,,59412,32,,,0,70,,59419,32,,,0,30,,59397,32,,,0,70,,59404,32,,,0,30,,59413,32,,,0,71,,59420,32,,,0,31,,59398,32,,,0,70,,59405,32,,,0,30,,59414,32,,,0,70,,59421,32,,,0,30,,59399,32,,,0,70,,59406,32,,,0,30,,59415,32,,,0,70,,59422,32,,,0,30,,59400,32,,,0,70,,59407,32,,,0,30,,59416,32,,,0,70,,59423,32,,,0,30,,59401,32,,,0,70,,59408,32,,,0,30,,59417,32,,,0,70,,59424,32,,,0,30,,59402,32,,,0,70,,59409,32,,,0,30,,59418,32,,,0,99,,59410,32,,,0,100,,59425,32,,,0,100,,59411,32,,,0,100,,59426,32,,,0
2019,'1956',706,,59483,32,,,0,30,,59460,32,,,0,70,,59464,32,,,0,30,,59476,32,,,0,72,,59471,32,,,0,30,,59461,32,,,0,70,,59465,32,,,0,30,,59477,32,,,0,70,,59472,32,,,0,30,,59462,32,,,0,70,,59466,32,,,0,30,,59478,32,,,0,70,,59473,32,,,0,30,,59463,32,,,0,70,,59467,32,,,0,30,,59479,32,,,0,70,,59474,32,,,0,30,,59458,32,,,0,70,,59468,32,,,0,30,,59480,32,,,0,70,,59475,32,,,0,30,,59456,32,,,0,70,,59469,32,,,0,30,,59481,32,,,0,100,,59457,32,,,0,99,,59482,32,,,0,100,,59459,32,,,0,100,,59470,32,,,0,99,,59484,32,,,0
2019,'1957',501,,70403,23,0,5 2 13 14,0,136,,70372,32,,,0,70,,70373,32,,,0,30,,70374,32,,,0,70,,70375,32,,,0,31,,70376,32,,,0,71,,70377,32,,,0,31,,70394,32,,,0,70,,70395,32,,,0,30,,70396,32,,,0,70,,70397,32,,,0,30,,70398,32,,,0,70,,70399,32,,,0,30,,70400,32,,,0,70,,70401,32,,,0,30,,70402,32,,,0,70,,70392,32,,,0,32,,70393,32,,,0,71,,70378,32,,,0,30,,70379,32,,,0,70,,70380,32,,,0,30,,70381,32,,,0,70,,70382,32,,,0,29,,70383,32,,,0,69,,70384,32,,,0,30,,70385,32,,,0,70,,70391,32,,,0,30,,70386,32,,,0,97,,70387,32,,,0,100,,70388,32,,,0,100,,70389,32,,,0,100,,70390,32,,,0
2019,'1958',636,,70404,23,,,0,70,,70411,32,,,0,30,,70420,32,,,0,70,,70427,32,,,0,30,,70405,32,,,0,70,,70412,32,,,0,30,,70421,32,,,0,71,,70428,32,,,0,31,,70406,32,,,0,70,,70413,32,,,0,30,,70422,32,,,0,70,,70429,32,,,0,30,,70407,32,,,0,70,,70414,32,,,0,30,,70423,32,,,0,70,,70430,32,,,0,30,,70408,32,,,0,70,,70415,32,,,0,30,,70424,32,,,0,70,,70431,32,,,0,30,,70409,32,,,0,70,,70416,32,,,0,30,,70425,32,,,0,70,,70432,32,,,0,30,,70410,32,,,0,70,,70417,32,,,0,30,,70426,32,,,0,99,,70418,32,,,0,100,,70433,32,,,0,100,,70419,32,,,0,100,,70434,32,,,0
2019,'1959',706,,70462,32,,,0,30,,70439,32,,,0,70,,70443,32,,,0,30,,70455,32,,,0,72,,70450,32,,,0,30,,70440,32,,,0,70,,70444,32,,,0,30,,70456,32,,,0,70,,70451,32,,,0,30,,70441,32,,,0,70,,70445,32,,,0,30,,70457,32,,,0,70,,70452,32,,,0,30,,70442,32,,,0,70,,70446,32,,,0,30,,70458,32,,,0,70,,70453,32,,,0,30,,70437,32,,,0,70,,70447,32,,,0,30,,70459,32,,,0,70,,70454,32,,,0,30,,70435,32,,,0,70,,70448,32,,,0,30,,70460,32,,,0,100,,70436,32,,,0,99,,70461,32,,,0,100,,70438,32,,,0,100,,70449,32,,,0,99,,70463,32,,,0
702019,'1909',823,,64880,4,,,0
702019,'1910',650,,69324,4,,,0,70,,69326,4,,,0,30,,69328,4,,,0,70,,69323,4,,,0,30,,69325,4,,,0,70,,69327,4,,,0,30,,69329,4,,,0,71,,69340,4,,,0,30,,69338,4,,,0,70,,69344,4,,,0,30,,69335,4,,,0,70,,69348,4,,,0,30,,69337,4,,,0,70,,69346,4,,,0,30,,69343,4,,,0,70,,69342,4,,,0,30,,69339,4,,,0,70,,69332,4,,,0,100,,69331,4,,,0,30,,69341,4,,,0,70,,69334,4,,,0,100,,69345,4,,,0,30,,69336,4,,,0,70,,69318,4,,,0,30,,69321,4,,,0,70,,69314,4,,,0,29,,69316,4,,,0,70,,69319,4,,,0,30,,69322,4,,,0,70,,69315,4,,,0,30,,69317,4,,,0,65,,69320,4,,,0,25,,69330,4,,,0
702019,'1912',650,,73221,4,,,0,70,,73211,4,,,0,30,,73229,4,,,0,70,,73217,4,,,0,30,,73210,4,,,0,70,,73228,4,,,0,31,,73220,4,,,0,70,,73209,4,,,0,30,,69375,4,,,0,70,,73216,4,,,0,30,,69356,4,,,0,70,,73222,4,,,0,30,,69360,4,,,0,70,,73208,4,,,0,30,,73227,4,,,0,70,,73215,4,,,0,30,,73207,4,,,0,70,,73225,4,,,0,30,,73219,4,,,0,70,,73206,4,,,0,30,,73224,4,,,0,70,,73214,4,,,0,30,,73205,4,,,0,69,,73223,4,,,0,30,,73213,4,,,0,70,,73204,4,,,0,30,,73226,4,,,0,70,,73212,4,,,0,30,,73203,4,,,0,70,,69377,4,,,0,30,,73218,4,,,0,70,,73202,4,,,0,30,,69372,4,,,0,65,,73230,4,,,0,25,,73231,4,,,0
702019,'1924',1051,,69410,4,,,0,100,,69391,4,,,0,100,,69395,4,,,0,869,,69412,4,,,0,130,,69407,4,,,0
702019,'1925',650,,73251,4,,,0,70,,73241,4,,,0,30,,73259,4,,,0,70,,73247,4,,,0,30,,73240,4,,,0,70,,73258,4,,,0,31,,73250,4,,,0,70,,73239,4,,,0,30,,69445,4,,,0,70,,73246,4,,,0,30,,69426,4,,,0,70,,73252,4,,,0,30,,69430,4,,,0,70,,73238,4,,,0,30,,73257,4,,,0,70,,73245,4,,,0,30,,73237,4,,,0,70,,73255,4,,,0,30,,73249,4,,,0,70,,73236,4,,,0,30,,73254,4,,,0,70,,73244,4,,,0,30,,73235,4,,,0,69,,73253,4,,,0,30,,73243,4,,,0,70,,73234,4,,,0,30,,73256,4,,,0,70,,73242,4,,,0,30,,73233,4,,,0,70,,69447,4,,,0,30,,73248,4,,,0,70,,73232,4,,,0,30,,69442,4,,,0,65,,73260,4,,,0,25,,73261,4,,,0
702019,'1949',723,,69507,4,,,0,22,,69477,4,,,0,107,,69506,4,,,0,72,,69479,4,,,0,220,,69483,4,,,0,100,,69485,4,,,0,576,,69495,4,,,0,30,,69496,4,,,0,100,,69498,4,,,0,170,,69501,4,,,0,99,,69503,4,,,0,30,,69504,4,,,0,90,,69511,4,,,0
702019,'1955',1551,,69347,4,,,0,200,,69333,4,,,0
702019,'1956',650,,69405,4,,,0,70,,69394,4,,,0,30,,69416,4,,,0,70,,69401,4,,,0,30,,69393,4,,,0,70,,69415,4,,,0,31,,69404,4,,,0,70,,69392,4,,,0,100,,69400,4,,,0,100,,69406,4,,,0,100,,69390,4,,,0,30,,69414,4,,,0,70,,69399,4,,,0,30,,69389,4,,,0,70,,69411,4,,,0,30,,69403,4,,,0,70,,69388,4,,,0,30,,69409,4,,,0,70,,69398,4,,,0,30,,69387,4,,,0,69,,69408,4,,,0,30,,69397,4,,,0,70,,69386,4,,,0,30,,69413,4,,,0,70,,69396,4,,,0,30,,69385,4,,,0,100,,69402,4,,,0,70,,69384,4,,,0,95,,69417,4,,,0,25,,69418,4,,,0
702019,'1957',634,,73262,4,,,0,25,,73263,4,,,0,141,,73264,4,,,0,40,,73285,4,,,0,104,,73265,4,,,0,70,,73266,4,,,0,30,,73288,4,,,0,70,,73267,4,,,0,100,,73268,4,,,0,100,,73269,4,,,0,30,,73270,4,,,0,70,,73271,4,,,0,31,,73272,4,,,0,70,,73286,4,,,0,22,,73273,4,,,0,20,,73274,4,,,0,60,,73275,4,,,0,20,,73276,4,,,0,20,,73287,4,,,0,60,,73277,4,,,0,18,,73278,4,,,0,20,,73279,4,,,0,165,,73280,4,,,0,100,,73281,4,,,0,30,,73282,4,,,0,100,,73283,4,,,0,164,,73284,4,,,0
702019,'1958',1551,,73290,4,,,0,200,,73289,4,,,0
702019,'1959',650,,73310,4,,,0,70,,73300,4,,,0,30,,73318,4,,,0,70,,73306,4,,,0,30,,73299,4,,,0,70,,73317,4,,,0,31,,73309,4,,,0,70,,73298,4,,,0,100,,73305,4,,,0,100,,73311,4,,,0,100,,73297,4,,,0,30,,73316,4,,,0,70,,73304,4,,,0,30,,73296,4,,,0,70,,73314,4,,,0,30,,73308,4,,,0,70,,73295,4,,,0,30,,73313,4,,,0,70,,73303,4,,,0,30,,73294,4,,,0,69,,73312,4,,,0,30,,73302,4,,,0,70,,73293,4,,,0,30,,73315,4,,,0,70,,73301,4,,,0,30,,73292,4,,,0,100,,73307,4,,,0,70,,73291,4,,,0,95,,73319,4,,,0,25,,73320,4,,,0
14000001019,'1909',2428,,65835,39,,,0,130,,65834,39,,,0
14000001019,'1910',2428,,65840,39,,,0,130,,65838,39,,,0
14000001019,'1912',2428,,65844,39,,,0,30,,70196,39,,,0,70,,73578,39,,,0,30,,65845,39,,,0,70,,70197,39,,,0
14000001019,'1924',2428,,65849,39,,,0,30,,70198,39,,,0,100,,65850,39,,,0,70,,70199,39,,,0
14000001019,'1925',2428,,65854,39,,,0,30,,70200,39,,,0,70,,73579,39,,,0,30,,65855,39,,,0,70,,70201,39,,,0
14000001019,'1955',2458,,70194,39,,,0,70,,65839,39,,,0,100,,70195,39,,,0
14000001019,'1956',2528,,65847,39,,,0
14000001019,'1957',2458,,73580,39,,,0,70,,73581,39,,,0,100,,73582,39,,,0
14000001019,'1958',2458,,73583,39,,,0,70,,73584,39,,,0,100,,73585,39,,,0
14000001019,'1959',2528,,73586,39,,,0
