1029,'1912',613,,73732,32,,,0,98,,73733,32,,,0,100,,73734,32,,,0,101,,73735,32,,,0,101,,73736,32,,,0,100,,73737,32,,,0,100,,73738,32,,,0,100,,73739,32,,,0,100,,73740,32,,,0,100,,73741,32,,,0,99,,73742,32,,,0,100,,73743,32,,,0,100,,73744,32,,,0,100,,73745,32,,,0,100,,73746,32,,,0,100,,73747,32,,,0,97,,73748,32,,,0,100,,73749,32,,,0
1029,'1966',612,,70284,33,,,0,28,,70296,33,,,0,70,,70303,33,,,0,30,,70291,33,,,0,70,,70312,33,,,0,30,,70300,33,,,0,72,,70283,33,,,0,30,,70295,33,,,0,70,,70306,33,,,0,30,,70290,33,,,0,70,,70313,33,,,0,30,,70299,33,,,0,70,,70282,33,,,0,30,,70294,33,,,0,70,,70305,33,,,0,30,,70289,33,,,0,70,,70285,33,,,0,30,,70298,33,,,0,70,,70281,33,,,0,30,,70293,33,,,0,70,,70301,33,,,0,30,,70288,33,,,0,70,,70310,33,,,0,30,,70297,33,,,0,69,,70280,33,,,0,31,,70292,33,,,0,70,,70304,33,,,0,30,,70286,33,,,0,70,,70308,33,,,0,30,,70307,33,,,0,70,,70279,33,,,0,30,,70287,33,,,0,70,,70302,33,,,0,30,,70311,33,,,0,69,,70309,33,,,0
1029,'1968',613,,59317,33,,,0,98,,59318,33,,,0,100,,59319,33,,,0,101,,59320,33,,,0,101,,59321,33,,,0,100,,59322,33,,,0,100,,59323,33,,,0,100,,59324,33,,,0,100,,59325,33,,,0,100,,59326,33,,,0,99,,59327,33,,,0,100,,59328,33,,,0,100,,59329,33,,,0,100,,59330,33,,,0,100,,59331,33,,,0,100,,59332,33,,,0,97,,59333,33,,,0,100,,59334,33,,,0
1029,'1970',612,,73759,32,,,0,35,,73760,32,,,0,68,,73780,32,,,0,30,,73756,32,,,0,70,,73751,32,,,0,30,,73784,32,,,0,72,,73754,32,,,0,30,,73761,32,,,0,70,,73779,32,,,0,30,,73758,32,,,0,70,,73750,32,,,0,30,,73783,32,,,0,70,,73755,32,,,0,30,,73762,32,,,0,70,,73778,32,,,0,30,,73757,32,,,0,70,,73752,32,,,0,31,,73781,32,,,0,71,,73753,32,,,0,30,,73763,32,,,0,70,,73777,32,,,0,30,,73766,32,,,0,70,,73765,32,,,0,27,,73764,32,,,0,67,,73770,32,,,0,30,,73769,32,,,0,70,,73768,32,,,0,30,,73767,32,,,0,70,,73782,32,,,0,29,,73776,32,,,0,70,,73775,32,,,0,30,,73774,32,,,0,70,,73773,32,,,0,30,,73772,32,,,0,65,,73771,32,,,0
1029,'1971',612,,73790,32,,,0,28,,73802,32,,,0,70,,73809,32,,,0,30,,73797,32,,,0,70,,73818,32,,,0,30,,73806,32,,,0,72,,73789,32,,,0,30,,73801,32,,,0,70,,73812,32,,,0,30,,73796,32,,,0,70,,73819,32,,,0,30,,73805,32,,,0,70,,73788,32,,,0,30,,73800,32,,,0,70,,73811,32,,,0,30,,73795,32,,,0,70,,73791,32,,,0,30,,73804,32,,,0,70,,73787,32,,,0,30,,73799,32,,,0,70,,73807,32,,,0,30,,73794,32,,,0,70,,73816,32,,,0,30,,73803,32,,,0,69,,73786,32,,,0,31,,73798,32,,,0,70,,73810,32,,,0,30,,73792,32,,,0,70,,73814,32,,,0,30,,73813,32,,,0,70,,73785,32,,,0,30,,73793,32,,,0,70,,73808,32,,,0,30,,73817,32,,,0,69,,73815,32,,,0
1029,'1972',613,,73820,32,,,0,98,,73821,32,,,0,100,,73822,32,,,0,101,,73823,32,,,0,101,,73824,32,,,0,100,,73825,32,,,0,100,,73826,32,,,0,100,,73827,32,,,0,100,,73828,32,,,0,100,,73829,32,,,0,99,,73830,32,,,0,100,,73831,32,,,0,100,,73832,32,,,0,100,,73833,32,,,0,100,,73834,32,,,0,100,,73835,32,,,0,97,,73836,32,,,0,100,,73837,32,,,0
1029,'1973',613,,73838,32,,,0,98,,73839,32,,,0,100,,73840,32,,,0,101,,73841,32,,,0,101,,73842,32,,,0,100,,73843,32,,,0,100,,73844,32,,,0,100,,73845,32,,,0,100,,73846,32,,,0,100,,73847,32,,,0,99,,73848,32,,,0,100,,73849,32,,,0,100,,73850,32,,,0,100,,73851,32,,,0,100,,73852,32,,,0,100,,73853,32,,,0,97,,73854,32,,,0,100,,73855,32,,,0
31019,'1912',606,,74568,13,,,0,50,,74551,25,,,0,100,,74552,25,,,0,101,,74553,25,,,0,100,,74554,25,,,0,100,,74555,25,,,0,101,,74556,25,,,0,100,,74557,25,,,0,100,,74558,25,,,0,100,,74559,25,,,0,100,,74560,25,,,0,100,,74561,25,,,0,100,,74562,25,,,0,100,,74563,25,,,0,99,,74564,25,,,0,100,,74565,25,,,0,100,,74566,25,,,0,99,,74567,25,,,0
31019,'1965',800,,62420,25,,,0,30,,62403,25,,,0,129,,62395,25,,,0,70,,62408,25,,,0,30,,62419,25,,,0,170,,62413,25,,,0,30,,62394,25,,,0,70,,62409,25,,,0,130,,62398,25,,,0,143,,62396,25,,,0,99,,62417,25,,,0,256,,72076,25,,,0
31019,'1966',606,,72116,13,,,0,26,,72109,13,,,0,24,,72086,25,,,0,70,,72102,25,,,0,30,,72115,25,,,0,70,,72098,25,,,0,30,,72092,25,,,0,71,,72108,25,,,0,30,,72085,25,,,0,70,,72101,25,,,0,30,,72110,25,,,0,70,,72097,25,,,0,30,,72091,25,,,0,72,,72107,25,,,0,30,,72084,25,,,0,70,,72100,25,,,0,30,,72113,25,,,0,70,,72096,25,,,0,30,,72090,25,,,0,70,,72106,25,,,0,30,,72083,25,,,0,70,,72099,25,,,0,30,,72112,25,,,0,70,,72095,25,,,0,29,,72089,25,,,0,70,,72105,25,,,0,30,,72082,25,,,0,68,,72117,25,,,0,30,,72111,25,,,0,100,,72088,25,,,0,100,,72081,25,,,0,100,,72114,25,,,0
31019,'1968',606,,62521,13,,,0,50,,62504,25,,,0,100,,62505,25,,,0,101,,62506,25,,,0,100,,62507,25,,,0,100,,62508,25,,,0,101,,62509,25,,,0,100,,62510,25,,,0,100,,62511,25,,,0,100,,62512,25,,,0,100,,62513,25,,,0,100,,62514,25,,,0,100,,62515,25,,,0,100,,62516,25,,,0,99,,62517,25,,,0,100,,62518,25,,,0,100,,62519,25,,,0,99,,62520,25,,,0
31019,'1970',605,,74593,13,,,0,26,,74588,13,,,0,25,,74570,25,,,0,74,,74580,25,,,0,170,,74574,25,,,0,29,,74584,25,,,0,200,,74579,25,,,0,30,,74575,25,,,0,200,,74586,25,,,0,70,,74577,25,,,0,103,,74583,25,,,0,100,,74581,25,,,0,96,,74578,25,,,0,29,,74573,25,,,0,70,,74582,25,,,0,30,,74571,25,,,0,70,,74594,25,,,0,130,,74576,25,,,0,100,,74572,25,,,0,100,,74585,25,,,0
31019,'1971',606,,74630,13,,,0,26,,74623,13,,,0,24,,74600,25,,,0,70,,74616,25,,,0,30,,74629,25,,,0,70,,74612,25,,,0,30,,74606,25,,,0,71,,74622,25,,,0,30,,74599,25,,,0,70,,74615,25,,,0,30,,74624,25,,,0,70,,74611,25,,,0,30,,74605,25,,,0,72,,74621,25,,,0,30,,74598,25,,,0,70,,74614,25,,,0,30,,74627,25,,,0,70,,74610,25,,,0,30,,74604,25,,,0,70,,74620,25,,,0,30,,74597,25,,,0,70,,74613,25,,,0,30,,74626,25,,,0,70,,74609,25,,,0,29,,74603,25,,,0,70,,74619,25,,,0,30,,74596,25,,,0,68,,74631,25,,,0,30,,74625,25,,,0,100,,74602,25,,,0,100,,74595,25,,,0,100,,74628,25,,,0
31019,'1972',606,,74649,13,,,0,50,,74632,25,,,0,100,,74633,25,,,0,101,,74634,25,,,0,100,,74635,25,,,0,100,,74636,25,,,0,101,,74637,25,,,0,100,,74638,25,,,0,100,,74639,25,,,0,100,,74640,25,,,0,100,,74641,25,,,0,100,,74642,25,,,0,100,,74643,25,,,0,100,,74644,25,,,0,99,,74645,25,,,0,100,,74646,25,,,0,100,,74647,25,,,0,99,,74648,25,,,0
31019,'1973',606,,74668,13,,,0,50,,74651,25,,,0,100,,74652,25,,,0,101,,74653,25,,,0,100,,74654,25,,,0,100,,74655,25,,,0,101,,74656,25,,,0,100,,74657,25,,,0,100,,74658,25,,,0,100,,74659,25,,,0,100,,74660,25,,,0,100,,74661,25,,,0,100,,74662,25,,,0,100,,74663,25,,,0,99,,74664,25,,,0,100,,74665,25,,,0,100,,74666,25,,,0,99,,74667,25,,,0
