16019,'1912',752,,67376,9,,,0,100,,71745,9,,,0,101,,71751,9,,,0,100,,71750,9,,,0,100,,71743,9,,,0,100,,71746,9,,,0,100,,71747,9,,,0,100,,71749,9,,,0,100,,71748,9,,,0,100,,71744,9,,,0,99,,67384,9,,,0,100,,61792,9,,,0,100,,61788,9,,,0,100,,61786,9,,,0,100,,71752,9,,,0
16019,'1959',752,,67388,9,,,0,100,,71789,9,,,0,101,,71795,9,,,0,100,,71794,9,,,0,100,,71787,9,,,0,100,,71790,9,,,0,100,,71791,9,,,0,100,,71793,9,,,0,100,,71792,9,,,0,100,,71788,9,,,0,99,,67396,9,,,0,100,,61807,9,,,0,100,,61803,9,,,0,100,,61801,9,,,0,100,,71796,9,,,0
16019,'1965',623,,71765,9,,,0,30,,71766,9,,,0,203,,71770,9,,,0,70,,71771,9,,,0,100,,71773,9,,,0,30,,71774,9,,,0,70,,71775,9,,,0,30,,71776,9,,,0,70,,71777,9,,,0,30,,71778,9,,,0,70,,71779,9,,,0,598,,71784,9,,,0,99,,71785,9,,,0,30,,71786,9,,,0,100,,71763,9,,,0,70,,71764,9,,,0
16019,'1967',623,,61772,9,,,0,30,,61768,9,,,0,70,,61776,9,,,0,30,,61760,9,,,0,71,,61774,9,,,0,30,,61755,9,,,0,70,,61753,9,,,0,30,,61750,9,,,0,70,,61761,9,,,0,30,,61771,9,,,0,70,,61765,9,,,0,30,,61773,9,,,0,70,,61757,9,,,0,30,,61775,9,,,0,70,,61752,9,,,0,30,,61763,9,,,0,70,,61762,9,,,0,30,,61766,9,,,0,70,,61767,9,,,0,30,,61751,9,,,0,70,,61759,9,,,0,30,,61769,9,,,0,70,,61754,9,,,0,30,,61758,9,,,0,70,,61764,9,,,0,30,,61778,9,,,0,70,,61770,9,,,0,29,,61777,9,,,0,70,,61756,9,,,0,30,,61780,9,,,0,100,,61779,9,,,0,70,,61749,9,,,0
16019,'1969',752,,67400,9,,,0,100,,71755,9,,,0,101,,71761,9,,,0,100,,71760,9,,,0,100,,71753,9,,,0,100,,71756,9,,,0,100,,71757,9,,,0,100,,71759,9,,,0,100,,71758,9,,,0,100,,71754,9,,,0,99,,67408,9,,,0,100,,61822,9,,,0,100,,61818,9,,,0,100,,61816,9,,,0,100,,71762,9,,,0
16019,'1970',724,,74466,9,,,0,30,,74467,9,,,0,72,,74468,9,,,0,130,,74469,9,,,0,400,,74470,9,,,0,70,,74471,9,,,0,28,,74472,9,,,0,70,,74473,9,,,0,30,,74474,9,,,0,70,,74475,9,,,0,30,,74476,9,,,0,70,,74477,9,,,0,30,,74478,9,,,0,70,,74479,9,,,0,30,,74480,9,,,0,100,,74481,9,,,0,169,,74465,9,,,0
14000001029,'1912',600,,73589,38,0,18 7,0,1811,,70205,38,,,0,29,,75060,38,,,0,70,,65884,38,,,0,30,,70206,38,,,0,70,,75059,38,,,0,30,,65880,38,,,0
14000001029,'1959',600,,73605,38,0,18 7,0,1811,,70208,38,,,0,99,,65891,38,,,0,30,,70209,38,,,0,100,,65887,38,,,0
14000001029,'1965',458,,65864,38,0,18 7,0,142,,73593,38,0,18 7,0,1811,,73595,38,,,0,99,,65871,38,,,0,30,,73594,38,,,0,100,,65870,38,,,0
14000001029,'1966',600,,73600,38,0,18 7,0,1840,,73598,38,,,0,170,,73601,38,,,0
14000001029,'1967',2411,,73602,38,,,0,99,,65872,38,,,0,30,,73599,38,,,0,100,,65875,38,,,0
14000001029,'1968',2440,,73591,38,,,0,170,,73590,38,,,0
14000001029,'1969',600,,73592,38,0,18 7,0,1811,,70211,38,,,0,99,,65898,38,,,0,30,,70212,38,,,0,100,,65894,38,,,0
14000001029,'1970',2440,,75061,38,,,0,170,,75062,38,,,0
14000001029,'1971',600,,75064,38,0,18 7,0,1840,,75063,38,,,0,170,,75065,38,,,0
14000001029,'1972',2440,,75067,38,,,0,170,,75066,38,,,0
14000001029,'1973',2440,,75069,38,,,0,170,,75068,38,,,0
