16029,'1912',723,,67445,8,,,0,102,,71800,8,,,0,97,,71798,8,,,0,103,,71803,8,,,0,98,,71805,8,,,0,100,,71802,8,,,0,101,,71804,8,,,0,100,,71797,8,,,0,100,,71799,8,,,0,99,,71801,8,,,0,99,,67438,8,,,0,100,,61917,8,,,0,100,,61912,8,,,0,102,,61913,8,,,0,97,,71806,8,,,0
16029,'1959',723,,67457,8,,,0,102,,71843,8,,,0,97,,71841,8,,,0,103,,71846,8,,,0,98,,71848,8,,,0,100,,71845,8,,,0,101,,71847,8,,,0,100,,71840,8,,,0,100,,71842,8,,,0,99,,71844,8,,,0,99,,67450,8,,,0,100,,61932,8,,,0,100,,61927,8,,,0,102,,61928,8,,,0,97,,71849,8,,,0
16029,'1967',557,,61905,8,,,0,67,,61904,8,,,0,30,,61888,8,,,0,67,,61874,8,,,0,30,,61881,8,,,0,71,,61895,8,,,0,30,,61889,8,,,0,70,,61875,8,,,0,31,,61882,8,,,0,70,,61896,8,,,0,30,,61890,8,,,0,70,,61876,8,,,0,30,,61883,8,,,0,70,,61897,8,,,0,32,,61891,8,,,0,70,,61877,8,,,0,30,,61884,8,,,0,70,,61898,8,,,0,30,,61892,8,,,0,70,,61878,8,,,0,30,,61885,8,,,0,70,,61899,8,,,0,29,,61893,8,,,0,70,,61879,8,,,0,30,,61886,8,,,0,69,,61900,8,,,0,29,,61894,8,,,0,70,,61880,8,,,0,29,,61887,8,,,0,70,,61901,8,,,0,100,,61902,8,,,0,30,,61903,8,,,0
16029,'1969',723,,67469,8,,,0,102,,71810,8,,,0,97,,71808,8,,,0,103,,71813,8,,,0,98,,71815,8,,,0,100,,71812,8,,,0,101,,71814,8,,,0,100,,71807,8,,,0,100,,71809,8,,,0,99,,71811,8,,,0,99,,67462,8,,,0,100,,61947,8,,,0,100,,61942,8,,,0,102,,61943,8,,,0,97,,71816,8,,,0
16029,'1976',554,,71839,8,,,0,70,,71817,8,,,0,33,,71818,8,,,0,75,,71819,8,,,0,71,,71820,8,,,0,32,,74482,8,,,0,70,,74483,8,,,0,30,,74484,8,,,0,67,,71824,8,,,0,30,,71825,8,,,0,70,,74485,8,,,0,30,,71827,8,,,0,70,,71828,8,,,0,30,,71829,8,,,0,70,,71830,8,,,0,30,,71831,8,,,0,71,,71832,8,,,0,31,,71833,8,,,0,71,,74486,8,,,0,29,,61859,8,,,0,72,,74487,8,,,0,30,,74488,8,,,0,69,,74489,8,,,0,28,,74490,8,,,0,70,,74491,8,,,0,30,,74496,8,,,0,67,,74492,8,,,0,30,,74493,8,,,0,70,,74494,8,,,0,24,,71836,8,,,0,29,,74495,8,,,0,70,,71837,8,,,0,27,,71838,8,,,0
16029,'1977',554,,75718,8,,,0,70,,75686,8,,,0,33,,75687,8,,,0,75,,75688,8,,,0,71,,75689,8,,,0,32,,75690,8,,,0,70,,75691,8,,,0,30,,75692,8,,,0,67,,75693,8,,,0,30,,75694,8,,,0,70,,75695,8,,,0,30,,75696,8,,,0,70,,75697,8,,,0,30,,75698,8,,,0,70,,75699,8,,,0,30,,75700,8,,,0,71,,75701,8,,,0,31,,75702,8,,,0,71,,75703,8,,,0,29,,75704,8,,,0,72,,75705,8,,,0,30,,75706,8,,,0,69,,75707,8,,,0,28,,75708,8,,,0,70,,75709,8,,,0,30,,75717,8,,,0,67,,75710,8,,,0,30,,75711,8,,,0,70,,75712,8,,,0,24,,75713,8,,,0,29,,75714,8,,,0,70,,75715,8,,,0,27,,75716,8,,,0
32019,'1912',639,,74670,27,,,0,95,,74671,27,,,0,100,,74672,27,,,0,100,,74673,27,,,0,100,,74674,27,,,0,101,,74675,27,,,0,103,,74676,27,,,0,100,,74677,27,,,0,100,,74678,27,,,0,100,,74679,27,,,0,100,,74680,27,,,0,100,,74681,27,,,0,98,,74682,27,,,0,100,,74683,27,,,0,100,,74684,27,,,0,99,,74685,27,,,0,100,,74686,27,,,0,95,,74688,27,0,5 2 8 7,0
32019,'1959',639,,74763,27,,,0,95,,74764,27,,,0,100,,74765,27,,,0,100,,74766,27,,,0,100,,74767,27,,,0,101,,74768,27,,,0,103,,74769,27,,,0,100,,74770,27,,,0,100,,74771,27,,,0,100,,74772,27,,,0,100,,74773,27,,,0,100,,74774,27,,,0,98,,74775,27,,,0,100,,74776,27,,,0,100,,74777,27,,,0,99,,74778,27,,,0,100,,74779,27,,,0,95,,74781,27,0,5 2 8 7,0
32019,'1967',638,,74737,27,,,0,65,,74754,27,,,0,30,,74731,27,,,0,70,,74748,27,,,0,30,,74755,27,,,0,72,,74743,27,,,0,30,,74736,27,,,0,71,,74753,27,,,0,30,,74730,27,,,0,70,,74747,27,,,0,30,,74758,27,,,0,71,,74742,27,,,0,30,,74735,27,,,0,71,,74752,27,,,0,30,,74729,27,,,0,70,,74746,27,,,0,30,,74757,27,,,0,70,,74741,27,,,0,30,,74734,27,,,0,70,,74751,27,,,0,30,,74728,27,,,0,70,,74745,27,,,0,30,,74759,27,,,0,70,,74740,27,,,0,30,,74733,27,,,0,68,,74749,27,,,0,30,,74727,27,,,0,100,,74756,27,,,0,98,,74732,27,,,0,100,,74726,27,,,0,99,,74760,27,0,5 2 8 7,0
32019,'1969',639,,74782,27,,,0,95,,74783,27,,,0,100,,74784,27,,,0,100,,74785,27,,,0,100,,74786,27,,,0,101,,74787,27,,,0,103,,74788,27,,,0,100,,74789,27,,,0,100,,74790,27,,,0,100,,74791,27,,,0,100,,74792,27,,,0,100,,74793,27,,,0,98,,74794,27,,,0,100,,74795,27,,,0,100,,74796,27,,,0,99,,74797,27,,,0,100,,74798,27,,,0,95,,74800,27,0,5 2 8 7,0
32019,'1976',640,,74697,27,,,0,66,,74713,27,,,0,33,,74692,27,,,0,71,,74708,27,,,0,30,,74718,27,,,0,69,,74702,27,,,0,29,,74700,27,,,0,70,,74712,27,,,0,30,,74690,27,,,0,70,,74706,27,,,0,30,,74717,27,,,0,70,,74704,27,,,0,30,,74699,27,,,0,70,,74711,27,,,0,30,,74693,27,,,0,70,,74705,27,,,0,29,,74716,27,,,0,70,,74703,27,,,0,30,,74696,27,,,0,70,,74710,27,,,0,30,,74689,27,,,0,70,,74707,27,,,0,31,,74715,27,,,0,71,,74701,27,,,0,29,,74698,27,,,0,70,,74709,27,,,0,30,,74694,27,,,0,98,,74714,27,,,0,100,,74695,27,,,0,100,,74691,27,,,0,95,,74722,27,0,5 2 8 7,0
32019,'1977',640,,75849,27,,,0,66,,75865,27,,,0,33,,75844,27,,,0,71,,75860,27,,,0,30,,75870,27,,,0,69,,75854,27,,,0,29,,75852,27,,,0,70,,75864,27,,,0,30,,75842,27,,,0,70,,75858,27,,,0,30,,75869,27,,,0,70,,75856,27,,,0,30,,75851,27,,,0,70,,75863,27,,,0,30,,75845,27,,,0,70,,75857,27,,,0,29,,75868,27,,,0,70,,75855,27,,,0,30,,75848,27,,,0,70,,75862,27,,,0,30,,75841,27,,,0,70,,75859,27,,,0,31,,75867,27,,,0,71,,75853,27,,,0,29,,75850,27,,,0,70,,75861,27,,,0,30,,75846,27,,,0,98,,75866,27,,,0,100,,75847,27,,,0,100,,75843,27,,,0,95,,75875,27,0,5 2 8 7,0
