609,'1909',1623,,60114,19,0,18 7,0,100,,60123,19,0,18 7,0,127,,60112,19,0,18 7,0,71,,60161,19,0,18 7,0
609,'1912',850,,70918,7,0,18 7,0,100,,70902,7,0,18 7,0,100,,70914,7,0,18 7,0,100,,70904,7,0,18 7,0,101,,70917,7,0,18 7,0,100,,70900,7,0,18 7,0,100,,70916,7,0,18 7,0,100,,70906,7,0,18 7,0,100,,70915,7,0,18 7,0,100,,70903,7,0,18 7,0,99,,70913,7,0,18 7,0,100,,70901,7,0,18 7,0
609,'1925',850,,70954,7,0,18 7,0,100,,70938,7,0,18 7,0,100,,70950,7,0,18 7,0,100,,70940,7,0,18 7,0,101,,70953,7,0,18 7,0,100,,70936,7,0,18 7,0,100,,70952,7,0,18 7,0,100,,70942,7,0,18 7,0,100,,70951,7,0,18 7,0,100,,70939,7,0,18 7,0,99,,70949,7,0,18 7,0,100,,70937,7,0,18 7,0
609,'1949',1653,,66534,19,0,18 7,0,97,,66515,19,0,18 7,0,70,,66526,19,0,18 7,0
609,'1955',648,,66352,19,0,18 7,0,70,,66334,19,0,18 7,0,30,,66365,19,0,18 7,0,70,,60178,19,0,18 7,0,30,,66351,19,0,18 7,0,71,,66333,19,0,18 7,0,30,,66364,19,0,18 7,0,70,,66332,19,0,18 7,0,30,,66350,19,0,18 7,0,70,,66331,19,0,18 7,0,32,,66363,19,0,18 7,0,70,,66330,19,0,18 7,0,30,,66349,19,0,18 7,0,70,,66328,19,0,18 7,0,30,,66348,19,0,18 7,0,70,,66324,19,0,18 7,0,30,,66375,19,0,18 7,0,70,,66347,19,0,18 7,0,30,,66326,19,0,18 7,0,70,,66359,19,0,18 7,0,30,,66325,19,0,18 7,0,68,,66360,19,0,18 7,0,30,,66327,19,0,18 7,0,70,,66361,19,0,18 7,0,30,,66329,19,0,18 7,0,69,,66362,19,0,18 7,0,102,,66372,7,0,18 7,0,100,,66376,7,0,18 7,0
609,'1956',850,,66434,7,0,18 7,0,100,,66418,7,0,18 7,0,100,,66430,7,0,18 7,0,100,,66420,7,0,18 7,0,101,,66433,7,0,18 7,0,100,,66416,7,0,18 7,0,100,,66432,7,0,18 7,0,100,,66422,7,0,18 7,0,100,,66431,7,0,18 7,0,100,,66419,7,0,18 7,0,99,,66429,7,0,18 7,0,100,,66417,7,0,18 7,0
609,'1957',650,,70993,19,0,18 7,0,71,,70979,19,0,18 7,0,30,,70984,19,0,18 7,0,70,,70999,19,0,18 7,0,30,,70972,19,0,18 7,0,70,,71001,19,0,18 7,0,30,,70974,19,0,18 7,0,70,,70975,19,0,18 7,0,30,,70994,19,0,18 7,0,70,,70995,19,0,18 7,0,30,,70992,19,0,18 7,0,70,,70986,19,0,18 7,0,30,,70990,19,0,18 7,0,70,,70982,19,0,18 7,0,30,,70987,19,0,18 7,0,70,,70981,19,0,18 7,0,32,,70976,19,0,18 7,0,70,,70973,19,0,18 7,0,30,,70983,19,0,18 7,0,466,,70985,19,0,18 7,0,100,,71020,19,0,18 7,0,100,,70978,19,0,18 7,0,100,,71023,19,0,18 7,0
609,'1958',648,,71054,19,0,18 7,0,70,,71036,19,0,18 7,0,30,,71068,19,0,18 7,0,70,,71035,19,0,18 7,0,30,,71053,19,0,18 7,0,71,,71034,19,0,18 7,0,30,,71067,19,0,18 7,0,70,,71033,19,0,18 7,0,30,,71052,19,0,18 7,0,70,,71032,19,0,18 7,0,32,,71066,19,0,18 7,0,70,,71031,19,0,18 7,0,30,,71051,19,0,18 7,0,70,,71029,19,0,18 7,0,30,,71050,19,0,18 7,0,70,,71025,19,0,18 7,0,30,,71079,19,0,18 7,0,70,,71049,19,0,18 7,0,30,,71027,19,0,18 7,0,70,,71062,19,0,18 7,0,30,,71026,19,0,18 7,0,68,,71063,19,0,18 7,0,30,,71028,19,0,18 7,0,70,,71064,19,0,18 7,0,30,,71030,19,0,18 7,0,69,,71065,19,0,18 7,0,102,,71076,7,0,18 7,0,100,,71080,7,0,18 7,0
609,'1959',850,,71102,7,0,18 7,0,100,,71086,7,0,18 7,0,100,,71098,7,0,18 7,0,100,,71088,7,0,18 7,0,101,,71101,7,0,18 7,0,100,,71084,7,0,18 7,0,100,,71100,7,0,18 7,0,100,,71090,7,0,18 7,0,100,,71099,7,0,18 7,0,100,,71087,7,0,18 7,0,99,,71097,7,0,18 7,0,100,,71085,7,0,18 7,0
10019,'1909',906,,60946,6,,,0,999,,60966,6,,,0,99,,60968,6,,,0,100,,60970,6,,,0,100,,60971,6,,,0
10019,'1910',1836,,66746,6,,,0,69,,60997,6,,,0,100,,66747,6,,,0,100,,60999,6,,,0
10019,'1912',735,,61000,6,,,0,70,,66748,6,,,0,30,,61002,6,,,0,70,,66749,6,,,0,30,,61004,6,,,0,70,,71282,6,,,0,30,,71283,6,,,0,70,,71284,6,,,0,30,,71285,6,,,0,71,,71286,6,,,0,30,,71287,6,,,0,70,,71288,6,,,0,30,,71289,6,,,0,70,,71290,6,,,0,30,,71291,6,,,0,70,,71292,6,,,0,30,,71293,6,,,0,70,,71294,6,,,0,30,,66763,6,,,0,70,,71295,6,,,0,30,,71296,6,,,0,69,,71297,6,,,0,30,,66767,6,,,0,70,,71298,6,,,0
10019,'1924',735,,61024,6,,,0,70,,66769,6,,,0,30,,61026,6,,,0,70,,66770,6,,,0,30,,61028,6,,,0,701,,66784,6,,,0,199,,66788,6,,,0
10019,'1925',735,,61048,6,,,0,70,,66790,6,,,0,30,,61050,6,,,0,70,,66791,6,,,0,30,,61052,6,,,0,70,,71299,6,,,0,30,,71300,6,,,0,70,,71301,6,,,0,30,,71302,6,,,0,71,,71303,6,,,0,30,,71304,6,,,0,70,,71305,6,,,0,30,,71306,6,,,0,70,,71307,6,,,0,30,,71308,6,,,0,70,,71309,6,,,0,30,,71310,6,,,0,70,,71311,6,,,0,30,,66805,6,,,0,70,,71312,6,,,0,30,,71313,6,,,0,69,,71314,6,,,0,30,,66809,6,,,0,70,,71315,6,,,0
10019,'1949',1336,,66831,6,,,0
10019,'1955',635,,60972,6,,,0,70,,66724,6,,,0,30,,66725,6,,,0,70,,66726,6,,,0,30,,60976,6,,,0,70,,66727,6,,,0,30,,66728,6,,,0,71,,66729,6,,,0,30,,66730,6,,,0,70,,66731,6,,,0,30,,66732,6,,,0,70,,66733,6,,,0,30,,66734,6,,,0,70,,66735,6,,,0,30,,66736,6,,,0,70,,66737,6,,,0,30,,66738,6,,,0,70,,66739,6,,,0,30,,66740,6,,,0,70,,66741,6,,,0,30,,66742,6,,,0,70,,66743,6,,,0,30,,66744,6,,,0,70,,66745,6,,,0
10019,'1956',1005,,66771,6,,,0,30,,66772,6,,,0,70,,66773,6,,,0,30,,66774,6,,,0,71,,66775,6,,,0,30,,66776,6,,,0,70,,66777,6,,,0,30,,66778,6,,,0,70,,66779,6,,,0,30,,66780,6,,,0,70,,66781,6,,,0,30,,66782,6,,,0,70,,66783,6,,,0,100,,66785,6,,,0,30,,66786,6,,,0,69,,66787,6,,,0,100,,66789,6,,,0
10019,'1957',535,,71316,6,,,0,70,,71317,6,,,0,30,,71318,6,,,0,71,,71319,6,,,0,30,,71320,6,,,0,70,,71321,6,,,0,30,,71322,6,,,0,100,,71323,6,,,0,70,,71324,6,,,0,30,,71325,6,,,0,70,,71326,6,,,0,30,,71327,6,,,0,70,,71328,6,,,0,30,,71329,6,,,0,70,,71330,6,,,0,100,,71331,6,,,0,31,,71332,6,,,0,70,,71333,6,,,0,30,,71334,6,,,0,70,,71335,6,,,0,30,,71336,6,,,0,70,,71337,6,,,0,28,,71338,6,,,0,70,,71339,6,,,0,30,,71340,6,,,0,100,,71341,6,,,0,99,,71342,6,,,0
10019,'1958',635,,71343,6,,,0,70,,71344,6,,,0,30,,71345,6,,,0,70,,71346,6,,,0,30,,71347,6,,,0,70,,71348,6,,,0,30,,71349,6,,,0,71,,71350,6,,,0,30,,71351,6,,,0,70,,71352,6,,,0,30,,71353,6,,,0,70,,71354,6,,,0,30,,71355,6,,,0,70,,71356,6,,,0,30,,71357,6,,,0,70,,71358,6,,,0,30,,71359,6,,,0,70,,71360,6,,,0,30,,71361,6,,,0,70,,71362,6,,,0,30,,71363,6,,,0,70,,71364,6,,,0,30,,71365,6,,,0,70,,71366,6,,,0
10019,'1959',1005,,71367,6,,,0,30,,71368,6,,,0,70,,71369,6,,,0,30,,71370,6,,,0,71,,71371,6,,,0,30,,71372,6,,,0,70,,71373,6,,,0,30,,71374,6,,,0,70,,71375,6,,,0,30,,71376,6,,,0,70,,71377,6,,,0,30,,71378,6,,,0,70,,71379,6,,,0,100,,71380,6,,,0,30,,71381,6,,,0,69,,71382,6,,,0,100,,71383,6,,,0
