609,190002070,1,0,0
609,751,2,0,0
609,521,3,0,0
609,190000524,4,0,0
609,535,5,0,0
609,536,6,0,0
609,190009036,7,0,0
609,9128,8,0,0
609,555,9,0,0
609,557,10,0,0
609,9007,11,0,0
609,9159,12,0,0
609,9157,13,0,0
609,612,14,0,0
609,614,15,0,0
609,607,16,0,0
609,39,17,0,0
609,692,18,0,0
609,632,19,0,0
609,190002003,20,0,0
609,3051,21,0,0
609,9182,22,0,0
609,9057,23,0,0
609,740,24,0,0
609,97,25,0,0
609,190002085,26,0,0
609,741,27,0,0
609,739,28,0,0
609,190000090,29,0,0
609,3050,30,0,0
609,9054,31,0,0
609,2002,32,0,0
609,100,33,0,0
609,40,34,0,0
609,606,35,0,0
609,615,36,0,0
609,9208,37,0,0
609,9228,38,0,0
609,9156,39,0,0
609,190002074,40,0,0
609,9158,41,0,0
609,558,42,0,0
609,556,43,0,0
609,554,44,0,0
609,9120,45,0,0
609,190009037,46,0,0
609,537,47,0,0
609,534,48,0,0
609,190000033,49,0,0
609,2072,50,0,0
609,520,51,0,0
609,460,52,0,0
609,464,53,0,0
1019,190002070,1,0,0
1019,751,2,0,0
1019,2069,3,0,0
1019,2068,4,0,0
1019,455,5,0,0
1019,190002009,6,0,0
1019,696,7,0,0
1019,2043,8,0,0
1019,436,9,0,0
1019,433,10,0,0
1019,9099,11,0,0
1019,9100,12,0,0
1019,190000426,13,0,0
1019,318,14,0,0
1019,302,15,0,0
1019,300,16,0,0
1019,190002040,17,0,0
1019,9093,18,0,0
1019,261,19,0,0
1019,259,20,0,0
1019,257,21,0,0
1019,253,22,0,0
1019,252,23,0,0
1019,251,24,0,0
1019,230,25,0,0
1019,229,26,0,0
1019,190000226,27,0,0
1019,223,28,0,0
1019,222,29,0,0
1019,213,30,0,0
1019,212,31,0,0
1019,188,32,0,0
1019,9198,33,0,0
1019,9121,34,0,0
1019,203,35,0,0
1019,746,36,0,0
1019,190009056,37,0,0
1019,2018,38,0,0
1019,200,39,0,0
1019,204,40,0,0
1019,184,41,0,0
1019,847,42,0,0
1019,9094,43,0,0
1019,155,44,0,0
1019,156,45,0,0
1019,159,46,0,0
1019,9335,47,0,0
1019,148,48,0,0
1019,970000,49,1,1
1029,970000,1,0,0
1029,9237,2,0,0
1029,9334,3,0,0
1029,9333,4,0,0
1029,2013,5,0,0
1029,157,6,0,0
1029,154,7,0,0
1029,9095,8,0,0
1029,182,9,0,0
1029,183,10,0,0
1029,205,11,0,0
1029,201,12,0,0
1029,203,13,0,0
1029,746,14,0,0
1029,190009056,15,0,0
1029,2018,16,0,0
1029,202,17,0,0
1029,9199,18,0,0
1029,189,19,0,0
1029,2015,20,0,0
1029,2022,21,0,0
1029,2023,22,0,0
1029,224,23,0,0
1029,190000225,24,0,0
1029,2025,25,0,0
1029,54,26,0,0
1029,250,27,0,0
1029,2029,28,0,0
1029,254,29,0,0
1029,9097,30,0,0
1029,2030,31,0,0
1029,262,32,0,0
1029,265,33,0,0
1029,190002039,34,0,0
1029,9342,35,0,0
1029,301,36,0,0
1029,317,37,0,0
1029,190000427,38,0,0
1029,9101,39,0,0
1029,190002042,40,0,0
1029,107,41,0,0
1029,437,42,0,0
1029,440,43,0,0
1029,441,44,0,0
1029,190000444,45,0,0
1029,456,46,0,0
1029,55,47,0,0
1029,458,48,0,0
1029,459,49,0,0
1029,460,50,0,0
1029,464,51,0,0
1029,190002070,52,1,1
2019,9127,1,0,0
2019,9176,2,0,0
2019,390,3,0,0
2019,9177,4,0,0
2019,9178,5,0,0
2019,9179,6,0,0
2019,9337,7,0,0
2019,9181,8,0,0
2019,467,9,0,0
2019,190002070,10,0,0
2019,751,11,0,0
2019,2069,12,0,0
2019,2068,13,0,0
2019,455,14,0,0
2019,190002009,15,0,0
2019,696,16,0,0
2019,2043,17,0,0
2019,436,18,0,0
2019,433,19,0,0
2019,9099,20,0,0
2019,9100,21,0,0
2019,190000426,22,0,0
2019,318,23,0,0
2019,302,24,0,0
2019,300,25,0,0
2019,190002035,26,0,0
2019,190000292,27,0,0
2019,279,28,0,0
2019,284,29,0,0
2019,285,30,0,0
2019,287,31,0,0
2019,190000231,32,0,0
2019,232,33,0,0
2019,233,34,0,0
2019,234,35,0,0
2019,9229,36,0,0
2019,216,37,0,0
2019,51,38,0,0
2019,690,39,0,0
2019,190000052,40,0,0
2019,218,41,0,0
2019,746,42,0,0
2019,209,43,0,0
2019,208,44,0,0
2019,206,45,0,0
2019,182,46,0,0
2019,163,47,0,0
2019,169,48,0,0
2019,150,49,1,1
2029,150,1,0,0
2029,145,2,0,0
2029,9333,3,0,0
2029,2013,4,0,0
2029,157,5,0,0
2029,154,6,0,0
2029,161,7,0,0
2029,168,8,0,0
2029,9092,9,0,0
2029,181,10,0,0
2029,207,11,0,0
2029,2017,12,0,0
2029,210,13,0,0
2029,745,14,0,0
2029,217,15,0,0
2029,190002007,16,1,1
2029,190009074,17,0,0
2029,9076,18,0,0
2029,73,19,0,0
2029,2021,20,0,0
2029,2001,21,0,0
2029,235,22,0,0
2029,2026,23,0,0
2029,70,24,0,0
2029,190002028,25,0,0
2029,288,26,0,0
2029,286,27,0,0
2029,283,28,0,0
2029,280,29,0,0
2029,190000272,30,0,0
2029,9082,31,0,0
2029,190002039,32,0,0
2029,9342,33,0,0
2029,301,34,0,0
2029,317,35,0,0
2029,190000427,36,0,0
2029,9101,37,0,0
2029,190002042,38,0,0
2029,107,39,0,0
2029,437,40,0,0
2029,440,41,0,0
2029,441,42,0,0
2029,190000444,43,0,0
2029,456,44,0,0
2029,55,45,0,0
2029,458,46,0,0
2029,459,47,0,0
2029,460,48,0,0
2029,464,49,0,0
2029,190002070,50,0,0
2029,465,51,0,0
2029,843,52,0,0
2029,845,53,0,0
2029,846,54,0,0
2029,506,55,0,0
2029,374,56,0,0
2029,375,57,0,0
2029,376,58,0,0
2029,377,59,0,0
2029,9161,60,0,0
2029,9142,61,0,0
2029,9143,62,0,0
2029,9127,63,1,1
4019,190002037,1,0,0
4019,190000292,2,0,0
4019,353,3,0,0
4019,349,4,0,0
4019,330,5,0,0
4019,366,6,0,0
4019,190000504,7,0,0
4019,383,8,0,0
4019,9164,9,0,0
4019,9077,10,0,0
4019,190000043,11,0,0
4019,398,12,0,0
4019,190000400,13,0,0
4019,402,14,0,0
4019,190000584,15,0,0
4019,816,16,0,0
4019,190002077,17,1,1
4019,190002083,18,1,1
4029,190002077,1,0,0
4029,744,2,0,0
4029,190002076,3,0,0
4029,41,4,0,0
4029,190000399,5,0,0
4029,397,6,0,0
4029,190000044,7,0,0
4029,378,8,0,0
4029,9165,9,0,0
4029,9175,10,0,0
4029,190000501,11,0,0
4029,2052,12,0,0
4029,367,13,0,0
4029,369,14,0,0
4029,283,15,0,0
4029,190000272,16,0,0
4029,9082,17,0,0
4029,190002037,18,1,1
4029,190002039,19,1,1
7019,728,1,0,0
7019,826,2,0,0
7019,9141,3,0,0
7019,827,4,0,0
7019,830,5,0,0
7019,9069,6,0,0
7019,190000730,7,0,0
7019,209,8,0,0
7019,208,9,0,0
7019,206,10,0,0
7019,182,11,0,0
7019,183,12,0,0
7019,205,13,0,0
7019,201,14,0,0
7019,203,15,0,0
7019,832,16,0,0
7019,216,17,0,0
7019,51,18,0,0
7019,690,19,0,0
7019,190000052,20,0,0
7019,9050,21,0,0
7019,2050,22,0,0
7019,834,23,0,0
7019,836,24,0,0
7019,838,25,0,0
7019,398,26,0,0
7019,190000400,27,0,0
7019,402,28,0,0
7019,190000584,29,0,0
7019,816,30,0,0
7019,190002081,31,1,1
7019,190002083,32,1,1
7019,650,33,0,0
7019,3011,34,1,1
7019,3009,35,1,1
7029,190002081,1,0,0
7029,744,2,0,0
7029,190002076,3,0,0
7029,41,4,0,0
7029,190000399,5,0,0
7029,396,6,0,0
7029,190009120,7,0,0
7029,837,8,0,0
7029,835,9,0,0
7029,833,10,0,0
7029,9044,11,0,0
7029,190009074,12,0,0
7029,9076,13,0,0
7029,73,14,0,0
7029,2021,15,0,0
7029,746,16,0,0
7029,190009056,17,0,0
7029,2018,18,0,0
7029,200,19,0,0
7029,204,20,0,0
7029,184,21,0,0
7029,847,22,0,0
7029,207,23,0,0
7029,2017,24,0,0
7029,210,25,0,0
7029,831,26,0,0
7029,829,27,0,0
7029,828,28,0,0
7029,9081,29,0,0
7029,190000818,30,0,0
7029,726,31,0,0
7029,725,32,0,0
7029,727,33,0,0
7029,728,34,1,1
7029,190002014,35,0,0
7029,190000052,36,1,1
7029,190002007,37,1,1
10019,190002084,1,0,0
10019,9119,2,0,0
10019,9332,3,0,0
10019,802,4,0,0
10019,692,5,0,0
10019,632,6,0,0
10019,9053,7,0,0
10019,9304,8,0,0
10019,9004,9,0,0
10019,9005,10,0,0
10019,9006,11,0,0
10019,9049,12,0,0
10019,8,13,0,0
10019,19,14,0,0
10019,21,15,0,0
10019,23,16,0,0
10019,25,17,0,0
10019,793,18,0,0
10019,190000794,19,0,0
10019,795,20,0,0
10019,796,21,0,0
10019,765,22,0,0
10019,766,23,0,0
10019,767,24,0,0
10019,768,25,0,0
10019,9168,26,0,0
10019,9169,27,0,0
10019,778,28,0,0
10019,805,29,0,0
10019,779,30,0,0
10019,773,31,0,0
10019,9167,32,0,0
10019,190009088,33,0,0
10019,871,34,0,0
10019,872,35,0,0
10019,9103,36,0,0
10019,9162,37,1,1
10029,9162,1,0,0
10029,2019,2,0,0
10029,9102,3,0,0
10029,866,4,0,0
10029,9104,5,0,0
10029,3072,6,0,0
10029,9166,7,0,0
10029,9170,8,0,0
10029,774,9,0,0
10029,775,10,0,0
10029,776,11,0,0
10029,873,12,0,0
10029,9060,13,0,0
10029,9061,14,0,0
10029,787,15,0,0
10029,788,16,0,0
10029,789,17,0,0
10029,790,18,0,0
10029,791,19,0,0
10029,190000792,20,0,0
10029,777,21,0,0
10029,24,22,0,0
10029,69,23,0,0
10029,22,24,0,0
10029,20,25,0,0
10029,9085,26,0,0
10029,9048,27,0,0
10029,9001,28,0,0
10029,9002,29,0,0
10029,9003,30,0,0
10029,671,31,0,0
10029,9054,32,0,0
10029,2002,33,0,0
10029,100,34,0,0
10029,825,35,0,0
10029,99,36,0,0
10029,190002084,37,1,1
11019,9127,1,0,0
11019,837,2,0,0
11019,394,3,0,0
11019,9331,4,0,0
11019,387,5,0,0
11019,386,6,0,0
11019,385,7,0,0
11019,384,8,0,0
11019,761,9,0,0
11019,190000505,10,0,0
11019,111,11,0,0
11019,1017,12,0,0
11019,509,13,0,0
11019,9343,14,0,0
11019,510,15,0,0
11019,512,16,0,0
11019,516,17,0,0
11019,731,18,0,0
11019,519,19,0,0
11019,9022,20,0,0
11019,9023,21,0,0
11019,9024,22,0,0
11019,9025,23,0,0
11019,9027,24,0,0
11019,528,25,0,0
11019,190002074,26,0,0
11019,9157,27,0,0
11019,612,28,0,0
11019,190000101,29,0,0
11019,9045,30,0,0
11019,9232,31,0,0
11019,190002081,32,1,1
11019,190002085,33,1,1
11029,190002084,1,0,0
11029,9119,2,0,0
11029,9231,3,0,0
11029,9046,4,0,0
11029,190000103,5,0,0
11029,9228,6,0,0
11029,9156,7,0,0
11029,190002075,8,0,0
11029,527,9,0,0
11029,9029,10,0,0
11029,9026,11,0,0
11029,9018,12,0,0
11029,9019,13,0,0
11029,9020,14,0,0
11029,9021,15,0,0
11029,518,16,0,0
11029,732,17,0,0
11029,517,18,0,0
11029,513,19,0,0
11029,511,20,0,0
11029,2062,21,0,0
11029,2061,22,0,0
11029,2060,23,0,0
11029,2008,24,0,0
11029,190000506,25,0,0
11029,383,26,0,0
11029,9164,27,0,0
11029,9190,28,0,0
11029,9191,29,0,0
11029,9192,30,0,0
11029,9193,31,0,0
11029,836,32,0,0
11029,9127,33,1,1
12019,190002070,1,0,0
12019,751,2,0,0
12019,2069,3,0,0
12019,2068,4,0,0
12019,455,5,0,0
12019,190002009,6,0,0
12019,696,7,0,0
12019,2043,8,0,0
12019,436,9,0,0
12019,433,10,0,0
12019,9099,11,0,0
12019,9100,12,0,0
12019,190000426,13,0,0
12019,318,14,0,0
12019,302,15,0,0
12019,300,16,0,0
12019,190002038,17,0,0
12019,3027,18,0,0
12019,190000126,19,0,0
12019,9096,20,0,0
12019,755,21,0,0
12019,80,22,0,0
12019,58,23,0,0
12019,59,24,0,0
12019,89,25,0,0
12019,190000029,26,1,1
12029,190000029,1,0,0
12029,86,2,0,0
12029,117,3,0,0
12029,84,4,0,0
12029,83,5,0,0
12029,82,6,0,0
12029,123,7,0,0
12029,190000127,8,0,0
12029,266,9,0,0
12029,190002039,10,0,0
12029,9342,11,0,0
12029,301,12,0,0
12029,317,13,0,0
12029,190000427,14,0,0
12029,9101,15,0,0
12029,190002042,16,0,0
12029,107,17,0,0
12029,437,18,0,0
12029,440,19,0,0
12029,441,20,0,0
12029,190000444,21,0,0
12029,456,22,0,0
12029,55,23,0,0
12029,458,24,0,0
12029,459,25,0,0
12029,460,26,0,0
12029,464,27,0,0
12029,190002070,28,1,1
13019,190002082,1,0,0
13019,9119,2,0,0
13019,3045,3,0,0
13019,3046,4,0,0
13019,3047,5,0,0
13019,407,6,0,0
13019,406,7,0,0
13019,403,8,0,0
13019,9321,9,0,0
13019,190002076,10,0,0
13019,41,11,0,0
13019,9322,12,0,0
13019,9323,13,0,0
13019,9324,14,0,0
13019,9325,15,0,0
13019,9326,16,0,0
13019,9327,17,0,0
13019,9328,18,0,0
13019,9132,19,0,0
13019,9133,20,0,0
13019,9330,21,0,0
13019,190000712,22,0,0
13019,48,23,0,0
13019,515,24,0,0
13019,854,25,0,0
13019,648,26,0,0
13019,651,27,0,0
14019,190002083,1,0,0
14019,77,2,0,0
14019,649,3,0,0
14019,822,4,0,0
14019,824,5,0,0
14019,819,6,0,0
14019,190000712,7,0,0
14019,9135,8,0,0
14019,9137,9,0,0
14019,9329,10,0,0
14019,9183,11,0,0
14019,9184,12,0,0
14019,9185,13,0,0
14019,9075,14,0,0
14019,858,15,0,0
14019,6,16,0,0
14019,190000400,17,0,0
14019,402,18,0,0
14019,9186,19,0,0
14019,9187,20,0,0
14019,9188,21,0,0
14019,9189,22,0,0
14019,3044,23,0,0
14019,98,24,0,0
14019,815,25,0,0
14019,9232,26,0,0
15019,190002083,1,0,0
15019,77,2,0,0
15019,649,3,0,0
15019,78,4,0,0
15019,9079,5,0,0
15019,646,6,0,0
15019,645,7,0,0
15019,742,8,0,0
15019,190000694,9,0,0
15019,644,10,0,0
15019,653,11,0,0
15019,655,12,0,0
15019,659,13,0,0
15019,657,14,0,0
15019,190000090,15,0,0
15019,3050,16,0,0
15019,9053,17,0,0
15019,9304,18,0,0
15019,673,19,0,0
15019,663,20,0,0
15019,664,21,0,0
15019,665,22,0,0
15019,666,23,0,0
15019,758,24,0,0
15019,667,25,0,0
15019,668,26,0,0
15019,669,27,0,0
15019,670,28,0,0
15019,678,29,0,0
15019,676,30,0,0
15019,540,31,0,0
15019,9005,32,0,0
15019,531,33,0,0
15019,530,34,0,0
15019,190000018,35,0,0
15019,532,36,0,0
15019,470,37,0,0
15019,469,38,0,0
15019,468,39,0,0
15019,680,40,0,0
15019,682,41,0,0
15019,91,42,0,0
15019,689,43,0,0
15019,5,44,0,0
15019,9091,45,0,0
15019,629,46,0,0
15019,627,47,0,0
15019,68,48,0,0
15019,597,49,0,0
15019,608,50,0,0
15019,611,51,0,0
15019,9156,52,0,0
15019,190002075,53,0,0
15019,9158,54,0,0
15019,35,55,0,0
15019,804,56,0,0
15019,698,57,0,0
15019,31,58,0,0
15019,30,59,0,0
15019,27,60,0,0
15019,26,61,0,0
15019,11,62,0,0
15019,405,63,0,0
15019,408,64,0,0
15019,588,65,0,0
15019,590,66,0,0
15019,592,67,0,0
15019,594,68,0,0
15019,9120,69,0,0
15019,190009037,70,1,1
15029,190009037,1,0,0
15029,9043,2,0,0
15029,539,3,0,0
15029,685,4,0,0
15029,809,5,0,0
15029,810,6,0,0
15029,542,7,0,0
15029,687,8,0,0
15029,569,9,0,0
15029,565,10,0,0
15029,563,11,0,0
15029,564,12,0,0
15029,571,13,0,0
15029,570,14,0,0
15029,576,15,0,0
15029,578,16,0,0
15029,579,17,0,0
15029,580,18,0,0
15029,581,19,0,0
15029,575,20,0,0
15029,562,21,0,0
15029,560,22,0,0
15029,9007,23,0,0
15029,9159,24,0,0
15029,190002074,25,0,0
15029,9157,26,0,0
15029,610,27,0,0
15029,609,28,0,0
15029,598,29,0,0
15029,553,30,0,0
15029,628,31,0,0
15029,737,32,0,0
15029,9090,33,0,0
15029,4,34,0,0
15029,3,35,0,0
15029,2,36,0,0
15029,1,37,0,0
15029,681,38,0,0
15029,600,39,0,0
15029,599,40,0,0
15029,15,41,0,0
15029,16,42,0,0
15029,190000028,43,0,0
15029,17,44,0,0
15029,105,45,0,0
15029,14,46,0,0
15029,13,47,0,0
15029,12,48,0,0
15029,679,49,0,0
15029,625,50,0,0
15029,624,51,0,0
15029,623,52,0,0
15029,622,53,0,0
15029,621,54,0,0
15029,604,55,0,0
15029,603,56,0,0
15029,602,57,0,0
15029,675,58,0,0
15029,601,59,0,0
15029,671,60,0,0
15029,190002003,61,0,0
15029,3051,62,0,0
15029,9182,63,0,0
15029,656,64,0,0
15029,658,65,0,0
15029,654,66,0,0
15029,652,67,0,0
15029,643,68,0,0
15029,190000693,69,0,0
15029,743,70,0,0
15029,457,71,0,0
15029,75,72,0,0
15029,9078,73,0,0
15029,647,74,0,0
15029,854,75,0,0
15029,648,76,0,0
15029,651,77,0,0
15029,190002083,78,1,1
16019,190002070,1,0,0
16019,461,2,0,0
16019,190000451,3,0,0
16019,855,4,0,0
16019,450,5,0,0
16019,447,6,0,0
16019,9083,7,0,0
16019,2056,8,0,0
16019,190009047,9,0,0
16019,9339,10,0,0
16019,190000503,11,0,0
16019,2052,12,0,0
16019,367,13,0,0
16019,369,14,0,0
16019,372,15,0,0
16019,243,16,0,0
16019,242,17,0,0
16019,241,18,0,0
16019,240,19,0,0
16019,238,20,0,0
16019,9229,21,0,0
16019,3038,22,0,0
16019,832,23,1,1
16019,746,24,0,0
16019,190009056,25,1,1
16029,832,1,0,0
16029,9242,2,0,0
16029,237,3,0,0
16029,239,4,0,0
16029,860,5,0,0
16029,861,6,0,0
16029,863,7,0,0
16029,9155,8,0,0
16029,762,9,0,0
16029,368,10,0,0
16029,366,11,0,0
16029,190000502,12,0,0
16029,9340,13,0,0
16029,190009046,14,0,0
16029,489,15,0,0
16029,445,16,0,0
16029,448,17,0,0
16029,449,18,0,0
16029,454,19,0,0
16029,190000800,20,0,0
16029,452,21,0,0
16029,464,22,0,0
16029,190002070,23,1,1
19019,190002083,1,0,0
19019,77,2,0,0
19019,649,3,0,0
19019,9105,4,0,0
19019,9106,5,0,0
19019,9107,6,0,0
19019,9109,7,0,0
19019,9112,8,0,0
19019,9122,9,0,0
19019,9123,10,0,0
19019,9124,11,0,0
19019,9125,12,0,0
19019,9114,13,0,0
19019,9115,14,0,0
19019,9117,15,0,0
19019,9118,16,0,0
19019,9126,17,0,0
19019,854,18,0,0
19019,648,19,0,0
19019,651,20,0,0
22019,190009056,1,0,0
22019,2018,2,0,0
22019,202,3,0,0
22019,9199,4,0,0
22019,2016,5,0,0
22019,9200,6,0,0
22019,179,7,0,0
22019,189,8,0,0
22019,2015,9,0,0
22019,3042,10,0,0
22019,3034,11,0,0
22019,9241,12,0,0
22019,683,13,0,0
22019,814,14,0,0
22019,752,15,0,0
22019,9239,16,0,0
22019,190002080,17,1,1
22029,190002080,1,0,0
22029,9234,2,0,0
22029,699,3,0,0
22029,700,4,0,0
22029,65,5,0,0
22029,2012,6,0,0
22029,190000139,7,0,0
22029,3036,8,0,0
22029,9341,9,0,0
22029,212,10,0,0
22029,188,11,0,0
22029,57,12,0,0
22029,9319,13,0,0
22029,9320,14,0,0
22029,9198,15,0,0
22029,9121,16,0,0
22029,203,17,0,0
22029,832,18,1,1
31019,190002070,1,0,0
31019,464,2,0,0
31019,465,3,0,0
31019,843,4,0,0
31019,505,5,0,0
31019,2067,6,0,0
31019,2066,7,0,0
31019,2064,8,0,0
31019,2062,9,0,0
31019,2061,10,0,0
31019,2060,11,0,0
31019,2008,12,0,0
31019,190000502,13,0,0
31019,2052,14,0,0
31019,367,15,0,0
31019,369,16,0,0
31019,9144,17,0,0
31019,9145,18,0,0
31019,9146,19,0,0
31019,2029,20,0,0
31019,254,21,0,0
31019,9097,22,0,0
31019,2030,23,0,0
31019,262,24,0,0
31019,265,25,0,0
31019,3027,26,0,0
31019,9147,27,0,0
31019,9148,28,0,0
31019,310,29,0,0
31019,312,30,0,0
31019,313,31,0,0
31019,315,32,0,0
31019,321,33,0,0
31019,323,34,0,0
31019,425,35,0,0
31019,422,36,0,0
31019,421,37,0,0
31019,190000411,38,0,0
31019,414,39,0,0
31019,190009040,40,0,0
31019,3067,41,0,0
31019,458,42,0,0
31019,9163,43,0,0
31019,190009149,44,1,1
32019,190009149,1,0,0
32019,2069,2,0,0
32019,2068,3,0,0
32019,3068,4,0,0
32019,190000413,5,0,0
32019,415,6,0,0
32019,190000417,7,0,0
32019,423,8,0,0
32019,424,9,0,0
32019,324,10,0,0
32019,322,11,0,0
32019,316,12,0,0
32019,314,13,0,0
32019,311,14,0,0
32019,309,15,0,0
32019,9160,16,0,0
32019,9151,17,0,0
32019,9093,18,0,0
32019,261,19,0,0
32019,259,20,0,0
32019,257,21,0,0
32019,253,22,0,0
32019,252,23,0,0
32019,9152,24,0,0
32019,9153,25,0,0
32019,9154,26,0,0
32019,9155,27,0,0
32019,762,28,0,0
32019,368,29,0,0
32019,366,30,0,0
32019,190000503,31,0,0
32019,111,32,0,0
32019,1017,33,0,0
32019,509,34,0,0
32019,2063,35,0,0
32019,2065,36,0,0
32019,507,37,0,0
32019,504,38,0,0
32019,9337,39,0,0
32019,9181,40,0,0
32019,467,41,0,0
32019,190002070,42,1,1
60019,190009227,1,0,0
60019,745,2,0,0
60019,3042,3,0,0
60019,3034,4,0,0
60019,134,5,0,0
60019,132,6,0,0
60019,9171,7,0,0
60019,9172,8,1,1
60029,190000126,1,0,0
60029,9096,2,0,0
60029,9174,3,0,0
60029,9225,4,0,0
60029,9226,5,0,0
60029,3036,6,0,0
60029,9341,7,0,0
60029,832,8,0,0
60029,9215,9,0,0
60029,190009227,10,1,1
501019,190002077,1,0,0
501019,190002076,2,0,0
501019,41,3,0,0
501019,190000399,4,0,0
501019,190000044,5,0,0
501019,9165,6,0,0
501019,190009042,7,0,0
501019,367,8,0,0
501019,369,9,0,0
501019,283,10,0,0
501019,190000272,11,0,0
501019,190002039,12,1,1
501029,190002039,1,0,0
501029,190000427,2,0,0
501029,190000411,3,0,0
501029,190009040,4,0,0
501029,190009038,5,0,0
501029,521,6,0,0
501029,190000524,7,0,0
501029,190009036,8,0,0
501029,9128,9,0,0
501029,9130,10,0,0
501029,190009032,11,0,0
501029,190009030,12,0,0
501029,190002003,13,0,0
501029,9182,14,0,0
501029,9057,15,0,0
501029,190002077,16,1,1
502019,190002037,1,0,0
502019,190000292,2,0,0
502019,353,3,0,0
502019,349,4,0,0
502019,330,5,0,0
502019,190009041,6,0,0
502019,9164,7,0,0
502019,190000043,8,0,0
502019,190000400,9,0,0
502019,402,10,0,0
502019,190000584,11,0,0
502019,190002078,12,0,0
502019,739,13,0,0
502019,190000090,14,0,0
502019,190009015,15,0,0
502019,190009031,16,0,0
502019,190009033,17,0,0
502019,9129,18,0,0
502019,9120,19,0,0
502019,190009037,20,0,0
502019,190000033,21,0,0
502019,2072,22,0,0
502019,190009039,23,0,0
502019,190000413,24,0,0
502019,190000417,25,0,0
502019,190000426,26,0,0
502029,190002037,1,0,0
502029,190000292,2,0,0
502029,353,3,0,0
502029,349,4,0,0
502029,330,5,0,0
502029,190009041,6,0,0
502029,9164,7,0,0
502029,190000043,8,0,0
502029,190000400,9,0,0
502029,402,10,0,0
502029,190000584,11,0,0
502029,190002078,12,0,0
502029,739,13,0,0
502029,190000090,14,0,0
502029,190009015,15,0,0
502029,190009031,16,0,0
502029,190009033,17,0,0
502029,9129,18,0,0
502029,9120,19,0,0
502029,190009037,20,0,0
502029,190000033,21,0,0
502029,2072,22,0,0
502029,190009039,23,0,0
502029,190000413,24,0,0
502029,190000417,25,0,0
502029,190000426,26,0,0
601019,814,1,0,0
601019,752,2,0,0
601019,9239,3,0,0
601019,190002080,4,0,0
601019,9234,5,0,0
601019,699,6,0,0
601019,700,7,0,0
601019,65,8,0,0
601019,2012,9,0,0
601019,190000139,10,0,0
601019,134,11,0,0
601019,132,12,0,0
601019,9171,13,0,0
601019,9172,14,0,0
601019,2010,15,0,0
601019,190000127,16,0,0
601019,266,17,0,0
601019,190002039,18,0,0
601019,190000426,19,1,1
602019,190000426,1,0,0
602019,190002038,2,0,0
602019,3027,3,0,0
602019,190000126,4,0,0
602019,79,5,0,0
602019,9096,6,0,0
602019,9174,7,0,0
602019,9225,8,0,0
602019,9226,9,0,0
602019,190009205,10,0,0
602019,9206,11,0,0
602019,9221,12,0,0
602019,9207,13,0,0
602019,9173,14,0,0
602019,9241,15,0,0
602019,683,16,0,0
602019,814,17,0,0
602019,752,18,0,0
602019,9239,19,0,0
602019,190002080,20,1,1
701019,190009227,1,0,0
701019,745,2,0,0
701019,9242,3,0,0
701019,2001,4,0,0
701019,235,5,0,0
701019,190002028,6,0,0
701019,283,7,0,0
701019,190000272,8,0,0
701019,190002036,9,0,0
701019,190000292,10,0,0
701019,353,11,0,0
701019,349,12,0,0
701019,345,13,0,0
701019,9217,14,0,0
701019,325,15,0,0
701019,190009217,16,0,0
701019,1017,17,0,0
701019,9343,18,0,0
701019,510,19,0,0
701019,763,20,0,0
701019,9030,21,0,0
701019,526,22,0,0
701019,734,23,0,0
701019,528,24,0,0
701019,9157,25,0,0
701019,612,26,0,0
701019,617,27,0,0
701019,190002079,28,1,1
701019,190002037,29,1,1
701019,190002039,30,1,1
702019,190002035,1,0,0
702019,190000292,2,0,0
702019,284,3,0,0
702019,190000231,4,0,0
702019,234,5,0,0
702019,9229,6,0,0
702019,3038,7,0,0
702019,832,8,0,0
702019,9215,9,0,0
702019,190009227,10,1,1
702029,190002079,1,0,0
702029,616,2,0,0
702029,9208,3,0,0
702029,9228,4,0,0
702029,190009209,5,0,0
702029,527,6,0,0
702029,733,7,0,0
702029,806,8,0,0
702029,807,9,0,0
702029,511,10,0,0
702029,2060,11,0,0
702029,190009210,12,0,0
702029,327,13,0,0
702029,9211,14,0,0
702029,346,15,0,0
702029,350,16,0,0
702029,352,17,0,0
702029,9212,18,0,0
702029,190002035,19,1,1
702029,190002040,20,1,1
702029,190002036,21,1,1
801019,970000,1,0,0
801019,9237,2,0,0
801019,172,3,0,0
801019,179,4,0,0
801019,2022,5,0,0
801019,224,6,0,0
801019,54,7,0,0
801019,254,8,0,0
801019,9240,9,0,0
801019,190002039,10,0,0
801019,190002036,11,1,1
802019,190002040,1,0,0
802019,2031,2,0,0
802019,253,3,0,0
802019,230,4,0,0
802019,223,5,0,0
802019,213,6,0,0
802019,57,7,0,0
802019,9238,8,0,0
802019,148,9,0,0
802019,970000,10,1,1
10019019,9310,1,0,0
10019019,9311,2,0,0
10019019,9312,3,0,0
10019019,9314,4,0,0
10019019,9125,5,0,0
10019019,9114,6,0,0
10019019,9115,7,0,0
10019019,9117,8,0,0
10019019,9118,9,0,0
10019019,9126,10,0,0
10019019,854,11,0,0
10019019,648,12,0,0
10019019,651,13,0,0
10019019,190002083,14,1,1
10019029,190002083,1,0,0
10019029,799,2,0,0
10019029,77,3,0,0
10019029,649,4,0,0
10019029,9105,5,0,0
10019029,9106,6,0,0
10019029,9107,7,0,0
10019029,9109,8,0,0
10019029,9112,9,0,0
10019029,9122,10,0,0
10019029,9123,11,0,0
10019029,9124,12,0,0
10019029,9318,13,0,0
10019029,9307,14,0,0
10019029,9308,15,0,0
10019029,9310,16,1,1
10090019,12200018,1,0,0
10090019,12200005,2,0,0
10090019,9162,3,0,0
10090019,774,4,0,0
10090019,775,5,0,0
10090019,776,6,0,0
10090019,190002074,7,1,1
10090029,190002074,1,0,0
10090029,778,2,0,0
10090029,805,3,0,0
10090029,779,4,0,0
10090029,9162,5,0,0
10090029,12200004,6,0,0
10090029,12200018,7,1,1
20090019,12200015,1,0,0
20090019,12200014,2,0,0
20090019,12200007,3,0,0
20090019,12200009,4,0,0
20090019,12200011,5,0,0
20090019,12200016,6,0,0
20090019,12200017,7,0,0
20090019,12200010,8,0,0
20090019,771,9,0,0
20090019,774,10,0,0
20090019,775,11,0,0
20090019,873,12,0,0
20090019,9162,13,1,1
20090029,9162,1,0,0
20090029,9169,2,0,0
20090029,805,3,0,0
20090029,779,4,0,0
20090029,190009088,5,0,0
20090029,12200010,6,0,0
20090029,12200017,7,0,0
20090029,12200016,8,0,0
20090029,12200011,9,0,0
20090029,12200008,10,0,0
20090029,12200006,11,0,0
20090029,12200015,12,1,1
14000001019,649,1,0,0
14000001019,822,2,0,0
14000001019,824,3,0,0
14000001019,744,4,0,0
14000001019,190002076,5,0,0
14000001019,41,6,0,0
14000001019,190000399,7,0,0
14000001019,397,8,0,0
14000001019,190000044,9,0,0
14000001019,378,10,0,0
14000001019,9165,11,0,0
14000001019,761,12,0,0
14000001019,9340,13,0,0
14000001019,190009046,14,0,0
14000001019,488,15,0,0
14000001019,467,16,0,0
14000001019,190002070,17,0,0
14000001019,751,18,0,0
14000001019,2069,19,0,0
14000001019,2068,20,0,0
14000001019,455,21,0,0
14000001019,190002009,22,0,0
14000001019,696,23,0,0
14000001019,2043,24,0,0
14000001019,436,25,0,0
14000001019,433,26,0,0
14000001019,9099,27,0,0
14000001019,9100,28,0,0
14000001019,190000426,29,0,0
14000001019,318,30,0,0
14000001019,302,31,0,0
14000001019,300,32,0,0
14000001019,190002037,33,0,0
14000001019,190000292,34,0,0
14000001019,279,35,0,0
14000001019,284,36,0,0
14000001019,285,37,0,0
14000001019,287,38,0,0
14000001019,190000231,39,0,0
14000001019,232,40,0,0
14000001019,233,41,0,0
14000001019,234,42,0,0
14000001019,9229,43,0,0
14000001019,3038,44,0,0
14000001019,832,45,0,0
14000001019,217,46,0,0
14000001019,190009074,47,1,1
14000001029,190009074,1,0,0
14000001029,9076,2,0,0
14000001029,73,3,0,0
14000001029,2021,4,0,0
14000001029,2001,5,0,0
14000001029,235,6,0,0
14000001029,2026,7,0,0
14000001029,70,8,0,0
14000001029,190002028,9,0,0
14000001029,288,10,0,0
14000001029,286,11,0,0
14000001029,283,12,0,0
14000001029,280,13,0,0
14000001029,190000272,14,0,0
14000001029,190002039,15,0,0
14000001029,9342,16,0,0
14000001029,301,17,0,0
14000001029,317,18,0,0
14000001029,190000427,19,0,0
14000001029,9101,20,0,0
14000001029,190002042,21,0,0
14000001029,107,22,0,0
14000001029,437,23,0,0
14000001029,440,24,0,0
14000001029,441,25,0,0
14000001029,190000444,26,0,0
14000001029,456,27,0,0
14000001029,55,28,0,0
14000001029,458,29,0,0
14000001029,459,30,0,0
14000001029,460,31,0,0
14000001029,464,32,0,0
14000001029,190002070,33,0,0
14000001029,465,34,0,0
14000001029,843,35,0,0
14000001029,487,36,0,0
14000001029,190009047,37,0,0
14000001029,9339,38,0,0
14000001029,3049,39,0,0
14000001029,9164,40,0,0
14000001029,9077,41,0,0
14000001029,190000043,42,0,0
14000001029,398,43,0,0
14000001029,190000400,44,0,0
14000001029,402,45,0,0
14000001029,190000584,46,0,0
14000001029,816,47,0,0
14000001029,190002078,48,1,1
14000001029,77,49,0,0
14000001029,649,50,1,1
