11019,'1912',904,,66957,11,,,0,100,,66958,11,,,0,100,,66959,11,,,0,100,,66960,11,,,0,100,,66961,11,,,0,100,,66962,11,,,0,100,,66963,11,,,0,100,,66964,11,,,0,100,,66965,11,,,0,100,,66966,11,,,0,100,,66967,11,,,0,100,,66968,11,,,0
11019,'1959',904,,66969,11,,,0,100,,66970,11,,,0,100,,66971,11,,,0,100,,66972,11,,,0,100,,66973,11,,,0,100,,66974,11,,,0,100,,66975,11,,,0,100,,66976,11,,,0,100,,66977,11,,,0,100,,66978,11,,,0,100,,66979,11,,,0,100,,66980,11,,,0
11019,'1967',704,,71500,11,,,0,100,,66945,11,,,0,100,,74382,11,,,0,100,,71502,11,,,0,100,,71503,11,,,0,100,,71504,11,,,0,100,,71505,11,,,0,100,,71506,11,,,0,100,,71507,11,,,0,100,,71508,11,,,0,100,,71509,11,,,0,100,,66955,11,,,0,100,,66942,11,,,0,100,,66943,11,,,0
11019,'1969',904,,66981,11,,,0,100,,66982,11,,,0,100,,66983,11,,,0,100,,66984,11,,,0,100,,66985,11,,,0,100,,66986,11,,,0,100,,66987,11,,,0,100,,66988,11,,,0,100,,66989,11,,,0,100,,66990,11,,,0,100,,66991,11,,,0,100,,66992,11,,,0
11019,'1976',704,,67009,11,,,0,100,,74374,11,,,0,101,,74375,11,,,0,100,,71488,11,,,0,100,,74376,11,,,0,100,,71490,11,,,0,100,,74377,11,,,0,100,,71492,11,,,0,99,,74378,11,,,0,100,,71494,11,,,0,100,,74379,11,,,0,101,,74380,11,,,0,99,,71496,11,,,0,100,,74381,11,,,0,100,,71498,11,,,0
11019,'1977',704,,75476,11,,,0,100,,75477,11,,,0,101,,75478,11,,,0,100,,75479,11,,,0,100,,75480,11,,,0,100,,75481,11,,,0,100,,75482,11,,,0,100,,75483,11,,,0,99,,75484,11,,,0,100,,75485,11,,,0,100,,75486,11,,,0,101,,75487,11,,,0,99,,75488,11,,,0,100,,75489,11,,,0,100,,75490,11,,,0
32019,'1912',551,,74687,2,,,0,96,,74670,32,,,0,100,,74671,32,,,0,100,,74672,32,,,0,100,,74673,32,,,0,100,,74674,32,,,0,100,,74675,32,,,0,100,,74676,32,,,0,100,,74677,32,,,0,100,,74678,32,,,0,100,,74679,32,,,0,100,,74680,32,,,0,100,,74681,32,,,0,100,,74682,32,,,0,100,,74683,32,,,0,100,,74684,32,,,0,100,,74685,32,,,0,100,,74686,32,,,0
32019,'1959',551,,74780,2,,,0,96,,74763,32,,,0,100,,74764,32,,,0,100,,74765,32,,,0,100,,74766,32,,,0,100,,74767,32,,,0,100,,74768,32,,,0,100,,74769,32,,,0,100,,74770,32,,,0,100,,74771,32,,,0,100,,74772,32,,,0,100,,74773,32,,,0,100,,74774,32,,,0,100,,74775,32,,,0,100,,74776,32,,,0,100,,74777,32,,,0,100,,74778,32,,,0,100,,74779,32,,,0
32019,'1967',521,,74762,2,,,0,30,,74761,2,,,0,70,,74744,2,,,0,26,,74737,32,,,0,70,,74754,32,,,0,30,,74731,32,,,0,70,,74748,32,,,0,30,,74755,32,,,0,70,,74743,32,,,0,30,,74736,32,,,0,70,,74753,32,,,0,30,,74730,32,,,0,70,,74747,32,,,0,30,,74758,32,,,0,70,,74742,32,,,0,30,,74735,32,,,0,70,,74752,32,,,0,30,,74729,32,,,0,70,,74746,32,,,0,30,,74757,32,,,0,70,,74741,32,,,0,30,,74734,32,,,0,70,,74751,32,,,0,30,,74728,32,,,0,70,,74745,32,,,0,30,,74759,32,,,0,70,,74740,32,,,0,30,,74733,32,,,0,70,,74749,32,,,0,30,,74727,32,,,0,70,,74739,2,,,0,30,,74756,32,,,0,70,,74750,2,,,0,30,,74732,32,,,0,70,,74738,2,,,0,30,,74726,32,,,0
32019,'1969',551,,74799,2,,,0,96,,74782,32,,,0,100,,74783,32,,,0,100,,74784,32,,,0,100,,74785,32,,,0,100,,74786,32,,,0,100,,74787,32,,,0,100,,74788,32,,,0,100,,74789,32,,,0,100,,74790,32,,,0,100,,74791,32,,,0,100,,74792,32,,,0,100,,74793,32,,,0,100,,74794,32,,,0,100,,74795,32,,,0,100,,74796,32,,,0,100,,74797,32,,,0,100,,74798,32,,,0
32019,'1976',431,,74724,2,,,0,88,,74725,2,,,0,30,,74723,2,,,0,68,,62575,2,,,0,32,,74697,32,,,0,68,,74713,32,,,0,30,,74692,32,,,0,70,,74708,32,,,0,30,,74718,32,,,0,70,,74702,32,,,0,29,,74700,32,,,0,70,,74712,32,,,0,30,,74690,32,,,0,70,,74706,32,,,0,30,,74717,32,,,0,70,,74704,32,,,0,30,,74699,32,,,0,70,,74711,32,,,0,30,,74693,32,,,0,70,,74705,32,,,0,31,,74716,32,,,0,70,,74703,32,,,0,30,,74696,32,,,0,70,,74710,32,,,0,30,,74689,32,,,0,70,,74707,32,,,0,29,,74715,32,,,0,71,,74701,32,,,0,30,,74698,32,,,0,70,,74709,32,,,0,30,,74694,32,,,0,70,,74719,2,,,0,30,,74714,32,,,0,70,,74721,2,,,0,30,,74695,32,,,0,70,,74720,2,,,0,30,,74691,32,,,0
32019,'1977',431,,75877,2,,,0,88,,75878,2,,,0,30,,75876,2,,,0,68,,75874,2,,,0,32,,75849,32,,,0,68,,75865,32,,,0,30,,75844,32,,,0,70,,75860,32,,,0,30,,75870,32,,,0,70,,75854,32,,,0,29,,75852,32,,,0,70,,75864,32,,,0,30,,75842,32,,,0,70,,75858,32,,,0,30,,75869,32,,,0,70,,75856,32,,,0,30,,75851,32,,,0,70,,75863,32,,,0,30,,75845,32,,,0,70,,75857,32,,,0,31,,75868,32,,,0,70,,75855,32,,,0,30,,75848,32,,,0,70,,75862,32,,,0,30,,75841,32,,,0,70,,75859,32,,,0,29,,75867,32,,,0,71,,75853,32,,,0,30,,75850,32,,,0,70,,75861,32,,,0,30,,75846,32,,,0,70,,75871,2,,,0,30,,75866,32,,,0,70,,75873,2,,,0,30,,75847,32,,,0,70,,75872,2,,,0,30,,75843,32,,,0
