1019,'1838',604,,34814,6,,,0,100,,34815,6,,,0,100,,34816,6,,,0,100,,34817,6,,,0,100,,34818,6,,,0,100,,34819,6,,,0,100,,34820,6,,,0,100,,34821,6,,,0,100,,34822,6,,,0,100,,34823,6,,,0,100,,34824,6,,,0,100,,34825,6,,,0,100,,34826,6,,,0,100,,34827,6,,,0,100,,34828,6,,,0,100,,34829,6,,,0,100,,34830,6,,,0,100,,34831,6,,,0
1019,'1867',604,,34939,6,,,0,100,,34940,6,,,0,100,,34941,6,,,0,100,,34942,6,,,0,100,,34943,6,,,0,100,,34944,6,,,0,100,,34945,6,,,0,100,,34946,6,,,0,100,,34947,6,,,0,100,,34948,6,,,0,100,,34949,6,,,0,100,,34950,6,,,0,100,,34951,6,,,0,100,,34952,6,,,0,100,,34953,6,,,0,100,,34954,6,,,0,100,,34955,6,,,0,100,,34956,6,,,0
1019,'1892',534,,42047,6,,,0,70,,42070,6,,,0,30,,42045,6,,,0,100,,42059,6,,,0,71,,42042,6,,,0,30,,43975,6,,,0,70,,42073,6,,,0,30,,42044,6,,,0,70,,42038,6,,,0,30,,42058,6,,,0,70,,42043,6,,,0,30,,43976,6,,,0,70,,42069,6,,,0,30,,42046,6,,,0,100,,42071,6,,,0,70,,42041,6,,,0,30,,43977,6,,,0,70,,42068,6,,,0,30,,42061,6,,,0,70,,42053,6,,,0,30,,42051,6,,,0,70,,42054,6,,,0,30,,43978,6,,,0,70,,42055,6,,,0,29,,42052,6,,,0,70,,42072,6,,,0,30,,42066,6,,,0,70,,42067,6,,,0,30,,42065,6,,,0,70,,42064,6,,,0,30,,42063,6,,,0,70,,42062,6,,,0,30,,42060,6,,,0,70,,42057,6,,,0
1019,'1896',704,,48525,6,,,0,601,,48524,6,,,0
1019,'1897',534,,48535,6,,,0,70,,48558,6,,,0,30,,48533,6,,,0,70,,48528,6,,,0,30,,48547,6,,,0,71,,48530,6,,,0,30,,48536,6,,,0,70,,48561,6,,,0,30,,48532,6,,,0,70,,48526,6,,,0,30,,48546,6,,,0,70,,48531,6,,,0,30,,48537,6,,,0,70,,48557,6,,,0,30,,48534,6,,,0,70,,48527,6,,,0,30,,48559,6,,,0,70,,48529,6,,,0,30,,48538,6,,,0,70,,48556,6,,,0,30,,48549,6,,,0,70,,48541,6,,,0,30,,48539,6,,,0,70,,48542,6,,,0,30,,48544,6,,,0,70,,48543,6,,,0,29,,48540,6,,,0,70,,48560,6,,,0,30,,48554,6,,,0,70,,48555,6,,,0,30,,48553,6,,,0,70,,48552,6,,,0,30,,48551,6,,,0,70,,48550,6,,,0,30,,48548,6,,,0,70,,48545,6,,,0
1019,'1898',534,,48573,6,,,0,70,,48587,6,,,0,30,,48572,6,,,0,70,,48592,6,,,0,30,,48582,6,,,0,70,,48566,6,,,0,30,,48588,6,,,0,70,,48590,6,,,0,30,,48571,6,,,0,70,,48593,6,,,0,30,,48581,6,,,0,70,,48565,6,,,0,30,,48576,6,,,0,70,,48586,6,,,0,30,,48570,6,,,0,70,,48594,6,,,0,30,,48580,6,,,0,70,,48564,6,,,0,30,,48575,6,,,0,70,,48585,6,,,0,30,,48569,6,,,0,70,,48595,6,,,0,30,,48579,6,,,0,70,,48563,6,,,0,30,,48574,6,,,0,70,,48584,6,,,0,30,,48567,6,,,0,70,,48596,6,,,0,30,,48577,6,,,0,70,,48562,6,,,0,30,,48568,6,,,0,70,,48583,6,,,0,30,,48578,6,,,0,70,,48597,6,,,0,30,,48591,6,,,0,70,,48589,6,,,0
2019,'1838',649,,35124,15,,,0,70,,35101,15,,,0,30,,35105,15,,,0,70,,35117,15,,,0,30,,35112,15,,,0,70,,35102,15,,,0,30,,35106,15,,,0,70,,35118,15,,,0,30,,35113,15,,,0,70,,35103,15,,,0,30,,35107,15,,,0,70,,35119,15,,,0,30,,35114,15,,,0,70,,35104,15,,,0,30,,35108,15,,,0,70,,35120,15,,,0,30,,35115,15,,,0,70,,35099,15,,,0,30,,35109,15,,,0,70,,35121,15,,,0,30,,35116,15,,,0,70,,35097,15,,,0,30,,35110,15,,,0,70,,35122,15,,,0,100,,35098,15,,,0,100,,35123,15,,,0,100,,35100,15,,,0,100,,35111,15,,,0,99,,35125,15,,,0
2019,'1867',649,,35217,15,,,0,70,,35194,15,,,0,30,,35198,15,,,0,70,,35210,15,,,0,30,,35205,15,,,0,70,,35195,15,,,0,30,,35199,15,,,0,70,,35211,15,,,0,30,,35206,15,,,0,70,,35196,15,,,0,30,,35200,15,,,0,70,,35212,15,,,0,30,,35207,15,,,0,70,,35197,15,,,0,30,,35201,15,,,0,70,,35213,15,,,0,30,,35208,15,,,0,70,,35192,15,,,0,30,,35202,15,,,0,70,,35214,15,,,0,30,,35209,15,,,0,70,,35190,15,,,0,30,,35203,15,,,0,70,,35215,15,,,0,100,,35191,15,,,0,100,,35216,15,,,0,100,,35193,15,,,0,100,,35204,15,,,0,99,,35218,15,,,0
2019,'1892',444,,43997,6,0,5 2 13 14,0,175,,35127,15,,,0,30,,35128,15,,,0,70,,35129,15,,,0,30,,35130,15,,,0,71,,35131,15,,,0,29,,35132,15,,,0,70,,35133,15,,,0,30,,35134,15,,,0,70,,35135,15,,,0,30,,35136,15,,,0,70,,35137,15,,,0,30,,35138,15,,,0,70,,35139,15,,,0,30,,35140,15,,,0,70,,35141,15,,,0,30,,35142,15,,,0,70,,35143,15,,,0,30,,35144,15,,,0,70,,35145,15,,,0,30,,35146,15,,,0,70,,35147,15,,,0,30,,35148,15,,,0,70,,35149,15,,,0,30,,35150,15,,,0,70,,35151,15,,,0,30,,35157,15,,,0,70,,35152,15,,,0,100,,35153,15,,,0,100,,35154,15,,,0,100,,35155,15,,,0,100,,35156,15,,,0
2019,'1897',444,,48670,6,0,5 2 13 14,0,175,,48690,15,,,0,30,,48694,15,,,0,68,,48674,15,,,0,32,,48678,15,,,0,70,,48682,15,,,0,30,,48686,15,,,0,70,,48700,15,,,0,30,,48673,15,,,0,70,,48677,15,,,0,30,,48681,15,,,0,70,,48685,15,,,0,30,,48689,15,,,0,70,,48693,15,,,0,30,,48696,15,,,0,70,,48698,15,,,0,30,,48688,15,,,0,70,,48692,15,,,0,30,,48701,15,,,0,70,,48676,15,,,0,30,,48680,15,,,0,70,,48684,15,,,0,28,,48672,15,,,0,72,,48671,15,,,0,30,,48675,15,,,0,70,,48679,15,,,0,30,,48683,15,,,0,70,,48699,15,,,0,100,,48687,15,,,0,100,,48691,15,,,0,100,,48695,15,,,0,100,,48697,15,,,0
2019,'1898',619,,48702,6,,,0,30,,48709,15,,,0,70,,48718,15,,,0,30,,48725,15,,,0,70,,48703,15,,,0,30,,48710,15,,,0,70,,48719,15,,,0,30,,48726,15,,,0,70,,48704,15,,,0,30,,48711,15,,,0,70,,48720,15,,,0,30,,48727,15,,,0,70,,48705,15,,,0,30,,48712,15,,,0,70,,48721,15,,,0,30,,48728,15,,,0,70,,48706,15,,,0,30,,48713,15,,,0,70,,48722,15,,,0,30,,48729,15,,,0,70,,48707,15,,,0,30,,48714,15,,,0,70,,48723,15,,,0,30,,48730,15,,,0,70,,48708,15,,,0,30,,48715,15,,,0,70,,48724,15,,,0,100,,48716,15,,,0,100,,48731,15,,,0,100,,48717,15,,,0,100,,48732,15,,,0
14000001019,'1838',2414,,48465,22,,,0,30,,48464,22,,,0,70,,41972,22,,,0,30,,48466,22,,,0,70,,48463,22,,,0
14000001019,'1867',2414,,48477,22,,,0,30,,48476,22,,,0,70,,41993,22,,,0,30,,48478,22,,,0,70,,48475,22,,,0
14000001019,'1892',2414,,48470,22,,,0,100,,41985,22,,,0,30,,48469,22,,,0
14000001019,'1896',2444,,51496,22,,,0,170,,51495,22,,,0
14000001019,'1897',2414,,51500,22,,,0,30,,51497,22,,,0,70,,51501,22,,,0,30,,51499,22,,,0,70,,51498,22,,,0
14000001019,'1898',2414,,51508,22,,,0,30,,51509,22,,,0,70,,51510,22,,,0,30,,51511,22,,,0,70,,51506,22,,,0
