31019,'1912',618,,74568,32,4,,0,90,,74551,44,4,,0,101,,74552,44,4,,0,101,,74553,44,4,,0,100,,74554,44,4,,0,100,,74555,44,4,,0,101,,74556,44,4,,0,100,,74557,44,4,,0,100,,74558,44,4,,0,100,,74559,44,4,,0,100,,74560,44,4,,0,100,,74561,44,4,,0,100,,74562,44,4,,0,100,,74563,44,4,,0,99,,74564,44,4,,0,100,,74565,44,4,,0,99,,74566,44,4,,0,99,,74567,44,4,,0
31019,'1965',815,,62420,44,4,,0,30,,62403,44,4,,0,169,,62395,44,4,,0,30,,62408,44,4,,0,70,,62419,44,4,,0,130,,62413,44,4,,0,70,,62394,44,4,,0,30,,62409,44,4,,0,172,,62398,44,4,,0,103,,62396,44,4,,0,98,,62417,44,4,,0,292,,72076,44,4,,0
31019,'1966',617,,72116,32,4,,0,26,,72109,32,4,,0,64,,72086,44,4,,0,30,,72102,44,4,,0,70,,72115,44,4,,0,30,,72098,44,4,,0,71,,72092,44,4,,0,31,,72108,44,4,,0,70,,72085,44,4,,0,30,,72101,44,4,,0,70,,72110,44,4,,0,30,,72097,44,4,,0,71,,72091,44,4,,0,32,,72107,44,4,,0,70,,72084,44,4,,0,30,,72100,44,4,,0,70,,72113,44,4,,0,30,,72096,44,4,,0,70,,72090,44,4,,0,30,,72106,44,4,,0,70,,72083,44,4,,0,30,,72099,44,4,,0,70,,72112,44,4,,0,30,,72095,44,4,,0,69,,72089,44,4,,0,30,,72105,44,4,,0,70,,72082,44,4,,0,28,,72117,44,4,,0,70,,72111,44,4,,0,99,,72088,44,4,,0,100,,72081,44,4,,0,100,,72114,44,4,,0
31019,'1968',618,,62521,32,4,,0,90,,62504,44,4,,0,101,,62505,44,4,,0,101,,62506,44,4,,0,100,,62507,44,4,,0,100,,62508,44,4,,0,101,,62509,44,4,,0,100,,62510,44,4,,0,100,,62511,44,4,,0,100,,62512,44,4,,0,100,,62513,44,4,,0,100,,62514,44,4,,0,100,,62515,44,4,,0,100,,62516,44,4,,0,99,,62517,44,4,,0,100,,62518,44,4,,0,99,,62519,44,4,,0,99,,62520,44,4,,0
31019,'1970',618,,74593,32,4,,0,26,,74588,32,4,,0,66,,74570,44,4,,0,35,,74580,44,4,,0,170,,74574,44,4,,0,29,,74584,44,4,,0,200,,74579,44,4,,0,70,,74575,44,4,,0,201,,74586,44,4,,0,30,,74577,44,4,,0,104,,74583,44,4,,0,100,,74581,44,4,,0,94,,74578,44,4,,0,69,,74573,44,4,,0,30,,74582,44,4,,0,70,,74571,44,4,,0,30,,74594,44,4,,0,167,,74576,44,4,,0,100,,74572,44,4,,0,100,,74585,44,4,,0
31019,'1971',617,,74630,32,4,,0,26,,74623,32,4,,0,64,,74600,44,4,,0,30,,74616,44,4,,0,70,,74629,44,4,,0,30,,74612,44,4,,0,71,,74606,44,4,,0,31,,74622,44,4,,0,70,,74599,44,4,,0,30,,74615,44,4,,0,70,,74624,44,4,,0,30,,74611,44,4,,0,71,,74605,44,4,,0,32,,74621,44,4,,0,70,,74598,44,4,,0,30,,74614,44,4,,0,70,,74627,44,4,,0,30,,74610,44,4,,0,70,,74604,44,4,,0,30,,74620,44,4,,0,70,,74597,44,4,,0,30,,74613,44,4,,0,70,,74626,44,4,,0,30,,74609,44,4,,0,69,,74603,44,4,,0,30,,74619,44,4,,0,70,,74596,44,4,,0,28,,74631,44,4,,0,70,,74625,44,4,,0,99,,74602,44,4,,0,100,,74595,44,4,,0,100,,74628,44,4,,0
31019,'1972',618,,74649,32,4,,0,90,,74632,44,4,,0,101,,74633,44,4,,0,101,,74634,44,4,,0,100,,74635,44,4,,0,100,,74636,44,4,,0,101,,74637,44,4,,0,100,,74638,44,4,,0,100,,74639,44,4,,0,100,,74640,44,4,,0,100,,74641,44,4,,0,100,,74642,44,4,,0,100,,74643,44,4,,0,100,,74644,44,4,,0,99,,74645,44,4,,0,100,,74646,44,4,,0,99,,74647,44,4,,0,99,,74648,44,4,,0
31019,'1973',618,,74668,32,4,,0,90,,74651,44,4,,0,101,,74652,44,4,,0,101,,74653,44,4,,0,100,,74654,44,4,,0,100,,74655,44,4,,0,101,,74656,44,4,,0,100,,74657,44,4,,0,100,,74658,44,4,,0,100,,74659,44,4,,0,100,,74660,44,4,,0,100,,74661,44,4,,0,100,,74662,44,4,,0,100,,74663,44,4,,0,99,,74664,44,4,,0,100,,74665,44,4,,0,99,,74666,44,4,,0,99,,74667,44,4,,0
32019,'1912',620,,74670,1,,,0,95,,74671,1,,,0,100,,74672,1,,,0,100,,74673,1,,,0,100,,74674,1,,,0,100,,74675,1,,,0,100,,74676,1,,,0,100,,74677,1,,,0,100,,74678,1,,,0,100,,74679,1,,,0,100,,74680,1,,,0,100,,74681,1,,,0,100,,74682,1,,,0,100,,74683,1,,,0,100,,74684,1,,,0,100,,74685,1,,,0,100,,74686,1,,,0,95,,74688,1,0,5 2 8 7,0
32019,'1966',620,,72143,1,,,0,25,,72160,1,,,0,70,,72137,1,,,0,30,,72154,1,,,0,70,,72161,1,,,0,30,,72149,1,,,0,70,,72142,1,,,0,30,,72159,1,,,0,70,,72136,1,,,0,30,,72153,1,,,0,70,,72164,1,,,0,30,,72148,1,,,0,70,,72141,1,,,0,30,,72158,1,,,0,70,,72135,1,,,0,30,,72152,1,,,0,70,,72163,1,,,0,30,,72147,1,,,0,70,,72140,1,,,0,30,,72157,1,,,0,70,,72134,1,,,0,30,,72151,1,,,0,70,,72165,1,,,0,30,,72146,1,,,0,70,,72139,1,,,0,30,,72155,1,,,0,70,,72133,1,,,0,100,,72162,1,,,0,100,,72138,1,,,0,100,,72132,1,,,0,100,,72166,1,0,5 2 8 7,0
32019,'1968',620,,62655,1,,,0,95,,62656,1,,,0,100,,62657,1,,,0,100,,62658,1,,,0,100,,62659,1,,,0,100,,62660,1,,,0,100,,62661,1,,,0,100,,62662,1,,,0,100,,62663,1,,,0,100,,62664,1,,,0,100,,62665,1,,,0,100,,62666,1,,,0,100,,62667,1,,,0,100,,62668,1,,,0,100,,62669,1,,,0,100,,62670,1,,,0,100,,62671,1,,,0,95,,62673,1,0,5 2 8 7,0
32019,'1970',620,,74697,1,,,0,26,,74713,1,,,0,69,,74692,1,,,0,30,,74708,1,,,0,70,,74718,1,,,0,30,,74702,1,,,0,70,,74700,1,,,0,30,,74712,1,,,0,70,,74690,1,,,0,30,,74706,1,,,0,70,,74717,1,,,0,30,,74704,1,,,0,70,,74699,1,,,0,30,,74711,1,,,0,70,,74693,1,,,0,30,,74705,1,,,0,67,,74716,1,,,0,27,,74703,1,,,0,70,,74696,1,,,0,30,,74710,1,,,0,70,,74689,1,,,0,30,,74707,1,,,0,73,,74715,1,,,0,33,,74701,1,,,0,70,,74698,1,,,0,30,,74709,1,,,0,70,,74694,1,,,0,100,,74714,1,,,0,100,,74695,1,,,0,100,,74691,1,,,0,95,,74722,1,0,5 2 8 7,0
32019,'1971',620,,74737,1,,,0,25,,74754,1,,,0,70,,74731,1,,,0,30,,74748,1,,,0,70,,74755,1,,,0,30,,74743,1,,,0,70,,74736,1,,,0,30,,74753,1,,,0,70,,74730,1,,,0,30,,74747,1,,,0,70,,74758,1,,,0,30,,74742,1,,,0,70,,74735,1,,,0,30,,74752,1,,,0,70,,74729,1,,,0,30,,74746,1,,,0,70,,74757,1,,,0,30,,74741,1,,,0,70,,74734,1,,,0,30,,74751,1,,,0,70,,74728,1,,,0,30,,74745,1,,,0,70,,74759,1,,,0,30,,74740,1,,,0,70,,74733,1,,,0,30,,74749,1,,,0,70,,74727,1,,,0,100,,74756,1,,,0,100,,74732,1,,,0,100,,74726,1,,,0,100,,74760,1,0,5 2 8 7,0
32019,'1972',620,,74763,1,,,0,95,,74764,1,,,0,100,,74765,1,,,0,100,,74766,1,,,0,100,,74767,1,,,0,100,,74768,1,,,0,100,,74769,1,,,0,100,,74770,1,,,0,100,,74771,1,,,0,100,,74772,1,,,0,100,,74773,1,,,0,100,,74774,1,,,0,100,,74775,1,,,0,100,,74776,1,,,0,100,,74777,1,,,0,100,,74778,1,,,0,100,,74779,1,,,0,95,,74781,1,0,5 2 8 7,0
32019,'1973',620,,74782,1,,,0,95,,74783,1,,,0,100,,74784,1,,,0,100,,74785,1,,,0,100,,74786,1,,,0,100,,74787,1,,,0,100,,74788,1,,,0,100,,74789,1,,,0,100,,74790,1,,,0,100,,74791,1,,,0,100,,74792,1,,,0,100,,74793,1,,,0,100,,74794,1,,,0,100,,74795,1,,,0,100,,74796,1,,,0,100,,74797,1,,,0,100,,74798,1,,,0,95,,74800,1,0,5 2 8 7,0
