609,'1955',619,,66377,20,0,15 16 17,0,30,,66358,20,0,15 16 17,0,70,,66346,20,0,15 16 17,0,30,,60217,20,0,15 16 17,0,70,,66345,20,0,15 16 17,0,30,,66357,20,0,15 16 17,0,70,,66344,20,0,15 16 17,0,28,,66370,20,0,15 16 17,0,70,,66343,20,0,15 16 17,0,30,,66356,20,0,15 16 17,0,73,,66342,20,0,15 16 17,0,30,,66369,20,0,15 16 17,0,70,,66341,20,0,15 16 17,0,30,,66355,20,0,15 16 17,0,70,,66340,20,0,15 16 17,0,30,,66368,20,0,15 16 17,0,70,,66339,20,0,15 16 17,0,30,,66354,20,0,15 16 17,0,70,,66338,20,0,15 16 17,0,30,,66367,20,0,15 16 17,0,70,,66337,20,0,15 16 17,0,30,,66353,20,0,15 16 17,0,70,,66336,20,0,15 16 17,0,30,,66373,20,0,15 16 17,0,70,,60204,20,0,15 16 17,0,30,,66371,20,0,15 16 17,0
609,'1957',628,,71022,20,0,15 16 17,0,75,,70980,20,0,15 16 17,0,32,,70977,20,0,15 16 17,0,70,,70989,20,0,15 16 17,0,30,,70991,20,0,15 16 17,0,70,,71000,20,0,15 16 17,0,30,,71021,20,0,15 16 17,0,70,,70988,20,0,15 16 17,0,30,,70997,20,0,15 16 17,0,70,,70998,20,0,15 16 17,0,30,,70996,20,0,15 16 17,0,70,,71019,20,0,15 16 17,0,30,,71018,20,0,15 16 17,0,70,,71015,20,0,15 16 17,0,30,,71016,20,0,15 16 17,0,70,,71017,20,0,15 16 17,0,31,,71014,20,0,15 16 17,0,71,,71012,20,0,15 16 17,0,30,,71013,20,0,15 16 17,0,70,,71011,20,0,15 16 17,0,30,,71009,20,0,15 16 17,0,70,,71008,20,0,15 16 17,0,29,,71010,20,0,15 16 17,0,67,,71007,20,0,15 16 17,0,25,,71006,20,0,15 16 17,0,30,,71005,20,0,15 16 17,0,90,,71003,20,0,15 16 17,0,99,,71004,20,0,15 16 17,0,100,,71002,20,0,15 16 17,0,100,,71024,20,0,15 16 17,0
609,'1958',619,,71081,20,0,15 16 17,0,30,,71060,20,0,15 16 17,0,70,,71048,20,0,15 16 17,0,30,,71074,20,0,15 16 17,0,70,,71047,20,0,15 16 17,0,30,,71059,20,0,15 16 17,0,70,,71046,20,0,15 16 17,0,28,,71073,20,0,15 16 17,0,70,,71045,20,0,15 16 17,0,30,,71058,20,0,15 16 17,0,73,,71044,20,0,15 16 17,0,30,,71072,20,0,15 16 17,0,70,,71043,20,0,15 16 17,0,30,,71057,20,0,15 16 17,0,70,,71042,20,0,15 16 17,0,30,,71071,20,0,15 16 17,0,70,,71041,20,0,15 16 17,0,30,,71056,20,0,15 16 17,0,70,,71040,20,0,15 16 17,0,30,,71070,20,0,15 16 17,0,70,,71039,20,0,15 16 17,0,30,,71055,20,0,15 16 17,0,70,,71038,20,0,15 16 17,0,30,,71077,20,0,15 16 17,0,70,,71061,20,0,15 16 17,0,30,,71075,20,0,15 16 17,0
15019,'1909',724,,61509,70,4,,0,878,,61526,70,4,,0,252,,61532,70,4,,0
15019,'1910',958,,61542,70,4,,0,301,,61545,70,4,,0,243,,61547,70,4,,0,100,,61548,70,4,,0,100,,61549,70,4,,0,100,,67300,70,4,,0,57,,61551,70,4,,0
15019,'1912',758,,61566,70,4,,0,100,,61564,70,4,,0,100,,61567,70,4,,0,101,,61565,70,4,,0,100,,61562,70,4,,0,100,,61560,70,4,,0,142,,61563,70,4,,0,100,,61561,70,4,,0,100,,61558,70,4,,0,99,,61559,70,4,,0,59,,61556,70,4,,0,100,,61557,70,4,,0,100,,61555,70,4,,0,99,,71673,70,4,,0
15019,'1924',758,,61580,70,4,,0,100,,61578,70,4,,0,100,,61581,70,4,,0,101,,61579,70,4,,0,100,,61576,70,4,,0,100,,61574,70,4,,0,142,,61577,70,4,,0,100,,61575,70,4,,0,100,,61572,70,4,,0,99,,61573,70,4,,0,59,,61570,70,4,,0,100,,61571,70,4,,0,100,,61569,70,4,,0
15019,'1925',758,,61594,70,4,,0,100,,61592,70,4,,0,100,,61595,70,4,,0,101,,61593,70,4,,0,100,,61590,70,4,,0,100,,61588,70,4,,0,142,,61591,70,4,,0,100,,61589,70,4,,0,100,,61586,70,4,,0,99,,61587,70,4,,0,59,,61584,70,4,,0,100,,61585,70,4,,0,100,,61583,70,4,,0,99,,71674,70,4,,0
15019,'1949',830,,67326,70,4,,0
15019,'1955',758,,67295,70,4,,0,100,,67296,70,4,,0,201,,67297,70,4,,0,100,,67298,70,4,,0,243,,67299,70,4,,0,557,,67301,70,4,,0,99,,67302,70,4,,0
15019,'1956',2058,,67305,70,4,,0
15019,'1957',755,,71675,70,4,,0,103,,71676,70,4,,0,68,,71677,70,4,,0,30,,71678,70,4,,0,70,,71679,70,4,,0,30,,71680,70,4,,0,70,,71681,70,4,,0,30,,71682,70,4,,0,70,,71683,70,4,,0,30,,71684,70,4,,0,70,,71685,70,4,,0,30,,71686,70,4,,0,70,,71687,70,4,,0,33,,71688,70,4,,0,73,,71689,70,4,,0,100,,71690,70,4,,0,68,,71691,70,4,,0,28,,71692,70,4,,0,27,,71693,70,4,,0,69,,71694,70,4,,0,100,,71695,70,4,,0,30,,71699,70,4,,0,69,,71696,70,4,,0,98,,71697,70,4,,0,100,,71698,70,4,,0
15019,'1958',758,,71700,70,4,,0,100,,71701,70,4,,0,201,,71702,70,4,,0,100,,71703,70,4,,0,243,,71704,70,4,,0,557,,71705,70,4,,0,99,,71706,70,4,,0
15019,'1959',2058,,71708,70,4,,0
15029,'1909',724,,61615,1,,,0,878,,61632,1,,,0,252,,61638,1,,,0
15029,'1910',705,,61646,1,,,0,253,,61649,1,,,0,301,,61652,1,,,0,243,,61654,1,,,0,100,,61655,1,,,0,100,,61656,1,,,0,100,,67344,1,,,0,57,,61644,1,,,0
15029,'1912',703,,61664,1,,,0,55,,61670,1,,,0,100,,61663,1,,,0,100,,61662,1,,,0,101,,61669,1,,,0,100,,61667,1,,,0,100,,61666,1,,,0,142,,61661,1,,,0,100,,61659,1,,,0,100,,61660,1,,,0,99,,61665,1,,,0,59,,61671,1,,,0,100,,61668,1,,,0,100,,61672,1,,,0
15029,'1924',703,,61678,1,,,0,55,,61684,1,,,0,100,,61677,1,,,0,100,,61676,1,,,0,101,,61683,1,,,0,100,,61681,1,,,0,100,,61680,1,,,0,142,,61675,1,,,0,100,,61673,1,,,0,100,,61674,1,,,0,99,,61679,1,,,0,59,,61685,1,,,0,100,,61682,1,,,0,100,,61686,1,,,0
15029,'1925',703,,61692,1,,,0,55,,61698,1,,,0,100,,61691,1,,,0,100,,61690,1,,,0,101,,61697,1,,,0,100,,61695,1,,,0,100,,61694,1,,,0,142,,61689,1,,,0,100,,61687,1,,,0,100,,61688,1,,,0,99,,61693,1,,,0,59,,61699,1,,,0,100,,61696,1,,,0,100,,61700,1,,,0
15029,'1949',830,,67366,1,,,0
15029,'1955',758,,67339,1,,,0,100,,67340,1,,,0,201,,67341,1,,,0,100,,67342,1,,,0,243,,67343,1,,,0,557,,67338,1,,,0
15029,'1957',625,,71710,1,,,0,75,,71711,1,,,0,55,,71712,1,,,0,103,,71713,1,,,0,68,,71714,1,,,0,30,,71715,1,,,0,70,,71716,1,,,0,30,,71717,1,,,0,70,,71718,1,,,0,30,,71719,1,,,0,70,,71720,1,,,0,30,,71721,1,,,0,70,,71722,1,,,0,30,,71723,1,,,0,70,,71724,1,,,0,33,,71725,1,,,0,73,,71726,1,,,0,100,,71727,1,,,0,68,,71728,1,,,0,28,,71729,1,,,0,27,,71730,1,,,0,69,,71731,1,,,0,100,,71732,1,,,0,30,,71736,1,,,0,69,,71733,1,,,0,98,,71734,1,,,0,100,,71735,1,,,0
15029,'1958',758,,71738,1,,,0,100,,71739,1,,,0,201,,71740,1,,,0,100,,71741,1,,,0,243,,71742,1,,,0,557,,71737,1,,,0
502029,'1912',616,,72667,9,,,0,28,,72649,9,,,0,65,,72658,9,,,0,30,,72683,9,,,0,71,,72663,9,,,0,30,,72682,9,,,0,70,,72661,9,,,0,30,,72681,9,,,0,70,,72650,9,,,0,30,,72680,9,,,0,15,,72692,9,,,0,55,,72651,9,,,0,15,,72694,9,,,0,15,,72679,9,,,0,15,,72697,9,,,0,57,,72652,9,,,0,15,,72686,9,,,0,15,,72678,9,,,0,15,,72689,9,,,0,55,,72653,9,,,0,15,,72691,9,,,0,15,,72677,9,,,0,15,,72695,9,,,0,55,,72654,9,,,0,15,,72696,9,,,0,15,,72676,9,,,0,15,,72685,9,,,0,55,,72655,9,,,0,15,,72688,9,,,0,15,,72675,9,,,0,15,,72690,9,,,0,55,,72656,9,,,0,14,,72693,9,,,0,15,,72674,9,,,0,15,,72698,9,,,0,55,,72657,9,,,0,15,,72684,9,,,0,15,,72673,9,,,0,15,,72687,9,,,0,55,,72666,9,,,0,29,,72672,9,,,0,70,,72664,9,,,0,30,,72671,9,,,0,70,,72659,9,,,0,30,,72670,9,,,0,70,,72660,9,,,0,30,,72668,9,,,0,69,,72665,9,,,0,30,,72669,9,,,0,70,,72662,9,,,0
502029,'1925',616,,72717,9,,,0,28,,72699,9,,,0,65,,72708,9,,,0,30,,72733,9,,,0,71,,72713,9,,,0,30,,72732,9,,,0,70,,72711,9,,,0,30,,72731,9,,,0,70,,72700,9,,,0,30,,72730,9,,,0,15,,72742,9,,,0,55,,72701,9,,,0,15,,72744,9,,,0,15,,72729,9,,,0,15,,72747,9,,,0,57,,72702,9,,,0,15,,72736,9,,,0,15,,72728,9,,,0,15,,72739,9,,,0,55,,72703,9,,,0,15,,72741,9,,,0,15,,72727,9,,,0,15,,72745,9,,,0,55,,72704,9,,,0,15,,72746,9,,,0,15,,72726,9,,,0,15,,72735,9,,,0,55,,72705,9,,,0,15,,72738,9,,,0,15,,72725,9,,,0,15,,72740,9,,,0,55,,72706,9,,,0,14,,72743,9,,,0,15,,72724,9,,,0,15,,72748,9,,,0,55,,72707,9,,,0,15,,72734,9,,,0,15,,72723,9,,,0,15,,72737,9,,,0,55,,72716,9,,,0,29,,72722,9,,,0,70,,72714,9,,,0,30,,72721,9,,,0,70,,72709,9,,,0,30,,72720,9,,,0,70,,72710,9,,,0,30,,72718,9,,,0,69,,72715,9,,,0,30,,72719,9,,,0,70,,72712,9,,,0
502029,'1955',614,,68453,9,,,0,15,,68499,9,,,0,15,,68460,9,,,0,70,,68452,9,,,0,30,,68461,9,,,0,65,,68451,9,,,0,30,,68462,9,,,0,71,,68450,9,,,0,30,,68463,9,,,0,15,,68464,9,,,0,57,,68490,9,,,0,15,,68473,9,,,0,15,,68482,9,,,0,15,,68465,9,,,0,55,,68491,9,,,0,15,,68474,9,,,0,15,,68483,9,,,0,15,,68466,9,,,0,55,,68492,9,,,0,15,,68475,9,,,0,15,,68484,9,,,0,15,,68467,9,,,0,55,,68493,9,,,0,15,,68476,9,,,0,15,,68485,9,,,0,15,,68468,9,,,0,55,,68494,9,,,0,15,,68477,9,,,0,15,,68486,9,,,0,15,,68469,9,,,0,55,,68495,9,,,0,15,,68478,9,,,0,15,,68487,9,,,0,15,,68470,9,,,0,55,,68496,9,,,0,15,,68479,9,,,0,15,,68488,9,,,0,15,,68471,9,,,0,55,,68497,9,,,0,15,,68480,9,,,0,15,,68455,9,,,0,15,,68472,9,,,0,55,,68489,9,,,0,15,,68481,9,,,0,15,,68456,9,,,0,15,,68498,9,,,0,54,,68500,9,,,0,30,,68457,9,,,0,69,,68449,9,,,0,30,,68458,9,,,0,70,,68448,9,,,0,30,,68454,9,,,0,69,,68447,9,,,0,30,,68459,9,,,0,70,,68446,9,,,0
502029,'1956',616,,68569,9,,,0,28,,68551,9,,,0,65,,68560,9,,,0,30,,68585,9,,,0,71,,68565,9,,,0,30,,68584,9,,,0,70,,68563,9,,,0,30,,68583,9,,,0,70,,68552,9,,,0,30,,68582,9,,,0,15,,68594,9,,,0,55,,68553,9,,,0,15,,68596,9,,,0,15,,68581,9,,,0,15,,68599,9,,,0,57,,68554,9,,,0,15,,68588,9,,,0,15,,68580,9,,,0,15,,68591,9,,,0,55,,68555,9,,,0,15,,68593,9,,,0,15,,68579,9,,,0,15,,68597,9,,,0,55,,68556,9,,,0,15,,68598,9,,,0,15,,68578,9,,,0,15,,68587,9,,,0,55,,68557,9,,,0,15,,68590,9,,,0,15,,68577,9,,,0,15,,68592,9,,,0,55,,68558,9,,,0,14,,68595,9,,,0,15,,68576,9,,,0,15,,68600,9,,,0,55,,68559,9,,,0,15,,68586,9,,,0,15,,68575,9,,,0,15,,68589,9,,,0,55,,68568,9,,,0,29,,68574,9,,,0,70,,68566,9,,,0,30,,68573,9,,,0,70,,68561,9,,,0,30,,68572,9,,,0,70,,68562,9,,,0,30,,68570,9,,,0,69,,68567,9,,,0,30,,68571,9,,,0,70,,68564,9,,,0
502029,'1957',542,,72749,9,,,0,15,,72750,9,,,0,55,,72751,9,,,0,16,,72752,9,,,0,7,,72753,9,,,0,8,,72754,9,,,0,15,,72755,9,,,0,52,,72756,9,,,0,13,,72757,9,,,0,12,,72758,9,,,0,6,,72759,9,,,0,6,,72760,9,,,0,12,,72761,9,,,0,46,,72762,9,,,0,6,,72763,9,,,0,12,,72764,9,,,0,12,,72765,9,,,0,12,,72766,9,,,0,12,,72767,9,,,0,54,,72768,9,,,0,14,,72769,9,,,0,15,,72770,9,,,0,15,,72771,9,,,0,55,,72772,9,,,0,15,,72773,9,,,0,15,,72774,9,,,0,15,,72775,9,,,0,55,,72776,9,,,0,15,,72777,9,,,0,15,,72778,9,,,0,15,,72779,9,,,0,55,,72780,9,,,0,15,,72781,9,,,0,15,,72782,9,,,0,15,,72783,9,,,0,55,,72784,9,,,0,15,,72785,9,,,0,15,,72786,9,,,0,15,,72787,9,,,0,55,,72788,9,,,0,15,,72789,9,,,0,15,,72790,9,,,0,17,,72791,9,,,0,55,,72792,9,,,0,15,,72793,9,,,0,12,,72794,9,,,0,12,,72795,9,,,0,52,,72796,9,,,0,12,,72797,9,,,0,12,,72798,9,,,0,12,,72799,9,,,0,12,,72800,9,,,0,52,,72801,9,,,0,12,,72802,9,,,0,11,,72803,9,,,0,11,,72804,9,,,0,12,,72805,9,,,0,51,,72806,9,,,0,12,,72807,9,,,0,12,,72808,9,,,0,15,,72809,9,,,0,15,,72819,9,,,0,55,,72810,9,,,0,30,,72811,9,,,0,70,,72812,9,,,0,30,,72813,9,,,0,70,,72814,9,,,0,30,,72815,9,,,0,70,,72816,9,,,0,30,,72817,9,,,0,70,,72818,9,,,0
502029,'1958',614,,72827,9,,,0,15,,72873,9,,,0,15,,72834,9,,,0,70,,72826,9,,,0,30,,72835,9,,,0,65,,72825,9,,,0,30,,72836,9,,,0,71,,72824,9,,,0,30,,72837,9,,,0,15,,72838,9,,,0,57,,72864,9,,,0,15,,72847,9,,,0,15,,72856,9,,,0,15,,72839,9,,,0,55,,72865,9,,,0,15,,72848,9,,,0,15,,72857,9,,,0,15,,72840,9,,,0,55,,72866,9,,,0,15,,72849,9,,,0,15,,72858,9,,,0,15,,72841,9,,,0,55,,72867,9,,,0,15,,72850,9,,,0,15,,72859,9,,,0,15,,72842,9,,,0,55,,72868,9,,,0,15,,72851,9,,,0,15,,72860,9,,,0,15,,72843,9,,,0,55,,72869,9,,,0,15,,72852,9,,,0,15,,72861,9,,,0,15,,72844,9,,,0,55,,72870,9,,,0,15,,72853,9,,,0,15,,72862,9,,,0,15,,72845,9,,,0,55,,72871,9,,,0,15,,72854,9,,,0,15,,72829,9,,,0,15,,72846,9,,,0,55,,72863,9,,,0,15,,72855,9,,,0,15,,72830,9,,,0,15,,72872,9,,,0,54,,72874,9,,,0,30,,72831,9,,,0,69,,72823,9,,,0,30,,72832,9,,,0,70,,72822,9,,,0,30,,72828,9,,,0,69,,72821,9,,,0,30,,72833,9,,,0,70,,72820,9,,,0
502029,'1959',616,,72893,9,,,0,28,,72875,9,,,0,65,,72884,9,,,0,30,,72909,9,,,0,71,,72889,9,,,0,30,,72908,9,,,0,70,,72887,9,,,0,30,,72907,9,,,0,70,,72876,9,,,0,30,,72906,9,,,0,15,,72918,9,,,0,55,,72877,9,,,0,15,,72920,9,,,0,15,,72905,9,,,0,15,,72923,9,,,0,57,,72878,9,,,0,15,,72912,9,,,0,15,,72904,9,,,0,15,,72915,9,,,0,55,,72879,9,,,0,15,,72917,9,,,0,15,,72903,9,,,0,15,,72921,9,,,0,55,,72880,9,,,0,15,,72922,9,,,0,15,,72902,9,,,0,15,,72911,9,,,0,55,,72881,9,,,0,15,,72914,9,,,0,15,,72901,9,,,0,15,,72916,9,,,0,55,,72882,9,,,0,14,,72919,9,,,0,15,,72900,9,,,0,15,,72924,9,,,0,55,,72883,9,,,0,15,,72910,9,,,0,15,,72899,9,,,0,15,,72913,9,,,0,55,,72892,9,,,0,29,,72898,9,,,0,70,,72890,9,,,0,30,,72897,9,,,0,70,,72885,9,,,0,30,,72896,9,,,0,70,,72886,9,,,0,30,,72894,9,,,0,69,,72891,9,,,0,30,,72895,9,,,0,70,,72888,9,,,0
