13019,'1909',2154,,61318,25,,,0
13019,'1910',1323,,67129,25,,,0
13019,'1912',819,,71572,25,,,0,100,,61342,25,,,0,100,,71562,25,,,0,101,,71563,25,,,0,101,,71564,25,,,0,101,,67142,25,,,0,100,,67143,25,,,0,100,,71565,25,,,0,100,,71566,25,,,0,98,,71567,25,,,0,99,,71568,25,,,0,100,,71569,25,,,0,100,,71570,25,,,0,100,,71571,25,,,0,100,,61341,25,,,0
13019,'1924',919,,61357,25,,,0,403,,67155,25,,,0,100,,67156,25,,,0,797,,61356,25,,,0
13019,'1925',819,,71583,25,,,0,100,,61372,25,,,0,100,,71573,25,,,0,101,,71574,25,,,0,101,,71575,25,,,0,101,,67168,25,,,0,100,,67169,25,,,0,100,,71576,25,,,0,100,,71577,25,,,0,98,,71578,25,,,0,99,,71579,25,,,0,100,,71580,25,,,0,100,,71581,25,,,0,100,,71582,25,,,0,100,,61371,25,,,0
13019,'1949',1729,,67203,25,,,0,228,,67206,25,,,0,268,,67204,4,,,0
13019,'1955',719,,67123,25,,,0,100,,67124,25,,,0,100,,67125,25,,,0,100,,67126,25,,,0,104,,67127,25,,,0,100,,67128,25,,,0,200,,67130,25,,,0,100,,67131,25,,,0,100,,67132,25,,,0,99,,67133,25,,,0,99,,67134,25,,,0,99,,67135,25,,,0,99,,67136,25,,,0,100,,67137,25,,,0,200,,67138,25,,,0
13019,'1956',819,,67164,25,,,0,200,,67152,25,,,0,101,,67153,25,,,0,101,,67154,25,,,0,301,,67157,25,,,0,100,,67158,25,,,0,98,,67159,25,,,0,99,,67160,25,,,0,100,,67161,25,,,0,100,,67162,25,,,0,100,,67163,25,,,0
13019,'1957',630,,71584,25,,,0,70,,71585,25,,,0,30,,71586,25,,,0,70,,71587,25,,,0,56,,71588,25,,,0,101,,71589,25,,,0,100,,71590,25,,,0,100,,71591,25,,,0,100,,71592,25,,,0,100,,71593,25,,,0,70,,71594,25,,,0,32,,71595,25,,,0,70,,71596,25,,,0,30,,71603,25,,,0,70,,71597,25,,,0,30,,71600,25,,,0,98,,71601,25,,,0,100,,71602,25,,,0,199,,71599,25,,,0,198,,71598,25,,,0
13019,'1958',719,,71604,25,,,0,100,,71605,25,,,0,100,,71606,25,,,0,100,,71607,25,,,0,104,,71608,25,,,0,100,,71609,25,,,0,200,,71610,25,,,0,100,,71611,25,,,0,100,,71612,25,,,0,99,,71613,25,,,0,99,,71614,25,,,0,99,,71615,25,,,0,99,,71616,25,,,0,100,,71617,25,,,0,200,,71618,25,,,0
13019,'1959',819,,71629,25,,,0,200,,71619,25,,,0,101,,71620,25,,,0,101,,71621,25,,,0,301,,71622,25,,,0,100,,71623,25,,,0,98,,71624,25,,,0,99,,71625,25,,,0,100,,71626,25,,,0,100,,71627,25,,,0,100,,71628,25,,,0
15029,'1909',825,,61615,75,,,0,878,,61632,75,,,0,246,,61638,75,,,0
15029,'1910',619,,67345,35,,,0,138,,61646,75,,,0,296,,61649,75,,,0,301,,61652,75,,,0,204,,61654,75,,,0,99,,61655,75,,,0,100,,61656,75,,,0,100,,67344,75,,,0,94,,61644,75,,,0
15029,'1912',754,,61664,75,,,0,95,,61670,75,,,0,100,,61663,75,,,0,100,,61662,75,,,0,103,,61669,75,,,0,100,,61667,75,,,0,100,,61666,75,,,0,102,,61661,75,,,0,100,,61659,75,,,0,98,,61660,75,,,0,99,,61665,75,,,0,99,,61671,75,,,0,100,,61668,75,,,0,100,,61672,75,,,0
15029,'1924',754,,61678,75,,,0,95,,61684,75,,,0,100,,61677,75,,,0,100,,61676,75,,,0,103,,61683,75,,,0,100,,61681,75,,,0,100,,61680,75,,,0,102,,61675,75,,,0,100,,61673,75,,,0,98,,61674,75,,,0,99,,61679,75,,,0,99,,61685,75,,,0,100,,61682,75,,,0,100,,61686,75,,,0
15029,'1925',754,,61692,75,,,0,95,,61698,75,,,0,100,,61691,75,,,0,100,,61690,75,,,0,103,,61697,75,,,0,100,,61695,75,,,0,100,,61694,75,,,0,102,,61689,75,,,0,100,,61687,75,,,0,98,,61688,75,,,0,99,,61693,75,,,0,99,,61699,75,,,0,100,,61696,75,,,0,100,,61700,75,,,0
15029,'1949',645,,67365,35,,,0,282,,67366,75,,,0
15029,'1955',850,,67339,75,,,0,100,,67340,75,,,0,204,,67341,75,,,0,100,,67342,75,,,0,204,,67343,75,,,0,593,,67338,75,,,0
15029,'1957',625,,71709,35,,,0,92,,71710,75,,,0,38,,71711,75,,,0,101,,71712,75,,,0,99,,71713,75,,,0,68,,71714,75,,,0,30,,71715,75,,,0,70,,71716,75,,,0,30,,71717,75,,,0,70,,71718,75,,,0,30,,71719,75,,,0,70,,71720,75,,,0,30,,71721,75,,,0,70,,71722,75,,,0,32,,71723,75,,,0,74,,71724,75,,,0,73,,71725,75,,,0,33,,71726,75,,,0,94,,71727,75,,,0,26,,71728,75,,,0,68,,71729,75,,,0,27,,71730,75,,,0,69,,71731,75,,,0,100,,71732,75,,,0,30,,71736,75,,,0,69,,71733,75,,,0,97,,71734,75,,,0,100,,71735,75,,,0
15029,'1958',850,,71738,75,,,0,100,,71739,75,,,0,204,,71740,75,,,0,100,,71741,75,,,0,204,,71742,75,,,0,593,,71737,75,,,0
19019,'1909',1838,,61998,18,,,0
19019,'1910',1039,,67497,18,,,0,70,,67512,18,,,0,30,,67501,18,,,0,70,,67515,18,,,0,30,,67494,18,,,0,100,,67496,18,,,0,70,,67513,18,,,0,30,,67498,18,,,0,70,,67520,18,,,0,30,,67507,18,,,0,70,,67509,18,,,0,30,,67493,18,,,0,100,,67519,18,,,0,70,,67506,18,,,0,30,,67500,18,,,0,167,,67522,18,,,0,115,,67505,18,,,0,100,,62033,18,,,0
19019,'1912',623,,71862,18,,,0,112,,62043,18,,,0,100,,71855,18,,,0,70,,62047,18,,,0,30,,71858,18,,,0,70,,71852,18,,,0,31,,71851,18,,,0,71,,67524,18,,,0,31,,71867,18,,,0,70,,71865,18,,,0,30,,71863,18,,,0,70,,71859,18,,,0,30,,71872,18,,,0,70,,71857,18,,,0,31,,71856,18,,,0,70,,71854,18,,,0,30,,71853,18,,,0,70,,71850,18,,,0,30,,71868,18,,,0,68,,71866,18,,,0,29,,71864,18,,,0,70,,71861,18,,,0,30,,71860,18,,,0,70,,71870,18,,,0,30,,71869,18,,,0,70,,71871,18,,,0,45,,62063,18,,,0,100,,62061,18,,,0,100,,62062,18,,,0,85,,71873,18,,,0
19019,'1924',735,,62073,18,,,0,170,,62077,18,,,0,202,,67549,18,,,0,944,,62093,18,,,0,100,,62091,18,,,0,100,,62092,18,,,0
19019,'1925',623,,71886,18,,,0,112,,62103,18,,,0,100,,71879,18,,,0,70,,62107,18,,,0,30,,71882,18,,,0,70,,71876,18,,,0,31,,71875,18,,,0,71,,67574,18,,,0,31,,71891,18,,,0,70,,71889,18,,,0,30,,71887,18,,,0,70,,71883,18,,,0,30,,71896,18,,,0,70,,71881,18,,,0,31,,71880,18,,,0,70,,71878,18,,,0,30,,71877,18,,,0,70,,71874,18,,,0,30,,71892,18,,,0,68,,71890,18,,,0,29,,71888,18,,,0,70,,71885,18,,,0,30,,71884,18,,,0,70,,71894,18,,,0,30,,71893,18,,,0,70,,71895,18,,,0,45,,62123,18,,,0,100,,62121,18,,,0,100,,62122,18,,,0,85,,71897,18,,,0
19019,'1955',636,,67495,18,,,0,70,,67508,18,,,0,30,,67499,18,,,0,70,,67514,18,,,0,30,,67518,18,,,0,70,,67502,18,,,0,30,,67492,18,,,0,70,,67517,18,,,0,303,,67510,18,,,0,400,,67511,18,,,0,200,,67516,18,,,0,27,,67504,18,,,0,110,,67521,18,,,0,270,,67503,18,,,0,20,,67523,18,,,0
19019,'1956',623,,67562,18,,,0,212,,67555,18,,,0,100,,67558,18,,,0,70,,67552,18,,,0,31,,67551,18,,,0,102,,67567,18,,,0,70,,67565,18,,,0,30,,67563,18,,,0,70,,67559,18,,,0,30,,67572,18,,,0,70,,67557,18,,,0,31,,67556,18,,,0,70,,67554,18,,,0,30,,67553,18,,,0,70,,67550,18,,,0,30,,67568,18,,,0,68,,67566,18,,,0,29,,67564,18,,,0,70,,67561,18,,,0,30,,67560,18,,,0,70,,67570,18,,,0,30,,67569,18,,,0,70,,67571,18,,,0,330,,67573,18,,,0
19019,'1957',838,,71916,18,,,0,70,,71902,18,,,0,30,,71903,18,,,0,70,,71900,18,,,0,30,,71917,18,,,0,70,,71901,18,,,0,30,,71908,18,,,0,70,,71898,18,,,0,30,,71915,18,,,0,70,,71904,18,,,0,30,,71905,18,,,0,70,,71907,18,,,0,31,,71906,18,,,0,72,,71899,18,,,0,30,,71918,18,,,0,367,,71909,18,,,0,30,,71910,18,,,0,99,,71914,18,,,0,100,,71913,18,,,0,100,,71911,18,,,0,100,,71912,18,,,0
19019,'1958',636,,71920,18,,,0,70,,71925,18,,,0,30,,71921,18,,,0,70,,71928,18,,,0,30,,71931,18,,,0,70,,71922,18,,,0,30,,71919,18,,,0,70,,71930,18,,,0,303,,71926,18,,,0,400,,71927,18,,,0,200,,71929,18,,,0,27,,71924,18,,,0,110,,71932,18,,,0,270,,71923,18,,,0,20,,71933,18,,,0
19019,'1959',623,,71946,18,,,0,212,,71939,18,,,0,100,,71942,18,,,0,70,,71936,18,,,0,31,,71935,18,,,0,102,,71951,18,,,0,70,,71949,18,,,0,30,,71947,18,,,0,70,,71943,18,,,0,30,,71956,18,,,0,70,,71941,18,,,0,31,,71940,18,,,0,70,,71938,18,,,0,30,,71937,18,,,0,70,,71934,18,,,0,30,,71952,18,,,0,68,,71950,18,,,0,29,,71948,18,,,0,70,,71945,18,,,0,30,,71944,18,,,0,70,,71954,18,,,0,30,,71953,18,,,0,70,,71955,18,,,0,330,,71957,18,,,0
10019019,'1909',739,,65781,11,,,0
10019019,'1949',1809,,70175,11,,,0
10019019,'1957',612,,73560,11,,,0,25,,73567,11,,,0,70,,73566,11,,,0,102,,73568,11,,,0,803,,73564,11,,,0,30,,73562,11,,,0,70,,73561,11,,,0,28,,73565,11,,,0,279,,73563,11,,,0
