11019,'1838',917,,44732,25,,,0,100,,44733,25,,,0,103,,44734,25,,,0,101,,44735,25,,,0,100,,44736,25,,,0,100,,44737,25,,,0,100,,44738,25,,,0,99,,44739,25,,,0,100,,44740,25,,,0,97,,44741,25,,,0,99,,36461,25,,,0,100,,44742,25,,,0
11019,'1867',917,,44767,25,,,0,100,,44768,25,,,0,103,,44769,25,,,0,101,,44770,25,,,0,100,,44771,25,,,0,100,,44772,25,,,0,100,,44773,25,,,0,99,,44774,25,,,0,100,,44775,25,,,0,97,,44776,25,,,0,99,,36533,25,,,0,100,,44777,25,,,0
11019,'1892',818,,36493,25,,,0,100,,44743,25,,,0,100,,44744,25,,,0,100,,44745,25,,,0,100,,44746,25,,,0,200,,44748,25,,,0,200,,42458,25,,,0,100,,44750,25,,,0,99,,44751,25,,,0,100,,44752,25,,,0,100,,36505,25,,,0
11019,'1896',717,,49432,25,,,0,601,,49433,25,,,0,200,,49434,25,,,0,597,,49435,25,,,0
11019,'1897',717,,49436,25,,,0,101,,49437,25,,,0,100,,49438,25,,,0,100,,49439,25,,,0,100,,49440,25,,,0,100,,49441,25,,,0,100,,49442,25,,,0,100,,49443,25,,,0,100,,49444,25,,,0,100,,49445,25,,,0,100,,49446,25,,,0,99,,49447,25,,,0,100,,49448,25,,,0,100,,49449,25,,,0,98,,49450,25,,,0
11019,'1898',716,,49454,25,,,0,100,,49455,25,,,0,101,,49456,25,,,0,100,,49457,25,,,0,100,,49458,25,,,0,104,,49459,25,,,0,100,,49460,25,,,0,100,,49461,25,,,0,100,,49462,25,,,0,99,,49463,25,,,0,100,,49464,25,,,0,97,,49465,25,,,0,99,,49452,25,,,0,100,,49453,25,,,0
15029,'1838',718,,36977,25,,,0,98,,45082,25,,,0,100,,36974,25,,,0,100,,36975,25,,,0,101,,45083,25,,,0,100,,36972,25,,,0,100,,36969,25,,,0,102,,45081,25,,,0,100,,36971,25,,,0,100,,36968,25,,,0,99,,45080,25,,,0,99,,36966,25,,,0,100,,36967,25,,,0,100,,45079,25,,,0
15029,'1867',718,,37054,25,,,0,98,,45107,25,,,0,100,,37051,25,,,0,100,,37052,25,,,0,101,,45108,25,,,0,100,,37049,25,,,0,100,,37046,25,,,0,102,,45106,25,,,0,100,,37048,25,,,0,100,,37045,25,,,0,99,,45105,25,,,0,99,,37043,25,,,0,100,,37044,25,,,0,100,,45104,25,,,0
15029,'1892',644,,36995,25,,,0,69,,36996,25,,,0,33,,36997,25,,,0,71,,45086,25,,,0,128,,37001,25,,,0,70,,37002,25,,,0,30,,37003,25,,,0,100,,45088,25,,,0,70,,42575,25,,,0,30,,45089,25,,,0,70,,45090,25,,,0,100,,37010,25,,,0,32,,45091,25,,,0,75,,37012,25,,,0,102,,45092,25,,,0,93,,37016,25,,,0,29,,37017,25,,,0,96,,45094,25,,,0,100,,45095,25,,,0,70,,45096,25,,,0,30,,37023,25,,,0,100,,45098,25,,,0,97,,45097,25,,,0
15029,'1896',850,,49684,25,,,0,70,,49685,25,,,0,195,,49686,25,,,0,230,,49687,25,,,0,209,,49688,25,,,0,99,,49689,25,,,0,162,,49690,25,,,0,97,,49691,25,,,0
15029,'1897',644,,49694,25,,,0,69,,49695,25,,,0,33,,49696,25,,,0,71,,49697,25,,,0,33,,49698,25,,,0,70,,49699,25,,,0,25,,49700,25,,,0,70,,49701,25,,,0,30,,49702,25,,,0,70,,49703,25,,,0,30,,49704,25,,,0,70,,49705,25,,,0,30,,49706,25,,,0,70,,49707,25,,,0,30,,49708,25,,,0,70,,49709,25,,,0,32,,49710,25,,,0,75,,49711,25,,,0,32,,49712,25,,,0,70,,49713,25,,,0,29,,49714,25,,,0,64,,49715,25,,,0,29,,49716,25,,,0,69,,49717,25,,,0,27,,49718,25,,,0,70,,49719,25,,,0,30,,49720,25,,,0,70,,49721,25,,,0,30,,49722,25,,,0,100,,49724,25,,,0,97,,49723,25,,,0
15029,'1898',723,,49728,25,,,0,93,,49729,25,,,0,100,,49730,25,,,0,100,,49731,25,,,0,101,,49732,25,,,0,100,,49733,25,,,0,100,,49734,25,,,0,103,,49735,25,,,0,100,,49736,25,,,0,100,,49737,25,,,0,98,,49738,25,,,0,99,,49739,25,,,0,100,,49725,25,,,0,100,,49726,25,,,0
10090019,'1893',700,,34670,7,4,,0,100,,34668,7,4,,0,100,,34667,7,4,,0,100,,34669,7,4,,0,430,,34672,7,4,,0,100,,34673,7,4,,0,100,,34674,7,4,,0,100,,34671,7,4,,0
10090029,'1893',700,,34682,1,,,0,100,,34675,1,,,0,100,,34677,1,,,0,100,,34676,1,,,0,430,,34681,1,,,0,100,,34679,1,,,0,100,,34678,1,,,0,100,,34680,1,,,0
