10029,'1909',1003,,60789,36,,,0,997,,60809,36,,,0,55,,60811,36,,,0,100,,60813,36,,,0,100,,60814,36,,,0
10029,'1910',1928,,66855,36,,,0,28,,60815,36,,,0,100,,66856,36,,,0,100,,60842,36,,,0
10029,'1912',826,,60857,36,,,0,30,,66871,36,,,0,70,,60859,36,,,0,30,,66872,36,,,0,70,,60861,36,,,0,30,,71396,36,,,0,70,,71397,36,,,0,30,,71398,36,,,0,72,,71399,36,,,0,72,,71400,36,,,0,30,,71387,36,,,0,70,,71390,36,,,0,30,,71384,36,,,0,70,,71389,36,,,0,30,,71388,36,,,0,70,,71391,36,,,0,30,,71385,36,,,0,70,,71392,36,,,0,30,,66860,36,,,0,70,,71393,36,,,0,28,,71386,36,,,0,28,,71394,36,,,0,70,,66858,36,,,0,30,,71395,36,,,0
10029,'1924',826,,60881,36,,,0,30,,66892,36,,,0,70,,60883,36,,,0,30,,66893,36,,,0,70,,60885,36,,,0,704,,66881,36,,,0,196,,66879,36,,,0
10029,'1925',826,,60905,36,,,0,30,,66913,36,,,0,70,,60907,36,,,0,30,,66914,36,,,0,70,,60909,36,,,0,30,,71413,36,,,0,70,,71414,36,,,0,30,,71415,36,,,0,72,,71416,36,,,0,72,,71417,36,,,0,30,,71404,36,,,0,70,,71407,36,,,0,30,,71401,36,,,0,70,,71406,36,,,0,30,,71405,36,,,0,70,,71408,36,,,0,30,,71402,36,,,0,70,,71409,36,,,0,30,,66902,36,,,0,70,,71410,36,,,0,28,,71403,36,,,0,28,,71411,36,,,0,70,,66900,36,,,0,30,,71412,36,,,0
10029,'1949',1433,,66940,36,,,0
10029,'1955',726,,60816,36,,,0,30,,66833,36,,,0,70,,66834,36,,,0,30,,66835,36,,,0,70,,60820,36,,,0,30,,66836,36,,,0,72,,66837,36,,,0,72,,66838,36,,,0,30,,66839,36,,,0,70,,66840,36,,,0,30,,66841,36,,,0,70,,66842,36,,,0,30,,66843,36,,,0,70,,66844,36,,,0,30,,66845,36,,,0,70,,66846,36,,,0,30,,66847,36,,,0,70,,66848,36,,,0,30,,66849,36,,,0,70,,66850,36,,,0,30,,66851,36,,,0,70,,66852,36,,,0,30,,66853,36,,,0,70,,66854,36,,,0
10029,'1956',1056,,66894,36,,,0,70,,66895,36,,,0,30,,66896,36,,,0,72,,66897,36,,,0,72,,66898,36,,,0,30,,66883,36,,,0,70,,66886,36,,,0,30,,66878,36,,,0,70,,66885,36,,,0,30,,66884,36,,,0,70,,66887,36,,,0,30,,66880,36,,,0,70,,66888,36,,,0,100,,66889,36,,,0,28,,66882,36,,,0,28,,66890,36,,,0,100,,66891,36,,,0
10029,'1957',626,,71418,36,,,0,30,,71419,36,,,0,80,,71420,36,,,0,70,,71421,36,,,0,30,,71422,36,,,0,70,,71423,36,,,0,27,,71424,36,,,0,100,,71425,36,,,0,70,,71426,36,,,0,30,,71427,36,,,0,70,,71428,36,,,0,30,,71429,36,,,0,70,,71430,36,,,0,30,,71431,36,,,0,70,,71432,36,,,0,101,,71433,36,,,0,35,,71434,36,,,0,70,,71435,36,,,0,30,,71436,36,,,0,70,,71437,36,,,0,29,,71438,36,,,0,67,,71439,36,,,0,25,,71440,36,,,0,70,,71441,36,,,0,30,,71442,36,,,0,100,,71443,36,,,0,95,,71444,36,,,0
10029,'1958',726,,71445,36,,,0,30,,71446,36,,,0,70,,71447,36,,,0,30,,71448,36,,,0,70,,71449,36,,,0,30,,71450,36,,,0,72,,71451,36,,,0,72,,71452,36,,,0,30,,71453,36,,,0,70,,71454,36,,,0,30,,71455,36,,,0,70,,71456,36,,,0,30,,71457,36,,,0,70,,71458,36,,,0,30,,71459,36,,,0,70,,71460,36,,,0,30,,71461,36,,,0,70,,71462,36,,,0,30,,71463,36,,,0,70,,71464,36,,,0,30,,71465,36,,,0,70,,71466,36,,,0,30,,71467,36,,,0,70,,71468,36,,,0
10029,'1959',1056,,71481,36,,,0,70,,71482,36,,,0,30,,71483,36,,,0,72,,71484,36,,,0,72,,71485,36,,,0,30,,71472,36,,,0,70,,71475,36,,,0,30,,71469,36,,,0,70,,71474,36,,,0,30,,71473,36,,,0,70,,71476,36,,,0,30,,71470,36,,,0,70,,71477,36,,,0,100,,71478,36,,,0,28,,71471,36,,,0,28,,71479,36,,,0,100,,71480,36,,,0
