4019,'1838',745,,35397,1,,,0,70,,51701,1,,,0,30,,35395,1,,,0,70,,44020,1,,,0,30,,51700,1,,,0,70,,51692,1,,,0,30,,51695,1,,,0,70,,51697,1,,,0,30,,51699,1,,,0,70,,51690,1,,,0,30,,44004,1,,,0,70,,51694,1,,,0,30,,44011,1,,,0,70,,51698,1,,,0,30,,44000,1,,,0,70,,51691,1,,,0,30,,44006,1,,,0,70,,51696,1,,,0,30,,44013,1,,,0,70,,51689,1,,,0,30,,44002,1,,,0,70,,51693,1,,,0,30,,44009,1,,,0,70,,44017,1,,,0,30,,51702,1,,,0,70,,44015,1,,,0,30,,44021,1,,,0,70,,44016,1,,,0
4019,'1897',615,,48812,1,,,0,30,,48838,1,,,0,70,,48813,1,,,0,27,,48814,1,,,0,76,,48815,1,,,0,24,,48816,1,,,0,76,,48817,1,,,0,27,,48818,1,,,0,70,,48819,1,,,0,30,,48820,1,,,0,70,,48821,1,,,0,30,,48822,1,,,0,70,,48823,1,,,0,30,,48824,1,,,0,70,,48825,1,,,0,30,,48826,1,,,0,70,,48827,1,,,0,32,,48828,1,,,0,70,,48829,1,,,0,31,,48830,1,,,0,64,,48831,1,,,0,36,,48832,1,,,0,64,,48833,1,,,0,36,,48834,1,,,0,62,,48835,1,,,0,35,,48836,1,,,0,70,,48837,1,,,0,30,,48806,1,,,0,70,,48807,1,,,0,30,,48808,1,,,0,70,,48809,1,,,0,30,,48810,1,,,0,70,,48811,1,,,0
4019,'1898',645,,48870,1,,,0,70,,48846,1,,,0,30,,48840,1,,,0,70,,48850,1,,,0,30,,48861,1,,,0,70,,48856,1,,,0,30,,48844,1,,,0,70,,48866,1,,,0,30,,48843,1,,,0,70,,48863,1,,,0,30,,48858,1,,,0,70,,48851,1,,,0,30,,48864,1,,,0,70,,48867,1,,,0,30,,48842,1,,,0,70,,48853,1,,,0,30,,48841,1,,,0,70,,48847,1,,,0,30,,48865,1,,,0,70,,48862,1,,,0,30,,48859,1,,,0,70,,48848,1,,,0,30,,48868,1,,,0,70,,48869,1,,,0,30,,48839,1,,,0,70,,48854,1,,,0,30,,48852,1,,,0,70,,48860,1,,,0,30,,48845,1,,,0,70,,48855,1,,,0,30,,48849,1,,,0,70,,48857,1,,,0
4019,'1899',745,,51726,1,,,0,70,,51727,1,,,0,30,,51724,1,,,0,70,,51728,1,,,0,30,,51725,1,,,0,70,,51709,1,,,0,30,,51713,1,,,0,70,,51717,1,,,0,30,,51720,1,,,0,70,,51705,1,,,0,30,,51708,1,,,0,70,,51712,1,,,0,30,,51716,1,,,0,70,,51718,1,,,0,30,,51704,1,,,0,70,,51707,1,,,0,30,,51711,1,,,0,70,,51715,1,,,0,30,,51719,1,,,0,70,,51703,1,,,0,30,,51706,1,,,0,70,,51710,1,,,0,30,,51714,1,,,0,70,,51723,1,,,0,30,,51729,1,,,0,70,,51721,1,,,0,30,,51730,1,,,0,70,,51722,1,,,0
4029,'1838',740,,35575,18,4,,0,70,,51732,18,4,,0,30,,35573,18,4,,0,71,,44173,18,4,,0,32,,51731,18,4,,0,869,,51734,18,4,,0,30,,44176,18,4,,0,71,,44178,18,4,,0,30,,51733,18,4,,0,70,,44171,18,4,,0,30,,44175,18,4,,0,70,,44169,18,4,,0,100,,44170,18,4,,0
4029,'1897',1945,,48901,18,4,,0,70,,48902,18,4,,0,29,,48903,18,4,,0,70,,48904,18,4,,0,30,,48905,18,4,,0,70,,48906,18,4,,0
4029,'1898',1945,,48913,18,4,,0,70,,48908,18,4,,0,28,,48914,18,4,,0,70,,48919,18,4,,0,30,,48929,18,4,,0,70,,48917,18,4,,0
4029,'1899',740,,51756,18,4,,0,70,,51758,18,4,,0,30,,51754,18,4,,0,71,,51757,18,4,,0,32,,51755,18,4,,0,869,,51762,18,4,,0,30,,51761,18,4,,0,71,,51763,18,4,,0,30,,51760,18,4,,0,70,,51753,18,4,,0,30,,51759,18,4,,0,70,,51751,18,4,,0,100,,51752,18,4,,0
502019,'1838',630,,52517,1,,,0,70,,52516,1,,,0,30,,52518,1,,,0,70,,52520,1,,,0,30,,39097,1,,,0,70,,52519,1,,,0,30,,39099,1,,,0,70,,46230,1,,,0,30,,39094,1,,,0,70,,46229,1,,,0,30,,39089,1,,,0,70,,46228,1,,,0,30,,46220,1,,,0,70,,46226,1,,,0,30,,39090,1,,,0,70,,46227,1,,,0,30,,39093,1,,,0,70,,46225,1,,,0,30,,39087,1,,,0,70,,46224,1,,,0,30,,39091,1,,,0,70,,46223,1,,,0,30,,39088,1,,,0,70,,46222,1,,,0,30,,39101,1,,,0,70,,46221,1,,,0,30,,43617,1,,,0,70,,39105,1,,,0,30,,39095,1,,,0,70,,39118,1,,,0,30,,39104,1,,,0,70,,39119,1,,,0,30,,39098,1,,,0,70,,39120,1,,,0,30,,39096,1,,,0
502019,'1897',600,,50502,1,,,0,30,,50503,1,,,0,25,,50543,1,,,0,50,,50504,1,,,0,25,,50505,1,,,0,24,,50506,1,,,0,52,,50507,1,,,0,24,,50508,1,,,0,24,,50509,1,,,0,52,,50510,1,,,0,24,,50511,1,,,0,70,,50512,1,,,0,30,,50513,1,,,0,70,,50514,1,,,0,30,,50515,1,,,0,70,,50516,1,,,0,30,,50517,1,,,0,70,,50518,1,,,0,30,,50519,1,,,0,70,,50520,1,,,0,32,,50521,1,,,0,70,,50522,1,,,0,30,,50523,1,,,0,68,,50524,1,,,0,24,,50525,1,,,0,12,,50526,1,,,0,64,,50527,1,,,0,6,,50544,1,,,0,18,,50528,1,,,0,12,,50529,1,,,0,64,,50530,1,,,0,22,,50531,1,,,0,12,,50532,1,,,0,66,,50533,1,,,0,30,,50534,1,,,0,70,,50535,1,,,0,30,,50536,1,,,0,70,,50537,1,,,0,30,,50538,1,,,0,70,,50539,1,,,0,30,,50540,1,,,0,70,,50541,1,,,0,30,,50542,1,,,0
502019,'1898',630,,50552,1,,,0,70,,50559,1,,,0,30,,50551,1,,,0,70,,50560,1,,,0,30,,50550,1,,,0,70,,50561,1,,,0,30,,50549,1,,,0,70,,50562,1,,,0,30,,50570,1,,,0,70,,50563,1,,,0,30,,50571,1,,,0,70,,50564,1,,,0,30,,50572,1,,,0,70,,50565,1,,,0,30,,50573,1,,,0,70,,50566,1,,,0,30,,50574,1,,,0,70,,50567,1,,,0,30,,50575,1,,,0,70,,50568,1,,,0,30,,50576,1,,,0,70,,50569,1,,,0,30,,50577,1,,,0,70,,50553,1,,,0,30,,50578,1,,,0,70,,50555,1,,,0,100,,50554,1,,,0,30,,50548,1,,,0,70,,50556,1,,,0,30,,50547,1,,,0,70,,50557,1,,,0,30,,50546,1,,,0,70,,50558,1,,,0,30,,50545,1,,,0
502019,'1899',630,,52535,1,,,0,70,,52521,1,,,0,30,,52538,1,,,0,70,,52552,1,,,0,30,,52532,1,,,0,70,,52551,1,,,0,30,,52534,1,,,0,70,,52550,1,,,0,30,,52529,1,,,0,70,,52549,1,,,0,30,,52524,1,,,0,70,,52548,1,,,0,30,,52527,1,,,0,70,,52546,1,,,0,30,,52525,1,,,0,70,,52547,1,,,0,30,,52528,1,,,0,70,,52545,1,,,0,30,,52522,1,,,0,70,,52544,1,,,0,30,,52526,1,,,0,70,,52543,1,,,0,30,,52523,1,,,0,70,,52542,1,,,0,30,,52536,1,,,0,70,,52541,1,,,0,30,,52537,1,,,0,70,,52540,1,,,0,30,,52530,1,,,0,70,,52553,1,,,0,30,,52539,1,,,0,70,,52554,1,,,0,30,,52533,1,,,0,70,,52555,1,,,0,30,,52531,1,,,0
502029,'1838',629,,52558,16,4,,0,28,,52556,16,4,,0,65,,52557,16,4,,0,30,,52560,16,4,,0,71,,39296,16,4,,0,30,,52559,16,4,,0,72,,39294,16,4,,0,30,,46384,16,4,,0,70,,39283,16,4,,0,30,,46383,16,4,,0,55,,52565,16,4,,0,16,,39284,16,4,,0,16,,52566,16,4,,0,15,,46382,16,4,,0,55,,52568,16,4,,0,15,,46374,16,4,,0,15,,46389,16,4,,0,15,,46381,16,4,,0,55,,52563,16,4,,0,15,,39286,16,4,,0,15,,46393,16,4,,0,15,,46380,16,4,,0,55,,52567,16,4,,0,16,,39287,16,4,,0,15,,46397,16,4,,0,15,,46379,16,4,,0,55,,52561,16,4,,0,15,,39288,16,4,,0,15,,46390,16,4,,0,15,,46378,16,4,,0,54,,52564,16,4,,0,14,,39289,16,4,,0,14,,46394,16,4,,0,15,,46377,16,4,,0,55,,52569,16,4,,0,15,,39290,16,4,,0,15,,46387,16,4,,0,15,,46376,16,4,,0,55,,52562,16,4,,0,15,,39299,16,4,,0,30,,46375,16,4,,0,70,,43630,16,4,,0,30,,39304,16,4,,0,70,,39292,16,4,,0,30,,39303,16,4,,0,70,,39293,16,4,,0,30,,39301,16,4,,0,68,,39298,16,4,,0,30,,39302,16,4,,0,70,,39295,16,4,,0
502029,'1897',555,,50592,16,4,,0,55,,50593,16,4,,0,15,,50594,16,4,,0,17,,50595,16,4,,0,7,,50596,16,4,,0,8,,50597,16,4,,0,56,,50598,16,4,,0,13,,50599,16,4,,0,13,,50600,16,4,,0,13,,50601,16,4,,0,7,,50602,16,4,,0,46,,50603,16,4,,0,12,,50604,16,4,,0,6,,50605,16,4,,0,6,,50606,16,4,,0,12,,50607,16,4,,0,12,,50608,16,4,,0,52,,50609,16,4,,0,10,,50610,16,4,,0,13,,50611,16,4,,0,14,,50612,16,4,,0,15,,50613,16,4,,0,55,,50614,16,4,,0,15,,50615,16,4,,0,15,,50616,16,4,,0,16,,50617,16,4,,0,55,,50618,16,4,,0,15,,50619,16,4,,0,16,,50620,16,4,,0,15,,50621,16,4,,0,55,,50622,16,4,,0,15,,50623,16,4,,0,15,,50624,16,4,,0,15,,50625,16,4,,0,55,,50626,16,4,,0,15,,50627,16,4,,0,15,,50628,16,4,,0,15,,50629,16,4,,0,55,,50630,16,4,,0,15,,50631,16,4,,0,16,,50632,16,4,,0,56,,50633,16,4,,0,15,,50634,16,4,,0,15,,50635,16,4,,0,15,,50636,16,4,,0,12,,50637,16,4,,0,52,,50638,16,4,,0,12,,50639,16,4,,0,12,,50640,16,4,,0,11,,50641,16,4,,0,12,,50642,16,4,,0,52,,50643,16,4,,0,12,,50644,16,4,,0,11,,50645,16,4,,0,11,,50646,16,4,,0,12,,50647,16,4,,0,52,,50648,16,4,,0,11,,50649,16,4,,0,12,,50650,16,4,,0,12,,50651,16,4,,0,15,,50652,16,4,,0,55,,50662,16,4,,0,14,,50653,16,4,,0,29,,50654,16,4,,0,70,,50655,16,4,,0,30,,50656,16,4,,0,70,,50657,16,4,,0,30,,50658,16,4,,0,70,,50659,16,4,,0,30,,50660,16,4,,0,70,,50661,16,4,,0
502029,'1898',627,,50670,16,4,,0,15,,50716,16,4,,0,15,,50677,16,4,,0,70,,50669,16,4,,0,30,,50678,16,4,,0,66,,50668,16,4,,0,30,,50679,16,4,,0,72,,50667,16,4,,0,30,,50680,16,4,,0,55,,50681,16,4,,0,15,,50707,16,4,,0,15,,50690,16,4,,0,15,,50699,16,4,,0,55,,50682,16,4,,0,16,,50708,16,4,,0,16,,50691,16,4,,0,15,,50700,16,4,,0,55,,50683,16,4,,0,15,,50709,16,4,,0,15,,50692,16,4,,0,15,,50701,16,4,,0,55,,50684,16,4,,0,15,,50710,16,4,,0,15,,50693,16,4,,0,15,,50702,16,4,,0,55,,50685,16,4,,0,16,,50711,16,4,,0,15,,50694,16,4,,0,15,,50703,16,4,,0,55,,50686,16,4,,0,15,,50712,16,4,,0,15,,50695,16,4,,0,15,,50704,16,4,,0,54,,50687,16,4,,0,14,,50713,16,4,,0,14,,50696,16,4,,0,15,,50705,16,4,,0,55,,50688,16,4,,0,15,,50714,16,4,,0,15,,50697,16,4,,0,15,,50672,16,4,,0,55,,50689,16,4,,0,15,,50706,16,4,,0,15,,50698,16,4,,0,15,,50673,16,4,,0,55,,50715,16,4,,0,45,,50674,16,4,,0,70,,50666,16,4,,0,30,,50675,16,4,,0,70,,50665,16,4,,0,30,,50671,16,4,,0,68,,50664,16,4,,0,30,,50676,16,4,,0,70,,50663,16,4,,0
502029,'1899',629,,52588,16,4,,0,28,,52570,16,4,,0,65,,52579,16,4,,0,30,,52604,16,4,,0,71,,52584,16,4,,0,30,,52603,16,4,,0,72,,52582,16,4,,0,30,,52602,16,4,,0,70,,52571,16,4,,0,30,,52601,16,4,,0,55,,52613,16,4,,0,16,,52572,16,4,,0,16,,52615,16,4,,0,15,,52600,16,4,,0,55,,52618,16,4,,0,15,,52573,16,4,,0,15,,52607,16,4,,0,15,,52599,16,4,,0,55,,52610,16,4,,0,15,,52574,16,4,,0,15,,52612,16,4,,0,15,,52598,16,4,,0,55,,52616,16,4,,0,16,,52575,16,4,,0,15,,52617,16,4,,0,15,,52597,16,4,,0,55,,52606,16,4,,0,15,,52576,16,4,,0,15,,52609,16,4,,0,15,,52596,16,4,,0,54,,52611,16,4,,0,14,,52577,16,4,,0,14,,52614,16,4,,0,15,,52595,16,4,,0,55,,52619,16,4,,0,15,,52578,16,4,,0,15,,52605,16,4,,0,15,,52594,16,4,,0,55,,52608,16,4,,0,15,,52587,16,4,,0,30,,52593,16,4,,0,70,,52585,16,4,,0,30,,52592,16,4,,0,70,,52580,16,4,,0,30,,52591,16,4,,0,70,,52581,16,4,,0,30,,52589,16,4,,0,68,,52586,16,4,,0,30,,52590,16,4,,0,70,,52583,16,4,,0
701019,'1897',1705,,51004,9,4,,0
14000001019,'1838',2426,2,52974,33,,,0,30,2,52973,33,,,0,70,2,52978,33,,,0,30,2,52975,33,,,0,70,2,52976,33,,,0
14000001019,'1897',2426,2,51500,33,,,0,30,2,51497,33,,,0,70,2,51501,33,,,0,30,2,51499,33,,,0,70,2,51498,33,,,0
14000001019,'1898',2426,2,51508,33,,,0,30,2,51509,33,,,0,70,2,51510,33,,,0,30,2,51511,33,,,0,70,2,51506,33,,,0
14000001019,'1899',2426,2,52979,33,,,0,30,2,52981,33,,,0,70,2,52982,33,,,0,30,2,52983,33,,,0,70,2,52984,33,,,0
