4019,'1912',1943,,70648,17,4,,0,100,,70646,17,4,,0,100,,70647,17,4,,0
4019,'1959',1943,,70761,17,4,,0,100,,70759,17,4,,0,100,,70760,17,4,,0
4019,'1966',2043,,70731,17,4,,0,100,,70726,17,4,,0,100,,70728,17,4,,0
4019,'1967',1943,,70725,17,4,,0,70,,70723,17,4,,0,100,,70716,17,4,,0
4019,'1969',1943,,70673,17,4,,0,100,,70671,17,4,,0,100,,70672,17,4,,0
4019,'1971',2043,,74180,17,4,,0,100,,74178,17,4,,0,100,,74179,17,4,,0
4029,'1912',715,,70787,1,,,0,30,,60008,1,,,0,70,,70786,1,,,0,30,,70788,1,,,0,69,,60005,1,,,0,30,,70779,1,,,0,68,,70782,1,,,0,30,,70767,1,,,0,70,,70772,1,,,0,30,,70775,1,,,0,68,,70778,1,,,0,30,,70780,1,,,0,70,,70768,1,,,0,30,,70771,1,,,0,70,,70774,1,,,0,30,,70777,1,,,0,70,,70781,1,,,0,30,,70769,1,,,0,70,,70770,1,,,0,30,,70773,1,,,0,70,,70776,1,,,0,30,,66240,1,,,0,70,,70791,1,,,0,35,,70792,1,,,0,70,,70790,1,,,0,30,,70785,1,,,0,70,,70789,1,,,0,30,,70783,1,,,0,100,,70784,1,,,0
4029,'1959',715,,70894,1,,,0,30,,60037,1,,,0,70,,70893,1,,,0,30,,70895,1,,,0,69,,60034,1,,,0,30,,70886,1,,,0,68,,70889,1,,,0,30,,70874,1,,,0,70,,70879,1,,,0,30,,70882,1,,,0,68,,70885,1,,,0,30,,70887,1,,,0,70,,70875,1,,,0,30,,70878,1,,,0,70,,70881,1,,,0,30,,70884,1,,,0,70,,70888,1,,,0,30,,70876,1,,,0,70,,70877,1,,,0,30,,70880,1,,,0,70,,70883,1,,,0,30,,66267,1,,,0,70,,70898,1,,,0,35,,70899,1,,,0,70,,70897,1,,,0,30,,70892,1,,,0,70,,70896,1,,,0,30,,70890,1,,,0,100,,70891,1,,,0
4029,'1965',615,,70819,1,,,0,100,,70821,1,,,0,100,,70823,1,,,0,24,,59926,1,,,0,201,,66313,1,,,0,70,,70827,1,,,0,30,,70828,1,,,0,70,,70829,1,,,0,30,,70830,1,,,0,70,,66314,1,,,0,100,,70832,1,,,0,100,,70834,1,,,0,36,,66317,1,,,0,64,,66318,1,,,0,36,,70835,1,,,0,64,,59943,1,,,0,36,,59944,1,,,0,68,,70836,1,,,0,201,,70840,1,,,0,100,,66322,1,,,0,30,,70842,1,,,0
4029,'1966',617,,59977,1,,,0,128,,70869,1,,,0,70,,70870,1,,,0,99,,70872,1,,,0,30,,70860,1,,,0,66,,70854,1,,,0,30,,70847,1,,,0,70,,70858,1,,,0,30,,70864,1,,,0,70,,70859,1,,,0,30,,70846,1,,,0,70,,70851,1,,,0,30,,70862,1,,,0,70,,70845,1,,,0,30,,70861,1,,,0,70,,70856,1,,,0,30,,70848,1,,,0,70,,70843,1,,,0,30,,70863,1,,,0,70,,70866,1,,,0,30,,70857,1,,,0,70,,70852,1,,,0,30,,70873,1,,,0,103,,70844,1,,,0,102,,70855,1,,,0,100,,70853,1,,,0
4029,'1967',645,,70867,1,,,0,70,,70868,1,,,0,130,,70871,1,,,0,1068,,70849,1,,,0,102,,70850,1,,,0,100,,70865,1,,,0
4029,'1969',715,,70813,1,,,0,30,,60066,1,,,0,70,,70812,1,,,0,30,,70814,1,,,0,69,,60063,1,,,0,30,,70805,1,,,0,68,,70808,1,,,0,30,,70793,1,,,0,70,,70798,1,,,0,30,,70801,1,,,0,68,,70804,1,,,0,30,,70806,1,,,0,70,,70794,1,,,0,30,,70797,1,,,0,70,,70800,1,,,0,30,,70803,1,,,0,70,,70807,1,,,0,30,,70795,1,,,0,70,,70796,1,,,0,30,,70799,1,,,0,70,,70802,1,,,0,30,,66294,1,,,0,70,,70817,1,,,0,35,,70818,1,,,0,70,,70816,1,,,0,30,,70811,1,,,0,70,,70815,1,,,0,30,,70809,1,,,0,100,,70810,1,,,0
4029,'1970',645,,74183,1,,,0,94,,74184,1,,,0,171,,74185,1,,,0,30,,74186,1,,,0,70,,74187,1,,,0,330,,74188,1,,,0,105,,74189,1,,,0,398,,74190,1,,,0,70,,74191,1,,,0,30,,74192,1,,,0,102,,74193,1,,,0
4029,'1971',617,,74215,1,,,0,128,,74216,1,,,0,70,,74217,1,,,0,99,,74218,1,,,0,30,,74209,1,,,0,66,,74203,1,,,0,30,,74198,1,,,0,70,,74207,1,,,0,30,,74213,1,,,0,70,,74208,1,,,0,30,,74197,1,,,0,70,,74200,1,,,0,30,,74211,1,,,0,70,,74196,1,,,0,30,,74210,1,,,0,70,,74205,1,,,0,30,,74199,1,,,0,70,,74194,1,,,0,30,,74212,1,,,0,70,,74214,1,,,0,30,,74206,1,,,0,70,,74201,1,,,0,30,,74219,1,,,0,103,,74195,1,,,0,102,,74204,1,,,0,100,,74202,1,,,0
501019,'1912',603,,62927,1,,,0,30,,72182,1,,,0,67,,62926,1,,,0,30,,72181,1,,,0,70,,62929,1,,,0,30,,72183,1,,,0,70,,72180,1,,,0,30,,67874,1,,,0,70,,72174,1,,,0,30,,67866,1,,,0,70,,72173,1,,,0,30,,67867,1,,,0,70,,72176,1,,,0,30,,67868,1,,,0,70,,72172,1,,,0,30,,67873,1,,,0,70,,72171,1,,,0,30,,67872,1,,,0,70,,72170,1,,,0,30,,67869,1,,,0,70,,72169,1,,,0,30,,67871,1,,,0,70,,72175,1,,,0,30,,67870,1,,,0,70,,72179,1,,,0,30,,67878,1,,,0,70,,72178,1,,,0,30,,67881,1,,,0,70,,72177,1,,,0,30,,67853,1,,,0,70,,62923,1,,,0,30,,67879,1,,,0,70,,62922,1,,,0,30,,67880,1,,,0,70,,62921,1,,,0
501019,'1959',603,,62962,1,,,0,30,,72266,1,,,0,67,,62961,1,,,0,30,,72265,1,,,0,70,,62964,1,,,0,30,,72267,1,,,0,70,,72264,1,,,0,30,,67903,1,,,0,70,,72258,1,,,0,30,,67895,1,,,0,70,,72257,1,,,0,30,,67896,1,,,0,70,,72260,1,,,0,30,,67897,1,,,0,70,,72256,1,,,0,30,,67902,1,,,0,70,,72255,1,,,0,30,,67901,1,,,0,70,,72254,1,,,0,30,,67898,1,,,0,70,,72253,1,,,0,30,,67900,1,,,0,70,,72259,1,,,0,30,,67899,1,,,0,70,,72263,1,,,0,30,,67907,1,,,0,70,,72262,1,,,0,30,,67910,1,,,0,70,,72261,1,,,0,30,,67882,1,,,0,70,,62958,1,,,0,30,,67908,1,,,0,70,,62957,1,,,0,30,,67909,1,,,0,70,,62956,1,,,0
501019,'1965',600,,62836,1,,,0,30,,72199,1,,,0,73,,62838,1,,,0,24,,72200,1,,,0,76,,72202,1,,,0,24,,72203,1,,,0,103,,67965,1,,,0,70,,72206,1,,,0,30,,72207,1,,,0,70,,72208,1,,,0,30,,72209,1,,,0,70,,67966,1,,,0,100,,72211,1,,,0,30,,72212,1,,,0,70,,72213,1,,,0,26,,67968,1,,,0,12,,72214,1,,,0,62,,72215,1,,,0,24,,72216,1,,,0,12,,72217,1,,,0,64,,72218,1,,,0,24,,72219,1,,,0,12,,62862,1,,,0,88,,67974,1,,,0,12,,72221,1,,,0,94,,67977,1,,,0,70,,72222,1,,,0,100,,62870,1,,,0,30,,72223,1,,,0,70,,67980,1,,,0,30,,72224,1,,,0,70,,67982,1,,,0,30,,72225,1,,,0,70,,62876,1,,,0
501019,'1966',633,,72233,1,,,0,267,,72227,1,,,0,100,,72237,1,,,0,30,,72247,1,,,0,70,,72238,1,,,0,30,,72248,1,,,0,70,,72239,1,,,0,30,,72249,1,,,0,70,,72240,1,,,0,30,,72250,1,,,0,70,,72241,1,,,0,30,,72251,1,,,0,70,,72242,1,,,0,30,,72252,1,,,0,70,,72243,1,,,0,30,,72245,1,,,0,70,,72244,1,,,0,30,,72246,1,,,0,70,,72226,1,,,0,30,,72236,1,,,0,100,,72234,1,,,0,100,,72235,1,,,0
501019,'1967',603,,72230,1,,,0,97,,72229,1,,,0,30,,72232,1,,,0,70,,72228,1,,,0,30,,67831,1,,,0,100,,72231,1,,,0,970,,62881,1,,,0,100,,62880,1,,,0,100,,62879,1,,,0,30,,67832,1,,,0,70,,62878,1,,,0,30,,67833,1,,,0,70,,62877,1,,,0
501019,'1969',603,,62997,1,,,0,30,,72197,1,,,0,67,,62996,1,,,0,30,,72196,1,,,0,70,,62999,1,,,0,30,,72198,1,,,0,70,,72195,1,,,0,30,,67932,1,,,0,70,,72189,1,,,0,30,,67924,1,,,0,70,,72188,1,,,0,30,,67925,1,,,0,70,,72191,1,,,0,30,,67926,1,,,0,70,,72187,1,,,0,30,,67931,1,,,0,70,,72186,1,,,0,30,,67930,1,,,0,70,,72185,1,,,0,30,,67927,1,,,0,70,,72184,1,,,0,30,,67929,1,,,0,70,,72190,1,,,0,30,,67928,1,,,0,70,,72194,1,,,0,30,,67936,1,,,0,70,,72193,1,,,0,30,,67939,1,,,0,70,,72192,1,,,0,30,,67911,1,,,0,70,,62993,1,,,0,30,,67937,1,,,0,70,,62992,1,,,0,30,,67938,1,,,0,70,,62991,1,,,0
501019,'1970',751,,74801,1,,,0,98,,74802,1,,,0,51,,74803,1,,,0,330,,74804,1,,,0,470,,74805,1,,,0,102,,74806,1,,,0,128,,74807,1,,,0
501019,'1971',633,,74810,1,,,0,267,,74809,1,,,0,100,,74814,1,,,0,30,,74824,1,,,0,70,,74815,1,,,0,30,,74825,1,,,0,70,,74816,1,,,0,30,,74826,1,,,0,70,,74817,1,,,0,30,,74827,1,,,0,70,,74818,1,,,0,30,,74828,1,,,0,70,,74819,1,,,0,30,,74829,1,,,0,70,,74820,1,,,0,30,,74822,1,,,0,70,,74821,1,,,0,30,,74823,1,,,0,70,,74808,1,,,0,30,,74813,1,,,0,100,,74811,1,,,0,100,,74812,1,,,0
501029,'1912',602,,63203,4,4,,0,30,,72282,4,4,,0,20,,63220,16,4,,0,70,,72281,16,4,,0,30,,63219,16,4,,0,70,,72280,16,4,,0,30,,63218,16,4,,0,70,,72283,16,4,,0,31,,72279,16,4,,0,75,,68056,16,4,,0,15,,72293,16,4,,0,15,,72274,16,4,,0,56,,72297,16,4,,0,16,,68049,16,4,,0,15,,72299,16,4,,0,55,,72275,16,4,,0,15,,72286,16,4,,0,15,,68050,16,4,,0,15,,72289,16,4,,0,55,,72269,16,4,,0,15,,72292,16,4,,0,15,,68055,16,4,,0,15,,72295,16,4,,0,55,,72270,16,4,,0,15,,72300,16,4,,0,15,,68054,16,4,,0,15,,72285,16,4,,0,55,,72272,16,4,,0,15,,72288,16,4,,0,15,,68052,16,4,,0,15,,72291,16,4,,0,55,,72268,16,4,,0,15,,72296,16,4,,0,15,,68051,16,4,,0,15,,72298,16,4,,0,55,,72273,16,4,,0,15,,72284,16,4,,0,14,,68053,16,4,,0,15,,72287,16,4,,0,15,,72271,16,4,,0,55,,72290,16,4,,0,15,,68063,16,4,,0,30,,72278,16,4,,0,71,,68066,16,4,,0,15,,72294,16,4,,0,10,,72277,16,4,,0,68,,68062,16,4,,0,29,,72276,16,4,,0,70,,68064,16,4,,0,30,,63214,16,4,,0,70,,68065,16,4,,0,30,,63213,16,4,,0,70,,68061,16,4,,0,26,,63212,16,4,,0
501029,'1959',602,,63257,4,4,,0,30,,72447,4,4,,0,20,,63274,16,4,,0,70,,72446,16,4,,0,30,,63273,16,4,,0,70,,72445,16,4,,0,30,,63272,16,4,,0,70,,72448,16,4,,0,31,,72444,16,4,,0,75,,68103,16,4,,0,15,,72458,16,4,,0,15,,72439,16,4,,0,56,,72462,16,4,,0,16,,68096,16,4,,0,15,,72464,16,4,,0,55,,72440,16,4,,0,15,,72451,16,4,,0,15,,68097,16,4,,0,15,,72454,16,4,,0,55,,72434,16,4,,0,15,,72457,16,4,,0,15,,68102,16,4,,0,15,,72460,16,4,,0,55,,72435,16,4,,0,15,,72465,16,4,,0,15,,68101,16,4,,0,15,,72450,16,4,,0,55,,72437,16,4,,0,15,,72453,16,4,,0,15,,68099,16,4,,0,15,,72456,16,4,,0,55,,72433,16,4,,0,15,,72461,16,4,,0,15,,68098,16,4,,0,15,,72463,16,4,,0,55,,72438,16,4,,0,15,,72449,16,4,,0,14,,68100,16,4,,0,15,,72452,16,4,,0,15,,72436,16,4,,0,55,,72455,16,4,,0,15,,68110,16,4,,0,30,,72443,16,4,,0,71,,68113,16,4,,0,15,,72459,16,4,,0,10,,72442,16,4,,0,68,,68109,16,4,,0,29,,72441,16,4,,0,70,,68111,16,4,,0,30,,63268,16,4,,0,70,,68112,16,4,,0,30,,63267,16,4,,0,70,,68108,16,4,,0,26,,63266,16,4,,0
501029,'1965',558,,63073,16,4,,0,71,,72381,4,4,,0,27,,63074,16,4,,0,60,,72336,16,4,,0,10,,72337,16,4,,0,75,,63078,16,4,,0,17,,72339,16,4,,0,12,,72340,16,4,,0,18,,63139,16,4,,0,56,,72343,16,4,,0,15,,72344,16,4,,0,12,,72345,16,4,,0,15,,63086,16,4,,0,85,,68221,16,4,,0,70,,72349,16,4,,0,31,,72351,16,4,,0,15,,68222,16,4,,0,55,,72352,16,4,,0,15,,72353,16,4,,0,15,,72354,16,4,,0,15,,72355,16,4,,0,55,,68223,16,4,,0,15,,72356,16,4,,0,30,,72358,16,4,,0,56,,72359,16,4,,0,15,,68225,16,4,,0,16,,72360,16,4,,0,25,,72382,4,4,,0,48,,72334,16,4,,0,15,,72335,16,4,,0,12,,68226,16,4,,0,6,,68246,16,4,,0,6,,72362,16,4,,0,64,,72364,16,4,,0,12,,72365,16,4,,0,12,,72366,16,4,,0,6,,72380,16,4,,0,6,,72367,16,4,,0,12,,68231,16,4,,0,52,,72368,16,4,,0,9,,68232,16,4,,0,12,,72369,16,4,,0,10,,63118,16,4,,0,10,,72370,16,4,,0,64,,63121,16,4,,0,12,,68235,16,4,,0,12,,72372,16,4,,0,12,,63124,16,4,,0,64,,72373,16,4,,0,15,,68239,16,4,,0,70,,72375,16,4,,0,100,,63131,16,4,,0,28,,72376,16,4,,0,25,,68242,16,4,,0,70,,72377,16,4,,0,30,,68244,16,4,,0,70,,72378,16,4,,0,26,,63137,16,4,,0
501029,'1966',632,,72394,4,4,,0,96,,72392,16,4,,0,230,,72385,16,4,,0,55,,72383,16,4,,0,31,,72390,16,4,,0,56,,72400,16,4,,0,15,,72409,16,4,,0,15,,72426,16,4,,0,15,,72418,16,4,,0,55,,72401,16,4,,0,16,,72410,16,4,,0,16,,72427,16,4,,0,15,,72419,16,4,,0,55,,72402,16,4,,0,15,,72411,16,4,,0,15,,72428,16,4,,0,15,,72420,16,4,,0,55,,72403,16,4,,0,15,,72412,16,4,,0,15,,72429,16,4,,0,15,,72421,16,4,,0,55,,72404,16,4,,0,15,,72413,16,4,,0,15,,72430,16,4,,0,15,,72422,16,4,,0,55,,72405,16,4,,0,15,,72414,16,4,,0,15,,72431,16,4,,0,15,,72423,16,4,,0,55,,72406,16,4,,0,15,,72415,16,4,,0,15,,72408,16,4,,0,15,,72424,16,4,,0,55,,72407,16,4,,0,15,,72416,16,4,,0,15,,72397,16,4,,0,15,,72399,16,4,,0,55,,72384,16,4,,0,14,,72417,16,4,,0,14,,72398,16,4,,0,15,,72432,16,4,,0,83,,72395,16,4,,0,95,,72396,16,4,,0
501029,'1967',602,,72389,4,4,,0,51,,72388,16,4,,0,90,,72425,16,4,,0,15,,72387,16,4,,0,70,,72393,16,4,,0,30,,72386,16,4,,0,70,,67993,16,4,,0,100,,72391,16,4,,0,972,,63149,16,4,,0,53,,63148,16,4,,0,100,,63147,16,4,,0,70,,67998,16,4,,0,28,,63146,16,4,,0,70,,67997,16,4,,0,27,,63145,16,4,,0
501029,'1969',602,,63311,4,4,,0,30,,72315,4,4,,0,20,,63328,16,4,,0,70,,72314,16,4,,0,30,,63327,16,4,,0,70,,72313,16,4,,0,30,,63326,16,4,,0,70,,72316,16,4,,0,31,,72312,16,4,,0,75,,68150,16,4,,0,15,,72326,16,4,,0,15,,72307,16,4,,0,56,,72330,16,4,,0,16,,68143,16,4,,0,15,,72332,16,4,,0,55,,72308,16,4,,0,15,,72319,16,4,,0,15,,68144,16,4,,0,15,,72322,16,4,,0,55,,72302,16,4,,0,15,,72325,16,4,,0,15,,68149,16,4,,0,15,,72328,16,4,,0,55,,72303,16,4,,0,15,,72333,16,4,,0,15,,68148,16,4,,0,15,,72318,16,4,,0,55,,72305,16,4,,0,15,,72321,16,4,,0,15,,68146,16,4,,0,15,,72324,16,4,,0,55,,72301,16,4,,0,15,,72329,16,4,,0,15,,68145,16,4,,0,15,,72331,16,4,,0,55,,72306,16,4,,0,15,,72317,16,4,,0,14,,68147,16,4,,0,15,,72320,16,4,,0,15,,72304,16,4,,0,55,,72323,16,4,,0,15,,68157,16,4,,0,30,,72311,16,4,,0,71,,68160,16,4,,0,15,,72327,16,4,,0,10,,72310,16,4,,0,68,,68156,16,4,,0,29,,72309,16,4,,0,70,,68158,16,4,,0,30,,63322,16,4,,0,70,,68159,16,4,,0,30,,63321,16,4,,0,70,,68155,16,4,,0,26,,63320,16,4,,0
501029,'1970',706,,74844,16,4,,0,40,,74830,16,4,,0,97,,74831,16,4,,0,10,,74832,16,4,,0,148,,74833,16,4,,0,15,,74834,16,4,,0,30,,74835,16,4,,0,70,,74836,16,4,,0,216,,74837,16,4,,0,118,,74838,16,4,,0,108,,74839,16,4,,0,245,,74840,16,4,,0,100,,74841,16,4,,0,42,,74842,16,4,,0,85,,74843,16,4,,0
501029,'1971',632,,74850,4,4,,0,96,,74849,16,4,,0,230,,74847,16,4,,0,55,,74845,16,4,,0,31,,74848,16,4,,0,56,,74856,16,4,,0,15,,74865,16,4,,0,15,,74881,16,4,,0,15,,74874,16,4,,0,55,,74857,16,4,,0,16,,74866,16,4,,0,16,,74882,16,4,,0,15,,74875,16,4,,0,55,,74858,16,4,,0,15,,74867,16,4,,0,15,,74883,16,4,,0,15,,74876,16,4,,0,55,,74859,16,4,,0,15,,74868,16,4,,0,15,,74884,16,4,,0,15,,74877,16,4,,0,55,,74860,16,4,,0,15,,74869,16,4,,0,15,,74885,16,4,,0,15,,74878,16,4,,0,55,,74861,16,4,,0,15,,74870,16,4,,0,15,,74886,16,4,,0,15,,74879,16,4,,0,55,,74862,16,4,,0,15,,74871,16,4,,0,15,,74864,16,4,,0,15,,74880,16,4,,0,55,,74863,16,4,,0,15,,74872,16,4,,0,15,,74853,16,4,,0,15,,74855,16,4,,0,55,,74846,16,4,,0,14,,74873,16,4,,0,14,,74854,16,4,,0,15,,74888,16,4,,0,83,,74851,16,4,,0,95,,74852,16,4,,0
