2019,'1912',642,,73883,8,,,0,70,,73860,8,,,0,30,,73864,8,,,0,70,,73876,8,,,0,30,,73871,8,,,0,70,,73861,8,,,0,30,,73865,8,,,0,70,,73877,8,,,0,30,,73872,8,,,0,70,,73862,8,,,0,30,,73866,8,,,0,70,,73878,8,,,0,30,,73873,8,,,0,70,,73863,8,,,0,30,,73867,8,,,0,70,,73879,8,,,0,30,,73874,8,,,0,70,,73858,8,,,0,30,,73868,8,,,0,70,,73880,8,,,0,30,,73875,8,,,0,70,,73856,8,,,0,30,,73869,8,,,0,70,,73881,8,,,0,100,,73857,8,,,0,100,,73882,8,,,0,100,,73859,8,,,0,100,,73870,8,,,0,99,,73884,8,,,0
2019,'1959',642,,73975,8,,,0,70,,73952,8,,,0,30,,73956,8,,,0,70,,73968,8,,,0,30,,73963,8,,,0,70,,73953,8,,,0,30,,73957,8,,,0,70,,73969,8,,,0,30,,73964,8,,,0,70,,73954,8,,,0,30,,73958,8,,,0,70,,73970,8,,,0,30,,73965,8,,,0,70,,73955,8,,,0,30,,73959,8,,,0,70,,73971,8,,,0,30,,73966,8,,,0,70,,73950,8,,,0,30,,73960,8,,,0,70,,73972,8,,,0,30,,73967,8,,,0,70,,73948,8,,,0,30,,73961,8,,,0,70,,73973,8,,,0,100,,73949,8,,,0,100,,73974,8,,,0,100,,73951,8,,,0,100,,73962,8,,,0,99,,73976,8,,,0
2019,'1967',641,,73924,8,,,0,70,,73933,8,,,0,30,,73940,8,,,0,70,,73918,8,,,0,30,,73925,8,,,0,70,,73934,8,,,0,30,,73941,8,,,0,71,,73919,8,,,0,30,,73926,8,,,0,70,,73935,8,,,0,30,,73942,8,,,0,70,,73920,8,,,0,30,,73927,8,,,0,70,,73936,8,,,0,30,,73943,8,,,0,70,,73921,8,,,0,30,,73928,8,,,0,70,,73937,8,,,0,30,,73944,8,,,0,70,,73922,8,,,0,30,,73929,8,,,0,70,,73938,8,,,0,30,,73945,8,,,0,70,,73923,8,,,0,30,,73930,8,,,0,70,,73939,8,,,0,100,,73931,8,,,0,100,,73946,8,,,0,100,,73932,8,,,0,100,,73947,8,,,0
2019,'1969',642,,74004,8,,,0,70,,73981,8,,,0,30,,73985,8,,,0,70,,73997,8,,,0,30,,73992,8,,,0,70,,73982,8,,,0,30,,73986,8,,,0,70,,73998,8,,,0,30,,73993,8,,,0,70,,73983,8,,,0,30,,73987,8,,,0,70,,73999,8,,,0,30,,73994,8,,,0,70,,73984,8,,,0,30,,73988,8,,,0,70,,74000,8,,,0,30,,73995,8,,,0,70,,73979,8,,,0,30,,73989,8,,,0,70,,74001,8,,,0,30,,73996,8,,,0,70,,73977,8,,,0,30,,73990,8,,,0,70,,74002,8,,,0,100,,73978,8,,,0,100,,74003,8,,,0,100,,73980,8,,,0,100,,73991,8,,,0,99,,74005,8,,,0
2019,'1976',613,,73885,8,,,0,28,,73886,8,,,0,71,,73887,8,,,0,30,,73888,8,,,0,70,,73889,8,,,0,30,,73890,8,,,0,69,,73907,8,,,0,30,,73908,8,,,0,70,,73909,8,,,0,30,,73910,8,,,0,70,,73911,8,,,0,30,,73912,8,,,0,70,,73913,8,,,0,30,,73914,8,,,0,70,,73915,8,,,0,30,,73905,8,,,0,70,,73906,8,,,0,30,,73891,8,,,0,70,,73892,8,,,0,30,,73893,8,,,0,70,,73894,8,,,0,30,,73895,8,,,0,70,,73896,8,,,0,29,,73897,8,,,0,70,,73898,8,,,0,30,,73904,8,,,0,70,,73899,8,,,0,100,,73900,8,,,0,100,,73901,8,,,0,100,,73902,8,,,0,100,,73903,8,,,0
2019,'1977',613,,75141,8,,,0,28,,75142,8,,,0,71,,75143,8,,,0,30,,75144,8,,,0,70,,75145,8,,,0,30,,75146,8,,,0,69,,75163,8,,,0,30,,75164,8,,,0,70,,75165,8,,,0,30,,75166,8,,,0,70,,75167,8,,,0,30,,75168,8,,,0,70,,75169,8,,,0,30,,75170,8,,,0,70,,75171,8,,,0,30,,75161,8,,,0,70,,75162,8,,,0,30,,75147,8,,,0,70,,75148,8,,,0,30,,75149,8,,,0,70,,75150,8,,,0,30,,75151,8,,,0,70,,75152,8,,,0,29,,75153,8,,,0,70,,75154,8,,,0,30,,75160,8,,,0,70,,75155,8,,,0,100,,75156,8,,,0,100,,75157,8,,,0,100,,75158,8,,,0,100,,75159,8,,,0
32019,'1912',557,,74687,10,,,0,96,,74670,40,,,0,100,,74671,40,,,0,100,,74672,40,,,0,100,,74673,40,,,0,100,,74674,40,,,0,102,,74675,40,,,0,100,,74676,40,,,0,100,,74677,40,,,0,100,,74678,40,,,0,100,,74679,40,,,0,100,,74680,40,,,0,100,,74681,40,,,0,99,,74682,40,,,0,100,,74683,40,,,0,100,,74684,40,,,0,99,,74685,40,,,0,100,,74686,40,,,0
32019,'1959',557,,74780,10,,,0,96,,74763,40,,,0,100,,74764,40,,,0,100,,74765,40,,,0,100,,74766,40,,,0,100,,74767,40,,,0,102,,74768,40,,,0,100,,74769,40,,,0,100,,74770,40,,,0,100,,74771,40,,,0,100,,74772,40,,,0,100,,74773,40,,,0,100,,74774,40,,,0,99,,74775,40,,,0,100,,74776,40,,,0,100,,74777,40,,,0,99,,74778,40,,,0,100,,74779,40,,,0
32019,'1967',527,,74762,10,,,0,30,,74761,10,,,0,70,,74744,10,,,0,26,,74737,40,,,0,70,,74754,40,,,0,30,,74731,40,,,0,70,,74748,40,,,0,30,,74755,40,,,0,70,,74743,40,,,0,30,,74736,40,,,0,72,,74753,40,,,0,30,,74730,40,,,0,70,,74747,40,,,0,30,,74758,40,,,0,70,,74742,40,,,0,30,,74735,40,,,0,70,,74752,40,,,0,30,,74729,40,,,0,70,,74746,40,,,0,30,,74757,40,,,0,70,,74741,40,,,0,30,,74734,40,,,0,70,,74751,40,,,0,30,,74728,40,,,0,70,,74745,40,,,0,30,,74759,40,,,0,70,,74740,40,,,0,29,,74733,40,,,0,70,,74749,40,,,0,30,,74727,40,,,0,70,,74739,10,,,0,30,,74756,40,,,0,70,,74750,10,,,0,30,,74732,40,,,0,70,,74738,10,,,0,30,,74726,40,,,0
32019,'1969',557,,74799,10,,,0,96,,74782,40,,,0,100,,74783,40,,,0,100,,74784,40,,,0,100,,74785,40,,,0,100,,74786,40,,,0,102,,74787,40,,,0,100,,74788,40,,,0,100,,74789,40,,,0,100,,74790,40,,,0,100,,74791,40,,,0,100,,74792,40,,,0,100,,74793,40,,,0,99,,74794,40,,,0,100,,74795,40,,,0,100,,74796,40,,,0,99,,74797,40,,,0,100,,74798,40,,,0
32019,'1976',437,,74724,10,,,0,88,,74725,10,,,0,30,,74723,10,,,0,68,,62575,10,,,0,32,,74697,40,,,0,71,,74713,40,,,0,30,,74692,40,,,0,69,,74708,40,,,0,30,,74718,40,,,0,70,,74702,40,,,0,29,,74700,40,,,0,70,,74712,40,,,0,30,,74690,40,,,0,70,,74706,40,,,0,30,,74717,40,,,0,70,,74704,40,,,0,30,,74699,40,,,0,70,,74711,40,,,0,30,,74693,40,,,0,70,,74705,40,,,0,32,,74716,40,,,0,70,,74703,40,,,0,30,,74696,40,,,0,70,,74710,40,,,0,30,,74689,40,,,0,70,,74707,40,,,0,28,,74715,40,,,0,71,,74701,40,,,0,30,,74698,40,,,0,70,,74709,40,,,0,30,,74694,40,,,0,69,,74719,10,,,0,30,,74714,40,,,0,70,,74721,10,,,0,30,,74695,40,,,0,70,,74720,10,,,0,30,,74691,40,,,0
32019,'1977',437,,75877,10,,,0,88,,75878,10,,,0,30,,75876,10,,,0,68,,75874,10,,,0,32,,75849,40,,,0,71,,75865,40,,,0,30,,75844,40,,,0,69,,75860,40,,,0,30,,75870,40,,,0,70,,75854,40,,,0,29,,75852,40,,,0,70,,75864,40,,,0,30,,75842,40,,,0,70,,75858,40,,,0,30,,75869,40,,,0,70,,75856,40,,,0,30,,75851,40,,,0,70,,75863,40,,,0,30,,75845,40,,,0,70,,75857,40,,,0,32,,75868,40,,,0,70,,75855,40,,,0,30,,75848,40,,,0,70,,75862,40,,,0,30,,75841,40,,,0,70,,75859,40,,,0,28,,75867,40,,,0,71,,75853,40,,,0,30,,75850,40,,,0,70,,75861,40,,,0,30,,75846,40,,,0,69,,75871,10,,,0,30,,75866,40,,,0,70,,75873,10,,,0,30,,75847,40,,,0,70,,75872,10,,,0,30,,75843,40,,,0
