609,'1912',845,,70905,3,4,,0,100,,70910,3,4,,0,100,,70921,3,4,,0,100,,70911,3,4,,0,100,,70922,3,4,,0,100,,70909,3,4,,0,100,,70920,3,4,,0,100,,70908,3,4,,0,100,,70919,3,4,,0,100,,70907,3,4,,0,100,,70923,3,4,,0,100,,70912,3,4,,0
609,'1959',845,,71089,3,4,,0,100,,71094,3,4,,0,100,,71105,3,4,,0,100,,71095,3,4,,0,100,,71106,3,4,,0,100,,71093,3,4,,0,100,,71104,3,4,,0,100,,71092,3,4,,0,100,,71103,3,4,,0,100,,71091,3,4,,0,100,,71107,3,4,,0,100,,71096,3,4,,0
609,'1967',643,,74274,13,0,18 7,0,70,,74258,13,0,18 7,0,30,,74287,13,0,18 7,0,70,,71035,13,0,18 7,0,30,,71053,13,0,18 7,0,71,,71034,13,0,18 7,0,30,,74286,13,0,18 7,0,70,,74257,13,0,18 7,0,30,,74273,13,0,18 7,0,70,,74256,13,0,18 7,0,31,,74285,13,0,18 7,0,70,,74255,13,0,18 7,0,30,,74272,13,0,18 7,0,70,,74253,13,0,18 7,0,30,,74271,13,0,18 7,0,70,,74249,13,0,18 7,0,30,,74297,13,0,18 7,0,70,,74270,13,0,18 7,0,30,,74251,13,0,18 7,0,70,,74281,13,0,18 7,0,30,,74250,13,0,18 7,0,69,,74282,13,0,18 7,0,30,,74252,13,0,18 7,0,70,,74283,13,0,18 7,0,30,,74254,13,0,18 7,0,69,,74284,13,0,18 7,0,102,,74259,3,4,,0,100,,71083,3,4,,0
609,'1969',845,,70941,3,4,,0,100,,70946,3,4,,0,100,,70957,3,4,,0,100,,70947,3,4,,0,100,,70958,3,4,,0,100,,70945,3,4,,0,100,,70956,3,4,,0,100,,70944,3,4,,0,100,,70955,3,4,,0,100,,70943,3,4,,0,100,,70959,3,4,,0,100,,70948,3,4,,0
609,'1976',645,,74231,13,0,18 7,0,70,,74225,13,0,18 7,0,30,,70984,13,0,18 7,0,70,,70999,13,0,18 7,0,30,,70972,13,0,18 7,0,70,,74233,13,0,18 7,0,30,,74220,13,0,18 7,0,70,,74223,13,0,18 7,0,30,,70994,13,0,18 7,0,70,,70995,13,0,18 7,0,30,,74230,13,0,18 7,0,70,,70986,13,0,18 7,0,30,,70990,13,0,18 7,0,70,,70982,13,0,18 7,0,30,,70987,13,0,18 7,0,70,,70981,13,0,18 7,0,31,,70976,13,0,18 7,0,70,,70973,13,0,18 7,0,30,,74227,13,0,18 7,0,70,,60114,13,0,18 7,0,30,,74246,13,0,18 7,0,70,,74228,13,0,18 7,0,29,,74221,13,0,18 7,0,70,,74232,13,0,18 7,0,30,,74222,13,0,18 7,0,71,,74244,13,0,18 7,0,98,,70985,13,0,18 7,0,100,,74245,13,0,18 7,0,100,,70978,13,0,18 7,0,100,,71023,13,0,18 7,0
609,'1977',645,,75298,13,0,18 7,0,70,,75283,13,0,18 7,0,30,,75289,13,0,18 7,0,70,,75304,13,0,18 7,0,30,,75273,13,0,18 7,0,70,,75307,13,0,18 7,0,30,,75275,13,0,18 7,0,70,,75278,13,0,18 7,0,30,,75299,13,0,18 7,0,70,,75300,13,0,18 7,0,30,,75297,13,0,18 7,0,70,,75291,13,0,18 7,0,30,,75295,13,0,18 7,0,70,,75286,13,0,18 7,0,30,,75292,13,0,18 7,0,70,,75285,13,0,18 7,0,31,,75280,13,0,18 7,0,70,,75274,13,0,18 7,0,30,,75287,13,0,18 7,0,70,,75279,13,0,18 7,0,30,,75328,13,0,18 7,0,70,,75288,13,0,18 7,0,29,,75276,13,0,18 7,0,70,,75305,13,0,18 7,0,30,,75277,13,0,18 7,0,71,,75326,13,0,18 7,0,98,,75290,13,0,18 7,0,100,,75327,13,0,18 7,0,100,,75282,13,0,18 7,0,100,,75331,13,0,18 7,0
11019,'1912',918,,66957,26,,,0,100,,66958,26,,,0,100,,66959,26,,,0,101,,66960,26,,,0,100,,66961,26,,,0,100,,66962,26,,,0,100,,66963,26,,,0,99,,66964,26,,,0,100,,66965,26,,,0,100,,66966,26,,,0,99,,66967,26,,,0,100,,66968,26,,,0
11019,'1959',918,,66969,26,,,0,100,,66970,26,,,0,100,,66971,26,,,0,101,,66972,26,,,0,100,,66973,26,,,0,100,,66974,26,,,0,100,,66975,26,,,0,99,,66976,26,,,0,100,,66977,26,,,0,100,,66978,26,,,0,99,,66979,26,,,0,100,,66980,26,,,0
11019,'1967',718,,71500,26,,,0,100,,66945,26,,,0,101,,74382,26,,,0,100,,71502,26,,,0,100,,71503,26,,,0,100,,71504,26,,,0,100,,71505,26,,,0,100,,71506,26,,,0,100,,71507,26,,,0,100,,71508,26,,,0,100,,71509,26,,,0,100,,66955,26,,,0,99,,66942,26,,,0,100,,66943,26,,,0
11019,'1969',918,,66981,26,,,0,100,,66982,26,,,0,100,,66983,26,,,0,101,,66984,26,,,0,100,,66985,26,,,0,100,,66986,26,,,0,100,,66987,26,,,0,99,,66988,26,,,0,100,,66989,26,,,0,100,,66990,26,,,0,99,,66991,26,,,0,100,,66992,26,,,0
11019,'1976',719,,67009,26,,,0,101,,74374,26,,,0,101,,74375,26,,,0,100,,71488,26,,,0,100,,74376,26,,,0,100,,71490,26,,,0,100,,74377,26,,,0,100,,71492,26,,,0,100,,74378,26,,,0,100,,71494,26,,,0,100,,74379,26,,,0,99,,74380,26,,,0,99,,71496,26,,,0,100,,74381,26,,,0,100,,71498,26,,,0
11019,'1977',719,,75476,26,,,0,101,,75477,26,,,0,101,,75478,26,,,0,100,,75479,26,,,0,100,,75480,26,,,0,100,,75481,26,,,0,100,,75482,26,,,0,100,,75483,26,,,0,100,,75484,26,,,0,100,,75485,26,,,0,100,,75486,26,,,0,99,,75487,26,,,0,99,,75488,26,,,0,100,,75489,26,,,0,100,,75490,26,,,0
15029,'1912',721,,61664,26,,,0,95,,61670,26,,,0,100,,61663,26,,,0,100,,61662,26,,,0,101,,61669,26,,,0,100,,61667,26,,,0,100,,61666,26,,,0,102,,61661,26,,,0,100,,61659,26,,,0,100,,61660,26,,,0,99,,61665,26,,,0,99,,61671,26,,,0,100,,61668,26,,,0,100,,61672,26,,,0
15029,'1959',721,,61678,26,,,0,95,,61684,26,,,0,100,,61677,26,,,0,100,,61676,26,,,0,101,,61683,26,,,0,100,,61681,26,,,0,100,,61680,26,,,0,102,,61675,26,,,0,100,,61673,26,,,0,100,,61674,26,,,0,99,,61679,26,,,0,99,,61685,26,,,0,100,,61682,26,,,0,100,,61686,26,,,0
15029,'1967',726,,74461,26,,,0,93,,71738,26,,,0,100,,71739,26,,,0,101,,74462,26,,,0,101,,71740,26,,,0,100,,71741,26,,,0,100,,74463,26,,,0,103,,71742,26,,,0,100,,61654,26,,,0,100,,74464,26,,,0,100,,61656,26,,,0,100,,67344,26,,,0,96,,61644,26,,,0,100,,71737,26,,,0
15029,'1969',721,,61692,26,,,0,95,,61698,26,,,0,100,,61691,26,,,0,100,,61690,26,,,0,101,,61697,26,,,0,100,,61695,26,,,0,100,,61694,26,,,0,102,,61689,26,,,0,100,,61687,26,,,0,100,,61688,26,,,0,99,,61693,26,,,0,99,,61699,26,,,0,100,,61696,26,,,0,100,,61700,26,,,0
15029,'1976',645,,74453,26,,,0,75,,71711,26,,,0,30,,61615,26,,,0,71,,74454,26,,,0,31,,67366,26,,,0,68,,71713,26,,,0,28,,71714,26,,,0,70,,71715,26,,,0,30,,74455,26,,,0,70,,74456,26,,,0,30,,74457,26,,,0,70,,71719,26,,,0,30,,74458,26,,,0,70,,74459,26,,,0,30,,71722,26,,,0,70,,71723,26,,,0,34,,71724,26,,,0,73,,71725,26,,,0,33,,71726,26,,,0,70,,61632,26,,,0,29,,71727,26,,,0,66,,74460,26,,,0,28,,71729,26,,,0,67,,71730,26,,,0,29,,71731,26,,,0,70,,61638,26,,,0,30,,71732,26,,,0,70,,71736,26,,,0,29,,71733,26,,,0,97,,71734,26,,,0,100,,71735,26,,,0
15029,'1977',645,,75622,26,,,0,75,,75623,26,,,0,30,,75624,26,,,0,71,,75625,26,,,0,31,,75626,26,,,0,68,,75627,26,,,0,28,,75628,26,,,0,70,,75629,26,,,0,30,,75630,26,,,0,70,,75631,26,,,0,30,,75632,26,,,0,70,,75633,26,,,0,30,,75634,26,,,0,70,,75635,26,,,0,30,,75636,26,,,0,70,,75637,26,,,0,34,,75638,26,,,0,73,,75639,26,,,0,33,,75640,26,,,0,70,,75641,26,,,0,29,,75642,26,,,0,66,,75643,26,,,0,28,,75644,26,,,0,67,,75645,26,,,0,29,,75646,26,,,0,70,,75647,26,,,0,30,,75648,26,,,0,70,,75652,26,,,0,29,,75649,26,,,0,97,,75650,26,,,0,100,,75651,26,,,0
701019,'1912',633,,72955,16,,,0,68,,72986,16,,,0,30,,72973,16,,,0,70,,72954,16,,,0,15,,68877,16,,,0,15,,72988,16,,,0,15,,72934,16,,,0,55,,72962,16,,,0,17,,68861,16,,,0,15,,72951,16,,,0,15,,68878,16,,,0,55,,68940,16,,,0,15,,72933,16,,,0,15,,72971,16,,,0,15,,68862,16,,,0,55,,72950,16,,,0,15,,68857,16,,,0,17,,72983,16,,,0,15,,68865,16,,,0,55,,68919,16,,,0,15,,68860,16,,,0,15,,68893,16,,,0,15,,68872,16,,,0,55,,68937,16,,,0,15,,68863,16,,,0,15,,68915,16,,,0,15,,68868,16,,,0,55,,72947,16,,,0,15,,68871,16,,,0,15,,72989,16,,,0,15,,68858,16,,,0,55,,72967,16,,,0,15,,68870,16,,,0,15,,72945,16,,,0,15,,68874,16,,,0,55,,72985,16,,,0,15,,68855,16,,,0,15,,72972,16,,,0,15,,68856,16,,,0,55,,72943,16,,,0,15,,68873,16,,,0,15,,72981,16,,,0,15,,68854,16,,,0,55,,72964,16,,,0,15,,68869,16,,,0,14,,72942,16,,,0,15,,68875,16,,,0,55,,72980,16,,,0,15,,68866,16,,,0,15,,72965,16,,,0,15,,68867,16,,,0,55,,72940,16,,,0,14,,68876,16,,,0,15,,72990,16,,,0,15,,68864,16,,,0,55,,72963,16,,,0,30,,72937,16,,,0,70,,68943,16,,,0,30,,72959,16,,,0,69,,72935,16,,,0,30,,68948,16,,,0,25,,72991,16,,,0,65,,68951,16,,,0
701019,'1959',633,,73164,16,,,0,68,,73195,16,,,0,30,,73182,16,,,0,70,,73163,16,,,0,15,,68976,16,,,0,15,,73197,16,,,0,15,,73143,16,,,0,55,,73171,16,,,0,17,,68960,16,,,0,15,,73160,16,,,0,15,,68977,16,,,0,55,,69039,16,,,0,15,,73142,16,,,0,15,,73180,16,,,0,15,,68961,16,,,0,55,,73159,16,,,0,15,,68956,16,,,0,17,,73192,16,,,0,15,,68964,16,,,0,55,,69018,16,,,0,15,,68959,16,,,0,15,,68992,16,,,0,15,,68971,16,,,0,55,,69036,16,,,0,15,,68962,16,,,0,15,,69014,16,,,0,15,,68967,16,,,0,55,,73156,16,,,0,15,,68970,16,,,0,15,,73198,16,,,0,15,,68957,16,,,0,55,,73176,16,,,0,15,,68969,16,,,0,15,,73154,16,,,0,15,,68973,16,,,0,55,,73194,16,,,0,15,,68954,16,,,0,15,,73181,16,,,0,15,,68955,16,,,0,55,,73152,16,,,0,15,,68972,16,,,0,15,,73190,16,,,0,15,,68953,16,,,0,55,,73173,16,,,0,15,,68968,16,,,0,14,,73151,16,,,0,15,,68974,16,,,0,55,,73189,16,,,0,15,,68965,16,,,0,15,,73174,16,,,0,15,,68966,16,,,0,55,,73149,16,,,0,14,,68975,16,,,0,15,,73199,16,,,0,15,,68963,16,,,0,55,,73172,16,,,0,30,,73146,16,,,0,70,,69042,16,,,0,30,,73168,16,,,0,69,,73144,16,,,0,30,,69047,16,,,0,25,,73200,16,,,0,65,,69050,16,,,0
701019,'1967',633,,68785,16,,,0,68,,68770,16,,,0,30,,68760,16,,,0,70,,68766,16,,,0,15,,74988,16,,,0,15,,68773,16,,,0,17,,68789,16,,,0,55,,68756,16,,,0,15,,73123,16,,,0,15,,68761,16,,,0,15,,73126,16,,,0,55,,68767,16,,,0,19,,68811,16,,,0,15,,68831,16,,,0,15,,73139,16,,,0,56,,68835,16,,,0,15,,73127,16,,,0,15,,68842,16,,,0,15,,73132,16,,,0,55,,68849,16,,,0,15,,68840,16,,,0,15,,68797,16,,,0,15,,73137,16,,,0,55,,68830,16,,,0,15,,68801,16,,,0,15,,68839,16,,,0,15,,73131,16,,,0,55,,68804,16,,,0,15,,73135,16,,,0,15,,68829,16,,,0,15,,73138,16,,,0,55,,68838,16,,,0,15,,68800,16,,,0,15,,68843,16,,,0,15,,73134,16,,,0,55,,68820,16,,,0,15,,68841,16,,,0,15,,73140,16,,,0,15,,73141,16,,,0,54,,68799,16,,,0,15,,68819,16,,,0,15,,68826,16,,,0,15,,73129,16,,,0,55,,68812,16,,,0,15,,68815,16,,,0,15,,73130,16,,,0,15,,73128,16,,,0,54,,68803,16,,,0,12,,68786,16,,,0,15,,68816,16,,,0,15,,68791,16,,,0,55,,68768,16,,,0,15,,73124,16,,,0,15,,68774,16,,,0,15,,74989,16,,,0,55,,68757,16,,,0,29,,68762,16,,,0,70,,68769,16,,,0,30,,68775,16,,,0,70,,68782,16,,,0,30,,68784,16,,,0,25,,68794,16,,,0,65,,68787,16,,,0
701019,'1969',633,,73015,16,,,0,68,,73046,16,,,0,30,,73033,16,,,0,70,,73014,16,,,0,15,,69075,16,,,0,15,,73048,16,,,0,15,,72994,16,,,0,55,,73022,16,,,0,17,,69059,16,,,0,15,,73011,16,,,0,15,,69076,16,,,0,55,,69138,16,,,0,15,,72993,16,,,0,15,,73031,16,,,0,15,,69060,16,,,0,55,,73010,16,,,0,15,,69055,16,,,0,17,,73043,16,,,0,15,,69063,16,,,0,55,,69117,16,,,0,15,,69058,16,,,0,15,,69091,16,,,0,15,,69070,16,,,0,55,,69135,16,,,0,15,,69061,16,,,0,15,,69113,16,,,0,15,,69066,16,,,0,55,,73007,16,,,0,15,,69069,16,,,0,15,,73049,16,,,0,15,,69056,16,,,0,55,,73027,16,,,0,15,,69068,16,,,0,15,,73005,16,,,0,15,,69072,16,,,0,55,,73045,16,,,0,15,,69053,16,,,0,15,,73032,16,,,0,15,,69054,16,,,0,55,,73003,16,,,0,15,,69071,16,,,0,15,,73041,16,,,0,15,,69052,16,,,0,55,,73024,16,,,0,15,,69067,16,,,0,14,,73002,16,,,0,15,,69073,16,,,0,55,,73040,16,,,0,15,,69064,16,,,0,15,,73025,16,,,0,15,,69065,16,,,0,55,,73000,16,,,0,14,,69074,16,,,0,15,,73050,16,,,0,15,,69062,16,,,0,55,,73023,16,,,0,30,,72997,16,,,0,70,,69141,16,,,0,30,,73019,16,,,0,69,,72995,16,,,0,30,,69146,16,,,0,25,,73051,16,,,0,65,,69149,16,,,0
701019,'1976',613,,73053,16,,,0,30,,73054,16,,,0,58,,69208,16,,,0,18,,73055,16,,,0,15,,73056,16,,,0,15,,73057,16,,,0,55,,69212,16,,,0,15,,73058,16,,,0,15,,69214,16,,,0,15,,73059,16,,,0,55,,69216,16,,,0,17,,73060,16,,,0,15,,73061,16,,,0,15,,73062,16,,,0,55,,74985,16,,,0,15,,74966,16,,,0,15,,74967,16,,,0,15,,69222,16,,,0,55,,73065,16,,,0,15,,73066,16,,,0,15,,73067,16,,,0,15,,74968,16,,,0,55,,74969,16,,,0,15,,74970,16,,,0,15,,69229,16,,,0,15,,73070,16,,,0,55,,73071,16,,,0,15,,73072,16,,,0,15,,74971,16,,,0,15,,74972,16,,,0,55,,74973,16,,,0,15,,69236,16,,,0,17,,73075,16,,,0,18,,73076,16,,,0,55,,73077,16,,,0,15,,73115,16,,,0,15,,74974,16,,,0,15,,69241,16,,,0,55,,73079,16,,,0,15,,69243,16,,,0,15,,74984,16,,,0,15,,73080,16,,,0,55,,73081,16,,,0,15,,69246,16,,,0,12,,69247,16,,,0,12,,73082,16,,,0,55,,73083,16,,,0,15,,74975,16,,,0,15,,73085,16,,,0,15,,74976,16,,,0,55,,69253,16,,,0,15,,69254,16,,,0,15,,69255,16,,,0,15,,74977,16,,,0,54,,73087,16,,,0,13,,74978,16,,,0,15,,69259,16,,,0,15,,69260,16,,,0,55,,73089,16,,,0,30,,69262,16,,,0,70,,69263,16,,,0,30,,73090,16,,,0,70,,69265,16,,,0,30,,69266,16,,,0,25,,73091,16,,,0,65,,69268,16,,,0
701019,'1977',613,,76211,16,,,0,30,,76212,16,,,0,58,,76213,16,,,0,18,,76214,16,,,0,15,,76215,16,,,0,15,,76216,16,,,0,55,,76217,16,,,0,15,,76218,16,,,0,15,,76219,16,,,0,15,,76220,16,,,0,55,,76221,16,,,0,17,,76222,16,,,0,15,,76223,16,,,0,15,,76224,16,,,0,55,,76318,16,,,0,15,,76225,16,,,0,15,,76226,16,,,0,15,,76227,16,,,0,55,,76228,16,,,0,15,,76229,16,,,0,15,,76230,16,,,0,15,,76231,16,,,0,55,,76232,16,,,0,15,,76233,16,,,0,15,,76234,16,,,0,15,,76235,16,,,0,55,,76236,16,,,0,15,,76237,16,,,0,15,,76238,16,,,0,15,,76239,16,,,0,55,,76240,16,,,0,15,,76241,16,,,0,17,,76242,16,,,0,18,,76243,16,,,0,55,,76244,16,,,0,15,,76310,16,,,0,15,,76245,16,,,0,15,,76246,16,,,0,55,,76247,16,,,0,15,,76248,16,,,0,15,,76313,16,,,0,15,,76249,16,,,0,55,,76250,16,,,0,15,,76251,16,,,0,12,,76252,16,,,0,12,,76253,16,,,0,55,,76254,16,,,0,15,,76255,16,,,0,15,,76256,16,,,0,15,,76257,16,,,0,55,,76258,16,,,0,15,,76259,16,,,0,15,,76260,16,,,0,15,,76261,16,,,0,54,,76262,16,,,0,13,,76263,16,,,0,15,,76264,16,,,0,15,,76265,16,,,0,55,,76266,16,,,0,30,,76267,16,,,0,70,,76268,16,,,0,30,,76269,16,,,0,70,,76270,16,,,0,30,,76271,16,,,0,25,,76272,16,,,0,65,,76273,16,,,0
