1019,'1912',626,,73606,32,,,0,100,,73607,32,,,0,101,,73608,32,,,0,100,,73609,32,,,0,100,,73610,32,,,0,101,,73611,32,,,0,100,,73612,32,,,0,100,,73613,32,,,0,100,,73614,32,,,0,100,,73615,32,,,0,100,,73616,32,,,0,100,,73617,32,,,0,100,,73618,32,,,0,99,,73619,32,,,0,100,,73620,32,,,0,100,,73621,32,,,0,102,,73622,32,,,0,95,,73623,32,,,0
1019,'1966',557,,70266,32,,,0,70,,70255,32,,,0,30,,70241,32,,,0,70,,70260,32,,,0,30,,70250,32,,,0,70,,70235,32,,,0,30,,70256,32,,,0,70,,70258,32,,,0,30,,70240,32,,,0,71,,70261,32,,,0,30,,70249,32,,,0,70,,70234,32,,,0,30,,70244,32,,,0,70,,70254,32,,,0,30,,70239,32,,,0,70,,70262,32,,,0,30,,70248,32,,,0,70,,70233,32,,,0,30,,70243,32,,,0,70,,70253,32,,,0,30,,70238,32,,,0,70,,70263,32,,,0,30,,70247,32,,,0,70,,70232,32,,,0,30,,70242,32,,,0,70,,70252,32,,,0,30,,70236,32,,,0,69,,70264,32,,,0,30,,70245,32,,,0,70,,70231,32,,,0,30,,70237,32,,,0,70,,70251,32,,,0,74,,70246,32,,,0,30,,70265,32,,,0,70,,70259,32,,,0,25,,70257,32,,,0
1019,'1968',626,,59175,32,,,0,100,,59176,32,,,0,101,,59177,32,,,0,100,,59178,32,,,0,100,,59179,32,,,0,101,,59180,32,,,0,100,,59181,32,,,0,100,,59182,32,,,0,100,,59183,32,,,0,100,,59184,32,,,0,100,,59185,32,,,0,100,,59186,32,,,0,100,,59187,32,,,0,99,,59188,32,,,0,100,,59189,32,,,0,100,,59190,32,,,0,102,,59191,32,,,0,95,,59192,32,,,0
1019,'1970',556,,73659,32,,,0,75,,73655,32,,,0,71,,73631,32,,,0,33,,73626,32,,,0,70,,73644,32,,,0,30,,73628,32,,,0,70,,73633,32,,,0,32,,73658,32,,,0,70,,73630,32,,,0,30,,73624,32,,,0,70,,73643,32,,,0,30,,73629,32,,,0,70,,73634,32,,,0,30,,73654,32,,,0,70,,73632,32,,,0,30,,73625,32,,,0,70,,73656,32,,,0,31,,73627,32,,,0,70,,73635,32,,,0,30,,73653,32,,,0,70,,73646,32,,,0,30,,73638,32,,,0,70,,73636,32,,,0,29,,73639,32,,,0,68,,73641,32,,,0,30,,73640,32,,,0,70,,73637,32,,,0,25,,73657,32,,,0,70,,73651,32,,,0,28,,73652,32,,,0,30,,73650,32,,,0,70,,73649,32,,,0,30,,73648,32,,,0,70,,73647,32,,,0,30,,73645,32,,,0,70,,73642,32,,,0
1019,'1971',557,,73695,32,,,0,70,,73684,32,,,0,30,,73670,32,,,0,70,,73689,32,,,0,30,,73679,32,,,0,70,,73664,32,,,0,30,,73685,32,,,0,70,,73687,32,,,0,30,,73669,32,,,0,71,,73690,32,,,0,30,,73678,32,,,0,70,,73663,32,,,0,30,,73673,32,,,0,70,,73683,32,,,0,30,,73668,32,,,0,70,,73691,32,,,0,30,,73677,32,,,0,70,,73662,32,,,0,30,,73672,32,,,0,70,,73682,32,,,0,30,,73667,32,,,0,70,,73692,32,,,0,30,,73676,32,,,0,70,,73661,32,,,0,30,,73671,32,,,0,70,,73681,32,,,0,30,,73665,32,,,0,69,,73693,32,,,0,30,,73674,32,,,0,70,,73660,32,,,0,30,,73666,32,,,0,70,,73680,32,,,0,74,,73675,32,,,0,30,,73694,32,,,0,70,,73688,32,,,0,25,,73686,32,,,0
1019,'1972',626,,73696,32,,,0,100,,73697,32,,,0,101,,73698,32,,,0,100,,73699,32,,,0,100,,73700,32,,,0,101,,73701,32,,,0,100,,73702,32,,,0,100,,73703,32,,,0,100,,73704,32,,,0,100,,73705,32,,,0,100,,73706,32,,,0,100,,73707,32,,,0,100,,73708,32,,,0,99,,73709,32,,,0,100,,73710,32,,,0,100,,73711,32,,,0,102,,73712,32,,,0,95,,73713,32,,,0
1019,'1973',626,,73714,32,,,0,100,,73715,32,,,0,101,,73716,32,,,0,100,,73717,32,,,0,100,,73718,32,,,0,101,,73719,32,,,0,100,,73720,32,,,0,100,,73721,32,,,0,100,,73722,32,,,0,100,,73723,32,,,0,100,,73724,32,,,0,100,,73725,32,,,0,100,,73726,32,,,0,99,,73727,32,,,0,100,,73728,32,,,0,100,,73729,32,,,0,102,,73730,32,,,0,95,,73731,32,,,0
22029,'1912',712,,67683,11,0,19 2 33 21,0,1099,,62341,11,0,19 2 33 21,0,100,,62338,11,0,19 2 33 21,0,100,,62339,11,0,19 2 33 21,0,100,,72019,11,0,19 2 33 21,0
22029,'1959',712,,67695,11,0,19 2 33 21,0,1099,,62356,11,0,19 2 33 21,0,100,,62353,11,0,19 2 33 21,0,100,,62354,11,0,19 2 33 21,0,100,,72061,11,0,19 2 33 21,0
22029,'1965',647,,72031,11,0,19 2 33 21,0,72,,72032,11,0,19 2 33 21,0,30,,72033,11,0,19 2 33 21,0,1392,,72051,11,0,19 2 33 21,0,172,,62295,11,0,19 2 33 21,0,36,,62294,11,0,19 2 33 21,0
22029,'1967',615,,62327,11,0,19 2 33 21,0,30,,62326,11,0,19 2 33 21,0,65,,62319,11,0,19 2 33 21,0,30,,62314,11,0,19 2 33 21,0,70,,62320,11,0,19 2 33 21,0,932,,62315,11,0,19 2 33 21,0,69,,62321,11,0,19 2 33 21,0,30,,62316,11,0,19 2 33 21,0,70,,62322,11,0,19 2 33 21,0,30,,62317,11,0,19 2 33 21,0,70,,62323,11,0,19 2 33 21,0,30,,62318,11,0,19 2 33 21,0,67,,62324,11,0,19 2 33 21,0,33,,62325,11,0,19 2 33 21,0
22029,'1969',712,,67707,11,0,19 2 33 21,0,1099,,62371,11,0,19 2 33 21,0,100,,62368,11,0,19 2 33 21,0,100,,62369,11,0,19 2 33 21,0,100,,72029,11,0,19 2 33 21,0
22029,'1970',822,,74536,11,0,19 2 33 21,0,30,,74537,11,0,19 2 33 21,0
