2019,'1912',711,,73883,39,,,0,30,,73860,39,,,0,70,,73864,39,,,0,30,,73876,39,,,0,72,,73871,39,,,0,30,,73861,39,,,0,70,,73865,39,,,0,30,,73877,39,,,0,70,,73872,39,,,0,30,,73862,39,,,0,70,,73866,39,,,0,30,,73878,39,,,0,70,,73873,39,,,0,30,,73863,39,,,0,70,,73867,39,,,0,30,,73879,39,,,0,70,,73874,39,,,0,30,,73858,39,,,0,70,,73868,39,,,0,30,,73880,39,,,0,70,,73875,39,,,0,30,,73856,39,,,0,70,,73869,39,,,0,30,,73881,39,,,0,100,,73857,39,,,0,99,,73882,39,,,0,100,,73859,39,,,0,100,,73870,39,,,0,99,,73884,39,,,0
2019,'1966',641,,70404,30,,,0,70,,70411,39,,,0,30,,70420,39,,,0,70,,70427,39,,,0,30,,70405,39,,,0,70,,70412,39,,,0,30,,70421,39,,,0,72,,70428,39,,,0,31,,70406,39,,,0,70,,70413,39,,,0,30,,70422,39,,,0,70,,70429,39,,,0,30,,70407,39,,,0,70,,70414,39,,,0,30,,70423,39,,,0,70,,70430,39,,,0,30,,70408,39,,,0,70,,70415,39,,,0,30,,70424,39,,,0,70,,70431,39,,,0,30,,70409,39,,,0,70,,70416,39,,,0,30,,70425,39,,,0,70,,70432,39,,,0,30,,70410,39,,,0,70,,70417,39,,,0,30,,70426,39,,,0,98,,70418,39,,,0,100,,70433,39,,,0,100,,70419,39,,,0,100,,70434,39,,,0
2019,'1968',711,,70370,39,,,0,30,,70347,39,,,0,70,,70351,39,,,0,30,,70363,39,,,0,72,,70358,39,,,0,30,,70348,39,,,0,70,,70352,39,,,0,30,,70364,39,,,0,70,,70359,39,,,0,30,,70349,39,,,0,70,,70353,39,,,0,30,,70365,39,,,0,70,,70360,39,,,0,30,,70350,39,,,0,70,,70354,39,,,0,30,,70366,39,,,0,70,,70361,39,,,0,30,,70345,39,,,0,70,,70355,39,,,0,30,,70367,39,,,0,70,,70362,39,,,0,30,,70343,39,,,0,70,,70356,39,,,0,30,,70368,39,,,0,100,,70344,39,,,0,99,,70369,39,,,0,100,,70346,39,,,0,100,,70357,39,,,0,99,,70371,39,,,0
2019,'1970',506,,73916,30,0,5 2 13 14,0,136,,73885,39,,,0,71,,73886,39,,,0,30,,73887,39,,,0,70,,73888,39,,,0,31,,73889,39,,,0,71,,73890,39,,,0,31,,73907,39,,,0,70,,73908,39,,,0,30,,73909,39,,,0,70,,73910,39,,,0,30,,73911,39,,,0,70,,73912,39,,,0,30,,73913,39,,,0,70,,73914,39,,,0,30,,73915,39,,,0,70,,73905,39,,,0,32,,73906,39,,,0,71,,73891,39,,,0,30,,73892,39,,,0,70,,73893,39,,,0,30,,73894,39,,,0,70,,73895,39,,,0,28,,73896,39,,,0,69,,73897,39,,,0,30,,73898,39,,,0,70,,73904,39,,,0,30,,73899,39,,,0,97,,73900,39,,,0,100,,73901,39,,,0,100,,73902,39,,,0,100,,73903,39,,,0
2019,'1971',641,,73917,30,,,0,70,,73924,39,,,0,30,,73933,39,,,0,70,,73940,39,,,0,30,,73918,39,,,0,70,,73925,39,,,0,30,,73934,39,,,0,72,,73941,39,,,0,31,,73919,39,,,0,70,,73926,39,,,0,30,,73935,39,,,0,70,,73942,39,,,0,30,,73920,39,,,0,70,,73927,39,,,0,30,,73936,39,,,0,70,,73943,39,,,0,30,,73921,39,,,0,70,,73928,39,,,0,30,,73937,39,,,0,70,,73944,39,,,0,30,,73922,39,,,0,70,,73929,39,,,0,30,,73938,39,,,0,70,,73945,39,,,0,30,,73923,39,,,0,70,,73930,39,,,0,30,,73939,39,,,0,98,,73931,39,,,0,100,,73946,39,,,0,100,,73932,39,,,0,100,,73947,39,,,0
2019,'1972',711,,73975,39,,,0,30,,73952,39,,,0,70,,73956,39,,,0,30,,73968,39,,,0,72,,73963,39,,,0,30,,73953,39,,,0,70,,73957,39,,,0,30,,73969,39,,,0,70,,73964,39,,,0,30,,73954,39,,,0,70,,73958,39,,,0,30,,73970,39,,,0,70,,73965,39,,,0,30,,73955,39,,,0,70,,73959,39,,,0,30,,73971,39,,,0,70,,73966,39,,,0,30,,73950,39,,,0,70,,73960,39,,,0,30,,73972,39,,,0,70,,73967,39,,,0,30,,73948,39,,,0,70,,73961,39,,,0,30,,73973,39,,,0,100,,73949,39,,,0,99,,73974,39,,,0,100,,73951,39,,,0,100,,73962,39,,,0,99,,73976,39,,,0
2019,'1973',711,,74004,39,,,0,30,,73981,39,,,0,70,,73985,39,,,0,30,,73997,39,,,0,72,,73992,39,,,0,30,,73982,39,,,0,70,,73986,39,,,0,30,,73998,39,,,0,70,,73993,39,,,0,30,,73983,39,,,0,70,,73987,39,,,0,30,,73999,39,,,0,70,,73994,39,,,0,30,,73984,39,,,0,70,,73988,39,,,0,30,,74000,39,,,0,70,,73995,39,,,0,30,,73979,39,,,0,70,,73989,39,,,0,30,,74001,39,,,0,70,,73996,39,,,0,30,,73977,39,,,0,70,,73990,39,,,0,30,,74002,39,,,0,100,,73978,39,,,0,99,,74003,39,,,0,100,,73980,39,,,0,100,,73991,39,,,0,99,,74005,39,,,0
7019,'1912',744,,60448,19,,,0,71,,66571,4,,,0,30,,60449,19,,,0,73,,71124,4,,,0,27,,60457,19,,,0,73,,71128,4,,,0,28,,60450,19,,,0,72,,71123,4,,,0,28,,60451,19,,,0,72,,71127,4,,,0,28,,60452,19,,,0,73,,71122,4,,,0,27,,60453,19,,,0,73,,71126,4,,,0,28,,60454,19,,,0,73,,71121,4,,,0,27,,60455,19,,,0,73,,71125,4,,,0,26,,60456,19,,,0,73,,71120,4,,,0,27,,60444,19,,,0,72,,66566,4,,,0,27,,60445,19,,,0,72,,60466,4,,,0,27,,60443,19,,,0,72,,60467,4,,,0,28,,60447,19,,,0,72,,60474,4,,,0,28,,60446,19,,,0
7019,'1959',744,,60483,19,,,0,71,,66584,4,,,0,30,,60484,19,,,0,73,,71195,4,,,0,27,,60492,19,,,0,73,,71199,4,,,0,28,,60485,19,,,0,72,,71194,4,,,0,28,,60486,19,,,0,72,,71198,4,,,0,28,,60487,19,,,0,73,,71193,4,,,0,27,,60488,19,,,0,73,,71197,4,,,0,28,,60489,19,,,0,73,,71192,4,,,0,27,,60490,19,,,0,73,,71196,4,,,0,26,,60491,19,,,0,73,,71191,4,,,0,27,,60479,19,,,0,72,,66579,4,,,0,27,,60480,19,,,0,72,,60501,4,,,0,27,,60478,19,,,0,72,,60502,4,,,0,28,,60482,19,,,0,72,,60509,4,,,0,28,,60481,19,,,0
7019,'1965',543,,60398,19,,,0,103,,60397,19,,,0,103,,71161,19,,,0,99,,71159,19,,,0,100,,71157,19,,,0,70,,71158,19,,,0,30,,71156,19,,,0,70,,71154,19,,,0,30,,71166,19,,,0,200,,71147,19,,,0,176,,71145,19,,,0,27,,71152,19,,,0,168,,71144,19,,,0,30,,71143,19,,,0,70,,71142,19,,,0,127,,60375,19,,,0,70,,71148,19,,,0,30,,60374,19,,,0,98,,71141,19,,,0,71,,71170,4,,,0,28,,60373,19,,,0,100,,71171,19,,,0
7019,'1966',713,,71175,19,,,0,132,,60423,19,,,0,302,,60426,19,,,0,300,,60429,19,,,0,498,,71173,19,,,0,298,,71174,19,,,0
7019,'1967',644,,71181,19,,,0,99,,71182,19,,,0,70,,71176,19,,,0,102,,71177,19,,,0,30,,71183,19,,,0,72,,71178,19,,,0,30,,71184,19,,,0,70,,66542,19,,,0,100,,71179,19,,,0,30,,71185,19,,,0,70,,71180,19,,,0,30,,60428,19,,,0,70,,66551,19,,,0,100,,71187,19,,,0,30,,60430,19,,,0,70,,71186,19,,,0,30,,66550,19,,,0,70,,71188,19,,,0,30,,60432,19,,,0,70,,71190,19,,,0,29,,71172,19,,,0,69,,71189,19,,,0,99,,66556,19,,,0,30,,60411,19,,,0,99,,60412,19,,,0,71,,60442,4,,,0
7019,'1969',744,,60518,19,,,0,71,,66597,4,,,0,30,,60519,19,,,0,73,,71134,4,,,0,27,,60527,19,,,0,73,,71138,4,,,0,28,,60520,19,,,0,72,,71133,4,,,0,28,,60521,19,,,0,72,,71137,4,,,0,28,,60522,19,,,0,73,,71132,4,,,0,27,,60523,19,,,0,73,,71136,4,,,0,28,,60524,19,,,0,73,,71131,4,,,0,27,,60525,19,,,0,73,,71135,4,,,0,26,,60526,19,,,0,73,,71130,4,,,0,27,,60514,19,,,0,72,,66592,4,,,0,27,,60515,19,,,0,72,,60536,4,,,0,27,,60513,19,,,0,72,,60537,4,,,0,28,,60517,19,,,0,72,,60544,4,,,0,28,,60516,19,,,0
7019,'1970',717,,74307,19,,,0,104,,74306,19,,,0,97,,74305,19,,,0,300,,74310,19,,,0,30,,74309,19,,,0,70,,74308,19,,,0,101,,74304,19,,,0,32,,74299,19,,,0,49,,74312,4,,,0,121,,74303,19,,,0,30,,74302,19,,,0,198,,74301,19,,,0,69,,74300,19,,,0
7019,'1971',713,,74315,19,,,0,132,,74316,19,,,0,302,,74317,19,,,0,300,,74318,19,,,0,498,,74313,19,,,0,298,,74314,19,,,0
