22019,'1909',559,,62171,8,0,19 2 32 26,0,999,,62170,10,,,0,166,,62161,10,,,0,29,,62162,10,,,0,99,,62164,10,,,0,169,,62167,10,,,0
22019,'1910',625,,62202,8,0,19 2 32 26,0,23,,62195,8,0,19 2 32 26,0,70,,62191,8,0,19 2 32 26,0,30,,62196,8,0,19 2 32 26,0,70,,62192,8,0,19 2 32 26,0,31,,62172,10,,,0,72,,62173,10,,,0,30,,62174,10,,,0,70,,62175,10,,,0,30,,62176,10,,,0,70,,62177,10,,,0,30,,62178,10,,,0,70,,62179,10,,,0,31,,62180,10,,,0,70,,62181,10,,,0,30,,62182,10,,,0,70,,62183,10,,,0,31,,62184,10,,,0,70,,62185,10,,,0,30,,62186,10,,,0,70,,62187,10,,,0,29,,62188,10,,,0,70,,62189,10,,,0,29,,62197,8,0,19 2 32 26,0,70,,62193,8,0,19 2 32 26,0,30,,62198,8,0,19 2 32 26,0,68,,62190,8,0,19 2 32 26,0,30,,62199,8,0,19 2 32 26,0,69,,62194,8,0,19 2 32 26,0,30,,62200,8,0,19 2 32 26,0,70,,62201,8,0,19 2 32 26,0
22019,'1912',653,,67626,8,0,19 2 32 26,0,100,,71967,8,0,19 2 32 26,0,100,,71964,10,,,0,93,,71965,10,,,0,100,,71959,10,,,0,100,,71963,10,,,0,100,,71960,10,,,0,100,,71961,10,,,0,100,,71958,10,,,0,100,,71962,10,,,0,100,,67620,10,,,0,100,,62212,8,0,19 2 32 26,0,100,,62213,8,0,19 2 32 26,0,100,,62214,8,0,19 2 32 26,0,108,,71966,8,0,19 2 32 26,0
22019,'1924',653,,67638,8,0,19 2 32 26,0,993,,67632,10,,,0,100,,62227,8,0,19 2 32 26,0,100,,62228,8,0,19 2 32 26,0,100,,62229,8,0,19 2 32 26,0
22019,'1925',653,,67650,8,0,19 2 32 26,0,100,,71977,8,0,19 2 32 26,0,100,,71974,10,,,0,93,,71975,10,,,0,100,,71969,10,,,0,100,,71973,10,,,0,100,,71970,10,,,0,100,,71971,10,,,0,100,,71968,10,,,0,100,,71972,10,,,0,100,,67644,10,,,0,100,,62242,8,0,19 2 32 26,0,100,,62243,8,0,19 2 32 26,0,100,,62244,8,0,19 2 32 26,0,108,,71976,8,0,19 2 32 26,0
22019,'1949',1529,,67668,10,,,0,99,,67669,10,,,0,28,,67670,10,,,0
22019,'1956',753,,67637,8,0,19 2 32 26,0,100,,67634,10,,,0,93,,67635,10,,,0,100,,67628,10,,,0,100,,67633,10,,,0,100,,67629,10,,,0,100,,67630,10,,,0,100,,67627,10,,,0,100,,67631,10,,,0,508,,67636,8,0,19 2 32 26,0
22019,'1957',651,,71978,8,0,19 2 32 26,0,70,,71979,8,0,19 2 32 26,0,35,,71980,10,,,0,70,,71981,10,,,0,32,,71982,10,,,0,69,,71983,10,,,0,30,,71984,10,,,0,70,,71985,10,,,0,30,,71986,10,,,0,70,,71987,10,,,0,30,,71988,10,,,0,70,,71989,10,,,0,30,,71990,10,,,0,70,,71991,10,,,0,30,,71992,10,,,0,70,,71993,10,,,0,73,,71994,10,,,0,322,,71995,10,,,0,100,,71996,10,,,0,30,,71997,10,,,0,99,,71998,10,,,0,68,,71999,8,0,19 2 32 26,0
22019,'1959',753,,72009,8,0,19 2 32 26,0,100,,72006,10,,,0,93,,72007,10,,,0,100,,72001,10,,,0,100,,72005,10,,,0,100,,72002,10,,,0,100,,72003,10,,,0,100,,72000,10,,,0,100,,72004,10,,,0,508,,72008,8,0,19 2 32 26,0
60019,'1912',614,,62696,4,,,0,30,,62682,4,,,0,70,,62693,4,,,0,30,,62681,4,,,0,71,,62692,4,,,0,29,,62688,4,,,0,71,,62697,4,,,0,30,,62680,4,,,0,70,,62695,4,,,0,30,,62679,4,,,0,70,,62690,4,,,0,30,,62684,4,,,0,70,,62675,4,,,0,30,,62683,4,,,0,70,,62699,4,,,0,30,,62689,4,,,0,70,,62691,4,,,0,30,,62704,4,,,0,70,,62677,4,,,0,30,,62700,4,,,0,70,,62687,4,,,0,30,,62703,4,,,0,70,,62698,4,,,0,30,,62702,4,,,0,70,,62685,4,,,0,30,,62705,4,,,0,70,,62676,4,,,0,30,,62701,4,,,0,70,,62678,4,,,0,30,,62686,4,,,0,69,,62694,4,,,0,31,,62706,4,,,0,70,,62674,4,,,0
60019,'1925',614,,62707,4,,,0,30,,62718,4,,,0,70,,62716,4,,,0,30,,62712,4,,,0,71,,62720,4,,,0,29,,62719,4,,,0,71,,62717,4,,,0,30,,62713,4,,,0,70,,62708,4,,,0,30,,62715,4,,,0,70,,62721,4,,,0,30,,62731,4,,,0,70,,62709,4,,,0,30,,62714,4,,,0,70,,62710,4,,,0,30,,62737,4,,,0,70,,62711,4,,,0,30,,62736,4,,,0,70,,62728,4,,,0,30,,62734,4,,,0,70,,62727,4,,,0,30,,62733,4,,,0,70,,62723,4,,,0,30,,62729,4,,,0,70,,62726,4,,,0,30,,62732,4,,,0,70,,62725,4,,,0,30,,62730,4,,,0,70,,62722,4,,,0,30,,62735,4,,,0,70,,62724,4,,,0
