1029,'1912',626,,73732,48,,,0,100,,73733,48,,,0,100,,73734,48,,,0,102,,73735,48,,,0,100,,73736,48,,,0,100,,73737,48,,,0,100,,73738,48,,,0,100,,73739,48,,,0,100,,73740,48,,,0,100,,73741,48,,,0,100,,73742,48,,,0,100,,73743,48,,,0,100,,73744,48,,,0,100,,73745,48,,,0,100,,73746,48,,,0,100,,73747,48,,,0,100,,73748,48,,,0,95,,73749,48,,,0
1029,'1966',626,,70284,49,,,0,30,,70296,49,,,0,70,,70303,49,,,0,30,,70291,49,,,0,70,,70312,49,,,0,30,,70300,49,,,0,72,,70283,49,,,0,30,,70295,49,,,0,70,,70306,49,,,0,30,,70290,49,,,0,70,,70313,49,,,0,30,,70299,49,,,0,70,,70282,49,,,0,30,,70294,49,,,0,70,,70305,49,,,0,30,,70289,49,,,0,70,,70285,49,,,0,30,,70298,49,,,0,70,,70281,49,,,0,30,,70293,49,,,0,70,,70301,49,,,0,30,,70288,49,,,0,70,,70310,49,,,0,30,,70297,49,,,0,69,,70280,49,,,0,31,,70292,49,,,0,70,,70304,49,,,0,30,,70286,49,,,0,70,,70308,49,,,0,30,,70307,49,,,0,70,,70279,49,,,0,30,,70287,49,,,0,70,,70302,49,,,0,30,,70311,49,,,0,69,,70309,49,,,0
1029,'1968',626,,59317,49,,,0,100,,59318,49,,,0,100,,59319,49,,,0,102,,59320,49,,,0,100,,59321,49,,,0,100,,59322,49,,,0,100,,59323,49,,,0,100,,59324,49,,,0,100,,59325,49,,,0,100,,59326,49,,,0,100,,59327,49,,,0,100,,59328,49,,,0,100,,59329,49,,,0,100,,59330,49,,,0,100,,59331,49,,,0,100,,59332,49,,,0,100,,59333,49,,,0,95,,59334,49,,,0
1029,'1970',626,,73759,48,,,0,75,,73760,48,,,0,32,,73780,48,,,0,70,,73756,48,,,0,30,,73751,48,,,0,71,,73784,48,,,0,30,,73754,48,,,0,70,,73761,48,,,0,30,,73779,48,,,0,70,,73758,48,,,0,30,,73750,48,,,0,70,,73783,48,,,0,30,,73755,48,,,0,70,,73762,48,,,0,30,,73778,48,,,0,70,,73757,48,,,0,31,,73752,48,,,0,71,,73781,48,,,0,32,,73753,48,,,0,70,,73763,48,,,0,30,,73777,48,,,0,70,,73766,48,,,0,29,,73765,48,,,0,67,,73764,48,,,0,25,,73770,48,,,0,30,,73769,48,,,0,70,,73768,48,,,0,30,,73767,48,,,0,69,,73782,48,,,0,30,,73776,48,,,0,70,,73775,48,,,0,30,,73774,48,,,0,70,,73773,48,,,0,30,,73772,48,,,0,65,,73771,48,,,0
1029,'1971',626,,73790,48,,,0,30,,73802,48,,,0,70,,73809,48,,,0,30,,73797,48,,,0,70,,73818,48,,,0,30,,73806,48,,,0,72,,73789,48,,,0,30,,73801,48,,,0,70,,73812,48,,,0,30,,73796,48,,,0,70,,73819,48,,,0,30,,73805,48,,,0,70,,73788,48,,,0,30,,73800,48,,,0,70,,73811,48,,,0,30,,73795,48,,,0,70,,73791,48,,,0,30,,73804,48,,,0,70,,73787,48,,,0,30,,73799,48,,,0,70,,73807,48,,,0,30,,73794,48,,,0,70,,73816,48,,,0,30,,73803,48,,,0,69,,73786,48,,,0,31,,73798,48,,,0,70,,73810,48,,,0,30,,73792,48,,,0,70,,73814,48,,,0,30,,73813,48,,,0,70,,73785,48,,,0,30,,73793,48,,,0,70,,73808,48,,,0,30,,73817,48,,,0,69,,73815,48,,,0
1029,'1972',626,,73820,48,,,0,100,,73821,48,,,0,100,,73822,48,,,0,102,,73823,48,,,0,100,,73824,48,,,0,100,,73825,48,,,0,100,,73826,48,,,0,100,,73827,48,,,0,100,,73828,48,,,0,100,,73829,48,,,0,100,,73830,48,,,0,100,,73831,48,,,0,100,,73832,48,,,0,100,,73833,48,,,0,100,,73834,48,,,0,100,,73835,48,,,0,100,,73836,48,,,0,95,,73837,48,,,0
1029,'1973',626,,73838,48,,,0,100,,73839,48,,,0,100,,73840,48,,,0,102,,73841,48,,,0,100,,73842,48,,,0,100,,73843,48,,,0,100,,73844,48,,,0,100,,73845,48,,,0,100,,73846,48,,,0,100,,73847,48,,,0,100,,73848,48,,,0,100,,73849,48,,,0,100,,73850,48,,,0,100,,73851,48,,,0,100,,73852,48,,,0,100,,73853,48,,,0,100,,73854,48,,,0,95,,73855,48,,,0
2029,'1912',641,,74007,43,0,39 40,0,71,,74015,43,0,39 40,0,31,,74026,43,0,39 40,0,70,,74021,43,0,39 40,0,30,,74008,43,0,39 40,0,70,,74016,43,0,39 40,0,30,,74027,43,0,39 40,0,70,,74022,43,0,39 40,0,30,,74009,43,0,39 40,0,70,,74017,43,0,39 40,0,30,,74028,43,0,39 40,0,70,,74023,43,0,39 40,0,30,,74010,43,0,39 40,0,70,,74018,43,0,39 40,0,30,,74029,43,0,39 40,0,70,,74024,43,0,39 40,0,30,,74011,43,0,39 40,0,70,,74019,43,0,39 40,0,30,,74030,43,0,39 40,0,70,,74025,43,0,39 40,0,30,,74012,43,0,39 40,0,70,,74020,43,0,39 40,0,30,,74031,43,0,39 40,0,100,,74013,43,0,39 40,0,99,,74032,43,0,39 40,0,100,,74014,43,0,39 40,0,101,,74033,43,0,39 40,0,100,,74006,43,0,39 40,0
2029,'1966',611,,70594,42,0,39 40,0,30,,70577,42,0,39 40,0,69,,70584,42,0,39 40,0,31,,70563,42,0,39 40,0,70,,70569,42,0,39 40,0,30,,70578,42,0,39 40,0,72,,70585,42,0,39 40,0,30,,70564,42,0,39 40,0,70,,70570,42,0,39 40,0,30,,70579,42,0,39 40,0,70,,70586,42,0,39 40,0,30,,70565,42,0,39 40,0,70,,70571,42,0,39 40,0,30,,70580,42,0,39 40,0,70,,70587,42,0,39 40,0,30,,70566,42,0,39 40,0,70,,70572,42,0,39 40,0,30,,70581,42,0,39 40,0,70,,70588,42,0,39 40,0,30,,70567,42,0,39 40,0,70,,70573,42,0,39 40,0,30,,70582,42,0,39 40,0,70,,70589,42,0,39 40,0,30,,70568,42,0,39 40,0,70,,70574,42,0,39 40,0,30,,70583,42,0,39 40,0,70,,70590,42,0,39 40,0,30,,70575,42,0,39 40,0,100,,70591,42,0,39 40,0,100,,70576,42,0,39 40,0,100,,70592,42,0,39 40,0
2029,'1968',641,,70497,42,0,39 40,0,71,,70505,42,0,39 40,0,31,,70516,42,0,39 40,0,70,,70511,42,0,39 40,0,30,,70498,42,0,39 40,0,70,,70506,42,0,39 40,0,30,,70517,42,0,39 40,0,70,,70512,42,0,39 40,0,30,,70499,42,0,39 40,0,70,,70507,42,0,39 40,0,30,,70518,42,0,39 40,0,70,,70513,42,0,39 40,0,30,,70500,42,0,39 40,0,70,,70508,42,0,39 40,0,30,,70519,42,0,39 40,0,70,,70514,42,0,39 40,0,30,,70501,42,0,39 40,0,70,,70509,42,0,39 40,0,30,,70520,42,0,39 40,0,70,,70515,42,0,39 40,0,30,,70502,42,0,39 40,0,70,,70510,42,0,39 40,0,30,,70521,42,0,39 40,0,100,,70503,42,0,39 40,0,99,,70522,42,0,39 40,0,100,,70504,42,0,39 40,0,101,,70523,42,0,39 40,0,100,,70496,42,0,39 40,0
2029,'1970',546,,74055,31,0,39 40,0,65,,74038,43,0,39 40,0,30,,74039,43,0,39 40,0,72,,74040,43,0,39 40,0,30,,74041,43,0,39 40,0,71,,74042,43,0,39 40,0,30,,74043,43,0,39 40,0,70,,74044,43,0,39 40,0,30,,74045,43,0,39 40,0,70,,74046,43,0,39 40,0,30,,74069,43,0,39 40,0,70,,74065,43,0,39 40,0,30,,74071,43,0,39 40,0,70,,74067,43,0,39 40,0,30,,74068,43,0,39 40,0,70,,74064,43,0,39 40,0,30,,74070,43,0,39 40,0,70,,74066,43,0,39 40,0,32,,74072,43,0,39 40,0,71,,74047,43,0,39 40,0,34,,74048,43,0,39 40,0,70,,74049,43,0,39 40,0,30,,74050,43,0,39 40,0,70,,74051,43,0,39 40,0,27,,74052,43,0,39 40,0,66,,74053,43,0,39 40,0,29,,74054,43,0,39 40,0,70,,74058,43,0,39 40,0,30,,74059,43,0,39 40,0,100,,74060,43,0,39 40,0,100,,74061,43,0,39 40,0,100,,74057,43,0,39 40,0
2029,'1971',611,,74104,43,0,5 2 15 16 17,0,30,,74087,43,0,39 40,0,69,,74094,43,0,39 40,0,31,,74073,43,0,39 40,0,70,,74079,43,0,39 40,0,30,,74088,43,0,39 40,0,72,,74095,43,0,39 40,0,30,,74074,43,0,39 40,0,70,,74080,43,0,39 40,0,30,,74089,43,0,39 40,0,70,,74096,43,0,39 40,0,30,,74075,43,0,39 40,0,70,,74081,43,0,39 40,0,30,,74090,43,0,39 40,0,70,,74097,43,0,39 40,0,30,,74076,43,0,39 40,0,70,,74082,43,0,39 40,0,30,,74091,43,0,39 40,0,70,,74098,43,0,39 40,0,30,,74077,43,0,39 40,0,70,,74083,43,0,39 40,0,30,,74092,43,0,39 40,0,70,,74099,43,0,39 40,0,30,,74078,43,0,39 40,0,70,,74084,43,0,39 40,0,30,,74093,43,0,39 40,0,70,,74100,43,0,39 40,0,30,,74085,43,0,39 40,0,100,,74101,43,0,39 40,0,100,,74086,43,0,39 40,0,100,,74102,43,0,39 40,0
2029,'1972',641,,74108,43,0,39 40,0,71,,74116,43,0,39 40,0,31,,74127,43,0,39 40,0,70,,74122,43,0,39 40,0,30,,74109,43,0,39 40,0,70,,74117,43,0,39 40,0,30,,74128,43,0,39 40,0,70,,74123,43,0,39 40,0,30,,74110,43,0,39 40,0,70,,74118,43,0,39 40,0,30,,74129,43,0,39 40,0,70,,74124,43,0,39 40,0,30,,74111,43,0,39 40,0,70,,74119,43,0,39 40,0,30,,74130,43,0,39 40,0,70,,74125,43,0,39 40,0,30,,74112,43,0,39 40,0,70,,74120,43,0,39 40,0,30,,74131,43,0,39 40,0,70,,74126,43,0,39 40,0,30,,74113,43,0,39 40,0,70,,74121,43,0,39 40,0,30,,74132,43,0,39 40,0,100,,74114,43,0,39 40,0,99,,74133,43,0,39 40,0,100,,74115,43,0,39 40,0,101,,74134,43,0,39 40,0,100,,74107,43,0,39 40,0
2029,'1973',641,,74140,43,0,39 40,0,71,,74148,43,0,39 40,0,31,,74159,43,0,39 40,0,70,,74154,43,0,39 40,0,30,,74141,43,0,39 40,0,70,,74149,43,0,39 40,0,30,,74160,43,0,39 40,0,70,,74155,43,0,39 40,0,30,,74142,43,0,39 40,0,70,,74150,43,0,39 40,0,30,,74161,43,0,39 40,0,70,,74156,43,0,39 40,0,30,,74143,43,0,39 40,0,70,,74151,43,0,39 40,0,30,,74162,43,0,39 40,0,70,,74157,43,0,39 40,0,30,,74144,43,0,39 40,0,70,,74152,43,0,39 40,0,30,,74163,43,0,39 40,0,70,,74158,43,0,39 40,0,30,,74145,43,0,39 40,0,70,,74153,43,0,39 40,0,30,,74164,43,0,39 40,0,100,,74146,43,0,39 40,0,99,,74165,43,0,39 40,0,100,,74147,43,0,39 40,0,101,,74166,43,0,39 40,0,100,,74139,43,0,39 40,0
12029,'1965',723,,61282,25,,,0,30,,61275,25,,,0,171,,61262,16,,,0,30,,61263,16,,,0,70,,61264,16,,,0,130,,61267,16,,,0,70,,61268,16,,,0,30,,61269,16,,,0,170,,61272,16,,,0
12029,'1970',651,,74418,25,,,0,171,,74416,25,,,0,31,,74410,25,,,0,201,,74404,16,,,0,70,,74405,16,,,0,200,,74406,16,,,0,30,,74407,16,,,0,101,,74412,25,,,0,71,,74415,25,,,0,30,,74408,25,,,0,70,,74414,25,,,0,30,,74409,25,,,0,70,,74417,25,,,0,28,,74411,25,,,0,70,,74413,25,,,0
14000001029,'1912',553,,73589,30,0,18 7,0,1851,,70205,30,,,0,29,,75060,30,,,0,70,,65884,30,,,0,30,,70206,30,,,0,70,,75059,30,,,0,30,,65880,30,,,0
14000001029,'1959',553,,73605,30,0,18 7,0,1851,,70208,30,,,0,99,,65891,30,,,0,30,,70209,30,,,0,100,,65887,30,,,0
14000001029,'1965',451,,65864,30,0,18 7,0,102,,73593,30,0,18 7,0,1851,,73595,30,,,0,99,,65871,30,,,0,30,,73594,30,,,0,100,,65870,30,,,0
14000001029,'1966',553,,73600,30,0,18 7,0,1880,,73598,30,,,0,170,,73601,30,,,0
14000001029,'1967',2404,,73602,30,,,0,99,,65872,30,,,0,30,,73599,30,,,0,100,,65875,30,,,0
14000001029,'1968',2433,,73591,30,,,0,170,,73590,30,,,0
14000001029,'1969',553,,73592,30,0,18 7,0,1851,,70211,30,,,0,99,,65898,30,,,0,30,,70212,30,,,0,100,,65894,30,,,0
14000001029,'1970',2433,,75061,30,,,0,170,,75062,30,,,0
14000001029,'1971',553,,75064,30,0,18 7,0,1880,,75063,30,,,0,170,,75065,30,,,0
14000001029,'1972',2433,,75067,30,,,0,170,,75066,30,,,0
14000001029,'1973',2433,,75069,30,,,0,170,,75068,30,,,0
