609,'1912',833,,70924,3,0,5 2 6 7,0,100,,70925,3,0,5 2 6 7,0,100,,70926,3,0,5 2 6 7,0,100,,70927,3,0,5 2 6 7,0,100,,70928,3,0,5 2 6 7,0,100,,70929,3,0,5 2 6 7,0,100,,70930,3,0,5 2 6 7,0,100,,70931,3,0,5 2 6 7,0,100,,70932,3,0,5 2 6 7,0,100,,70933,3,0,5 2 6 7,0,100,,70934,3,0,5 2 6 7,0,100,,70935,3,0,5 2 6 7,0
609,'1925',833,,70960,3,0,5 2 6 7,0,100,,70961,3,0,5 2 6 7,0,100,,70962,3,0,5 2 6 7,0,100,,70963,3,0,5 2 6 7,0,100,,70964,3,0,5 2 6 7,0,100,,70965,3,0,5 2 6 7,0,100,,70966,3,0,5 2 6 7,0,100,,70967,3,0,5 2 6 7,0,100,,70968,3,0,5 2 6 7,0,100,,70969,3,0,5 2 6 7,0,100,,70970,3,0,5 2 6 7,0,100,,70971,3,0,5 2 6 7,0
609,'1955',604,,66377,3,0,15 16 17,0,30,,66358,3,0,15 16 17,0,70,,66346,3,0,15 16 17,0,30,,60217,3,0,15 16 17,0,70,,66345,3,0,15 16 17,0,30,,66357,3,0,15 16 17,0,70,,66344,3,0,15 16 17,0,28,,66370,3,0,15 16 17,0,70,,66343,3,0,15 16 17,0,30,,66356,3,0,15 16 17,0,71,,66342,3,0,15 16 17,0,30,,66369,3,0,15 16 17,0,70,,66341,3,0,15 16 17,0,30,,66355,3,0,15 16 17,0,70,,66340,3,0,15 16 17,0,30,,66368,3,0,15 16 17,0,70,,66339,3,0,15 16 17,0,30,,66354,3,0,15 16 17,0,70,,66338,3,0,15 16 17,0,30,,66367,3,0,15 16 17,0,70,,66337,3,0,15 16 17,0,30,,66353,3,0,15 16 17,0,70,,66336,3,0,15 16 17,0,30,,66373,3,0,15 16 17,0,70,,60204,3,0,15 16 17,0,30,,66371,3,0,15 16 17,0,69,,66374,3,0,5 2 6 7,0,100,,66366,3,0,5 2 6 7,0,100,,66378,3,0,5 2 6 7,0
609,'1956',833,,66440,3,0,5 2 6 7,0,100,,66441,3,0,5 2 6 7,0,100,,66442,3,0,5 2 6 7,0,100,,66443,3,0,5 2 6 7,0,100,,66444,3,0,5 2 6 7,0,100,,66445,3,0,5 2 6 7,0,100,,66446,3,0,5 2 6 7,0,100,,66447,3,0,5 2 6 7,0,100,,66448,3,0,5 2 6 7,0,100,,66449,3,0,5 2 6 7,0,100,,66450,3,0,5 2 6 7,0,100,,66451,3,0,5 2 6 7,0
609,'1957',613,,71022,3,0,15 16 17,0,35,,70980,3,0,15 16 17,0,70,,70977,3,0,15 16 17,0,30,,70989,3,0,15 16 17,0,70,,70991,3,0,15 16 17,0,30,,71000,3,0,15 16 17,0,70,,71021,3,0,15 16 17,0,30,,70988,3,0,15 16 17,0,70,,70997,3,0,15 16 17,0,30,,70998,3,0,15 16 17,0,70,,70996,3,0,15 16 17,0,30,,71019,3,0,15 16 17,0,70,,71018,3,0,15 16 17,0,30,,71015,3,0,15 16 17,0,70,,71016,3,0,15 16 17,0,30,,71017,3,0,15 16 17,0,70,,71014,3,0,15 16 17,0,30,,71012,3,0,15 16 17,0,70,,71013,3,0,15 16 17,0,30,,71011,3,0,15 16 17,0,70,,71009,3,0,15 16 17,0,30,,71008,3,0,15 16 17,0,70,,71010,3,0,15 16 17,0,30,,71007,3,0,15 16 17,0,65,,71006,3,0,15 16 17,0,30,,71005,3,0,15 16 17,0,90,,71003,3,0,15 16 17,0,100,,71004,3,0,15 16 17,0,100,,71002,3,0,15 16 17,0,100,,71024,3,0,15 16 17,0
609,'1958',604,,71081,3,0,15 16 17,0,30,,71060,3,0,15 16 17,0,70,,71048,3,0,15 16 17,0,30,,71074,3,0,15 16 17,0,70,,71047,3,0,15 16 17,0,30,,71059,3,0,15 16 17,0,70,,71046,3,0,15 16 17,0,28,,71073,3,0,15 16 17,0,70,,71045,3,0,15 16 17,0,30,,71058,3,0,15 16 17,0,71,,71044,3,0,15 16 17,0,30,,71072,3,0,15 16 17,0,70,,71043,3,0,15 16 17,0,30,,71057,3,0,15 16 17,0,70,,71042,3,0,15 16 17,0,30,,71071,3,0,15 16 17,0,70,,71041,3,0,15 16 17,0,30,,71056,3,0,15 16 17,0,70,,71040,3,0,15 16 17,0,30,,71070,3,0,15 16 17,0,70,,71039,3,0,15 16 17,0,30,,71055,3,0,15 16 17,0,70,,71038,3,0,15 16 17,0,30,,71077,3,0,15 16 17,0,70,,71061,3,0,15 16 17,0,30,,71075,3,0,15 16 17,0,69,,71078,3,0,5 2 6 7,0,100,,71069,3,0,5 2 6 7,0,100,,71082,3,0,5 2 6 7,0
609,'1959',833,,71108,3,0,5 2 6 7,0,100,,71109,3,0,5 2 6 7,0,100,,71110,3,0,5 2 6 7,0,100,,71111,3,0,5 2 6 7,0,100,,71112,3,0,5 2 6 7,0,100,,71113,3,0,5 2 6 7,0,100,,71114,3,0,5 2 6 7,0,100,,71115,3,0,5 2 6 7,0,100,,71116,3,0,5 2 6 7,0,100,,71117,3,0,5 2 6 7,0,100,,71118,3,0,5 2 6 7,0,100,,71119,3,0,5 2 6 7,0
502029,'1912',605,,72667,2,,,0,28,,72649,2,,,0,25,,72658,2,,,0,70,,72683,2,,,0,30,,72663,2,,,0,70,,72682,2,,,0,30,,72661,2,,,0,70,,72681,2,,,0,30,,72650,2,,,0,70,,72680,2,,,0,15,,72692,2,,,0,15,,72651,2,,,0,55,,72694,2,,,0,15,,72679,2,,,0,15,,72697,2,,,0,15,,72652,2,,,0,55,,72686,2,,,0,15,,72678,2,,,0,15,,72689,2,,,0,15,,72653,2,,,0,55,,72691,2,,,0,15,,72677,2,,,0,15,,72695,2,,,0,15,,72654,2,,,0,55,,72696,2,,,0,15,,72676,2,,,0,15,,72685,2,,,0,15,,72655,2,,,0,55,,72688,2,,,0,15,,72675,2,,,0,15,,72690,2,,,0,15,,72656,2,,,0,55,,72693,2,,,0,15,,72674,2,,,0,15,,72698,2,,,0,15,,72657,2,,,0,55,,72684,2,,,0,15,,72673,2,,,0,15,,72687,2,,,0,15,,72666,2,,,0,70,,72672,2,,,0,30,,72664,2,,,0,70,,72671,2,,,0,30,,72659,2,,,0,70,,72670,2,,,0,30,,72660,2,,,0,70,,72668,2,,,0,29,,72665,2,,,0,70,,72669,2,,,0,30,,72662,2,,,0
502029,'1925',605,,72717,2,,,0,28,,72699,2,,,0,25,,72708,2,,,0,70,,72733,2,,,0,30,,72713,2,,,0,70,,72732,2,,,0,30,,72711,2,,,0,70,,72731,2,,,0,30,,72700,2,,,0,70,,72730,2,,,0,15,,72742,2,,,0,15,,72701,2,,,0,55,,72744,2,,,0,15,,72729,2,,,0,15,,72747,2,,,0,15,,72702,2,,,0,55,,72736,2,,,0,15,,72728,2,,,0,15,,72739,2,,,0,15,,72703,2,,,0,55,,72741,2,,,0,15,,72727,2,,,0,15,,72745,2,,,0,15,,72704,2,,,0,55,,72746,2,,,0,15,,72726,2,,,0,15,,72735,2,,,0,15,,72705,2,,,0,55,,72738,2,,,0,15,,72725,2,,,0,15,,72740,2,,,0,15,,72706,2,,,0,55,,72743,2,,,0,15,,72724,2,,,0,15,,72748,2,,,0,15,,72707,2,,,0,55,,72734,2,,,0,15,,72723,2,,,0,15,,72737,2,,,0,15,,72716,2,,,0,70,,72722,2,,,0,30,,72714,2,,,0,70,,72721,2,,,0,30,,72709,2,,,0,70,,72720,2,,,0,30,,72710,2,,,0,70,,72718,2,,,0,29,,72715,2,,,0,70,,72719,2,,,0,30,,72712,2,,,0
502029,'1955',603,,68453,2,,,0,15,,68499,2,,,0,15,,68460,2,,,0,70,,68452,2,,,0,30,,68461,2,,,0,25,,68451,2,,,0,70,,68462,2,,,0,30,,68450,2,,,0,70,,68463,2,,,0,15,,68464,2,,,0,15,,68490,2,,,0,55,,68473,2,,,0,15,,68482,2,,,0,15,,68465,2,,,0,15,,68491,2,,,0,55,,68474,2,,,0,15,,68483,2,,,0,15,,68466,2,,,0,15,,68492,2,,,0,55,,68475,2,,,0,15,,68484,2,,,0,15,,68467,2,,,0,15,,68493,2,,,0,55,,68476,2,,,0,15,,68485,2,,,0,15,,68468,2,,,0,15,,68494,2,,,0,55,,68477,2,,,0,15,,68486,2,,,0,15,,68469,2,,,0,15,,68495,2,,,0,55,,68478,2,,,0,15,,68487,2,,,0,15,,68470,2,,,0,15,,68496,2,,,0,55,,68479,2,,,0,15,,68488,2,,,0,15,,68471,2,,,0,15,,68497,2,,,0,55,,68480,2,,,0,15,,68455,2,,,0,15,,68472,2,,,0,15,,68489,2,,,0,55,,68481,2,,,0,15,,68456,2,,,0,15,,68498,2,,,0,15,,68500,2,,,0,70,,68457,2,,,0,30,,68449,2,,,0,70,,68458,2,,,0,30,,68448,2,,,0,70,,68454,2,,,0,30,,68447,2,,,0,70,,68459,2,,,0,30,,68446,2,,,0
502029,'1956',605,,68569,2,,,0,28,,68551,2,,,0,25,,68560,2,,,0,70,,68585,2,,,0,30,,68565,2,,,0,70,,68584,2,,,0,30,,68563,2,,,0,70,,68583,2,,,0,30,,68552,2,,,0,70,,68582,2,,,0,15,,68594,2,,,0,15,,68553,2,,,0,55,,68596,2,,,0,15,,68581,2,,,0,15,,68599,2,,,0,15,,68554,2,,,0,55,,68588,2,,,0,15,,68580,2,,,0,15,,68591,2,,,0,15,,68555,2,,,0,55,,68593,2,,,0,15,,68579,2,,,0,15,,68597,2,,,0,15,,68556,2,,,0,55,,68598,2,,,0,15,,68578,2,,,0,15,,68587,2,,,0,15,,68557,2,,,0,55,,68590,2,,,0,15,,68577,2,,,0,15,,68592,2,,,0,15,,68558,2,,,0,55,,68595,2,,,0,15,,68576,2,,,0,15,,68600,2,,,0,15,,68559,2,,,0,55,,68586,2,,,0,15,,68575,2,,,0,15,,68589,2,,,0,15,,68568,2,,,0,70,,68574,2,,,0,30,,68566,2,,,0,70,,68573,2,,,0,30,,68561,2,,,0,70,,68572,2,,,0,30,,68562,2,,,0,70,,68570,2,,,0,29,,68567,2,,,0,70,,68571,2,,,0,30,,68564,2,,,0
502029,'1957',528,,72749,2,,,0,15,,72750,2,,,0,15,,72751,2,,,0,55,,72752,2,,,0,7,,72753,2,,,0,8,,72754,2,,,0,15,,72755,2,,,0,12,,72756,2,,,0,52,,72757,2,,,0,12,,72758,2,,,0,6,,72759,2,,,0,6,,72760,2,,,0,12,,72761,2,,,0,6,,72762,2,,,0,6,,72763,2,,,0,52,,72764,2,,,0,12,,72765,2,,,0,12,,72766,2,,,0,12,,72767,2,,,0,15,,72768,2,,,0,55,,72769,2,,,0,15,,72770,2,,,0,15,,72771,2,,,0,15,,72772,2,,,0,55,,72773,2,,,0,15,,72774,2,,,0,15,,72775,2,,,0,15,,72776,2,,,0,55,,72777,2,,,0,15,,72778,2,,,0,15,,72779,2,,,0,15,,72780,2,,,0,55,,72781,2,,,0,15,,72782,2,,,0,15,,72783,2,,,0,15,,72784,2,,,0,55,,72785,2,,,0,15,,72786,2,,,0,15,,72787,2,,,0,15,,72788,2,,,0,55,,72789,2,,,0,15,,72790,2,,,0,16,,72791,2,,,0,15,,72792,2,,,0,55,,72793,2,,,0,12,,72794,2,,,0,12,,72795,2,,,0,12,,72796,2,,,0,52,,72797,2,,,0,12,,72798,2,,,0,12,,72799,2,,,0,12,,72800,2,,,0,12,,72801,2,,,0,52,,72802,2,,,0,11,,72803,2,,,0,12,,72804,2,,,0,12,,72805,2,,,0,12,,72806,2,,,0,52,,72807,2,,,0,12,,72808,2,,,0,15,,72809,2,,,0,15,,72819,2,,,0,15,,72810,2,,,0,70,,72811,2,,,0,30,,72812,2,,,0,70,,72813,2,,,0,30,,72814,2,,,0,70,,72815,2,,,0,30,,72816,2,,,0,70,,72817,2,,,0,30,,72818,2,,,0
502029,'1958',603,,72827,2,,,0,15,,72873,2,,,0,15,,72834,2,,,0,70,,72826,2,,,0,30,,72835,2,,,0,25,,72825,2,,,0,70,,72836,2,,,0,30,,72824,2,,,0,70,,72837,2,,,0,15,,72838,2,,,0,15,,72864,2,,,0,55,,72847,2,,,0,15,,72856,2,,,0,15,,72839,2,,,0,15,,72865,2,,,0,55,,72848,2,,,0,15,,72857,2,,,0,15,,72840,2,,,0,15,,72866,2,,,0,55,,72849,2,,,0,15,,72858,2,,,0,15,,72841,2,,,0,15,,72867,2,,,0,55,,72850,2,,,0,15,,72859,2,,,0,15,,72842,2,,,0,15,,72868,2,,,0,55,,72851,2,,,0,15,,72860,2,,,0,15,,72843,2,,,0,15,,72869,2,,,0,55,,72852,2,,,0,15,,72861,2,,,0,15,,72844,2,,,0,15,,72870,2,,,0,55,,72853,2,,,0,15,,72862,2,,,0,15,,72845,2,,,0,15,,72871,2,,,0,55,,72854,2,,,0,15,,72829,2,,,0,15,,72846,2,,,0,15,,72863,2,,,0,55,,72855,2,,,0,15,,72830,2,,,0,15,,72872,2,,,0,15,,72874,2,,,0,70,,72831,2,,,0,30,,72823,2,,,0,70,,72832,2,,,0,30,,72822,2,,,0,70,,72828,2,,,0,30,,72821,2,,,0,70,,72833,2,,,0,30,,72820,2,,,0
502029,'1959',605,,72893,2,,,0,28,,72875,2,,,0,25,,72884,2,,,0,70,,72909,2,,,0,30,,72889,2,,,0,70,,72908,2,,,0,30,,72887,2,,,0,70,,72907,2,,,0,30,,72876,2,,,0,70,,72906,2,,,0,15,,72918,2,,,0,15,,72877,2,,,0,55,,72920,2,,,0,15,,72905,2,,,0,15,,72923,2,,,0,15,,72878,2,,,0,55,,72912,2,,,0,15,,72904,2,,,0,15,,72915,2,,,0,15,,72879,2,,,0,55,,72917,2,,,0,15,,72903,2,,,0,15,,72921,2,,,0,15,,72880,2,,,0,55,,72922,2,,,0,15,,72902,2,,,0,15,,72911,2,,,0,15,,72881,2,,,0,55,,72914,2,,,0,15,,72901,2,,,0,15,,72916,2,,,0,15,,72882,2,,,0,55,,72919,2,,,0,15,,72900,2,,,0,15,,72924,2,,,0,15,,72883,2,,,0,55,,72910,2,,,0,15,,72899,2,,,0,15,,72913,2,,,0,15,,72892,2,,,0,70,,72898,2,,,0,30,,72890,2,,,0,70,,72897,2,,,0,30,,72885,2,,,0,70,,72896,2,,,0,30,,72886,2,,,0,70,,72894,2,,,0,29,,72891,2,,,0,70,,72895,2,,,0,30,,72888,2,,,0
