11029,'1909',827,,61170,22,,,0
11029,'1910',725,,67037,22,,,0,1001,,67033,22,,,0,100,,67034,22,,,0,99,,67035,22,,,0
11029,'1912',824,,67039,22,,,0,100,,67040,22,,,0,105,,67041,22,,,0,100,,67042,22,,,0,100,,67043,22,,,0,100,,67044,22,,,0,100,,67045,22,,,0,100,,67046,22,,,0,100,,67047,22,,,0,97,,67048,22,,,0,100,,67049,22,,,0,99,,67050,22,,,0,100,,61211,22,,,0
11029,'1924',824,,67051,22,,,0,100,,67052,22,,,0,105,,67053,22,,,0,100,,67054,22,,,0,100,,67055,22,,,0,100,,67056,22,,,0,100,,67057,22,,,0,100,,67058,22,,,0,100,,67059,22,,,0,97,,67060,22,,,0,100,,67061,22,,,0,99,,67062,22,,,0,100,,61224,22,,,0
11029,'1925',824,,67063,22,,,0,100,,67064,22,,,0,105,,67065,22,,,0,100,,67066,22,,,0,100,,67067,22,,,0,100,,67068,22,,,0,100,,67069,22,,,0,100,,67070,22,,,0,100,,67071,22,,,0,97,,67072,22,,,0,100,,67073,22,,,0,99,,67074,22,,,0,100,,61237,22,,,0
11029,'1949',626,,67101,15,,,0,1103,,67097,22,,,0
11029,'1955',626,,67038,15,,,0,199,,67024,22,,,0,100,,67025,22,,,0,104,,67026,22,,,0,101,,67027,22,,,0,100,,67028,22,,,0,100,,67029,22,,,0,100,,67030,22,,,0,100,,67031,22,,,0,100,,67032,22,,,0,395,,67036,22,,,0
11029,'1957',725,,71512,22,,,0,202,,71513,22,,,0,101,,71514,22,,,0,100,,71515,22,,,0,100,,71516,22,,,0,100,,71517,22,,,0,101,,71518,22,,,0,100,,71519,22,,,0,100,,71520,22,,,0,197,,71521,22,,,0,100,,71522,22,,,0,100,,71523,22,,,0,99,,71511,22,,,0
11029,'1958',626,,71534,15,,,0,199,,71524,22,,,0,100,,71525,22,,,0,104,,71526,22,,,0,101,,71527,22,,,0,100,,71528,22,,,0,100,,71529,22,,,0,100,,71530,22,,,0,100,,71531,22,,,0,100,,71532,22,,,0,395,,71533,22,,,0
31019,'1909',708,,62407,10,,,0,31,,62420,10,,,0,70,,62403,10,,,0,130,,62395,10,,,0,70,,62408,10,,,0,30,,62419,10,,,0,170,,62413,10,,,0,30,,62394,10,,,0,70,,62409,10,,,0,130,,62398,10,,,0,101,,62396,10,,,0,100,,62417,10,,,0,367,,62423,10,0,5 2 8 7,0,30,,62402,10,,,0,170,,62426,10,0,5 2 8 7,0,125,,62421,10,0,5 2 8 7,0
31019,'1912',637,,62466,10,,,0,100,,62467,10,,,0,100,,62468,10,,,0,100,,62469,10,,,0,100,,62470,10,,,0,101,,62471,10,,,0,100,,62472,10,,,0,100,,62473,10,,,0,100,,62474,10,,,0,100,,62475,10,,,0,100,,62476,10,,,0,100,,62477,10,,,0,100,,62478,10,,,0,99,,62479,10,,,0,100,,62480,10,,,0,100,,62481,10,,,0,100,,62482,10,,,0,95,,62484,10,0,5 2 8 7,0
31019,'1924',637,,62485,10,,,0,100,,62486,10,,,0,100,,62487,10,,,0,100,,62488,10,,,0,100,,62489,10,,,0,101,,62490,10,,,0,100,,62491,10,,,0,100,,62492,10,,,0,100,,62493,10,,,0,100,,62494,10,,,0,100,,62495,10,,,0,100,,62496,10,,,0,100,,62497,10,,,0,99,,62498,10,,,0,100,,62499,10,,,0,100,,62500,10,,,0,100,,62501,10,,,0,95,,62503,10,0,5 2 8 7,0
31019,'1925',637,,62504,10,,,0,100,,62505,10,,,0,100,,62506,10,,,0,100,,62507,10,,,0,100,,62508,10,,,0,101,,62509,10,,,0,100,,62510,10,,,0,100,,62511,10,,,0,100,,62512,10,,,0,100,,62513,10,,,0,100,,62514,10,,,0,100,,62515,10,,,0,100,,62516,10,,,0,99,,62517,10,,,0,100,,62518,10,,,0,100,,62519,10,,,0,100,,62520,10,,,0,95,,62522,10,0,5 2 8 7,0
31019,'1955',637,,67732,10,,,0,70,,67748,10,,,0,30,,67761,10,,,0,70,,67744,10,,,0,30,,67738,10,,,0,70,,67754,10,,,0,30,,67731,10,,,0,71,,67747,10,,,0,30,,67756,10,,,0,70,,67743,10,,,0,30,,67737,10,,,0,70,,67753,10,,,0,30,,67730,10,,,0,70,,67746,10,,,0,30,,67759,10,,,0,70,,67742,10,,,0,30,,67736,10,,,0,70,,67752,10,,,0,30,,67729,10,,,0,70,,67745,10,,,0,30,,67758,10,,,0,70,,67741,10,,,0,30,,67735,10,,,0,70,,67751,10,,,0,30,,62430,10,,,0,69,,67763,10,,,0,30,,67757,10,,,0,70,,67740,10,0,5 2 8 7,0,30,,67734,10,,,0,70,,67750,10,0,5 2 8 7,0,30,,62429,10,,,0,70,,67739,10,0,5 2 8 7,0,30,,67760,10,,,0,70,,67749,10,0,5 2 8 7,0,30,,67733,10,0,5 2 8 7,0
31019,'1957',637,,72062,10,,,0,202,,72066,10,,,0,70,,72074,10,,,0,200,,72070,10,,,0,30,,72067,10,,,0,200,,72077,10,,,0,70,,72068,10,,,0,101,,72073,10,,,0,100,,72071,10,,,0,99,,72069,10,,,0,29,,72065,10,,,0,70,,72072,10,,,0,30,,72063,10,,,0,70,,72080,10,,,0,30,,72076,10,,,0,169,,72078,10,0,5 2 8 7,0,30,,72064,10,,,0,100,,72075,10,,,0,70,,72079,10,0,5 2 8 7,0
31019,'1958',637,,72086,10,,,0,70,,72102,10,,,0,30,,72115,10,,,0,70,,72098,10,,,0,30,,72092,10,,,0,70,,72108,10,,,0,30,,72085,10,,,0,71,,72101,10,,,0,30,,72110,10,,,0,70,,72097,10,,,0,30,,72091,10,,,0,70,,72107,10,,,0,30,,72084,10,,,0,70,,72100,10,,,0,30,,72113,10,,,0,70,,72096,10,,,0,30,,72090,10,,,0,70,,72106,10,,,0,30,,72083,10,,,0,70,,72099,10,,,0,30,,72112,10,,,0,70,,72095,10,,,0,30,,72089,10,,,0,70,,72105,10,,,0,30,,72082,10,,,0,69,,72117,10,,,0,30,,72111,10,,,0,70,,72094,10,0,5 2 8 7,0,30,,72088,10,,,0,70,,72104,10,0,5 2 8 7,0,30,,72081,10,,,0,70,,72093,10,0,5 2 8 7,0,30,,72114,10,,,0,70,,72103,10,0,5 2 8 7,0,30,,72087,10,0,5 2 8 7,0
