1019,'1912',611,,73606,14,,,0,100,,73607,14,,,0,100,,73608,14,,,0,100,,73609,14,,,0,100,,73610,14,,,0,100,,73611,14,,,0,100,,73612,14,,,0,100,,73613,14,,,0,100,,73614,14,,,0,100,,73615,14,,,0,100,,73616,14,,,0,100,,73617,14,,,0,100,,73618,14,,,0,100,,73619,14,,,0,100,,73620,14,,,0,100,,73621,14,,,0,100,,73622,14,,,0,100,,73623,14,,,0
1019,'1966',540,,70266,14,,,0,70,,70255,14,,,0,30,,70241,14,,,0,70,,70260,14,,,0,30,,70250,14,,,0,70,,70235,14,,,0,30,,70256,14,,,0,70,,70258,14,,,0,30,,70240,14,,,0,72,,70261,14,,,0,30,,70249,14,,,0,70,,70234,14,,,0,30,,70244,14,,,0,70,,70254,14,,,0,30,,70239,14,,,0,70,,70262,14,,,0,30,,70248,14,,,0,70,,70233,14,,,0,30,,70243,14,,,0,70,,70253,14,,,0,30,,70238,14,,,0,70,,70263,14,,,0,30,,70247,14,,,0,70,,70232,14,,,0,30,,70242,14,,,0,70,,70252,14,,,0,30,,70236,14,,,0,69,,70264,14,,,0,30,,70245,14,,,0,70,,70231,14,,,0,30,,70237,14,,,0,70,,70251,14,,,0,30,,70246,14,,,0,70,,70265,14,,,0,30,,70259,14,,,0,70,,70257,14,,,0
1019,'1968',611,,59175,14,,,0,100,,59176,14,,,0,100,,59177,14,,,0,100,,59178,14,,,0,100,,59179,14,,,0,100,,59180,14,,,0,100,,59181,14,,,0,100,,59182,14,,,0,100,,59183,14,,,0,100,,59184,14,,,0,100,,59185,14,,,0,100,,59186,14,,,0,100,,59187,14,,,0,100,,59188,14,,,0,100,,59189,14,,,0,100,,59190,14,,,0,100,,59191,14,,,0,100,,59192,14,,,0
1019,'1970',540,,73659,14,,,0,75,,73655,14,,,0,30,,73631,14,,,0,72,,73626,14,,,0,30,,73644,14,,,0,70,,73628,14,,,0,30,,73633,14,,,0,71,,73658,14,,,0,30,,73630,14,,,0,70,,73624,14,,,0,30,,73643,14,,,0,70,,73629,14,,,0,30,,73634,14,,,0,70,,73654,14,,,0,30,,73632,14,,,0,70,,73625,14,,,0,30,,73656,14,,,0,70,,73627,14,,,0,30,,73635,14,,,0,70,,73653,14,,,0,30,,73646,14,,,0,70,,73638,14,,,0,30,,73636,14,,,0,70,,73639,14,,,0,29,,73641,14,,,0,70,,73640,14,,,0,30,,73637,14,,,0,65,,73657,14,,,0,30,,73651,14,,,0,68,,73652,14,,,0,30,,73650,14,,,0,70,,73649,14,,,0,30,,73648,14,,,0,70,,73647,14,,,0,30,,73645,14,,,0,70,,73642,14,,,0
1019,'1971',540,,73695,14,,,0,70,,73684,14,,,0,30,,73670,14,,,0,70,,73689,14,,,0,30,,73679,14,,,0,70,,73664,14,,,0,30,,73685,14,,,0,70,,73687,14,,,0,30,,73669,14,,,0,72,,73690,14,,,0,30,,73678,14,,,0,70,,73663,14,,,0,30,,73673,14,,,0,70,,73683,14,,,0,30,,73668,14,,,0,70,,73691,14,,,0,30,,73677,14,,,0,70,,73662,14,,,0,30,,73672,14,,,0,70,,73682,14,,,0,30,,73667,14,,,0,70,,73692,14,,,0,30,,73676,14,,,0,70,,73661,14,,,0,30,,73671,14,,,0,70,,73681,14,,,0,30,,73665,14,,,0,69,,73693,14,,,0,30,,73674,14,,,0,70,,73660,14,,,0,30,,73666,14,,,0,70,,73680,14,,,0,30,,73675,14,,,0,70,,73694,14,,,0,30,,73688,14,,,0,70,,73686,14,,,0
1019,'1972',611,,73696,14,,,0,100,,73697,14,,,0,100,,73698,14,,,0,100,,73699,14,,,0,100,,73700,14,,,0,100,,73701,14,,,0,100,,73702,14,,,0,100,,73703,14,,,0,100,,73704,14,,,0,100,,73705,14,,,0,100,,73706,14,,,0,100,,73707,14,,,0,100,,73708,14,,,0,100,,73709,14,,,0,100,,73710,14,,,0,100,,73711,14,,,0,100,,73712,14,,,0,100,,73713,14,,,0
1019,'1973',611,,73714,14,,,0,100,,73715,14,,,0,100,,73716,14,,,0,100,,73717,14,,,0,100,,73718,14,,,0,100,,73719,14,,,0,100,,73720,14,,,0,100,,73721,14,,,0,100,,73722,14,,,0,100,,73723,14,,,0,100,,73724,14,,,0,100,,73725,14,,,0,100,,73726,14,,,0,100,,73727,14,,,0,100,,73728,14,,,0,100,,73729,14,,,0,100,,73730,14,,,0,100,,73731,14,,,0
2019,'1912',656,,73883,23,,,0,70,,73860,23,,,0,30,,73864,23,,,0,70,,73876,23,,,0,30,,73871,23,,,0,70,,73861,23,,,0,30,,73865,23,,,0,70,,73877,23,,,0,30,,73872,23,,,0,70,,73862,23,,,0,30,,73866,23,,,0,70,,73878,23,,,0,30,,73873,23,,,0,70,,73863,23,,,0,30,,73867,23,,,0,70,,73879,23,,,0,30,,73874,23,,,0,70,,73858,23,,,0,30,,73868,23,,,0,70,,73880,23,,,0,30,,73875,23,,,0,70,,73856,23,,,0,30,,73869,23,,,0,70,,73881,23,,,0,100,,73857,23,,,0,100,,73882,23,,,0,100,,73859,23,,,0,100,,73870,23,,,0,99,,73884,23,,,0
2019,'1966',625,,70404,14,,,0,30,,70411,23,,,0,70,,70420,23,,,0,30,,70427,23,,,0,70,,70405,23,,,0,30,,70412,23,,,0,70,,70421,23,,,0,30,,70428,23,,,0,72,,70406,23,,,0,30,,70413,23,,,0,70,,70422,23,,,0,30,,70429,23,,,0,70,,70407,23,,,0,30,,70414,23,,,0,70,,70423,23,,,0,30,,70430,23,,,0,70,,70408,23,,,0,30,,70415,23,,,0,70,,70424,23,,,0,30,,70431,23,,,0,70,,70409,23,,,0,30,,70416,23,,,0,70,,70425,23,,,0,30,,70432,23,,,0,70,,70410,23,,,0,30,,70417,23,,,0,70,,70426,23,,,0,99,,70418,23,,,0,100,,70433,23,,,0,100,,70419,23,,,0,100,,70434,23,,,0
2019,'1968',656,,70370,23,,,0,70,,70347,23,,,0,30,,70351,23,,,0,70,,70363,23,,,0,30,,70358,23,,,0,70,,70348,23,,,0,30,,70352,23,,,0,70,,70364,23,,,0,30,,70359,23,,,0,70,,70349,23,,,0,30,,70353,23,,,0,70,,70365,23,,,0,30,,70360,23,,,0,70,,70350,23,,,0,30,,70354,23,,,0,70,,70366,23,,,0,30,,70361,23,,,0,70,,70345,23,,,0,30,,70355,23,,,0,70,,70367,23,,,0,30,,70362,23,,,0,70,,70343,23,,,0,30,,70356,23,,,0,70,,70368,23,,,0,100,,70344,23,,,0,100,,70369,23,,,0,100,,70346,23,,,0,100,,70357,23,,,0,99,,70371,23,,,0
2019,'1970',452,,73916,14,0,5 2 13 14,0,173,,73885,23,,,0,30,,73886,23,,,0,72,,73887,23,,,0,30,,73888,23,,,0,70,,73889,23,,,0,30,,73890,23,,,0,70,,73907,23,,,0,30,,73908,23,,,0,70,,73909,23,,,0,30,,73910,23,,,0,70,,73911,23,,,0,30,,73912,23,,,0,70,,73913,23,,,0,30,,73914,23,,,0,70,,73915,23,,,0,30,,73905,23,,,0,70,,73906,23,,,0,31,,73891,23,,,0,70,,73892,23,,,0,30,,73893,23,,,0,70,,73894,23,,,0,30,,73895,23,,,0,69,,73896,23,,,0,30,,73897,23,,,0,70,,73898,23,,,0,30,,73904,23,,,0,70,,73899,23,,,0,98,,73900,23,,,0,100,,73901,23,,,0,100,,73902,23,,,0,100,,73903,23,,,0
2019,'1971',625,,73917,14,,,0,30,,73924,23,,,0,70,,73933,23,,,0,30,,73940,23,,,0,70,,73918,23,,,0,30,,73925,23,,,0,70,,73934,23,,,0,30,,73941,23,,,0,72,,73919,23,,,0,30,,73926,23,,,0,70,,73935,23,,,0,30,,73942,23,,,0,70,,73920,23,,,0,30,,73927,23,,,0,70,,73936,23,,,0,30,,73943,23,,,0,70,,73921,23,,,0,30,,73928,23,,,0,70,,73937,23,,,0,30,,73944,23,,,0,70,,73922,23,,,0,30,,73929,23,,,0,70,,73938,23,,,0,30,,73945,23,,,0,70,,73923,23,,,0,30,,73930,23,,,0,70,,73939,23,,,0,99,,73931,23,,,0,100,,73946,23,,,0,100,,73932,23,,,0,100,,73947,23,,,0
2019,'1972',656,,73975,23,,,0,70,,73952,23,,,0,30,,73956,23,,,0,70,,73968,23,,,0,30,,73963,23,,,0,70,,73953,23,,,0,30,,73957,23,,,0,70,,73969,23,,,0,30,,73964,23,,,0,70,,73954,23,,,0,30,,73958,23,,,0,70,,73970,23,,,0,30,,73965,23,,,0,70,,73955,23,,,0,30,,73959,23,,,0,70,,73971,23,,,0,30,,73966,23,,,0,70,,73950,23,,,0,30,,73960,23,,,0,70,,73972,23,,,0,30,,73967,23,,,0,70,,73948,23,,,0,30,,73961,23,,,0,70,,73973,23,,,0,100,,73949,23,,,0,100,,73974,23,,,0,100,,73951,23,,,0,100,,73962,23,,,0,99,,73976,23,,,0
2019,'1973',656,,74004,23,,,0,70,,73981,23,,,0,30,,73985,23,,,0,70,,73997,23,,,0,30,,73992,23,,,0,70,,73982,23,,,0,30,,73986,23,,,0,70,,73998,23,,,0,30,,73993,23,,,0,70,,73983,23,,,0,30,,73987,23,,,0,70,,73999,23,,,0,30,,73994,23,,,0,70,,73984,23,,,0,30,,73988,23,,,0,70,,74000,23,,,0,30,,73995,23,,,0,70,,73979,23,,,0,30,,73989,23,,,0,70,,74001,23,,,0,30,,73996,23,,,0,70,,73977,23,,,0,30,,73990,23,,,0,70,,74002,23,,,0,100,,73978,23,,,0,100,,74003,23,,,0,100,,73980,23,,,0,100,,73991,23,,,0,99,,74005,23,,,0
12019,'1965',635,,61256,14,,,0,71,,61259,14,,,0,131,,61261,14,,,0,70,,61258,14,0,5 2 12,0,130,,61238,14,0,5 2 12,0,70,,61239,14,0,5 2 12,0,30,,61240,14,0,5 2 12,0,170,,61243,14,0,5 2 12,0,30,,61244,14,0,5 2 12,0,70,,61245,14,0,5 2 12,0,399,,71547,14,,,0
12019,'1970',737,,74399,14,,,0,70,,74403,14,,,0,130,,74394,14,0,5 2 12,0,70,,74395,14,0,5 2 12,0,200,,74391,14,0,5 2 12,0,30,,74392,14,0,5 2 12,0,200,,74393,14,,,0,69,,74402,14,,,0,30,,74398,14,,,0,70,,74400,14,,,0,30,,74397,14,,,0,70,,74401,14,,,0,30,,74396,14,,,0
14000001019,'1912',2419,,65844,30,,,0,30,,70196,30,,,0,70,,75054,30,,,0,30,,65845,30,,,0,70,,70197,30,,,0
14000001019,'1959',2419,,65849,30,,,0,30,,70198,30,,,0,100,,65850,30,,,0,70,,70199,30,,,0
14000001019,'1965',2419,,65835,30,,,0,30,,73580,30,,,0,100,,65834,30,,,0,70,,73582,30,,,0
14000001019,'1966',2519,,73584,30,,,0
14000001019,'1967',2419,,65840,30,,,0,30,,73583,30,,,0,100,,65838,30,,,0,70,,73585,30,,,0
14000001019,'1968',2519,,73579,30,,,0
14000001019,'1969',2419,,65854,30,,,0,30,,70200,30,,,0,100,,65855,30,,,0,70,,70201,30,,,0
14000001019,'1970',2519,,75055,30,,,0
14000001019,'1971',2519,,75056,30,,,0
14000001019,'1972',2519,,75057,30,,,0
14000001019,'1973',2519,,75058,30,,,0
