10019,'1909',913,,60946,12,,,0,999,,60966,12,,,0,98,,60968,12,,,0,100,,60970,12,,,0,100,,60971,12,,,0
10019,'1910',1842,,66746,12,,,0,69,,60997,12,,,0,100,,66747,12,,,0,100,,60999,12,,,0
10019,'1912',741,,61000,12,,,0,70,,66748,12,,,0,30,,61002,12,,,0,70,,66749,12,,,0,30,,61004,12,,,0,70,,71282,12,,,0,30,,71283,12,,,0,70,,71284,12,,,0,30,,71285,12,,,0,71,,71286,12,,,0,30,,71287,12,,,0,70,,71288,12,,,0,30,,71289,12,,,0,70,,71290,12,,,0,30,,71291,12,,,0,70,,71292,12,,,0,30,,71293,12,,,0,70,,71294,12,,,0,30,,66763,12,,,0,70,,71295,12,,,0,30,,71296,12,,,0,69,,71297,12,,,0,30,,66767,12,,,0,70,,71298,12,,,0
10019,'1924',741,,61024,12,,,0,70,,66769,12,,,0,30,,61026,12,,,0,70,,66770,12,,,0,30,,61028,12,,,0,701,,66784,12,,,0,199,,66788,12,,,0
10019,'1925',741,,61048,12,,,0,70,,66790,12,,,0,30,,61050,12,,,0,70,,66791,12,,,0,30,,61052,12,,,0,70,,71299,12,,,0,30,,71300,12,,,0,70,,71301,12,,,0,30,,71302,12,,,0,71,,71303,12,,,0,30,,71304,12,,,0,70,,71305,12,,,0,30,,71306,12,,,0,70,,71307,12,,,0,30,,71308,12,,,0,70,,71309,12,,,0,30,,71310,12,,,0,70,,71311,12,,,0,30,,66805,12,,,0,70,,71312,12,,,0,30,,71313,12,,,0,69,,71314,12,,,0,30,,66809,12,,,0,70,,71315,12,,,0
10019,'1949',1343,,66831,12,,,0
10019,'1955',641,,60972,12,,,0,70,,66724,12,,,0,30,,66725,12,,,0,70,,66726,12,,,0,30,,60976,12,,,0,70,,66727,12,,,0,30,,66728,12,,,0,71,,66729,12,,,0,30,,66730,12,,,0,70,,66731,12,,,0,30,,66732,12,,,0,70,,66733,12,,,0,30,,66734,12,,,0,70,,66735,12,,,0,30,,66736,12,,,0,70,,66737,12,,,0,30,,66738,12,,,0,70,,66739,12,,,0,30,,66740,12,,,0,70,,66741,12,,,0,30,,66742,12,,,0,70,,66743,12,,,0,30,,66744,12,,,0,70,,66745,12,,,0
10019,'1956',1011,,66771,12,,,0,30,,66772,12,,,0,70,,66773,12,,,0,30,,66774,12,,,0,71,,66775,12,,,0,30,,66776,12,,,0,70,,66777,12,,,0,30,,66778,12,,,0,70,,66779,12,,,0,30,,66780,12,,,0,70,,66781,12,,,0,30,,66782,12,,,0,70,,66783,12,,,0,100,,66785,12,,,0,30,,66786,12,,,0,69,,66787,12,,,0,100,,66789,12,,,0
10019,'1957',541,,71316,12,,,0,70,,71317,12,,,0,30,,71318,12,,,0,71,,71319,12,,,0,30,,71320,12,,,0,70,,71321,12,,,0,30,,71322,12,,,0,101,,71323,12,,,0,70,,71324,12,,,0,30,,71325,12,,,0,70,,71326,12,,,0,30,,71327,12,,,0,70,,71328,12,,,0,30,,71329,12,,,0,70,,71330,12,,,0,100,,71331,12,,,0,32,,71332,12,,,0,70,,71333,12,,,0,30,,71334,12,,,0,70,,71335,12,,,0,30,,71336,12,,,0,70,,71337,12,,,0,27,,71338,12,,,0,70,,71339,12,,,0,30,,71340,12,,,0,100,,71341,12,,,0,98,,71342,12,,,0
10019,'1958',641,,71343,12,,,0,70,,71344,12,,,0,30,,71345,12,,,0,70,,71346,12,,,0,30,,71347,12,,,0,70,,71348,12,,,0,30,,71349,12,,,0,71,,71350,12,,,0,30,,71351,12,,,0,70,,71352,12,,,0,30,,71353,12,,,0,70,,71354,12,,,0,30,,71355,12,,,0,70,,71356,12,,,0,30,,71357,12,,,0,70,,71358,12,,,0,30,,71359,12,,,0,70,,71360,12,,,0,30,,71361,12,,,0,70,,71362,12,,,0,30,,71363,12,,,0,70,,71364,12,,,0,30,,71365,12,,,0,70,,71366,12,,,0
10019,'1959',1011,,71367,12,,,0,30,,71368,12,,,0,70,,71369,12,,,0,30,,71370,12,,,0,71,,71371,12,,,0,30,,71372,12,,,0,70,,71373,12,,,0,30,,71374,12,,,0,70,,71375,12,,,0,30,,71376,12,,,0,70,,71377,12,,,0,30,,71378,12,,,0,70,,71379,12,,,0,100,,71380,12,,,0,30,,71381,12,,,0,69,,71382,12,,,0,100,,71383,12,,,0
