2029,'1912',627,,74007,26,0,39 40,0,30,,74015,26,0,39 40,0,68,,74026,26,0,39 40,0,30,,74021,26,0,39 40,0,70,,74008,26,0,39 40,0,30,,74016,26,0,39 40,0,72,,74027,26,0,39 40,0,30,,74022,26,0,39 40,0,55,,66011,14,0,12,0,15,,74009,26,0,39 40,0,30,,74017,26,0,39 40,0,70,,74028,26,0,39 40,0,30,,74023,26,0,39 40,0,70,,74010,26,0,39 40,0,30,,74018,26,0,39 40,0,70,,74029,26,0,39 40,0,30,,74024,26,0,39 40,0,70,,74011,26,0,39 40,0,30,,74019,26,0,39 40,0,70,,74030,26,0,39 40,0,30,,74025,26,0,39 40,0,70,,74012,26,0,39 40,0,30,,74020,26,0,39 40,0,70,,74031,26,0,39 40,0,100,,74013,26,0,39 40,0,96,,74032,26,0,39 40,0,100,,74014,26,0,39 40,0,101,,74033,26,0,39 40,0,100,,74006,26,0,39 40,0
2029,'1959',627,,74108,26,0,39 40,0,30,,74116,26,0,39 40,0,68,,74127,26,0,39 40,0,30,,74122,26,0,39 40,0,70,,74109,26,0,39 40,0,30,,74117,26,0,39 40,0,72,,74128,26,0,39 40,0,30,,74123,26,0,39 40,0,55,,66012,14,0,12,0,15,,74110,26,0,39 40,0,30,,74118,26,0,39 40,0,70,,74129,26,0,39 40,0,30,,74124,26,0,39 40,0,70,,74111,26,0,39 40,0,30,,74119,26,0,39 40,0,70,,74130,26,0,39 40,0,30,,74125,26,0,39 40,0,70,,74112,26,0,39 40,0,30,,74120,26,0,39 40,0,70,,74131,26,0,39 40,0,30,,74126,26,0,39 40,0,70,,74113,26,0,39 40,0,30,,74121,26,0,39 40,0,70,,74132,26,0,39 40,0,100,,74114,26,0,39 40,0,96,,74133,26,0,39 40,0,100,,74115,26,0,39 40,0,101,,74134,26,0,39 40,0,100,,74107,26,0,39 40,0
2029,'1967',557,,74104,26,0,5 2 15 16 17,0,70,,74087,26,0,39 40,0,30,,74094,26,0,39 40,0,68,,74073,26,0,39 40,0,30,,74079,26,0,39 40,0,70,,74088,26,0,39 40,0,30,,74095,26,0,39 40,0,72,,74074,26,0,39 40,0,30,,74080,26,0,39 40,0,70,,74089,26,0,39 40,0,30,,74096,26,0,39 40,0,70,,74075,26,0,39 40,0,30,,74081,26,0,39 40,0,70,,74090,26,0,39 40,0,30,,74097,26,0,39 40,0,70,,74076,26,0,39 40,0,30,,74082,26,0,39 40,0,70,,74091,26,0,39 40,0,30,,74098,26,0,39 40,0,70,,74077,26,0,39 40,0,30,,74083,26,0,39 40,0,70,,74092,26,0,39 40,0,30,,74099,26,0,39 40,0,70,,74078,26,0,39 40,0,30,,74084,26,0,39 40,0,70,,74093,26,0,39 40,0,30,,74100,26,0,39 40,0,68,,74085,26,0,39 40,0,100,,74101,26,0,39 40,0,100,,74086,26,0,39 40,0,100,,74102,26,0,39 40,0
2029,'1969',627,,74140,26,0,39 40,0,30,,74148,26,0,39 40,0,68,,74159,26,0,39 40,0,30,,74154,26,0,39 40,0,70,,74141,26,0,39 40,0,30,,74149,26,0,39 40,0,72,,74160,26,0,39 40,0,30,,74155,26,0,39 40,0,55,,66013,14,0,12,0,15,,74142,26,0,39 40,0,30,,74150,26,0,39 40,0,70,,74161,26,0,39 40,0,30,,74156,26,0,39 40,0,70,,74143,26,0,39 40,0,30,,74151,26,0,39 40,0,70,,74162,26,0,39 40,0,30,,74157,26,0,39 40,0,70,,74144,26,0,39 40,0,30,,74152,26,0,39 40,0,70,,74163,26,0,39 40,0,30,,74158,26,0,39 40,0,70,,74145,26,0,39 40,0,30,,74153,26,0,39 40,0,70,,74164,26,0,39 40,0,100,,74146,26,0,39 40,0,96,,74165,26,0,39 40,0,100,,74147,26,0,39 40,0,101,,74166,26,0,39 40,0,100,,74139,26,0,39 40,0
2029,'1976',531,,74055,14,0,39 40,0,25,,74038,26,0,39 40,0,70,,74039,26,0,39 40,0,29,,74040,26,0,39 40,0,71,,74041,26,0,39 40,0,29,,74042,26,0,39 40,0,70,,74043,26,0,39 40,0,30,,74044,26,0,39 40,0,70,,74045,26,0,39 40,0,30,,74046,26,0,39 40,0,70,,74069,26,0,39 40,0,30,,74065,26,0,39 40,0,70,,74071,26,0,39 40,0,30,,74067,26,0,39 40,0,70,,74068,26,0,39 40,0,30,,74064,26,0,39 40,0,70,,74070,26,0,39 40,0,30,,74066,26,0,39 40,0,70,,74072,26,0,39 40,0,33,,74047,26,0,39 40,0,74,,74048,26,0,39 40,0,70,,74049,26,0,39 40,0,30,,74050,26,0,39 40,0,70,,74051,26,0,39 40,0,29,,74052,26,0,39 40,0,28,,74053,26,0,39 40,0,67,,74054,26,0,39 40,0,30,,74058,26,0,39 40,0,70,,74059,26,0,39 40,0,99,,74060,26,0,39 40,0,100,,74061,26,0,39 40,0,100,,74057,26,0,39 40,0
2029,'1977',531,,75190,14,0,39 40,0,25,,75173,26,0,39 40,0,70,,75174,26,0,39 40,0,29,,75175,26,0,39 40,0,71,,75176,26,0,39 40,0,29,,75177,26,0,39 40,0,70,,75178,26,0,39 40,0,30,,75179,26,0,39 40,0,70,,75180,26,0,39 40,0,30,,75181,26,0,39 40,0,70,,75204,26,0,39 40,0,30,,75200,26,0,39 40,0,70,,75206,26,0,39 40,0,30,,75202,26,0,39 40,0,70,,75203,26,0,39 40,0,30,,75199,26,0,39 40,0,70,,75205,26,0,39 40,0,30,,75201,26,0,39 40,0,70,,75207,26,0,39 40,0,33,,75182,26,0,39 40,0,74,,75183,26,0,39 40,0,70,,75184,26,0,39 40,0,30,,75185,26,0,39 40,0,70,,75186,26,0,39 40,0,29,,75187,26,0,39 40,0,28,,75188,26,0,39 40,0,67,,75189,26,0,39 40,0,30,,75193,26,0,39 40,0,70,,75194,26,0,39 40,0,99,,75195,26,0,39 40,0,100,,75196,26,0,39 40,0,100,,75192,26,0,39 40,0
4029,'1912',738,,70787,16,,,0,70,,60008,16,,,0,30,,70786,16,,,0,70,,70788,16,,,0,32,,60005,16,,,0,70,,70779,16,,,0,29,,70782,16,,,0,70,,70767,16,,,0,30,,70772,16,,,0,70,,70775,16,,,0,30,,70778,16,,,0,70,,70780,16,,,0,30,,70768,16,,,0,70,,70771,16,,,0,30,,70774,16,,,0,70,,70777,16,,,0,30,,70781,16,,,0,70,,70769,16,,,0,30,,70770,16,,,0,70,,70773,16,,,0,30,,70776,16,,,0,70,,66240,16,,,0,30,,70791,16,,,0,71,,70792,16,,,0,30,,70790,16,,,0,70,,70785,16,,,0,30,,70789,16,,,0,70,,70783,16,,,0,100,,70784,16,,,0
4029,'1959',738,,70894,16,,,0,70,,60037,16,,,0,30,,70893,16,,,0,70,,70895,16,,,0,32,,60034,16,,,0,70,,70886,16,,,0,29,,70889,16,,,0,70,,70874,16,,,0,30,,70879,16,,,0,70,,70882,16,,,0,30,,70885,16,,,0,70,,70887,16,,,0,30,,70875,16,,,0,70,,70878,16,,,0,30,,70881,16,,,0,70,,70884,16,,,0,30,,70888,16,,,0,70,,70876,16,,,0,30,,70877,16,,,0,70,,70880,16,,,0,30,,70883,16,,,0,70,,66267,16,,,0,30,,70898,16,,,0,71,,70899,16,,,0,30,,70897,16,,,0,70,,70892,16,,,0,30,,70896,16,,,0,70,,70890,16,,,0,100,,70891,16,,,0
4029,'1967',640,,74215,16,,,0,68,,70867,16,,,0,30,,70868,16,,,0,70,,74216,16,,,0,30,,74217,16,,,0,72,,70871,16,,,0,30,,74218,16,,,0,72,,74209,16,,,0,29,,74203,16,,,0,70,,74198,16,,,0,30,,74207,16,,,0,70,,74213,16,,,0,30,,74208,16,,,0,70,,74197,16,,,0,30,,74200,16,,,0,70,,74211,16,,,0,30,,74196,16,,,0,70,,74210,16,,,0,30,,74205,16,,,0,70,,74199,16,,,0,30,,74194,16,,,0,70,,74212,16,,,0,30,,74214,16,,,0,70,,74206,16,,,0,30,,74201,16,,,0,69,,74219,16,,,0,31,,70849,16,,,0,70,,74195,16,,,0,29,,70850,16,,,0,70,,74204,16,,,0,30,,70865,16,,,0,70,,74202,16,,,0
4029,'1969',738,,70813,16,,,0,70,,60066,16,,,0,30,,70812,16,,,0,70,,70814,16,,,0,32,,60063,16,,,0,70,,70805,16,,,0,29,,70808,16,,,0,70,,70793,16,,,0,30,,70798,16,,,0,70,,70801,16,,,0,30,,70804,16,,,0,70,,70806,16,,,0,30,,70794,16,,,0,70,,70797,16,,,0,30,,70800,16,,,0,70,,70803,16,,,0,30,,70807,16,,,0,70,,70795,16,,,0,30,,70796,16,,,0,70,,70799,16,,,0,30,,70802,16,,,0,70,,66294,16,,,0,30,,70817,16,,,0,71,,70818,16,,,0,30,,70816,16,,,0,70,,70811,16,,,0,30,,70815,16,,,0,70,,70809,16,,,0,100,,70810,16,,,0
4029,'1976',639,,70819,16,,,0,70,,74183,16,,,0,35,,70821,16,,,0,66,,74184,16,,,0,36,,70823,16,,,0,64,,59926,16,,,0,31,,74185,16,,,0,70,,74186,16,,,0,30,,74187,16,,,0,70,,66313,16,,,0,30,,70827,16,,,0,71,,70828,16,,,0,30,,70829,16,,,0,70,,70830,16,,,0,30,,66314,16,,,0,70,,74188,16,,,0,30,,70832,16,,,0,75,,74189,16,,,0,25,,70834,16,,,0,76,,66317,16,,,0,24,,66318,16,,,0,76,,70835,16,,,0,24,,59943,16,,,0,74,,59944,16,,,0,27,,70836,16,,,0,69,,74190,16,,,0,30,,74191,16,,,0,70,,74192,16,,,0,29,,70840,16,,,0,70,,74193,16,,,0,30,,66322,16,,,0,70,,70842,16,,,0
4029,'1977',639,,75241,16,,,0,70,,75242,16,,,0,35,,75243,16,,,0,66,,75244,16,,,0,36,,75245,16,,,0,64,,75246,16,,,0,31,,75247,16,,,0,70,,75248,16,,,0,30,,75249,16,,,0,70,,75250,16,,,0,30,,75251,16,,,0,71,,75252,16,,,0,30,,75253,16,,,0,70,,75254,16,,,0,30,,75255,16,,,0,70,,75256,16,,,0,30,,75257,16,,,0,75,,75258,16,,,0,25,,75259,16,,,0,76,,75260,16,,,0,24,,75261,16,,,0,76,,75262,16,,,0,24,,75263,16,,,0,74,,75264,16,,,0,27,,75265,16,,,0,69,,75266,16,,,0,30,,75267,16,,,0,70,,75268,16,,,0,29,,75269,16,,,0,70,,75270,16,,,0,30,,75271,16,,,0,70,,75272,16,,,0
501019,'1912',622,,62927,11,,,0,30,,72182,11,,,0,67,,62926,11,,,0,30,,72181,11,,,0,70,,62929,11,,,0,30,,72183,11,,,0,71,,72180,11,,,0,30,,67874,11,,,0,70,,72174,11,,,0,30,,67866,11,,,0,74,,72173,11,,,0,30,,67867,11,,,0,70,,72176,11,,,0,30,,67868,11,,,0,70,,72172,11,,,0,30,,67873,11,,,0,70,,72171,11,,,0,30,,67872,11,,,0,70,,72170,11,,,0,30,,67869,11,,,0,70,,72169,11,,,0,30,,67871,11,,,0,70,,72175,11,,,0,30,,67870,11,,,0,68,,72179,11,,,0,30,,67878,11,,,0,70,,72178,11,,,0,30,,67881,11,,,0,68,,72177,11,,,0,30,,67853,11,,,0,70,,62923,11,,,0,30,,67879,11,,,0,69,,62922,11,,,0,30,,67880,11,,,0,70,,62921,11,,,0
501019,'1959',622,,62962,11,,,0,30,,72266,11,,,0,67,,62961,11,,,0,30,,72265,11,,,0,70,,62964,11,,,0,30,,72267,11,,,0,71,,72264,11,,,0,30,,67903,11,,,0,70,,72258,11,,,0,30,,67895,11,,,0,74,,72257,11,,,0,30,,67896,11,,,0,70,,72260,11,,,0,30,,67897,11,,,0,70,,72256,11,,,0,30,,67902,11,,,0,70,,72255,11,,,0,30,,67901,11,,,0,70,,72254,11,,,0,30,,67898,11,,,0,70,,72253,11,,,0,30,,67900,11,,,0,70,,72259,11,,,0,30,,67899,11,,,0,68,,72263,11,,,0,30,,67907,11,,,0,70,,72262,11,,,0,30,,67910,11,,,0,68,,72261,11,,,0,30,,67882,11,,,0,70,,62958,11,,,0,30,,67908,11,,,0,69,,62957,11,,,0,30,,67909,11,,,0,70,,62956,11,,,0
501019,'1967',623,,72230,11,,,0,30,,74810,11,,,0,67,,72229,11,,,0,30,,72232,11,,,0,70,,72228,11,,,0,30,,67831,11,,,0,70,,74809,11,,,0,30,,72231,11,,,0,73,,74814,11,,,0,33,,74824,11,,,0,70,,74815,11,,,0,30,,74825,11,,,0,70,,74816,11,,,0,30,,74826,11,,,0,70,,74817,11,,,0,30,,74827,11,,,0,70,,74818,11,,,0,30,,74828,11,,,0,70,,74819,11,,,0,30,,74829,11,,,0,70,,74820,11,,,0,30,,74822,11,,,0,70,,74821,11,,,0,30,,74823,11,,,0,70,,74808,11,,,0,27,,74813,11,,,0,67,,62881,11,,,0,30,,74811,11,,,0,70,,62880,11,,,0,30,,74812,11,,,0,70,,62879,11,,,0,30,,67832,11,,,0,70,,62878,11,,,0,30,,67833,11,,,0,69,,62877,11,,,0
501019,'1969',622,,62997,11,,,0,30,,72197,11,,,0,67,,62996,11,,,0,30,,72196,11,,,0,70,,62999,11,,,0,30,,72198,11,,,0,71,,72195,11,,,0,30,,67932,11,,,0,70,,72189,11,,,0,30,,67924,11,,,0,74,,72188,11,,,0,30,,67925,11,,,0,70,,72191,11,,,0,30,,67926,11,,,0,70,,72187,11,,,0,30,,67931,11,,,0,70,,72186,11,,,0,30,,67930,11,,,0,70,,72185,11,,,0,30,,67927,11,,,0,70,,72184,11,,,0,30,,67929,11,,,0,70,,72190,11,,,0,30,,67928,11,,,0,68,,72194,11,,,0,30,,67936,11,,,0,70,,72193,11,,,0,30,,67939,11,,,0,68,,72192,11,,,0,30,,67911,11,,,0,70,,62993,11,,,0,30,,67937,11,,,0,69,,62992,11,,,0,30,,67938,11,,,0,70,,62991,11,,,0
501019,'1976',527,,62835,5,,,0,93,,62836,11,,,0,30,,72199,11,,,0,76,,62838,11,,,0,25,,72200,11,,,0,64,,74801,11,,,0,12,,72202,11,,,0,24,,72203,11,,,0,63,,74802,11,,,0,11,,74803,11,,,0,30,,67965,11,,,0,70,,72206,11,,,0,30,,72207,11,,,0,70,,72208,11,,,0,30,,72209,11,,,0,70,,67966,11,,,0,30,,74804,11,,,0,70,,72211,11,,,0,30,,72212,11,,,0,70,,72213,11,,,0,27,,67968,11,,,0,52,,72214,11,,,0,22,,72215,11,,,0,24,,72216,11,,,0,52,,72217,11,,,0,24,,72218,11,,,0,24,,72219,11,,,0,52,,62862,11,,,0,23,,74805,11,,,0,23,,67974,11,,,0,52,,72221,11,,,0,26,,74806,11,,,0,28,,67977,11,,,0,70,,72222,11,,,0,28,,74807,11,,,0,70,,62870,11,,,0,30,,72223,11,,,0,68,,67980,11,,,0,30,,72224,11,,,0,70,,67982,11,,,0,30,,72225,11,,,0,70,,62876,11,,,0
501019,'1977',527,,75953,5,,,0,93,,75954,11,,,0,30,,75955,11,,,0,76,,75956,11,,,0,25,,75957,11,,,0,64,,75958,11,,,0,12,,75959,11,,,0,24,,75960,11,,,0,63,,75961,11,,,0,11,,75962,11,,,0,30,,75963,11,,,0,70,,75964,11,,,0,30,,75965,11,,,0,70,,75966,11,,,0,30,,75967,11,,,0,70,,75968,11,,,0,30,,75969,11,,,0,70,,75970,11,,,0,30,,75971,11,,,0,70,,75972,11,,,0,27,,75973,11,,,0,52,,75974,11,,,0,22,,75975,11,,,0,24,,75976,11,,,0,52,,75977,11,,,0,24,,75978,11,,,0,24,,75979,11,,,0,52,,75980,11,,,0,23,,75981,11,,,0,23,,75982,11,,,0,52,,75983,11,,,0,26,,75984,11,,,0,28,,75985,11,,,0,70,,75986,11,,,0,28,,75987,11,,,0,70,,75988,11,,,0,30,,75989,11,,,0,68,,75990,11,,,0,30,,75991,11,,,0,70,,75992,11,,,0,30,,75993,11,,,0,70,,75994,11,,,0
701019,'1912',614,,72956,8,,,0,28,,72982,8,,,0,69,,72974,8,,,0,30,,72953,8,,,0,70,,72975,8,,,0,30,,72957,8,,,0,70,,72952,8,,,0,30,,68928,8,,,0,70,,72960,8,,,0,30,,72949,8,,,0,70,,72978,8,,,0,30,,68905,8,,,0,70,,68894,8,,,0,30,,68925,8,,,0,70,,68909,8,,,0,30,,72948,8,,,0,70,,72977,8,,,0,30,,72961,8,,,0,70,,72946,8,,,0,30,,72976,8,,,0,70,,72958,8,,,0,30,,72944,8,,,0,70,,72979,8,,,0,30,,72966,8,,,0,70,,72941,8,,,0,30,,72987,8,,,0,70,,72968,8,,,0,30,,72939,8,,,0,70,,72984,8,,,0,30,,72970,8,,,0,70,,72936,8,,,0,30,,68934,8,,,0,69,,72969,8,,,0,30,,72938,8,,,0,70,,68938,8,,,0,25,,72992,8,,,0
701019,'1959',614,,73165,8,,,0,28,,73191,8,,,0,69,,73183,8,,,0,30,,73162,8,,,0,70,,73184,8,,,0,30,,73166,8,,,0,70,,73161,8,,,0,30,,69027,8,,,0,70,,73169,8,,,0,30,,73158,8,,,0,70,,73187,8,,,0,30,,69004,8,,,0,70,,68993,8,,,0,30,,69024,8,,,0,70,,69008,8,,,0,30,,73157,8,,,0,70,,73186,8,,,0,30,,73170,8,,,0,70,,73155,8,,,0,30,,73185,8,,,0,70,,73167,8,,,0,30,,73153,8,,,0,70,,73188,8,,,0,30,,73175,8,,,0,70,,73150,8,,,0,30,,73196,8,,,0,70,,73177,8,,,0,30,,73148,8,,,0,70,,73193,8,,,0,30,,73179,8,,,0,70,,73145,8,,,0,30,,69033,8,,,0,69,,73178,8,,,0,30,,73147,8,,,0,70,,69037,8,,,0,25,,73201,8,,,0
701019,'1967',613,,68783,8,,,0,28,,68763,8,,,0,68,,68780,8,,,0,30,,68776,8,,,0,72,,68778,8,,,0,30,,68779,8,,,0,70,,68781,8,,,0,30,,68777,8,,,0,71,,68813,8,,,0,30,,68822,8,,,0,70,,68809,8,,,0,30,,68818,8,,,0,70,,68814,8,,,0,30,,68807,8,,,0,70,,68852,8,,,0,30,,68806,8,,,0,70,,68808,8,,,0,30,,68836,8,,,0,70,,68832,8,,,0,30,,68825,8,,,0,70,,73136,8,,,0,30,,68833,8,,,0,70,,68850,8,,,0,30,,68798,8,,,0,70,,73133,8,,,0,30,,68805,8,,,0,69,,68834,8,,,0,30,,68758,8,,,0,70,,68764,8,,,0,30,,68771,8,,,0,70,,68754,8,,,0,30,,68759,8,,,0,70,,68765,8,,,0,30,,68772,8,,,0,70,,68755,8,,,0,25,,68796,8,,,0
701019,'1969',614,,73016,8,,,0,28,,73042,8,,,0,69,,73034,8,,,0,30,,73013,8,,,0,70,,73035,8,,,0,30,,73017,8,,,0,70,,73012,8,,,0,30,,69126,8,,,0,70,,73020,8,,,0,30,,73009,8,,,0,70,,73038,8,,,0,30,,69103,8,,,0,70,,69092,8,,,0,30,,69123,8,,,0,70,,69107,8,,,0,30,,73008,8,,,0,70,,73037,8,,,0,30,,73021,8,,,0,70,,73006,8,,,0,30,,73036,8,,,0,70,,73018,8,,,0,30,,73004,8,,,0,70,,73039,8,,,0,30,,73026,8,,,0,70,,73001,8,,,0,30,,73047,8,,,0,70,,73028,8,,,0,30,,72999,8,,,0,70,,73044,8,,,0,30,,73030,8,,,0,70,,72996,8,,,0,30,,69132,8,,,0,69,,73029,8,,,0,30,,72998,8,,,0,70,,69136,8,,,0,25,,73052,8,,,0
701019,'1976',555,,73109,8,,,0,70,,73110,8,,,0,18,,69307,8,,,0,14,,73111,8,,,0,70,,73116,8,,,0,15,,69299,8,,,0,65,,69300,8,,,0,13,,73112,8,,,0,20,,69302,8,,,0,69,,73092,8,,,0,30,,74986,8,,,0,70,,74979,8,,,0,30,,73094,8,,,0,70,,73095,8,,,0,30,,74980,8,,,0,70,,69274,8,,,0,30,,73097,8,,,0,70,,74981,8,,,0,30,,74982,8,,,0,70,,73099,8,,,0,31,,73100,8,,,0,15,,69310,8,0,5 2 11 2 12,0,55,,74987,8,,,0,11,,69280,8,,,0,20,,73114,8,,,0,60,,73119,8,0,5 2 11 2 12,0,20,,73101,8,,,0,20,,73102,8,,,0,61,,73120,8,0,5 2 11 2 12,0,20,,73113,8,,,0,19,,73108,8,,,0,65,,73107,8,,,0,20,,74983,8,,,0,15,,69283,8,,,0,70,,69284,8,,,0,30,,73103,8,,,0,69,,69286,8,,,0,30,,73104,8,,,0,70,,69288,8,,,0,30,,69289,8,,,0,70,,73105,8,,,0,30,,69291,8,,,0,70,,69292,8,,,0,25,,73118,8,,,0
701019,'1977',555,,76301,8,,,0,70,,76302,8,,,0,18,,76312,8,,,0,14,,76303,8,,,0,70,,76311,8,,,0,15,,76304,8,,,0,65,,76305,8,,,0,13,,76306,8,,,0,20,,76307,8,,,0,69,,76274,8,,,0,30,,76319,8,,,0,70,,76275,8,,,0,30,,76276,8,,,0,70,,76277,8,,,0,30,,76278,8,,,0,70,,76279,8,,,0,30,,76280,8,,,0,70,,76281,8,,,0,30,,76282,8,,,0,70,,76283,8,,,0,31,,76284,8,,,0,15,,76316,8,0,5 2 11 2 12,0,55,,76320,8,,,0,11,,76285,8,,,0,20,,76309,8,,,0,60,,76315,8,0,5 2 11 2 12,0,20,,76286,8,,,0,20,,76287,8,,,0,61,,76317,8,0,5 2 11 2 12,0,20,,76308,8,,,0,19,,76300,8,,,0,65,,76299,8,,,0,20,,76298,8,,,0,15,,76288,8,,,0,70,,76289,8,,,0,30,,76290,8,,,0,69,,76291,8,,,0,30,,76292,8,,,0,70,,76293,8,,,0,30,,76294,8,,,0,70,,76295,8,,,0,30,,76296,8,,,0,70,,76297,8,,,0,25,,76314,8,,,0
14000001029,'1912',539,,73589,14,0,18 7,0,1811,,70205,14,,,0,69,,75060,14,,,0,30,,65884,14,,,0,70,,70206,14,,,0,30,,75059,14,,,0,70,,65880,14,,,0
14000001029,'1959',539,,73605,14,0,18 7,0,1811,,70208,14,,,0,69,,75067,14,,,0,30,,65891,14,,,0,70,,70209,14,,,0,30,,75066,14,,,0,70,,65887,14,,,0
14000001029,'1967',539,,75064,14,0,18 7,0,1811,,73602,14,,,0,69,,75063,14,,,0,30,,65872,14,,,0,70,,73599,14,,,0,30,,75065,14,,,0,70,,65875,14,,,0
14000001029,'1969',539,,73592,14,0,18 7,0,1811,,70211,14,,,0,69,,75069,14,,,0,30,,65898,14,,,0,70,,70212,14,,,0,30,,75068,14,,,0,70,,65894,14,,,0
14000001029,'1976',437,,65864,14,0,18 7,0,102,,73593,14,0,18 7,0,1811,,73595,14,,,0,69,,75061,14,,,0,30,,65871,14,,,0,70,,73594,14,,,0,30,,75062,14,,,0,70,,65870,14,,,0
14000001029,'1977',437,,76525,14,0,18 7,0,102,,76526,14,0,18 7,0,1811,,76528,14,,,0,69,,76529,14,,,0,30,,76532,14,,,0,70,,76527,14,,,0,30,,76530,14,,,0,70,,76531,14,,,0
