15019,'1909',635,,61509,7,,,0,872,,61526,7,,,0,299,,61532,7,,,0
15019,'1910',910,,61542,7,,,0,301,,61545,7,,,0,201,,61547,7,,,0,100,,61548,7,,,0,100,,61549,7,,,0,100,,67300,7,,,0,99,,61551,7,,,0
15019,'1912',710,,61566,7,,,0,100,,61564,7,,,0,100,,61567,7,,,0,101,,61565,7,,,0,100,,61562,7,,,0,100,,61560,7,,,0,100,,61563,7,,,0,100,,61561,7,,,0,100,,61558,7,,,0,100,,61559,7,,,0,100,,61556,7,,,0,100,,61557,7,,,0,100,,61555,7,,,0,99,,71673,7,,,0
15019,'1924',710,,61580,7,,,0,100,,61578,7,,,0,100,,61581,7,,,0,101,,61579,7,,,0,100,,61576,7,,,0,100,,61574,7,,,0,100,,61577,7,,,0,100,,61575,7,,,0,100,,61572,7,,,0,100,,61573,7,,,0,100,,61570,7,,,0,100,,61571,7,,,0,100,,61569,7,,,0
15019,'1925',710,,61594,7,,,0,100,,61592,7,,,0,100,,61595,7,,,0,101,,61593,7,,,0,100,,61590,7,,,0,100,,61588,7,,,0,100,,61591,7,,,0,100,,61589,7,,,0,100,,61586,7,,,0,100,,61587,7,,,0,100,,61584,7,,,0,100,,61585,7,,,0,100,,61583,7,,,0,99,,71674,7,,,0
15019,'1949',736,,67326,7,,,0,1499,,67335,7,0,5 2 6 7,0
15019,'1955',710,,67295,7,,,0,100,,67296,7,,,0,201,,67297,7,,,0,100,,67298,7,,,0,201,,67299,7,,,0,599,,67301,7,,,0,99,,67302,7,,,0
15019,'1956',2010,,67305,7,,,0
15019,'1957',705,,71675,7,,,0,101,,71676,7,,,0,30,,71677,7,,,0,70,,71678,7,,,0,30,,71679,7,,,0,70,,71680,7,,,0,30,,71681,7,,,0,70,,71682,7,,,0,30,,71683,7,,,0,70,,71684,7,,,0,30,,71685,7,,,0,70,,71686,7,,,0,30,,71687,7,,,0,70,,71688,7,,,0,31,,71689,7,,,0,100,,71690,7,,,0,70,,71691,7,,,0,29,,71692,7,,,0,70,,71693,7,,,0,30,,71694,7,,,0,100,,71695,7,,,0,70,,71699,7,,,0,30,,71696,7,,,0,99,,71697,7,,,0,100,,71698,7,,,0
15019,'1958',710,,71700,7,,,0,100,,71701,7,,,0,201,,71702,7,,,0,100,,71703,7,,,0,201,,71704,7,,,0,599,,71705,7,,,0,99,,71706,7,,,0
15019,'1959',2010,,71708,7,,,0
