702029,'1909',755,,65124,7,0,9 10,0
702029,'1910',628,,69527,7,0,9 10,0,23,,69513,7,0,9 10,0,70,,69517,7,0,9 10,0,30,,69521,7,0,9 10,0,71,,69524,7,0,9 10,0,30,,69514,7,0,9 10,0,55,,69530,7,0,5 2 11 2 12,0,15,,69518,7,0,9 10,0,30,,69559,7,0,9 10,0,73,,69552,7,0,9 10,0,30,,69540,7,0,9 10,0,55,,69549,7,0,5 2 11 2 12,0,15,,69555,7,0,9 10,0,30,,69550,7,0,9 10,0,55,,69572,7,0,5 2 11 2 12,0,15,,69547,7,0,9 10,0,30,,69544,7,0,9 10,0,70,,69571,7,0,9 10,0,30,,69558,7,0,9 10,0,55,,69543,7,0,5 2 11 2 12,0,15,,69546,7,0,9 10,0,30,,69553,7,0,9 10,0,55,,69537,7,0,5 2 11 2 12,0,45,,69541,7,0,9 10,0,55,,69539,7,0,5 2 11 2 12,0,15,,69573,7,0,9 10,0,30,,69551,7,0,9 10,0,55,,69561,7,0,5 2 11 2 12,0,45,,69545,7,0,9 10,0,55,,69567,7,0,5 2 11 2 12,0,15,,69574,7,0,9 10,0,15,,69538,7,0,5 2 11 2 12,0,15,,69557,7,0,9 10,0,68,,69519,7,0,9 10,0,30,,69522,7,0,9 10,0,55,,65204,7,0,5 2 11 2 12,0,15,,69525,7,0,9 10,0,30,,69515,7,0,9 10,0,69,,69520,7,0,9 10,0,30,,69523,7,0,9 10,0,70,,69526,7,0,9 10,0,30,,69516,7,0,9 10,0,65,,69536,7,0,9 10,0,30,,69535,7,0,5 2 11 2 12,0
702029,'1912',629,,73341,7,0,9 10,0,23,,73330,7,0,9 10,0,70,,73343,7,0,9 10,0,30,,73339,7,0,9 10,0,55,,69616,7,0,5 2 11 2 12,0,16,,73329,7,0,9 10,0,15,,69628,7,0,5 2 11 2 12,0,15,,73342,7,0,9 10,0,55,,73350,7,0,5 2 11 2 12,0,15,,73331,7,0,9 10,0,15,,69614,7,0,5 2 11 2 12,0,15,,73328,7,0,9 10,0,55,,69623,7,0,5 2 11 2 12,0,15,,69604,7,0,9 10,0,15,,69624,7,0,5 2 11 2 12,0,15,,73334,7,0,9 10,0,55,,69615,7,0,5 2 11 2 12,0,15,,69582,7,0,9 10,0,15,,69634,7,0,5 2 11 2 12,0,15,,73348,7,0,9 10,0,56,,69612,7,0,5 2 11 2 12,0,15,,69593,7,0,9 10,0,15,,69626,7,0,5 2 11 2 12,0,15,,73327,7,0,9 10,0,55,,69635,7,0,5 2 11 2 12,0,15,,73344,7,0,9 10,0,15,,69618,7,0,5 2 11 2 12,0,15,,73337,7,0,9 10,0,55,,69621,7,0,5 2 11 2 12,0,15,,73326,7,0,9 10,0,15,,69633,7,0,5 2 11 2 12,0,15,,73345,7,0,9 10,0,55,,69613,7,0,5 2 11 2 12,0,15,,73333,7,0,9 10,0,15,,69622,7,0,5 2 11 2 12,0,15,,73325,7,0,9 10,0,55,,69631,7,0,5 2 11 2 12,0,15,,73349,7,0,9 10,0,15,,69611,7,0,5 2 11 2 12,0,15,,73332,7,0,9 10,0,55,,69627,7,0,5 2 11 2 12,0,15,,73324,7,0,9 10,0,15,,69629,7,0,5 2 11 2 12,0,15,,73346,7,0,9 10,0,55,,69619,7,0,5 2 11 2 12,0,13,,73340,7,0,9 10,0,15,,69625,7,0,5 2 11 2 12,0,15,,73323,7,0,9 10,0,55,,69630,7,0,5 2 11 2 12,0,15,,73347,7,0,9 10,0,15,,69617,7,0,5 2 11 2 12,0,15,,73336,7,0,9 10,0,55,,69620,7,0,5 2 11 2 12,0,15,,73322,7,0,9 10,0,15,,69632,7,0,5 2 11 2 12,0,15,,69602,7,0,9 10,0,55,,69610,7,0,5 2 11 2 12,0,15,,73338,7,0,9 10,0,30,,73321,7,0,9 10,0,70,,69606,7,0,9 10,0,30,,73335,7,0,9 10,0,65,,73351,7,0,9 10,0,30,,69637,7,0,5 2 11 2 12,0
702029,'1924',807,,69679,7,0,5 2 11 2 12,0,31,,69691,7,0,5 2 11 2 12,0,100,,69677,7,0,5 2 11 2 12,0,70,,69686,7,0,5 2 11 2 12,0,15,,69667,7,0,9 10,0,15,,69687,7,0,5 2 11 2 12,0,70,,69678,7,0,5 2 11 2 12,0,15,,69645,7,0,9 10,0,15,,69697,7,0,5 2 11 2 12,0,71,,69675,7,0,5 2 11 2 12,0,15,,69656,7,0,9 10,0,15,,69689,7,0,5 2 11 2 12,0,70,,69698,7,0,5 2 11 2 12,0,30,,69681,7,0,5 2 11 2 12,0,70,,69684,7,0,5 2 11 2 12,0,30,,69696,7,0,5 2 11 2 12,0,70,,69676,7,0,5 2 11 2 12,0,30,,69685,7,0,5 2 11 2 12,0,70,,69694,7,0,5 2 11 2 12,0,30,,69674,7,0,5 2 11 2 12,0,70,,69690,7,0,5 2 11 2 12,0,30,,69692,7,0,5 2 11 2 12,0,70,,69682,7,0,5 2 11 2 12,0,28,,69688,7,0,5 2 11 2 12,0,70,,69693,7,0,5 2 11 2 12,0,30,,69680,7,0,5 2 11 2 12,0,70,,69683,7,0,5 2 11 2 12,0,30,,69695,7,0,5 2 11 2 12,0,15,,69665,7,0,9 10,0,55,,69673,7,0,5 2 11 2 12,0,115,,69669,7,0,9 10,0,125,,69700,7,0,5 2 11 2 12,0
702029,'1925',629,,73372,7,0,9 10,0,23,,73361,7,0,9 10,0,70,,73374,7,0,9 10,0,30,,73370,7,0,9 10,0,55,,69742,7,0,5 2 11 2 12,0,16,,73360,7,0,9 10,0,15,,69754,7,0,5 2 11 2 12,0,15,,73373,7,0,9 10,0,55,,73381,7,0,5 2 11 2 12,0,15,,73362,7,0,9 10,0,15,,69740,7,0,5 2 11 2 12,0,15,,73359,7,0,9 10,0,55,,69749,7,0,5 2 11 2 12,0,15,,69730,7,0,9 10,0,15,,69750,7,0,5 2 11 2 12,0,15,,73365,7,0,9 10,0,55,,69741,7,0,5 2 11 2 12,0,15,,69708,7,0,9 10,0,15,,69760,7,0,5 2 11 2 12,0,15,,73379,7,0,9 10,0,56,,69738,7,0,5 2 11 2 12,0,15,,69719,7,0,9 10,0,15,,69752,7,0,5 2 11 2 12,0,15,,73358,7,0,9 10,0,55,,69761,7,0,5 2 11 2 12,0,15,,73375,7,0,9 10,0,15,,69744,7,0,5 2 11 2 12,0,15,,73368,7,0,9 10,0,55,,69747,7,0,5 2 11 2 12,0,15,,73357,7,0,9 10,0,15,,69759,7,0,5 2 11 2 12,0,15,,73376,7,0,9 10,0,55,,69739,7,0,5 2 11 2 12,0,15,,73364,7,0,9 10,0,15,,69748,7,0,5 2 11 2 12,0,15,,73356,7,0,9 10,0,55,,69757,7,0,5 2 11 2 12,0,15,,73380,7,0,9 10,0,15,,69737,7,0,5 2 11 2 12,0,15,,73363,7,0,9 10,0,55,,69753,7,0,5 2 11 2 12,0,15,,73355,7,0,9 10,0,15,,69755,7,0,5 2 11 2 12,0,15,,73377,7,0,9 10,0,55,,69745,7,0,5 2 11 2 12,0,13,,73371,7,0,9 10,0,15,,69751,7,0,5 2 11 2 12,0,15,,73354,7,0,9 10,0,55,,69756,7,0,5 2 11 2 12,0,15,,73378,7,0,9 10,0,15,,69743,7,0,5 2 11 2 12,0,15,,73367,7,0,9 10,0,55,,69746,7,0,5 2 11 2 12,0,15,,73353,7,0,9 10,0,15,,69758,7,0,5 2 11 2 12,0,15,,69728,7,0,9 10,0,55,,69736,7,0,5 2 11 2 12,0,15,,73369,7,0,9 10,0,30,,73352,7,0,9 10,0,70,,69732,7,0,9 10,0,30,,73366,7,0,9 10,0,65,,73382,7,0,9 10,0,30,,69763,7,0,5 2 11 2 12,0
702029,'1949',702,,69850,7,0,9 10,0,17,,69798,7,0,9 10,0,106,,69848,7,0,9 10,0,30,,69849,7,0,9 10,0,75,,69828,7,0,5 2 11 2 12,0,100,,69830,7,0,5 2 11 2 12,0,85,,69804,7,0,9 10,0,100,,69806,7,0,9 10,0,85,,69835,7,0,5 2 11 2 12,0,100,,69837,7,0,5 2 11 2 12,0,55,,69838,7,0,5 2 11 2 12,0,100,,69839,7,0,5 2 11 2 12,0,198,,69815,7,0,9 10,0,70,,69856,7,0,9 10,0,15,,69842,7,0,5 2 11 2 12,0,85,,69817,7,0,9 10,0,15,,69844,7,0,5 2 11 2 12,0,69,,69845,7,0,5 2 11 2 12,0,45,,69820,7,0,9 10,0,100,,69822,7,0,9 10,0,70,,69823,7,0,9 10,0,95,,69851,7,0,9 10,0,30,,69825,7,0,5 2 11 2 12,0
702029,'1955',807,,69534,7,0,5 2 11 2 12,0,30,,69529,7,0,5 2 11 2 12,0,100,,69531,7,0,5 2 11 2 12,0,73,,69566,7,0,5 2 11 2 12,0,30,,69562,7,0,5 2 11 2 12,0,100,,69542,7,0,5 2 11 2 12,0,100,,69568,7,0,5 2 11 2 12,0,70,,69554,7,0,5 2 11 2 12,0,30,,69565,7,0,5 2 11 2 12,0,100,,69570,7,0,5 2 11 2 12,0,85,,69556,7,0,9 10,0,15,,69560,7,0,5 2 11 2 12,0,100,,69564,7,0,5 2 11 2 12,0,85,,69548,7,0,9 10,0,15,,69563,7,0,5 2 11 2 12,0,170,,69569,7,0,5 2 11 2 12,0,28,,69528,7,0,5 2 11 2 12,0,100,,69532,7,0,5 2 11 2 12,0,70,,69533,7,0,5 2 11 2 12,0
702029,'1956',629,,69660,7,0,9 10,0,23,,69648,7,0,9 10,0,70,,69662,7,0,9 10,0,30,,69658,7,0,9 10,0,71,,69647,7,0,9 10,0,30,,69661,7,0,9 10,0,55,,69672,7,0,5 2 11 2 12,0,15,,69649,7,0,9 10,0,30,,69646,7,0,9 10,0,100,,69652,7,0,9 10,0,100,,69670,7,0,9 10,0,101,,69644,7,0,9 10,0,70,,69663,7,0,9 10,0,30,,69655,7,0,9 10,0,70,,69643,7,0,9 10,0,30,,69664,7,0,9 10,0,70,,69651,7,0,9 10,0,30,,69642,7,0,9 10,0,70,,69671,7,0,9 10,0,30,,69650,7,0,9 10,0,70,,69641,7,0,9 10,0,30,,69666,7,0,9 10,0,68,,69659,7,0,9 10,0,30,,69640,7,0,9 10,0,70,,69668,7,0,9 10,0,30,,69654,7,0,9 10,0,70,,69639,7,0,9 10,0,100,,69657,7,0,9 10,0,30,,69638,7,0,9 10,0,100,,69653,7,0,9 10,0,65,,69699,7,0,9 10,0
702029,'1957',612,,73383,7,0,9 10,0,20,,73384,7,0,9 10,0,102,,73385,7,0,9 10,0,76,,73386,7,0,9 10,0,30,,73406,7,0,5 2 11 2 12,0,75,,73387,7,0,9 10,0,30,,73388,7,0,9 10,0,55,,73408,7,0,5 2 11 2 12,0,15,,73423,7,0,9 10,0,30,,73389,7,0,9 10,0,55,,73409,7,0,5 2 11 2 12,0,30,,73410,7,0,5 2 11 2 12,0,15,,73390,7,0,9 10,0,55,,73411,7,0,5 2 11 2 12,0,30,,73412,7,0,5 2 11 2 12,0,15,,73391,7,0,9 10,0,70,,73392,7,0,9 10,0,15,,73413,7,0,5 2 11 2 12,0,15,,73393,7,0,9 10,0,70,,73394,7,0,9 10,0,15,,73407,7,0,5 2 11 2 12,0,10,,73419,7,0,9 10,0,70,,73395,7,0,9 10,0,15,,73420,7,0,9 10,0,15,,73396,7,0,9 10,0,70,,73398,7,0,9 10,0,15,,73397,7,0,9 10,0,15,,73421,7,0,9 10,0,15,,73422,7,0,5 2 11 2 12,0,55,,73399,7,0,9 10,0,15,,73400,7,0,9 10,0,13,,73414,7,0,5 2 11 2 12,0,70,,73415,7,0,5 2 11 2 12,0,45,,73401,7,0,9 10,0,55,,73416,7,0,5 2 11 2 12,0,45,,73402,7,0,9 10,0,69,,73403,7,0,9 10,0,15,,73417,7,0,5 2 11 2 12,0,70,,73418,7,0,5 2 11 2 12,0,15,,73404,7,0,9 10,0,130,,73405,7,0,9 10,0
702029,'1958',807,,73429,7,0,5 2 11 2 12,0,30,,73425,7,0,5 2 11 2 12,0,100,,73426,7,0,5 2 11 2 12,0,73,,73439,7,0,5 2 11 2 12,0,30,,73435,7,0,5 2 11 2 12,0,100,,73430,7,0,5 2 11 2 12,0,100,,73440,7,0,5 2 11 2 12,0,70,,73432,7,0,5 2 11 2 12,0,30,,73438,7,0,5 2 11 2 12,0,100,,73442,7,0,5 2 11 2 12,0,85,,73433,7,0,9 10,0,15,,73434,7,0,5 2 11 2 12,0,100,,73437,7,0,5 2 11 2 12,0,85,,73431,7,0,9 10,0,15,,73436,7,0,5 2 11 2 12,0,170,,73441,7,0,5 2 11 2 12,0,28,,73424,7,0,5 2 11 2 12,0,100,,73427,7,0,5 2 11 2 12,0,70,,73428,7,0,5 2 11 2 12,0
702029,'1959',629,,73463,7,0,9 10,0,23,,73452,7,0,9 10,0,70,,73465,7,0,9 10,0,30,,73461,7,0,9 10,0,71,,73451,7,0,9 10,0,30,,73464,7,0,9 10,0,55,,73472,7,0,5 2 11 2 12,0,15,,73453,7,0,9 10,0,30,,73450,7,0,9 10,0,100,,73456,7,0,9 10,0,100,,73470,7,0,9 10,0,101,,73449,7,0,9 10,0,70,,73466,7,0,9 10,0,30,,73459,7,0,9 10,0,70,,73448,7,0,9 10,0,30,,73467,7,0,9 10,0,70,,73455,7,0,9 10,0,30,,73447,7,0,9 10,0,70,,73471,7,0,9 10,0,30,,73454,7,0,9 10,0,70,,73446,7,0,9 10,0,30,,73468,7,0,9 10,0,68,,73462,7,0,9 10,0,30,,73445,7,0,9 10,0,70,,73469,7,0,9 10,0,30,,73458,7,0,9 10,0,70,,73444,7,0,9 10,0,100,,73460,7,0,9 10,0,30,,73443,7,0,9 10,0,100,,73457,7,0,9 10,0,65,,73473,7,0,9 10,0
