10029,'1909',949,,60789,18,,,0,998,,60809,18,,,0,95,,60811,18,,,0,100,,60813,18,,,0,100,,60814,18,,,0
10029,'1910',1915,,66855,18,,,0,28,,60815,18,,,0,100,,66856,18,,,0,100,,60842,18,,,0
10029,'1912',813,,60857,18,,,0,30,,66871,18,,,0,70,,60859,18,,,0,30,,66872,18,,,0,70,,60861,18,,,0,30,,71396,18,,,0,70,,71397,18,,,0,30,,71398,18,,,0,71,,71399,18,,,0,32,,71400,18,,,0,70,,71387,18,,,0,30,,71390,18,,,0,70,,71384,18,,,0,30,,71389,18,,,0,70,,71388,18,,,0,30,,71391,18,,,0,70,,71385,18,,,0,30,,71392,18,,,0,70,,66860,18,,,0,30,,71393,18,,,0,69,,71386,18,,,0,28,,71394,18,,,0,70,,66858,18,,,0,30,,71395,18,,,0
10029,'1924',813,,60881,18,,,0,30,,66892,18,,,0,70,,60883,18,,,0,30,,66893,18,,,0,70,,60885,18,,,0,703,,66881,18,,,0,197,,66879,18,,,0
10029,'1925',813,,60905,18,,,0,30,,66913,18,,,0,70,,60907,18,,,0,30,,66914,18,,,0,70,,60909,18,,,0,30,,71413,18,,,0,70,,71414,18,,,0,30,,71415,18,,,0,71,,71416,18,,,0,32,,71417,18,,,0,70,,71404,18,,,0,30,,71407,18,,,0,70,,71401,18,,,0,30,,71406,18,,,0,70,,71405,18,,,0,30,,71408,18,,,0,70,,71402,18,,,0,30,,71409,18,,,0,70,,66902,18,,,0,30,,71410,18,,,0,69,,71403,18,,,0,28,,71411,18,,,0,70,,66900,18,,,0,30,,71412,18,,,0
10029,'1949',1419,,66940,18,,,0
10029,'1955',713,,60816,18,,,0,30,,66833,18,,,0,70,,66834,18,,,0,30,,66835,18,,,0,70,,60820,18,,,0,30,,66836,18,,,0,71,,66837,18,,,0,32,,66838,18,,,0,70,,66839,18,,,0,30,,66840,18,,,0,70,,66841,18,,,0,30,,66842,18,,,0,70,,66843,18,,,0,30,,66844,18,,,0,70,,66845,18,,,0,30,,66846,18,,,0,70,,66847,18,,,0,30,,66848,18,,,0,70,,66849,18,,,0,30,,66850,18,,,0,70,,66851,18,,,0,30,,66852,18,,,0,70,,66853,18,,,0,30,,66854,18,,,0
10029,'1956',1043,,66894,18,,,0,70,,66895,18,,,0,30,,66896,18,,,0,71,,66897,18,,,0,32,,66898,18,,,0,70,,66883,18,,,0,30,,66886,18,,,0,70,,66878,18,,,0,30,,66885,18,,,0,70,,66884,18,,,0,30,,66887,18,,,0,70,,66880,18,,,0,30,,66888,18,,,0,100,,66889,18,,,0,69,,66882,18,,,0,28,,66890,18,,,0,100,,66891,18,,,0
10029,'1957',613,,71418,18,,,0,30,,71419,18,,,0,77,,71420,18,,,0,30,,71421,18,,,0,70,,71422,18,,,0,30,,71423,18,,,0,69,,71424,18,,,0,100,,71425,18,,,0,30,,71426,18,,,0,70,,71427,18,,,0,30,,71428,18,,,0,70,,71429,18,,,0,30,,71430,18,,,0,70,,71431,18,,,0,30,,71432,18,,,0,100,,71433,18,,,0,75,,71434,18,,,0,30,,71435,18,,,0,70,,71436,18,,,0,30,,71437,18,,,0,70,,71438,18,,,0,28,,71439,18,,,0,65,,71440,18,,,0,30,,71441,18,,,0,70,,71442,18,,,0,100,,71443,18,,,0,95,,71444,18,,,0
10029,'1958',713,,71445,18,,,0,30,,71446,18,,,0,70,,71447,18,,,0,30,,71448,18,,,0,70,,71449,18,,,0,30,,71450,18,,,0,71,,71451,18,,,0,32,,71452,18,,,0,70,,71453,18,,,0,30,,71454,18,,,0,70,,71455,18,,,0,30,,71456,18,,,0,70,,71457,18,,,0,30,,71458,18,,,0,70,,71459,18,,,0,30,,71460,18,,,0,70,,71461,18,,,0,30,,71462,18,,,0,70,,71463,18,,,0,30,,71464,18,,,0,70,,71465,18,,,0,30,,71466,18,,,0,70,,71467,18,,,0,30,,71468,18,,,0
10029,'1959',1043,,71481,18,,,0,70,,71482,18,,,0,30,,71483,18,,,0,71,,71484,18,,,0,32,,71485,18,,,0,70,,71472,18,,,0,30,,71475,18,,,0,70,,71469,18,,,0,30,,71474,18,,,0,70,,71473,18,,,0,30,,71476,18,,,0,70,,71470,18,,,0,30,,71477,18,,,0,100,,71478,18,,,0,69,,71471,18,,,0,28,,71479,18,,,0,100,,71480,18,,,0
