1029,'1909',859,,59245,41,,,0,100,,59222,41,,,0,170,,59211,41,,,0,100,,59216,41,,,0,130,,59218,41,,,0,141,,59242,41,,,0,132,,59238,41,,,0,70,,59227,41,,,0,57,,59225,41,,,0,95,,59230,41,,,0,70,,59229,41,,,0,99,,59243,41,,,0,130,,59235,41,,,0,165,,59232,41,,,0
1029,'1912',622,,59281,41,,,0,100,,59282,41,,,0,100,,59283,41,,,0,100,,59284,41,,,0,101,,59285,41,,,0,100,,59286,41,,,0,100,,59287,41,,,0,100,,59288,41,,,0,100,,59289,41,,,0,100,,59290,41,,,0,100,,59291,41,,,0,100,,59292,41,,,0,100,,59293,41,,,0,100,,59294,41,,,0,100,,59295,41,,,0,100,,59296,41,,,0,101,,59297,41,,,0,94,,59298,41,,,0
1029,'1924',622,,59299,41,,,0,100,,59300,41,,,0,100,,59301,41,,,0,100,,59302,41,,,0,101,,59303,41,,,0,100,,59304,41,,,0,100,,59305,41,,,0,100,,59306,41,,,0,100,,59307,41,,,0,100,,59308,41,,,0,100,,59309,41,,,0,100,,59310,41,,,0,100,,59311,41,,,0,100,,59312,41,,,0,100,,59313,41,,,0,100,,59314,41,,,0,101,,59315,41,,,0,94,,59316,41,,,0
1029,'1925',622,,59317,41,,,0,100,,59318,41,,,0,100,,59319,41,,,0,100,,59320,41,,,0,101,,59321,41,,,0,100,,59322,41,,,0,100,,59323,41,,,0,100,,59324,41,,,0,100,,59325,41,,,0,100,,59326,41,,,0,100,,59327,41,,,0,100,,59328,41,,,0,100,,59329,41,,,0,100,,59330,41,,,0,100,,59331,41,,,0,100,,59332,41,,,0,101,,59333,41,,,0,94,,59334,41,,,0
1029,'1949',657,,65993,41,,,0,172,,65987,41,,,0,100,,65990,41,,,0,130,,65991,41,,,0,100,,65996,41,,,0,170,,65995,41,,,0,100,,65988,41,,,0,103,,65989,41,,,0,70,,65994,41,,,0
1029,'1955',622,,65951,41,,,0,30,,65963,41,,,0,70,,65970,41,,,0,30,,65958,41,,,0,70,,65979,41,,,0,30,,65967,41,,,0,72,,65950,41,,,0,29,,65962,41,,,0,70,,65973,41,,,0,30,,65957,41,,,0,70,,65980,41,,,0,30,,65966,41,,,0,70,,65949,41,,,0,30,,65961,41,,,0,70,,65972,41,,,0,30,,65956,41,,,0,70,,65952,41,,,0,30,,65965,41,,,0,70,,65948,41,,,0,30,,65960,41,,,0,70,,65968,41,,,0,30,,65955,41,,,0,70,,65977,41,,,0,30,,65964,41,,,0,69,,65947,41,,,0,31,,65959,41,,,0,70,,65971,41,,,0,30,,65953,41,,,0,70,,65975,41,,,0,30,,65974,41,,,0,70,,59246,41,,,0,30,,65954,41,,,0,70,,65969,41,,,0,30,,65978,41,,,0,67,,65976,41,,,0
1029,'1957',622,,70268,41,,,0,107,,70278,41,,,0,30,,70267,41,,,0,270,,70277,41,,,0,230,,70269,41,,,0,473,,70270,41,,,0,92,,70272,41,,,0,130,,70271,41,,,0,99,,70276,41,,,0,70,,70275,41,,,0,100,,70274,41,,,0,30,,70273,41,,,0
1029,'1958',622,,70284,41,,,0,30,,70296,41,,,0,70,,70303,41,,,0,30,,70291,41,,,0,70,,70312,41,,,0,30,,70300,41,,,0,72,,70283,41,,,0,29,,70295,41,,,0,70,,70306,41,,,0,30,,70290,41,,,0,70,,70313,41,,,0,30,,70299,41,,,0,70,,70282,41,,,0,30,,70294,41,,,0,70,,70305,41,,,0,30,,70289,41,,,0,70,,70285,41,,,0,30,,70298,41,,,0,70,,70281,41,,,0,30,,70293,41,,,0,70,,70301,41,,,0,30,,70288,41,,,0,70,,70310,41,,,0,30,,70297,41,,,0,69,,70280,41,,,0,31,,70292,41,,,0,70,,70304,41,,,0,30,,70286,41,,,0,70,,70308,41,,,0,30,,70307,41,,,0,70,,70279,41,,,0,30,,70287,41,,,0,70,,70302,41,,,0,30,,70311,41,,,0,67,,70309,41,,,0
2029,'1912',637,,70465,34,,,0,70,,70473,34,,,0,31,,70484,34,,,0,70,,70479,34,,,0,30,,70466,34,,,0,70,,70474,34,,,0,30,,70485,34,,,0,70,,70480,34,,,0,30,,70467,34,,,0,70,,70475,34,,,0,30,,70486,34,,,0,70,,70481,34,,,0,30,,70468,34,,,0,70,,70476,34,,,0,30,,70487,34,,,0,70,,70482,34,,,0,30,,70469,34,,,0,70,,70477,34,,,0,30,,70488,34,,,0,70,,70483,34,,,0,30,,70470,34,,,0,70,,70478,34,,,0,30,,70489,34,,,0,100,,70471,34,,,0,99,,70490,34,,,0,100,,70472,34,,,0,101,,70491,34,,,0,100,,70464,34,,,0
2029,'1925',637,,70497,34,,,0,70,,70505,34,,,0,31,,70516,34,,,0,70,,70511,34,,,0,30,,70498,34,,,0,70,,70506,34,,,0,30,,70517,34,,,0,70,,70512,34,,,0,30,,70499,34,,,0,70,,70507,34,,,0,30,,70518,34,,,0,70,,70513,34,,,0,30,,70500,34,,,0,70,,70508,34,,,0,30,,70519,34,,,0,70,,70514,34,,,0,30,,70501,34,,,0,70,,70509,34,,,0,30,,70520,34,,,0,70,,70515,34,,,0,30,,70502,34,,,0,70,,70510,34,,,0,30,,70521,34,,,0,100,,70503,34,,,0,99,,70522,34,,,0,100,,70504,34,,,0,101,,70523,34,,,0,100,,70496,34,,,0
2029,'1955',607,,59613,38,0,5 2 15 16 17,0,30,,59596,38,,,0,69,,59603,38,,,0,31,,59582,38,,,0,70,,59588,38,,,0,30,,59597,38,,,0,71,,59604,38,,,0,30,,59583,38,,,0,70,,59589,38,,,0,30,,59598,38,,,0,70,,59605,38,,,0,30,,59584,38,,,0,70,,59590,38,,,0,30,,59599,38,,,0,70,,59606,38,,,0,30,,59585,38,,,0,70,,59591,38,,,0,30,,59600,38,,,0,70,,59607,38,,,0,30,,59586,38,,,0,70,,59592,38,,,0,30,,59601,38,,,0,70,,59608,38,,,0,30,,59587,38,,,0,70,,59593,38,,,0,30,,59602,38,,,0,70,,59609,38,,,0,30,,59594,38,,,0,100,,59610,38,,,0,100,,59595,38,,,0,100,,59611,38,,,0
2029,'1956',637,,59650,38,,,0,70,,59658,38,,,0,31,,59669,38,,,0,70,,59664,38,,,0,30,,59651,38,,,0,70,,59659,38,,,0,30,,59670,38,,,0,70,,59665,38,,,0,30,,59652,38,,,0,70,,59660,38,,,0,30,,59671,38,,,0,70,,59666,38,,,0,30,,59653,38,,,0,70,,59661,38,,,0,30,,59672,38,,,0,70,,59667,38,,,0,30,,59654,38,,,0,70,,59662,38,,,0,30,,59673,38,,,0,70,,59668,38,,,0,30,,59655,38,,,0,70,,59663,38,,,0,30,,59674,38,,,0,100,,59656,38,,,0,99,,59675,38,,,0,100,,59657,38,,,0,101,,59676,38,,,0,100,,59649,38,,,0
2029,'1957',542,,70545,23,,,0,65,,70528,34,,,0,30,,70529,34,,,0,72,,70530,34,,,0,30,,70531,34,,,0,70,,70532,34,,,0,30,,70533,34,,,0,70,,70534,34,,,0,30,,70535,34,,,0,70,,70536,34,,,0,30,,70559,34,,,0,70,,70555,34,,,0,30,,70561,34,,,0,70,,70557,34,,,0,30,,70558,34,,,0,70,,70554,34,,,0,30,,70560,34,,,0,70,,70556,34,,,0,31,,70562,34,,,0,71,,70537,34,,,0,34,,70538,34,,,0,70,,70539,34,,,0,30,,70540,34,,,0,70,,70541,34,,,0,29,,70542,34,,,0,65,,70543,34,,,0,29,,70544,34,,,0,70,,70548,34,,,0,30,,70549,34,,,0,100,,70550,34,,,0,100,,70551,34,,,0,100,,70547,34,,,0
2029,'1958',607,,70594,34,,,0,30,,70577,34,,,0,69,,70584,34,,,0,31,,70563,34,,,0,70,,70569,34,,,0,30,,70578,34,,,0,71,,70585,34,,,0,30,,70564,34,,,0,70,,70570,34,,,0,30,,70579,34,,,0,70,,70586,34,,,0,30,,70565,34,,,0,70,,70571,34,,,0,30,,70580,34,,,0,70,,70587,34,,,0,30,,70566,34,,,0,70,,70572,34,,,0,30,,70581,34,,,0,70,,70588,34,,,0,30,,70567,34,,,0,70,,70573,34,,,0,30,,70582,34,,,0,70,,70589,34,,,0,30,,70568,34,,,0,70,,70574,34,,,0,30,,70583,34,,,0,70,,70590,34,,,0,30,,70575,34,,,0,100,,70591,34,,,0,100,,70576,34,,,0,100,,70592,34,,,0
2029,'1959',637,,70598,34,,,0,70,,70606,34,,,0,31,,70617,34,,,0,70,,70612,34,,,0,30,,70599,34,,,0,70,,70607,34,,,0,30,,70618,34,,,0,70,,70613,34,,,0,30,,70600,34,,,0,70,,70608,34,,,0,30,,70619,34,,,0,70,,70614,34,,,0,30,,70601,34,,,0,70,,70609,34,,,0,30,,70620,34,,,0,70,,70615,34,,,0,30,,70602,34,,,0,70,,70610,34,,,0,30,,70621,34,,,0,70,,70616,34,,,0,30,,70603,34,,,0,70,,70611,34,,,0,30,,70622,34,,,0,100,,70604,34,,,0,99,,70623,34,,,0,100,,70605,34,,,0,101,,70624,34,,,0,100,,70597,34,,,0
12029,'1909',647,,61285,17,,,0,71,,61282,17,,,0,30,,61275,17,,,0,171,,61262,8,,,0,30,,61263,8,,,0,70,,61264,8,,,0,130,,61267,8,,,0,70,,61268,8,,,0,30,,61269,8,,,0,170,,61272,8,,,0,30,,61278,17,,,0
12029,'1957',817,,71560,17,,,0,31,,71555,17,,,0,201,,71549,8,,,0,70,,71550,8,,,0,200,,71551,8,,,0,30,,71552,8,,,0,171,,71559,17,,,0,30,,71553,17,,,0,70,,71558,17,,,0,30,,71554,17,,,0,70,,71561,17,,,0,29,,71556,17,,,0,70,,71557,17,,,0
14000001029,'1909',446,,65864,22,0,18 7,0,2012,,65871,22,,,0,170,,65870,22,,,0
14000001029,'1910',2458,,65872,22,,,0,170,,65875,22,,,0
14000001029,'1912',548,,73589,22,0,18 7,0,1811,,70205,22,,,0,69,,73588,22,,,0,30,,65884,22,,,0,70,,70206,22,,,0,30,,73587,22,,,0,70,,65880,22,,,0
14000001029,'1924',2359,,70208,22,,,0,99,,65891,22,,,0,70,,70209,22,,,0,100,,65887,22,,,0
14000001029,'1925',548,,73592,22,0,18 7,0,1811,,70211,22,,,0,69,,73591,22,,,0,30,,65898,22,,,0,70,,70212,22,,,0,30,,73590,22,,,0,70,,65894,22,,,0
14000001029,'1955',548,,70203,22,0,18 7,0,1811,,70204,22,,,0,69,,65873,22,,,0,100,,70202,22,,,0,30,,65877,22,,,0
14000001029,'1956',548,,70210,22,0,18 7,0,1880,,65890,22,,,0,130,,65889,22,,,0
14000001029,'1957',548,,73593,22,0,18 7,0,1811,,73595,22,,,0,69,,73596,22,,,0,100,,73594,22,,,0,30,,73597,22,,,0
14000001029,'1958',548,,73600,22,0,18 7,0,1811,,73602,22,,,0,69,,73598,22,,,0,100,,73599,22,,,0,30,,73601,22,,,0
14000001029,'1959',548,,73605,22,0,18 7,0,1880,,73604,22,,,0,130,,73603,22,,,0
