22019,'1838',658,,52239,14,4,,0,94,,52240,14,4,,0,102,,52237,16,4,,0,100,,52238,16,4,,0,100,,52231,16,4,,0,100,,52236,16,4,,0,100,,52232,16,4,,0,100,,52233,16,4,,0,100,,52230,16,4,,0,100,,52234,16,4,,0,99,,52235,16,4,,0,99,,52241,14,4,,0,100,,52242,14,4,,0,100,,52243,14,4,,0,148,,43043,14,4,,0
22019,'1897',606,,50013,14,4,,0,26,,50015,14,4,,0,68,,49984,14,4,,0,30,,49985,14,4,,0,74,,49986,16,4,,0,30,,49987,16,4,,0,70,,49988,16,4,,0,29,,49989,16,4,,0,70,,49990,16,4,,0,29,,49991,16,4,,0,70,,49992,16,4,,0,30,,49993,16,4,,0,70,,49994,16,4,,0,31,,49995,16,4,,0,70,,49996,16,4,,0,31,,49997,16,4,,0,70,,49998,16,4,,0,30,,49999,16,4,,0,72,,50000,16,4,,0,30,,50001,16,4,,0,68,,50014,16,4,,0,30,,50002,16,4,,0,69,,50003,16,4,,0,29,,50004,16,4,,0,70,,50005,16,4,,0,28,,50006,16,4,,0,70,,50007,16,4,,0,30,,50008,16,4,,0,29,,50009,16,4,,0,68,,50010,16,4,,0,30,,50011,16,4,,0,68,,50012,14,4,,0
22019,'1898',630,,50035,14,4,,0,24,,50040,14,4,,0,70,,50036,14,4,,0,30,,50041,14,4,,0,70,,50037,14,4,,0,33,,50016,16,4,,0,72,,50017,16,4,,0,30,,50018,16,4,,0,70,,50019,16,4,,0,30,,50020,16,4,,0,70,,50021,16,4,,0,30,,50022,16,4,,0,70,,50023,16,4,,0,71,,50024,16,4,,0,30,,50025,16,4,,0,70,,50026,16,4,,0,30,,50027,16,4,,0,71,,50028,16,4,,0,30,,50029,16,4,,0,70,,50030,16,4,,0,30,,50031,16,4,,0,28,,50032,16,4,,0,70,,50033,16,4,,0,28,,50042,14,4,,0,70,,50038,14,4,,0,30,,50043,14,4,,0,69,,50034,14,4,,0,30,,50044,14,4,,0,69,,50039,14,4,,0,30,,50045,14,4,,0,70,,50046,14,4,,0
22019,'1899',658,,52253,14,4,,0,94,,52254,14,4,,0,102,,52251,16,4,,0,100,,52252,16,4,,0,100,,52245,16,4,,0,100,,52250,16,4,,0,100,,52246,16,4,,0,100,,52247,16,4,,0,100,,52244,16,4,,0,100,,52248,16,4,,0,99,,52249,16,4,,0,99,,52255,14,4,,0,100,,52256,14,4,,0,100,,52257,14,4,,0,148,,52258,14,4,,0
22029,'1838',703,,52270,1,0,19 2 20 21,0,97,,52259,1,,,0,100,,52260,1,,,0,100,,52261,1,,,0,100,,52262,1,,,0,100,,52263,1,,,0,100,,52264,1,,,0,100,,52265,1,,,0,100,,52266,1,,,0,100,,52267,1,,,0,100,,52268,1,,,0,100,,52272,1,0,19 2 20 21,0,100,,52269,1,0,19 2 20 21,0,100,,52271,1,0,19 2 20 21,0,100,,43211,1,0,19 2 20 21,0,205,,38031,1,0,19 2 20 21,0,30,,38030,1,0,19 2 20 21,0
22029,'1897',635,,50050,1,0,19 2 20 21,0,70,,50051,1,0,19 2 20 21,0,30,,50052,1,0,19 2 20 21,0,73,,50053,1,0,19 2 20 21,0,30,,50054,1,0,19 2 20 21,0,70,,50055,1,,,0,29,,50056,1,,,0,70,,50061,1,,,0,30,,50057,1,,,0,70,,50062,1,,,0,30,,50058,1,,,0,70,,50049,1,,,0,30,,50059,1,,,0,70,,50060,1,,,0,31,,50063,1,,,0,70,,50064,1,,,0,30,,50065,1,,,0,70,,50066,1,,,0,30,,50067,1,,,0,70,,50068,1,,,0,30,,50069,1,,,0,69,,50070,1,,,0,30,,50071,1,,,0,70,,50072,1,,,0,28,,50073,1,,,0,70,,50074,1,,,0,30,,50075,1,,,0,65,,50076,1,,,0,30,,50077,1,,,0,70,,50078,1,,,0,30,,50079,1,0,19 2 20 21,0,170,,50080,1,0,19 2 20 21,0,35,,50081,1,0,19 2 20 21,0
22029,'1898',603,,50106,1,0,19 2 20 21,0,30,,50100,1,0,19 2 20 21,0,67,,50107,1,0,19 2 20 21,0,30,,50101,1,0,19 2 20 21,0,70,,50108,1,0,19 2 20 21,0,30,,50082,1,,,0,70,,50083,1,,,0,30,,50084,1,,,0,70,,50085,1,,,0,30,,50086,1,,,0,70,,50087,1,,,0,30,,50088,1,,,0,70,,50089,1,,,0,30,,50090,1,,,0,70,,50091,1,,,0,31,,50092,1,,,0,69,,50093,1,,,0,31,,50094,1,,,0,70,,50095,1,,,0,30,,50096,1,,,0,70,,50097,1,,,0,30,,50098,1,,,0,69,,50099,1,,,0,31,,50102,1,0,19 2 20 21,0,69,,50109,1,0,19 2 20 21,0,30,,50103,1,0,19 2 20 21,0,70,,50110,1,0,19 2 20 21,0,30,,50104,1,0,19 2 20 21,0,70,,50111,1,0,19 2 20 21,0,30,,50105,1,0,19 2 20 21,0,27,,50112,1,0,19 2 20 21,0,73,,50113,1,0,19 2 20 21,0,175,,50115,1,0,19 2 20 21,0,30,,50114,1,0,19 2 20 21,0
22029,'1899',703,,52284,1,0,19 2 20 21,0,97,,52273,1,,,0,100,,52274,1,,,0,100,,52275,1,,,0,100,,52276,1,,,0,100,,52277,1,,,0,100,,52278,1,,,0,100,,52279,1,,,0,100,,52280,1,,,0,100,,52281,1,,,0,100,,52282,1,,,0,100,,52287,1,0,19 2 20 21,0,100,,52283,1,0,19 2 20 21,0,100,,52285,1,0,19 2 20 21,0,100,,52286,1,0,19 2 20 21,0,205,,52289,1,0,19 2 20 21,0,30,,52288,1,0,19 2 20 21,0
601019,'1838',610,,39600,4,4,,0,30,,39581,1,,,0,70,,39605,1,,,0,30,,39590,1,,,0,70,,39608,1,,,0,30,,39576,1,,,0,70,,39583,1,,,0,30,,39603,1,,,0,70,,39606,1,,,0,30,,39577,1,,,0,70,,39589,1,,,0,30,,39607,1,,,0,70,,39602,1,,,0,30,,39580,1,,,0,70,,39592,1,,,0,30,,39598,1,,,0,70,,39595,1,,,0,30,,39585,1,,,0,70,,39584,1,,,0,30,,39579,1,,,0,70,,39599,1,,,0,30,,39588,1,,,0,70,,39601,1,,,0,30,,39597,1,,,0,70,,39582,1,,,0,30,,39604,1,,,0,70,,39596,1,,,0,30,,39610,1,,,0,70,,39593,1,,,0,30,,39609,1,,,0,70,,39586,1,,,0,30,,39587,1,,,0,70,,39594,1,,,0,30,,39591,1,,,0
601019,'1897',607,,50745,1,,,0,20,,50737,1,,,0,15,,50744,4,4,,0,13,,50732,1,0,19 2 11 2 22 1 23,0,52,,50736,1,0,19 2 11 2 22 1 23,0,15,,50747,1,0,19 2 11 2 22 1 23,0,15,,50740,1,0,19 2 11 2 22 1 23,0,15,,50731,1,0,19 2 11 2 22 1 23,0,55,,50733,1,0,19 2 11 2 22 1 23,0,15,,50746,1,0,19 2 11 2 22 1 23,0,25,,50757,1,,,0,70,,50762,1,,,0,30,,50763,1,,,0,70,,50760,1,,,0,30,,50758,1,,,0,70,,50764,1,,,0,30,,50766,1,,,0,70,,50761,1,,,0,30,,50759,1,,,0,70,,50767,1,,,0,30,,50765,1,,,0,60,,50729,4,4,,0,15,,50754,1,0,19 2 11 2 22 1 23,0,15,,50756,4,4,,0,15,,50750,1,0,19 2 11 2 22 1 23,0,55,,50738,1,0,19 2 11 2 22 1 23,0,15,,50751,1,0,19 2 11 2 22 1 23,0,15,,50741,1,0,19 2 11 2 22 1 23,0,15,,50748,1,0,19 2 11 2 22 1 23,0,55,,50743,1,0,19 2 11 2 22 1 23,0,15,,50749,1,0,19 2 11 2 22 1 23,0,15,,50735,1,0,19 2 11 2 22 1 23,0,15,,50752,1,0,19 2 11 2 22 1 23,0,55,,50730,1,0,19 2 11 2 22 1 23,0,15,,50755,1,0,19 2 11 2 22 1 23,0,15,,50734,1,0,19 2 11 2 22 1 23,0,15,,50753,1,0,19 2 11 2 22 1 23,0,55,,50719,1,,,0,30,,50720,1,,,0,15,,50728,1,,,0,55,,50726,1,,,0,30,,50723,1,,,0,70,,50724,1,,,0,30,,50718,1,,,0,70,,50721,1,,,0,30,,50717,1,,,0,70,,50722,1,,,0,33,,50727,1,,,0
601019,'1898',610,,50785,4,4,,0,30,,50802,1,,,0,70,,50783,1,,,0,30,,50801,1,,,0,70,,50782,1,,,0,30,,50800,1,,,0,70,,50781,1,,,0,30,,50799,1,,,0,70,,50779,1,,,0,30,,50797,1,,,0,70,,50780,1,,,0,30,,50798,1,,,0,70,,50778,1,,,0,30,,50796,1,,,0,70,,50769,1,,,0,30,,50795,1,,,0,70,,50777,1,,,0,30,,50794,1,,,0,70,,50775,1,,,0,30,,50793,1,,,0,70,,50770,1,,,0,30,,50791,1,,,0,70,,50772,1,,,0,30,,50792,1,,,0,70,,50776,1,,,0,30,,50790,1,,,0,70,,50771,1,,,0,30,,50789,1,,,0,70,,50774,1,,,0,30,,50788,1,,,0,70,,50773,1,,,0,30,,50787,1,,,0,70,,50768,1,,,0,30,,50786,1,,,0
601019,'1899',2240,,52620,1,,,0
602019,'1838',636,,39733,18,4,,0,68,,39730,19,4,,0,30,,39715,19,4,,0,70,,39719,19,4,,0,30,,39734,19,4,,0,70,,39710,19,4,,0,30,,39706,19,4,,0,70,,39729,19,4,,0,30,,39726,19,4,,0,70,,39720,19,4,,0,31,,39728,19,4,,0,70,,39738,19,4,,0,30,,39727,19,4,,0,70,,39707,19,4,,0,30,,39736,19,4,,0,70,,39737,19,4,,0,30,,39705,19,4,,0,70,,39731,19,4,,0,30,,39714,19,4,,0,70,,39716,19,4,,0,30,,39739,19,4,,0,70,,39721,19,4,,0,30,,39711,19,4,,0,70,,39724,19,4,,0,30,,39735,19,4,,0,70,,39709,19,4,,0,30,,39713,19,4,,0,70,,39722,19,4,,0,29,,39712,19,4,,0,70,,39725,19,4,,0,30,,39718,19,4,,0,70,,39732,19,4,,0,30,,39717,19,4,,0,70,,39723,19,4,,0,29,,39708,19,4,,0
602019,'1897',626,,50838,18,4,,0,29,,50814,18,4,,0,62,,50828,18,4,,0,13,,50826,18,4,,0,15,,50813,18,4,,0,55,,50816,18,4,,0,15,,50827,18,4,,0,15,,50821,18,4,,0,15,,50840,18,4,,0,55,,50817,18,4,,0,15,,50837,19,4,,0,24,,50846,19,4,,0,70,,50844,19,4,,0,30,,50851,19,4,,0,70,,50849,19,4,,0,30,,50845,19,4,,0,70,,50843,19,4,,0,30,,50850,19,4,,0,70,,50841,19,4,,0,31,,50847,19,4,,0,70,,50842,19,4,,0,30,,50848,19,4,,0,61,,50824,18,4,,0,15,,50833,18,4,,0,15,,50825,18,4,,0,15,,50832,18,4,,0,55,,50818,18,4,,0,15,,50831,18,4,,0,15,,50823,18,4,,0,15,,50835,18,4,,0,54,,50822,18,4,,0,15,,50830,18,4,,0,14,,50819,18,4,,0,15,,50834,18,4,,0,15,,50815,18,4,,0,55,,50839,18,4,,0,14,,50820,18,4,,0,15,,50829,19,4,,0,57,,50803,19,4,,0,30,,50804,19,4,,0,12,,50836,19,4,,0,58,,50809,19,4,,0,30,,50807,19,4,,0,70,,50808,19,4,,0,29,,50812,19,4,,0,30,,50805,19,4,,0,70,,50810,19,4,,0,30,,50806,19,4,,0,76,,50811,19,4,,0
602019,'1898',636,,50886,18,4,,0,68,,50868,19,4,,0,30,,50885,19,4,,0,70,,50867,19,4,,0,30,,50884,19,4,,0,70,,50866,19,4,,0,30,,50883,19,4,,0,70,,50865,19,4,,0,30,,50882,19,4,,0,70,,50864,19,4,,0,31,,50881,19,4,,0,70,,50862,19,4,,0,30,,50880,19,4,,0,70,,50863,19,4,,0,30,,50878,19,4,,0,70,,50861,19,4,,0,30,,50879,19,4,,0,70,,50854,19,4,,0,30,,50877,19,4,,0,70,,50855,19,4,,0,30,,50876,19,4,,0,70,,50853,19,4,,0,30,,50875,19,4,,0,70,,50856,19,4,,0,30,,50874,19,4,,0,70,,50859,19,4,,0,30,,50872,19,4,,0,70,,50860,19,4,,0,29,,50873,19,4,,0,70,,50858,19,4,,0,30,,50870,19,4,,0,70,,50857,19,4,,0,30,,50871,19,4,,0,70,,50852,19,4,,0,29,,50869,19,4,,0
602019,'1899',2234,,52625,19,4,,0,70,,52624,19,4,,0,29,,52623,19,4,,0
