10019,'1912',758,,61000,37,4,,0,70,,66748,37,4,,0,30,,61002,37,4,,0,70,,66749,37,4,,0,30,,61004,37,4,,0,70,,71282,37,4,,0,30,,71283,37,4,,0,70,,71284,37,4,,0,30,,71285,37,4,,0,72,,71286,37,4,,0,70,,71287,37,4,,0,30,,71288,37,4,,0,70,,71289,37,4,,0,30,,71290,37,4,,0,70,,71291,37,4,,0,30,,71292,37,4,,0,70,,71293,37,4,,0,30,,71294,37,4,,0,70,,66763,37,4,,0,30,,71295,37,4,,0,70,,71296,37,4,,0,28,,71297,37,4,,0,30,,66767,37,4,,0,70,,71298,37,4,,0
10019,'1959',758,,61024,37,4,,0,70,,66769,37,4,,0,30,,61026,37,4,,0,70,,66770,37,4,,0,30,,61028,37,4,,0,70,,71367,37,4,,0,30,,71368,37,4,,0,70,,71369,37,4,,0,30,,71370,37,4,,0,72,,71371,37,4,,0,70,,71372,37,4,,0,30,,71373,37,4,,0,70,,71374,37,4,,0,30,,71375,37,4,,0,70,,71376,37,4,,0,30,,71377,37,4,,0,70,,71378,37,4,,0,30,,71379,37,4,,0,70,,66784,37,4,,0,30,,71380,37,4,,0,70,,71381,37,4,,0,28,,71382,37,4,,0,30,,66788,37,4,,0,70,,71383,37,4,,0
10019,'1967',658,,71343,37,4,,0,70,,71344,37,4,,0,30,,74352,37,4,,0,70,,74353,37,4,,0,30,,71347,37,4,,0,70,,71348,37,4,,0,30,,74354,37,4,,0,72,,71350,37,4,,0,70,,71351,37,4,,0,30,,71352,37,4,,0,70,,71353,37,4,,0,30,,71354,37,4,,0,70,,71355,37,4,,0,30,,71356,37,4,,0,70,,71357,37,4,,0,30,,71358,37,4,,0,70,,71359,37,4,,0,30,,71360,37,4,,0,70,,71361,37,4,,0,30,,71362,37,4,,0,70,,71363,37,4,,0,30,,71364,37,4,,0,70,,71365,37,4,,0,30,,74355,37,4,,0,70,,66746,37,4,,0,28,,60997,37,4,,0,100,,66747,37,4,,0,100,,60999,37,4,,0
10019,'1969',758,,61048,37,4,,0,70,,66790,37,4,,0,30,,61050,37,4,,0,70,,66791,37,4,,0,30,,61052,37,4,,0,70,,71299,37,4,,0,30,,71300,37,4,,0,70,,71301,37,4,,0,30,,71302,37,4,,0,72,,71303,37,4,,0,70,,71304,37,4,,0,30,,71305,37,4,,0,70,,71306,37,4,,0,30,,71307,37,4,,0,70,,71308,37,4,,0,30,,71309,37,4,,0,70,,71310,37,4,,0,30,,71311,37,4,,0,70,,66805,37,4,,0,30,,71312,37,4,,0,70,,71313,37,4,,0,28,,71314,37,4,,0,30,,66809,37,4,,0,70,,71315,37,4,,0
10019,'1976',559,,74338,37,4,,0,70,,71317,37,4,,0,30,,74339,37,4,,0,72,,71319,37,4,,0,70,,74340,37,4,,0,30,,71321,37,4,,0,70,,71322,37,4,,0,31,,60946,37,4,,0,70,,71323,37,4,,0,30,,71324,37,4,,0,70,,71325,37,4,,0,30,,74341,37,4,,0,70,,71327,37,4,,0,30,,71328,37,4,,0,70,,71329,37,4,,0,30,,71330,37,4,,0,70,,66831,37,4,,0,30,,74342,37,4,,0,75,,74343,37,4,,0,30,,74344,37,4,,0,70,,74345,37,4,,0,30,,74346,37,4,,0,70,,74347,37,4,,0,29,,74348,37,4,,0,65,,74349,37,4,,0,30,,74350,37,4,,0,70,,71340,37,4,,0,30,,74351,37,4,,0,70,,71341,37,4,,0,27,,60968,37,4,,0,30,,71342,37,4,,0,70,,60970,37,4,,0,100,,60971,37,4,,0
10019,'1977',559,,75410,37,4,,0,70,,75411,37,4,,0,30,,75412,37,4,,0,72,,75413,37,4,,0,70,,75414,37,4,,0,30,,75415,37,4,,0,70,,75416,37,4,,0,31,,75417,37,4,,0,70,,75418,37,4,,0,30,,75419,37,4,,0,70,,75420,37,4,,0,30,,75421,37,4,,0,70,,75422,37,4,,0,30,,75423,37,4,,0,70,,75424,37,4,,0,30,,75425,37,4,,0,70,,75426,37,4,,0,30,,75427,37,4,,0,75,,75428,37,4,,0,30,,75429,37,4,,0,70,,75430,37,4,,0,30,,75431,37,4,,0,70,,75432,37,4,,0,29,,75433,37,4,,0,65,,75434,37,4,,0,30,,75435,37,4,,0,70,,75436,37,4,,0,30,,75437,37,4,,0,70,,75438,37,4,,0,27,,75439,37,4,,0,30,,75440,37,4,,0,70,,75441,37,4,,0,100,,75442,37,4,,0
10029,'1912',800,,60857,1,,,0,30,,66871,1,,,0,70,,60859,1,,,0,30,,66872,1,,,0,70,,60861,1,,,0,30,,71396,1,,,0,70,,71397,1,,,0,30,,71398,1,,,0,70,,71399,1,,,0,32,,71400,1,,,0,70,,71387,1,,,0,30,,71390,1,,,0,70,,71384,1,,,0,30,,71389,1,,,0,70,,71388,1,,,0,30,,71391,1,,,0,70,,71385,1,,,0,30,,71392,1,,,0,70,,66860,1,,,0,30,,71393,1,,,0,70,,71386,1,,,0,28,,71394,1,,,0,70,,66858,1,,,0,30,,71395,1,,,0
10029,'1959',800,,60881,1,,,0,30,,66892,1,,,0,70,,60883,1,,,0,30,,66893,1,,,0,70,,60885,1,,,0,30,,71481,1,,,0,70,,71482,1,,,0,30,,71483,1,,,0,70,,71484,1,,,0,32,,71485,1,,,0,70,,71472,1,,,0,30,,71475,1,,,0,70,,71469,1,,,0,30,,71474,1,,,0,70,,71473,1,,,0,30,,71476,1,,,0,70,,71470,1,,,0,30,,71477,1,,,0,70,,66881,1,,,0,30,,71478,1,,,0,70,,71471,1,,,0,28,,71479,1,,,0,70,,66879,1,,,0,30,,71480,1,,,0
10029,'1967',700,,71445,1,,,0,30,,71446,1,,,0,70,,74370,1,,,0,30,,74371,1,,,0,70,,71449,1,,,0,30,,71450,1,,,0,70,,74372,1,,,0,32,,71452,1,,,0,70,,71453,1,,,0,30,,71454,1,,,0,70,,71455,1,,,0,30,,71456,1,,,0,70,,71457,1,,,0,30,,71458,1,,,0,70,,71459,1,,,0,30,,71460,1,,,0,70,,71461,1,,,0,30,,71462,1,,,0,70,,71463,1,,,0,30,,71464,1,,,0,70,,71465,1,,,0,30,,71466,1,,,0,70,,71467,1,,,0,30,,74373,1,,,0,70,,66855,1,,,0,28,,60815,1,,,0,100,,66856,1,,,0,100,,60842,1,,,0
10029,'1969',800,,60905,1,,,0,30,,66913,1,,,0,70,,60907,1,,,0,30,,66914,1,,,0,70,,60909,1,,,0,30,,71413,1,,,0,70,,71414,1,,,0,30,,71415,1,,,0,70,,71416,1,,,0,32,,71417,1,,,0,70,,71404,1,,,0,30,,71407,1,,,0,70,,71401,1,,,0,30,,71406,1,,,0,70,,71405,1,,,0,30,,71408,1,,,0,70,,71402,1,,,0,30,,71409,1,,,0,70,,66902,1,,,0,30,,71410,1,,,0,70,,71403,1,,,0,28,,71411,1,,,0,70,,66900,1,,,0,30,,71412,1,,,0
10029,'1976',600,,74356,1,,,0,30,,71419,1,,,0,75,,74357,1,,,0,30,,71421,1,,,0,70,,74358,1,,,0,30,,71423,1,,,0,70,,71424,1,,,0,30,,60789,1,,,0,70,,71425,1,,,0,30,,71426,1,,,0,70,,71427,1,,,0,30,,74359,1,,,0,70,,71429,1,,,0,30,,71430,1,,,0,70,,71431,1,,,0,30,,71432,1,,,0,70,,66940,1,,,0,30,,74360,1,,,0,75,,74361,1,,,0,30,,74362,1,,,0,70,,74363,1,,,0,30,,74364,1,,,0,70,,74365,1,,,0,30,,74366,1,,,0,65,,74367,1,,,0,30,,74368,1,,,0,70,,71442,1,,,0,30,,74369,1,,,0,70,,71443,1,,,0,25,,60811,1,,,0,70,,71444,1,,,0,30,,60813,1,,,0,100,,60814,1,,,0
10029,'1977',600,,75443,1,,,0,30,,75444,1,,,0,75,,75445,1,,,0,30,,75446,1,,,0,70,,75447,1,,,0,30,,75448,1,,,0,70,,75449,1,,,0,30,,75450,1,,,0,70,,75451,1,,,0,30,,75452,1,,,0,70,,75453,1,,,0,30,,75454,1,,,0,70,,75455,1,,,0,30,,75456,1,,,0,70,,75457,1,,,0,30,,75458,1,,,0,70,,75459,1,,,0,30,,75460,1,,,0,75,,75461,1,,,0,30,,75462,1,,,0,70,,75463,1,,,0,30,,75464,1,,,0,70,,75465,1,,,0,30,,75466,1,,,0,65,,75467,1,,,0,30,,75468,1,,,0,70,,75469,1,,,0,30,,75470,1,,,0,70,,75471,1,,,0,25,,75472,1,,,0,70,,75473,1,,,0,30,,75474,1,,,0,100,,75475,1,,,0
10090019,'1964',645,,65798,3,,,0,100,,65796,3,,,0,100,,65795,3,,,0,100,,65797,3,,,0,470,,65800,3,,,0,100,,65801,3,,,0,100,,65802,3,,,0,100,,65799,3,,,0
10090029,'1964',715,,65810,5,,,0,100,,65803,5,,,0,100,,65805,5,,,0,100,,65804,5,,,0,430,,65809,5,,,0,100,,65807,5,,,0,100,,65806,5,,,0,100,,65808,5,,,0
20090019,'1964',725,,65811,13,4,,0,100,,65812,13,4,,0,100,,65813,13,4,,0,100,,65814,13,4,,0,500,,65815,13,4,,0,100,,65816,13,4,,0,100,,65817,13,4,,0,100,,65818,13,4,,0
20090029,'1964',625,,65819,1,,,0,100,,65820,1,,,0,100,,65821,1,,,0,100,,65822,1,,,0,500,,65823,1,,,0,100,,65824,1,,,0,100,,65825,1,,,0,100,,65826,1,,,0
