1029,'1912',627,,73732,49,,,0,100,,73733,49,,,0,100,,73734,49,,,0,101,,73735,49,,,0,100,,73736,49,,,0,100,,73737,49,,,0,100,,73738,49,,,0,100,,73739,49,,,0,100,,73740,49,,,0,100,,73741,49,,,0,100,,73742,49,,,0,100,,73743,49,,,0,100,,73744,49,,,0,100,,73745,49,,,0,100,,73746,49,,,0,100,,73747,49,,,0,101,,73748,49,,,0,94,,73749,49,,,0
1029,'1966',627,,70284,50,,,0,30,,70296,50,,,0,70,,70303,50,,,0,30,,70291,50,,,0,70,,70312,50,,,0,30,,70300,50,,,0,72,,70283,50,,,0,29,,70295,50,,,0,70,,70306,50,,,0,30,,70290,50,,,0,70,,70313,50,,,0,30,,70299,50,,,0,70,,70282,50,,,0,30,,70294,50,,,0,70,,70305,50,,,0,30,,70289,50,,,0,70,,70285,50,,,0,30,,70298,50,,,0,70,,70281,50,,,0,30,,70293,50,,,0,70,,70301,50,,,0,30,,70288,50,,,0,70,,70310,50,,,0,30,,70297,50,,,0,69,,70280,50,,,0,31,,70292,50,,,0,70,,70304,50,,,0,30,,70286,50,,,0,70,,70308,50,,,0,30,,70307,50,,,0,70,,70279,50,,,0,30,,70287,50,,,0,70,,70302,50,,,0,30,,70311,50,,,0,70,,70309,50,,,0
1029,'1968',627,,59317,50,,,0,100,,59318,50,,,0,100,,59319,50,,,0,101,,59320,50,,,0,100,,59321,50,,,0,100,,59322,50,,,0,100,,59323,50,,,0,100,,59324,50,,,0,100,,59325,50,,,0,100,,59326,50,,,0,100,,59327,50,,,0,100,,59328,50,,,0,100,,59329,50,,,0,100,,59330,50,,,0,100,,59331,50,,,0,100,,59332,50,,,0,101,,59333,50,,,0,94,,59334,50,,,0
1029,'1970',627,,73759,49,,,0,75,,73760,49,,,0,32,,73780,49,,,0,70,,73756,49,,,0,30,,73751,49,,,0,70,,73784,49,,,0,30,,73754,49,,,0,70,,73761,49,,,0,30,,73779,49,,,0,70,,73758,49,,,0,30,,73750,49,,,0,70,,73783,49,,,0,30,,73755,49,,,0,70,,73762,49,,,0,30,,73778,49,,,0,70,,73757,49,,,0,31,,73752,49,,,0,71,,73781,49,,,0,32,,73753,49,,,0,70,,73763,49,,,0,30,,73777,49,,,0,70,,73766,49,,,0,29,,73765,49,,,0,67,,73764,49,,,0,25,,73770,49,,,0,30,,73769,49,,,0,70,,73768,49,,,0,30,,73767,49,,,0,69,,73782,49,,,0,30,,73776,49,,,0,70,,73775,49,,,0,30,,73774,49,,,0,70,,73773,49,,,0,30,,73772,49,,,0,65,,73771,49,,,0
1029,'1971',627,,73790,49,,,0,30,,73802,49,,,0,70,,73809,49,,,0,30,,73797,49,,,0,70,,73818,49,,,0,30,,73806,49,,,0,72,,73789,49,,,0,29,,73801,49,,,0,70,,73812,49,,,0,30,,73796,49,,,0,70,,73819,49,,,0,30,,73805,49,,,0,70,,73788,49,,,0,30,,73800,49,,,0,70,,73811,49,,,0,30,,73795,49,,,0,70,,73791,49,,,0,30,,73804,49,,,0,70,,73787,49,,,0,30,,73799,49,,,0,70,,73807,49,,,0,30,,73794,49,,,0,70,,73816,49,,,0,30,,73803,49,,,0,69,,73786,49,,,0,31,,73798,49,,,0,70,,73810,49,,,0,30,,73792,49,,,0,70,,73814,49,,,0,30,,73813,49,,,0,70,,73785,49,,,0,30,,73793,49,,,0,70,,73808,49,,,0,30,,73817,49,,,0,70,,73815,49,,,0
1029,'1972',627,,73820,49,,,0,100,,73821,49,,,0,100,,73822,49,,,0,101,,73823,49,,,0,100,,73824,49,,,0,100,,73825,49,,,0,100,,73826,49,,,0,100,,73827,49,,,0,100,,73828,49,,,0,100,,73829,49,,,0,100,,73830,49,,,0,100,,73831,49,,,0,100,,73832,49,,,0,100,,73833,49,,,0,100,,73834,49,,,0,100,,73835,49,,,0,101,,73836,49,,,0,94,,73837,49,,,0
1029,'1973',627,,73838,49,,,0,100,,73839,49,,,0,100,,73840,49,,,0,101,,73841,49,,,0,100,,73842,49,,,0,100,,73843,49,,,0,100,,73844,49,,,0,100,,73845,49,,,0,100,,73846,49,,,0,100,,73847,49,,,0,100,,73848,49,,,0,100,,73849,49,,,0,100,,73850,49,,,0,100,,73851,49,,,0,100,,73852,49,,,0,100,,73853,49,,,0,101,,73854,49,,,0,94,,73855,49,,,0
2029,'1912',642,,74007,44,0,39 40,0,70,,74015,44,0,39 40,0,31,,74026,44,0,39 40,0,70,,74021,44,0,39 40,0,30,,74008,44,0,39 40,0,70,,74016,44,0,39 40,0,30,,74027,44,0,39 40,0,70,,74022,44,0,39 40,0,30,,74009,44,0,39 40,0,70,,74017,44,0,39 40,0,30,,74028,44,0,39 40,0,70,,74023,44,0,39 40,0,30,,74010,44,0,39 40,0,70,,74018,44,0,39 40,0,30,,74029,44,0,39 40,0,70,,74024,44,0,39 40,0,30,,74011,44,0,39 40,0,70,,74019,44,0,39 40,0,30,,74030,44,0,39 40,0,70,,74025,44,0,39 40,0,30,,74012,44,0,39 40,0,70,,74020,44,0,39 40,0,30,,74031,44,0,39 40,0,100,,74013,44,0,39 40,0,99,,74032,44,0,39 40,0,100,,74014,44,0,39 40,0,101,,74033,44,0,39 40,0,100,,74006,44,0,39 40,0
2029,'1966',612,,70594,43,0,39 40,0,30,,70577,43,0,39 40,0,69,,70584,43,0,39 40,0,31,,70563,43,0,39 40,0,70,,70569,43,0,39 40,0,30,,70578,43,0,39 40,0,71,,70585,43,0,39 40,0,30,,70564,43,0,39 40,0,70,,70570,43,0,39 40,0,30,,70579,43,0,39 40,0,70,,70586,43,0,39 40,0,30,,70565,43,0,39 40,0,70,,70571,43,0,39 40,0,30,,70580,43,0,39 40,0,70,,70587,43,0,39 40,0,30,,70566,43,0,39 40,0,70,,70572,43,0,39 40,0,30,,70581,43,0,39 40,0,70,,70588,43,0,39 40,0,30,,70567,43,0,39 40,0,70,,70573,43,0,39 40,0,30,,70582,43,0,39 40,0,70,,70589,43,0,39 40,0,30,,70568,43,0,39 40,0,70,,70574,43,0,39 40,0,30,,70583,43,0,39 40,0,70,,70590,43,0,39 40,0,30,,70575,43,0,39 40,0,100,,70591,43,0,39 40,0,100,,70576,43,0,39 40,0,100,,70592,43,0,39 40,0
2029,'1968',642,,70497,43,0,39 40,0,70,,70505,43,0,39 40,0,31,,70516,43,0,39 40,0,70,,70511,43,0,39 40,0,30,,70498,43,0,39 40,0,70,,70506,43,0,39 40,0,30,,70517,43,0,39 40,0,70,,70512,43,0,39 40,0,30,,70499,43,0,39 40,0,70,,70507,43,0,39 40,0,30,,70518,43,0,39 40,0,70,,70513,43,0,39 40,0,30,,70500,43,0,39 40,0,70,,70508,43,0,39 40,0,30,,70519,43,0,39 40,0,70,,70514,43,0,39 40,0,30,,70501,43,0,39 40,0,70,,70509,43,0,39 40,0,30,,70520,43,0,39 40,0,70,,70515,43,0,39 40,0,30,,70502,43,0,39 40,0,70,,70510,43,0,39 40,0,30,,70521,43,0,39 40,0,100,,70503,43,0,39 40,0,99,,70522,43,0,39 40,0,100,,70504,43,0,39 40,0,101,,70523,43,0,39 40,0,100,,70496,43,0,39 40,0
2029,'1970',547,,74055,32,0,39 40,0,65,,74038,44,0,39 40,0,30,,74039,44,0,39 40,0,72,,74040,44,0,39 40,0,30,,74041,44,0,39 40,0,70,,74042,44,0,39 40,0,30,,74043,44,0,39 40,0,70,,74044,44,0,39 40,0,30,,74045,44,0,39 40,0,70,,74046,44,0,39 40,0,30,,74069,44,0,39 40,0,70,,74065,44,0,39 40,0,30,,74071,44,0,39 40,0,70,,74067,44,0,39 40,0,30,,74068,44,0,39 40,0,70,,74064,44,0,39 40,0,30,,74070,44,0,39 40,0,70,,74066,44,0,39 40,0,32,,74072,44,0,39 40,0,71,,74047,44,0,39 40,0,34,,74048,44,0,39 40,0,70,,74049,44,0,39 40,0,30,,74050,44,0,39 40,0,70,,74051,44,0,39 40,0,28,,74052,44,0,39 40,0,65,,74053,44,0,39 40,0,29,,74054,44,0,39 40,0,70,,74058,44,0,39 40,0,30,,74059,44,0,39 40,0,100,,74060,44,0,39 40,0,100,,74061,44,0,39 40,0,100,,74057,44,0,39 40,0
2029,'1971',612,,74104,44,0,5 2 15 16 17,0,30,,74087,44,0,39 40,0,69,,74094,44,0,39 40,0,31,,74073,44,0,39 40,0,70,,74079,44,0,39 40,0,30,,74088,44,0,39 40,0,71,,74095,44,0,39 40,0,30,,74074,44,0,39 40,0,70,,74080,44,0,39 40,0,30,,74089,44,0,39 40,0,70,,74096,44,0,39 40,0,30,,74075,44,0,39 40,0,70,,74081,44,0,39 40,0,30,,74090,44,0,39 40,0,70,,74097,44,0,39 40,0,30,,74076,44,0,39 40,0,70,,74082,44,0,39 40,0,30,,74091,44,0,39 40,0,70,,74098,44,0,39 40,0,30,,74077,44,0,39 40,0,70,,74083,44,0,39 40,0,30,,74092,44,0,39 40,0,70,,74099,44,0,39 40,0,30,,74078,44,0,39 40,0,70,,74084,44,0,39 40,0,30,,74093,44,0,39 40,0,70,,74100,44,0,39 40,0,30,,74085,44,0,39 40,0,100,,74101,44,0,39 40,0,100,,74086,44,0,39 40,0,100,,74102,44,0,39 40,0
2029,'1972',642,,74108,44,0,39 40,0,70,,74116,44,0,39 40,0,31,,74127,44,0,39 40,0,70,,74122,44,0,39 40,0,30,,74109,44,0,39 40,0,70,,74117,44,0,39 40,0,30,,74128,44,0,39 40,0,70,,74123,44,0,39 40,0,30,,74110,44,0,39 40,0,70,,74118,44,0,39 40,0,30,,74129,44,0,39 40,0,70,,74124,44,0,39 40,0,30,,74111,44,0,39 40,0,70,,74119,44,0,39 40,0,30,,74130,44,0,39 40,0,70,,74125,44,0,39 40,0,30,,74112,44,0,39 40,0,70,,74120,44,0,39 40,0,30,,74131,44,0,39 40,0,70,,74126,44,0,39 40,0,30,,74113,44,0,39 40,0,70,,74121,44,0,39 40,0,30,,74132,44,0,39 40,0,100,,74114,44,0,39 40,0,99,,74133,44,0,39 40,0,100,,74115,44,0,39 40,0,101,,74134,44,0,39 40,0,100,,74107,44,0,39 40,0
2029,'1973',642,,74140,44,0,39 40,0,70,,74148,44,0,39 40,0,31,,74159,44,0,39 40,0,70,,74154,44,0,39 40,0,30,,74141,44,0,39 40,0,70,,74149,44,0,39 40,0,30,,74160,44,0,39 40,0,70,,74155,44,0,39 40,0,30,,74142,44,0,39 40,0,70,,74150,44,0,39 40,0,30,,74161,44,0,39 40,0,70,,74156,44,0,39 40,0,30,,74143,44,0,39 40,0,70,,74151,44,0,39 40,0,30,,74162,44,0,39 40,0,70,,74157,44,0,39 40,0,30,,74144,44,0,39 40,0,70,,74152,44,0,39 40,0,30,,74163,44,0,39 40,0,70,,74158,44,0,39 40,0,30,,74145,44,0,39 40,0,70,,74153,44,0,39 40,0,30,,74164,44,0,39 40,0,100,,74146,44,0,39 40,0,99,,74165,44,0,39 40,0,100,,74147,44,0,39 40,0,101,,74166,44,0,39 40,0,100,,74139,44,0,39 40,0
609,'1965',842,,70991,26,0,15 16 17,0,70,,71000,26,0,15 16 17,0,100,,70988,26,0,15 16 17,0,30,,70997,26,0,15 16 17,0,70,,70998,26,0,15 16 17,0,30,,70996,26,0,15 16 17,0,70,,71019,26,0,15 16 17,0,30,,71018,26,0,15 16 17,0,70,,71015,26,0,15 16 17,0,430,,71010,26,0,15 16 17,0,67,,71007,26,0,15 16 17,0,95,,71005,26,0,15 16 17,0,50,,71003,26,0,15 16 17,0,199,,71002,26,0,15 16 17,0,100,,71024,26,0,15 16 17,0
609,'1966',625,,71081,26,0,15 16 17,0,30,,71060,26,0,15 16 17,0,70,,71048,26,0,15 16 17,0,200,,71046,26,0,15 16 17,0,28,,71073,26,0,15 16 17,0,70,,71045,26,0,15 16 17,0,30,,71058,26,0,15 16 17,0,73,,71044,26,0,15 16 17,0,30,,71072,26,0,15 16 17,0,70,,71043,26,0,15 16 17,0,30,,71057,26,0,15 16 17,0,70,,71042,26,0,15 16 17,0,30,,71071,26,0,15 16 17,0,70,,71041,26,0,15 16 17,0,30,,71056,26,0,15 16 17,0,70,,71040,26,0,15 16 17,0,30,,71070,26,0,15 16 17,0,70,,71039,26,0,15 16 17,0,30,,71055,26,0,15 16 17,0,70,,71038,26,0,15 16 17,0,30,,71077,26,0,15 16 17,0,70,,71061,26,0,15 16 17,0,30,,71075,26,0,15 16 17,0
609,'1967',755,,71074,26,0,15 16 17,0,70,,71047,26,0,15 16 17,0,30,,71059,26,0,15 16 17,0
609,'1970',634,,74248,26,0,15 16 17,0,76,,74226,26,0,15 16 17,0,32,,74224,26,0,15 16 17,0,70,,74229,26,0,15 16 17,0,130,,74247,26,0,15 16 17,0,400,,74242,26,0,15 16 17,0,70,,74243,26,0,15 16 17,0,31,,74241,26,0,15 16 17,0,71,,74239,26,0,15 16 17,0,30,,74240,26,0,15 16 17,0,70,,74238,26,0,15 16 17,0,30,,74237,26,0,15 16 17,0,70,,74236,26,0,15 16 17,0,120,,74235,26,0,15 16 17,0,219,,74234,26,0,15 16 17,0
609,'1971',625,,74298,26,0,15 16 17,0,30,,74279,26,0,15 16 17,0,70,,74269,26,0,15 16 17,0,200,,74268,26,0,15 16 17,0,28,,74292,26,0,15 16 17,0,70,,74267,26,0,15 16 17,0,30,,74278,26,0,15 16 17,0,73,,74266,26,0,15 16 17,0,30,,74291,26,0,15 16 17,0,70,,74265,26,0,15 16 17,0,30,,74277,26,0,15 16 17,0,70,,74264,26,0,15 16 17,0,30,,74290,26,0,15 16 17,0,70,,74263,26,0,15 16 17,0,30,,74276,26,0,15 16 17,0,70,,74262,26,0,15 16 17,0,30,,74289,26,0,15 16 17,0,70,,74261,26,0,15 16 17,0,30,,74275,26,0,15 16 17,0,70,,74260,26,0,15 16 17,0,30,,74295,26,0,15 16 17,0,70,,74280,26,0,15 16 17,0,30,,74293,26,0,15 16 17,0
12029,'1965',723,,61282,26,,,0,30,,61275,26,,,0,171,,61262,17,,,0,30,,61263,17,,,0,70,,61264,17,,,0,130,,61267,17,,,0,70,,61268,17,,,0,30,,61269,17,,,0,170,,61272,17,,,0
12029,'1970',652,,74418,26,,,0,170,,74416,26,,,0,31,,74410,26,,,0,201,,74404,17,,,0,70,,74405,17,,,0,200,,74406,17,,,0,30,,74407,17,,,0,101,,74412,26,,,0,71,,74415,26,,,0,30,,74408,26,,,0,70,,74414,26,,,0,30,,74409,26,,,0,70,,74417,26,,,0,28,,74411,26,,,0,70,,74413,26,,,0
14000001029,'1912',553,,73589,31,0,18 7,0,1851,,70205,31,,,0,29,,75060,31,,,0,70,,65884,31,,,0,30,,70206,31,,,0,70,,75059,31,,,0,30,,65880,31,,,0
14000001029,'1959',553,,73605,31,0,18 7,0,1851,,70208,31,,,0,99,,65891,31,,,0,30,,70209,31,,,0,100,,65887,31,,,0
14000001029,'1965',451,,65864,31,0,18 7,0,102,,73593,31,0,18 7,0,1851,,73595,31,,,0,99,,65871,31,,,0,30,,73594,31,,,0,100,,65870,31,,,0
14000001029,'1966',553,,73600,31,0,18 7,0,1880,,73598,31,,,0,170,,73601,31,,,0
14000001029,'1967',2404,,73602,31,,,0,99,,65872,31,,,0,30,,73599,31,,,0,100,,65875,31,,,0
14000001029,'1968',2433,,73591,31,,,0,170,,73590,31,,,0
14000001029,'1969',553,,73592,31,0,18 7,0,1851,,70211,31,,,0,99,,65898,31,,,0,30,,70212,31,,,0,100,,65894,31,,,0
14000001029,'1970',2433,,75061,31,,,0,170,,75062,31,,,0
14000001029,'1971',553,,75064,31,0,18 7,0,1880,,75063,31,,,0,170,,75065,31,,,0
14000001029,'1972',2433,,75067,31,,,0,170,,75066,31,,,0
14000001029,'1973',2433,,75069,31,,,0,170,,75068,31,,,0
