1029,'1909',824,,59245,8,,,0,103,,59222,8,,,0,130,,59211,8,,,0,100,,59216,8,,,0,170,,59218,8,,,0,100,,59242,8,,,0,131,,59238,8,,,0,70,,59227,8,,,0,100,,59225,8,,,0,97,,59230,8,,,0,30,,59229,8,,,0,100,,59243,8,,,0,170,,59235,8,,,0,125,,59232,8,,,0
1029,'1912',557,,59281,8,,,0,98,,59282,8,,,0,100,,59283,8,,,0,100,,59284,8,,,0,100,,59285,8,,,0,100,,59286,8,,,0,100,,59287,8,,,0,100,,59288,8,,,0,100,,59289,8,,,0,100,,59290,8,,,0,100,,59291,8,,,0,100,,59292,8,,,0,100,,59293,8,,,0,100,,59294,8,,,0,100,,59295,8,,,0,100,,59296,8,,,0,100,,59297,8,,,0,100,,59298,8,,,0
1029,'1924',557,,59299,8,,,0,98,,59300,8,,,0,100,,59301,8,,,0,100,,59302,8,,,0,100,,59303,8,,,0,100,,59304,8,,,0,100,,59305,8,,,0,100,,59306,8,,,0,100,,59307,8,,,0,100,,59308,8,,,0,100,,59309,8,,,0,100,,59310,8,,,0,100,,59311,8,,,0,100,,59312,8,,,0,100,,59313,8,,,0,100,,59314,8,,,0,100,,59315,8,,,0,100,,59316,8,,,0
1029,'1925',557,,59317,8,,,0,98,,59318,8,,,0,100,,59319,8,,,0,100,,59320,8,,,0,100,,59321,8,,,0,100,,59322,8,,,0,100,,59323,8,,,0,100,,59324,8,,,0,100,,59325,8,,,0,100,,59326,8,,,0,100,,59327,8,,,0,100,,59328,8,,,0,100,,59329,8,,,0,100,,59330,8,,,0,100,,59331,8,,,0,100,,59332,8,,,0,100,,59333,8,,,0,100,,59334,8,,,0
1029,'1949',629,,65993,8,,,0,125,,65987,8,,,0,103,,65990,8,,,0,170,,65991,8,,,0,100,,65996,8,,,0,130,,65995,8,,,0,100,,65988,8,,,0,101,,65989,8,,,0,70,,65994,8,,,0
1029,'1955',557,,65951,8,,,0,68,,65963,8,,,0,30,,65970,8,,,0,70,,65958,8,,,0,30,,65979,8,,,0,70,,65967,8,,,0,30,,65950,8,,,0,68,,65962,8,,,0,30,,65973,8,,,0,70,,65957,8,,,0,30,,65980,8,,,0,70,,65966,8,,,0,30,,65949,8,,,0,70,,65961,8,,,0,30,,65972,8,,,0,70,,65956,8,,,0,30,,65952,8,,,0,70,,65965,8,,,0,30,,65948,8,,,0,70,,65960,8,,,0,30,,65968,8,,,0,70,,65955,8,,,0,30,,65977,8,,,0,70,,65964,8,,,0,30,,65947,8,,,0,72,,65959,8,,,0,30,,65971,8,,,0,70,,65953,8,,,0,30,,65975,8,,,0,70,,65974,8,,,0,30,,59246,8,,,0,70,,65954,8,,,0,30,,65969,8,,,0,70,,65978,8,,,0,30,,65976,8,,,0
1029,'1957',554,,70268,8,,,0,100,,70278,8,,,0,70,,70267,8,,,0,233,,70277,8,,,0,270,,70269,8,,,0,431,,70270,8,,,0,97,,70272,8,,,0,170,,70271,8,,,0,100,,70276,8,,,0,30,,70275,8,,,0,100,,70274,8,,,0,70,,70273,8,,,0
1029,'1958',557,,70284,8,,,0,68,,70296,8,,,0,30,,70303,8,,,0,70,,70291,8,,,0,30,,70312,8,,,0,70,,70300,8,,,0,30,,70283,8,,,0,68,,70295,8,,,0,30,,70306,8,,,0,70,,70290,8,,,0,30,,70313,8,,,0,70,,70299,8,,,0,30,,70282,8,,,0,70,,70294,8,,,0,30,,70305,8,,,0,70,,70289,8,,,0,30,,70285,8,,,0,70,,70298,8,,,0,30,,70281,8,,,0,70,,70293,8,,,0,30,,70301,8,,,0,70,,70288,8,,,0,30,,70310,8,,,0,70,,70297,8,,,0,30,,70280,8,,,0,72,,70292,8,,,0,30,,70304,8,,,0,70,,70286,8,,,0,30,,70308,8,,,0,70,,70307,8,,,0,30,,70279,8,,,0,70,,70287,8,,,0,30,,70302,8,,,0,70,,70311,8,,,0,30,,70309,8,,,0
2029,'1912',610,,70465,7,,,0,30,,70473,7,,,0,66,,70484,7,,,0,28,,70479,7,,,0,70,,70466,7,,,0,30,,70474,7,,,0,70,,70485,7,,,0,30,,70480,7,,,0,70,,70467,7,,,0,30,,70475,7,,,0,70,,70486,7,,,0,30,,70481,7,,,0,70,,70468,7,,,0,30,,70476,7,,,0,70,,70487,7,,,0,30,,70482,7,,,0,70,,70469,7,,,0,30,,70477,7,,,0,70,,70488,7,,,0,30,,70483,7,,,0,70,,70470,7,,,0,30,,70478,7,,,0,70,,70489,7,,,0,100,,70471,7,,,0,100,,70490,7,,,0,100,,70472,7,,,0,101,,70491,7,,,0,100,,70464,7,,,0,154,,70495,7,0,5 2 13 14,0
2029,'1925',610,,70497,7,,,0,30,,70505,7,,,0,66,,70516,7,,,0,28,,70511,7,,,0,70,,70498,7,,,0,30,,70506,7,,,0,70,,70517,7,,,0,30,,70512,7,,,0,70,,70499,7,,,0,30,,70507,7,,,0,70,,70518,7,,,0,30,,70513,7,,,0,70,,70500,7,,,0,30,,70508,7,,,0,70,,70519,7,,,0,30,,70514,7,,,0,70,,70501,7,,,0,30,,70509,7,,,0,70,,70520,7,,,0,30,,70515,7,,,0,70,,70502,7,,,0,30,,70510,7,,,0,70,,70521,7,,,0,100,,70503,7,,,0,100,,70522,7,,,0,100,,70504,7,,,0,101,,70523,7,,,0,100,,70496,7,,,0,154,,70527,7,0,5 2 13 14,0
2029,'1957',537,,70528,7,,,0,70,,70529,7,,,0,26,,70530,7,,,0,68,,70531,7,,,0,30,,70532,7,,,0,70,,70533,7,,,0,30,,70534,7,,,0,72,,70535,7,,,0,31,,70536,7,,,0,71,,70559,7,,,0,30,,70555,7,,,0,70,,70561,7,,,0,30,,70557,7,,,0,70,,70558,7,,,0,30,,70554,7,,,0,70,,70560,7,,,0,30,,70556,7,,,0,70,,70562,7,,,0,31,,70537,7,,,0,74,,70538,7,,,0,30,,70539,7,,,0,70,,70540,7,,,0,30,,70541,7,,,0,70,,70542,7,,,0,28,,70543,7,,,0,67,,70544,7,,,0,30,,70548,7,,,0,70,,70549,7,,,0,100,,70550,7,,,0,97,,70551,7,,,0,100,,70547,7,,,0,157,,70553,7,0,5 2 13 14,0
2029,'1958',540,,70594,7,,,0,70,,70577,7,,,0,30,,70584,7,,,0,64,,70563,7,,,0,30,,70569,7,,,0,70,,70578,7,,,0,30,,70585,7,,,0,70,,70564,7,,,0,30,,70570,7,,,0,70,,70579,7,,,0,30,,70586,7,,,0,70,,70565,7,,,0,30,,70571,7,,,0,70,,70580,7,,,0,30,,70587,7,,,0,70,,70566,7,,,0,30,,70572,7,,,0,70,,70581,7,,,0,30,,70588,7,,,0,70,,70567,7,,,0,30,,70573,7,,,0,70,,70582,7,,,0,30,,70589,7,,,0,70,,70568,7,,,0,30,,70574,7,,,0,70,,70583,7,,,0,30,,70590,7,,,0,70,,70575,7,,,0,100,,70591,7,,,0,100,,70576,7,,,0,100,,70592,7,,,0,154,,70595,7,0,5 2 13 14,0
2029,'1959',610,,70598,7,,,0,30,,70606,7,,,0,66,,70617,7,,,0,28,,70612,7,,,0,70,,70599,7,,,0,30,,70607,7,,,0,70,,70618,7,,,0,30,,70613,7,,,0,70,,70600,7,,,0,30,,70608,7,,,0,70,,70619,7,,,0,30,,70614,7,,,0,70,,70601,7,,,0,30,,70609,7,,,0,70,,70620,7,,,0,30,,70615,7,,,0,70,,70602,7,,,0,30,,70610,7,,,0,70,,70621,7,,,0,30,,70616,7,,,0,70,,70603,7,,,0,30,,70611,7,,,0,70,,70622,7,,,0,100,,70604,7,,,0,100,,70623,7,,,0,100,,70605,7,,,0,101,,70624,7,,,0,100,,70597,7,,,0,154,,70628,7,0,5 2 13 14,0
