15019,'1909',649,,61509,31,,,0,874,,61526,31,,,0,298,,61532,31,,,0
15019,'1910',923,,61542,31,,,0,302,,61545,31,,,0,203,,61547,31,,,0,100,,61548,31,,,0,100,,61549,31,,,0,100,,67300,31,,,0,98,,61551,31,,,0
15019,'1912',723,,61566,31,,,0,100,,61564,31,,,0,100,,61567,31,,,0,101,,61565,31,,,0,100,,61562,31,,,0,100,,61560,31,,,0,102,,61563,31,,,0,100,,61561,31,,,0,100,,61558,31,,,0,100,,61559,31,,,0,100,,61556,31,,,0,100,,61557,31,,,0,100,,61555,31,,,0,97,,71673,31,,,0
15019,'1924',723,,61580,31,,,0,100,,61578,31,,,0,100,,61581,31,,,0,101,,61579,31,,,0,100,,61576,31,,,0,100,,61574,31,,,0,102,,61577,31,,,0,100,,61575,31,,,0,100,,61572,31,,,0,100,,61573,31,,,0,100,,61570,31,,,0,100,,61571,31,,,0,100,,61569,31,,,0
15019,'1925',723,,61594,31,,,0,100,,61592,31,,,0,100,,61595,31,,,0,101,,61593,31,,,0,100,,61590,31,,,0,100,,61588,31,,,0,102,,61591,31,,,0,100,,61589,31,,,0,100,,61586,31,,,0,100,,61587,31,,,0,100,,61584,31,,,0,100,,61585,31,,,0,100,,61583,31,,,0,97,,71674,31,,,0
15019,'1949',752,,67326,31,,,0,1497,,67335,31,0,5 2 6 7,0
15019,'1955',723,,67295,31,,,0,100,,67296,31,,,0,202,,67297,31,,,0,100,,67298,31,,,0,203,,67299,31,,,0,598,,67301,31,,,0,97,,67302,31,,,0
15019,'1956',2023,,67305,31,,,0
15019,'1957',719,,71675,31,,,0,103,,71676,31,,,0,29,,71677,31,,,0,70,,71678,31,,,0,30,,71679,31,,,0,70,,71680,31,,,0,30,,71681,31,,,0,70,,71682,31,,,0,30,,71683,31,,,0,70,,71684,31,,,0,30,,71685,31,,,0,70,,71686,31,,,0,30,,71687,31,,,0,70,,71688,31,,,0,32,,71689,31,,,0,100,,71690,31,,,0,70,,71691,31,,,0,29,,71692,31,,,0,70,,71693,31,,,0,29,,71694,31,,,0,100,,71695,31,,,0,70,,71699,31,,,0,30,,71696,31,,,0,98,,71697,31,,,0,100,,71698,31,,,0
15019,'1958',723,,71700,31,,,0,100,,71701,31,,,0,202,,71702,31,,,0,100,,71703,31,,,0,203,,71704,31,,,0,598,,71705,31,,,0,97,,71706,31,,,0
15019,'1959',2023,,71708,31,,,0
