10019,'1909',901,,60946,2,,,0,1000,,60966,2,,,0,100,,60968,2,,,0,100,,60970,2,,,0,100,,60971,2,,,0
10019,'1910',1831,,66746,2,,,0,70,,60997,2,,,0,100,,66747,2,,,0,100,,60999,2,,,0
10019,'1912',731,,61000,2,,,0,70,,66748,2,,,0,30,,61002,2,,,0,70,,66749,2,,,0,30,,61004,2,,,0,70,,71282,2,,,0,30,,71283,2,,,0,70,,71284,2,,,0,30,,71285,2,,,0,70,,71286,2,,,0,30,,71287,2,,,0,70,,71288,2,,,0,30,,71289,2,,,0,70,,71290,2,,,0,30,,71291,2,,,0,70,,71292,2,,,0,30,,71293,2,,,0,70,,71294,2,,,0,30,,66763,2,,,0,70,,71295,2,,,0,30,,71296,2,,,0,70,,71297,2,,,0,30,,66767,2,,,0,70,,71298,2,,,0
10019,'1924',731,,61024,2,,,0,70,,66769,2,,,0,30,,61026,2,,,0,70,,66770,2,,,0,30,,61028,2,,,0,700,,66784,2,,,0,200,,66788,2,,,0
10019,'1925',731,,61048,2,,,0,70,,66790,2,,,0,30,,61050,2,,,0,70,,66791,2,,,0,30,,61052,2,,,0,70,,71299,2,,,0,30,,71300,2,,,0,70,,71301,2,,,0,30,,71302,2,,,0,70,,71303,2,,,0,30,,71304,2,,,0,70,,71305,2,,,0,30,,71306,2,,,0,70,,71307,2,,,0,30,,71308,2,,,0,70,,71309,2,,,0,30,,71310,2,,,0,70,,71311,2,,,0,30,,66805,2,,,0,70,,71312,2,,,0,30,,71313,2,,,0,70,,71314,2,,,0,30,,66809,2,,,0,70,,71315,2,,,0
10019,'1949',1331,,66831,2,,,0
10019,'1955',631,,60972,2,,,0,70,,66724,2,,,0,30,,66725,2,,,0,70,,66726,2,,,0,30,,60976,2,,,0,70,,66727,2,,,0,30,,66728,2,,,0,70,,66729,2,,,0,30,,66730,2,,,0,70,,66731,2,,,0,30,,66732,2,,,0,70,,66733,2,,,0,30,,66734,2,,,0,70,,66735,2,,,0,30,,66736,2,,,0,70,,66737,2,,,0,30,,66738,2,,,0,70,,66739,2,,,0,30,,66740,2,,,0,70,,66741,2,,,0,30,,66742,2,,,0,70,,66743,2,,,0,30,,66744,2,,,0,70,,66745,2,,,0
10019,'1956',1001,,66771,2,,,0,30,,66772,2,,,0,70,,66773,2,,,0,30,,66774,2,,,0,70,,66775,2,,,0,30,,66776,2,,,0,70,,66777,2,,,0,30,,66778,2,,,0,70,,66779,2,,,0,30,,66780,2,,,0,70,,66781,2,,,0,30,,66782,2,,,0,70,,66783,2,,,0,100,,66785,2,,,0,30,,66786,2,,,0,70,,66787,2,,,0,100,,66789,2,,,0
10019,'1957',531,,71316,2,,,0,70,,71317,2,,,0,30,,71318,2,,,0,70,,71319,2,,,0,30,,71320,2,,,0,70,,71321,2,,,0,30,,71322,2,,,0,100,,71323,2,,,0,70,,71324,2,,,0,30,,71325,2,,,0,70,,71326,2,,,0,30,,71327,2,,,0,70,,71328,2,,,0,30,,71329,2,,,0,70,,71330,2,,,0,100,,71331,2,,,0,31,,71332,2,,,0,70,,71333,2,,,0,30,,71334,2,,,0,70,,71335,2,,,0,30,,71336,2,,,0,70,,71337,2,,,0,29,,71338,2,,,0,70,,71339,2,,,0,30,,71340,2,,,0,100,,71341,2,,,0,100,,71342,2,,,0
10019,'1958',631,,71343,2,,,0,70,,71344,2,,,0,30,,71345,2,,,0,70,,71346,2,,,0,30,,71347,2,,,0,70,,71348,2,,,0,30,,71349,2,,,0,70,,71350,2,,,0,30,,71351,2,,,0,70,,71352,2,,,0,30,,71353,2,,,0,70,,71354,2,,,0,30,,71355,2,,,0,70,,71356,2,,,0,30,,71357,2,,,0,70,,71358,2,,,0,30,,71359,2,,,0,70,,71360,2,,,0,30,,71361,2,,,0,70,,71362,2,,,0,30,,71363,2,,,0,70,,71364,2,,,0,30,,71365,2,,,0,70,,71366,2,,,0
10019,'1959',1001,,71367,2,,,0,30,,71368,2,,,0,70,,71369,2,,,0,30,,71370,2,,,0,70,,71371,2,,,0,30,,71372,2,,,0,70,,71373,2,,,0,30,,71374,2,,,0,70,,71375,2,,,0,30,,71376,2,,,0,70,,71377,2,,,0,30,,71378,2,,,0,70,,71379,2,,,0,100,,71380,2,,,0,30,,71381,2,,,0,70,,71382,2,,,0,100,,71383,2,,,0
11029,'1909',807,,61170,2,,,0
11029,'1910',707,,67037,2,,,0,1000,,67033,2,,,0,100,,67034,2,,,0,100,,67035,2,,,0
11029,'1912',806,,67039,2,,,0,100,,67040,2,,,0,101,,67041,2,,,0,100,,67042,2,,,0,100,,67043,2,,,0,100,,67044,2,,,0,100,,67045,2,,,0,100,,67046,2,,,0,100,,67047,2,,,0,100,,67048,2,,,0,100,,67049,2,,,0,100,,67050,2,,,0,100,,61211,2,,,0
11029,'1924',806,,67051,2,,,0,100,,67052,2,,,0,101,,67053,2,,,0,100,,67054,2,,,0,100,,67055,2,,,0,100,,67056,2,,,0,100,,67057,2,,,0,100,,67058,2,,,0,100,,67059,2,,,0,100,,67060,2,,,0,100,,67061,2,,,0,100,,67062,2,,,0,100,,61224,2,,,0
11029,'1925',806,,67063,2,,,0,100,,67064,2,,,0,101,,67065,2,,,0,100,,67066,2,,,0,100,,67067,2,,,0,100,,67068,2,,,0,100,,67069,2,,,0,100,,67070,2,,,0,100,,67071,2,,,0,100,,67072,2,,,0,100,,67073,2,,,0,100,,67074,2,,,0,100,,61237,2,,,0
11029,'1949',1707,,67097,2,,,0
11029,'1955',807,,67024,2,,,0,100,,67025,2,,,0,100,,67026,2,,,0,100,,67027,2,,,0,100,,67028,2,,,0,100,,67029,2,,,0,100,,67030,2,,,0,100,,67031,2,,,0,100,,67032,2,,,0,400,,67036,2,,,0
11029,'1957',707,,71512,2,,,0,200,,71513,2,,,0,100,,71514,2,,,0,100,,71515,2,,,0,100,,71516,2,,,0,100,,71517,2,,,0,100,,71518,2,,,0,100,,71519,2,,,0,100,,71520,2,,,0,200,,71521,2,,,0,100,,71522,2,,,0,100,,71523,2,,,0,100,,71511,2,,,0
11029,'1958',807,,71524,2,,,0,100,,71525,2,,,0,100,,71526,2,,,0,100,,71527,2,,,0,100,,71528,2,,,0,100,,71529,2,,,0,100,,71530,2,,,0,100,,71531,2,,,0,100,,71532,2,,,0,400,,71533,2,,,0
13019,'1909',2131,,61318,2,,,0
13019,'1910',1256,,67129,2,,,0
13019,'1912',756,,71572,2,,,0,100,,61342,2,,,0,100,,71562,2,,,0,100,,71563,2,,,0,100,,71564,2,,,0,100,,67142,2,,,0,100,,67143,2,,,0,100,,71565,2,,,0,100,,71566,2,,,0,100,,71567,2,,,0,100,,71568,2,,,0,100,,71569,2,,,0,100,,71570,2,,,0,100,,71571,2,,,0,100,,61341,2,,,0
13019,'1924',856,,61357,2,,,0,400,,67155,2,,,0,100,,67156,2,,,0,800,,61356,2,,,0
13019,'1925',756,,71583,2,,,0,100,,61372,2,,,0,100,,71573,2,,,0,100,,71574,2,,,0,100,,71575,2,,,0,100,,67168,2,,,0,100,,67169,2,,,0,100,,71576,2,,,0,100,,71577,2,,,0,100,,71578,2,,,0,100,,71579,2,,,0,100,,71580,2,,,0,100,,71581,2,,,0,100,,71582,2,,,0,100,,61371,2,,,0
13019,'1949',1703,,67203,2,,,0,230,,67206,2,,,0
13019,'1955',656,,67123,2,,,0,100,,67124,2,,,0,100,,67125,2,,,0,100,,67126,2,,,0,100,,67127,2,,,0,100,,67128,2,,,0,200,,67130,2,,,0,100,,67131,2,,,0,100,,67132,2,,,0,100,,67133,2,,,0,100,,67134,2,,,0,100,,67135,2,,,0,100,,67136,2,,,0,100,,67137,2,,,0,200,,67138,2,,,0
13019,'1956',756,,67164,2,,,0,200,,67152,2,,,0,100,,67153,2,,,0,100,,67154,2,,,0,300,,67157,2,,,0,100,,67158,2,,,0,100,,67159,2,,,0,100,,67160,2,,,0,100,,67161,2,,,0,100,,67162,2,,,0,100,,67163,2,,,0
13019,'1957',608,,71584,2,,,0,30,,71585,2,,,0,68,,71586,2,,,0,30,,71587,2,,,0,96,,71588,2,,,0,99,,71589,2,,,0,100,,71590,2,,,0,100,,71591,2,,,0,100,,71592,2,,,0,100,,71593,2,,,0,70,,71594,2,,,0,32,,71595,2,,,0,70,,71596,2,,,0,30,,71603,2,,,0,70,,71597,2,,,0,30,,71600,2,,,0,100,,71601,2,,,0,100,,71602,2,,,0,200,,71599,2,,,0,198,,71598,2,,,0
13019,'1958',656,,71604,2,,,0,100,,71605,2,,,0,100,,71606,2,,,0,100,,71607,2,,,0,100,,71608,2,,,0,100,,71609,2,,,0,200,,71610,2,,,0,100,,71611,2,,,0,100,,71612,2,,,0,100,,71613,2,,,0,100,,71614,2,,,0,100,,71615,2,,,0,100,,71616,2,,,0,100,,71617,2,,,0,200,,71618,2,,,0
13019,'1959',756,,71629,2,,,0,200,,71619,2,,,0,100,,71620,2,,,0,100,,71621,2,,,0,300,,71622,2,,,0,100,,71623,2,,,0,100,,71624,2,,,0,100,,71625,2,,,0,100,,71626,2,,,0,100,,71627,2,,,0,100,,71628,2,,,0
