4019,'1838',1943,,44017,17,4,,0,100,,44015,17,4,,0,100,,44016,17,4,,0
4019,'1867',1943,,44086,17,4,,0,100,,44084,17,4,,0,100,,44085,17,4,,0
4019,'1898',1943,,48854,17,4,,0,70,,48852,17,4,,0,30,,48860,17,4,,0,70,,48845,17,4,,0,30,,48855,17,4,,0,100,,48857,17,4,,0
4029,'1838',715,,35575,1,,,0,30,,44174,1,,,0,70,,35573,1,,,0,30,,44173,1,,,0,69,,44172,1,,,0,30,,35566,1,,,0,68,,44168,1,,,0,30,,44160,1,,,0,70,,44163,1,,,0,30,,35562,1,,,0,68,,44166,1,,,0,30,,35567,1,,,0,70,,44161,1,,,0,30,,35558,1,,,0,70,,44164,1,,,0,30,,35564,1,,,0,70,,44167,1,,,0,30,,35556,1,,,0,70,,44162,1,,,0,30,,35560,1,,,0,70,,44165,1,,,0,30,,44177,1,,,0,70,,44176,1,,,0,35,,44178,1,,,0,70,,42224,1,,,0,30,,44171,1,,,0,70,,44175,1,,,0,30,,44169,1,,,0,100,,44170,1,,,0
4029,'1867',715,,35692,1,,,0,30,,44241,1,,,0,70,,35690,1,,,0,30,,44240,1,,,0,69,,44239,1,,,0,30,,35683,1,,,0,68,,44235,1,,,0,30,,44227,1,,,0,70,,44230,1,,,0,30,,35679,1,,,0,68,,44233,1,,,0,30,,35684,1,,,0,70,,44228,1,,,0,30,,35675,1,,,0,70,,44231,1,,,0,30,,35681,1,,,0,70,,44234,1,,,0,30,,35673,1,,,0,70,,44229,1,,,0,30,,35677,1,,,0,70,,44232,1,,,0,30,,44244,1,,,0,70,,44243,1,,,0,35,,44245,1,,,0,70,,42234,1,,,0,30,,44238,1,,,0,70,,44242,1,,,0,30,,44236,1,,,0,100,,44237,1,,,0
4029,'1892',615,,44179,1,,,0,30,,44180,1,,,0,70,,35609,1,,,0,24,,35610,1,,,0,100,,35612,1,,,0,71,,44182,1,,,0,100,,44183,1,,,0,30,,42227,1,,,0,70,,44184,1,,,0,100,,44186,1,,,0,100,,42228,1,,,0,30,,44188,1,,,0,70,,44189,1,,,0,35,,44190,1,,,0,65,,44191,1,,,0,36,,42230,1,,,0,64,,44192,1,,,0,36,,44193,1,,,0,64,,44194,1,,,0,36,,44195,1,,,0,68,,44196,1,,,0,29,,44197,1,,,0,70,,35633,1,,,0,30,,35634,1,,,0,72,,35635,1,,,0,30,,35636,1,,,0,70,,44198,1,,,0,30,,35638,1,,,0
4029,'1896',815,,48871,1,,,0,125,,48872,1,,,0,200,,48873,1,,,0,100,,48874,1,,,0
4029,'1897',615,,48875,1,,,0,30,,48876,1,,,0,70,,48877,1,,,0,24,,48878,1,,,0,76,,48879,1,,,0,24,,48880,1,,,0,71,,48881,1,,,0,30,,48882,1,,,0,70,,48883,1,,,0,30,,48884,1,,,0,70,,48885,1,,,0,30,,48886,1,,,0,70,,48887,1,,,0,30,,48888,1,,,0,70,,48889,1,,,0,30,,48890,1,,,0,70,,48891,1,,,0,35,,48892,1,,,0,65,,48893,1,,,0,36,,48894,1,,,0,64,,48895,1,,,0,36,,48896,1,,,0,64,,48897,1,,,0,36,,48898,1,,,0,68,,48899,1,,,0,29,,48900,1,,,0,70,,48901,1,,,0,30,,48902,1,,,0,72,,48903,1,,,0,30,,48904,1,,,0,70,,48905,1,,,0,30,,48906,1,,,0
4029,'1898',617,,48931,1,,,0,28,,48932,1,,,0,70,,48933,1,,,0,30,,48934,1,,,0,70,,48935,1,,,0,30,,48936,1,,,0,69,,48937,1,,,0,30,,48924,1,,,0,70,,48918,1,,,0,28,,48911,1,,,0,70,,48922,1,,,0,28,,48928,1,,,0,70,,48923,1,,,0,30,,48910,1,,,0,70,,48915,1,,,0,30,,48926,1,,,0,70,,48909,1,,,0,30,,48925,1,,,0,70,,48920,1,,,0,30,,48912,1,,,0,70,,48907,1,,,0,30,,48927,1,,,0,70,,48930,1,,,0,30,,48921,1,,,0,70,,48916,1,,,0,30,,48938,1,,,0,75,,48913,1,,,0,30,,48908,1,,,0,70,,48914,1,,,0,30,,48919,1,,,0,70,,48929,1,,,0,30,,48917,1,,,0
501019,'1838',603,,45632,1,,,0,30,,45645,1,,,0,67,,45631,1,,,0,30,,45644,1,,,0,70,,45634,1,,,0,30,,45646,1,,,0,70,,38590,1,,,0,30,,45643,1,,,0,70,,45624,1,,,0,30,,45635,1,,,0,70,,45623,1,,,0,30,,45636,1,,,0,70,,45626,1,,,0,30,,45637,1,,,0,70,,45622,1,,,0,30,,45642,1,,,0,70,,45621,1,,,0,30,,45641,1,,,0,70,,45620,1,,,0,30,,45638,1,,,0,70,,45619,1,,,0,30,,45640,1,,,0,70,,45625,1,,,0,30,,45639,1,,,0,70,,45633,1,,,0,30,,45647,1,,,0,70,,45630,1,,,0,30,,38606,1,,,0,70,,45629,1,,,0,30,,45618,1,,,0,70,,43518,1,,,0,30,,45648,1,,,0,70,,45628,1,,,0,30,,45649,1,,,0,70,,45627,1,,,0
501019,'1867',603,,45736,1,,,0,30,,45749,1,,,0,67,,45735,1,,,0,30,,45748,1,,,0,70,,45738,1,,,0,30,,45750,1,,,0,70,,38742,1,,,0,30,,45747,1,,,0,70,,45728,1,,,0,30,,45739,1,,,0,70,,45727,1,,,0,30,,45740,1,,,0,70,,45730,1,,,0,30,,45741,1,,,0,70,,45726,1,,,0,30,,45746,1,,,0,70,,45725,1,,,0,30,,45745,1,,,0,70,,45724,1,,,0,30,,45742,1,,,0,70,,45723,1,,,0,30,,45744,1,,,0,70,,45729,1,,,0,30,,45743,1,,,0,70,,45737,1,,,0,30,,45751,1,,,0,70,,45734,1,,,0,30,,38758,1,,,0,70,,45733,1,,,0,30,,45722,1,,,0,70,,43534,1,,,0,30,,45752,1,,,0,70,,45732,1,,,0,30,,45753,1,,,0,70,,45731,1,,,0
501019,'1892',600,,45651,1,,,0,30,,45652,1,,,0,73,,45653,1,,,0,24,,45654,1,,,0,24,,45655,1,,,0,52,,45656,1,,,0,24,,45657,1,,,0,22,,45658,1,,,0,51,,45659,1,,,0,30,,45660,1,,,0,70,,45661,1,,,0,200,,43527,1,,,0,30,,45664,1,,,0,70,,45665,1,,,0,30,,45666,1,,,0,70,,43528,1,,,0,26,,43529,1,,,0,12,,45667,1,,,0,62,,45668,1,,,0,24,,45669,1,,,0,12,,45670,1,,,0,64,,45671,1,,,0,24,,45672,1,,,0,12,,45673,1,,,0,64,,43530,1,,,0,24,,45674,1,,,0,12,,45675,1,,,0,94,,45677,1,,,0,100,,45679,1,,,0,70,,45680,1,,,0,30,,45681,1,,,0,70,,45682,1,,,0,30,,45683,1,,,0,70,,45684,1,,,0,30,,45685,1,,,0,70,,45686,1,,,0
501019,'1896',1030,,50269,1,,,0,70,,50270,1,,,0,30,,50271,1,,,0,672,,50272,1,,,0,98,,50273,1,,,0
501019,'1897',600,,50275,1,,,0,30,,50276,1,,,0,73,,50277,1,,,0,24,,50278,1,,,0,24,,50279,1,,,0,52,,50280,1,,,0,24,,50281,1,,,0,22,,50282,1,,,0,51,,50283,1,,,0,30,,50284,1,,,0,70,,50285,1,,,0,30,,50286,1,,,0,70,,50287,1,,,0,30,,50288,1,,,0,70,,50289,1,,,0,30,,50290,1,,,0,70,,50291,1,,,0,30,,50292,1,,,0,70,,50293,1,,,0,26,,50294,1,,,0,12,,50295,1,,,0,62,,50296,1,,,0,24,,50297,1,,,0,12,,50298,1,,,0,64,,50299,1,,,0,24,,50300,1,,,0,12,,50301,1,,,0,64,,50302,1,,,0,24,,50303,1,,,0,12,,50304,1,,,0,66,,50305,1,,,0,28,,50306,1,,,0,70,,50307,1,,,0,30,,50308,1,,,0,70,,50309,1,,,0,30,,50310,1,,,0,70,,50311,1,,,0,30,,50312,1,,,0,70,,50313,1,,,0,30,,50314,1,,,0,70,,50315,1,,,0
501019,'1898',603,,50325,1,,,0,30,,50328,1,,,0,67,,50324,1,,,0,30,,50327,1,,,0,70,,50323,1,,,0,30,,50329,1,,,0,70,,50322,1,,,0,30,,50326,1,,,0,70,,50335,1,,,0,30,,50345,1,,,0,70,,50336,1,,,0,30,,50346,1,,,0,70,,50337,1,,,0,30,,50347,1,,,0,70,,50338,1,,,0,30,,50348,1,,,0,70,,50339,1,,,0,30,,50349,1,,,0,70,,50340,1,,,0,30,,50350,1,,,0,70,,50341,1,,,0,30,,50343,1,,,0,70,,50342,1,,,0,30,,50344,1,,,0,70,,50321,1,,,0,30,,50334,1,,,0,70,,50320,1,,,0,30,,50332,1,,,0,70,,50319,1,,,0,30,,50333,1,,,0,70,,50318,1,,,0,30,,50330,1,,,0,70,,50317,1,,,0,30,,50331,1,,,0,70,,50316,1,,,0
501029,'1838',602,,45858,4,4,,0,30,,45885,4,4,,0,22,,45874,16,4,,0,70,,45884,16,4,,0,30,,45873,16,4,,0,70,,45883,16,4,,0,30,,45872,16,4,,0,70,,45886,16,4,,0,31,,38794,16,4,,0,75,,45882,16,4,,0,15,,38822,16,4,,0,55,,45865,16,4,,0,15,,45898,16,4,,0,15,,45875,16,4,,0,15,,45899,16,4,,0,55,,45866,16,4,,0,15,,45893,16,4,,0,15,,45876,16,4,,0,15,,38818,16,4,,0,55,,45860,16,4,,0,15,,45896,16,4,,0,15,,45881,16,4,,0,15,,38824,16,4,,0,55,,45861,16,4,,0,15,,45900,16,4,,0,15,,45880,16,4,,0,15,,38814,16,4,,0,55,,45863,16,4,,0,15,,45894,16,4,,0,15,,45878,16,4,,0,16,,38820,16,4,,0,55,,45859,16,4,,0,15,,45897,16,4,,0,15,,45877,16,4,,0,15,,38827,16,4,,0,55,,45864,16,4,,0,15,,45892,16,4,,0,14,,45879,16,4,,0,15,,38816,16,4,,0,55,,45862,16,4,,0,15,,45895,16,4,,0,15,,45888,16,4,,0,70,,45871,16,4,,0,29,,45891,16,4,,0,15,,38823,16,4,,0,10,,45870,16,4,,0,69,,38808,16,4,,0,30,,45869,16,4,,0,70,,45889,16,4,,0,30,,43559,16,4,,0,70,,45890,16,4,,0,30,,45868,16,4,,0,70,,45887,16,4,,0,25,,45867,16,4,,0
501029,'1867',602,,46017,4,4,,0,30,,46044,4,4,,0,22,,46033,16,4,,0,70,,46043,16,4,,0,30,,46032,16,4,,0,70,,46042,16,4,,0,30,,46031,16,4,,0,70,,46045,16,4,,0,31,,39042,16,4,,0,75,,46041,16,4,,0,15,,39070,16,4,,0,55,,46024,16,4,,0,15,,46057,16,4,,0,15,,46034,16,4,,0,15,,46058,16,4,,0,55,,46025,16,4,,0,15,,46052,16,4,,0,15,,46035,16,4,,0,15,,39066,16,4,,0,55,,46019,16,4,,0,15,,46055,16,4,,0,15,,46040,16,4,,0,15,,39072,16,4,,0,55,,46020,16,4,,0,15,,46059,16,4,,0,15,,46039,16,4,,0,15,,39062,16,4,,0,55,,46022,16,4,,0,15,,46053,16,4,,0,15,,46037,16,4,,0,16,,39068,16,4,,0,55,,46018,16,4,,0,15,,46056,16,4,,0,15,,46036,16,4,,0,15,,39075,16,4,,0,55,,46023,16,4,,0,15,,46051,16,4,,0,14,,46038,16,4,,0,15,,39064,16,4,,0,55,,46021,16,4,,0,15,,46054,16,4,,0,15,,46047,16,4,,0,70,,46030,16,4,,0,29,,46050,16,4,,0,15,,39071,16,4,,0,10,,46029,16,4,,0,69,,39056,16,4,,0,30,,46028,16,4,,0,70,,46048,16,4,,0,30,,43583,16,4,,0,70,,46049,16,4,,0,30,,46027,16,4,,0,70,,46046,16,4,,0,25,,46026,16,4,,0
501029,'1892',558,,45902,16,4,,0,99,,45903,16,4,,0,50,,43581,16,4,,0,10,,45904,16,4,,0,10,,45905,16,4,,0,20,,45906,16,4,,0,55,,45907,16,4,,0,17,,38900,16,4,,0,12,,45908,16,4,,0,13,,38902,16,4,,0,10,,45909,16,4,,0,51,,45910,16,4,,0,25,,45912,16,4,,0,15,,38907,16,4,,0,55,,45913,16,4,,0,15,,45914,16,4,,0,15,,45915,16,4,,0,70,,45916,16,4,,0,16,,45917,16,4,,0,31,,43571,16,4,,0,70,,45919,16,4,,0,85,,43572,16,4,,0,15,,45922,16,4,,0,15,,45923,16,4,,0,26,,43582,4,4,,0,44,,45925,16,4,,0,16,,43573,16,4,,0,16,,45926,16,4,,0,16,,45927,16,4,,0,8,,45958,4,4,,0,48,,43569,16,4,,0,15,,45901,16,4,,0,12,,43574,16,4,,0,6,,45956,16,4,,0,6,,45928,16,4,,0,12,,45929,16,4,,0,52,,45930,16,4,,0,12,,45931,16,4,,0,12,,45932,16,4,,0,6,,45957,16,4,,0,6,,45933,16,4,,0,12,,43576,16,4,,0,51,,45934,16,4,,0,11,,45935,16,4,,0,12,,45936,16,4,,0,10,,45937,16,4,,0,11,,45938,16,4,,0,51,,43578,16,4,,0,12,,45939,16,4,,0,12,,45940,16,4,,0,12,,45941,16,4,,0,12,,45942,16,4,,0,64,,45944,16,4,,0,15,,45945,16,4,,0,15,,45946,16,4,,0,85,,45948,16,4,,0,70,,45949,16,4,,0,28,,45950,16,4,,0,25,,45951,16,4,,0,70,,45952,16,4,,0,30,,45953,16,4,,0,70,,45954,16,4,,0,26,,45955,16,4,,0
501029,'1896',849,,50360,16,4,,0,70,,50351,16,4,,0,126,,50352,16,4,,0,87,,50353,16,4,,0,70,,50354,16,4,,0,30,,50355,16,4,,0,15,,50356,16,4,,0,100,,50357,16,4,,0,556,,50358,16,4,,0,97,,50359,16,4,,0
501029,'1897',558,,50363,16,4,,0,99,,50364,16,4,,0,50,,50430,16,4,,0,10,,50365,16,4,,0,10,,50366,16,4,,0,20,,50367,16,4,,0,55,,50368,16,4,,0,17,,50369,16,4,,0,12,,50370,16,4,,0,13,,50371,16,4,,0,5,,50429,16,4,,0,5,,50372,16,4,,0,51,,50373,16,4,,0,14,,50374,16,4,,0,11,,50375,16,4,,0,15,,50376,16,4,,0,55,,50377,16,4,,0,15,,50378,16,4,,0,15,,50379,16,4,,0,15,,50380,16,4,,0,55,,50381,16,4,,0,16,,50382,16,4,,0,16,,50383,16,4,,0,15,,50384,16,4,,0,55,,50385,16,4,,0,15,,50386,16,4,,0,15,,50387,16,4,,0,15,,50388,16,4,,0,55,,50389,16,4,,0,15,,50390,16,4,,0,15,,50391,16,4,,0,15,,50392,16,4,,0,11,,50432,4,4,,0,44,,50393,16,4,,0,16,,50394,16,4,,0,16,,50395,16,4,,0,16,,50396,16,4,,0,8,,50433,4,4,,0,48,,50361,16,4,,0,15,,50362,16,4,,0,12,,50397,16,4,,0,6,,50428,16,4,,0,6,,50398,16,4,,0,12,,50399,16,4,,0,52,,50400,16,4,,0,12,,50401,16,4,,0,12,,50402,16,4,,0,6,,50431,16,4,,0,6,,50403,16,4,,0,12,,50404,16,4,,0,51,,50405,16,4,,0,11,,50406,16,4,,0,12,,50407,16,4,,0,10,,50408,16,4,,0,11,,50409,16,4,,0,51,,50410,16,4,,0,12,,50411,16,4,,0,12,,50412,16,4,,0,12,,50413,16,4,,0,12,,50414,16,4,,0,52,,50415,16,4,,0,12,,50416,16,4,,0,15,,50417,16,4,,0,15,,50418,16,4,,0,55,,50419,16,4,,0,30,,50420,16,4,,0,70,,50421,16,4,,0,28,,50422,16,4,,0,25,,50423,16,4,,0,70,,50424,16,4,,0,30,,50425,16,4,,0,70,,50426,16,4,,0,26,,50427,16,4,,0
501029,'1898',602,,50445,4,4,,0,30,,50451,4,4,,0,22,,50444,16,4,,0,75,,50449,16,4,,0,15,,50484,16,4,,0,15,,50443,16,4,,0,70,,50450,16,4,,0,30,,50442,16,4,,0,70,,50448,16,4,,0,71,,50441,16,4,,0,15,,50434,16,4,,0,15,,50447,16,4,,0,15,,50446,16,4,,0,55,,50459,16,4,,0,15,,50468,16,4,,0,15,,50485,16,4,,0,15,,50477,16,4,,0,55,,50460,16,4,,0,15,,50469,16,4,,0,15,,50486,16,4,,0,15,,50478,16,4,,0,55,,50461,16,4,,0,15,,50470,16,4,,0,15,,50487,16,4,,0,15,,50479,16,4,,0,55,,50462,16,4,,0,15,,50471,16,4,,0,15,,50488,16,4,,0,15,,50480,16,4,,0,55,,50463,16,4,,0,15,,50472,16,4,,0,15,,50489,16,4,,0,16,,50481,16,4,,0,55,,50464,16,4,,0,15,,50473,16,4,,0,15,,50490,16,4,,0,15,,50482,16,4,,0,55,,50465,16,4,,0,15,,50474,16,4,,0,14,,50467,16,4,,0,15,,50483,16,4,,0,55,,50466,16,4,,0,15,,50475,16,4,,0,15,,50456,16,4,,0,15,,50458,16,4,,0,55,,50440,16,4,,0,14,,50476,16,4,,0,15,,50457,16,4,,0,15,,50492,16,4,,0,15,,50439,16,4,,0,69,,50454,16,4,,0,25,,50438,16,4,,0,70,,50455,16,4,,0,30,,50437,16,4,,0,70,,50453,16,4,,0,30,,50436,16,4,,0,70,,50452,16,4,,0,25,,50435,16,4,,0
