1019,'1912',616,,73606,18,,,0,100,,73607,18,,,0,101,,73608,18,,,0,100,,73609,18,,,0,100,,73610,18,,,0,100,,73611,18,,,0,100,,73612,18,,,0,100,,73613,18,,,0,100,,73614,18,,,0,100,,73615,18,,,0,100,,73616,18,,,0,100,,73617,18,,,0,100,,73618,18,,,0,100,,73619,18,,,0,100,,73620,18,,,0,100,,73621,18,,,0,104,,73622,18,,,0,95,,73623,18,,,0
1019,'1966',547,,70266,18,,,0,70,,70255,18,,,0,30,,70241,18,,,0,70,,70260,18,,,0,30,,70250,18,,,0,70,,70235,18,,,0,30,,70256,18,,,0,70,,70258,18,,,0,30,,70240,18,,,0,70,,70261,18,,,0,30,,70249,18,,,0,70,,70234,18,,,0,30,,70244,18,,,0,70,,70254,18,,,0,30,,70239,18,,,0,70,,70262,18,,,0,30,,70248,18,,,0,70,,70233,18,,,0,30,,70243,18,,,0,70,,70253,18,,,0,30,,70238,18,,,0,70,,70263,18,,,0,30,,70247,18,,,0,70,,70232,18,,,0,30,,70242,18,,,0,70,,70252,18,,,0,30,,70236,18,,,0,70,,70264,18,,,0,30,,70245,18,,,0,70,,70231,18,,,0,30,,70237,18,,,0,70,,70251,18,,,0,34,,70246,18,,,0,70,,70265,18,,,0,30,,70259,18,,,0,65,,70257,18,,,0
1019,'1968',616,,59175,18,,,0,100,,59176,18,,,0,101,,59177,18,,,0,100,,59178,18,,,0,100,,59179,18,,,0,100,,59180,18,,,0,100,,59181,18,,,0,100,,59182,18,,,0,100,,59183,18,,,0,100,,59184,18,,,0,100,,59185,18,,,0,100,,59186,18,,,0,100,,59187,18,,,0,100,,59188,18,,,0,100,,59189,18,,,0,100,,59190,18,,,0,104,,59191,18,,,0,95,,59192,18,,,0
1019,'1970',546,,73659,18,,,0,75,,73655,18,,,0,30,,73631,18,,,0,73,,73626,18,,,0,30,,73644,18,,,0,70,,73628,18,,,0,30,,73633,18,,,0,72,,73658,18,,,0,30,,73630,18,,,0,70,,73624,18,,,0,30,,73643,18,,,0,70,,73629,18,,,0,30,,73634,18,,,0,70,,73654,18,,,0,30,,73632,18,,,0,70,,73625,18,,,0,30,,73656,18,,,0,70,,73627,18,,,0,30,,73635,18,,,0,70,,73653,18,,,0,30,,73646,18,,,0,70,,73638,18,,,0,30,,73636,18,,,0,70,,73639,18,,,0,28,,73641,18,,,0,70,,73640,18,,,0,30,,73637,18,,,0,65,,73657,18,,,0,30,,73651,18,,,0,68,,73652,18,,,0,30,,73650,18,,,0,70,,73649,18,,,0,30,,73648,18,,,0,70,,73647,18,,,0,30,,73645,18,,,0,70,,73642,18,,,0
1019,'1971',547,,73695,18,,,0,70,,73684,18,,,0,30,,73670,18,,,0,70,,73689,18,,,0,30,,73679,18,,,0,70,,73664,18,,,0,30,,73685,18,,,0,70,,73687,18,,,0,30,,73669,18,,,0,70,,73690,18,,,0,30,,73678,18,,,0,70,,73663,18,,,0,30,,73673,18,,,0,70,,73683,18,,,0,30,,73668,18,,,0,70,,73691,18,,,0,30,,73677,18,,,0,70,,73662,18,,,0,30,,73672,18,,,0,70,,73682,18,,,0,30,,73667,18,,,0,70,,73692,18,,,0,30,,73676,18,,,0,70,,73661,18,,,0,30,,73671,18,,,0,70,,73681,18,,,0,30,,73665,18,,,0,70,,73693,18,,,0,30,,73674,18,,,0,70,,73660,18,,,0,30,,73666,18,,,0,70,,73680,18,,,0,34,,73675,18,,,0,70,,73694,18,,,0,30,,73688,18,,,0,65,,73686,18,,,0
1019,'1972',616,,73696,18,,,0,100,,73697,18,,,0,101,,73698,18,,,0,100,,73699,18,,,0,100,,73700,18,,,0,100,,73701,18,,,0,100,,73702,18,,,0,100,,73703,18,,,0,100,,73704,18,,,0,100,,73705,18,,,0,100,,73706,18,,,0,100,,73707,18,,,0,100,,73708,18,,,0,100,,73709,18,,,0,100,,73710,18,,,0,100,,73711,18,,,0,104,,73712,18,,,0,95,,73713,18,,,0
1019,'1973',616,,73714,18,,,0,100,,73715,18,,,0,101,,73716,18,,,0,100,,73717,18,,,0,100,,73718,18,,,0,100,,73719,18,,,0,100,,73720,18,,,0,100,,73721,18,,,0,100,,73722,18,,,0,100,,73723,18,,,0,100,,73724,18,,,0,100,,73725,18,,,0,100,,73726,18,,,0,100,,73727,18,,,0,100,,73728,18,,,0,100,,73729,18,,,0,104,,73730,18,,,0,95,,73731,18,,,0
32019,'1912',633,,74670,18,,,0,95,,74671,18,,,0,100,,74672,18,,,0,100,,74673,18,,,0,100,,74674,18,,,0,101,,74675,18,,,0,102,,74676,18,,,0,100,,74677,18,,,0,100,,74678,18,,,0,100,,74679,18,,,0,100,,74680,18,,,0,100,,74681,18,,,0,97,,74682,18,,,0,100,,74683,18,,,0,100,,74684,18,,,0,100,,74685,18,,,0,100,,74686,18,,,0,95,,74688,18,0,5 2 8 7,0
32019,'1966',632,,72143,18,,,0,25,,72160,18,,,0,70,,72137,18,,,0,30,,72154,18,,,0,70,,72161,18,,,0,31,,72149,18,,,0,70,,72142,18,,,0,30,,72159,18,,,0,70,,72136,18,,,0,30,,72153,18,,,0,70,,72164,18,,,0,31,,72148,18,,,0,70,,72141,18,,,0,71,,72158,18,,,0,30,,72135,18,,,0,70,,72152,18,,,0,30,,72163,18,,,0,70,,72147,18,,,0,30,,72140,18,,,0,70,,72157,18,,,0,30,,72134,18,,,0,70,,72151,18,,,0,30,,72165,18,,,0,70,,72146,18,,,0,30,,72139,18,,,0,28,,72155,18,,,0,70,,72133,18,,,0,100,,72162,18,,,0,99,,72138,18,,,0,100,,72132,18,,,0,100,,72166,18,0,5 2 8 7,0
32019,'1968',633,,62655,18,,,0,95,,62656,18,,,0,100,,62657,18,,,0,100,,62658,18,,,0,100,,62659,18,,,0,101,,62660,18,,,0,102,,62661,18,,,0,100,,62662,18,,,0,100,,62663,18,,,0,100,,62664,18,,,0,100,,62665,18,,,0,100,,62666,18,,,0,97,,62667,18,,,0,100,,62668,18,,,0,100,,62669,18,,,0,100,,62670,18,,,0,100,,62671,18,,,0,95,,62673,18,0,5 2 8 7,0
32019,'1970',633,,74697,18,,,0,26,,74713,18,,,0,71,,74692,18,,,0,71,,74708,18,,,0,30,,74718,18,,,0,70,,74702,18,,,0,29,,74700,18,,,0,70,,74712,18,,,0,30,,74690,18,,,0,70,,74706,18,,,0,30,,74717,18,,,0,70,,74704,18,,,0,30,,74699,18,,,0,70,,74711,18,,,0,30,,74693,18,,,0,70,,74705,18,,,0,28,,74716,18,,,0,28,,74703,18,,,0,70,,74696,18,,,0,30,,74710,18,,,0,70,,74689,18,,,0,30,,74707,18,,,0,73,,74715,18,,,0,72,,74701,18,,,0,29,,74698,18,,,0,70,,74709,18,,,0,30,,74694,18,,,0,99,,74714,18,,,0,100,,74695,18,,,0,100,,74691,18,,,0,95,,74722,18,0,5 2 8 7,0
32019,'1971',632,,74737,18,,,0,25,,74754,18,,,0,70,,74731,18,,,0,30,,74748,18,,,0,70,,74755,18,,,0,31,,74743,18,,,0,70,,74736,18,,,0,30,,74753,18,,,0,70,,74730,18,,,0,30,,74747,18,,,0,70,,74758,18,,,0,31,,74742,18,,,0,70,,74735,18,,,0,71,,74752,18,,,0,30,,74729,18,,,0,70,,74746,18,,,0,30,,74757,18,,,0,70,,74741,18,,,0,30,,74734,18,,,0,70,,74751,18,,,0,30,,74728,18,,,0,70,,74745,18,,,0,30,,74759,18,,,0,70,,74740,18,,,0,30,,74733,18,,,0,28,,74749,18,,,0,70,,74727,18,,,0,100,,74756,18,,,0,99,,74732,18,,,0,100,,74726,18,,,0,100,,74760,18,0,5 2 8 7,0
32019,'1972',633,,74763,18,,,0,95,,74764,18,,,0,100,,74765,18,,,0,100,,74766,18,,,0,100,,74767,18,,,0,101,,74768,18,,,0,102,,74769,18,,,0,100,,74770,18,,,0,100,,74771,18,,,0,100,,74772,18,,,0,100,,74773,18,,,0,100,,74774,18,,,0,97,,74775,18,,,0,100,,74776,18,,,0,100,,74777,18,,,0,100,,74778,18,,,0,100,,74779,18,,,0,95,,74781,18,0,5 2 8 7,0
32019,'1973',633,,74782,18,,,0,95,,74783,18,,,0,100,,74784,18,,,0,100,,74785,18,,,0,100,,74786,18,,,0,101,,74787,18,,,0,102,,74788,18,,,0,100,,74789,18,,,0,100,,74790,18,,,0,100,,74791,18,,,0,100,,74792,18,,,0,100,,74793,18,,,0,97,,74794,18,,,0,100,,74795,18,,,0,100,,74796,18,,,0,100,,74797,18,,,0,100,,74798,18,,,0,95,,74800,18,0,5 2 8 7,0
