15019,'1909',657,,61509,41,,,0,875,,61526,41,,,0,297,,61532,41,,,0
15019,'1910',931,,61542,41,,,0,302,,61545,41,,,0,203,,61547,41,,,0,100,,61548,41,,,0,100,,61549,41,,,0,100,,67300,41,,,0,98,,61551,41,,,0
15019,'1912',731,,61566,41,,,0,100,,61564,41,,,0,100,,61567,41,,,0,101,,61565,41,,,0,100,,61562,41,,,0,100,,61560,41,,,0,102,,61563,41,,,0,100,,61561,41,,,0,100,,61558,41,,,0,100,,61559,41,,,0,100,,61556,41,,,0,100,,61557,41,,,0,100,,61555,41,,,0,97,,71673,41,,,0
15019,'1924',731,,61580,41,,,0,100,,61578,41,,,0,100,,61581,41,,,0,101,,61579,41,,,0,100,,61576,41,,,0,100,,61574,41,,,0,102,,61577,41,,,0,100,,61575,41,,,0,100,,61572,41,,,0,100,,61573,41,,,0,100,,61570,41,,,0,100,,61571,41,,,0,100,,61569,41,,,0
15019,'1925',731,,61594,41,,,0,100,,61592,41,,,0,100,,61595,41,,,0,101,,61593,41,,,0,100,,61590,41,,,0,100,,61588,41,,,0,102,,61591,41,,,0,100,,61589,41,,,0,100,,61586,41,,,0,100,,61587,41,,,0,100,,61584,41,,,0,100,,61585,41,,,0,100,,61583,41,,,0,97,,71674,41,,,0
15019,'1949',604,,67336,7,0,5 2 6 7,0,197,,67326,41,,,0,1456,,67335,41,0,5 2 6 7,0
15019,'1955',606,,67303,7,0,5 2 6 7,0,125,,67295,41,,,0,100,,67296,41,,,0,202,,67297,41,,,0,100,,67298,41,,,0,203,,67299,41,,,0,598,,67301,41,,,0,97,,67302,41,,,0
15019,'1956',2031,,67305,41,,,0
15019,'1957',727,,71675,41,,,0,104,,71676,41,,,0,28,,71677,41,,,0,70,,71678,41,,,0,30,,71679,41,,,0,70,,71680,41,,,0,30,,71681,41,,,0,70,,71682,41,,,0,30,,71683,41,,,0,70,,71684,41,,,0,30,,71685,41,,,0,70,,71686,41,,,0,30,,71687,41,,,0,70,,71688,41,,,0,73,,71689,41,,,0,100,,71690,41,,,0,30,,71691,41,,,0,68,,71692,41,,,0,30,,71693,41,,,0,29,,71694,41,,,0,100,,71695,41,,,0,70,,71699,41,,,0,30,,71696,41,,,0,98,,71697,41,,,0,100,,71698,41,,,0
15019,'1958',606,,71707,7,0,5 2 6 7,0,125,,71700,41,,,0,100,,71701,41,,,0,202,,71702,41,,,0,100,,71703,41,,,0,203,,71704,41,,,0,598,,71705,41,,,0,97,,71706,41,,,0
15019,'1959',2031,,71708,41,,,0
