31019,'1909',640,,62422,26,,,0,100,,62407,38,,,0,70,,62420,38,,,0,30,,62403,38,,,0,169,,62395,38,,,0,30,,62408,38,,,0,70,,62419,38,,,0,130,,62413,38,,,0,70,,62394,38,,,0,30,,62409,38,,,0,171,,62398,38,,,0,103,,62396,38,,,0,98,,62417,38,,,0,394,,62402,38,,,0
31019,'1912',615,,62483,26,,,0,90,,62466,38,,,0,100,,62467,38,,,0,101,,62468,38,,,0,100,,62469,38,,,0,100,,62470,38,,,0,101,,62471,38,,,0,100,,62472,38,,,0,100,,62473,38,,,0,100,,62474,38,,,0,100,,62475,38,,,0,100,,62476,38,,,0,100,,62477,38,,,0,100,,62478,38,,,0,99,,62479,38,,,0,100,,62480,38,,,0,99,,62481,38,,,0,99,,62482,38,,,0
31019,'1924',615,,62502,26,,,0,90,,62485,38,,,0,100,,62486,38,,,0,101,,62487,38,,,0,100,,62488,38,,,0,100,,62489,38,,,0,101,,62490,38,,,0,100,,62491,38,,,0,100,,62492,38,,,0,100,,62493,38,,,0,100,,62494,38,,,0,100,,62495,38,,,0,100,,62496,38,,,0,100,,62497,38,,,0,99,,62498,38,,,0,100,,62499,38,,,0,99,,62500,38,,,0,99,,62501,38,,,0
31019,'1925',615,,62521,26,,,0,90,,62504,38,,,0,100,,62505,38,,,0,101,,62506,38,,,0,100,,62507,38,,,0,100,,62508,38,,,0,101,,62509,38,,,0,100,,62510,38,,,0,100,,62511,38,,,0,100,,62512,38,,,0,100,,62513,38,,,0,100,,62514,38,,,0,100,,62515,38,,,0,100,,62516,38,,,0,99,,62517,38,,,0,100,,62518,38,,,0,99,,62519,38,,,0,99,,62520,38,,,0
31019,'1949',614,,67774,26,,,0
31019,'1955',614,,67762,26,,,0,26,,67755,26,,,0,64,,67732,38,,,0,30,,67748,38,,,0,70,,67761,38,,,0,30,,67744,38,,,0,71,,67738,38,,,0,31,,67754,38,,,0,70,,67731,38,,,0,30,,67747,38,,,0,70,,67756,38,,,0,30,,67743,38,,,0,70,,67737,38,,,0,32,,67753,38,,,0,70,,67730,38,,,0,30,,67746,38,,,0,70,,67759,38,,,0,30,,67742,38,,,0,70,,67736,38,,,0,30,,67752,38,,,0,70,,67729,38,,,0,30,,67745,38,,,0,70,,67758,38,,,0,30,,67741,38,,,0,69,,67735,38,,,0,30,,67751,38,,,0,70,,62430,38,,,0,28,,67763,38,,,0,70,,67757,38,,,0,100,,67734,38,,,0,100,,62429,38,,,0,100,,67760,38,,,0
31019,'1957',706,,72062,38,,,0,204,,72066,38,,,0,29,,72074,38,,,0,200,,72070,38,,,0,70,,72067,38,,,0,200,,72077,38,,,0,30,,72068,38,,,0,104,,72073,38,,,0,100,,72071,38,,,0,95,,72069,38,,,0,69,,72065,38,,,0,30,,72072,38,,,0,70,,72063,38,,,0,30,,72080,38,,,0,68,,72076,38,,,0,200,,72064,38,,,0,100,,72075,38,,,0
31019,'1958',614,,72116,26,,,0,26,,72109,26,,,0,64,,72086,38,,,0,30,,72102,38,,,0,70,,72115,38,,,0,30,,72098,38,,,0,71,,72092,38,,,0,31,,72108,38,,,0,70,,72085,38,,,0,30,,72101,38,,,0,70,,72110,38,,,0,30,,72097,38,,,0,70,,72091,38,,,0,32,,72107,38,,,0,70,,72084,38,,,0,30,,72100,38,,,0,70,,72113,38,,,0,30,,72096,38,,,0,70,,72090,38,,,0,30,,72106,38,,,0,70,,72083,38,,,0,30,,72099,38,,,0,70,,72112,38,,,0,30,,72095,38,,,0,69,,72089,38,,,0,30,,72105,38,,,0,70,,72082,38,,,0,28,,72117,38,,,0,70,,72111,38,,,0,100,,72088,38,,,0,100,,72081,38,,,0,100,,72114,38,,,0
501029,'1909',536,,63073,3,,,0,96,,63074,3,,,0,105,,63078,3,,,0,87,,63139,3,,,0,98,,63086,3,,,0,794,,63118,3,,,0,36,,63121,3,,,0,76,,63124,3,,,0,179,,63130,3,,,0,30,,63131,3,,,0,292,,63137,3,,,0
501029,'1910',906,,67993,3,,,0,1031,,63149,3,,,0,94,,63148,3,,,0,100,,63147,3,,,0,70,,67998,3,,,0,30,,63146,3,,,0,70,,67997,3,,,0,27,,63145,3,,,0
501029,'1912',631,,63220,3,,,0,70,,72281,3,,,0,30,,63219,3,,,0,70,,72280,3,,,0,30,,63218,3,,,0,70,,72283,3,,,0,30,,72279,3,,,0,75,,68056,3,,,0,15,,72293,3,,,0,15,,72274,3,,,0,15,,72297,3,,,0,56,,68049,3,,,0,15,,72299,3,,,0,15,,72275,3,,,0,15,,72286,3,,,0,55,,68050,3,,,0,15,,72289,3,,,0,15,,72269,3,,,0,15,,72292,3,,,0,55,,68055,3,,,0,15,,72295,3,,,0,15,,72270,3,,,0,15,,72300,3,,,0,55,,68054,3,,,0,15,,72285,3,,,0,15,,72272,3,,,0,15,,72288,3,,,0,55,,68052,3,,,0,15,,72291,3,,,0,15,,72268,3,,,0,15,,72296,3,,,0,55,,68051,3,,,0,15,,72298,3,,,0,15,,72273,3,,,0,15,,72284,3,,,0,55,,68053,3,,,0,15,,72287,3,,,0,15,,72271,3,,,0,15,,72290,3,,,0,55,,68063,3,,,0,30,,72278,3,,,0,71,,68066,3,,,0,15,,72294,3,,,0,10,,72277,3,,,0,69,,68062,3,,,0,29,,72276,3,,,0,70,,68064,3,,,0,30,,63214,3,,,0,70,,68065,3,,,0,30,,63213,3,,,0,70,,68061,3,,,0,26,,63212,3,,,0
501029,'1924',631,,63274,3,,,0,100,,63273,3,,,0,100,,63272,3,,,0,175,,68103,3,,,0,101,,68096,3,,,0,100,,68097,3,,,0,100,,68102,3,,,0,100,,68101,3,,,0,100,,68099,3,,,0,100,,68098,3,,,0,100,,68100,3,,,0,100,,68110,3,,,0,101,,68113,3,,,0,94,,68109,3,,,0,99,,68111,3,,,0,30,,63268,3,,,0,70,,68112,3,,,0,30,,63267,3,,,0,70,,68108,3,,,0,26,,63266,3,,,0
501029,'1925',631,,63328,3,,,0,70,,72314,3,,,0,30,,63327,3,,,0,70,,72313,3,,,0,30,,63326,3,,,0,70,,72316,3,,,0,30,,72312,3,,,0,75,,68150,3,,,0,15,,72326,3,,,0,15,,72307,3,,,0,15,,72330,3,,,0,56,,68143,3,,,0,15,,72332,3,,,0,15,,72308,3,,,0,15,,72319,3,,,0,55,,68144,3,,,0,15,,72322,3,,,0,15,,72302,3,,,0,15,,72325,3,,,0,55,,68149,3,,,0,15,,72328,3,,,0,15,,72303,3,,,0,15,,72333,3,,,0,55,,68148,3,,,0,15,,72318,3,,,0,15,,72305,3,,,0,15,,72321,3,,,0,55,,68146,3,,,0,15,,72324,3,,,0,15,,72301,3,,,0,15,,72329,3,,,0,55,,68145,3,,,0,15,,72331,3,,,0,15,,72306,3,,,0,15,,72317,3,,,0,55,,68147,3,,,0,15,,72320,3,,,0,15,,72304,3,,,0,15,,72323,3,,,0,55,,68157,3,,,0,30,,72311,3,,,0,71,,68160,3,,,0,15,,72327,3,,,0,10,,72310,3,,,0,69,,68156,3,,,0,29,,72309,3,,,0,70,,68158,3,,,0,30,,63322,3,,,0,70,,68159,3,,,0,30,,63321,3,,,0,70,,68155,3,,,0,26,,63320,3,,,0
501029,'1949',1007,,68221,3,,,0,115,,68222,3,,,0,115,,68223,3,,,0,115,,68225,3,,,0,153,,68226,3,,,0,6,,68246,3,,,0,118,,68231,3,,,0,23,,68232,3,,,0,152,,68235,3,,,0,36,,68237,3,,,0,67,,68239,3,,,0,225,,68242,3,,,0,100,,68244,3,,,0
501029,'1955',631,,67989,3,,,0,75,,67994,3,,,0,15,,68029,3,,,0,15,,67988,3,,,0,70,,67995,3,,,0,30,,67987,3,,,0,100,,67986,3,,,0,15,,67984,3,,,0,55,,67992,3,,,0,15,,67991,3,,,0,16,,68004,3,,,0,15,,68013,3,,,0,55,,68030,3,,,0,15,,68022,3,,,0,15,,68005,3,,,0,15,,68014,3,,,0,56,,68031,3,,,0,15,,68023,3,,,0,15,,68006,3,,,0,15,,68015,3,,,0,55,,68032,3,,,0,15,,68024,3,,,0,15,,68007,3,,,0,15,,68016,3,,,0,55,,68033,3,,,0,15,,68025,3,,,0,15,,68008,3,,,0,15,,68017,3,,,0,55,,68034,3,,,0,15,,68026,3,,,0,15,,68009,3,,,0,15,,68018,3,,,0,55,,68035,3,,,0,15,,68027,3,,,0,15,,68010,3,,,0,15,,68019,3,,,0,55,,68012,3,,,0,15,,68028,3,,,0,15,,68011,3,,,0,15,,68020,3,,,0,55,,68001,3,,,0,15,,68003,3,,,0,15,,67985,3,,,0,15,,68021,3,,,0,54,,68002,3,,,0,15,,68036,3,,,0,84,,67999,3,,,0,95,,68000,3,,,0
501029,'1956',701,,68105,3,,,0,100,,68104,3,,,0,100,,68107,3,,,0,30,,68095,3,,,0,90,,68123,3,,,0,15,,68090,3,,,0,15,,68127,3,,,0,71,,68129,3,,,0,15,,68091,3,,,0,15,,68116,3,,,0,70,,68119,3,,,0,15,,68085,3,,,0,15,,68122,3,,,0,70,,68125,3,,,0,15,,68086,3,,,0,15,,68130,3,,,0,70,,68115,3,,,0,15,,68088,3,,,0,15,,68118,3,,,0,70,,68121,3,,,0,15,,68084,3,,,0,15,,68126,3,,,0,70,,68128,3,,,0,15,,68089,3,,,0,15,,68114,3,,,0,70,,68117,3,,,0,15,,68087,3,,,0,15,,68120,3,,,0,85,,68094,3,,,0,86,,68124,3,,,0,10,,68093,3,,,0,98,,68092,3,,,0
501029,'1957',642,,72379,3,,,0,10,,72336,3,,,0,50,,72337,3,,,0,20,,72338,3,,,0,32,,72339,3,,,0,52,,72340,3,,,0,13,,72341,3,,,0,10,,72342,3,,,0,11,,72343,3,,,0,15,,72344,3,,,0,52,,72345,3,,,0,30,,72346,3,,,0,15,,72347,3,,,0,70,,72348,3,,,0,15,,72349,3,,,0,15,,72350,3,,,0,55,,72351,3,,,0,30,,72352,3,,,0,15,,72353,3,,,0,55,,72354,3,,,0,15,,72355,3,,,0,30,,72356,3,,,0,55,,72357,3,,,0,15,,72358,3,,,0,15,,72359,3,,,0,71,,72360,3,,,0,15,,72361,3,,,0,15,,72334,3,,,0,15,,72335,3,,,0,64,,72362,3,,,0,12,,72363,3,,,0,12,,72364,3,,,0,12,,72365,3,,,0,52,,72366,3,,,0,6,,72380,3,,,0,6,,72367,3,,,0,24,,72368,3,,,0,63,,72369,3,,,0,24,,72370,3,,,0,12,,72371,3,,,0,76,,72372,3,,,0,36,,72373,3,,,0,70,,72374,3,,,0,15,,72375,3,,,0,170,,72376,3,,,0,95,,72377,3,,,0,100,,72378,3,,,0
501029,'1958',631,,72388,3,,,0,75,,72392,3,,,0,15,,72425,3,,,0,15,,72387,3,,,0,70,,72393,3,,,0,30,,72386,3,,,0,100,,72385,3,,,0,15,,72383,3,,,0,55,,72391,3,,,0,15,,72390,3,,,0,16,,72400,3,,,0,15,,72409,3,,,0,55,,72426,3,,,0,15,,72418,3,,,0,15,,72401,3,,,0,15,,72410,3,,,0,56,,72427,3,,,0,15,,72419,3,,,0,15,,72402,3,,,0,15,,72411,3,,,0,55,,72428,3,,,0,15,,72420,3,,,0,15,,72403,3,,,0,15,,72412,3,,,0,55,,72429,3,,,0,15,,72421,3,,,0,15,,72404,3,,,0,15,,72413,3,,,0,55,,72430,3,,,0,15,,72422,3,,,0,15,,72405,3,,,0,15,,72414,3,,,0,55,,72431,3,,,0,15,,72423,3,,,0,15,,72406,3,,,0,15,,72415,3,,,0,55,,72408,3,,,0,15,,72424,3,,,0,15,,72407,3,,,0,15,,72416,3,,,0,55,,72397,3,,,0,15,,72399,3,,,0,15,,72384,3,,,0,15,,72417,3,,,0,54,,72398,3,,,0,15,,72432,3,,,0,84,,72395,3,,,0,95,,72396,3,,,0
501029,'1959',701,,72446,3,,,0,100,,72445,3,,,0,100,,72448,3,,,0,30,,72444,3,,,0,90,,72458,3,,,0,15,,72439,3,,,0,15,,72462,3,,,0,71,,72464,3,,,0,15,,72440,3,,,0,15,,72451,3,,,0,70,,72454,3,,,0,15,,72434,3,,,0,15,,72457,3,,,0,70,,72460,3,,,0,15,,72435,3,,,0,15,,72465,3,,,0,70,,72450,3,,,0,15,,72437,3,,,0,15,,72453,3,,,0,70,,72456,3,,,0,15,,72433,3,,,0,15,,72461,3,,,0,70,,72463,3,,,0,15,,72438,3,,,0,15,,72449,3,,,0,70,,72452,3,,,0,15,,72436,3,,,0,15,,72455,3,,,0,85,,72443,3,,,0,86,,72459,3,,,0,10,,72442,3,,,0,98,,72441,3,,,0
