10029,'1909',943,,60789,11,,,0,999,,60809,11,,,0,95,,60811,11,,,0,100,,60813,11,,,0,100,,60814,11,,,0
10029,'1910',1909,,66855,11,,,0,28,,60815,11,,,0,100,,66856,11,,,0,100,,60842,11,,,0
10029,'1912',807,,60857,11,,,0,30,,66871,11,,,0,70,,60859,11,,,0,30,,66872,11,,,0,70,,60861,11,,,0,30,,71396,11,,,0,70,,71397,11,,,0,30,,71398,11,,,0,71,,71399,11,,,0,32,,71400,11,,,0,70,,71387,11,,,0,30,,71390,11,,,0,70,,71384,11,,,0,30,,71389,11,,,0,70,,71388,11,,,0,30,,71391,11,,,0,70,,71385,11,,,0,30,,71392,11,,,0,70,,66860,11,,,0,30,,71393,11,,,0,69,,71386,11,,,0,28,,71394,11,,,0,70,,66858,11,,,0,30,,71395,11,,,0
10029,'1924',807,,60881,11,,,0,30,,66892,11,,,0,70,,60883,11,,,0,30,,66893,11,,,0,70,,60885,11,,,0,703,,66881,11,,,0,197,,66879,11,,,0
10029,'1925',807,,60905,11,,,0,30,,66913,11,,,0,70,,60907,11,,,0,30,,66914,11,,,0,70,,60909,11,,,0,30,,71413,11,,,0,70,,71414,11,,,0,30,,71415,11,,,0,71,,71416,11,,,0,32,,71417,11,,,0,70,,71404,11,,,0,30,,71407,11,,,0,70,,71401,11,,,0,30,,71406,11,,,0,70,,71405,11,,,0,30,,71408,11,,,0,70,,71402,11,,,0,30,,71409,11,,,0,70,,66902,11,,,0,30,,71410,11,,,0,69,,71403,11,,,0,28,,71411,11,,,0,70,,66900,11,,,0,30,,71412,11,,,0
10029,'1949',1413,,66940,11,,,0
10029,'1955',707,,60816,11,,,0,30,,66833,11,,,0,70,,66834,11,,,0,30,,66835,11,,,0,70,,60820,11,,,0,30,,66836,11,,,0,71,,66837,11,,,0,32,,66838,11,,,0,70,,66839,11,,,0,30,,66840,11,,,0,70,,66841,11,,,0,30,,66842,11,,,0,70,,66843,11,,,0,30,,66844,11,,,0,70,,66845,11,,,0,30,,66846,11,,,0,70,,66847,11,,,0,30,,66848,11,,,0,70,,66849,11,,,0,30,,66850,11,,,0,70,,66851,11,,,0,30,,66852,11,,,0,70,,66853,11,,,0,30,,66854,11,,,0
10029,'1956',1037,,66894,11,,,0,70,,66895,11,,,0,30,,66896,11,,,0,71,,66897,11,,,0,32,,66898,11,,,0,70,,66883,11,,,0,30,,66886,11,,,0,70,,66878,11,,,0,30,,66885,11,,,0,70,,66884,11,,,0,30,,66887,11,,,0,70,,66880,11,,,0,30,,66888,11,,,0,100,,66889,11,,,0,69,,66882,11,,,0,28,,66890,11,,,0,100,,66891,11,,,0
10029,'1957',607,,71418,11,,,0,30,,71419,11,,,0,77,,71420,11,,,0,30,,71421,11,,,0,70,,71422,11,,,0,30,,71423,11,,,0,69,,71424,11,,,0,100,,71425,11,,,0,30,,71426,11,,,0,70,,71427,11,,,0,30,,71428,11,,,0,70,,71429,11,,,0,30,,71430,11,,,0,70,,71431,11,,,0,30,,71432,11,,,0,100,,71433,11,,,0,75,,71434,11,,,0,30,,71435,11,,,0,70,,71436,11,,,0,30,,71437,11,,,0,70,,71438,11,,,0,29,,71439,11,,,0,65,,71440,11,,,0,30,,71441,11,,,0,70,,71442,11,,,0,100,,71443,11,,,0,95,,71444,11,,,0
10029,'1958',707,,71445,11,,,0,30,,71446,11,,,0,70,,71447,11,,,0,30,,71448,11,,,0,70,,71449,11,,,0,30,,71450,11,,,0,71,,71451,11,,,0,32,,71452,11,,,0,70,,71453,11,,,0,30,,71454,11,,,0,70,,71455,11,,,0,30,,71456,11,,,0,70,,71457,11,,,0,30,,71458,11,,,0,70,,71459,11,,,0,30,,71460,11,,,0,70,,71461,11,,,0,30,,71462,11,,,0,70,,71463,11,,,0,30,,71464,11,,,0,70,,71465,11,,,0,30,,71466,11,,,0,70,,71467,11,,,0,30,,71468,11,,,0
10029,'1959',1037,,71481,11,,,0,70,,71482,11,,,0,30,,71483,11,,,0,71,,71484,11,,,0,32,,71485,11,,,0,70,,71472,11,,,0,30,,71475,11,,,0,70,,71469,11,,,0,30,,71474,11,,,0,70,,71473,11,,,0,30,,71476,11,,,0,70,,71470,11,,,0,30,,71477,11,,,0,100,,71478,11,,,0,69,,71471,11,,,0,28,,71479,11,,,0,100,,71480,11,,,0
10090019,'1908',649,,65798,6,,,0,100,,65796,6,,,0,100,,65795,6,,,0,100,,65797,6,,,0,470,,65800,6,,,0,100,,65801,6,,,0,100,,65802,6,,,0,100,,65799,6,,,0
