2019,'1912',705,,73883,31,,,0,30,,73860,31,,,0,70,,73864,31,,,0,30,,73876,31,,,0,72,,73871,31,,,0,30,,73861,31,,,0,70,,73865,31,,,0,30,,73877,31,,,0,70,,73872,31,,,0,30,,73862,31,,,0,70,,73866,31,,,0,30,,73878,31,,,0,70,,73873,31,,,0,30,,73863,31,,,0,70,,73867,31,,,0,30,,73879,31,,,0,70,,73874,31,,,0,30,,73858,31,,,0,70,,73868,31,,,0,30,,73880,31,,,0,70,,73875,31,,,0,30,,73856,31,,,0,70,,73869,31,,,0,30,,73881,31,,,0,100,,73857,31,,,0,99,,73882,31,,,0,100,,73859,31,,,0,100,,73870,31,,,0,99,,73884,31,,,0
2019,'1966',635,,70404,22,,,0,70,,70411,31,,,0,30,,70420,31,,,0,70,,70427,31,,,0,30,,70405,31,,,0,70,,70412,31,,,0,30,,70421,31,,,0,71,,70428,31,,,0,31,,70406,31,,,0,70,,70413,31,,,0,30,,70422,31,,,0,70,,70429,31,,,0,30,,70407,31,,,0,70,,70414,31,,,0,30,,70423,31,,,0,70,,70430,31,,,0,30,,70408,31,,,0,70,,70415,31,,,0,30,,70424,31,,,0,70,,70431,31,,,0,30,,70409,31,,,0,70,,70416,31,,,0,30,,70425,31,,,0,70,,70432,31,,,0,30,,70410,31,,,0,70,,70417,31,,,0,30,,70426,31,,,0,99,,70418,31,,,0,100,,70433,31,,,0,100,,70419,31,,,0,100,,70434,31,,,0
2019,'1968',705,,70370,31,,,0,30,,70347,31,,,0,70,,70351,31,,,0,30,,70363,31,,,0,72,,70358,31,,,0,30,,70348,31,,,0,70,,70352,31,,,0,30,,70364,31,,,0,70,,70359,31,,,0,30,,70349,31,,,0,70,,70353,31,,,0,30,,70365,31,,,0,70,,70360,31,,,0,30,,70350,31,,,0,70,,70354,31,,,0,30,,70366,31,,,0,70,,70361,31,,,0,30,,70345,31,,,0,70,,70355,31,,,0,30,,70367,31,,,0,70,,70362,31,,,0,30,,70343,31,,,0,70,,70356,31,,,0,30,,70368,31,,,0,100,,70344,31,,,0,99,,70369,31,,,0,100,,70346,31,,,0,100,,70357,31,,,0,99,,70371,31,,,0
2019,'1970',500,,73916,22,0,5 2 13 14,0,136,,73885,31,,,0,70,,73886,31,,,0,30,,73887,31,,,0,70,,73888,31,,,0,31,,73889,31,,,0,71,,73890,31,,,0,31,,73907,31,,,0,70,,73908,31,,,0,30,,73909,31,,,0,70,,73910,31,,,0,30,,73911,31,,,0,70,,73912,31,,,0,30,,73913,31,,,0,70,,73914,31,,,0,30,,73915,31,,,0,70,,73905,31,,,0,32,,73906,31,,,0,71,,73891,31,,,0,30,,73892,31,,,0,70,,73893,31,,,0,30,,73894,31,,,0,70,,73895,31,,,0,29,,73896,31,,,0,69,,73897,31,,,0,30,,73898,31,,,0,70,,73904,31,,,0,30,,73899,31,,,0,97,,73900,31,,,0,100,,73901,31,,,0,100,,73902,31,,,0,100,,73903,31,,,0
2019,'1971',635,,73917,22,,,0,70,,73924,31,,,0,30,,73933,31,,,0,70,,73940,31,,,0,30,,73918,31,,,0,70,,73925,31,,,0,30,,73934,31,,,0,71,,73941,31,,,0,31,,73919,31,,,0,70,,73926,31,,,0,30,,73935,31,,,0,70,,73942,31,,,0,30,,73920,31,,,0,70,,73927,31,,,0,30,,73936,31,,,0,70,,73943,31,,,0,30,,73921,31,,,0,70,,73928,31,,,0,30,,73937,31,,,0,70,,73944,31,,,0,30,,73922,31,,,0,70,,73929,31,,,0,30,,73938,31,,,0,70,,73945,31,,,0,30,,73923,31,,,0,70,,73930,31,,,0,30,,73939,31,,,0,99,,73931,31,,,0,100,,73946,31,,,0,100,,73932,31,,,0,100,,73947,31,,,0
2019,'1972',705,,73975,31,,,0,30,,73952,31,,,0,70,,73956,31,,,0,30,,73968,31,,,0,72,,73963,31,,,0,30,,73953,31,,,0,70,,73957,31,,,0,30,,73969,31,,,0,70,,73964,31,,,0,30,,73954,31,,,0,70,,73958,31,,,0,30,,73970,31,,,0,70,,73965,31,,,0,30,,73955,31,,,0,70,,73959,31,,,0,30,,73971,31,,,0,70,,73966,31,,,0,30,,73950,31,,,0,70,,73960,31,,,0,30,,73972,31,,,0,70,,73967,31,,,0,30,,73948,31,,,0,70,,73961,31,,,0,30,,73973,31,,,0,100,,73949,31,,,0,99,,73974,31,,,0,100,,73951,31,,,0,100,,73962,31,,,0,99,,73976,31,,,0
2019,'1973',705,,74004,31,,,0,30,,73981,31,,,0,70,,73985,31,,,0,30,,73997,31,,,0,72,,73992,31,,,0,30,,73982,31,,,0,70,,73986,31,,,0,30,,73998,31,,,0,70,,73993,31,,,0,30,,73983,31,,,0,70,,73987,31,,,0,30,,73999,31,,,0,70,,73994,31,,,0,30,,73984,31,,,0,70,,73988,31,,,0,30,,74000,31,,,0,70,,73995,31,,,0,30,,73979,31,,,0,70,,73989,31,,,0,30,,74001,31,,,0,70,,73996,31,,,0,30,,73977,31,,,0,70,,73990,31,,,0,30,,74002,31,,,0,100,,73978,31,,,0,99,,74003,31,,,0,100,,73980,31,,,0,100,,73991,31,,,0,99,,74005,31,,,0
14000001019,'1912',2427,,65844,38,,,0,30,,70196,38,,,0,70,,75054,38,,,0,30,,65845,38,,,0,70,,70197,38,,,0
14000001019,'1959',2427,,65849,38,,,0,30,,70198,38,,,0,100,,65850,38,,,0,70,,70199,38,,,0
14000001019,'1965',2427,,65835,38,,,0,30,,73580,38,,,0,100,,65834,38,,,0,70,,73582,38,,,0
14000001019,'1966',2527,,73584,38,,,0
14000001019,'1967',2427,,65840,38,,,0,30,,73583,38,,,0,100,,65838,38,,,0,70,,73585,38,,,0
14000001019,'1968',2527,,73579,38,,,0
14000001019,'1969',2427,,65854,38,,,0,30,,70200,38,,,0,100,,65855,38,,,0,70,,70201,38,,,0
14000001019,'1970',2527,,75055,38,,,0
14000001019,'1971',2527,,75056,38,,,0
14000001019,'1972',2527,,75057,38,,,0
14000001019,'1973',2527,,75058,38,,,0
