2029,'1912',621,,74007,18,0,39 40,0,30,,74015,18,0,39 40,0,68,,74026,18,0,39 40,0,30,,74021,18,0,39 40,0,70,,74008,18,0,39 40,0,30,,74016,18,0,39 40,0,71,,74027,18,0,39 40,0,30,,74022,18,0,39 40,0,55,,66011,6,0,12,0,15,,74009,18,0,39 40,0,30,,74017,18,0,39 40,0,70,,74028,18,0,39 40,0,30,,74023,18,0,39 40,0,70,,74010,18,0,39 40,0,30,,74018,18,0,39 40,0,70,,74029,18,0,39 40,0,30,,74024,18,0,39 40,0,70,,74011,18,0,39 40,0,30,,74019,18,0,39 40,0,70,,74030,18,0,39 40,0,30,,74025,18,0,39 40,0,70,,74012,18,0,39 40,0,30,,74020,18,0,39 40,0,70,,74031,18,0,39 40,0,100,,74013,18,0,39 40,0,97,,74032,18,0,39 40,0,100,,74014,18,0,39 40,0,101,,74033,18,0,39 40,0,100,,74006,18,0,39 40,0
2029,'1959',1005,,66012,6,0,12,0
2029,'1966',551,,70594,17,0,39 40,0,70,,70577,17,0,39 40,0,30,,70584,17,0,39 40,0,68,,70563,17,0,39 40,0,30,,70569,17,0,39 40,0,70,,70578,17,0,39 40,0,30,,70585,17,0,39 40,0,71,,70564,17,0,39 40,0,30,,70570,17,0,39 40,0,70,,70579,17,0,39 40,0,30,,70586,17,0,39 40,0,70,,70565,17,0,39 40,0,30,,70571,17,0,39 40,0,70,,70580,17,0,39 40,0,30,,70587,17,0,39 40,0,70,,70566,17,0,39 40,0,30,,70572,17,0,39 40,0,70,,70581,17,0,39 40,0,30,,70588,17,0,39 40,0,70,,70567,17,0,39 40,0,30,,70573,17,0,39 40,0,70,,70582,17,0,39 40,0,30,,70589,17,0,39 40,0,70,,70568,17,0,39 40,0,30,,70574,17,0,39 40,0,70,,70583,17,0,39 40,0,30,,70590,17,0,39 40,0,69,,70575,17,0,39 40,0,100,,70591,17,0,39 40,0,100,,70576,17,0,39 40,0,100,,70592,17,0,39 40,0
2029,'1968',621,,70497,17,0,39 40,0,30,,70505,17,0,39 40,0,68,,70516,17,0,39 40,0,30,,70511,17,0,39 40,0,70,,70498,17,0,39 40,0,30,,70506,17,0,39 40,0,71,,70517,17,0,39 40,0,30,,70512,17,0,39 40,0,70,,70499,17,0,39 40,0,30,,70507,17,0,39 40,0,70,,70518,17,0,39 40,0,30,,70513,17,0,39 40,0,70,,70500,17,0,39 40,0,30,,70508,17,0,39 40,0,70,,70519,17,0,39 40,0,30,,70514,17,0,39 40,0,70,,70501,17,0,39 40,0,30,,70509,17,0,39 40,0,70,,70520,17,0,39 40,0,30,,70515,17,0,39 40,0,70,,70502,17,0,39 40,0,30,,70510,17,0,39 40,0,70,,70521,17,0,39 40,0,100,,70503,17,0,39 40,0,97,,70522,17,0,39 40,0,100,,70504,17,0,39 40,0,101,,70523,17,0,39 40,0,100,,70496,17,0,39 40,0
2029,'1969',1005,,66013,6,0,12,0
2029,'1970',525,,74055,6,0,39 40,0,25,,74038,18,0,39 40,0,70,,74039,18,0,39 40,0,27,,74040,18,0,39 40,0,71,,74041,18,0,39 40,0,28,,74042,18,0,39 40,0,70,,74043,18,0,39 40,0,30,,74044,18,0,39 40,0,72,,74045,18,0,39 40,0,30,,74046,18,0,39 40,0,70,,74069,18,0,39 40,0,30,,74065,18,0,39 40,0,70,,74071,18,0,39 40,0,30,,74067,18,0,39 40,0,70,,74068,18,0,39 40,0,30,,74064,18,0,39 40,0,70,,74070,18,0,39 40,0,30,,74066,18,0,39 40,0,70,,74072,18,0,39 40,0,32,,74047,18,0,39 40,0,74,,74048,18,0,39 40,0,30,,74049,18,0,39 40,0,70,,74050,18,0,39 40,0,30,,74051,18,0,39 40,0,70,,74052,18,0,39 40,0,28,,74053,18,0,39 40,0,67,,74054,18,0,39 40,0,30,,74058,18,0,39 40,0,70,,74059,18,0,39 40,0,100,,74060,18,0,39 40,0,100,,74061,18,0,39 40,0,100,,74057,18,0,39 40,0
2029,'1971',551,,74104,18,0,5 2 15 16 17,0,70,,74087,18,0,39 40,0,30,,74094,18,0,39 40,0,68,,74073,18,0,39 40,0,30,,74079,18,0,39 40,0,70,,74088,18,0,39 40,0,30,,74095,18,0,39 40,0,71,,74074,18,0,39 40,0,30,,74080,18,0,39 40,0,70,,74089,18,0,39 40,0,30,,74096,18,0,39 40,0,70,,74075,18,0,39 40,0,30,,74081,18,0,39 40,0,70,,74090,18,0,39 40,0,30,,74097,18,0,39 40,0,70,,74076,18,0,39 40,0,30,,74082,18,0,39 40,0,70,,74091,18,0,39 40,0,30,,74098,18,0,39 40,0,70,,74077,18,0,39 40,0,30,,74083,18,0,39 40,0,70,,74092,18,0,39 40,0,30,,74099,18,0,39 40,0,70,,74078,18,0,39 40,0,30,,74084,18,0,39 40,0,70,,74093,18,0,39 40,0,30,,74100,18,0,39 40,0,69,,74085,18,0,39 40,0,100,,74101,18,0,39 40,0,100,,74086,18,0,39 40,0,100,,74102,18,0,39 40,0
2029,'1972',621,,74108,18,0,39 40,0,30,,74116,18,0,39 40,0,68,,74127,18,0,39 40,0,30,,74122,18,0,39 40,0,70,,74109,18,0,39 40,0,30,,74117,18,0,39 40,0,71,,74128,18,0,39 40,0,30,,74123,18,0,39 40,0,70,,74110,18,0,39 40,0,30,,74118,18,0,39 40,0,70,,74129,18,0,39 40,0,30,,74124,18,0,39 40,0,70,,74111,18,0,39 40,0,30,,74119,18,0,39 40,0,70,,74130,18,0,39 40,0,30,,74125,18,0,39 40,0,70,,74112,18,0,39 40,0,30,,74120,18,0,39 40,0,70,,74131,18,0,39 40,0,30,,74126,18,0,39 40,0,70,,74113,18,0,39 40,0,30,,74121,18,0,39 40,0,70,,74132,18,0,39 40,0,100,,74114,18,0,39 40,0,97,,74133,18,0,39 40,0,100,,74115,18,0,39 40,0,101,,74134,18,0,39 40,0,100,,74107,18,0,39 40,0
2029,'1973',621,,74140,18,0,39 40,0,30,,74148,18,0,39 40,0,68,,74159,18,0,39 40,0,30,,74154,18,0,39 40,0,70,,74141,18,0,39 40,0,30,,74149,18,0,39 40,0,71,,74160,18,0,39 40,0,30,,74155,18,0,39 40,0,70,,74142,18,0,39 40,0,30,,74150,18,0,39 40,0,70,,74161,18,0,39 40,0,30,,74156,18,0,39 40,0,70,,74143,18,0,39 40,0,30,,74151,18,0,39 40,0,70,,74162,18,0,39 40,0,30,,74157,18,0,39 40,0,70,,74144,18,0,39 40,0,30,,74152,18,0,39 40,0,70,,74163,18,0,39 40,0,30,,74158,18,0,39 40,0,70,,74145,18,0,39 40,0,30,,74153,18,0,39 40,0,70,,74164,18,0,39 40,0,100,,74146,18,0,39 40,0,97,,74165,18,0,39 40,0,100,,74147,18,0,39 40,0,101,,74166,18,0,39 40,0,100,,74139,18,0,39 40,0
701019,'1912',608,,72956,5,,,0,28,,72982,5,,,0,69,,72974,5,,,0,30,,72953,5,,,0,70,,72975,5,,,0,30,,72957,5,,,0,70,,72952,5,,,0,30,,68928,5,,,0,70,,72960,5,,,0,30,,72949,5,,,0,70,,72978,5,,,0,30,,68905,5,,,0,70,,68894,5,,,0,30,,68925,5,,,0,70,,68909,5,,,0,30,,72948,5,,,0,70,,72977,5,,,0,30,,72961,5,,,0,70,,72946,5,,,0,30,,72976,5,,,0,70,,72958,5,,,0,30,,72944,5,,,0,70,,72979,5,,,0,30,,72966,5,,,0,70,,72941,5,,,0,30,,72987,5,,,0,70,,72968,5,,,0,30,,72939,5,,,0,70,,72984,5,,,0,30,,72970,5,,,0,70,,72936,5,,,0,30,,68934,5,,,0,69,,72969,5,,,0,30,,72938,5,,,0,70,,68938,5,,,0,25,,72992,5,,,0
701019,'1959',608,,73165,5,,,0,28,,73191,5,,,0,69,,73183,5,,,0,30,,73162,5,,,0,70,,73184,5,,,0,30,,73166,5,,,0,70,,73161,5,,,0,30,,69027,5,,,0,70,,73169,5,,,0,30,,73158,5,,,0,70,,73187,5,,,0,30,,69004,5,,,0,70,,68993,5,,,0,30,,69024,5,,,0,70,,69008,5,,,0,30,,73157,5,,,0,70,,73186,5,,,0,30,,73170,5,,,0,70,,73155,5,,,0,30,,73185,5,,,0,70,,73167,5,,,0,30,,73153,5,,,0,70,,73188,5,,,0,30,,73175,5,,,0,70,,73150,5,,,0,30,,73196,5,,,0,70,,73177,5,,,0,30,,73148,5,,,0,70,,73193,5,,,0,30,,73179,5,,,0,70,,73145,5,,,0,30,,69033,5,,,0,69,,73178,5,,,0,30,,73147,5,,,0,70,,69037,5,,,0,25,,73201,5,,,0
701019,'1965',549,,73109,5,,,0,70,,73110,5,,,0,18,,69307,5,,,0,14,,73111,5,,,0,70,,73116,5,,,0,15,,69299,5,,,0,65,,69300,5,,,0,13,,73112,5,,,0,20,,69302,5,,,0,69,,73092,5,,,0,130,,73094,5,,,0,70,,73095,5,,,0,100,,69274,5,,,0,30,,73097,5,,,0,170,,73099,5,,,0,31,,73100,5,,,0,14,,69310,5,0,5 2 11 2 12,0,67,,69280,5,,,0,20,,73114,5,,,0,19,,73119,5,0,5 2 11 2 12,0,61,,73101,5,,,0,20,,73102,5,,,0,21,,73120,5,0,5 2 11 2 12,0,60,,73113,5,,,0,19,,73108,5,,,0,65,,73107,5,,,0,35,,69283,5,,,0,70,,69284,5,,,0,30,,73103,5,,,0,69,,69286,5,,,0,30,,73104,5,,,0,70,,69288,5,,,0,30,,69289,5,,,0,70,,73105,5,,,0,30,,69291,5,,,0,70,,69292,5,,,0,25,,73118,5,,,0
701019,'1967',608,,68783,5,,,0,28,,68763,5,,,0,68,,68780,5,,,0,30,,68776,5,,,0,71,,68778,5,,,0,30,,68779,5,,,0,70,,68781,5,,,0,30,,68777,5,,,0,70,,68813,5,,,0,30,,68822,5,,,0,70,,68809,5,,,0,30,,68818,5,,,0,70,,68814,5,,,0,30,,68807,5,,,0,70,,68852,5,,,0,30,,68806,5,,,0,70,,68808,5,,,0,30,,68836,5,,,0,70,,68832,5,,,0,30,,68825,5,,,0,70,,73136,5,,,0,30,,68833,5,,,0,70,,68850,5,,,0,30,,68798,5,,,0,70,,73133,5,,,0,30,,68805,5,,,0,70,,68834,5,,,0,30,,68758,5,,,0,70,,68764,5,,,0,30,,68771,5,,,0,70,,68754,5,,,0,30,,68759,5,,,0,70,,68765,5,,,0,30,,68772,5,,,0,70,,68755,5,,,0,25,,68796,5,,,0
701019,'1969',608,,73016,5,,,0,28,,73042,5,,,0,69,,73034,5,,,0,30,,73013,5,,,0,70,,73035,5,,,0,30,,73017,5,,,0,70,,73012,5,,,0,30,,69126,5,,,0,70,,73020,5,,,0,30,,73009,5,,,0,70,,73038,5,,,0,30,,69103,5,,,0,70,,69092,5,,,0,30,,69123,5,,,0,70,,69107,5,,,0,30,,73008,5,,,0,70,,73037,5,,,0,30,,73021,5,,,0,70,,73006,5,,,0,30,,73036,5,,,0,70,,73018,5,,,0,30,,73004,5,,,0,70,,73039,5,,,0,30,,73026,5,,,0,70,,73001,5,,,0,30,,73047,5,,,0,70,,73028,5,,,0,30,,72999,5,,,0,70,,73044,5,,,0,30,,73030,5,,,0,70,,72996,5,,,0,30,,69132,5,,,0,69,,73029,5,,,0,30,,72998,5,,,0,70,,69136,5,,,0,25,,73052,5,,,0
701019,'1970',933,,74986,5,,,0,70,,74979,5,,,0,130,,74980,5,,,0,170,,74981,5,,,0,30,,74982,5,,,0,171,,74987,5,,,0,316,,74983,5,,,0
14000001029,'1912',533,,73589,6,0,18 7,0,1811,,70205,6,,,0,69,,75060,6,,,0,30,,65884,6,,,0,70,,70206,6,,,0,30,,75059,6,,,0,70,,65880,6,,,0
14000001029,'1959',533,,73605,6,0,18 7,0,1811,,70208,6,,,0,99,,65891,6,,,0,70,,70209,6,,,0,100,,65887,6,,,0
14000001029,'1965',431,,65864,6,0,18 7,0,102,,73593,6,0,18 7,0,1811,,73595,6,,,0,99,,65871,6,,,0,70,,73594,6,,,0,100,,65870,6,,,0
14000001029,'1966',533,,73600,6,0,18 7,0,1880,,73598,6,,,0,130,,73601,6,,,0
14000001029,'1967',2344,,73602,6,,,0,99,,65872,6,,,0,70,,73599,6,,,0,100,,65875,6,,,0
14000001029,'1968',2413,,73591,6,,,0,130,,73590,6,,,0
14000001029,'1969',533,,73592,6,0,18 7,0,1811,,70211,6,,,0,99,,65898,6,,,0,70,,70212,6,,,0,100,,65894,6,,,0
14000001029,'1970',2413,,75061,6,,,0,130,,75062,6,,,0
14000001029,'1971',533,,75064,6,0,18 7,0,1880,,75063,6,,,0,130,,75065,6,,,0
14000001029,'1972',2413,,75067,6,,,0,130,,75066,6,,,0
14000001029,'1973',2413,,75069,6,,,0,130,,75068,6,,,0
