13019,'1909',2134,,61318,5,,,0
13019,'1910',1301,,67129,5,,,0
13019,'1912',759,,71572,5,,,0,100,,61342,5,,,0,100,,71562,5,,,0,141,,71563,5,,,0,100,,71564,5,,,0,100,,67142,5,,,0,100,,67143,5,,,0,100,,71565,5,,,0,100,,71566,5,,,0,100,,71567,5,,,0,59,,71568,5,,,0,100,,71569,5,,,0,100,,71570,5,,,0,100,,71571,5,,,0,100,,61341,5,,,0
13019,'1924',859,,61357,5,,,0,441,,67155,5,,,0,100,,67156,5,,,0,759,,61356,5,,,0
13019,'1925',759,,71583,5,,,0,100,,61372,5,,,0,100,,71573,5,,,0,141,,71574,5,,,0,100,,71575,5,,,0,100,,67168,5,,,0,100,,67169,5,,,0,100,,71576,5,,,0,100,,71577,5,,,0,100,,71578,5,,,0,59,,71579,5,,,0,100,,71580,5,,,0,100,,71581,5,,,0,100,,71582,5,,,0,100,,61371,5,,,0
13019,'1949',1707,,67203,5,,,0,230,,67206,5,,,0
13019,'1955',659,,67123,5,,,0,100,,67124,5,,,0,100,,67125,5,,,0,100,,67126,5,,,0,142,,67127,5,,,0,100,,67128,5,,,0,200,,67130,5,,,0,100,,67131,5,,,0,100,,67132,5,,,0,99,,67133,5,,,0,100,,67134,5,,,0,100,,67135,5,,,0,59,,67136,5,,,0,100,,67137,5,,,0,200,,67138,5,,,0
13019,'1956',759,,67164,5,,,0,200,,67152,5,,,0,141,,67153,5,,,0,100,,67154,5,,,0,300,,67157,5,,,0,100,,67158,5,,,0,100,,67159,5,,,0,59,,67160,5,,,0,100,,67161,5,,,0,100,,67162,5,,,0,100,,67163,5,,,0
13019,'1957',611,,71584,5,,,0,30,,71585,5,,,0,69,,71586,5,,,0,30,,71587,5,,,0,96,,71588,5,,,0,99,,71589,5,,,0,100,,71590,5,,,0,100,,71591,5,,,0,100,,71592,5,,,0,100,,71593,5,,,0,70,,71594,5,,,0,32,,71595,5,,,0,70,,71596,5,,,0,30,,71603,5,,,0,70,,71597,5,,,0,30,,71600,5,,,0,100,,71601,5,,,0,100,,71602,5,,,0,199,,71599,5,,,0,198,,71598,5,,,0
13019,'1958',659,,71604,5,,,0,100,,71605,5,,,0,100,,71606,5,,,0,100,,71607,5,,,0,142,,71608,5,,,0,100,,71609,5,,,0,200,,71610,5,,,0,100,,71611,5,,,0,100,,71612,5,,,0,99,,71613,5,,,0,100,,71614,5,,,0,100,,71615,5,,,0,59,,71616,5,,,0,100,,71617,5,,,0,200,,71618,5,,,0
13019,'1959',759,,71629,5,,,0,200,,71619,5,,,0,141,,71620,5,,,0,100,,71621,5,,,0,300,,71622,5,,,0,100,,71623,5,,,0,100,,71624,5,,,0,59,,71625,5,,,0,100,,71626,5,,,0,100,,71627,5,,,0,100,,71628,5,,,0
