1019,'1838',629,,34814,37,,,0,100,,34815,37,,,0,101,,34816,37,,,0,100,,34817,37,,,0,100,,34818,37,,,0,101,,34819,37,,,0,100,,34820,37,,,0,100,,34821,37,,,0,100,,34822,37,,,0,100,,34823,37,,,0,100,,34824,37,,,0,100,,34825,37,,,0,100,,34826,37,,,0,99,,34827,37,,,0,100,,34828,37,,,0,100,,34829,37,,,0,103,,34830,37,,,0,95,,34831,37,,,0
1019,'1867',629,,34939,37,,,0,100,,34940,37,,,0,101,,34941,37,,,0,100,,34942,37,,,0,100,,34943,37,,,0,101,,34944,37,,,0,100,,34945,37,,,0,100,,34946,37,,,0,100,,34947,37,,,0,100,,34948,37,,,0,100,,34949,37,,,0,100,,34950,37,,,0,100,,34951,37,,,0,99,,34952,37,,,0,100,,34953,37,,,0,100,,34954,37,,,0,103,,34955,37,,,0,95,,34956,37,,,0
1019,'1892',600,,42047,37,,,0,30,,42070,37,,,0,70,,42045,37,,,0,102,,42059,37,,,0,31,,42042,37,,,0,70,,43975,37,,,0,29,,42073,37,,,0,70,,42044,37,,,0,30,,42038,37,,,0,71,,42058,37,,,0,30,,42043,37,,,0,70,,43976,37,,,0,30,,42069,37,,,0,70,,42046,37,,,0,101,,42071,37,,,0,31,,42041,37,,,0,70,,43977,37,,,0,30,,42068,37,,,0,69,,42061,37,,,0,30,,42053,37,,,0,70,,42051,37,,,0,29,,42054,37,,,0,70,,43978,37,,,0,29,,42055,37,,,0,69,,42052,37,,,0,30,,42072,37,,,0,70,,42066,37,,,0,30,,42067,37,,,0,70,,42065,37,,,0,29,,42064,37,,,0,74,,42063,37,,,0,30,,42062,37,,,0,70,,42060,37,,,0,25,,42057,37,,,0
1019,'1896',731,,48525,37,,,0,603,,48524,37,,,0
1019,'1897',600,,48535,37,,,0,30,,48558,37,,,0,70,,48533,37,,,0,31,,48528,37,,,0,71,,48547,37,,,0,31,,48530,37,,,0,70,,48536,37,,,0,29,,48561,37,,,0,70,,48532,37,,,0,30,,48526,37,,,0,71,,48546,37,,,0,30,,48531,37,,,0,70,,48537,37,,,0,30,,48557,37,,,0,70,,48534,37,,,0,31,,48527,37,,,0,70,,48559,37,,,0,31,,48529,37,,,0,70,,48538,37,,,0,30,,48556,37,,,0,69,,48549,37,,,0,30,,48541,37,,,0,70,,48539,37,,,0,29,,48542,37,,,0,70,,48544,37,,,0,29,,48543,37,,,0,69,,48540,37,,,0,30,,48560,37,,,0,70,,48554,37,,,0,30,,48555,37,,,0,70,,48553,37,,,0,29,,48552,37,,,0,74,,48551,37,,,0,30,,48550,37,,,0,70,,48548,37,,,0,25,,48545,37,,,0
1019,'1898',559,,48573,37,,,0,70,,48587,37,,,0,30,,48572,37,,,0,70,,48592,37,,,0,71,,48582,37,,,0,30,,48566,37,,,0,70,,48588,37,,,0,30,,48590,37,,,0,70,,48571,37,,,0,30,,48593,37,,,0,70,,48581,37,,,0,31,,48565,37,,,0,70,,48576,37,,,0,30,,48586,37,,,0,70,,48570,37,,,0,30,,48594,37,,,0,70,,48580,37,,,0,30,,48564,37,,,0,70,,48575,37,,,0,30,,48585,37,,,0,70,,48569,37,,,0,30,,48595,37,,,0,70,,48579,37,,,0,30,,48563,37,,,0,70,,48574,37,,,0,30,,48584,37,,,0,69,,48567,37,,,0,30,,48596,37,,,0,70,,48577,37,,,0,30,,48562,37,,,0,70,,48568,37,,,0,30,,48583,37,,,0,73,,48578,37,,,0,30,,48597,37,,,0,70,,48591,37,,,0,25,,48589,37,,,0
1029,'1838',602,,34957,15,,,0,98,,34958,15,,,0,100,,34959,15,,,0,100,,34960,15,,,0,101,,34961,15,,,0,100,,34962,15,,,0,100,,34963,15,,,0,100,,34964,15,,,0,100,,34965,15,,,0,100,,34966,15,,,0,99,,34967,15,,,0,100,,34968,15,,,0,100,,34969,15,,,0,100,,34970,15,,,0,100,,34971,15,,,0,100,,34972,15,,,0,59,,34973,15,,,0,100,,34974,15,,,0
1029,'1867',602,,35079,15,,,0,98,,35080,15,,,0,100,,35081,15,,,0,100,,35082,15,,,0,101,,35083,15,,,0,100,,35084,15,,,0,100,,35085,15,,,0,100,,35086,15,,,0,100,,35087,15,,,0,100,,35088,15,,,0,99,,35089,15,,,0,100,,35090,15,,,0,100,,35091,15,,,0,100,,35092,15,,,0,100,,35093,15,,,0,100,,35094,15,,,0,59,,35095,15,,,0,100,,35096,15,,,0
1029,'1892',600,,42119,15,,,0,31,,42120,15,,,0,26,,42140,15,,,0,69,,42116,15,,,0,100,,42144,15,,,0,30,,42114,15,,,0,71,,43987,15,,,0,30,,42139,15,,,0,70,,42118,15,,,0,30,,42110,15,,,0,70,,42143,15,,,0,30,,42115,15,,,0,69,,43988,15,,,0,30,,42138,15,,,0,70,,42117,15,,,0,101,,42141,15,,,0,32,,42113,15,,,0,70,,43989,15,,,0,30,,42137,15,,,0,69,,42126,15,,,0,30,,42125,15,,,0,69,,42124,15,,,0,74,,42130,15,,,0,30,,43990,15,,,0,70,,42128,15,,,0,30,,42127,15,,,0,69,,42142,15,,,0,30,,42136,15,,,0,70,,42135,15,,,0,30,,42134,15,,,0,70,,42133,15,,,0,30,,42132,15,,,0,25,,42131,15,,,0
1029,'1896',756,,48598,15,,,0,601,,48599,15,,,0
1029,'1897',600,,48609,15,,,0,31,,48610,15,,,0,26,,48630,15,,,0,69,,48606,15,,,0,30,,48601,15,,,0,70,,48634,15,,,0,30,,48604,15,,,0,71,,48611,15,,,0,30,,48629,15,,,0,70,,48608,15,,,0,30,,48600,15,,,0,70,,48633,15,,,0,30,,48605,15,,,0,69,,48612,15,,,0,30,,48628,15,,,0,70,,48607,15,,,0,31,,48602,15,,,0,70,,48631,15,,,0,32,,48603,15,,,0,70,,48613,15,,,0,30,,48627,15,,,0,69,,48616,15,,,0,30,,48615,15,,,0,69,,48614,15,,,0,74,,48620,15,,,0,30,,48619,15,,,0,70,,48618,15,,,0,30,,48617,15,,,0,69,,48632,15,,,0,30,,48626,15,,,0,70,,48625,15,,,0,30,,48624,15,,,0,70,,48623,15,,,0,30,,48622,15,,,0,25,,48621,15,,,0
1029,'1898',602,,48640,15,,,0,28,,48652,15,,,0,70,,48659,15,,,0,30,,48647,15,,,0,70,,48668,15,,,0,30,,48656,15,,,0,70,,48639,15,,,0,31,,48651,15,,,0,70,,48662,15,,,0,30,,48646,15,,,0,70,,48669,15,,,0,30,,48655,15,,,0,70,,48638,15,,,0,30,,48650,15,,,0,70,,48661,15,,,0,30,,48645,15,,,0,70,,48641,15,,,0,30,,48654,15,,,0,70,,48637,15,,,0,30,,48649,15,,,0,69,,48657,15,,,0,30,,48644,15,,,0,70,,48666,15,,,0,30,,48653,15,,,0,70,,48636,15,,,0,30,,48648,15,,,0,70,,48660,15,,,0,30,,48642,15,,,0,70,,48664,15,,,0,30,,48663,15,,,0,70,,48635,15,,,0,30,,48643,15,,,0,29,,48658,15,,,0,70,,48667,15,,,0,30,,48665,15,,,0
7029,'1838',719,,36145,17,,,0,99,,36146,17,,,0,100,,44633,17,,,0,100,,36148,17,,,0,100,,36149,17,,,0,100,,44634,17,,,0,100,,36151,17,,,0,101,,36152,17,,,0,100,,44635,17,,,0,99,,36154,17,,,0,100,,36155,17,,,0,100,,44636,17,,,0,100,,36157,17,,,0,101,,36158,17,,,0,100,,44632,17,,,0
7029,'1867',719,,36256,17,,,0,99,,36257,17,,,0,100,,44669,17,,,0,100,,36259,17,,,0,100,,36260,17,,,0,100,,44670,17,,,0,100,,36262,17,,,0,101,,36263,17,,,0,100,,44671,17,,,0,99,,36265,17,,,0,100,,36266,17,,,0,100,,44672,17,,,0,100,,36268,17,,,0,101,,36269,17,,,0,100,,44668,17,,,0
7029,'1892',516,,44642,17,,,0,103,,44643,17,,,0,131,,36199,17,,,0,70,,36200,17,,,0,30,,44645,17,,,0,70,,42423,17,,,0,30,,42424,17,,,0,70,,42425,17,,,0,30,,36205,17,,,0,70,,36206,17,,,0,30,,36207,17,,,0,100,,44641,17,,,0,70,,42421,17,,,0,31,,44639,17,,,0,70,,44638,17,,,0,100,,36208,17,,,0,30,,44646,17,,,0,99,,44648,17,,,0,70,,42426,17,,,0,29,,44649,17,,,0,70,,36214,17,,,0,30,,36215,17,,,0,70,,44650,17,,,0,30,,44651,17,,,0,370,,42427,17,,,0
7029,'1896',648,,49146,17,,,0,72,,49147,17,,,0,500,,49144,17,,,0,232,,49145,17,,,0,169,,49148,17,,,0,397,,49149,17,,,0,101,,49150,17,,,0,100,,49151,17,,,0
7029,'1897',516,,49158,15,,,0,100,,49159,15,,,0,31,,49160,15,,,0,72,,49161,15,,,0,30,,49162,15,,,0,71,,49163,15,,,0,29,,49164,15,,,0,69,,49165,15,,,0,30,,49166,15,,,0,70,,49167,15,,,0,30,,49168,15,,,0,71,,49169,15,,,0,30,,49170,15,,,0,70,,49154,15,,,0,30,,49155,15,,,0,70,,49156,15,,,0,31,,49153,15,,,0,70,,49152,15,,,0,31,,49157,15,,,0,69,,49171,15,,,0,30,,49172,15,,,0,70,,49173,15,,,0,29,,49174,15,,,0,70,,49175,15,,,0,29,,49176,15,,,0,70,,49177,15,,,0,30,,49178,15,,,0,70,,49179,15,,,0,30,,49180,15,,,0,70,,49181,15,,,0,101,,49182,15,,,0,100,,49183,15,,,0,100,,49184,15,,,0
7029,'1898',620,,49217,4,,,0,29,,49186,15,,,0,70,,49200,15,,,0,30,,49187,15,,,0,69,,49201,15,,,0,30,,49188,15,,,0,70,,49202,15,,,0,30,,49189,15,,,0,70,,49203,15,,,0,30,,49190,15,,,0,70,,49204,15,,,0,30,,49191,15,,,0,70,,49205,15,,,0,30,,49192,15,,,0,70,,49206,15,,,0,30,,49193,15,,,0,71,,49207,15,,,0,30,,49194,15,,,0,70,,49208,15,,,0,30,,49195,15,,,0,69,,49209,15,,,0,30,,49196,15,,,0,70,,49210,15,,,0,30,,49197,15,,,0,70,,49211,15,,,0,30,,49198,15,,,0,70,,49212,15,,,0,30,,49199,15,,,0,71,,49213,15,,,0,100,,49214,15,,,0,100,,49215,15,,,0,100,,49216,15,,,0
16019,'1892',644,,42599,24,4,,0,70,,42600,24,4,,0,32,,42601,24,4,,0,70,,42602,24,4,,0,30,,42603,24,4,,0,69,,42604,24,4,,0,30,,42605,24,4,,0,100,,42607,24,4,,0,70,,42608,24,4,,0,30,,45145,24,4,,0,70,,42610,24,4,,0,30,,42611,24,4,,0,71,,42612,24,4,,0,30,,42613,24,4,,0,70,,42614,24,4,,0,32,,45146,24,4,,0,70,,42616,24,4,,0,28,,42617,24,4,,0,70,,42618,24,4,,0,30,,42619,24,4,,0,69,,42620,24,4,,0,30,,45147,24,4,,0,69,,42622,24,4,,0,100,,42624,24,4,,0,30,,42625,24,4,,0,68,,45148,24,4,,0,30,,42627,24,4,,0,70,,42628,24,4,,0
16019,'1896',1015,,49740,24,4,,0,829,,49741,24,4,,0
16019,'1897',644,,49745,24,4,,0,70,,49746,24,4,,0,32,,49747,24,4,,0,70,,49748,24,4,,0,30,,49749,24,4,,0,69,,49750,24,4,,0,30,,49751,24,4,,0,70,,49752,24,4,,0,30,,49753,24,4,,0,70,,49754,24,4,,0,30,,49755,24,4,,0,70,,49756,24,4,,0,30,,49757,24,4,,0,71,,49758,24,4,,0,30,,49759,24,4,,0,70,,49760,24,4,,0,32,,49761,24,4,,0,70,,49762,24,4,,0,28,,49763,24,4,,0,70,,49764,24,4,,0,30,,49765,24,4,,0,69,,49766,24,4,,0,30,,49767,24,4,,0,69,,49768,24,4,,0,30,,49769,24,4,,0,70,,49770,24,4,,0,30,,49771,24,4,,0,68,,49772,24,4,,0,30,,49773,24,4,,0,70,,49774,24,4,,0
16019,'1898',640,,49798,24,4,,0,70,,49794,24,4,,0,30,,49802,24,4,,0,70,,49786,24,4,,0,31,,49800,24,4,,0,72,,49781,24,4,,0,30,,49779,24,4,,0,70,,49776,24,4,,0,30,,49787,24,4,,0,70,,49797,24,4,,0,30,,49791,24,4,,0,70,,49799,24,4,,0,31,,49783,24,4,,0,70,,49801,24,4,,0,30,,49778,24,4,,0,70,,49789,24,4,,0,31,,49788,24,4,,0,70,,49792,24,4,,0,30,,49793,24,4,,0,70,,49777,24,4,,0,29,,49785,24,4,,0,70,,49795,24,4,,0,29,,49780,24,4,,0,70,,49784,24,4,,0,30,,49790,24,4,,0,69,,49804,24,4,,0,30,,49796,24,4,,0,69,,49803,24,4,,0,30,,49782,24,4,,0,70,,49806,24,4,,0
22019,'1838',644,,45521,1,0,19 2 24 1 25 26,0,94,,45522,1,0,19 2 24 1 25 26,0,100,,43036,1,,,0,100,,45520,1,,,0,100,,45515,1,,,0,100,,45519,1,,,0,100,,45516,1,,,0,100,,45517,1,,,0,100,,45514,1,,,0,100,,43033,1,,,0,100,,45518,1,,,0,100,,43040,1,0,19 2 24 1 25 26,0,100,,43041,1,0,19 2 24 1 25 26,0,100,,43042,1,0,19 2 24 1 25 26,0,108,,43043,1,0,19 2 24 1 25 26,0
22019,'1867',644,,45535,1,0,19 2 24 1 25 26,0,94,,45536,1,0,19 2 24 1 25 26,0,100,,43113,1,,,0,100,,45534,1,,,0,100,,45529,1,,,0,100,,45533,1,,,0,100,,45530,1,,,0,100,,45531,1,,,0,100,,45528,1,,,0,100,,43110,1,,,0,100,,45532,1,,,0,100,,43117,1,0,19 2 24 1 25 26,0,100,,43118,1,0,19 2 24 1 25 26,0,100,,43119,1,0,19 2 24 1 25 26,0,108,,43120,1,0,19 2 24 1 25 26,0
22019,'1892',552,,37951,1,0,19 2 24 1 25 26,0,66,,43074,1,0,19 2 24 1 25 26,0,26,,43044,1,0,19 2 24 1 25 26,0,70,,43045,1,0,19 2 24 1 25 26,0,32,,43046,1,,,0,70,,43047,1,,,0,30,,43048,1,,,0,69,,43049,1,,,0,30,,43050,1,,,0,100,,43052,1,,,0,70,,43053,1,,,0,30,,45524,1,,,0,70,,43055,1,,,0,30,,43056,1,,,0,71,,43057,1,,,0,30,,43058,1,,,0,70,,43059,1,,,0,32,,45525,1,,,0,70,,43061,1,,,0,28,,43073,1,,,0,70,,43062,1,,,0,30,,43063,1,,,0,69,,43064,1,,,0,30,,45526,1,,,0,69,,43066,1,,,0,100,,43068,1,,,0,30,,43069,1,,,0,68,,45527,1,,,0,30,,43071,1,,,0,70,,43072,1,0,19 2 24 1 25 26,0
22019,'1896',1015,,49982,1,,,0,829,,49983,1,,,0
22019,'1897',552,,50013,1,0,19 2 24 1 25 26,0,66,,50015,1,0,19 2 24 1 25 26,0,26,,49984,1,0,19 2 24 1 25 26,0,70,,49985,1,0,19 2 24 1 25 26,0,32,,49986,1,,,0,70,,49987,1,,,0,30,,49988,1,,,0,69,,49989,1,,,0,30,,49990,1,,,0,70,,49991,1,,,0,30,,49992,1,,,0,70,,49993,1,,,0,30,,49994,1,,,0,70,,49995,1,,,0,30,,49996,1,,,0,71,,49997,1,,,0,30,,49998,1,,,0,70,,49999,1,,,0,32,,50000,1,,,0,70,,50001,1,,,0,28,,50014,1,,,0,70,,50002,1,,,0,30,,50003,1,,,0,69,,50004,1,,,0,30,,50005,1,,,0,69,,50006,1,,,0,30,,50007,1,,,0,70,,50008,1,,,0,30,,50009,1,,,0,68,,50010,1,,,0,30,,50011,1,,,0,70,,50012,1,0,19 2 24 1 25 26,0
22019,'1898',616,,50035,1,0,19 2 24 1 25 26,0,24,,50040,1,0,19 2 24 1 25 26,0,70,,50036,1,0,19 2 24 1 25 26,0,30,,50041,1,0,19 2 24 1 25 26,0,70,,50037,1,0,19 2 24 1 25 26,0,31,,50016,1,,,0,72,,50017,1,,,0,30,,50018,1,,,0,70,,50019,1,,,0,30,,50020,1,,,0,70,,50021,1,,,0,30,,50022,1,,,0,70,,50023,1,,,0,31,,50024,1,,,0,70,,50025,1,,,0,30,,50026,1,,,0,70,,50027,1,,,0,31,,50028,1,,,0,70,,50029,1,,,0,30,,50030,1,,,0,70,,50031,1,,,0,29,,50032,1,,,0,70,,50033,1,,,0,29,,50042,1,0,19 2 24 1 25 26,0,70,,50038,1,0,19 2 24 1 25 26,0,30,,50043,1,0,19 2 24 1 25 26,0,69,,50034,1,0,19 2 24 1 25 26,0,30,,50044,1,0,19 2 24 1 25 26,0,69,,50039,1,0,19 2 24 1 25 26,0,30,,50045,1,0,19 2 24 1 25 26,0,70,,50046,1,0,19 2 24 1 25 26,0
