1019,'1838',600,,34814,1,,,0,100,,34815,1,,,0,100,,34816,1,,,0,100,,34817,1,,,0,100,,34818,1,,,0,100,,34819,1,,,0,100,,34820,1,,,0,100,,34821,1,,,0,100,,34822,1,,,0,100,,34823,1,,,0,100,,34824,1,,,0,100,,34825,1,,,0,100,,34826,1,,,0,100,,34827,1,,,0,100,,34828,1,,,0,100,,34829,1,,,0,100,,34830,1,,,0,100,,34831,1,,,0
1019,'1897',530,,48535,1,,,0,70,,48558,1,,,0,30,,48533,1,,,0,70,,48528,1,,,0,30,,48547,1,,,0,70,,48530,1,,,0,30,,48536,1,,,0,70,,48561,1,,,0,30,,48532,1,,,0,70,,48526,1,,,0,30,,48546,1,,,0,70,,48531,1,,,0,30,,48537,1,,,0,70,,48557,1,,,0,30,,48534,1,,,0,70,,48527,1,,,0,30,,48559,1,,,0,70,,48529,1,,,0,30,,48538,1,,,0,70,,48556,1,,,0,30,,48549,1,,,0,70,,48541,1,,,0,30,,48539,1,,,0,70,,48542,1,,,0,30,,48544,1,,,0,70,,48543,1,,,0,30,,48540,1,,,0,70,,48560,1,,,0,30,,48554,1,,,0,70,,48555,1,,,0,30,,48553,1,,,0,70,,48552,1,,,0,30,,48551,1,,,0,70,,48550,1,,,0,30,,48548,1,,,0,70,,48545,1,,,0
1019,'1898',530,,48573,1,,,0,70,,48587,1,,,0,30,,48572,1,,,0,70,,48592,1,,,0,30,,48582,1,,,0,70,,48566,1,,,0,30,,48588,1,,,0,70,,48590,1,,,0,30,,48571,1,,,0,70,,48593,1,,,0,30,,48581,1,,,0,70,,48565,1,,,0,30,,48576,1,,,0,70,,48586,1,,,0,30,,48570,1,,,0,70,,48594,1,,,0,30,,48580,1,,,0,70,,48564,1,,,0,30,,48575,1,,,0,70,,48585,1,,,0,30,,48569,1,,,0,70,,48595,1,,,0,30,,48579,1,,,0,70,,48563,1,,,0,30,,48574,1,,,0,70,,48584,1,,,0,30,,48567,1,,,0,70,,48596,1,,,0,30,,48577,1,,,0,70,,48562,1,,,0,30,,48568,1,,,0,70,,48583,1,,,0,30,,48578,1,,,0,70,,48597,1,,,0,30,,48591,1,,,0,70,,48589,1,,,0
1019,'1899',600,,51529,1,,,0,100,,51530,1,,,0,100,,51531,1,,,0,100,,51532,1,,,0,100,,51533,1,,,0,100,,51534,1,,,0,100,,51535,1,,,0,100,,51536,1,,,0,100,,51537,1,,,0,100,,51538,1,,,0,100,,51539,1,,,0,100,,51540,1,,,0,100,,51541,1,,,0,100,,51542,1,,,0,100,,51543,1,,,0,100,,51544,1,,,0,100,,51545,1,,,0,100,,51546,1,,,0
1029,'1838',630,,34957,53,4,,0,100,,34958,53,4,,0,100,,34959,53,4,,0,100,,34960,53,4,,0,100,,34961,53,4,,0,100,,34962,53,4,,0,100,,34963,53,4,,0,100,,34964,53,4,,0,100,,34965,53,4,,0,100,,34966,53,4,,0,100,,34967,53,4,,0,100,,34968,53,4,,0,100,,34969,53,4,,0,100,,34970,53,4,,0,100,,34971,53,4,,0,100,,34972,53,4,,0,100,,34973,53,4,,0,95,,34974,53,4,,0
1029,'1897',630,,48609,53,4,,0,70,,48610,53,4,,0,30,,48630,53,4,,0,70,,48606,53,4,,0,31,,48601,53,4,,0,70,,48634,53,4,,0,29,,48604,53,4,,0,70,,48611,53,4,,0,31,,48629,53,4,,0,70,,48608,53,4,,0,30,,48600,53,4,,0,70,,48633,53,4,,0,30,,48605,53,4,,0,70,,48612,53,4,,0,30,,48628,53,4,,0,70,,48607,53,4,,0,30,,48602,53,4,,0,71,,48631,53,4,,0,30,,48603,53,4,,0,70,,48613,53,4,,0,30,,48627,53,4,,0,70,,48616,53,4,,0,30,,48615,53,4,,0,68,,48614,53,4,,0,30,,48620,53,4,,0,70,,48619,53,4,,0,30,,48618,53,4,,0,70,,48617,53,4,,0,30,,48632,53,4,,0,70,,48626,53,4,,0,30,,48625,53,4,,0,70,,48624,53,4,,0,30,,48623,53,4,,0,70,,48622,53,4,,0,25,,48621,53,4,,0
1029,'1898',630,,48640,53,4,,0,70,,48652,53,4,,0,30,,48659,53,4,,0,70,,48647,53,4,,0,30,,48668,53,4,,0,70,,48656,53,4,,0,29,,48639,53,4,,0,71,,48651,53,4,,0,30,,48662,53,4,,0,70,,48646,53,4,,0,30,,48669,53,4,,0,70,,48655,53,4,,0,30,,48638,53,4,,0,70,,48650,53,4,,0,30,,48661,53,4,,0,70,,48645,53,4,,0,30,,48641,53,4,,0,70,,48654,53,4,,0,30,,48637,53,4,,0,70,,48649,53,4,,0,30,,48657,53,4,,0,70,,48644,53,4,,0,30,,48666,53,4,,0,70,,48653,53,4,,0,30,,48636,53,4,,0,70,,48648,53,4,,0,30,,48660,53,4,,0,70,,48642,53,4,,0,30,,48664,53,4,,0,70,,48663,53,4,,0,30,,48635,53,4,,0,70,,48643,53,4,,0,30,,48658,53,4,,0,70,,48667,53,4,,0,25,,48665,53,4,,0
1029,'1899',630,,51547,53,4,,0,100,,51548,53,4,,0,100,,51549,53,4,,0,100,,51550,53,4,,0,100,,51551,53,4,,0,100,,51552,53,4,,0,100,,51553,53,4,,0,100,,51554,53,4,,0,100,,51555,53,4,,0,100,,51556,53,4,,0,100,,51557,53,4,,0,100,,51558,53,4,,0,100,,51559,53,4,,0,100,,51560,53,4,,0,100,,51561,53,4,,0,100,,51562,53,4,,0,100,,51563,53,4,,0,95,,51564,53,4,,0
2019,'1838',645,,51592,10,,,0,70,,51569,10,,,0,30,,51573,10,,,0,70,,51585,10,,,0,30,,51580,10,,,0,70,,51570,10,,,0,30,,51574,10,,,0,70,,51586,10,,,0,30,,51581,10,,,0,70,,51571,10,,,0,30,,51575,10,,,0,70,,51587,10,,,0,30,,51582,10,,,0,70,,51572,10,,,0,30,,51576,10,,,0,70,,51588,10,,,0,30,,51583,10,,,0,70,,51567,10,,,0,30,,51577,10,,,0,70,,51589,10,,,0,30,,51584,10,,,0,70,,51565,10,,,0,30,,51578,10,,,0,70,,51590,10,,,0,100,,51566,10,,,0,100,,51591,10,,,0,100,,51568,10,,,0,100,,51579,10,,,0,99,,51593,10,,,0
2019,'1897',440,,48670,1,0,5 2 13 14,0,175,,48690,10,,,0,30,2,48694,10,,,0,68,,48674,10,,,0,32,,48678,10,,,0,70,,48682,10,,,0,30,,48686,10,,,0,70,3,48700,10,,,0,30,3,48673,10,,,0,70,3,48677,10,,,0,30,3,48681,10,,,0,70,3,48685,10,,,0,30,3,48689,10,,,0,70,3,48693,10,,,0,30,3,48696,10,,,0,70,3,48698,10,,,0,30,3,48688,10,,,0,70,3,48692,10,,,0,30,3,48701,10,,,0,70,3,48676,10,,,0,30,3,48680,10,,,0,70,3,48684,10,,,0,28,,48672,10,,,0,72,3,48671,10,,,0,30,3,48675,10,,,0,70,3,48679,10,,,0,30,3,48683,10,,,0,70,3,48699,10,,,0,100,3,48687,10,,,0,100,3,48691,10,,,0,100,3,48695,10,,,0,100,,48697,10,,,0
2019,'1898',615,,48702,1,,,0,30,,48709,10,,,0,70,,48718,10,,,0,30,,48725,10,,,0,70,,48703,10,,,0,30,,48710,10,,,0,70,,48719,10,,,0,30,,48726,10,,,0,70,,48704,10,,,0,30,,48711,10,,,0,70,,48720,10,,,0,30,,48727,10,,,0,70,,48705,10,,,0,30,,48712,10,,,0,70,,48721,10,,,0,30,,48728,10,,,0,70,,48706,10,,,0,30,,48713,10,,,0,70,,48722,10,,,0,30,,48729,10,,,0,70,,48707,10,,,0,30,,48714,10,,,0,70,,48723,10,,,0,30,,48730,10,,,0,70,,48708,10,,,0,30,,48715,10,,,0,70,,48724,10,,,0,100,,48716,10,,,0,100,,48731,10,,,0,100,,48717,10,,,0,100,,48732,10,,,0
2019,'1899',645,,51621,10,,,0,70,,51598,10,,,0,30,,51602,10,,,0,70,,51614,10,,,0,30,,51609,10,,,0,70,,51599,10,,,0,30,,51603,10,,,0,70,,51615,10,,,0,30,,51610,10,,,0,70,,51600,10,,,0,30,,51604,10,,,0,70,,51616,10,,,0,30,,51611,10,,,0,70,,51601,10,,,0,30,,51605,10,,,0,70,,51617,10,,,0,30,,51612,10,,,0,70,,51596,10,,,0,30,,51606,10,,,0,70,,51618,10,,,0,30,,51613,10,,,0,70,,51594,10,,,0,30,,51607,10,,,0,70,,51619,10,,,0,100,,51595,10,,,0,100,,51620,10,,,0,100,,51597,10,,,0,100,,51608,10,,,0,99,,51622,10,,,0
2029,'1838',646,,51624,46,,,0,70,,51632,46,,,0,30,,51643,46,,,0,70,,51638,46,,,0,30,,51625,46,,,0,70,,51633,46,,,0,30,,51644,46,,,0,70,,51639,46,,,0,30,,51626,46,,,0,70,,51634,46,,,0,30,,51645,46,,,0,70,,51640,46,,,0,30,,51627,46,,,0,70,,51635,46,,,0,30,,51646,46,,,0,70,,51641,46,,,0,30,,51628,46,,,0,70,,51636,46,,,0,30,,51647,46,,,0,70,,51642,46,,,0,30,,51629,46,,,0,70,,51637,46,,,0,30,,51648,46,,,0,100,,51630,46,,,0,100,,51649,46,,,0,100,,51631,46,,,0,100,,51650,46,,,0,100,,51623,46,,,0
2029,'1897',548,,48735,32,,,0,67,,48737,46,,,0,31,,48738,46,,,0,70,,48739,46,,,0,30,,48740,46,,,0,70,,48741,46,,,0,30,,48767,46,,,0,70,,48758,46,,,0,30,,48743,46,,,0,70,,48744,46,,,0,30,,48745,46,,,0,70,,48746,46,,,0,30,,48747,46,,,0,70,,48748,46,,,0,30,,48749,46,,,0,70,,48750,46,,,0,30,,48751,46,,,0,70,,48752,46,,,0,30,,48753,46,,,0,70,,48754,46,,,0,30,,48755,46,,,0,70,,48756,46,,,0,30,,48757,46,,,0,70,,48759,46,,,0,31,,48760,46,,,0,69,,48761,46,,,0,30,,48762,46,,,0,70,,48763,46,,,0,30,,48764,46,,,0,100,,48765,46,,,0,100,,48766,46,,,0,100,,48742,46,,,0
2029,'1898',615,,48799,46,4,,0,31,,48782,46,,,0,70,,48789,46,,,0,30,,48768,46,,,0,70,,48774,46,,,0,30,,48783,46,,,0,70,,48790,46,,,0,30,,48769,46,,,0,70,,48775,46,,,0,30,,48784,46,,,0,70,,48791,46,,,0,30,,48770,46,,,0,70,,48776,46,,,0,30,,48785,46,,,0,70,,48792,46,,,0,30,,48771,46,,,0,70,,48777,46,,,0,30,,48786,46,,,0,70,,48793,46,,,0,30,,48772,46,,,0,70,,48778,46,,,0,30,,48787,46,,,0,70,,48794,46,,,0,30,,48773,46,,,0,70,,48779,46,,,0,30,,48788,46,,,0,70,,48795,46,,,0,30,,48780,46,,,0,100,,48796,46,,,0,100,,48781,46,,,0,99,,48797,46,,,0
2029,'1899',646,,51657,46,,,0,70,,51665,46,,,0,30,,51676,46,,,0,70,,51671,46,,,0,30,,51658,46,,,0,70,,51666,46,,,0,30,,51677,46,,,0,70,,51672,46,,,0,30,,51659,46,,,0,70,,51667,46,,,0,30,,51678,46,,,0,70,,51673,46,,,0,30,,51660,46,,,0,70,,51668,46,,,0,30,,51679,46,,,0,70,,51674,46,,,0,30,,51661,46,,,0,70,,51669,46,,,0,30,,51680,46,,,0,70,,51675,46,,,0,30,,51662,46,,,0,70,,51670,46,,,0,30,,51681,46,,,0,100,,51663,46,,,0,100,,51682,46,,,0,100,,51664,46,,,0,100,,51683,46,,,0,100,,51656,46,,,0
6019,'1897',637,,48948,1,,,0,68,,48949,1,,,0,30,,48950,1,,,0,70,,48951,1,,,0,30,,48952,1,,,0,70,,48953,1,,,0,30,,48954,1,,,0,70,,48955,1,,,0,30,,48956,1,,,0,70,,48957,1,,,0,30,,48958,1,,,0,70,,48959,1,,,0,30,,48960,1,,,0,70,,48961,1,,,0,30,,48962,1,,,0,70,,48963,1,,,0,30,,48964,1,,,0,70,,48965,1,,,0,30,,48966,1,,,0,70,,48967,1,,,0,30,,48968,1,,,0,70,,48969,1,,,0,30,,48970,1,,,0,70,,48971,1,,,0,30,,48972,1,,,0,67,,48947,1,,,0,98,,48943,1,,,0,100,,48945,1,,,0,100,,48944,1,,,0,100,,48946,1,,,0
6019,'1898',632,,48976,1,,,0,70,,48975,1,,,0,28,,48995,1,,,0,70,,48988,1,,,0,30,,48978,1,,,0,70,,48987,1,,,0,30,,48996,1,,,0,70,,48994,1,,,0,30,,48986,1,,,0,70,,48999,1,,,0,30,,48985,1,,,0,70,,48993,1,,,0,30,,48984,1,,,0,70,,48998,1,,,0,30,,48983,1,,,0,70,,48992,1,,,0,30,,48982,1,,,0,70,,48997,1,,,0,30,,48981,1,,,0,70,,48991,1,,,0,30,,48980,1,,,0,70,,48973,1,,,0,30,,48979,1,,,0,70,,48990,1,,,0,30,,48977,1,,,0,70,,48989,1,,,0
6029,'1897',636,,49009,28,4,,0,71,,49010,28,4,,0,33,,49011,28,4,,0,70,,49012,28,4,,0,30,,49013,28,4,,0,70,,49014,28,4,,0,28,,49015,28,4,,0,70,,49016,28,4,,0,30,,49017,28,4,,0,70,,49018,28,4,,0,30,,49019,28,4,,0,70,,49020,28,4,,0,30,,49021,28,4,,0,70,,49022,28,4,,0,30,,49023,28,4,,0,70,,49024,28,4,,0,30,,49025,28,4,,0,73,,49026,28,4,,0,30,,49027,28,4,,0,70,,49028,28,4,,0,30,,49029,28,4,,0,70,,49030,28,4,,0,29,,49031,28,4,,0,67,,49032,28,4,,0,30,,49033,28,4,,0,70,,49034,28,4,,0,50,,49006,28,4,,0,98,,49008,28,4,,0,100,,49005,28,4,,0,100,,49007,28,4,,0
6029,'1898',630,,49036,28,4,,0,70,,49038,28,4,,0,25,,49054,28,4,,0,30,,49062,28,4,,0,70,,49037,28,4,,0,30,,49048,28,4,,0,70,,49055,28,4,,0,30,,49063,28,4,,0,72,,49047,28,4,,0,30,,49060,28,4,,0,70,,49046,28,4,,0,30,,49052,28,4,,0,70,,49045,28,4,,0,30,,49059,28,4,,0,70,,49044,28,4,,0,30,,49051,28,4,,0,70,,49043,28,4,,0,30,,49058,28,4,,0,70,,49042,28,4,,0,30,,49050,28,4,,0,70,,49041,28,4,,0,30,,49057,28,4,,0,70,,49040,28,4,,0,30,,49049,28,4,,0,70,,49039,28,4,,0,30,,49056,28,4,,0
16019,'1838',745,,52076,1,,,0,100,,52079,1,,,0,100,,52089,1,,,0,100,,52088,1,,,0,100,,52077,1,,,0,100,,52080,1,,,0,100,,52082,1,,,0,100,,52085,1,,,0,100,,52084,1,,,0,100,,52078,1,,,0,100,,52086,1,,,0,100,,52087,1,,,0,100,,52083,1,,,0,100,,52081,1,,,0,100,,42595,1,,,0
16019,'1897',615,,49745,1,,,0,30,,49746,1,,,0,70,,49747,1,,,0,30,,49748,1,,,0,70,,49749,1,,,0,30,,49750,1,,,0,70,,49751,1,,,0,30,,49752,1,,,0,70,,49753,1,,,0,30,,49754,1,,,0,70,,49755,1,,,0,30,,49756,1,,,0,70,,49757,1,,,0,30,,49758,1,,,0,70,,49759,1,,,0,30,,49760,1,,,0,70,,49761,1,,,0,30,,49762,1,,,0,70,,49763,1,,,0,30,,49764,1,,,0,70,,49765,1,,,0,30,,49766,1,,,0,70,,49767,1,,,0,30,,49768,1,,,0,70,,49769,1,,,0,30,,49770,1,,,0,70,,49771,1,,,0,30,,49772,1,,,0,70,,49773,1,,,0,30,,49774,1,,,0,70,,49742,1,,,0,30,,49743,1,,,0,70,,49744,1,,,0
16019,'1898',615,,49798,1,,,0,30,,49794,1,,,0,70,,49802,1,,,0,30,,49786,1,,,0,70,,49800,1,,,0,30,,49781,1,,,0,70,,49779,1,,,0,30,,49776,1,,,0,70,,49787,1,,,0,30,,49797,1,,,0,70,,49791,1,,,0,30,,49799,1,,,0,70,,49783,1,,,0,30,,49801,1,,,0,70,,49778,1,,,0,30,,49789,1,,,0,70,,49788,1,,,0,30,,49792,1,,,0,70,,49793,1,,,0,30,,49777,1,,,0,70,,49785,1,,,0,30,,49795,1,,,0,70,,49780,1,,,0,30,,49784,1,,,0,70,,49790,1,,,0,30,,49804,1,,,0,70,,49796,1,,,0,30,,49803,1,,,0,70,,49782,1,,,0,30,,49806,1,,,0,100,,49805,1,,,0,70,,49775,1,,,0
16019,'1899',745,,52090,1,,,0,100,,52093,1,,,0,100,,52103,1,,,0,100,,52102,1,,,0,100,,52091,1,,,0,100,,52094,1,,,0,100,,52096,1,,,0,100,,52099,1,,,0,100,,52098,1,,,0,100,,52092,1,,,0,100,,52100,1,,,0,100,,52101,1,,,0,100,,52097,1,,,0,100,,52095,1,,,0,100,,52104,1,,,0
16029,'1838',745,,52108,23,4,,0,99,,52109,23,4,,0,97,,52106,23,4,,0,104,,52115,23,4,,0,98,,52118,23,4,,0,100,,52114,23,4,,0,101,,52116,23,4,,0,100,,52105,23,4,,0,100,,52107,23,4,,0,99,,52111,23,4,,0,99,,52110,23,4,,0,101,,52117,23,4,,0,100,,52112,23,4,,0,102,,52113,23,4,,0,98,,42770,23,4,,0
16029,'1897',615,,49809,23,4,,0,30,,49810,23,4,,0,73,,49811,23,4,,0,37,,49812,23,4,,0,70,,49813,23,4,,0,32,,49814,23,4,,0,70,,49815,23,4,,0,29,,49816,23,4,,0,67,,49817,23,4,,0,30,,49818,23,4,,0,70,,49819,23,4,,0,30,,49820,23,4,,0,70,,49821,23,4,,0,30,,49822,23,4,,0,70,,49823,23,4,,0,30,,49824,23,4,,0,71,,49825,23,4,,0,32,,49826,23,4,,0,71,,49827,23,4,,0,29,,49828,23,4,,0,72,,49829,23,4,,0,30,,49830,23,4,,0,69,,49831,23,4,,0,28,,49832,23,4,,0,69,,49833,23,4,,0,30,,49841,23,4,,0,67,,49834,23,4,,0,30,,49835,23,4,,0,70,,49836,23,4,,0,24,,49837,23,4,,0,70,,49838,23,4,,0,29,,49839,23,4,,0,70,,49840,23,4,,0
16029,'1898',614,,49849,23,4,,0,27,,49864,23,4,,0,70,,49857,23,4,,0,30,,49842,23,4,,0,70,,49850,23,4,,0,30,,49865,23,4,,0,70,,49858,23,4,,0,30,,49843,23,4,,0,71,,49851,23,4,,0,30,,49866,23,4,,0,70,,49859,23,4,,0,31,,49844,23,4,,0,70,,49852,23,4,,0,30,,49867,23,4,,0,71,,49860,23,4,,0,30,,49845,23,4,,0,71,,49853,23,4,,0,29,,49868,23,4,,0,71,,49861,23,4,,0,30,,49846,23,4,,0,69,,49854,23,4,,0,30,,49869,23,4,,0,69,,49862,23,4,,0,29,,49847,23,4,,0,71,,49855,23,4,,0,30,,49870,23,4,,0,70,,49863,23,4,,0,30,,49848,23,4,,0,69,,49856,23,4,,0,31,,49871,23,4,,0,97,,49872,23,4,,0,73,,49873,23,4,,0
16029,'1899',745,,52122,23,4,,0,99,,52123,23,4,,0,97,,52120,23,4,,0,104,,52129,23,4,,0,98,,52132,23,4,,0,100,,52128,23,4,,0,101,,52130,23,4,,0,100,,52119,23,4,,0,100,,52121,23,4,,0,99,,52125,23,4,,0,99,,52124,23,4,,0,101,,52131,23,4,,0,100,,52126,23,4,,0,102,,52127,23,4,,0,98,,52133,23,4,,0
31019,'1838',630,,38194,1,,,0,100,,38195,1,,,0,100,,38196,1,,,0,100,,38197,1,,,0,100,,38198,1,,,0,100,,38199,1,,,0,100,,38200,1,,,0,100,,38201,1,,,0,100,,38202,1,,,0,100,,38203,1,,,0,100,,38204,1,,,0,100,,38205,1,,,0,100,,38206,1,,,0,100,,38207,1,,,0,100,,38208,1,,,0,100,,38209,1,,,0,100,,38210,1,,,0,95,,38212,1,0,5 2 8 7,0
31019,'1897',630,,50118,1,,,0,70,,50133,1,,,0,30,,50146,1,,,0,70,,50129,1,,,0,30,,50126,1,,,0,70,,50140,1,,,0,30,,50121,1,,,0,70,,50134,1,,,0,30,,50145,1,,,0,70,,50132,1,,,0,30,,50127,1,,,0,70,,50139,1,,,0,30,,50120,1,,,0,70,,50135,1,,,0,30,,50144,1,,,0,70,,50130,1,,,0,30,,50124,1,,,0,70,,50138,1,,,0,30,,50122,1,,,0,70,,50136,1,,,0,30,,50143,1,,,0,70,,50131,1,,,0,30,,50125,1,,,0,70,,50137,1,,,0,30,,50119,1,,,0,70,,50154,1,,,0,30,,50142,1,,,0,70,,50149,1,0,5 2 8 7,0,30,,50128,1,,,0,70,,50150,1,0,5 2 8 7,0,30,,50123,1,,,0,70,,50152,1,0,5 2 8 7,0,30,,50141,1,,,0,70,,50151,1,0,5 2 8 7,0,25,,50147,1,0,5 2 8 7,0
31019,'1898',630,,50160,1,,,0,70,,50176,1,,,0,30,,50189,1,,,0,70,,50172,1,,,0,30,,50166,1,,,0,70,,50182,1,,,0,30,,50159,1,,,0,70,,50175,1,,,0,30,,50184,1,,,0,70,,50171,1,,,0,30,,50165,1,,,0,70,,50181,1,,,0,30,,50158,1,,,0,70,,50174,1,,,0,30,,50187,1,,,0,70,,50170,1,,,0,30,,50164,1,,,0,70,,50180,1,,,0,30,,50157,1,,,0,70,,50173,1,,,0,30,,50186,1,,,0,70,,50169,1,,,0,30,,50163,1,,,0,70,,50179,1,,,0,30,,50156,1,,,0,70,,50191,1,,,0,30,,50185,1,,,0,70,,50168,1,0,5 2 8 7,0,30,,50162,1,,,0,70,,50178,1,0,5 2 8 7,0,30,,50155,1,,,0,70,,50167,1,0,5 2 8 7,0,30,,50188,1,,,0,70,,50177,1,0,5 2 8 7,0,25,,50161,1,0,5 2 8 7,0
31019,'1899',630,,52290,1,,,0,100,,52291,1,,,0,100,,52292,1,,,0,100,,52293,1,,,0,100,,52294,1,,,0,100,,52295,1,,,0,100,,52296,1,,,0,100,,52297,1,,,0,100,,52298,1,,,0,100,,52299,1,,,0,100,,52300,1,,,0,100,,52301,1,,,0,100,,52302,1,,,0,100,,52303,1,,,0,100,,52304,1,,,0,100,,52305,1,,,0,100,,52306,1,,,0,95,,52308,1,0,5 2 8 7,0
32019,'1838',559,,38360,12,4,,0,96,,38343,42,4,,0,100,,38344,42,4,,0,100,,38345,42,4,,0,99,,38346,42,4,,0,103,,38347,42,4,,0,100,,38348,42,4,,0,100,,38349,42,4,,0,100,,38350,42,4,,0,100,,38351,42,4,,0,100,,38352,42,4,,0,100,,38353,42,4,,0,100,,38354,42,4,,0,100,,38355,42,4,,0,99,,38356,42,4,,0,100,,38357,42,4,,0,100,,38358,42,4,,0,100,,38359,42,4,,0
32019,'1897',440,,50228,12,4,,0,89,,50230,12,4,,0,30,,50231,12,4,,0,70,,50227,12,4,,0,30,,50202,42,4,,0,70,,50218,42,4,,0,30,,50197,42,4,,0,69,,50213,42,4,,0,30,,50223,42,4,,0,69,,50207,42,4,,0,30,,50205,42,4,,0,70,,50217,42,4,,0,30,,50195,42,4,,0,70,,50211,42,4,,0,30,,50222,42,4,,0,70,,50209,42,4,,0,30,,50204,42,4,,0,70,,50216,42,4,,0,30,,50198,42,4,,0,72,,50210,42,4,,0,30,,50221,42,4,,0,70,,50208,42,4,,0,71,,50201,42,4,,0,30,,50215,42,4,,0,28,,50194,42,4,,0,70,,50212,42,4,,0,29,,50220,42,4,,0,70,,50206,42,4,,0,30,,50203,42,4,,0,69,,50214,42,4,,0,30,,50199,42,4,,0,70,,50224,12,4,,0,30,,50219,42,4,,0,70,,50226,12,4,,0,30,,50200,42,4,,0,70,,50225,12,4,,0,30,,50196,42,4,,0
32019,'1898',529,,50267,12,4,,0,30,,50268,12,4,,0,70,,50250,12,4,,0,26,,50243,42,4,,0,70,,50260,42,4,,0,30,,50237,42,4,,0,70,,50254,42,4,,0,30,,50261,42,4,,0,70,,50249,42,4,,0,29,,50242,42,4,,0,72,,50259,42,4,,0,31,,50236,42,4,,0,70,,50253,42,4,,0,30,,50264,42,4,,0,70,,50248,42,4,,0,30,,50241,42,4,,0,70,,50258,42,4,,0,30,,50235,42,4,,0,70,,50252,42,4,,0,30,,50263,42,4,,0,70,,50247,42,4,,0,30,,50240,42,4,,0,70,,50257,42,4,,0,30,,50234,42,4,,0,70,,50251,42,4,,0,30,,50265,42,4,,0,70,,50246,42,4,,0,30,,50239,42,4,,0,69,,50255,42,4,,0,30,,50233,42,4,,0,70,,50245,12,4,,0,30,,50262,42,4,,0,70,,50256,12,4,,0,30,,50238,42,4,,0,70,,50244,12,4,,0,30,,50232,42,4,,0
32019,'1899',559,,52326,12,4,,0,96,,52309,42,4,,0,100,,52310,42,4,,0,100,,52311,42,4,,0,99,,52312,42,4,,0,103,,52313,42,4,,0,100,,52314,42,4,,0,100,,52315,42,4,,0,100,,52316,42,4,,0,100,,52317,42,4,,0,100,,52318,42,4,,0,100,,52319,42,4,,0,100,,52320,42,4,,0,100,,52321,42,4,,0,99,,52322,42,4,,0,100,,52323,42,4,,0,100,,52324,42,4,,0,100,,52325,42,4,,0
14000001019,'1838',2410,,52974,17,,,0,30,,52973,17,,,0,70,,52978,17,,,0,30,,52975,17,,,0,70,,52976,17,,,0
14000001019,'1897',2410,,51500,17,,,0,30,,51497,17,,,0,70,,51501,17,,,0,30,,51499,17,,,0,70,,51498,17,,,0
14000001019,'1898',2410,,51508,17,,,0,30,,51509,17,,,0,70,,51510,17,,,0,30,,51511,17,,,0,70,,51506,17,,,0
14000001019,'1899',2410,,52979,17,,,0,30,,52981,17,,,0,70,,52982,17,,,0,30,,52983,17,,,0,70,,52984,17,,,0
14000001029,'1838',552,,52991,31,0,18 7,0,1854,,52986,31,,,0,30,,52988,31,,,0,70,,52989,32,,,0,30,,52987,32,,,0,70,,52992,32,,,0,30,,52990,32,,,0
14000001029,'1897',452,,51514,31,0,18 7,0,102,,51515,31,0,18 7,0,1852,,51519,31,,,0,30,,51521,31,,,0,70,,51518,32,,,0,30,,51517,32,,,0,70,,51516,32,,,0,30,,51520,32,,,0
14000001029,'1898',552,,51526,31,0,18 7,0,1854,,51524,31,,,0,30,,51528,31,,,0,70,,51527,32,,,0,30,,51525,32,,,0,70,,51522,32,,,0,30,,51523,32,,,0
14000001029,'1899',552,,52997,31,0,18 7,0,1854,,52993,31,,,0,30,,52999,31,,,0,70,,52995,32,,,0,30,,52994,32,,,0,70,,52998,32,,,0,30,,52996,32,,,0
