22029,'1912',707,,67683,7,0,19 2 33 21,0,99,,72010,7,,,0,100,,72011,7,,,0,100,,72012,7,,,0,100,,72013,7,,,0,100,,72014,7,,,0,100,,72015,7,,,0,100,,72016,7,,,0,100,,72017,7,,,0,100,,72018,7,,,0,100,,67681,7,,,0,100,,62341,7,0,19 2 33 21,0,100,,62338,7,0,19 2 33 21,0,100,,62339,7,0,19 2 33 21,0,100,,72019,7,0,19 2 33 21,0
22029,'1959',707,,67695,7,0,19 2 33 21,0,99,,72052,7,,,0,100,,72053,7,,,0,100,,72054,7,,,0,100,,72055,7,,,0,100,,72056,7,,,0,100,,72057,7,,,0,100,,72058,7,,,0,100,,72059,7,,,0,100,,72060,7,,,0,100,,67693,7,,,0,100,,62356,7,0,19 2 33 21,0,100,,62353,7,0,19 2 33 21,0,100,,62354,7,0,19 2 33 21,0,100,,72061,7,0,19 2 33 21,0
22029,'1967',610,,62327,7,0,19 2 33 21,0,30,,62326,7,0,19 2 33 21,0,65,,62319,7,0,19 2 33 21,0,30,,62314,7,0,19 2 33 21,0,70,,62320,7,0,19 2 33 21,0,30,,62296,7,,,0,70,,62297,7,,,0,30,,62298,7,,,0,71,,62299,7,,,0,30,,62300,7,,,0,70,,62301,7,,,0,30,,62302,7,,,0,70,,62303,7,,,0,31,,62304,7,,,0,70,,62305,7,,,0,31,,62306,7,,,0,69,,62307,7,,,0,31,,62308,7,,,0,70,,62309,7,,,0,30,,62310,7,,,0,70,,62311,7,,,0,29,,62312,7,,,0,69,,62313,7,,,0,31,,62315,7,0,19 2 33 21,0,69,,62321,7,0,19 2 33 21,0,30,,62316,7,0,19 2 33 21,0,70,,62322,7,0,19 2 33 21,0,30,,62317,7,0,19 2 33 21,0,70,,62323,7,0,19 2 33 21,0,30,,62318,7,0,19 2 33 21,0,67,,62324,7,0,19 2 33 21,0,33,,62325,7,0,19 2 33 21,0
22029,'1969',707,,67707,7,0,19 2 33 21,0,99,,72020,7,,,0,100,,72021,7,,,0,100,,72022,7,,,0,100,,72023,7,,,0,100,,72024,7,,,0,100,,72025,7,,,0,100,,72026,7,,,0,100,,72027,7,,,0,100,,72028,7,,,0,100,,67705,7,,,0,100,,62371,7,0,19 2 33 21,0,100,,62368,7,0,19 2 33 21,0,100,,62369,7,0,19 2 33 21,0,100,,72029,7,0,19 2 33 21,0
22029,'1976',641,,72031,7,0,19 2 33 21,0,72,,72032,7,0,19 2 33 21,0,30,,72033,7,0,19 2 33 21,0,73,,74536,7,0,19 2 33 21,0,30,,74537,7,0,19 2 33 21,0,70,,74538,7,,,0,27,,72037,7,,,0,70,,72042,7,,,0,30,,74539,7,,,0,70,,72043,7,,,0,30,,72039,7,,,0,70,,72030,7,,,0,30,,72040,7,,,0,70,,72041,7,,,0,31,,72044,7,,,0,70,,72045,7,,,0,30,,74540,7,,,0,69,,62280,7,,,0,32,,74541,7,,,0,70,,74542,7,,,0,30,,74543,7,,,0,68,,74544,7,,,0,30,,74545,7,,,0,70,,74546,7,,,0,28,,74547,7,,,0,70,,74548,7,,,0,30,,74549,7,,,0,65,,72049,7,,,0,30,,74550,7,,,0,70,,72050,7,,,0,30,,72051,7,0,19 2 33 21,0,172,,62295,7,0,19 2 33 21,0,36,,62294,7,0,19 2 33 21,0
22029,'1977',641,,75772,7,0,19 2 33 21,0,72,,75773,7,0,19 2 33 21,0,30,,75774,7,0,19 2 33 21,0,73,,75775,7,0,19 2 33 21,0,30,,75776,7,0,19 2 33 21,0,70,,75777,7,,,0,27,,75778,7,,,0,70,,75783,7,,,0,30,,75779,7,,,0,70,,75784,7,,,0,30,,75780,7,,,0,70,,75771,7,,,0,30,,75781,7,,,0,70,,75782,7,,,0,31,,75785,7,,,0,70,,75786,7,,,0,30,,75787,7,,,0,69,,75788,7,,,0,32,,75789,7,,,0,70,,75790,7,,,0,30,,75791,7,,,0,68,,75792,7,,,0,30,,75793,7,,,0,70,,75794,7,,,0,28,,75795,7,,,0,70,,75796,7,,,0,30,,75797,7,,,0,65,,75798,7,,,0,30,,75799,7,,,0,70,,75800,7,,,0,30,,75801,7,0,19 2 33 21,0,172,,75803,7,0,19 2 33 21,0,36,,75802,7,0,19 2 33 21,0
600019,'1977',710,,76182,7,,,0,40,,76183,7,,,0,56,,76184,7,,,0,546,,76185,7,,,0,70,,76186,7,,,0,21,,76187,7,,,0,97,,76188,7,,,0,100,,76189,7,,,0
601019,'1912',2246,,64031,7,,,0
601019,'1959',616,,64050,7,,,0,30,,64068,7,,,0,70,,64049,7,,,0,30,,64067,7,,,0,70,,64048,7,,,0,30,,64066,7,,,0,70,,64047,7,,,0,30,,64065,7,,,0,70,,64045,7,,,0,30,,64064,7,,,0,70,,64046,7,,,0,30,,64063,7,,,0,70,,64044,7,,,0,30,,64062,7,,,0,70,,64040,7,,,0,30,,64061,7,,,0,70,,64043,7,,,0,30,,64060,7,,,0,70,,64041,7,,,0,30,,64059,7,,,0,70,,64039,7,,,0,30,,64058,7,,,0,70,,64042,7,,,0,30,,64057,7,,,0,70,,64036,7,,,0,30,,64056,7,,,0,70,,64037,7,,,0,30,,64055,7,,,0,70,,64038,7,,,0,30,,64054,7,,,0,70,,64035,7,,,0,30,,64053,7,,,0,70,,64034,7,,,0,30,,64052,7,,,0
601019,'1967',616,,64012,7,,,0,30,,64030,7,,,0,70,,64011,7,,,0,30,,64029,7,,,0,70,,64010,7,,,0,30,,64028,7,,,0,70,,64009,7,,,0,30,,64027,7,,,0,70,,64007,7,,,0,30,,64025,7,,,0,70,,64008,7,,,0,30,,64026,7,,,0,70,,64006,7,,,0,30,,64024,7,,,0,70,,63997,7,,,0,30,,64023,7,,,0,70,,64005,7,,,0,30,,64022,7,,,0,70,,64003,7,,,0,30,,64021,7,,,0,70,,63998,7,,,0,30,,64019,7,,,0,70,,64000,7,,,0,30,,64020,7,,,0,70,,64004,7,,,0,30,,64018,7,,,0,70,,63999,7,,,0,30,,64017,7,,,0,70,,64002,7,,,0,30,,64016,7,,,0,70,,64001,7,,,0,30,,64015,7,,,0,70,,63996,7,,,0,30,,64014,7,,,0
601019,'1969',2146,,64071,7,,,0,70,,64069,7,,,0,30,,64070,7,,,0
601019,'1976',614,,63995,7,,,0,19,,63975,7,,,0,16,,63977,7,0,19 2 11 2 34,0,53,,63970,7,0,19 2 11 2 34,0,12,,63974,7,0,19 2 11 2 34,0,15,,63984,7,0,19 2 11 2 34,0,17,,63978,7,0,19 2 11 2 34,0,55,,63969,7,0,19 2 11 2 34,0,15,,63971,7,0,19 2 11 2 34,0,15,,63983,7,0,19 2 11 2 34,0,23,,63957,7,0,5 2 11 2 12,0,70,,63958,7,0,5 2 11 2 12,0,30,,63959,7,0,5 2 11 2 12,0,70,,74958,7,0,5 2 11 2 12,0,30,,74959,7,0,5 2 11 2 12,0,70,,63962,7,0,5 2 11 2 12,0,30,,63963,7,0,5 2 11 2 12,0,70,,63964,7,0,5 2 11 2 12,0,30,,74960,7,0,5 2 11 2 12,0,70,,74961,7,0,5 2 11 2 12,0,30,,63967,7,0,5 2 11 2 12,0,62,,63952,7,,,0,13,,63991,7,0,19 2 11 2 34,0,15,,63980,7,0,19 2 11 2 34,0,15,,63987,7,0,19 2 11 2 34,0,55,,63976,7,0,19 2 11 2 34,0,15,,63988,7,0,19 2 11 2 34,0,15,,63979,7,0,19 2 11 2 34,0,15,,63985,7,0,19 2 11 2 34,0,55,,63981,7,0,19 2 11 2 34,0,15,,63986,7,0,19 2 11 2 34,0,15,,63973,7,0,19 2 11 2 34,0,15,,63989,7,0,19 2 11 2 34,0,55,,63968,7,0,19 2 11 2 34,0,15,,63992,7,0,19 2 11 2 34,0,14,,63972,7,0,19 2 11 2 34,0,15,,63990,7,0,19 2 11 2 34,0,55,,63946,7,,,0,30,,63947,7,,,0,15,,63955,7,,,0,55,,63953,7,,,0,30,,63950,7,,,0,70,,63951,7,,,0,30,,63945,7,,,0,70,,63948,7,,,0,30,,63944,7,,,0,70,,63949,7,,,0,33,,63954,7,,,0
601019,'1977',2143,,76201,7,,,0,70,,76202,7,,,0,33,,76203,7,,,0
