2029,'1912',622,,70465,18,,,0,30,,70473,18,,,0,68,,70484,18,,,0,30,,70479,18,,,0,70,,70466,18,,,0,30,,70474,18,,,0,71,,70485,18,,,0,30,,70480,18,,,0,55,,66011,7,0,12,0,15,,70467,18,,,0,30,,70475,18,,,0,70,,70486,18,,,0,30,,70481,18,,,0,70,,70468,18,,,0,30,,70476,18,,,0,70,,70487,18,,,0,30,,70482,18,,,0,70,,70469,18,,,0,30,,70477,18,,,0,70,,70488,18,,,0,30,,70483,18,,,0,70,,70470,18,,,0,30,,70478,18,,,0,70,,70489,18,,,0,100,,70471,18,,,0,97,,70490,18,,,0,100,,70472,18,,,0,101,,70491,18,,,0,100,,70464,18,,,0
2029,'1924',1006,,66012,7,0,12,0
2029,'1925',622,,70497,18,,,0,30,,70505,18,,,0,68,,70516,18,,,0,30,,70511,18,,,0,70,,70498,18,,,0,30,,70506,18,,,0,71,,70517,18,,,0,30,,70512,18,,,0,55,,66013,7,0,12,0,15,,70499,18,,,0,30,,70507,18,,,0,70,,70518,18,,,0,30,,70513,18,,,0,70,,70500,18,,,0,30,,70508,18,,,0,70,,70519,18,,,0,30,,70514,18,,,0,70,,70501,18,,,0,30,,70509,18,,,0,70,,70520,18,,,0,30,,70515,18,,,0,70,,70502,18,,,0,30,,70510,18,,,0,70,,70521,18,,,0,100,,70503,18,,,0,97,,70522,18,,,0,100,,70504,18,,,0,101,,70523,18,,,0,100,,70496,18,,,0
2029,'1955',552,,59613,22,0,5 2 15 16 17,0,70,,59596,22,,,0,30,,59603,22,,,0,68,,59582,22,,,0,30,,59588,22,,,0,70,,59597,22,,,0,30,,59604,22,,,0,71,,59583,22,,,0,30,,59589,22,,,0,70,,59598,22,,,0,30,,59605,22,,,0,70,,59584,22,,,0,30,,59590,22,,,0,70,,59599,22,,,0,30,,59606,22,,,0,70,,59585,22,,,0,30,,59591,22,,,0,70,,59600,22,,,0,30,,59607,22,,,0,70,,59586,22,,,0,30,,59592,22,,,0,70,,59601,22,,,0,30,,59608,22,,,0,70,,59587,22,,,0,30,,59593,22,,,0,70,,59602,22,,,0,30,,59609,22,,,0,69,,59594,22,,,0,100,,59610,22,,,0,100,,59595,22,,,0,100,,59611,22,,,0
2029,'1956',622,,59650,22,,,0,30,,59658,22,,,0,68,,59669,22,,,0,30,,59664,22,,,0,70,,59651,22,,,0,30,,59659,22,,,0,71,,59670,22,,,0,30,,59665,22,,,0,70,,59652,22,,,0,30,,59660,22,,,0,70,,59671,22,,,0,30,,59666,22,,,0,70,,59653,22,,,0,30,,59661,22,,,0,70,,59672,22,,,0,30,,59667,22,,,0,70,,59654,22,,,0,30,,59662,22,,,0,70,,59673,22,,,0,30,,59668,22,,,0,70,,59655,22,,,0,30,,59663,22,,,0,70,,59674,22,,,0,100,,59656,22,,,0,97,,59675,22,,,0,100,,59657,22,,,0,101,,59676,22,,,0,100,,59649,22,,,0
2029,'1957',526,,70545,7,,,0,25,,70528,18,,,0,70,,70529,18,,,0,26,,70530,18,,,0,72,,70531,18,,,0,28,,70532,18,,,0,70,,70533,18,,,0,30,,70534,18,,,0,72,,70535,18,,,0,30,,70536,18,,,0,70,,70559,18,,,0,30,,70555,18,,,0,70,,70561,18,,,0,30,,70557,18,,,0,70,,70558,18,,,0,30,,70554,18,,,0,70,,70560,18,,,0,30,,70556,18,,,0,70,,70562,18,,,0,32,,70537,18,,,0,74,,70538,18,,,0,30,,70539,18,,,0,70,,70540,18,,,0,30,,70541,18,,,0,70,,70542,18,,,0,28,,70543,18,,,0,67,,70544,18,,,0,30,,70548,18,,,0,70,,70549,18,,,0,100,,70550,18,,,0,100,,70551,18,,,0,100,,70547,18,,,0
2029,'1958',552,,70594,18,,,0,70,,70577,18,,,0,30,,70584,18,,,0,68,,70563,18,,,0,30,,70569,18,,,0,70,,70578,18,,,0,30,,70585,18,,,0,71,,70564,18,,,0,30,,70570,18,,,0,70,,70579,18,,,0,30,,70586,18,,,0,70,,70565,18,,,0,30,,70571,18,,,0,70,,70580,18,,,0,30,,70587,18,,,0,70,,70566,18,,,0,30,,70572,18,,,0,70,,70581,18,,,0,30,,70588,18,,,0,70,,70567,18,,,0,30,,70573,18,,,0,70,,70582,18,,,0,30,,70589,18,,,0,70,,70568,18,,,0,30,,70574,18,,,0,70,,70583,18,,,0,30,,70590,18,,,0,69,,70575,18,,,0,100,,70591,18,,,0,100,,70576,18,,,0,100,,70592,18,,,0
2029,'1959',622,,70598,18,,,0,30,,70606,18,,,0,68,,70617,18,,,0,30,,70612,18,,,0,70,,70599,18,,,0,30,,70607,18,,,0,71,,70618,18,,,0,30,,70613,18,,,0,70,,70600,18,,,0,30,,70608,18,,,0,70,,70619,18,,,0,30,,70614,18,,,0,70,,70601,18,,,0,30,,70609,18,,,0,70,,70620,18,,,0,30,,70615,18,,,0,70,,70602,18,,,0,30,,70610,18,,,0,70,,70621,18,,,0,30,,70616,18,,,0,70,,70603,18,,,0,30,,70611,18,,,0,70,,70622,18,,,0,100,,70604,18,,,0,97,,70623,18,,,0,100,,70605,18,,,0,101,,70624,18,,,0,100,,70597,18,,,0
14000001029,'1909',432,,65864,7,0,18 7,0,2012,,65871,7,,,0,170,,65870,7,,,0
14000001029,'1910',2444,,65872,7,,,0,170,,65875,7,,,0
14000001029,'1912',534,,73589,7,0,18 7,0,1811,,70205,7,,,0,69,,73588,7,,,0,30,,65884,7,,,0,70,,70206,7,,,0,30,,73587,7,,,0,70,,65880,7,,,0
14000001029,'1924',2345,,70208,7,,,0,99,,65891,7,,,0,70,,70209,7,,,0,100,,65887,7,,,0
14000001029,'1925',534,,73592,7,0,18 7,0,1811,,70211,7,,,0,69,,73591,7,,,0,30,,65898,7,,,0,70,,70212,7,,,0,30,,73590,7,,,0,70,,65894,7,,,0
14000001029,'1955',534,,70203,7,0,18 7,0,1811,,70204,7,,,0,69,,65873,7,,,0,100,,70202,7,,,0,30,,65877,7,,,0
14000001029,'1956',534,,70210,7,0,18 7,0,1880,,65890,7,,,0,130,,65889,7,,,0
14000001029,'1957',534,,73593,7,0,18 7,0,1811,,73595,7,,,0,69,,73596,7,,,0,100,,73594,7,,,0,30,,73597,7,,,0
14000001029,'1958',534,,73600,7,0,18 7,0,1811,,73602,7,,,0,69,,73598,7,,,0,100,,73599,7,,,0,30,,73601,7,,,0
14000001029,'1959',534,,73605,7,0,18 7,0,1880,,73604,7,,,0,130,,73603,7,,,0
