1019,'1912',636,,73606,47,,,0,100,,73607,47,,,0,101,,73608,47,,,0,100,,73609,47,,,0,100,,73610,47,,,0,102,,73611,47,,,0,100,,73612,47,,,0,100,,73613,47,,,0,100,,73614,47,,,0,100,,73615,47,,,0,100,,73616,47,,,0,100,,73617,47,,,0,100,,73618,47,,,0,98,,73619,47,,,0,100,,73620,47,,,0,100,,73621,47,,,0,102,,73622,47,,,0,95,,73623,47,,,0
1019,'1966',607,,70266,48,,,0,30,,70255,48,,,0,70,,70241,48,,,0,30,,70260,48,,,0,70,,70250,48,,,0,30,,70235,48,,,0,70,,70256,48,,,0,30,,70258,48,,,0,70,,70240,48,,,0,32,,70261,48,,,0,70,,70249,48,,,0,30,,70234,48,,,0,70,,70244,48,,,0,30,,70254,48,,,0,70,,70239,48,,,0,30,,70262,48,,,0,70,,70248,48,,,0,30,,70233,48,,,0,70,,70243,48,,,0,30,,70253,48,,,0,70,,70238,48,,,0,30,,70263,48,,,0,70,,70247,48,,,0,30,,70232,48,,,0,70,,70242,48,,,0,30,,70252,48,,,0,70,,70236,48,,,0,28,,70264,48,,,0,70,,70245,48,,,0,30,,70231,48,,,0,70,,70237,48,,,0,30,,70251,48,,,0,74,,70246,48,,,0,30,,70265,48,,,0,70,,70259,48,,,0,25,,70257,48,,,0
1019,'1968',636,,59175,48,,,0,100,,59176,48,,,0,101,,59177,48,,,0,100,,59178,48,,,0,100,,59179,48,,,0,102,,59180,48,,,0,100,,59181,48,,,0,100,,59182,48,,,0,100,,59183,48,,,0,100,,59184,48,,,0,100,,59185,48,,,0,100,,59186,48,,,0,100,,59187,48,,,0,98,,59188,48,,,0,100,,59189,48,,,0,100,,59190,48,,,0,102,,59191,48,,,0,95,,59192,48,,,0
1019,'1970',606,,73659,47,,,0,35,,73655,47,,,0,71,,73631,47,,,0,33,,73626,47,,,0,70,,73644,47,,,0,30,,73628,47,,,0,71,,73633,47,,,0,32,,73658,47,,,0,70,,73630,47,,,0,30,,73624,47,,,0,70,,73643,47,,,0,30,,73629,47,,,0,70,,73634,47,,,0,30,,73654,47,,,0,70,,73632,47,,,0,30,,73625,47,,,0,70,,73656,47,,,0,32,,73627,47,,,0,70,,73635,47,,,0,30,,73653,47,,,0,70,,73646,47,,,0,30,,73638,47,,,0,70,,73636,47,,,0,27,,73639,47,,,0,68,,73641,47,,,0,30,,73640,47,,,0,70,,73637,47,,,0,25,,73657,47,,,0,70,,73651,47,,,0,28,,73652,47,,,0,70,,73650,47,,,0,30,,73649,47,,,0,70,,73648,47,,,0,30,,73647,47,,,0,70,,73645,47,,,0,30,,73642,47,,,0
1019,'1971',607,,73695,47,,,0,30,,73684,47,,,0,70,,73670,47,,,0,30,,73689,47,,,0,70,,73679,47,,,0,30,,73664,47,,,0,70,,73685,47,,,0,30,,73687,47,,,0,70,,73669,47,,,0,32,,73690,47,,,0,70,,73678,47,,,0,30,,73663,47,,,0,70,,73673,47,,,0,30,,73683,47,,,0,70,,73668,47,,,0,30,,73691,47,,,0,70,,73677,47,,,0,30,,73662,47,,,0,70,,73672,47,,,0,30,,73682,47,,,0,70,,73667,47,,,0,30,,73692,47,,,0,70,,73676,47,,,0,30,,73661,47,,,0,70,,73671,47,,,0,30,,73681,47,,,0,70,,73665,47,,,0,28,,73693,47,,,0,70,,73674,47,,,0,30,,73660,47,,,0,70,,73666,47,,,0,30,,73680,47,,,0,74,,73675,47,,,0,30,,73694,47,,,0,70,,73688,47,,,0,25,,73686,47,,,0
1019,'1972',636,,73696,47,,,0,100,,73697,47,,,0,101,,73698,47,,,0,100,,73699,47,,,0,100,,73700,47,,,0,102,,73701,47,,,0,100,,73702,47,,,0,100,,73703,47,,,0,100,,73704,47,,,0,100,,73705,47,,,0,100,,73706,47,,,0,100,,73707,47,,,0,100,,73708,47,,,0,98,,73709,47,,,0,100,,73710,47,,,0,100,,73711,47,,,0,102,,73712,47,,,0,95,,73713,47,,,0
1019,'1973',636,,73714,47,,,0,100,,73715,47,,,0,101,,73716,47,,,0,100,,73717,47,,,0,100,,73718,47,,,0,102,,73719,47,,,0,100,,73720,47,,,0,100,,73721,47,,,0,100,,73722,47,,,0,100,,73723,47,,,0,100,,73724,47,,,0,100,,73725,47,,,0,100,,73726,47,,,0,98,,73727,47,,,0,100,,73728,47,,,0,100,,73729,47,,,0,102,,73730,47,,,0,95,,73731,47,,,0
802019,'1912',840,,70057,9,,,0,70,,70055,9,,,0,30,,73518,9,,,0,70,,70060,9,,,0,30,,70046,9,,,0,70,,70052,9,,,0,30,,70051,9,,,0,71,,70036,9,,,0,30,,70050,9,,,0,70,,70044,9,,,0,30,,70045,9,,,0,70,,70062,9,,,0,30,,70058,9,,,0,70,,70048,9,,,0,30,,70043,9,,,0,70,,70059,9,,,0,30,,70049,9,,,0,70,,70037,9,,,0,30,,70038,9,,,0,70,,70053,9,,,0,30,,70047,9,,,0,69,,70042,9,,,0,30,,70040,9,,,0,70,,70054,9,,,0,30,,70041,9,,,0,70,,70039,9,,,0,30,,70061,9,,,0
802019,'1959',840,,70084,9,,,0,70,,70082,9,,,0,30,,73559,9,,,0,70,,70087,9,,,0,30,,70073,9,,,0,70,,70079,9,,,0,30,,70078,9,,,0,71,,70063,9,,,0,30,,70077,9,,,0,70,,70071,9,,,0,30,,70072,9,,,0,70,,70089,9,,,0,30,,70085,9,,,0,70,,70075,9,,,0,30,,70070,9,,,0,70,,70086,9,,,0,30,,70076,9,,,0,70,,70064,9,,,0,30,,70065,9,,,0,70,,70080,9,,,0,30,,70074,9,,,0,69,,70069,9,,,0,30,,70067,9,,,0,70,,70081,9,,,0,30,,70068,9,,,0,70,,70066,9,,,0,30,,70088,9,,,0
802019,'1965',659,,73539,9,,,0,70,,73538,9,,,0,20,,65662,9,,,0,60,,73520,9,,,0,30,,73537,9,,,0,71,,73521,9,,,0,98,,70138,9,,,0,30,,73523,9,,,0,170,,73525,9,,,0,30,,73526,9,,,0,100,,70145,9,,,0,70,,73528,9,,,0,124,,70149,9,,,0,80,,70163,9,,,0,20,,70151,9,,,0,20,,70152,9,,,0,198,,73533,9,,,0,159,,70157,9,,,0,125,,73536,9,,,0
802019,'1966',2010,,73557,9,,,0,130,,73553,9,,,0
802019,'1967',840,,73556,9,,,0,70,,73555,9,,,0,30,,70034,9,,,0,71,,73558,9,,,0,30,,73547,9,,,0,70,,73550,9,,,0,30,,70011,9,,,0,70,,73548,9,,,0,30,,70025,9,,,0,70,,73549,9,,,0,30,,73542,9,,,0,70,,73551,9,,,0,30,,70021,9,,,0,70,,73546,9,,,0,30,,70015,9,,,0,70,,73544,9,,,0,30,,70012,9,,,0,70,,73545,9,,,0,30,,70016,9,,,0,70,,73543,9,,,0,30,,70014,9,,,0,69,,70026,9,,,0,30,,73554,9,,,0,100,,65687,9,,,0,70,,73552,9,,,0
802019,'1969',840,,70111,9,,,0,70,,70109,9,,,0,30,,73519,9,,,0,70,,70114,9,,,0,30,,70100,9,,,0,70,,70106,9,,,0,30,,70105,9,,,0,71,,70090,9,,,0,30,,70104,9,,,0,70,,70098,9,,,0,30,,70099,9,,,0,70,,70116,9,,,0,30,,70112,9,,,0,70,,70102,9,,,0,30,,70097,9,,,0,70,,70113,9,,,0,30,,70103,9,,,0,70,,70091,9,,,0,30,,70092,9,,,0,70,,70107,9,,,0,30,,70101,9,,,0,69,,70096,9,,,0,30,,70094,9,,,0,70,,70108,9,,,0,30,,70095,9,,,0,70,,70093,9,,,0,30,,70115,9,,,0
802019,'1970',614,,75046,9,,,0,324,,75031,9,,,0,170,,75032,9,,,0,30,,75033,9,,,0,170,,75034,9,,,0,134,,75035,9,,,0,70,,75036,9,,,0,40,,75037,9,,,0,160,,75038,9,,,0,19,,75039,9,,,0,19,,75045,9,,,0,60,,75040,9,,,0,20,,75047,9,,,0,80,,75041,9,,,0,30,,75042,9,,,0,94,,75043,9,,,0,70,,75044,9,,,0
802019,'1971',2010,,75049,9,,,0,130,,75048,9,,,0
