32019,'1912',624,,74670,5,,,0,95,,74671,5,,,0,100,,74672,5,,,0,100,,74673,5,,,0,100,,74674,5,,,0,100,,74675,5,,,0,101,,74676,5,,,0,100,,74677,5,,,0,100,,74678,5,,,0,100,,74679,5,,,0,100,,74680,5,,,0,100,,74681,5,,,0,99,,74682,5,,,0,100,,74683,5,,,0,100,,74684,5,,,0,100,,74685,5,,,0,100,,74686,5,,,0,95,,74688,5,0,5 2 8 7,0
32019,'1966',623,,72143,5,,,0,25,,72160,5,,,0,70,,72137,5,,,0,30,,72154,5,,,0,70,,72161,5,,,0,31,,72149,5,,,0,70,,72142,5,,,0,30,,72159,5,,,0,70,,72136,5,,,0,30,,72153,5,,,0,70,,72164,5,,,0,30,,72148,5,,,0,70,,72141,5,,,0,30,,72158,5,,,0,70,,72135,5,,,0,30,,72152,5,,,0,70,,72163,5,,,0,30,,72147,5,,,0,70,,72140,5,,,0,30,,72157,5,,,0,70,,72134,5,,,0,30,,72151,5,,,0,70,,72165,5,,,0,30,,72146,5,,,0,70,,72139,5,,,0,30,,72155,5,,,0,70,,72133,5,,,0,100,,72162,5,,,0,99,,72138,5,,,0,100,,72132,5,,,0,100,,72166,5,0,5 2 8 7,0
32019,'1968',624,,62655,5,,,0,95,,62656,5,,,0,100,,62657,5,,,0,100,,62658,5,,,0,100,,62659,5,,,0,100,,62660,5,,,0,101,,62661,5,,,0,100,,62662,5,,,0,100,,62663,5,,,0,100,,62664,5,,,0,100,,62665,5,,,0,100,,62666,5,,,0,99,,62667,5,,,0,100,,62668,5,,,0,100,,62669,5,,,0,100,,62670,5,,,0,100,,62671,5,,,0,95,,62673,5,0,5 2 8 7,0
32019,'1970',624,,74697,5,,,0,26,,74713,5,,,0,69,,74692,5,,,0,31,,74708,5,,,0,70,,74718,5,,,0,30,,74702,5,,,0,69,,74700,5,,,0,30,,74712,5,,,0,70,,74690,5,,,0,30,,74706,5,,,0,70,,74717,5,,,0,30,,74704,5,,,0,70,,74699,5,,,0,30,,74711,5,,,0,70,,74693,5,,,0,30,,74705,5,,,0,67,,74716,5,,,0,27,,74703,5,,,0,70,,74696,5,,,0,30,,74710,5,,,0,70,,74689,5,,,0,30,,74707,5,,,0,73,,74715,5,,,0,33,,74701,5,,,0,70,,74698,5,,,0,30,,74709,5,,,0,70,,74694,5,,,0,100,,74714,5,,,0,100,,74695,5,,,0,100,,74691,5,,,0,95,,74722,5,0,5 2 8 7,0
32019,'1971',623,,74737,5,,,0,25,,74754,5,,,0,70,,74731,5,,,0,30,,74748,5,,,0,70,,74755,5,,,0,31,,74743,5,,,0,70,,74736,5,,,0,30,,74753,5,,,0,70,,74730,5,,,0,30,,74747,5,,,0,70,,74758,5,,,0,30,,74742,5,,,0,70,,74735,5,,,0,30,,74752,5,,,0,70,,74729,5,,,0,30,,74746,5,,,0,70,,74757,5,,,0,30,,74741,5,,,0,70,,74734,5,,,0,30,,74751,5,,,0,70,,74728,5,,,0,30,,74745,5,,,0,70,,74759,5,,,0,30,,74740,5,,,0,70,,74733,5,,,0,30,,74749,5,,,0,70,,74727,5,,,0,100,,74756,5,,,0,99,,74732,5,,,0,100,,74726,5,,,0,100,,74760,5,0,5 2 8 7,0
32019,'1972',624,,74763,5,,,0,95,,74764,5,,,0,100,,74765,5,,,0,100,,74766,5,,,0,100,,74767,5,,,0,100,,74768,5,,,0,101,,74769,5,,,0,100,,74770,5,,,0,100,,74771,5,,,0,100,,74772,5,,,0,100,,74773,5,,,0,100,,74774,5,,,0,99,,74775,5,,,0,100,,74776,5,,,0,100,,74777,5,,,0,100,,74778,5,,,0,100,,74779,5,,,0,95,,74781,5,0,5 2 8 7,0
32019,'1973',624,,74782,5,,,0,95,,74783,5,,,0,100,,74784,5,,,0,100,,74785,5,,,0,100,,74786,5,,,0,100,,74787,5,,,0,101,,74788,5,,,0,100,,74789,5,,,0,100,,74790,5,,,0,100,,74791,5,,,0,100,,74792,5,,,0,100,,74793,5,,,0,99,,74794,5,,,0,100,,74795,5,,,0,100,,74796,5,,,0,100,,74797,5,,,0,100,,74798,5,,,0,95,,74800,5,0,5 2 8 7,0
502029,'1912',623,,72667,13,,,0,28,,72649,13,,,0,65,,72658,13,,,0,30,,72683,13,,,0,71,,72663,13,,,0,30,,72682,13,,,0,71,,72661,13,,,0,30,,72681,13,,,0,70,,72650,13,,,0,30,,72680,13,,,0,55,,72692,13,,,0,15,,72651,13,,,0,15,,72694,13,,,0,15,,72679,13,,,0,55,,72697,13,,,0,17,,72652,13,,,0,15,,72686,13,,,0,15,,72678,13,,,0,55,,72689,13,,,0,15,,72653,13,,,0,15,,72691,13,,,0,15,,72677,13,,,0,55,,72695,13,,,0,15,,72654,13,,,0,15,,72696,13,,,0,15,,72676,13,,,0,55,,72685,13,,,0,15,,72655,13,,,0,15,,72688,13,,,0,15,,72675,13,,,0,55,,72690,13,,,0,15,,72656,13,,,0,14,,72693,13,,,0,15,,72674,13,,,0,55,,72698,13,,,0,15,,72657,13,,,0,15,,72684,13,,,0,15,,72673,13,,,0,55,,72687,13,,,0,15,,72666,13,,,0,29,,72672,13,,,0,70,,72664,13,,,0,30,,72671,13,,,0,70,,72659,13,,,0,30,,72670,13,,,0,70,,72660,13,,,0,30,,72668,13,,,0,68,,72665,13,,,0,30,,72669,13,,,0,70,,72662,13,,,0
502029,'1959',623,,72893,13,,,0,28,,72875,13,,,0,65,,72884,13,,,0,30,,72909,13,,,0,71,,72889,13,,,0,30,,72908,13,,,0,71,,72887,13,,,0,30,,72907,13,,,0,70,,72876,13,,,0,30,,72906,13,,,0,55,,72918,13,,,0,15,,72877,13,,,0,15,,72920,13,,,0,15,,72905,13,,,0,55,,72923,13,,,0,17,,72878,13,,,0,15,,72912,13,,,0,15,,72904,13,,,0,55,,72915,13,,,0,15,,72879,13,,,0,15,,72917,13,,,0,15,,72903,13,,,0,55,,72921,13,,,0,15,,72880,13,,,0,15,,72922,13,,,0,15,,72902,13,,,0,55,,72911,13,,,0,15,,72881,13,,,0,15,,72914,13,,,0,15,,72901,13,,,0,55,,72916,13,,,0,15,,72882,13,,,0,14,,72919,13,,,0,15,,72900,13,,,0,55,,72924,13,,,0,15,,72883,13,,,0,15,,72910,13,,,0,15,,72899,13,,,0,55,,72913,13,,,0,15,,72892,13,,,0,29,,72898,13,,,0,70,,72890,13,,,0,30,,72897,13,,,0,70,,72885,13,,,0,30,,72896,13,,,0,70,,72886,13,,,0,30,,72894,13,,,0,68,,72891,13,,,0,30,,72895,13,,,0,70,,72888,13,,,0
502029,'1965',620,,72751,13,,,0,16,,72752,13,,,0,7,,72753,13,,,0,64,,72755,13,,,0,13,,72756,13,,,0,13,,72757,13,,,0,12,,72758,13,,,0,6,,72759,13,,,0,58,,72761,13,,,0,6,,72762,13,,,0,6,,72763,13,,,0,12,,72764,13,,,0,12,,72765,13,,,0,12,,72766,13,,,0,50,,72767,13,,,0,14,,72768,13,,,0,14,,72769,13,,,0,15,,72770,13,,,0,55,,72771,13,,,0,15,,72772,13,,,0,15,,72773,13,,,0,70,,72775,13,,,0,16,,72776,13,,,0,15,,72777,13,,,0,70,,72779,13,,,0,15,,72780,13,,,0,30,,72782,13,,,0,55,,72783,13,,,0,15,,72784,13,,,0,15,,72785,13,,,0,70,,72787,13,,,0,15,,72788,13,,,0,15,,72789,13,,,0,15,,72790,13,,,0,57,,72791,13,,,0,15,,72792,13,,,0,15,,72793,13,,,0,12,,72794,13,,,0,52,,72795,13,,,0,12,,72796,13,,,0,11,,72797,13,,,0,12,,72798,13,,,0,12,,72799,13,,,0,52,,72800,13,,,0,12,,72801,13,,,0,12,,72802,13,,,0,11,,72803,13,,,0,11,,72804,13,,,0,12,,72805,13,,,0,51,,72806,13,,,0,12,,72807,13,,,0,12,,72808,13,,,0,15,,72809,13,,,0,55,,72819,13,,,0,15,,72810,13,,,0,30,,72811,13,,,0,70,,72812,13,,,0,30,,72813,13,,,0,70,,72814,13,,,0,30,,72815,13,,,0,70,,72816,13,,,0,30,,72817,13,,,0,70,,72818,13,,,0
502029,'1966',636,,72873,13,,,0,85,,72826,13,,,0,95,,72825,13,,,0,30,,72836,13,,,0,71,,72824,13,,,0,30,,72837,13,,,0,73,,72864,13,,,0,30,,72856,13,,,0,70,,72865,13,,,0,30,,72857,13,,,0,70,,72866,13,,,0,30,,72858,13,,,0,70,,72867,13,,,0,30,,72859,13,,,0,70,,72868,13,,,0,30,,72860,13,,,0,70,,72869,13,,,0,30,,72861,13,,,0,70,,72870,13,,,0,30,,72862,13,,,0,70,,72871,13,,,0,30,,72829,13,,,0,70,,72863,13,,,0,99,,72874,13,,,0,99,,72823,13,,,0,100,,72822,13,,,0,98,,72821,13,,,0,100,,72820,13,,,0
502029,'1967',621,,72827,13,,,0,30,,72834,13,,,0,100,,72835,13,,,0,252,,72838,13,,,0,32,,72847,13,,,0,70,,72839,13,,,0,30,,72848,13,,,0,70,,72840,13,,,0,30,,72849,13,,,0,70,,72841,13,,,0,30,,72850,13,,,0,70,,72842,13,,,0,30,,72851,13,,,0,70,,72843,13,,,0,30,,72852,13,,,0,70,,72844,13,,,0,30,,72853,13,,,0,70,,72845,13,,,0,30,,72854,13,,,0,70,,72846,13,,,0,30,,72855,13,,,0,15,,72830,13,,,0,55,,72872,13,,,0,44,,72831,13,,,0,99,,72832,13,,,0,100,,72828,13,,,0,98,,72833,13,,,0
502029,'1969',623,,72717,13,,,0,28,,72699,13,,,0,65,,72708,13,,,0,30,,72733,13,,,0,71,,72713,13,,,0,30,,72732,13,,,0,71,,72711,13,,,0,30,,72731,13,,,0,70,,72700,13,,,0,30,,72730,13,,,0,55,,72742,13,,,0,15,,72701,13,,,0,15,,72744,13,,,0,15,,72729,13,,,0,55,,72747,13,,,0,17,,72702,13,,,0,15,,72736,13,,,0,15,,72728,13,,,0,55,,72739,13,,,0,15,,72703,13,,,0,15,,72741,13,,,0,15,,72727,13,,,0,55,,72745,13,,,0,15,,72704,13,,,0,15,,72746,13,,,0,15,,72726,13,,,0,55,,72735,13,,,0,15,,72705,13,,,0,15,,72738,13,,,0,15,,72725,13,,,0,55,,72740,13,,,0,15,,72706,13,,,0,14,,72743,13,,,0,15,,72724,13,,,0,55,,72748,13,,,0,15,,72707,13,,,0,15,,72734,13,,,0,15,,72723,13,,,0,55,,72737,13,,,0,15,,72716,13,,,0,29,,72722,13,,,0,70,,72714,13,,,0,30,,72721,13,,,0,70,,72709,13,,,0,30,,72720,13,,,0,70,,72710,13,,,0,30,,72718,13,,,0,68,,72715,13,,,0,30,,72719,13,,,0,70,,72712,13,,,0
502029,'1970',550,,74922,13,,,0,55,,74923,13,,,0,46,,74924,13,,,0,106,,74925,13,,,0,293,,74926,13,,,0,101,,74927,13,,,0,85,,74928,13,,,0,115,,74929,13,,,0
502029,'1971',636,,74956,13,,,0,85,,74936,13,,,0,95,,74935,13,,,0,30,,74938,13,,,0,71,,74934,13,,,0,30,,74939,13,,,0,73,,74948,13,,,0,30,,74940,13,,,0,70,,74949,13,,,0,30,,74941,13,,,0,70,,74950,13,,,0,30,,74942,13,,,0,70,,74951,13,,,0,30,,74943,13,,,0,70,,74952,13,,,0,30,,74944,13,,,0,70,,74953,13,,,0,30,,74945,13,,,0,70,,74954,13,,,0,30,,74946,13,,,0,70,,74955,13,,,0,30,,74937,13,,,0,70,,74947,13,,,0,99,,74957,13,,,0,99,,74933,13,,,0,100,,74932,13,,,0,98,,74931,13,,,0,100,,74930,13,,,0
