19019,'1912',619,,71862,13,,,0,112,,62043,13,,,0,100,,71855,13,,,0,70,,62047,13,,,0,30,,71858,13,,,0,70,,71852,13,,,0,31,,71851,13,,,0,70,,67524,13,,,0,31,,71867,13,,,0,70,,71865,13,,,0,30,,71863,13,,,0,70,,71859,13,,,0,30,,71872,13,,,0,70,,71857,13,,,0,31,,71856,13,,,0,70,,71854,13,,,0,30,,71853,13,,,0,70,,71850,13,,,0,30,,71868,13,,,0,69,,71866,13,,,0,29,,71864,13,,,0,70,,71861,13,,,0,30,,71860,13,,,0,70,,71870,13,,,0,30,,71869,13,,,0,70,,71871,13,,,0,45,,62063,13,,,0,100,,62061,13,,,0,100,,62062,13,,,0,85,,71873,13,,,0
19019,'1959',619,,71946,13,,,0,112,,62073,13,,,0,100,,71939,13,,,0,70,,62077,13,,,0,30,,71942,13,,,0,70,,71936,13,,,0,31,,71935,13,,,0,70,,67549,13,,,0,31,,71951,13,,,0,70,,71949,13,,,0,30,,71947,13,,,0,70,,71943,13,,,0,30,,71956,13,,,0,70,,71941,13,,,0,31,,71940,13,,,0,70,,71938,13,,,0,30,,71937,13,,,0,70,,71934,13,,,0,30,,71952,13,,,0,69,,71950,13,,,0,29,,71948,13,,,0,70,,71945,13,,,0,30,,71944,13,,,0,70,,71954,13,,,0,30,,71953,13,,,0,70,,71955,13,,,0,45,,62093,13,,,0,100,,62091,13,,,0,100,,62092,13,,,0,85,,71957,13,,,0
19019,'1965',1034,,71917,13,,,0,472,,71899,13,,,0,328,,61998,13,,,0,70,,71909,13,,,0,30,,71910,13,,,0,199,,71913,13,,,0,100,,71911,13,,,0,100,,71912,13,,,0
19019,'1966',732,,71921,13,,,0,70,,71928,13,,,0,100,,71922,13,,,0,30,,71919,13,,,0,70,,71930,13,,,0,930,,71924,13,,,0,110,,71932,13,,,0,270,,71923,13,,,0,20,,71933,13,,,0
19019,'1967',632,,71920,13,,,0,70,,71925,13,,,0,130,,71931,13,,,0,203,,67497,13,,,0,70,,67512,13,,,0,30,,67501,13,,,0,70,,67515,13,,,0,30,,67494,13,,,0,70,,71926,13,,,0,30,,67496,13,,,0,70,,67513,13,,,0,30,,67498,13,,,0,70,,67520,13,,,0,30,,67507,13,,,0,70,,67509,13,,,0,30,,67493,13,,,0,70,,71927,13,,,0,30,,67519,13,,,0,70,,67506,13,,,0,30,,67500,13,,,0,70,,71929,13,,,0,97,,67522,13,,,0,115,,67505,13,,,0,100,,62033,13,,,0
19019,'1969',619,,71886,13,,,0,112,,62103,13,,,0,100,,71879,13,,,0,70,,62107,13,,,0,30,,71882,13,,,0,70,,71876,13,,,0,31,,71875,13,,,0,70,,67574,13,,,0,31,,71891,13,,,0,70,,71889,13,,,0,30,,71887,13,,,0,70,,71883,13,,,0,30,,71896,13,,,0,70,,71881,13,,,0,31,,71880,13,,,0,70,,71878,13,,,0,30,,71877,13,,,0,70,,71874,13,,,0,30,,71892,13,,,0,69,,71890,13,,,0,29,,71888,13,,,0,70,,71885,13,,,0,30,,71884,13,,,0,70,,71894,13,,,0,30,,71893,13,,,0,70,,71895,13,,,0,45,,62123,13,,,0,100,,62121,13,,,0,100,,62122,13,,,0,85,,71897,13,,,0
19019,'1970',834,,74509,13,,,0,70,,74500,13,,,0,30,,74501,13,,,0,70,,74498,13,,,0,100,,74499,13,,,0,30,,74506,13,,,0,70,,74497,13,,,0,30,,74508,13,,,0,70,,74502,13,,,0,30,,74503,13,,,0,70,,74505,13,,,0,30,,74504,13,,,0,102,,74510,13,,,0,497,,74507,13,,,0
19019,'1971',732,,74512,13,,,0,70,,74516,13,,,0,100,,74513,13,,,0,30,,74511,13,,,0,70,,74517,13,,,0,930,,74515,13,,,0,110,,74518,13,,,0,270,,74514,13,,,0,20,,74519,13,,,0
10019019,'1965',608,,73560,6,,,0,95,,73566,6,,,0,32,,65781,6,,,0,872,,73564,6,,,0,30,,73562,6,,,0,70,,73561,6,,,0,29,,73565,6,,,0,69,,70175,6,,,0,210,,73563,6,,,0
10019019,'1970',633,,75050,6,,,0,172,,75051,6,,,0
