4019,'1912',749,,70650,4,,,0,70,,59832,4,,,0,30,,70649,4,,,0,70,,70651,4,,,0,30,,59830,4,,,0,71,,66070,4,,,0,30,,70638,4,,,0,70,,70642,4,,,0,30,,70645,4,,,0,70,,70631,4,,,0,30,,70634,4,,,0,70,,70637,4,,,0,30,,70641,4,,,0,70,,70643,4,,,0,30,,70630,4,,,0,70,,70633,4,,,0,30,,70636,4,,,0,70,,70640,4,,,0,30,,70644,4,,,0,70,,70629,4,,,0,30,,70632,4,,,0,70,,70635,4,,,0,30,,70639,4,,,0,70,,70648,4,,,0,30,,70652,4,,,0,70,,70646,4,,,0,30,,70653,4,,,0,70,,70647,4,,,0
4019,'1959',749,,70763,4,,,0,70,,59860,4,,,0,30,,70762,4,,,0,70,,70764,4,,,0,30,,59858,4,,,0,71,,66096,4,,,0,30,,70751,4,,,0,70,,70755,4,,,0,30,,70758,4,,,0,70,,70744,4,,,0,30,,70747,4,,,0,70,,70750,4,,,0,30,,70754,4,,,0,70,,70756,4,,,0,30,,70743,4,,,0,70,,70746,4,,,0,30,,70749,4,,,0,70,,70753,4,,,0,30,,70757,4,,,0,70,,70742,4,,,0,30,,70745,4,,,0,70,,70748,4,,,0,30,,70752,4,,,0,70,,70761,4,,,0,30,,70765,4,,,0,70,,70759,4,,,0,30,,70766,4,,,0,70,,70760,4,,,0
4019,'1967',649,,74182,4,,,0,70,,74176,4,,,0,30,,70712,4,,,0,71,,74177,4,,,0,30,,74181,4,,,0,70,,70727,4,,,0,30,,66037,4,,,0,70,,70737,4,,,0,30,,70715,4,,,0,70,,70734,4,,,0,30,,70729,4,,,0,70,,70722,4,,,0,30,,70735,4,,,0,70,,70738,4,,,0,30,,70714,4,,,0,70,,70724,4,,,0,30,,70713,4,,,0,70,,70718,4,,,0,30,,70736,4,,,0,70,,70733,4,,,0,30,,70730,4,,,0,70,,70719,4,,,0,30,,70739,4,,,0,70,,70740,4,,,0,30,,70711,4,,,0,70,,70725,4,,,0,30,,70723,4,,,0,70,,74180,4,,,0,30,,70716,4,,,0,70,,74178,4,,,0,30,,70720,4,,,0,70,,74179,4,,,0
4019,'1969',749,,70675,4,,,0,70,,59888,4,,,0,30,,70674,4,,,0,70,,70676,4,,,0,30,,59886,4,,,0,71,,66122,4,,,0,30,,70663,4,,,0,70,,70667,4,,,0,30,,70670,4,,,0,70,,70656,4,,,0,30,,70659,4,,,0,70,,70662,4,,,0,30,,70666,4,,,0,70,,70668,4,,,0,30,,70655,4,,,0,70,,70658,4,,,0,30,,70661,4,,,0,70,,70665,4,,,0,30,,70669,4,,,0,70,,70654,4,,,0,30,,70657,4,,,0,70,,70660,4,,,0,30,,70664,4,,,0,70,,70673,4,,,0,30,,70677,4,,,0,70,,70671,4,,,0,30,,70678,4,,,0,70,,70672,4,,,0
4019,'1976',619,,74174,4,,,0,30,,70710,4,,,0,71,,70685,4,,,0,27,,70686,4,,,0,76,,70687,4,,,0,24,,70688,4,,,0,76,,70689,4,,,0,27,,70690,4,,,0,70,,70691,4,,,0,30,,70692,4,,,0,70,,70693,4,,,0,31,,70694,4,,,0,70,,70695,4,,,0,30,,74175,4,,,0,70,,70697,4,,,0,30,,70698,4,,,0,70,,70699,4,,,0,33,,70700,4,,,0,70,,70701,4,,,0,31,,70702,4,,,0,64,,70703,4,,,0,36,,70704,4,,,0,63,,70705,4,,,0,36,,70706,4,,,0,61,,70707,4,,,0,35,,70708,4,,,0,70,,70709,4,,,0,30,,74171,4,,,0,70,,74172,4,,,0,30,,70681,4,,,0,70,,74173,4,,,0,30,,66173,4,,,0,70,,70683,4,,,0
4019,'1977',619,,75214,4,,,0,30,,75240,4,,,0,71,,75215,4,,,0,27,,75216,4,,,0,76,,75217,4,,,0,24,,75218,4,,,0,76,,75219,4,,,0,27,,75220,4,,,0,70,,75221,4,,,0,30,,75222,4,,,0,70,,75223,4,,,0,31,,75224,4,,,0,70,,75225,4,,,0,30,,75226,4,,,0,70,,75227,4,,,0,30,,75228,4,,,0,70,,75229,4,,,0,33,,75230,4,,,0,70,,75231,4,,,0,31,,75232,4,,,0,64,,75233,4,,,0,36,,75234,4,,,0,63,,75235,4,,,0,36,,75236,4,,,0,61,,75237,4,,,0,35,,75238,4,,,0,70,,75239,4,,,0,30,,75208,4,,,0,70,,75209,4,,,0,30,,75210,4,,,0,70,,75211,4,,,0,30,,75212,4,,,0,70,,75213,4,,,0
502019,'1912',634,,72480,4,,,0,70,,72466,4,,,0,30,,72483,4,,,0,70,,72497,4,,,0,30,,72477,4,,,0,70,,72496,4,,,0,30,,72479,4,,,0,70,,72495,4,,,0,30,,72474,4,,,0,70,,72494,4,,,0,30,,72469,4,,,0,70,,72493,4,,,0,30,,72472,4,,,0,70,,72491,4,,,0,30,,72470,4,,,0,70,,72492,4,,,0,30,,72473,4,,,0,70,,72490,4,,,0,30,,72467,4,,,0,70,,72489,4,,,0,30,,72471,4,,,0,70,,72488,4,,,0,30,,72468,4,,,0,70,,72487,4,,,0,30,,72481,4,,,0,70,,72486,4,,,0,30,,72482,4,,,0,70,,72485,4,,,0,30,,72475,4,,,0,70,,72498,4,,,0,30,,72484,4,,,0,70,,72499,4,,,0,30,,72478,4,,,0,70,,72500,4,,,0,30,,72476,4,,,0
502019,'1959',634,,72628,4,,,0,70,,72614,4,,,0,30,,72631,4,,,0,70,,72645,4,,,0,30,,72625,4,,,0,70,,72644,4,,,0,30,,72627,4,,,0,70,,72643,4,,,0,30,,72622,4,,,0,70,,72642,4,,,0,30,,72617,4,,,0,70,,72641,4,,,0,30,,72620,4,,,0,70,,72639,4,,,0,30,,72618,4,,,0,70,,72640,4,,,0,30,,72621,4,,,0,70,,72638,4,,,0,30,,72615,4,,,0,70,,72637,4,,,0,30,,72619,4,,,0,70,,72636,4,,,0,30,,72616,4,,,0,70,,72635,4,,,0,30,,72629,4,,,0,70,,72634,4,,,0,30,,72630,4,,,0,70,,72633,4,,,0,30,,72623,4,,,0,70,,72646,4,,,0,30,,72632,4,,,0,70,,72647,4,,,0,30,,72626,4,,,0,70,,72648,4,,,0,30,,72624,4,,,0
502019,'1967',634,,72586,4,,,0,70,,72593,4,,,0,30,,74901,4,,,0,70,,72594,4,,,0,30,,74900,4,,,0,70,,74903,4,,,0,30,,74899,4,,,0,71,,74904,4,,,0,30,,74912,4,,,0,70,,74905,4,,,0,30,,74913,4,,,0,70,,74906,4,,,0,30,,74914,4,,,0,70,,74907,4,,,0,30,,74915,4,,,0,70,,74908,4,,,0,30,,74916,4,,,0,70,,74909,4,,,0,30,,74917,4,,,0,70,,74910,4,,,0,30,,74918,4,,,0,70,,74911,4,,,0,30,,74919,4,,,0,70,,74902,4,,,0,30,,74920,4,,,0,69,,72589,4,,,0,30,,74921,4,,,0,70,,72588,4,,,0,30,,74898,4,,,0,70,,72590,4,,,0,30,,74897,4,,,0,70,,72591,4,,,0,30,,74896,4,,,0,70,,72592,4,,,0,30,,74895,4,,,0
502019,'1969',634,,72515,4,,,0,70,,72501,4,,,0,30,,72518,4,,,0,70,,72532,4,,,0,30,,72512,4,,,0,70,,72531,4,,,0,30,,72514,4,,,0,70,,72530,4,,,0,30,,72509,4,,,0,70,,72529,4,,,0,30,,72504,4,,,0,70,,72528,4,,,0,30,,72507,4,,,0,70,,72526,4,,,0,30,,72505,4,,,0,70,,72527,4,,,0,30,,72508,4,,,0,70,,72525,4,,,0,30,,72502,4,,,0,70,,72524,4,,,0,30,,72506,4,,,0,70,,72523,4,,,0,30,,72503,4,,,0,70,,72522,4,,,0,30,,72516,4,,,0,70,,72521,4,,,0,30,,72517,4,,,0,70,,72520,4,,,0,30,,72510,4,,,0,70,,72533,4,,,0,30,,72519,4,,,0,70,,72534,4,,,0,30,,72513,4,,,0,70,,72535,4,,,0,30,,72511,4,,,0
502019,'1976',604,,74889,4,,,0,30,,72537,4,,,0,25,,72577,4,,,0,50,,74890,4,,,0,25,,72539,4,,,0,24,,72540,4,,,0,52,,74891,4,,,0,24,,72542,4,,,0,24,,72543,4,,,0,52,,72544,4,,,0,24,,72545,4,,,0,71,,72546,4,,,0,30,,72547,4,,,0,70,,74892,4,,,0,30,,72549,4,,,0,70,,74893,4,,,0,30,,72551,4,,,0,70,,72552,4,,,0,30,,72553,4,,,0,70,,74894,4,,,0,32,,72555,4,,,0,70,,72556,4,,,0,30,,72557,4,,,0,68,,72558,4,,,0,24,,72559,4,,,0,12,,72560,4,,,0,63,,72561,4,,,0,6,,72578,4,,,0,18,,72562,4,,,0,12,,72563,4,,,0,64,,72564,4,,,0,22,,72565,4,,,0,12,,72566,4,,,0,66,,72567,4,,,0,30,,72568,4,,,0,70,,72569,4,,,0,30,,72570,4,,,0,70,,72571,4,,,0,30,,72572,4,,,0,70,,72573,4,,,0,30,,72574,4,,,0,70,,72575,4,,,0,30,,72576,4,,,0
502019,'1977',604,,76068,4,,,0,30,,76069,4,,,0,25,,76109,4,,,0,50,,76070,4,,,0,25,,76071,4,,,0,24,,76072,4,,,0,52,,76073,4,,,0,24,,76074,4,,,0,24,,76075,4,,,0,52,,76076,4,,,0,24,,76077,4,,,0,71,,76078,4,,,0,30,,76079,4,,,0,70,,76080,4,,,0,30,,76081,4,,,0,70,,76082,4,,,0,30,,76083,4,,,0,70,,76084,4,,,0,30,,76085,4,,,0,70,,76086,4,,,0,32,,76087,4,,,0,70,,76088,4,,,0,30,,76089,4,,,0,68,,76090,4,,,0,24,,76091,4,,,0,12,,76092,4,,,0,63,,76093,4,,,0,6,,76110,4,,,0,18,,76094,4,,,0,12,,76095,4,,,0,64,,76096,4,,,0,22,,76097,4,,,0,12,,76098,4,,,0,66,,76099,4,,,0,30,,76100,4,,,0,70,,76101,4,,,0,30,,76102,4,,,0,70,,76103,4,,,0,30,,76104,4,,,0,70,,76105,4,,,0,30,,76106,4,,,0,70,,76107,4,,,0,30,,76108,4,,,0
701019,'1912',620,,72955,4,,,0,28,,72986,4,,,0,70,,72973,4,,,0,30,,72954,4,,,0,55,,68877,4,,,0,15,,72988,4,,,0,15,,72934,4,,,0,15,,72962,4,,,0,56,,68861,4,,,0,15,,72951,4,,,0,15,,68878,4,,,0,15,,68940,4,,,0,55,,72933,4,,,0,15,,72971,4,,,0,15,,68862,4,,,0,15,,72950,4,,,0,55,,68857,4,,,0,15,,72983,4,,,0,15,,68865,4,,,0,15,,68919,4,,,0,55,,68860,4,,,0,15,,68893,4,,,0,15,,68872,4,,,0,15,,68937,4,,,0,55,,68863,4,,,0,15,,68915,4,,,0,15,,68868,4,,,0,15,,72947,4,,,0,55,,68871,4,,,0,15,,72989,4,,,0,15,,68858,4,,,0,15,,72967,4,,,0,55,,68870,4,,,0,15,,72945,4,,,0,15,,68874,4,,,0,15,,72985,4,,,0,55,,68855,4,,,0,15,,72972,4,,,0,15,,68856,4,,,0,15,,72943,4,,,0,55,,68873,4,,,0,15,,72981,4,,,0,15,,68854,4,,,0,15,,72964,4,,,0,55,,68869,4,,,0,15,,72942,4,,,0,15,,68875,4,,,0,15,,72980,4,,,0,55,,68866,4,,,0,15,,72965,4,,,0,15,,68867,4,,,0,15,,72940,4,,,0,55,,68876,4,,,0,15,,72990,4,,,0,15,,68864,4,,,0,15,,72963,4,,,0,70,,72937,4,,,0,30,,68943,4,,,0,70,,72959,4,,,0,30,,72935,4,,,0,70,,68948,4,,,0,25,,72991,4,,,0,65,,68951,4,,,0
701019,'1959',620,,73164,4,,,0,28,,73195,4,,,0,70,,73182,4,,,0,30,,73163,4,,,0,55,,68976,4,,,0,15,,73197,4,,,0,15,,73143,4,,,0,15,,73171,4,,,0,56,,68960,4,,,0,15,,73160,4,,,0,15,,68977,4,,,0,15,,69039,4,,,0,55,,73142,4,,,0,15,,73180,4,,,0,15,,68961,4,,,0,15,,73159,4,,,0,55,,68956,4,,,0,15,,73192,4,,,0,15,,68964,4,,,0,15,,69018,4,,,0,55,,68959,4,,,0,15,,68992,4,,,0,15,,68971,4,,,0,15,,69036,4,,,0,55,,68962,4,,,0,15,,69014,4,,,0,15,,68967,4,,,0,15,,73156,4,,,0,55,,68970,4,,,0,15,,73198,4,,,0,15,,68957,4,,,0,15,,73176,4,,,0,55,,68969,4,,,0,15,,73154,4,,,0,15,,68973,4,,,0,15,,73194,4,,,0,55,,68954,4,,,0,15,,73181,4,,,0,15,,68955,4,,,0,15,,73152,4,,,0,55,,68972,4,,,0,15,,73190,4,,,0,15,,68953,4,,,0,15,,73173,4,,,0,55,,68968,4,,,0,15,,73151,4,,,0,15,,68974,4,,,0,15,,73189,4,,,0,55,,68965,4,,,0,15,,73174,4,,,0,15,,68966,4,,,0,15,,73149,4,,,0,55,,68975,4,,,0,15,,73199,4,,,0,15,,68963,4,,,0,15,,73172,4,,,0,70,,73146,4,,,0,30,,69042,4,,,0,70,,73168,4,,,0,30,,73144,4,,,0,70,,69047,4,,,0,25,,73200,4,,,0,65,,69050,4,,,0
701019,'1967',620,,68785,4,,,0,28,,68770,4,,,0,70,,68760,4,,,0,30,,68766,4,,,0,55,,74988,4,,,0,15,,68773,4,,,0,15,,68789,4,,,0,15,,68756,4,,,0,55,,73123,4,,,0,15,,68761,4,,,0,15,,73126,4,,,0,15,,68767,4,,,0,58,,68811,4,,,0,15,,68831,4,,,0,15,,73139,4,,,0,15,,68835,4,,,0,55,,73127,4,,,0,15,,68842,4,,,0,15,,73132,4,,,0,15,,68849,4,,,0,55,,68840,4,,,0,15,,68797,4,,,0,15,,73137,4,,,0,15,,68830,4,,,0,55,,68801,4,,,0,15,,68839,4,,,0,15,,73131,4,,,0,15,,68804,4,,,0,55,,73135,4,,,0,15,,68829,4,,,0,15,,73138,4,,,0,15,,68838,4,,,0,55,,68800,4,,,0,15,,68843,4,,,0,15,,73134,4,,,0,15,,68820,4,,,0,55,,68841,4,,,0,15,,73140,4,,,0,15,,73141,4,,,0,15,,68799,4,,,0,55,,68819,4,,,0,15,,68826,4,,,0,15,,73129,4,,,0,15,,68812,4,,,0,55,,68815,4,,,0,15,,73130,4,,,0,15,,73128,4,,,0,15,,68803,4,,,0,53,,68786,4,,,0,15,,68816,4,,,0,15,,68791,4,,,0,15,,68768,4,,,0,55,,73124,4,,,0,15,,68774,4,,,0,15,,74989,4,,,0,15,,68757,4,,,0,70,,68762,4,,,0,30,,68769,4,,,0,70,,68775,4,,,0,30,,68782,4,,,0,70,,68784,4,,,0,25,,68794,4,,,0,65,,68787,4,,,0
701019,'1969',620,,73015,4,,,0,28,,73046,4,,,0,70,,73033,4,,,0,30,,73014,4,,,0,55,,69075,4,,,0,15,,73048,4,,,0,15,,72994,4,,,0,15,,73022,4,,,0,56,,69059,4,,,0,15,,73011,4,,,0,15,,69076,4,,,0,15,,69138,4,,,0,55,,72993,4,,,0,15,,73031,4,,,0,15,,69060,4,,,0,15,,73010,4,,,0,55,,69055,4,,,0,15,,73043,4,,,0,15,,69063,4,,,0,15,,69117,4,,,0,55,,69058,4,,,0,15,,69091,4,,,0,15,,69070,4,,,0,15,,69135,4,,,0,55,,69061,4,,,0,15,,69113,4,,,0,15,,69066,4,,,0,15,,73007,4,,,0,55,,69069,4,,,0,15,,73049,4,,,0,15,,69056,4,,,0,15,,73027,4,,,0,55,,69068,4,,,0,15,,73005,4,,,0,15,,69072,4,,,0,15,,73045,4,,,0,55,,69053,4,,,0,15,,73032,4,,,0,15,,69054,4,,,0,15,,73003,4,,,0,55,,69071,4,,,0,15,,73041,4,,,0,15,,69052,4,,,0,15,,73024,4,,,0,55,,69067,4,,,0,15,,73002,4,,,0,15,,69073,4,,,0,15,,73040,4,,,0,55,,69064,4,,,0,15,,73025,4,,,0,15,,69065,4,,,0,15,,73000,4,,,0,55,,69074,4,,,0,15,,73050,4,,,0,15,,69062,4,,,0,15,,73023,4,,,0,70,,72997,4,,,0,30,,69141,4,,,0,70,,73019,4,,,0,30,,72995,4,,,0,70,,69146,4,,,0,25,,73051,4,,,0,65,,69149,4,,,0
701019,'1976',600,,73053,4,,,0,30,,73054,4,,,0,18,,69208,4,,,0,56,,73055,4,,,0,15,,73056,4,,,0,15,,73057,4,,,0,15,,69212,4,,,0,55,,73058,4,,,0,15,,69214,4,,,0,15,,73059,4,,,0,15,,69216,4,,,0,55,,73060,4,,,0,15,,73061,4,,,0,15,,73062,4,,,0,15,,74985,4,,,0,55,,74966,4,,,0,15,,74967,4,,,0,15,,69222,4,,,0,15,,73065,4,,,0,55,,73066,4,,,0,15,,73067,4,,,0,15,,74968,4,,,0,15,,74969,4,,,0,55,,74970,4,,,0,15,,69229,4,,,0,15,,73070,4,,,0,15,,73071,4,,,0,55,,73072,4,,,0,15,,74971,4,,,0,15,,74972,4,,,0,15,,74973,4,,,0,55,,69236,4,,,0,15,,73075,4,,,0,16,,73076,4,,,0,15,,73077,4,,,0,55,,73115,4,,,0,15,,74974,4,,,0,15,,69241,4,,,0,15,,73079,4,,,0,55,,69243,4,,,0,15,,74984,4,,,0,15,,73080,4,,,0,15,,73081,4,,,0,55,,69246,4,,,0,15,,69247,4,,,0,14,,73082,4,,,0,15,,73083,4,,,0,55,,74975,4,,,0,15,,73085,4,,,0,15,,74976,4,,,0,15,,69253,4,,,0,55,,69254,4,,,0,15,,69255,4,,,0,15,,74977,4,,,0,15,,73087,4,,,0,55,,74978,4,,,0,15,,69259,4,,,0,15,,69260,4,,,0,15,,73089,4,,,0,70,,69262,4,,,0,30,,69263,4,,,0,70,,73090,4,,,0,30,,69265,4,,,0,70,,69266,4,,,0,25,,73091,4,,,0,65,,69268,4,,,0
701019,'1977',600,,76211,4,,,0,30,,76212,4,,,0,18,,76213,4,,,0,56,,76214,4,,,0,15,,76215,4,,,0,15,,76216,4,,,0,15,,76217,4,,,0,55,,76218,4,,,0,15,,76219,4,,,0,15,,76220,4,,,0,15,,76221,4,,,0,55,,76222,4,,,0,15,,76223,4,,,0,15,,76224,4,,,0,15,,76318,4,,,0,55,,76225,4,,,0,15,,76226,4,,,0,15,,76227,4,,,0,15,,76228,4,,,0,55,,76229,4,,,0,15,,76230,4,,,0,15,,76231,4,,,0,15,,76232,4,,,0,55,,76233,4,,,0,15,,76234,4,,,0,15,,76235,4,,,0,15,,76236,4,,,0,55,,76237,4,,,0,15,,76238,4,,,0,15,,76239,4,,,0,15,,76240,4,,,0,55,,76241,4,,,0,15,,76242,4,,,0,16,,76243,4,,,0,15,,76244,4,,,0,55,,76310,4,,,0,15,,76245,4,,,0,15,,76246,4,,,0,15,,76247,4,,,0,55,,76248,4,,,0,15,,76313,4,,,0,15,,76249,4,,,0,15,,76250,4,,,0,55,,76251,4,,,0,15,,76252,4,,,0,14,,76253,4,,,0,15,,76254,4,,,0,55,,76255,4,,,0,15,,76256,4,,,0,15,,76257,4,,,0,15,,76258,4,,,0,55,,76259,4,,,0,15,,76260,4,,,0,15,,76261,4,,,0,15,,76262,4,,,0,55,,76263,4,,,0,15,,76264,4,,,0,15,,76265,4,,,0,15,,76266,4,,,0,70,,76267,4,,,0,30,,76268,4,,,0,70,,76269,4,,,0,30,,76270,4,,,0,70,,76271,4,,,0,25,,76272,4,,,0,65,,76273,4,,,0
