11029,'1912',814,,67039,9,,,0,100,,67040,9,,,0,104,,67041,9,,,0,100,,67042,9,,,0,100,,67043,9,,,0,100,,67044,9,,,0,100,,67045,9,,,0,100,,67046,9,,,0,100,,67047,9,,,0,98,,67048,9,,,0,100,,67049,9,,,0,99,,67050,9,,,0,100,,61211,9,,,0
11029,'1959',814,,67051,9,,,0,100,,67052,9,,,0,104,,67053,9,,,0,100,,67054,9,,,0,100,,67055,9,,,0,100,,67056,9,,,0,100,,67057,9,,,0,100,,67058,9,,,0,100,,67059,9,,,0,98,,67060,9,,,0,100,,67061,9,,,0,99,,67062,9,,,0,100,,61224,9,,,0
11029,'1965',616,,67101,2,,,0,200,,61170,9,,,0,100,,71513,9,,,0,201,,71515,9,,,0,200,,71517,9,,,0,201,,71519,9,,,0,298,,71521,9,,,0,200,,71523,9,,,0,99,,71511,9,,,0
11029,'1966',815,,71524,9,,,0
11029,'1967',616,,71534,2,,,0,99,,67037,9,,,0,200,,71525,9,,,0,104,,71526,9,,,0,100,,71527,9,,,0,100,,71528,9,,,0,100,,71529,9,,,0,100,,71530,9,,,0,100,,71531,9,,,0,100,,71532,9,,,0,97,,67033,9,,,0,100,,67034,9,,,0,99,,67035,9,,,0,100,,71533,9,,,0
11029,'1969',814,,67063,9,,,0,100,,67064,9,,,0,104,,67065,9,,,0,100,,67066,9,,,0,100,,67067,9,,,0,100,,67068,9,,,0,100,,67069,9,,,0,100,,67070,9,,,0,100,,67071,9,,,0,98,,67072,9,,,0,100,,67073,9,,,0,99,,67074,9,,,0,100,,61237,9,,,0
11029,'1970',715,,74383,9,,,0,302,,74384,9,,,0,200,,74385,9,,,0,201,,74386,9,,,0,200,,74387,9,,,0,100,,74388,9,,,0,198,,74389,9,,,0
11029,'1971',815,,74390,9,,,0
702029,'1912',628,,73341,6,0,9 10,0,23,,73330,6,0,9 10,0,70,,73343,6,0,9 10,0,30,,73339,6,0,9 10,0,55,,69616,6,0,5 2 11 2 12,0,16,,73329,6,0,9 10,0,15,,69628,6,0,5 2 11 2 12,0,15,,73342,6,0,9 10,0,55,,73350,6,0,5 2 11 2 12,0,15,,73331,6,0,9 10,0,15,,69614,6,0,5 2 11 2 12,0,15,,73328,6,0,9 10,0,55,,69623,6,0,5 2 11 2 12,0,16,,69604,6,0,9 10,0,15,,69624,6,0,5 2 11 2 12,0,15,,73334,6,0,9 10,0,55,,69615,6,0,5 2 11 2 12,0,15,,69582,6,0,9 10,0,15,,69634,6,0,5 2 11 2 12,0,15,,73348,6,0,9 10,0,56,,69612,6,0,5 2 11 2 12,0,15,,69593,6,0,9 10,0,15,,69626,6,0,5 2 11 2 12,0,15,,73327,6,0,9 10,0,55,,69635,6,0,5 2 11 2 12,0,15,,73344,6,0,9 10,0,15,,69618,6,0,5 2 11 2 12,0,15,,73337,6,0,9 10,0,55,,69621,6,0,5 2 11 2 12,0,15,,73326,6,0,9 10,0,15,,69633,6,0,5 2 11 2 12,0,15,,73345,6,0,9 10,0,55,,69613,6,0,5 2 11 2 12,0,15,,73333,6,0,9 10,0,15,,69622,6,0,5 2 11 2 12,0,15,,73325,6,0,9 10,0,55,,69631,6,0,5 2 11 2 12,0,15,,73349,6,0,9 10,0,15,,69611,6,0,5 2 11 2 12,0,15,,73332,6,0,9 10,0,55,,69627,6,0,5 2 11 2 12,0,15,,73324,6,0,9 10,0,15,,69629,6,0,5 2 11 2 12,0,15,,73346,6,0,9 10,0,55,,69619,6,0,5 2 11 2 12,0,13,,73340,6,0,9 10,0,15,,69625,6,0,5 2 11 2 12,0,15,,73323,6,0,9 10,0,55,,69630,6,0,5 2 11 2 12,0,15,,73347,6,0,9 10,0,15,,69617,6,0,5 2 11 2 12,0,15,,73336,6,0,9 10,0,55,,69620,6,0,5 2 11 2 12,0,15,,73322,6,0,9 10,0,15,,69632,6,0,5 2 11 2 12,0,15,,69602,6,0,9 10,0,54,,69610,6,0,5 2 11 2 12,0,15,,73338,6,0,9 10,0,30,,73321,6,0,9 10,0,70,,69606,6,0,9 10,0,30,,73335,6,0,9 10,0,65,,73351,6,0,9 10,0,30,,69637,6,0,5 2 11 2 12,0
702029,'1959',628,,73463,6,0,9 10,0,23,,73452,6,0,9 10,0,70,,73465,6,0,9 10,0,30,,73461,6,0,9 10,0,55,,69679,6,0,5 2 11 2 12,0,16,,73451,6,0,9 10,0,15,,69691,6,0,5 2 11 2 12,0,15,,73464,6,0,9 10,0,55,,73472,6,0,5 2 11 2 12,0,15,,73453,6,0,9 10,0,15,,69677,6,0,5 2 11 2 12,0,15,,73450,6,0,9 10,0,55,,69686,6,0,5 2 11 2 12,0,16,,69667,6,0,9 10,0,15,,69687,6,0,5 2 11 2 12,0,15,,73456,6,0,9 10,0,55,,69678,6,0,5 2 11 2 12,0,15,,69645,6,0,9 10,0,15,,69697,6,0,5 2 11 2 12,0,15,,73470,6,0,9 10,0,56,,69675,6,0,5 2 11 2 12,0,15,,69656,6,0,9 10,0,15,,69689,6,0,5 2 11 2 12,0,15,,73449,6,0,9 10,0,55,,69698,6,0,5 2 11 2 12,0,15,,73466,6,0,9 10,0,15,,69681,6,0,5 2 11 2 12,0,15,,73459,6,0,9 10,0,55,,69684,6,0,5 2 11 2 12,0,15,,73448,6,0,9 10,0,15,,69696,6,0,5 2 11 2 12,0,15,,73467,6,0,9 10,0,55,,69676,6,0,5 2 11 2 12,0,15,,73455,6,0,9 10,0,15,,69685,6,0,5 2 11 2 12,0,15,,73447,6,0,9 10,0,55,,69694,6,0,5 2 11 2 12,0,15,,73471,6,0,9 10,0,15,,69674,6,0,5 2 11 2 12,0,15,,73454,6,0,9 10,0,55,,69690,6,0,5 2 11 2 12,0,15,,73446,6,0,9 10,0,15,,69692,6,0,5 2 11 2 12,0,15,,73468,6,0,9 10,0,55,,69682,6,0,5 2 11 2 12,0,13,,73462,6,0,9 10,0,15,,69688,6,0,5 2 11 2 12,0,15,,73445,6,0,9 10,0,55,,69693,6,0,5 2 11 2 12,0,15,,73469,6,0,9 10,0,15,,69680,6,0,5 2 11 2 12,0,15,,73458,6,0,9 10,0,55,,69683,6,0,5 2 11 2 12,0,15,,73444,6,0,9 10,0,15,,69695,6,0,5 2 11 2 12,0,15,,69665,6,0,9 10,0,54,,69673,6,0,5 2 11 2 12,0,15,,73460,6,0,9 10,0,30,,73443,6,0,9 10,0,70,,69669,6,0,9 10,0,30,,73457,6,0,9 10,0,65,,73473,6,0,9 10,0,30,,69700,6,0,5 2 11 2 12,0
702029,'1965',611,,73383,6,0,9 10,0,20,,73384,6,0,9 10,0,71,,69850,6,0,9 10,0,17,,69798,6,0,9 10,0,15,,73385,6,0,9 10,0,21,,65124,6,0,9 10,0,55,,73386,6,0,9 10,0,15,,69848,6,0,9 10,0,15,,73406,6,0,5 2 11 2 12,0,15,,69849,6,0,9 10,0,75,,69828,6,0,5 2 11 2 12,0,15,,73388,6,0,9 10,0,55,,73408,6,0,5 2 11 2 12,0,15,,73423,6,0,9 10,0,100,,69804,6,0,9 10,0,15,,73410,6,0,5 2 11 2 12,0,15,,73390,6,0,9 10,0,55,,73411,6,0,5 2 11 2 12,0,100,,69835,6,0,5 2 11 2 12,0,15,,73392,6,0,9 10,0,15,,73413,6,0,5 2 11 2 12,0,15,,73393,6,0,9 10,0,95,,73419,6,0,9 10,0,15,,69838,6,0,5 2 11 2 12,0,55,,73395,6,0,9 10,0,15,,73420,6,0,9 10,0,15,,73396,6,0,9 10,0,15,,69839,6,0,5 2 11 2 12,0,55,,73398,6,0,9 10,0,15,,73397,6,0,9 10,0,15,,73421,6,0,9 10,0,70,,73399,6,0,9 10,0,43,,69815,6,0,9 10,0,55,,73415,6,0,5 2 11 2 12,0,15,,69856,6,0,9 10,0,30,,73401,6,0,9 10,0,70,,69817,6,0,9 10,0,15,,69844,6,0,5 2 11 2 12,0,15,,73402,6,0,9 10,0,68,,73403,6,0,9 10,0,30,,69820,6,0,9 10,0,55,,73418,6,0,5 2 11 2 12,0,15,,73404,6,0,9 10,0,30,,69822,6,0,9 10,0,70,,69823,6,0,9 10,0,30,,73405,6,0,9 10,0,65,,69851,6,0,9 10,0,30,,69825,6,0,5 2 11 2 12,0
702029,'1966',1938,,73424,6,0,5 2 11 2 12,0,170,,73428,6,0,5 2 11 2 12,0
702029,'1967',627,,69527,6,0,9 10,0,23,,69513,6,0,9 10,0,70,,69517,6,0,9 10,0,30,,69521,6,0,9 10,0,56,,73429,6,0,5 2 11 2 12,0,15,,69524,6,0,9 10,0,15,,73425,6,0,5 2 11 2 12,0,15,,69514,6,0,9 10,0,55,,69530,6,0,5 2 11 2 12,0,15,,69518,6,0,9 10,0,15,,73426,6,0,5 2 11 2 12,0,15,,69559,6,0,9 10,0,59,,73439,6,0,5 2 11 2 12,0,15,,69552,6,0,9 10,0,15,,73435,6,0,5 2 11 2 12,0,15,,69540,6,0,9 10,0,55,,69549,6,0,5 2 11 2 12,0,15,,69555,6,0,9 10,0,15,,73430,6,0,5 2 11 2 12,0,15,,69550,6,0,9 10,0,55,,69572,6,0,5 2 11 2 12,0,15,,69547,6,0,9 10,0,15,,73440,6,0,5 2 11 2 12,0,15,,69544,6,0,9 10,0,55,,73432,6,0,5 2 11 2 12,0,15,,69571,6,0,9 10,0,15,,73438,6,0,5 2 11 2 12,0,15,,69558,6,0,9 10,0,55,,69543,6,0,5 2 11 2 12,0,15,,69546,6,0,9 10,0,15,,73442,6,0,5 2 11 2 12,0,15,,69553,6,0,9 10,0,55,,69537,6,0,5 2 11 2 12,0,15,,73433,6,0,9 10,0,15,,73434,6,0,5 2 11 2 12,0,15,,69541,6,0,9 10,0,55,,69539,6,0,5 2 11 2 12,0,15,,69573,6,0,9 10,0,15,,73437,6,0,5 2 11 2 12,0,15,,69551,6,0,9 10,0,55,,69561,6,0,5 2 11 2 12,0,15,,73431,6,0,9 10,0,15,,73436,6,0,5 2 11 2 12,0,15,,69545,6,0,9 10,0,55,,69567,6,0,5 2 11 2 12,0,15,,69574,6,0,9 10,0,15,,69538,6,0,5 2 11 2 12,0,15,,69557,6,0,9 10,0,55,,73441,6,0,5 2 11 2 12,0,13,,69519,6,0,9 10,0,30,,69522,6,0,9 10,0,55,,65204,6,0,5 2 11 2 12,0,15,,69525,6,0,9 10,0,15,,73427,6,0,5 2 11 2 12,0,15,,69515,6,0,9 10,0,68,,69520,6,0,9 10,0,30,,69523,6,0,9 10,0,70,,69526,6,0,9 10,0,30,,69516,6,0,9 10,0,65,,69536,6,0,9 10,0,30,,69535,6,0,5 2 11 2 12,0
702029,'1969',628,,73372,6,0,9 10,0,23,,73361,6,0,9 10,0,70,,73374,6,0,9 10,0,30,,73370,6,0,9 10,0,55,,69742,6,0,5 2 11 2 12,0,16,,73360,6,0,9 10,0,15,,69754,6,0,5 2 11 2 12,0,15,,73373,6,0,9 10,0,55,,73381,6,0,5 2 11 2 12,0,15,,73362,6,0,9 10,0,15,,69740,6,0,5 2 11 2 12,0,15,,73359,6,0,9 10,0,55,,69749,6,0,5 2 11 2 12,0,16,,69730,6,0,9 10,0,15,,69750,6,0,5 2 11 2 12,0,15,,73365,6,0,9 10,0,55,,69741,6,0,5 2 11 2 12,0,15,,69708,6,0,9 10,0,15,,69760,6,0,5 2 11 2 12,0,15,,73379,6,0,9 10,0,56,,69738,6,0,5 2 11 2 12,0,15,,69719,6,0,9 10,0,15,,69752,6,0,5 2 11 2 12,0,15,,73358,6,0,9 10,0,55,,69761,6,0,5 2 11 2 12,0,15,,73375,6,0,9 10,0,15,,69744,6,0,5 2 11 2 12,0,15,,73368,6,0,9 10,0,55,,69747,6,0,5 2 11 2 12,0,15,,73357,6,0,9 10,0,15,,69759,6,0,5 2 11 2 12,0,15,,73376,6,0,9 10,0,55,,69739,6,0,5 2 11 2 12,0,15,,73364,6,0,9 10,0,15,,69748,6,0,5 2 11 2 12,0,15,,73356,6,0,9 10,0,55,,69757,6,0,5 2 11 2 12,0,15,,73380,6,0,9 10,0,15,,69737,6,0,5 2 11 2 12,0,15,,73363,6,0,9 10,0,55,,69753,6,0,5 2 11 2 12,0,15,,73355,6,0,9 10,0,15,,69755,6,0,5 2 11 2 12,0,15,,73377,6,0,9 10,0,55,,69745,6,0,5 2 11 2 12,0,13,,73371,6,0,9 10,0,15,,69751,6,0,5 2 11 2 12,0,15,,73354,6,0,9 10,0,55,,69756,6,0,5 2 11 2 12,0,15,,73378,6,0,9 10,0,15,,69743,6,0,5 2 11 2 12,0,15,,73367,6,0,9 10,0,55,,69746,6,0,5 2 11 2 12,0,15,,73353,6,0,9 10,0,15,,69758,6,0,5 2 11 2 12,0,15,,69728,6,0,9 10,0,54,,69736,6,0,5 2 11 2 12,0,15,,73369,6,0,9 10,0,30,,73352,6,0,9 10,0,70,,69732,6,0,9 10,0,30,,73366,6,0,9 10,0,65,,73382,6,0,9 10,0,30,,69763,6,0,5 2 11 2 12,0
702029,'1970',915,,74996,6,0,9 10,0,115,,75003,6,0,5 2 11 2 12,0,15,,74997,6,0,9 10,0,55,,75004,6,0,5 2 11 2 12,0,115,,74998,6,0,9 10,0,15,,75005,6,0,5 2 11 2 12,0,15,,74999,6,0,9 10,0,155,,75006,6,0,5 2 11 2 12,0,15,,75000,6,0,9 10,0,15,,75002,6,0,5 2 11 2 12,0,225,,75012,6,0,5 2 11 2 12,0,70,,75001,6,0,9 10,0,13,,75007,6,0,5 2 11 2 12,0,100,,75008,6,0,5 2 11 2 12,0,70,,75009,6,0,5 2 11 2 12,0,98,,75010,6,0,5 2 11 2 12,0,30,,75011,6,0,5 2 11 2 12,0
702029,'1971',1938,,75013,6,0,5 2 11 2 12,0,170,,75014,6,0,5 2 11 2 12,0
