2029,'1912',620,,70465,16,,,0,30,,70473,16,,,0,68,,70484,16,,,0,30,,70479,16,,,0,70,,70466,16,,,0,30,,70474,16,,,0,71,,70485,16,,,0,30,,70480,16,,,0,55,,66011,5,0,12,0,15,,70467,16,,,0,30,,70475,16,,,0,70,,70486,16,,,0,30,,70481,16,,,0,70,,70468,16,,,0,30,,70476,16,,,0,70,,70487,16,,,0,30,,70482,16,,,0,70,,70469,16,,,0,30,,70477,16,,,0,70,,70488,16,,,0,30,,70483,16,,,0,70,,70470,16,,,0,30,,70478,16,,,0,70,,70489,16,,,0,100,,70471,16,,,0,98,,70490,16,,,0,100,,70472,16,,,0,101,,70491,16,,,0,100,,70464,16,,,0
2029,'1924',1004,,66012,5,0,12,0
2029,'1925',620,,70497,16,,,0,30,,70505,16,,,0,68,,70516,16,,,0,30,,70511,16,,,0,70,,70498,16,,,0,30,,70506,16,,,0,71,,70517,16,,,0,30,,70512,16,,,0,55,,66013,5,0,12,0,15,,70499,16,,,0,30,,70507,16,,,0,70,,70518,16,,,0,30,,70513,16,,,0,70,,70500,16,,,0,30,,70508,16,,,0,70,,70519,16,,,0,30,,70514,16,,,0,70,,70501,16,,,0,30,,70509,16,,,0,70,,70520,16,,,0,30,,70515,16,,,0,70,,70502,16,,,0,30,,70510,16,,,0,70,,70521,16,,,0,100,,70503,16,,,0,98,,70522,16,,,0,100,,70504,16,,,0,101,,70523,16,,,0,100,,70496,16,,,0
2029,'1955',550,,59613,20,0,5 2 15 16 17,0,70,,59596,20,,,0,30,,59603,20,,,0,68,,59582,20,,,0,30,,59588,20,,,0,70,,59597,20,,,0,30,,59604,20,,,0,71,,59583,20,,,0,30,,59589,20,,,0,70,,59598,20,,,0,30,,59605,20,,,0,70,,59584,20,,,0,30,,59590,20,,,0,70,,59599,20,,,0,30,,59606,20,,,0,70,,59585,20,,,0,30,,59591,20,,,0,70,,59600,20,,,0,30,,59607,20,,,0,70,,59586,20,,,0,30,,59592,20,,,0,70,,59601,20,,,0,30,,59608,20,,,0,70,,59587,20,,,0,30,,59593,20,,,0,70,,59602,20,,,0,30,,59609,20,,,0,69,,59594,20,,,0,100,,59610,20,,,0,100,,59595,20,,,0,100,,59611,20,,,0
2029,'1956',620,,59650,20,,,0,30,,59658,20,,,0,68,,59669,20,,,0,30,,59664,20,,,0,70,,59651,20,,,0,30,,59659,20,,,0,71,,59670,20,,,0,30,,59665,20,,,0,70,,59652,20,,,0,30,,59660,20,,,0,70,,59671,20,,,0,30,,59666,20,,,0,70,,59653,20,,,0,30,,59661,20,,,0,70,,59672,20,,,0,30,,59667,20,,,0,70,,59654,20,,,0,30,,59662,20,,,0,70,,59673,20,,,0,30,,59668,20,,,0,70,,59655,20,,,0,30,,59663,20,,,0,70,,59674,20,,,0,100,,59656,20,,,0,98,,59675,20,,,0,100,,59657,20,,,0,101,,59676,20,,,0,100,,59649,20,,,0
2029,'1957',524,,70545,5,,,0,25,,70528,16,,,0,70,,70529,16,,,0,28,,70530,16,,,0,70,,70531,16,,,0,28,,70532,16,,,0,70,,70533,16,,,0,30,,70534,16,,,0,72,,70535,16,,,0,30,,70536,16,,,0,70,,70559,16,,,0,30,,70555,16,,,0,70,,70561,16,,,0,30,,70557,16,,,0,70,,70558,16,,,0,30,,70554,16,,,0,70,,70560,16,,,0,30,,70556,16,,,0,70,,70562,16,,,0,32,,70537,16,,,0,74,,70538,16,,,0,30,,70539,16,,,0,70,,70540,16,,,0,30,,70541,16,,,0,70,,70542,16,,,0,28,,70543,16,,,0,67,,70544,16,,,0,30,,70548,16,,,0,70,,70549,16,,,0,100,,70550,16,,,0,100,,70551,16,,,0,100,,70547,16,,,0
2029,'1958',550,,70594,16,,,0,70,,70577,16,,,0,30,,70584,16,,,0,68,,70563,16,,,0,30,,70569,16,,,0,70,,70578,16,,,0,30,,70585,16,,,0,71,,70564,16,,,0,30,,70570,16,,,0,70,,70579,16,,,0,30,,70586,16,,,0,70,,70565,16,,,0,30,,70571,16,,,0,70,,70580,16,,,0,30,,70587,16,,,0,70,,70566,16,,,0,30,,70572,16,,,0,70,,70581,16,,,0,30,,70588,16,,,0,70,,70567,16,,,0,30,,70573,16,,,0,70,,70582,16,,,0,30,,70589,16,,,0,70,,70568,16,,,0,30,,70574,16,,,0,70,,70583,16,,,0,30,,70590,16,,,0,69,,70575,16,,,0,100,,70591,16,,,0,100,,70576,16,,,0,100,,70592,16,,,0
2029,'1959',620,,70598,16,,,0,30,,70606,16,,,0,68,,70617,16,,,0,30,,70612,16,,,0,70,,70599,16,,,0,30,,70607,16,,,0,71,,70618,16,,,0,30,,70613,16,,,0,70,,70600,16,,,0,30,,70608,16,,,0,70,,70619,16,,,0,30,,70614,16,,,0,70,,70601,16,,,0,30,,70609,16,,,0,70,,70620,16,,,0,30,,70615,16,,,0,70,,70602,16,,,0,30,,70610,16,,,0,70,,70621,16,,,0,30,,70616,16,,,0,70,,70603,16,,,0,30,,70611,16,,,0,70,,70622,16,,,0,100,,70604,16,,,0,98,,70623,16,,,0,100,,70605,16,,,0,101,,70624,16,,,0,100,,70597,16,,,0
701019,'1910',608,,68783,4,,,0,28,,68763,4,,,0,68,,68780,4,,,0,30,,68776,4,,,0,70,,68778,4,,,0,30,,68779,4,,,0,70,,68781,4,,,0,30,,68777,4,,,0,70,,68813,4,,,0,30,,68822,4,,,0,70,,68809,4,,,0,30,,68818,4,,,0,70,,68814,4,,,0,30,,68807,4,,,0,70,,68852,4,,,0,30,,68806,4,,,0,70,,68808,4,,,0,30,,68836,4,,,0,70,,68832,4,,,0,30,,68825,4,,,0,100,,68833,4,,,0,70,,68850,4,,,0,30,,68798,4,,,0,100,,68805,4,,,0,70,,68834,4,,,0,30,,68758,4,,,0,70,,68764,4,,,0,30,,68771,4,,,0,70,,68754,4,,,0,30,,68759,4,,,0,70,,68765,4,,,0,30,,68772,4,,,0,70,,68755,4,,,0,25,,68796,4,,,0
701019,'1912',608,,72956,4,,,0,28,,72982,4,,,0,68,,72974,4,,,0,30,,72953,4,,,0,70,,72975,4,,,0,30,,72957,4,,,0,70,,72952,4,,,0,30,,68928,4,,,0,70,,72960,4,,,0,30,,72949,4,,,0,70,,72978,4,,,0,30,,68905,4,,,0,70,,68894,4,,,0,30,,68925,4,,,0,70,,68909,4,,,0,30,,72948,4,,,0,70,,72977,4,,,0,30,,72961,4,,,0,70,,72946,4,,,0,30,,72976,4,,,0,70,,72958,4,,,0,30,,72944,4,,,0,70,,72979,4,,,0,30,,72966,4,,,0,70,,72941,4,,,0,30,,72987,4,,,0,70,,72968,4,,,0,30,,72939,4,,,0,70,,72984,4,,,0,30,,72970,4,,,0,70,,72936,4,,,0,30,,68934,4,,,0,70,,72969,4,,,0,30,,72938,4,,,0,70,,68938,4,,,0,25,,72992,4,,,0
701019,'1924',934,,69027,4,,,0,200,,69004,4,,,0,70,,68993,4,,,0,30,,69024,4,,,0,70,,69008,4,,,0,830,,69033,4,,,0,170,,69037,4,,,0
701019,'1925',608,,73016,4,,,0,28,,73042,4,,,0,68,,73034,4,,,0,30,,73013,4,,,0,70,,73035,4,,,0,30,,73017,4,,,0,70,,73012,4,,,0,30,,69126,4,,,0,70,,73020,4,,,0,30,,73009,4,,,0,70,,73038,4,,,0,30,,69103,4,,,0,70,,69092,4,,,0,30,,69123,4,,,0,70,,69107,4,,,0,30,,73008,4,,,0,70,,73037,4,,,0,30,,73021,4,,,0,70,,73006,4,,,0,30,,73036,4,,,0,70,,73018,4,,,0,30,,73004,4,,,0,70,,73039,4,,,0,30,,73026,4,,,0,70,,73001,4,,,0,30,,73047,4,,,0,70,,73028,4,,,0,30,,72999,4,,,0,70,,73044,4,,,0,30,,73030,4,,,0,70,,72996,4,,,0,30,,69132,4,,,0,70,,73029,4,,,0,30,,72998,4,,,0,70,,69136,4,,,0,25,,73052,4,,,0
701019,'1949',637,,69307,4,,,0,98,,69299,4,,,0,65,,69300,4,,,0,33,,69302,4,,,0,99,,69312,4,,,0,270,,69274,4,,,0,100,,69276,4,,,0,145,,69310,4,0,5 2 11 2 12,0,67,,69280,4,,,0,320,,69283,4,,,0,70,,69284,4,,,0,100,,69286,4,,,0,100,,69288,4,,,0,30,,69289,4,,,0,100,,69291,4,,,0,70,,69292,4,,,0
701019,'1955',1604,,68844,4,,,0,200,,68827,4,,,0
701019,'1956',608,,69001,4,,,0,28,,69034,4,,,0,68,,69023,4,,,0,30,,68998,4,,,0,70,,69025,4,,,0,30,,69002,4,,,0,70,,68997,4,,,0,100,,69006,4,,,0,30,,68994,4,,,0,70,,69029,4,,,0,230,,68991,4,,,0,70,,69028,4,,,0,30,,69007,4,,,0,70,,68989,4,,,0,30,,69026,4,,,0,70,,69003,4,,,0,30,,68987,4,,,0,70,,69030,4,,,0,30,,69013,4,,,0,70,,68984,4,,,0,30,,69043,4,,,0,70,,69016,4,,,0,30,,68982,4,,,0,70,,69038,4,,,0,30,,69019,4,,,0,70,,68979,4,,,0,100,,69017,4,,,0,30,,68981,4,,,0,95,,69049,4,,,0
701019,'1957',549,,73109,4,,,0,70,,73110,4,,,0,32,,73111,4,,,0,69,,73116,4,,,0,93,,73112,4,,,0,89,,73092,4,,,0,100,,73093,4,,,0,30,,73094,4,,,0,70,,73095,4,,,0,30,,73096,4,,,0,100,,73097,4,,,0,100,,73098,4,,,0,70,,73099,4,,,0,31,,73100,4,,,0,70,,73121,4,,,0,31,,73114,4,,,0,19,,73119,4,0,5 2 11 2 12,0,61,,73101,4,,,0,20,,73102,4,,,0,21,,73120,4,0,5 2 11 2 12,0,60,,73113,4,,,0,19,,73108,4,,,0,25,,73107,4,,,0,60,,73106,4,,,0,115,,73103,4,,,0,100,,73104,4,,,0,170,,73105,4,,,0,125,,73118,4,,,0
701019,'1958',1604,,73136,4,,,0,200,,73133,4,,,0
701019,'1959',608,,73165,4,,,0,28,,73191,4,,,0,68,,73183,4,,,0,30,,73162,4,,,0,70,,73184,4,,,0,30,,73166,4,,,0,70,,73161,4,,,0,100,,73169,4,,,0,30,,73158,4,,,0,70,,73187,4,,,0,230,,73157,4,,,0,70,,73186,4,,,0,30,,73170,4,,,0,70,,73155,4,,,0,30,,73185,4,,,0,70,,73167,4,,,0,30,,73153,4,,,0,70,,73188,4,,,0,30,,73175,4,,,0,70,,73150,4,,,0,30,,73196,4,,,0,70,,73177,4,,,0,30,,73148,4,,,0,70,,73193,4,,,0,30,,73179,4,,,0,70,,73145,4,,,0,100,,73178,4,,,0,30,,73147,4,,,0,95,,73201,4,,,0
14000001029,'1909',431,,65864,5,0,18 7,0,2012,,65871,5,,,0,170,,65870,5,,,0
14000001029,'1910',2443,,65872,5,,,0,170,,65875,5,,,0
14000001029,'1912',533,,73589,5,0,18 7,0,1811,,70205,5,,,0,69,,73588,5,,,0,30,,65884,5,,,0,70,,70206,5,,,0,30,,73587,5,,,0,70,,65880,5,,,0
14000001029,'1924',2344,,70208,5,,,0,99,,65891,5,,,0,70,,70209,5,,,0,100,,65887,5,,,0
14000001029,'1925',533,,73592,5,0,18 7,0,1811,,70211,5,,,0,69,,73591,5,,,0,30,,65898,5,,,0,70,,70212,5,,,0,30,,73590,5,,,0,70,,65894,5,,,0
14000001029,'1955',533,,70203,5,0,18 7,0,1811,,70204,5,,,0,69,,65873,5,,,0,100,,70202,5,,,0,30,,65877,5,,,0
14000001029,'1956',533,,70210,5,0,18 7,0,1880,,65890,5,,,0,130,,65889,5,,,0
14000001029,'1957',533,,73593,5,0,18 7,0,1811,,73595,5,,,0,69,,73596,5,,,0,100,,73594,5,,,0,30,,73597,5,,,0
14000001029,'1958',533,,73600,5,0,18 7,0,1811,,73602,5,,,0,69,,73598,5,,,0,100,,73599,5,,,0,30,,73601,5,,,0
14000001029,'1959',533,,73605,5,0,18 7,0,1880,,73604,5,,,0,130,,73603,5,,,0
