2019,'1912',641,,70341,7,,,0,70,,70318,7,,,0,30,,70322,7,,,0,70,,70334,7,,,0,30,,70329,7,,,0,70,,70319,7,,,0,30,,70323,7,,,0,70,,70335,7,,,0,30,,70330,7,,,0,70,,70320,7,,,0,30,,70324,7,,,0,70,,70336,7,,,0,30,,70331,7,,,0,70,,70321,7,,,0,30,,70325,7,,,0,70,,70337,7,,,0,30,,70332,7,,,0,70,,70316,7,,,0,30,,70326,7,,,0,70,,70338,7,,,0,30,,70333,7,,,0,70,,70314,7,,,0,30,,70327,7,,,0,70,,70339,7,,,0,100,,70315,7,,,0,100,,70340,7,,,0,100,,70317,7,,,0,100,,70328,7,,,0,99,,70342,7,,,0
2019,'1925',641,,70370,7,,,0,70,,70347,7,,,0,30,,70351,7,,,0,70,,70363,7,,,0,30,,70358,7,,,0,70,,70348,7,,,0,30,,70352,7,,,0,70,,70364,7,,,0,30,,70359,7,,,0,70,,70349,7,,,0,30,,70353,7,,,0,70,,70365,7,,,0,30,,70360,7,,,0,70,,70350,7,,,0,30,,70354,7,,,0,70,,70366,7,,,0,30,,70361,7,,,0,70,,70345,7,,,0,30,,70355,7,,,0,70,,70367,7,,,0,30,,70362,7,,,0,70,,70343,7,,,0,30,,70356,7,,,0,70,,70368,7,,,0,100,,70344,7,,,0,100,,70369,7,,,0,100,,70346,7,,,0,100,,70357,7,,,0,99,,70371,7,,,0
2019,'1955',640,,59403,7,,,0,70,,59412,7,,,0,30,,59419,7,,,0,70,,59397,7,,,0,30,,59404,7,,,0,70,,59413,7,,,0,30,,59420,7,,,0,71,,59398,7,,,0,30,,59405,7,,,0,70,,59414,7,,,0,30,,59421,7,,,0,70,,59399,7,,,0,30,,59406,7,,,0,70,,59415,7,,,0,30,,59422,7,,,0,70,,59400,7,,,0,30,,59407,7,,,0,70,,59416,7,,,0,30,,59423,7,,,0,70,,59401,7,,,0,30,,59408,7,,,0,70,,59417,7,,,0,30,,59424,7,,,0,70,,59402,7,,,0,30,,59409,7,,,0,70,,59418,7,,,0,100,,59410,7,,,0,100,,59425,7,,,0,100,,59411,7,,,0,100,,59426,7,,,0
2019,'1956',641,,59483,7,,,0,70,,59460,7,,,0,30,,59464,7,,,0,70,,59476,7,,,0,30,,59471,7,,,0,70,,59461,7,,,0,30,,59465,7,,,0,70,,59477,7,,,0,30,,59472,7,,,0,70,,59462,7,,,0,30,,59466,7,,,0,70,,59478,7,,,0,30,,59473,7,,,0,70,,59463,7,,,0,30,,59467,7,,,0,70,,59479,7,,,0,30,,59474,7,,,0,70,,59458,7,,,0,30,,59468,7,,,0,70,,59480,7,,,0,30,,59475,7,,,0,70,,59456,7,,,0,30,,59469,7,,,0,70,,59481,7,,,0,100,,59457,7,,,0,100,,59482,7,,,0,100,,59459,7,,,0,100,,59470,7,,,0,99,,59484,7,,,0
2019,'1957',612,,70372,7,,,0,28,,70373,7,,,0,70,,70374,7,,,0,30,,70375,7,,,0,70,,70376,7,,,0,30,,70377,7,,,0,70,,70394,7,,,0,30,,70395,7,,,0,70,,70396,7,,,0,30,,70397,7,,,0,70,,70398,7,,,0,30,,70399,7,,,0,70,,70400,7,,,0,30,,70401,7,,,0,70,,70402,7,,,0,30,,70392,7,,,0,70,,70393,7,,,0,30,,70378,7,,,0,70,,70379,7,,,0,30,,70380,7,,,0,70,,70381,7,,,0,30,,70382,7,,,0,70,,70383,7,,,0,29,,70384,7,,,0,70,,70385,7,,,0,30,,70391,7,,,0,70,,70386,7,,,0,100,,70387,7,,,0,100,,70388,7,,,0,100,,70389,7,,,0,100,,70390,7,,,0
2019,'1958',640,,70411,7,,,0,70,,70420,7,,,0,30,,70427,7,,,0,70,,70405,7,,,0,30,,70412,7,,,0,70,,70421,7,,,0,30,,70428,7,,,0,71,,70406,7,,,0,30,,70413,7,,,0,70,,70422,7,,,0,30,,70429,7,,,0,70,,70407,7,,,0,30,,70414,7,,,0,70,,70423,7,,,0,30,,70430,7,,,0,70,,70408,7,,,0,30,,70415,7,,,0,70,,70424,7,,,0,30,,70431,7,,,0,70,,70409,7,,,0,30,,70416,7,,,0,70,,70425,7,,,0,30,,70432,7,,,0,70,,70410,7,,,0,30,,70417,7,,,0,70,,70426,7,,,0,100,,70418,7,,,0,100,,70433,7,,,0,100,,70419,7,,,0,100,,70434,7,,,0
2019,'1959',641,,70462,7,,,0,70,,70439,7,,,0,30,,70443,7,,,0,70,,70455,7,,,0,30,,70450,7,,,0,70,,70440,7,,,0,30,,70444,7,,,0,70,,70456,7,,,0,30,,70451,7,,,0,70,,70441,7,,,0,30,,70445,7,,,0,70,,70457,7,,,0,30,,70452,7,,,0,70,,70442,7,,,0,30,,70446,7,,,0,70,,70458,7,,,0,30,,70453,7,,,0,70,,70437,7,,,0,30,,70447,7,,,0,70,,70459,7,,,0,30,,70454,7,,,0,70,,70435,7,,,0,30,,70448,7,,,0,70,,70460,7,,,0,100,,70436,7,,,0,100,,70461,7,,,0,100,,70438,7,,,0,100,,70449,7,,,0,99,,70463,7,,,0
32019,'1909',622,,62575,9,,,0,103,,62566,39,,,0,99,,62561,39,,,0,129,,62553,39,,,0,100,,62543,39,,,0,170,,62557,39,,,0,100,,62564,39,,,0,132,,62569,39,,,0,70,,62556,39,,,0,30,,62549,39,,,0,70,,62563,39,,,0,30,,62542,39,,,0,70,,62560,39,,,0,27,,62568,39,,,0,271,,62572,9,,,0,130,,62548,39,,,0,70,,62573,9,,,0
32019,'1912',556,,62634,9,,,0,96,,62617,39,,,0,100,,62618,39,,,0,100,,62619,39,,,0,100,,62620,39,,,0,100,,62621,39,,,0,101,,62622,39,,,0,100,,62623,39,,,0,100,,62624,39,,,0,100,,62625,39,,,0,100,,62626,39,,,0,100,,62627,39,,,0,100,,62628,39,,,0,100,,62629,39,,,0,100,,62630,39,,,0,100,,62631,39,,,0,99,,62632,39,,,0,100,,62633,39,,,0
32019,'1924',556,,62653,9,,,0,96,,62636,39,,,0,100,,62637,39,,,0,100,,62638,39,,,0,100,,62639,39,,,0,100,,62640,39,,,0,101,,62641,39,,,0,100,,62642,39,,,0,100,,62643,39,,,0,100,,62644,39,,,0,100,,62645,39,,,0,100,,62646,39,,,0,100,,62647,39,,,0,100,,62648,39,,,0,100,,62649,39,,,0,100,,62650,39,,,0,99,,62651,39,,,0,100,,62652,39,,,0
32019,'1925',556,,62672,9,,,0,96,,62655,39,,,0,100,,62656,39,,,0,100,,62657,39,,,0,100,,62658,39,,,0,100,,62659,39,,,0,101,,62660,39,,,0,100,,62661,39,,,0,100,,62662,39,,,0,100,,62663,39,,,0,100,,62664,39,,,0,100,,62665,39,,,0,100,,62666,39,,,0,100,,62667,39,,,0,100,,62668,39,,,0,100,,62669,39,,,0,99,,62670,39,,,0,100,,62671,39,,,0
32019,'1949',654,,67817,39,,,0,101,,67816,39,,,0,169,,67819,39,,,0,99,,67821,39,,,0,130,,67822,39,,,0,100,,67818,39,,,0,170,,67820,39,,,0
32019,'1955',526,,67809,9,,,0,30,,67808,9,,,0,70,,67791,9,,,0,26,,67784,39,,,0,70,,67801,39,,,0,30,,67778,39,,,0,70,,67795,39,,,0,30,,67802,39,,,0,70,,67790,39,,,0,30,,67783,39,,,0,71,,67800,39,,,0,30,,67777,39,,,0,70,,67794,39,,,0,30,,67805,39,,,0,70,,67789,39,,,0,30,,67782,39,,,0,70,,67799,39,,,0,30,,67776,39,,,0,70,,67793,39,,,0,30,,67804,39,,,0,70,,67788,39,,,0,30,,67781,39,,,0,70,,67798,39,,,0,30,,67775,39,,,0,70,,67792,39,,,0,30,,67806,39,,,0,70,,67787,39,,,0,30,,67780,39,,,0,70,,67796,39,,,0,30,,62581,39,,,0,70,,67786,9,,,0,30,,67803,39,,,0,70,,67797,9,,,0,30,,67779,39,,,0,70,,67785,9,,,0,30,,62580,39,,,0
32019,'1957',436,,72130,9,,,0,88,,72131,9,,,0,30,,72129,9,,,0,300,,72126,39,,,0,269,,72123,39,,,0,230,,72119,39,,,0,470,,72122,39,,,0,30,,72121,39,,,0,70,,72124,39,,,0,30,,72120,39,,,0,100,,72125,39,,,0,70,,72127,9,,,0,130,,72118,39,,,0
32019,'1958',526,,72168,9,,,0,30,,72167,9,,,0,70,,72150,9,,,0,26,,72143,39,,,0,70,,72160,39,,,0,30,,72137,39,,,0,70,,72154,39,,,0,30,,72161,39,,,0,70,,72149,39,,,0,30,,72142,39,,,0,71,,72159,39,,,0,30,,72136,39,,,0,70,,72153,39,,,0,30,,72164,39,,,0,70,,72148,39,,,0,30,,72141,39,,,0,70,,72158,39,,,0,30,,72135,39,,,0,70,,72152,39,,,0,30,,72163,39,,,0,70,,72147,39,,,0,30,,72140,39,,,0,70,,72157,39,,,0,30,,72134,39,,,0,70,,72151,39,,,0,30,,72165,39,,,0,70,,72146,39,,,0,30,,72139,39,,,0,70,,72155,39,,,0,30,,72133,39,,,0,70,,72145,9,,,0,30,,72162,39,,,0,70,,72156,9,,,0,30,,72138,39,,,0,70,,72144,9,,,0,30,,72132,39,,,0
