2019,'1897',509,,48670,30,4,,0
2029,'1838',1741,,35248,16,4,,0,100,,35247,16,4,,0,465,,35249,16,4,,0
2029,'1867',1741,,35349,16,4,,0,100,,35348,16,4,,0,465,,35350,16,4,,0
2029,'1892',1941,,35284,16,4,,0,370,,35278,16,4,,0
2029,'1897',1941,,48734,16,4,,0,370,,48733,16,4,,0
2029,'1898',1943,,48800,16,4,,0,364,,48798,16,4,,0
7019,'1897',509,,49106,1,,,0,36,,49072,18,,,0,72,,49109,1,,,0,31,,49073,18,,,0,71,,49074,18,,,0,32,,49082,18,,,0,72,,49075,18,,,0,29,,49083,18,,,0,68,,49076,18,,,0,30,,49084,18,,,0,70,,49077,18,,,0,30,,49085,18,,,0,70,,49078,18,,,0,30,,49086,18,,,0,70,,49079,18,,,0,30,,49087,18,,,0,70,,49080,18,,,0,30,,49088,18,,,0,71,,49081,18,,,0,33,,49101,18,,,0,73,,49102,18,,,0,14,,49108,1,,,0,12,,49103,18,,,0,70,,49104,18,,,0,30,,49089,18,,,0,68,,49091,18,,,0,29,,49090,18,,,0,70,,49093,18,,,0,28,,49094,18,,,0,70,,49095,18,,,0,28,,49096,18,,,0,70,,49097,18,,,0,30,,49098,18,,,0,69,,49107,1,,,0,31,,49099,18,,,0,72,2,49105,3,,,0,27,,49100,18,,,0,100,,49092,18,,,0
7019,'1898',617,,49142,1,,,0,28,,49122,18,,,0,70,,49115,18,,,0,30,,49123,18,,,0,70,,49116,18,,,0,31,,49124,18,,,0,70,,49117,18,,,0,30,,49125,18,,,0,71,,49118,18,,,0,30,,49126,18,,,0,70,,49119,18,,,0,30,,49127,18,,,0,70,,49120,18,,,0,30,,49128,18,,,0,70,,49121,18,,,0,30,,49129,18,,,0,70,,49134,18,,,0,31,,49130,18,,,0,70,,49136,18,,,0,30,,49131,18,,,0,70,,49135,18,,,0,29,,49132,18,,,0,70,,49137,18,,,0,30,,49133,18,,,0,70,,49140,18,,,0,29,,49110,18,,,0,69,,49138,18,,,0,30,,49111,18,,,0,70,,49139,18,,,0,30,,49112,18,,,0,70,,49143,1,,,0,30,,49113,18,,,0,72,,49141,3,,,0,28,,49114,18,,,0
20007019,'1838',944,,48439,12,4,,0,100,,41918,12,4,,0,100,,41919,12,4,,0,100,,41920,12,4,,0,100,,48440,12,4,,0,101,,41922,12,4,,0,100,,41923,12,4,,0,99,,41924,12,4,,0,100,,41925,12,4,,0,100,,41926,12,4,,0,100,,41927,12,4,,0,198,,48441,12,4,,0,170,,43937,12,4,,0
20007019,'1867',944,,48449,12,4,,0,100,,41956,12,4,,0,100,,41957,12,4,,0,100,,41958,12,4,,0,100,,48450,12,4,,0,101,,41960,12,4,,0,100,,41961,12,4,,0,99,,41962,12,4,,0,100,,41963,12,4,,0,100,,41964,12,4,,0,100,,41965,12,4,,0,198,,48451,12,4,,0,170,,43942,12,4,,0
20007019,'1892',2042,,48443,12,4,,0,100,,48444,12,4,,0,300,,48445,12,4,,0
20007019,'1896',2242,,51485,12,4,,0
20007019,'1897',2042,,51488,12,4,,0,100,,51489,12,4,,0,100,,51490,12,4,,0,200,,51491,12,4,,0
20007019,'1898',2042,,51492,12,4,,0,100,,51493,12,4,,0
