15019,'1909',647,,61509,27,,,0,874,,61526,27,,,0,298,,61532,27,,,0
15019,'1910',921,,61542,27,,,0,302,,61545,27,,,0,202,,61547,27,,,0,100,,61548,27,,,0,100,,61549,27,,,0,100,,67300,27,,,0,98,,61551,27,,,0
15019,'1912',721,,61566,27,,,0,100,,61564,27,,,0,100,,61567,27,,,0,101,,61565,27,,,0,100,,61562,27,,,0,100,,61560,27,,,0,102,,61563,27,,,0,100,,61561,27,,,0,100,,61558,27,,,0,100,,61559,27,,,0,100,,61556,27,,,0,100,,61557,27,,,0,100,,61555,27,,,0,97,,71673,27,,,0
15019,'1924',721,,61580,27,,,0,100,,61578,27,,,0,100,,61581,27,,,0,101,,61579,27,,,0,100,,61576,27,,,0,100,,61574,27,,,0,102,,61577,27,,,0,100,,61575,27,,,0,100,,61572,27,,,0,100,,61573,27,,,0,100,,61570,27,,,0,100,,61571,27,,,0,100,,61569,27,,,0
15019,'1925',721,,61594,27,,,0,100,,61592,27,,,0,100,,61595,27,,,0,101,,61593,27,,,0,100,,61590,27,,,0,100,,61588,27,,,0,102,,61591,27,,,0,100,,61589,27,,,0,100,,61586,27,,,0,100,,61587,27,,,0,100,,61584,27,,,0,100,,61585,27,,,0,100,,61583,27,,,0,97,,71674,27,,,0
15019,'1949',750,,67326,27,,,0,1497,,67335,27,0,5 2 6 7,0
15019,'1955',721,,67295,27,,,0,100,,67296,27,,,0,202,,67297,27,,,0,100,,67298,27,,,0,202,,67299,27,,,0,598,,67301,27,,,0,98,,67302,27,,,0
15019,'1956',2021,,67305,27,,,0
15019,'1957',717,,71675,27,,,0,103,,71676,27,,,0,29,,71677,27,,,0,70,,71678,27,,,0,30,,71679,27,,,0,70,,71680,27,,,0,30,,71681,27,,,0,70,,71682,27,,,0,30,,71683,27,,,0,70,,71684,27,,,0,30,,71685,27,,,0,70,,71686,27,,,0,30,,71687,27,,,0,70,,71688,27,,,0,32,,71689,27,,,0,100,,71690,27,,,0,70,,71691,27,,,0,28,,71692,27,,,0,70,,71693,27,,,0,30,,71694,27,,,0,100,,71695,27,,,0,70,,71699,27,,,0,30,,71696,27,,,0,98,,71697,27,,,0,100,,71698,27,,,0
15019,'1958',721,,71700,27,,,0,100,,71701,27,,,0,202,,71702,27,,,0,100,,71703,27,,,0,202,,71704,27,,,0,598,,71705,27,,,0,98,,71706,27,,,0
15019,'1959',2021,,71708,27,,,0
