14019,'1909',529,,61431,21,,,0,501,,61417,21,,,0,999,,61427,21,,,0,92,,61428,21,,,0
14019,'1910',652,,67210,21,,,0,606,,67216,21,,,0,100,,67217,21,,,0,200,,67219,21,,,0,98,,67220,21,,,0,100,,67221,21,,,0,298,,67224,21,,,0,200,,61449,21,,,0
14019,'1912',653,,61463,21,,,0,100,,67238,21,,,0,101,,67227,21,,,0,100,,71631,21,,,0,100,,67229,21,,,0,102,,67230,21,,,0,100,,67231,21,,,0,101,,67232,21,,,0,100,,67233,21,,,0,100,,67234,21,,,0,99,,67235,21,,,0,100,,67236,21,,,0,100,,67237,21,,,0,100,,61451,21,,,0,145,,71630,21,,,0
14019,'1924',653,,61478,21,,,0,100,,67251,21,,,0,101,,67240,21,,,0,200,,67242,21,,,0,102,,67243,21,,,0,100,,67244,21,,,0,101,,67245,21,,,0,100,,67246,21,,,0,100,,67247,21,,,0,99,,67248,21,,,0,100,,67249,21,,,0,100,,67250,21,,,0,100,,61466,21,,,0
14019,'1925',653,,61493,21,,,0,100,,67264,21,,,0,101,,67253,21,,,0,100,,71633,21,,,0,100,,67255,21,,,0,102,,67256,21,,,0,100,,67257,21,,,0,101,,67258,21,,,0,100,,67259,21,,,0,100,,67260,21,,,0,99,,67261,21,,,0,100,,67262,21,,,0,100,,67263,21,,,0,100,,61481,21,,,0,145,,71632,21,,,0
14019,'1955',752,,67211,21,,,0,103,,67212,21,,,0,100,,67213,21,,,0,100,,67214,21,,,0,103,,67215,21,,,0,300,,67218,21,,,0,398,,67222,21,,,0,98,,67223,21,,,0,200,,67225,21,,,0
14019,'1956',954,,67241,21,,,0,1147,,67239,21,,,0
14019,'1957',629,,71660,21,,,0,82,,71634,21,,,0,30,,71647,21,,,0,68,,71635,21,,,0,22,,71648,21,,,0,70,,71636,21,,,0,29,,71649,21,,,0,70,,71637,21,,,0,100,,71638,21,,,0,30,,71650,21,,,0,70,,71639,21,,,0,30,,71651,21,,,0,70,,71640,21,,,0,30,,71652,21,,,0,70,,71641,21,,,0,31,,71653,21,,,0,72,,71642,21,,,0,30,,71654,21,,,0,80,,71643,21,,,0,30,,71655,21,,,0,68,,71644,21,,,0,30,,71656,21,,,0,70,,71645,21,,,0,19,,71657,21,,,0,70,,71646,21,,,0,30,,71658,21,,,0,70,,71661,21,,,0,221,,71659,21,,,0
14019,'1958',752,,71662,21,,,0,103,,71663,21,,,0,100,,71664,21,,,0,100,,71665,21,,,0,103,,71666,21,,,0,300,,71667,21,,,0,398,,71668,21,,,0,98,,71669,21,,,0,200,,71670,21,,,0
14019,'1959',954,,71672,21,,,0,1147,,71671,21,,,0
