2029,'1912',622,,70465,19,,,0,30,,70473,19,,,0,68,,70484,19,,,0,30,,70479,19,,,0,70,,70466,19,,,0,30,,70474,19,,,0,71,,70485,19,,,0,30,,70480,19,,,0,55,,66011,8,0,12,0,15,,70467,19,,,0,30,,70475,19,,,0,70,,70486,19,,,0,30,,70481,19,,,0,70,,70468,19,,,0,30,,70476,19,,,0,70,,70487,19,,,0,30,,70482,19,,,0,70,,70469,19,,,0,30,,70477,19,,,0,70,,70488,19,,,0,30,,70483,19,,,0,70,,70470,19,,,0,30,,70478,19,,,0,70,,70489,19,,,0,100,,70471,19,,,0,98,,70490,19,,,0,100,,70472,19,,,0,101,,70491,19,,,0,100,,70464,19,,,0
2029,'1924',1006,,66012,8,0,12,0
2029,'1925',622,,70497,19,,,0,30,,70505,19,,,0,68,,70516,19,,,0,30,,70511,19,,,0,70,,70498,19,,,0,30,,70506,19,,,0,71,,70517,19,,,0,30,,70512,19,,,0,55,,66013,8,0,12,0,15,,70499,19,,,0,30,,70507,19,,,0,70,,70518,19,,,0,30,,70513,19,,,0,70,,70500,19,,,0,30,,70508,19,,,0,70,,70519,19,,,0,30,,70514,19,,,0,70,,70501,19,,,0,30,,70509,19,,,0,70,,70520,19,,,0,30,,70515,19,,,0,70,,70502,19,,,0,30,,70510,19,,,0,70,,70521,19,,,0,100,,70503,19,,,0,98,,70522,19,,,0,100,,70504,19,,,0,101,,70523,19,,,0,100,,70496,19,,,0
2029,'1955',552,,59613,23,0,5 2 15 16 17,0,70,,59596,23,,,0,30,,59603,23,,,0,68,,59582,23,,,0,30,,59588,23,,,0,70,,59597,23,,,0,30,,59604,23,,,0,71,,59583,23,,,0,30,,59589,23,,,0,70,,59598,23,,,0,30,,59605,23,,,0,70,,59584,23,,,0,30,,59590,23,,,0,70,,59599,23,,,0,30,,59606,23,,,0,70,,59585,23,,,0,30,,59591,23,,,0,70,,59600,23,,,0,30,,59607,23,,,0,70,,59586,23,,,0,30,,59592,23,,,0,70,,59601,23,,,0,30,,59608,23,,,0,70,,59587,23,,,0,30,,59593,23,,,0,70,,59602,23,,,0,30,,59609,23,,,0,69,,59594,23,,,0,100,,59610,23,,,0,100,,59595,23,,,0,100,,59611,23,,,0
2029,'1956',622,,59650,23,,,0,30,,59658,23,,,0,68,,59669,23,,,0,30,,59664,23,,,0,70,,59651,23,,,0,30,,59659,23,,,0,71,,59670,23,,,0,30,,59665,23,,,0,70,,59652,23,,,0,30,,59660,23,,,0,70,,59671,23,,,0,30,,59666,23,,,0,70,,59653,23,,,0,30,,59661,23,,,0,70,,59672,23,,,0,30,,59667,23,,,0,70,,59654,23,,,0,30,,59662,23,,,0,70,,59673,23,,,0,30,,59668,23,,,0,70,,59655,23,,,0,30,,59663,23,,,0,70,,59674,23,,,0,100,,59656,23,,,0,98,,59675,23,,,0,100,,59657,23,,,0,101,,59676,23,,,0,100,,59649,23,,,0
2029,'1957',526,,70545,8,,,0,25,,70528,19,,,0,70,,70529,19,,,0,27,,70530,19,,,0,72,,70531,19,,,0,28,,70532,19,,,0,70,,70533,19,,,0,30,,70534,19,,,0,71,,70535,19,,,0,30,,70536,19,,,0,70,,70559,19,,,0,30,,70555,19,,,0,70,,70561,19,,,0,30,,70557,19,,,0,70,,70558,19,,,0,30,,70554,19,,,0,70,,70560,19,,,0,30,,70556,19,,,0,70,,70562,19,,,0,32,,70537,19,,,0,74,,70538,19,,,0,30,,70539,19,,,0,70,,70540,19,,,0,30,,70541,19,,,0,70,,70542,19,,,0,28,,70543,19,,,0,67,,70544,19,,,0,30,,70548,19,,,0,70,,70549,19,,,0,100,,70550,19,,,0,100,,70551,19,,,0,100,,70547,19,,,0
2029,'1958',552,,70594,19,,,0,70,,70577,19,,,0,30,,70584,19,,,0,68,,70563,19,,,0,30,,70569,19,,,0,70,,70578,19,,,0,30,,70585,19,,,0,71,,70564,19,,,0,30,,70570,19,,,0,70,,70579,19,,,0,30,,70586,19,,,0,70,,70565,19,,,0,30,,70571,19,,,0,70,,70580,19,,,0,30,,70587,19,,,0,70,,70566,19,,,0,30,,70572,19,,,0,70,,70581,19,,,0,30,,70588,19,,,0,70,,70567,19,,,0,30,,70573,19,,,0,70,,70582,19,,,0,30,,70589,19,,,0,70,,70568,19,,,0,30,,70574,19,,,0,70,,70583,19,,,0,30,,70590,19,,,0,69,,70575,19,,,0,100,,70591,19,,,0,100,,70576,19,,,0,100,,70592,19,,,0
2029,'1959',622,,70598,19,,,0,30,,70606,19,,,0,68,,70617,19,,,0,30,,70612,19,,,0,70,,70599,19,,,0,30,,70607,19,,,0,71,,70618,19,,,0,30,,70613,19,,,0,70,,70600,19,,,0,30,,70608,19,,,0,70,,70619,19,,,0,30,,70614,19,,,0,70,,70601,19,,,0,30,,70609,19,,,0,70,,70620,19,,,0,30,,70615,19,,,0,70,,70602,19,,,0,30,,70610,19,,,0,70,,70621,19,,,0,30,,70616,19,,,0,70,,70603,19,,,0,30,,70611,19,,,0,70,,70622,19,,,0,100,,70604,19,,,0,98,,70623,19,,,0,100,,70605,19,,,0,101,,70624,19,,,0,100,,70597,19,,,0
14000001029,'1909',433,,65864,8,0,18 7,0,2012,,65871,8,,,0,170,,65870,8,,,0
14000001029,'1910',2445,,65872,8,,,0,170,,65875,8,,,0
14000001029,'1912',535,,73589,8,0,18 7,0,1811,,70205,8,,,0,69,,73588,8,,,0,30,,65884,8,,,0,70,,70206,8,,,0,30,,73587,8,,,0,70,,65880,8,,,0
14000001029,'1924',2346,,70208,8,,,0,99,,65891,8,,,0,70,,70209,8,,,0,100,,65887,8,,,0
14000001029,'1925',535,,73592,8,0,18 7,0,1811,,70211,8,,,0,69,,73591,8,,,0,30,,65898,8,,,0,70,,70212,8,,,0,30,,73590,8,,,0,70,,65894,8,,,0
14000001029,'1955',535,,70203,8,0,18 7,0,1811,,70204,8,,,0,69,,65873,8,,,0,100,,70202,8,,,0,30,,65877,8,,,0
14000001029,'1956',535,,70210,8,0,18 7,0,1880,,65890,8,,,0,130,,65889,8,,,0
14000001029,'1957',535,,73593,8,0,18 7,0,1811,,73595,8,,,0,69,,73596,8,,,0,100,,73594,8,,,0,30,,73597,8,,,0
14000001029,'1958',535,,73600,8,0,18 7,0,1811,,73602,8,,,0,69,,73598,8,,,0,100,,73599,8,,,0,30,,73601,8,,,0
14000001029,'1959',535,,73605,8,0,18 7,0,1880,,73604,8,,,0,130,,73603,8,,,0
