2029,'1838',617,,35220,16,,,0,30,,35228,16,,,0,68,,35239,16,,,0,30,2,35234,16,,,0,70,2,35221,16,,,0,30,2,35229,16,,,0,70,2,35240,16,,,0,30,2,35235,16,,,0,70,2,35222,16,,,0,30,2,35230,16,,,0,70,2,35241,16,,,0,30,2,35236,16,,,0,70,2,35223,16,,,0,30,2,35231,16,,,0,70,2,35242,16,,,0,30,2,35237,16,,,0,70,2,35224,16,,,0,30,2,35232,16,,,0,70,2,35243,16,,,0,30,2,35238,16,,,0,70,2,35225,16,,,0,30,2,35233,16,,,0,70,2,35244,16,,,0,100,2,35226,16,,,0,100,2,35245,16,,,0,100,2,35227,16,,,0,100,2,35246,16,,,0,100,2,35219,16,,,0,193,,35250,16,4,,0
2029,'1867',617,,35321,16,,,0,30,,35329,16,,,0,68,,35340,16,,,0,30,2,35335,16,,,0,70,2,35322,16,,,0,30,2,35330,16,,,0,70,2,35341,16,,,0,30,2,35336,16,,,0,70,2,35323,16,,,0,30,2,35331,16,,,0,70,2,35342,16,,,0,30,2,35337,16,,,0,70,2,35324,16,,,0,30,2,35332,16,,,0,70,2,35343,16,,,0,30,2,35338,16,,,0,70,2,35325,16,,,0,30,2,35333,16,,,0,70,2,35344,16,,,0,30,2,35339,16,,,0,70,2,35326,16,,,0,30,2,35334,16,,,0,70,2,35345,16,,,0,100,2,35327,16,,,0,100,2,35346,16,,,0,100,2,35328,16,,,0,100,2,35347,16,,,0,100,2,35320,16,,,0,193,,35351,16,4,,0
2029,'1892',520,,35277,1,,,0,27,,35251,16,,,0,70,,35252,16,,,0,30,,35253,16,,,0,68,2,35254,16,,,0,30,4,35255,16,,,0,70,2,35256,16,,,0,30,2,35257,16,,,0,70,2,35258,16,,,0,30,2,35259,16,,,0,70,2,35260,16,,,0,30,2,35261,16,,,0,70,2,35262,16,,,0,30,2,35263,16,,,0,70,2,35264,16,,,0,30,2,35265,16,,,0,70,2,35266,16,,,0,30,2,35267,16,,,0,70,2,35268,16,,,0,30,2,35269,16,,,0,70,2,35270,16,,,0,30,2,35271,16,,,0,70,2,35272,16,,,0,30,,35273,16,,,0,71,,35274,16,,,0,29,2,35275,16,,,0,70,2,35276,16,,,0,30,2,35280,16,,,0,70,2,35281,16,,,0,100,2,35282,16,,,0,100,2,35283,16,,,0,100,2,35279,16,,,0,193,,35285,16,4,,0
7029,'1838',715,,36145,12,,,0,99,,36146,12,,,0,100,,44633,12,,,0,100,,36148,12,,,0,100,,36149,12,,,0,100,,44634,12,,,0,100,,36151,12,,,0,101,,36152,12,,,0,100,,44635,12,,,0,99,,36154,12,,,0,100,,36155,12,,,0,100,,44636,12,,,0,100,,36157,12,,,0,101,3,36158,12,,,0,100,3,44632,12,,,0,227,,44637,12,4,,0
7029,'1867',715,,36256,12,,,0,99,,36257,12,,,0,100,,44669,12,,,0,100,,36259,12,,,0,100,,36260,12,,,0,100,,44670,12,,,0,100,,36262,12,,,0,101,,36263,12,,,0,100,,44671,12,,,0,99,,36265,12,,,0,100,,36266,12,,,0,100,,44672,12,,,0,100,,36268,12,,,0,101,3,36269,12,,,0,100,3,44668,12,,,0,227,,44673,12,4,,0
7029,'1892',512,,44642,12,,,0,103,3,44643,12,,,0,130,,36199,12,,,0,70,,36200,12,,,0,30,,44645,12,,,0,70,,42423,12,,,0,30,,42424,12,,,0,70,,42425,12,,,0,30,,36205,12,,,0,70,,36206,12,,,0,30,,36207,12,,,0,100,,44641,12,,,0,70,,42421,12,,,0,31,,44639,12,,,0,70,,44638,12,,,0,100,,36208,12,,,0,30,,44646,12,,,0,99,,44648,12,,,0,70,,42426,12,,,0,30,,44649,12,,,0,70,,36214,12,,,0,30,,36215,12,,,0,70,,44650,12,,,0,30,,44651,12,,,0,370,3,42427,12,,,0
7029,'1896',643,,49146,12,,,0,72,,49147,12,,,0,500,,49144,12,,,0,231,,49145,12,,,0,170,,49148,12,,,0,398,,49149,12,,,0,101,3,49150,12,,,0,100,3,49151,12,,,0
20002019,'1838',1000,,48436,1,,,0
20002019,'1867',1000,,48437,1,,,0
20007019,'1896',2342,,51486,12,4,,0
14000001019,'1838',2437,,48465,47,4,,0,70,,48464,47,4,,0,30,,41972,47,4,,0,70,,48466,47,4,,0,30,,48463,47,4,,0
14000001019,'1867',2437,,48477,47,4,,0,70,,48476,47,4,,0,30,,41993,47,4,,0,70,,48478,47,4,,0,30,,48475,47,4,,0
14000001019,'1892',2437,,48470,47,4,,0,100,,41985,47,4,,0,70,,48469,47,4,,0
14000001019,'1896',2507,,51496,47,4,,0,130,,51495,47,4,,0
14000001029,'1838',530,,48495,1,0,18 7,0,1812,,48491,1,,,0,68,,42005,1,,,0,30,,48494,1,,,0,70,,48493,1,,,0,30,,42004,1,,,0,70,,48492,1,,,0
14000001029,'1867',530,,48509,1,0,18 7,0,1812,,48505,1,,,0,68,,42035,1,,,0,30,,48508,1,,,0,70,,48507,1,,,0,30,,42034,1,,,0,70,,48506,1,,,0
14000001029,'1892',428,,42016,1,0,18 7,0,102,,48496,1,0,18 7,0,1880,,42020,1,,,0,30,,48500,1,,,0,100,,42021,1,,,0,70,,48499,1,,,0
14000001029,'1896',2342,,51513,1,,,0,168,,51512,1,,,0
