609,'1909',1630,,60114,26,4,,0,100,,60123,26,4,,0,126,,60112,26,4,,0,71,,60161,26,4,,0
609,'1912',830,,70924,1,0,5 2 6 7,0,26,,70918,14,4,,0,74,,70925,1,0,5 2 6 7,0,26,,70902,14,4,,0,74,,70926,1,0,5 2 6 7,0,26,,70914,14,4,,0,74,,70927,1,0,5 2 6 7,0,26,,70904,14,4,,0,74,,70928,1,0,5 2 6 7,0,27,,70917,14,4,,0,73,,70929,1,0,5 2 6 7,0,27,,70900,14,4,,0,73,,70930,1,0,5 2 6 7,0,27,,70916,14,4,,0,73,,70931,1,0,5 2 6 7,0,27,,70906,14,4,,0,73,,70932,1,0,5 2 6 7,0,27,,70915,14,4,,0,73,,70933,1,0,5 2 6 7,0,27,,70903,14,4,,0,73,,70934,1,0,5 2 6 7,0,26,,70913,14,4,,0,74,,70935,1,0,5 2 6 7,0,26,,70901,14,4,,0
609,'1925',830,,70960,1,0,5 2 6 7,0,26,,70954,14,4,,0,74,,70961,1,0,5 2 6 7,0,26,,70938,14,4,,0,74,,70962,1,0,5 2 6 7,0,26,,70950,14,4,,0,74,,70963,1,0,5 2 6 7,0,26,,70940,14,4,,0,74,,70964,1,0,5 2 6 7,0,27,,70953,14,4,,0,73,,70965,1,0,5 2 6 7,0,27,,70936,14,4,,0,73,,70966,1,0,5 2 6 7,0,27,,70952,14,4,,0,73,,70967,1,0,5 2 6 7,0,27,,70942,14,4,,0,73,,70968,1,0,5 2 6 7,0,27,,70951,14,4,,0,73,,70969,1,0,5 2 6 7,0,27,,70939,14,4,,0,73,,70970,1,0,5 2 6 7,0,26,,70949,14,4,,0,74,,70971,1,0,5 2 6 7,0,26,,70937,14,4,,0
609,'1949',1700,,66534,26,4,,0,56,,66515,26,4,,0,70,,66526,26,4,,0
609,'1955',602,,66377,1,0,15 16 17,0,30,,66358,1,0,15 16 17,0,21,,66352,26,4,,0,49,,66346,1,0,15 16 17,0,21,,66334,26,4,,0,9,,60217,1,0,15 16 17,0,21,,66365,26,4,,0,49,,66345,1,0,15 16 17,0,21,,60178,26,4,,0,9,,66357,1,0,15 16 17,0,21,,66351,26,4,,0,49,,66344,1,0,15 16 17,0,23,,66333,26,4,,0,5,,66370,1,0,15 16 17,0,25,,66364,26,4,,0,45,,66343,1,0,15 16 17,0,25,,66332,26,4,,0,5,,66356,1,0,15 16 17,0,25,,66350,26,4,,0,45,,66342,1,0,15 16 17,0,25,,66331,26,4,,0,5,,66369,1,0,15 16 17,0,27,,66363,26,4,,0,43,,66341,1,0,15 16 17,0,27,,66330,26,4,,0,3,,66355,1,0,15 16 17,0,27,,66349,26,4,,0,43,,66340,1,0,15 16 17,0,27,,66328,26,4,,0,3,,66368,1,0,15 16 17,0,27,,66348,26,4,,0,43,,66339,1,0,15 16 17,0,27,,66324,26,4,,0,3,,66354,1,0,15 16 17,0,27,,66375,26,4,,0,43,,66338,1,0,15 16 17,0,27,,66347,26,4,,0,3,,66367,1,0,15 16 17,0,27,,66326,26,4,,0,43,,66337,1,0,15 16 17,0,27,,66359,26,4,,0,3,,66353,1,0,15 16 17,0,27,,66325,26,4,,0,43,,66336,1,0,15 16 17,0,24,,66360,26,4,,0,6,,66373,1,0,15 16 17,0,24,,66327,26,4,,0,46,,60204,1,0,15 16 17,0,24,,66361,26,4,,0,6,,66371,1,0,15 16 17,0,24,,66329,26,4,,0,46,,66374,1,0,5 2 6 7,0,23,,66362,26,4,,0,77,,66366,1,0,5 2 6 7,0,25,,66372,14,4,,0,75,,66378,1,0,5 2 6 7,0,25,,66376,14,4,,0
609,'1956',830,,66440,1,0,5 2 6 7,0,26,,66434,14,4,,0,74,,66441,1,0,5 2 6 7,0,26,,66418,14,4,,0,74,,66442,1,0,5 2 6 7,0,26,,66430,14,4,,0,74,,66443,1,0,5 2 6 7,0,26,,66420,14,4,,0,74,,66444,1,0,5 2 6 7,0,27,,66433,14,4,,0,73,,66445,1,0,5 2 6 7,0,27,,66416,14,4,,0,73,,66446,1,0,5 2 6 7,0,27,,66432,14,4,,0,73,,66447,1,0,5 2 6 7,0,27,,66422,14,4,,0,73,,66448,1,0,5 2 6 7,0,27,,66431,14,4,,0,73,,66449,1,0,5 2 6 7,0,27,,66419,14,4,,0,73,,66450,1,0,5 2 6 7,0,26,,66429,14,4,,0,74,,66451,1,0,5 2 6 7,0,26,,66417,14,4,,0
609,'1957',610,,71022,1,0,15 16 17,0,35,,70980,1,0,15 16 17,0,11,,70993,26,4,,0,59,,70977,1,0,15 16 17,0,12,,70979,26,4,,0,18,,70989,1,0,15 16 17,0,12,,70984,26,4,,0,58,,70991,1,0,15 16 17,0,12,,70999,26,4,,0,18,,71000,1,0,15 16 17,0,12,,70972,26,4,,0,58,,71021,1,0,15 16 17,0,12,,71001,26,4,,0,18,,70988,1,0,15 16 17,0,12,,70974,26,4,,0,58,,70997,1,0,15 16 17,0,12,,70975,26,4,,0,18,,70998,1,0,15 16 17,0,12,,70994,26,4,,0,58,,70996,1,0,15 16 17,0,12,,70995,26,4,,0,18,,71019,1,0,15 16 17,0,12,,70992,26,4,,0,58,,71018,1,0,15 16 17,0,12,,70986,26,4,,0,18,,71015,1,0,15 16 17,0,12,,70990,26,4,,0,58,,71016,1,0,15 16 17,0,12,,70982,26,4,,0,18,,71017,1,0,15 16 17,0,12,,70987,26,4,,0,58,,71014,1,0,15 16 17,0,12,,70981,26,4,,0,18,,71012,1,0,15 16 17,0,55,,70976,26,4,,0,15,,71013,1,0,15 16 17,0,15,,70973,26,4,,0,15,,71011,1,0,15 16 17,0,55,,70983,26,4,,0,15,,71009,1,0,15 16 17,0,30,,71008,1,0,15 16 17,0,70,,71010,1,0,15 16 17,0,30,,71007,1,0,15 16 17,0,65,,71006,1,0,15 16 17,0,30,,71005,1,0,15 16 17,0,90,,71003,1,0,15 16 17,0,95,,70985,26,4,,0,5,,71004,1,0,15 16 17,0,95,,71020,26,4,,0,5,,71002,1,0,15 16 17,0,95,,70978,26,4,,0,5,,71024,1,0,15 16 17,0,95,,71023,26,4,,0
609,'1958',602,,71081,1,0,15 16 17,0,30,,71060,1,0,15 16 17,0,21,,71054,26,4,,0,49,,71048,1,0,15 16 17,0,21,,71036,26,4,,0,9,,71074,1,0,15 16 17,0,21,,71068,26,4,,0,49,,71047,1,0,15 16 17,0,21,,71035,26,4,,0,9,,71059,1,0,15 16 17,0,21,,71053,26,4,,0,49,,71046,1,0,15 16 17,0,23,,71034,26,4,,0,5,,71073,1,0,15 16 17,0,25,,71067,26,4,,0,45,,71045,1,0,15 16 17,0,25,,71033,26,4,,0,5,,71058,1,0,15 16 17,0,25,,71052,26,4,,0,45,,71044,1,0,15 16 17,0,25,,71032,26,4,,0,5,,71072,1,0,15 16 17,0,27,,71066,26,4,,0,43,,71043,1,0,15 16 17,0,27,,71031,26,4,,0,3,,71057,1,0,15 16 17,0,27,,71051,26,4,,0,43,,71042,1,0,15 16 17,0,27,,71029,26,4,,0,3,,71071,1,0,15 16 17,0,27,,71050,26,4,,0,43,,71041,1,0,15 16 17,0,27,,71025,26,4,,0,3,,71056,1,0,15 16 17,0,27,,71079,26,4,,0,43,,71040,1,0,15 16 17,0,27,,71049,26,4,,0,3,,71070,1,0,15 16 17,0,27,,71027,26,4,,0,43,,71039,1,0,15 16 17,0,27,,71062,26,4,,0,3,,71055,1,0,15 16 17,0,27,,71026,26,4,,0,43,,71038,1,0,15 16 17,0,24,,71063,26,4,,0,6,,71077,1,0,15 16 17,0,24,,71028,26,4,,0,46,,71061,1,0,15 16 17,0,24,,71064,26,4,,0,6,,71075,1,0,15 16 17,0,24,,71030,26,4,,0,46,,71078,1,0,5 2 6 7,0,23,,71065,26,4,,0,77,,71069,1,0,5 2 6 7,0,25,,71076,14,4,,0,75,,71082,1,0,5 2 6 7,0,25,,71080,14,4,,0
609,'1959',830,,71108,1,0,5 2 6 7,0,26,,71102,14,4,,0,74,,71109,1,0,5 2 6 7,0,26,,71086,14,4,,0,74,,71110,1,0,5 2 6 7,0,26,,71098,14,4,,0,74,,71111,1,0,5 2 6 7,0,26,,71088,14,4,,0,74,,71112,1,0,5 2 6 7,0,27,,71101,14,4,,0,73,,71113,1,0,5 2 6 7,0,27,,71084,14,4,,0,73,,71114,1,0,5 2 6 7,0,27,,71100,14,4,,0,73,,71115,1,0,5 2 6 7,0,27,,71090,14,4,,0,73,,71116,1,0,5 2 6 7,0,27,,71099,14,4,,0,73,,71117,1,0,5 2 6 7,0,27,,71087,14,4,,0,73,,71118,1,0,5 2 6 7,0,26,,71097,14,4,,0,74,,71119,1,0,5 2 6 7,0,26,,71085,14,4,,0
11019,'1910',1924,,66942,31,4,,0,100,,66943,31,4,,0
11019,'1949',726,,67009,31,4,,0,1102,,67020,31,4,,0
11019,'1957',827,,71486,31,4,,0,103,,71487,31,4,,0,100,,71488,31,4,,0,100,,71489,31,4,,0,100,,71490,31,4,,0,100,,71491,31,4,,0,100,,71492,31,4,,0,100,,71493,31,4,,0,100,,71494,31,4,,0,100,,71495,31,4,,0,197,,71496,31,4,,0,100,,71497,31,4,,0,99,,71498,31,4,,0
