13019,'1909',2141,,61318,13,,,0
13019,'1910',1310,,67129,13,,,0
13019,'1912',806,,71572,13,,,0,100,,61342,13,,,0,100,,71562,13,,,0,101,,71563,13,,,0,101,,71564,13,,,0,101,,67142,13,,,0,100,,67143,13,,,0,100,,71565,13,,,0,100,,71566,13,,,0,98,,71567,13,,,0,99,,71568,13,,,0,100,,71569,13,,,0,100,,71570,13,,,0,100,,71571,13,,,0,100,,61341,13,,,0
13019,'1924',906,,61357,13,,,0,403,,67155,13,,,0,100,,67156,13,,,0,797,,61356,13,,,0
13019,'1925',806,,71583,13,,,0,100,,61372,13,,,0,100,,71573,13,,,0,101,,71574,13,,,0,101,,71575,13,,,0,101,,67168,13,,,0,100,,67169,13,,,0,100,,71576,13,,,0,100,,71577,13,,,0,98,,71578,13,,,0,99,,71579,13,,,0,100,,71580,13,,,0,100,,71581,13,,,0,100,,71582,13,,,0,100,,61371,13,,,0
13019,'1949',1716,,67203,13,,,0,228,,67206,13,,,0
13019,'1955',706,,67123,13,,,0,100,,67124,13,,,0,100,,67125,13,,,0,100,,67126,13,,,0,104,,67127,13,,,0,100,,67128,13,,,0,200,,67130,13,,,0,100,,67131,13,,,0,100,,67132,13,,,0,99,,67133,13,,,0,99,,67134,13,,,0,99,,67135,13,,,0,99,,67136,13,,,0,100,,67137,13,,,0,200,,67138,13,,,0
13019,'1956',806,,67164,13,,,0,200,,67152,13,,,0,101,,67153,13,,,0,101,,67154,13,,,0,301,,67157,13,,,0,100,,67158,13,,,0,98,,67159,13,,,0,99,,67160,13,,,0,100,,67161,13,,,0,100,,67162,13,,,0,100,,67163,13,,,0
13019,'1957',618,,71584,13,,,0,30,,71585,13,,,0,69,,71586,13,,,0,30,,71587,13,,,0,96,,71588,13,,,0,101,,71589,13,,,0,100,,71590,13,,,0,100,,71591,13,,,0,100,,71592,13,,,0,100,,71593,13,,,0,70,,71594,13,,,0,32,,71595,13,,,0,70,,71596,13,,,0,30,,71603,13,,,0,70,,71597,13,,,0,30,,71600,13,,,0,98,,71601,13,,,0,100,,71602,13,,,0,199,,71599,13,,,0,198,,71598,13,,,0
13019,'1958',706,,71604,13,,,0,100,,71605,13,,,0,100,,71606,13,,,0,100,,71607,13,,,0,104,,71608,13,,,0,100,,71609,13,,,0,200,,71610,13,,,0,100,,71611,13,,,0,100,,71612,13,,,0,99,,71613,13,,,0,99,,71614,13,,,0,99,,71615,13,,,0,99,,71616,13,,,0,100,,71617,13,,,0,200,,71618,13,,,0
13019,'1959',806,,71629,13,,,0,200,,71619,13,,,0,101,,71620,13,,,0,101,,71621,13,,,0,301,,71622,13,,,0,100,,71623,13,,,0,98,,71624,13,,,0,99,,71625,13,,,0,100,,71626,13,,,0,100,,71627,13,,,0,100,,71628,13,,,0
