4029,'1838',724,,35575,7,,,0,30,,44174,7,,,0,70,,35573,7,,,0,30,,44173,7,,,0,70,,44172,7,,,0,30,,35566,7,,,0,69,,44168,7,,,0,30,,44160,7,,,0,70,,44163,7,,,0,30,,35562,7,,,0,69,,44166,7,,,0,30,,35567,7,,,0,70,,44161,7,,,0,30,,35558,7,,,0,70,,44164,7,,,0,30,,35564,7,,,0,70,,44167,7,,,0,30,,35556,7,,,0,70,,44162,7,,,0,30,,35560,7,,,0,70,,44165,7,,,0,30,,44177,7,,,0,70,,44176,7,,,0,33,,44178,7,,,0,70,,42224,7,,,0,30,,44171,7,,,0,70,,44175,7,,,0,30,,44169,7,,,0,100,,44170,7,,,0
4029,'1867',724,,35692,7,,,0,30,,44241,7,,,0,70,,35690,7,,,0,30,,44240,7,,,0,70,,44239,7,,,0,30,,35683,7,,,0,69,,44235,7,,,0,30,,44227,7,,,0,70,,44230,7,,,0,30,,35679,7,,,0,69,,44233,7,,,0,30,,35684,7,,,0,70,,44228,7,,,0,30,,35675,7,,,0,70,,44231,7,,,0,30,,35681,7,,,0,70,,44234,7,,,0,30,,35673,7,,,0,70,,44229,7,,,0,30,,35677,7,,,0,70,,44232,7,,,0,30,,44244,7,,,0,70,,44243,7,,,0,33,,44245,7,,,0,70,,42234,7,,,0,30,,44238,7,,,0,70,,44242,7,,,0,30,,44236,7,,,0,100,,44237,7,,,0
4029,'1892',624,,44179,7,,,0,30,,44180,7,,,0,72,,35609,7,,,0,25,,35610,7,,,0,100,,35612,7,,,0,71,,44182,7,,,0,100,,44183,7,,,0,30,,42227,7,,,0,70,,44184,7,,,0,101,,44186,7,,,0,100,,42228,7,,,0,30,,44188,7,,,0,70,,44189,7,,,0,35,,44190,7,,,0,65,,44191,7,,,0,36,,42230,7,,,0,64,,44192,7,,,0,36,,44193,7,,,0,64,,44194,7,,,0,36,,44195,7,,,0,66,,44196,7,,,0,29,,44197,7,,,0,70,,35633,7,,,0,30,,35634,7,,,0,71,,35635,7,,,0,30,,35636,7,,,0,70,,44198,7,,,0,30,,35638,7,,,0
4029,'1896',827,,48871,7,,,0,125,,48872,7,,,0,201,,48873,7,,,0,100,,48874,7,,,0
4029,'1897',624,,48875,7,,,0,30,,48876,7,,,0,72,,48877,7,,,0,25,,48878,7,,,0,76,,48879,7,,,0,24,,48880,7,,,0,71,,48881,7,,,0,30,,48882,7,,,0,70,,48883,7,,,0,30,,48884,7,,,0,70,,48885,7,,,0,31,,48886,7,,,0,70,,48887,7,,,0,30,,48888,7,,,0,70,,48889,7,,,0,30,,48890,7,,,0,70,,48891,7,,,0,35,,48892,7,,,0,65,,48893,7,,,0,36,,48894,7,,,0,64,,48895,7,,,0,36,,48896,7,,,0,64,,48897,7,,,0,36,,48898,7,,,0,66,,48899,7,,,0,29,,48900,7,,,0,70,,48901,7,,,0,30,,48902,7,,,0,71,,48903,7,,,0,30,,48904,7,,,0,70,,48905,7,,,0,30,,48906,7,,,0
4029,'1898',626,,48931,7,,,0,28,,48932,7,,,0,70,,48933,7,,,0,30,,48934,7,,,0,70,,48935,7,,,0,30,,48936,7,,,0,70,,48937,7,,,0,30,,48924,7,,,0,70,,48918,7,,,0,29,,48911,7,,,0,70,,48922,7,,,0,29,,48928,7,,,0,70,,48923,7,,,0,30,,48910,7,,,0,70,,48915,7,,,0,30,,48926,7,,,0,70,,48909,7,,,0,30,,48925,7,,,0,70,,48920,7,,,0,30,,48912,7,,,0,70,,48907,7,,,0,30,,48927,7,,,0,70,,48930,7,,,0,30,,48921,7,,,0,70,,48916,7,,,0,29,,48938,7,,,0,75,,48913,7,,,0,30,,48908,7,,,0,69,,48914,7,,,0,30,,48919,7,,,0,70,,48929,7,,,0,30,,48917,7,,,0
501019,'1838',612,,45632,5,,,0,30,,45645,5,,,0,67,,45631,5,,,0,30,,45644,5,,,0,70,,45634,5,,,0,30,,45646,5,,,0,70,,38590,5,,,0,30,,45643,5,,,0,72,,45624,5,,,0,30,,45635,5,,,0,70,,45623,5,,,0,30,,45636,5,,,0,70,,45626,5,,,0,30,,45637,5,,,0,70,,45622,5,,,0,30,,45642,5,,,0,70,,45621,5,,,0,30,,45641,5,,,0,70,,45620,5,,,0,30,,45638,5,,,0,70,,45619,5,,,0,30,,45640,5,,,0,70,,45625,5,,,0,30,,45639,5,,,0,69,,45633,5,,,0,30,,45647,5,,,0,69,,45630,5,,,0,30,,38606,5,,,0,70,,45629,5,,,0,30,,45618,5,,,0,70,,43518,5,,,0,30,,45648,5,,,0,69,,45628,5,,,0,30,,45649,5,,,0,70,,45627,5,,,0
501019,'1867',612,,45736,5,,,0,30,,45749,5,,,0,67,,45735,5,,,0,30,,45748,5,,,0,70,,45738,5,,,0,30,,45750,5,,,0,70,,38742,5,,,0,30,,45747,5,,,0,72,,45728,5,,,0,30,,45739,5,,,0,70,,45727,5,,,0,30,,45740,5,,,0,70,,45730,5,,,0,30,,45741,5,,,0,70,,45726,5,,,0,30,,45746,5,,,0,70,,45725,5,,,0,30,,45745,5,,,0,70,,45724,5,,,0,30,,45742,5,,,0,70,,45723,5,,,0,30,,45744,5,,,0,70,,45729,5,,,0,30,,45743,5,,,0,69,,45737,5,,,0,30,,45751,5,,,0,69,,45734,5,,,0,30,,38758,5,,,0,70,,45733,5,,,0,30,,45722,5,,,0,70,,43534,5,,,0,30,,45752,5,,,0,69,,45732,5,,,0,30,,45753,5,,,0,70,,45731,5,,,0
501019,'1892',609,,45651,5,,,0,30,,45652,5,,,0,74,,45653,5,,,0,25,,45654,5,,,0,64,,45655,5,,,0,12,,45656,5,,,0,24,,45657,5,,,0,62,,45658,5,,,0,11,,45659,5,,,0,30,,45660,5,,,0,70,,45661,5,,,0,200,,43527,5,,,0,30,,45664,5,,,0,70,,45665,5,,,0,30,,45666,5,,,0,70,,43528,5,,,0,26,,43529,5,,,0,12,,45667,5,,,0,62,,45668,5,,,0,24,,45669,5,,,0,12,,45670,5,,,0,64,,45671,5,,,0,24,,45672,5,,,0,12,,45673,5,,,0,64,,43530,5,,,0,24,,45674,5,,,0,12,,45675,5,,,0,94,,45677,5,,,0,99,,45679,5,,,0,70,,45680,5,,,0,30,,45681,5,,,0,69,,45682,5,,,0,30,,45683,5,,,0,69,,45684,5,,,0,30,,45685,5,,,0,70,,45686,5,,,0
501019,'1896',1041,,50269,5,,,0,70,,50270,5,,,0,30,,50271,5,,,0,672,,50272,5,,,0,98,,50273,5,,,0
501019,'1897',609,,50275,5,,,0,30,,50276,5,,,0,74,,50277,5,,,0,25,,50278,5,,,0,64,,50279,5,,,0,12,,50280,5,,,0,24,,50281,5,,,0,62,,50282,5,,,0,11,,50283,5,,,0,30,,50284,5,,,0,70,,50285,5,,,0,30,,50286,5,,,0,70,,50287,5,,,0,30,,50288,5,,,0,70,,50289,5,,,0,30,,50290,5,,,0,70,,50291,5,,,0,30,,50292,5,,,0,70,,50293,5,,,0,26,,50294,5,,,0,12,,50295,5,,,0,62,,50296,5,,,0,24,,50297,5,,,0,12,,50298,5,,,0,64,,50299,5,,,0,24,,50300,5,,,0,12,,50301,5,,,0,64,,50302,5,,,0,24,,50303,5,,,0,12,,50304,5,,,0,66,,50305,5,,,0,28,,50306,5,,,0,70,,50307,5,,,0,29,,50308,5,,,0,70,,50309,5,,,0,30,,50310,5,,,0,69,,50311,5,,,0,30,,50312,5,,,0,69,,50313,5,,,0,30,,50314,5,,,0,70,,50315,5,,,0
501019,'1898',612,,50325,5,,,0,30,,50328,5,,,0,67,,50324,5,,,0,30,,50327,5,,,0,70,,50323,5,,,0,30,,50329,5,,,0,70,,50322,5,,,0,30,,50326,5,,,0,72,,50335,5,,,0,30,,50345,5,,,0,70,,50336,5,,,0,30,,50346,5,,,0,70,,50337,5,,,0,30,,50347,5,,,0,70,,50338,5,,,0,30,,50348,5,,,0,70,,50339,5,,,0,30,,50349,5,,,0,70,,50340,5,,,0,30,,50350,5,,,0,70,,50341,5,,,0,30,,50343,5,,,0,70,,50342,5,,,0,30,,50344,5,,,0,70,,50321,5,,,0,29,,50334,5,,,0,70,,50320,5,,,0,30,,50332,5,,,0,69,,50319,5,,,0,30,,50333,5,,,0,70,,50318,5,,,0,30,,50330,5,,,0,69,,50317,5,,,0,30,,50331,5,,,0,70,,50316,5,,,0
14000001019,'1838',2402,,48465,9,,,0,30,,48464,9,,,0,70,,41972,9,,,0,30,,48466,9,,,0,70,,48463,9,,,0
14000001019,'1867',2402,,48477,9,,,0,30,,48476,9,,,0,70,,41993,9,,,0,30,,48478,9,,,0,70,,48475,9,,,0
14000001019,'1892',2402,,48470,9,,,0,100,,41985,9,,,0,30,,48469,9,,,0
14000001019,'1896',2432,,51496,9,,,0,170,,51495,9,,,0
14000001019,'1897',2402,,51500,9,,,0,30,,51497,9,,,0,70,,51501,9,,,0,30,,51499,9,,,0,70,,51498,9,,,0
14000001019,'1898',2402,,51508,9,,,0,30,,51509,9,,,0,70,,51510,9,,,0,30,,51511,9,,,0,70,,51506,9,,,0
