609,'1912',853,,70918,11,0,18 7,0,100,,70902,11,0,18 7,0,100,,70914,11,0,18 7,0,100,,70904,11,0,18 7,0,101,,70917,11,0,18 7,0,100,,70900,11,0,18 7,0,100,,70916,11,0,18 7,0,100,,70906,11,0,18 7,0,100,,70915,11,0,18 7,0,100,,70903,11,0,18 7,0,99,,70913,11,0,18 7,0,100,,70901,11,0,18 7,0
609,'1959',853,,71102,11,0,18 7,0,100,,71086,11,0,18 7,0,100,,71098,11,0,18 7,0,100,,71088,11,0,18 7,0,101,,71101,11,0,18 7,0,100,,71084,11,0,18 7,0,100,,71100,11,0,18 7,0,100,,71090,11,0,18 7,0,100,,71099,11,0,18 7,0,100,,71087,11,0,18 7,0,99,,71097,11,0,18 7,0,100,,71085,11,0,18 7,0
609,'1965',754,,70984,23,0,18 7,0,70,,70999,23,0,18 7,0,30,,70972,23,0,18 7,0,200,,70994,23,0,18 7,0,70,,70995,23,0,18 7,0,100,,70986,23,0,18 7,0,30,,70990,23,0,18 7,0,70,,70982,23,0,18 7,0,30,,70987,23,0,18 7,0,70,,70981,23,0,18 7,0,33,,70976,23,0,18 7,0,70,,70973,23,0,18 7,0,100,,60114,23,0,18 7,0,395,,70985,23,0,18 7,0,200,,70978,23,0,18 7,0,100,,71023,23,0,18 7,0
609,'1966',651,,71054,23,0,18 7,0,70,,71036,23,0,18 7,0,30,,71068,23,0,18 7,0,201,,71067,23,0,18 7,0,70,,71033,23,0,18 7,0,30,,71052,23,0,18 7,0,70,,71032,23,0,18 7,0,32,,71066,23,0,18 7,0,70,,71031,23,0,18 7,0,30,,71051,23,0,18 7,0,70,,71029,23,0,18 7,0,30,,71050,23,0,18 7,0,70,,71025,23,0,18 7,0,30,,71079,23,0,18 7,0,70,,71049,23,0,18 7,0,30,,71027,23,0,18 7,0,70,,71062,23,0,18 7,0,30,,71026,23,0,18 7,0,68,,71063,23,0,18 7,0,30,,71028,23,0,18 7,0,70,,71064,23,0,18 7,0,30,,71030,23,0,18 7,0,69,,71065,23,0,18 7,0,102,,71076,11,0,18 7,0
609,'1967',821,,71035,23,0,18 7,0,30,,71053,23,0,18 7,0,71,,71034,23,0,18 7,0,1201,,71080,11,0,18 7,0
609,'1969',853,,70954,11,0,18 7,0,100,,70938,11,0,18 7,0,100,,70950,11,0,18 7,0,100,,70940,11,0,18 7,0,101,,70953,11,0,18 7,0,100,,70936,11,0,18 7,0,100,,70952,11,0,18 7,0,100,,70942,11,0,18 7,0,100,,70951,11,0,18 7,0,100,,70939,11,0,18 7,0,99,,70949,11,0,18 7,0,100,,70937,11,0,18 7,0
609,'1970',653,,74231,23,0,18 7,0,71,,74225,23,0,18 7,0,200,,74233,23,0,18 7,0,30,,74220,23,0,18 7,0,70,,74223,23,0,18 7,0,130,,74230,23,0,18 7,0,403,,74227,23,0,18 7,0,100,,74246,23,0,18 7,0,70,,74228,23,0,18 7,0,26,,74221,23,0,18 7,0,70,,74232,23,0,18 7,0,30,,74222,23,0,18 7,0,71,,74244,23,0,18 7,0,198,,74245,23,0,18 7,0
609,'1971',651,,74274,23,0,18 7,0,70,,74258,23,0,18 7,0,30,,74287,23,0,18 7,0,201,,74286,23,0,18 7,0,70,,74257,23,0,18 7,0,30,,74273,23,0,18 7,0,70,,74256,23,0,18 7,0,32,,74285,23,0,18 7,0,70,,74255,23,0,18 7,0,30,,74272,23,0,18 7,0,70,,74253,23,0,18 7,0,30,,74271,23,0,18 7,0,70,,74249,23,0,18 7,0,30,,74297,23,0,18 7,0,70,,74270,23,0,18 7,0,30,,74251,23,0,18 7,0,70,,74281,23,0,18 7,0,30,,74250,23,0,18 7,0,68,,74282,23,0,18 7,0,30,,74252,23,0,18 7,0,70,,74283,23,0,18 7,0,30,,74254,23,0,18 7,0,69,,74284,23,0,18 7,0,102,,74294,11,0,18 7,0
501029,'1912',600,,63203,3,,,0,30,,72282,3,,,0,20,,63220,15,,,0,70,,72281,15,,,0,30,,63219,15,,,0,70,,72280,15,,,0,30,,63218,15,,,0,70,,72283,15,,,0,31,,72279,15,,,0,75,,68056,15,,,0,15,,72293,15,,,0,15,,72274,15,,,0,56,,72297,15,,,0,16,,68049,15,,,0,15,,72299,15,,,0,15,,72275,15,,,0,55,,72286,15,,,0,15,,68050,15,,,0,15,,72289,15,,,0,15,,72269,15,,,0,55,,72292,15,,,0,15,,68055,15,,,0,15,,72295,15,,,0,15,,72270,15,,,0,55,,72300,15,,,0,15,,68054,15,,,0,15,,72285,15,,,0,15,,72272,15,,,0,55,,72288,15,,,0,15,,68052,15,,,0,15,,72291,15,,,0,15,,72268,15,,,0,55,,72296,15,,,0,15,,68051,15,,,0,15,,72298,15,,,0,15,,72273,15,,,0,55,,72284,15,,,0,14,,68053,15,,,0,15,,72287,15,,,0,15,,72271,15,,,0,55,,72290,15,,,0,15,,68063,15,,,0,30,,72278,15,,,0,71,,68066,15,,,0,15,,72294,15,,,0,10,,72277,15,,,0,68,,68062,15,,,0,29,,72276,15,,,0,70,,68064,15,,,0,30,,63214,15,,,0,70,,68065,15,,,0,30,,63213,15,,,0,70,,68061,15,,,0,26,,63212,15,,,0
501029,'1959',600,,63257,3,,,0,30,,72447,3,,,0,20,,63274,15,,,0,70,,72446,15,,,0,30,,63273,15,,,0,70,,72445,15,,,0,30,,63272,15,,,0,70,,72448,15,,,0,31,,72444,15,,,0,75,,68103,15,,,0,15,,72458,15,,,0,15,,72439,15,,,0,56,,72462,15,,,0,16,,68096,15,,,0,15,,72464,15,,,0,15,,72440,15,,,0,55,,72451,15,,,0,15,,68097,15,,,0,15,,72454,15,,,0,15,,72434,15,,,0,55,,72457,15,,,0,15,,68102,15,,,0,15,,72460,15,,,0,15,,72435,15,,,0,55,,72465,15,,,0,15,,68101,15,,,0,15,,72450,15,,,0,15,,72437,15,,,0,55,,72453,15,,,0,15,,68099,15,,,0,15,,72456,15,,,0,15,,72433,15,,,0,55,,72461,15,,,0,15,,68098,15,,,0,15,,72463,15,,,0,15,,72438,15,,,0,55,,72449,15,,,0,14,,68100,15,,,0,15,,72452,15,,,0,15,,72436,15,,,0,55,,72455,15,,,0,15,,68110,15,,,0,30,,72443,15,,,0,71,,68113,15,,,0,15,,72459,15,,,0,10,,72442,15,,,0,68,,68109,15,,,0,29,,72441,15,,,0,70,,68111,15,,,0,30,,63268,15,,,0,70,,68112,15,,,0,30,,63267,15,,,0,70,,68108,15,,,0,26,,63266,15,,,0
501029,'1965',556,,63073,15,,,0,71,,72381,3,,,0,27,,63074,15,,,0,60,,72336,15,,,0,10,,72337,15,,,0,35,,63078,15,,,0,57,,72339,15,,,0,12,,72340,15,,,0,18,,63139,15,,,0,56,,72343,15,,,0,15,,72344,15,,,0,12,,72345,15,,,0,15,,63086,15,,,0,85,,68221,15,,,0,30,,72349,15,,,0,71,,72351,15,,,0,15,,68222,15,,,0,55,,72352,15,,,0,15,,72353,15,,,0,15,,72354,15,,,0,15,,72355,15,,,0,55,,68223,15,,,0,15,,72356,15,,,0,30,,72358,15,,,0,56,,72359,15,,,0,15,,68225,15,,,0,16,,72360,15,,,0,25,,72382,3,,,0,48,,72334,15,,,0,15,,72335,15,,,0,12,,68226,15,,,0,6,,68246,15,,,0,6,,72362,15,,,0,64,,72364,15,,,0,12,,72365,15,,,0,12,,72366,15,,,0,6,,72380,15,,,0,6,,72367,15,,,0,12,,68231,15,,,0,52,,72368,15,,,0,9,,68232,15,,,0,12,,72369,15,,,0,10,,63118,15,,,0,10,,72370,15,,,0,64,,63121,15,,,0,12,,68235,15,,,0,12,,72372,15,,,0,12,,63124,15,,,0,64,,72373,15,,,0,15,,68239,15,,,0,30,,72375,15,,,0,100,,63131,15,,,0,68,,72376,15,,,0,25,,68242,15,,,0,70,,72377,15,,,0,30,,68244,15,,,0,70,,72378,15,,,0,26,,63137,15,,,0
501029,'1966',630,,72394,3,,,0,96,,72392,15,,,0,230,,72385,15,,,0,55,,72383,15,,,0,31,,72390,15,,,0,16,,72400,15,,,0,55,,72409,15,,,0,15,,72426,15,,,0,15,,72418,15,,,0,15,,72401,15,,,0,56,,72410,15,,,0,16,,72427,15,,,0,15,,72419,15,,,0,55,,72402,15,,,0,15,,72411,15,,,0,15,,72428,15,,,0,15,,72420,15,,,0,55,,72403,15,,,0,15,,72412,15,,,0,15,,72429,15,,,0,15,,72421,15,,,0,55,,72404,15,,,0,15,,72413,15,,,0,15,,72430,15,,,0,15,,72422,15,,,0,55,,72405,15,,,0,15,,72414,15,,,0,15,,72431,15,,,0,15,,72423,15,,,0,55,,72406,15,,,0,15,,72415,15,,,0,15,,72408,15,,,0,15,,72424,15,,,0,55,,72407,15,,,0,15,,72416,15,,,0,15,,72397,15,,,0,15,,72399,15,,,0,55,,72384,15,,,0,14,,72417,15,,,0,14,,72398,15,,,0,15,,72432,15,,,0,83,,72395,15,,,0,95,,72396,15,,,0
501029,'1967',600,,72389,3,,,0,51,,72388,15,,,0,90,,72425,15,,,0,15,,72387,15,,,0,70,,72393,15,,,0,30,,72386,15,,,0,70,,67993,15,,,0,100,,72391,15,,,0,932,,63149,15,,,0,93,,63148,15,,,0,100,,63147,15,,,0,70,,67998,15,,,0,28,,63146,15,,,0,70,,67997,15,,,0,27,,63145,15,,,0
501029,'1969',600,,63311,3,,,0,30,,72315,3,,,0,20,,63328,15,,,0,70,,72314,15,,,0,30,,63327,15,,,0,70,,72313,15,,,0,30,,63326,15,,,0,70,,72316,15,,,0,31,,72312,15,,,0,75,,68150,15,,,0,15,,72326,15,,,0,15,,72307,15,,,0,56,,72330,15,,,0,16,,68143,15,,,0,15,,72332,15,,,0,15,,72308,15,,,0,55,,72319,15,,,0,15,,68144,15,,,0,15,,72322,15,,,0,15,,72302,15,,,0,55,,72325,15,,,0,15,,68149,15,,,0,15,,72328,15,,,0,15,,72303,15,,,0,55,,72333,15,,,0,15,,68148,15,,,0,15,,72318,15,,,0,15,,72305,15,,,0,55,,72321,15,,,0,15,,68146,15,,,0,15,,72324,15,,,0,15,,72301,15,,,0,55,,72329,15,,,0,15,,68145,15,,,0,15,,72331,15,,,0,15,,72306,15,,,0,55,,72317,15,,,0,14,,68147,15,,,0,15,,72320,15,,,0,15,,72304,15,,,0,55,,72323,15,,,0,15,,68157,15,,,0,30,,72311,15,,,0,71,,68160,15,,,0,15,,72327,15,,,0,10,,72310,15,,,0,68,,68156,15,,,0,29,,72309,15,,,0,70,,68158,15,,,0,30,,63322,15,,,0,70,,68159,15,,,0,30,,63321,15,,,0,70,,68155,15,,,0,26,,63320,15,,,0
501029,'1970',704,,74844,15,,,0,40,,74830,15,,,0,97,,74831,15,,,0,10,,74832,15,,,0,108,,74833,15,,,0,55,,74834,15,,,0,30,,74835,15,,,0,70,,74836,15,,,0,216,,74837,15,,,0,118,,74838,15,,,0,108,,74839,15,,,0,245,,74840,15,,,0,100,,74841,15,,,0,42,,74842,15,,,0,85,,74843,15,,,0
501029,'1971',630,,74850,3,,,0,96,,74849,15,,,0,230,,74847,15,,,0,55,,74845,15,,,0,31,,74848,15,,,0,16,,74856,15,,,0,55,,74865,15,,,0,15,,74881,15,,,0,15,,74874,15,,,0,15,,74857,15,,,0,56,,74866,15,,,0,16,,74882,15,,,0,15,,74875,15,,,0,55,,74858,15,,,0,15,,74867,15,,,0,15,,74883,15,,,0,15,,74876,15,,,0,55,,74859,15,,,0,15,,74868,15,,,0,15,,74884,15,,,0,15,,74877,15,,,0,55,,74860,15,,,0,15,,74869,15,,,0,15,,74885,15,,,0,15,,74878,15,,,0,55,,74861,15,,,0,15,,74870,15,,,0,15,,74886,15,,,0,15,,74879,15,,,0,55,,74862,15,,,0,15,,74871,15,,,0,15,,74864,15,,,0,15,,74880,15,,,0,55,,74863,15,,,0,15,,74872,15,,,0,15,,74853,15,,,0,15,,74855,15,,,0,55,,74846,15,,,0,14,,74873,15,,,0,14,,74854,15,,,0,15,,74888,15,,,0,83,,74851,15,,,0,95,,74852,15,,,0
