2029,'1912',648,,74007,49,0,39 40,0,69,,74015,49,0,39 40,0,31,,74026,49,0,39 40,0,70,,74021,49,0,39 40,0,30,,74008,49,0,39 40,0,70,,74016,49,0,39 40,0,30,,74027,49,0,39 40,0,70,,74022,49,0,39 40,0,30,,74009,49,0,39 40,0,70,,74017,49,0,39 40,0,30,,74028,49,0,39 40,0,70,,74023,49,0,39 40,0,30,,74010,49,0,39 40,0,70,,74018,49,0,39 40,0,30,,74029,49,0,39 40,0,70,,74024,49,0,39 40,0,30,,74011,49,0,39 40,0,70,,74019,49,0,39 40,0,30,,74030,49,0,39 40,0,70,,74025,49,0,39 40,0,30,,74012,49,0,39 40,0,70,,74020,49,0,39 40,0,30,,74031,49,0,39 40,0,100,,74013,49,0,39 40,0,99,,74032,49,0,39 40,0,100,,74014,49,0,39 40,0,101,,74033,49,0,39 40,0,100,,74006,49,0,39 40,0
2029,'1959',648,,74108,49,0,39 40,0,69,,74116,49,0,39 40,0,31,,74127,49,0,39 40,0,70,,74122,49,0,39 40,0,30,,74109,49,0,39 40,0,70,,74117,49,0,39 40,0,30,,74128,49,0,39 40,0,70,,74123,49,0,39 40,0,30,,74110,49,0,39 40,0,70,,74118,49,0,39 40,0,30,,74129,49,0,39 40,0,70,,74124,49,0,39 40,0,30,,74111,49,0,39 40,0,70,,74119,49,0,39 40,0,30,,74130,49,0,39 40,0,70,,74125,49,0,39 40,0,30,,74112,49,0,39 40,0,70,,74120,49,0,39 40,0,30,,74131,49,0,39 40,0,70,,74126,49,0,39 40,0,30,,74113,49,0,39 40,0,70,,74121,49,0,39 40,0,30,,74132,49,0,39 40,0,100,,74114,49,0,39 40,0,99,,74133,49,0,39 40,0,100,,74115,49,0,39 40,0,101,,74134,49,0,39 40,0,100,,74107,49,0,39 40,0
2029,'1967',648,,74087,49,0,39 40,0,69,,74094,49,0,39 40,0,31,,74073,49,0,39 40,0,70,,74079,49,0,39 40,0,30,,74088,49,0,39 40,0,70,,74095,49,0,39 40,0,30,,74074,49,0,39 40,0,70,,74080,49,0,39 40,0,30,,74089,49,0,39 40,0,70,,74096,49,0,39 40,0,30,,74075,49,0,39 40,0,70,,74081,49,0,39 40,0,30,,74090,49,0,39 40,0,70,,74097,49,0,39 40,0,30,,74076,49,0,39 40,0,70,,74082,49,0,39 40,0,30,,74091,49,0,39 40,0,70,,74098,49,0,39 40,0,30,,74077,49,0,39 40,0,70,,74083,49,0,39 40,0,30,,74092,49,0,39 40,0,70,,74099,49,0,39 40,0,30,,74078,49,0,39 40,0,70,,74084,49,0,39 40,0,30,,74093,49,0,39 40,0,70,,74100,49,0,39 40,0,30,,74085,49,0,39 40,0,100,,74101,49,0,39 40,0,100,,74086,49,0,39 40,0,99,,74102,49,0,39 40,0
2029,'1969',648,,74140,49,0,39 40,0,69,,74148,49,0,39 40,0,31,,74159,49,0,39 40,0,70,,74154,49,0,39 40,0,30,,74141,49,0,39 40,0,70,,74149,49,0,39 40,0,30,,74160,49,0,39 40,0,70,,74155,49,0,39 40,0,30,,74142,49,0,39 40,0,70,,74150,49,0,39 40,0,30,,74161,49,0,39 40,0,70,,74156,49,0,39 40,0,30,,74143,49,0,39 40,0,70,,74151,49,0,39 40,0,30,,74162,49,0,39 40,0,70,,74157,49,0,39 40,0,30,,74144,49,0,39 40,0,70,,74152,49,0,39 40,0,30,,74163,49,0,39 40,0,70,,74158,49,0,39 40,0,30,,74145,49,0,39 40,0,70,,74153,49,0,39 40,0,30,,74164,49,0,39 40,0,100,,74146,49,0,39 40,0,99,,74165,49,0,39 40,0,100,,74147,49,0,39 40,0,101,,74166,49,0,39 40,0,100,,74139,49,0,39 40,0
2029,'1976',550,,74055,37,0,39 40,0,67,,74038,49,0,39 40,0,30,,74039,49,0,39 40,0,72,,74040,49,0,39 40,0,30,,74041,49,0,39 40,0,70,,74042,49,0,39 40,0,30,,74043,49,0,39 40,0,71,,74044,49,0,39 40,0,30,,74045,49,0,39 40,0,70,,74046,49,0,39 40,0,30,,74069,49,0,39 40,0,70,,74065,49,0,39 40,0,30,,74071,49,0,39 40,0,70,,74067,49,0,39 40,0,30,,74068,49,0,39 40,0,70,,74064,49,0,39 40,0,30,,74070,49,0,39 40,0,70,,74066,49,0,39 40,0,32,,74072,49,0,39 40,0,71,,74047,49,0,39 40,0,34,,74048,49,0,39 40,0,70,,74049,49,0,39 40,0,30,,74050,49,0,39 40,0,70,,74051,49,0,39 40,0,27,,74052,49,0,39 40,0,66,,74053,49,0,39 40,0,29,,74054,49,0,39 40,0,70,,74058,49,0,39 40,0,30,,74059,49,0,39 40,0,99,,74060,49,0,39 40,0,100,,74061,49,0,39 40,0,100,,74057,49,0,39 40,0
2029,'1977',550,,75190,37,0,39 40,0,67,,75173,49,0,39 40,0,30,,75174,49,0,39 40,0,72,,75175,49,0,39 40,0,30,,75176,49,0,39 40,0,70,,75177,49,0,39 40,0,30,,75178,49,0,39 40,0,71,,75179,49,0,39 40,0,30,,75180,49,0,39 40,0,70,,75181,49,0,39 40,0,30,,75204,49,0,39 40,0,70,,75200,49,0,39 40,0,30,,75206,49,0,39 40,0,70,,75202,49,0,39 40,0,30,,75203,49,0,39 40,0,70,,75199,49,0,39 40,0,30,,75205,49,0,39 40,0,70,,75201,49,0,39 40,0,32,,75207,49,0,39 40,0,71,,75182,49,0,39 40,0,34,,75183,49,0,39 40,0,70,,75184,49,0,39 40,0,30,,75185,49,0,39 40,0,70,,75186,49,0,39 40,0,27,,75187,49,0,39 40,0,66,,75188,49,0,39 40,0,29,,75189,49,0,39 40,0,70,,75193,49,0,39 40,0,30,,75194,49,0,39 40,0,99,,75195,49,0,39 40,0,100,,75196,49,0,39 40,0,100,,75192,49,0,39 40,0
31019,'1912',632,,74551,4,,,0,100,,74552,4,,,0,100,,74553,4,,,0,100,,74554,4,,,0,100,,74555,4,,,0,100,,74556,4,,,0,100,,74557,4,,,0,100,,74558,4,,,0,100,,74559,4,,,0,100,,74560,4,,,0,100,,74561,4,,,0,100,,74562,4,,,0,100,,74563,4,,,0,100,,74564,4,,,0,100,,74565,4,,,0,100,,74566,4,,,0,100,,74567,4,,,0,95,,74569,4,0,5 2 8 7,0
31019,'1959',632,,74632,4,,,0,100,,74633,4,,,0,100,,74634,4,,,0,100,,74635,4,,,0,100,,74636,4,,,0,100,,74637,4,,,0,100,,74638,4,,,0,100,,74639,4,,,0,100,,74640,4,,,0,100,,74641,4,,,0,100,,74642,4,,,0,100,,74643,4,,,0,100,,74644,4,,,0,100,,74645,4,,,0,100,,74646,4,,,0,100,,74647,4,,,0,100,,74648,4,,,0,95,,74650,4,0,5 2 8 7,0
31019,'1967',632,,74600,4,,,0,70,,74616,4,,,0,30,,74629,4,,,0,70,,74612,4,,,0,30,,74606,4,,,0,70,,74622,4,,,0,30,,74599,4,,,0,70,,74615,4,,,0,30,,74624,4,,,0,70,,74611,4,,,0,30,,74605,4,,,0,70,,74621,4,,,0,30,,74598,4,,,0,70,,74614,4,,,0,30,,74627,4,,,0,70,,74610,4,,,0,30,,74604,4,,,0,70,,74620,4,,,0,30,,74597,4,,,0,70,,74613,4,,,0,30,,74626,4,,,0,70,,74609,4,,,0,30,,74603,4,,,0,70,,74619,4,,,0,30,,74596,4,,,0,70,,74631,4,,,0,30,,74625,4,,,0,70,,74608,4,0,5 2 8 7,0,30,,74602,4,,,0,70,,74618,4,0,5 2 8 7,0,30,,74595,4,,,0,70,,74607,4,0,5 2 8 7,0,30,,74628,4,,,0,70,,74617,4,0,5 2 8 7,0,30,,74601,4,0,5 2 8 7,0
31019,'1969',632,,74651,4,,,0,100,,74652,4,,,0,100,,74653,4,,,0,100,,74654,4,,,0,100,,74655,4,,,0,100,,74656,4,,,0,100,,74657,4,,,0,100,,74658,4,,,0,100,,74659,4,,,0,100,,74660,4,,,0,100,,74661,4,,,0,100,,74662,4,,,0,100,,74663,4,,,0,100,,74664,4,,,0,100,,74665,4,,,0,100,,74666,4,,,0,100,,74667,4,,,0,95,,74669,4,0,5 2 8 7,0
31019,'1976',632,,74570,4,,,0,70,,74580,4,,,0,31,,62420,4,,,0,70,,62403,4,,,0,30,,74574,4,,,0,69,,74584,4,,,0,30,,62395,4,,,0,70,,62408,4,,,0,30,,62419,4,,,0,70,,74579,4,,,0,30,,74575,4,,,0,70,,62413,4,,,0,30,,62394,4,,,0,70,,62409,4,,,0,30,,74586,4,,,0,70,,74577,4,,,0,30,,62398,4,,,0,71,,74583,4,,,0,30,,62396,4,,,0,70,,74581,4,,,0,30,,62417,4,,,0,69,,74578,4,,,0,30,,74573,4,,,0,70,,74582,4,,,0,30,,74571,4,,,0,70,,74594,4,,,0,30,,72076,4,,,0,70,,74589,4,0,5 2 8 7,0,30,,74576,4,,,0,70,,74590,4,0,5 2 8 7,0,30,,74572,4,,,0,70,,74592,4,0,5 2 8 7,0,30,,74585,4,,,0,70,,74591,4,0,5 2 8 7,0,25,,74587,4,0,5 2 8 7,0
31019,'1977',632,,75804,4,,,0,70,,75819,4,,,0,31,,75832,4,,,0,70,,75815,4,,,0,30,,75812,4,,,0,69,,75826,4,,,0,30,,75807,4,,,0,70,,75820,4,,,0,30,,75831,4,,,0,70,,75818,4,,,0,30,,75813,4,,,0,70,,75825,4,,,0,30,,75806,4,,,0,70,,75821,4,,,0,30,,75830,4,,,0,70,,75816,4,,,0,30,,75810,4,,,0,71,,75824,4,,,0,30,,75808,4,,,0,70,,75822,4,,,0,30,,75829,4,,,0,69,,75817,4,,,0,30,,75811,4,,,0,70,,75823,4,,,0,30,,75805,4,,,0,70,,75840,4,,,0,30,,75828,4,,,0,70,,75835,4,0,5 2 8 7,0,30,,75814,4,,,0,70,,75836,4,0,5 2 8 7,0,30,,75809,4,,,0,70,,75838,4,0,5 2 8 7,0,30,,75827,4,,,0,70,,75837,4,0,5 2 8 7,0,25,,75833,4,0,5 2 8 7,0
14000001029,'1912',557,,73589,36,0,18 7,0,1851,,70205,36,,,0,29,,75060,36,,,0,70,,65884,36,,,0,30,,70206,36,,,0,70,,75059,36,,,0,30,,65880,36,,,0
14000001029,'1959',557,,73605,36,0,18 7,0,1851,,70208,36,,,0,29,,75067,36,,,0,70,,65891,36,,,0,30,,70209,36,,,0,70,,75066,36,,,0,30,,65887,36,,,0
14000001029,'1967',557,,75064,36,0,18 7,0,1851,,73602,36,,,0,29,,75063,36,,,0,70,,65872,36,,,0,30,,73599,36,,,0,70,,75065,36,,,0,30,,65875,36,,,0
14000001029,'1969',557,,73592,36,0,18 7,0,1851,,70211,36,,,0,29,,75069,36,,,0,70,,65898,36,,,0,30,,70212,36,,,0,70,,75068,36,,,0,30,,65894,36,,,0
14000001029,'1976',455,,65864,36,0,18 7,0,102,,73593,36,0,18 7,0,1851,,73595,36,,,0,29,,75061,36,,,0,70,,65871,36,,,0,30,,73594,36,,,0,70,,75062,36,,,0,30,,65870,36,,,0
14000001029,'1977',455,,76525,36,0,18 7,0,102,,76526,36,0,18 7,0,1851,,76528,36,,,0,29,,76529,36,,,0,70,,76532,36,,,0,30,,76527,36,,,0,70,,76530,36,,,0,30,,76531,36,,,0
