10029,'1909',953,,60789,25,,,0,998,,60809,25,,,0,95,,60811,25,,,0,100,,60813,25,,,0,100,,60814,25,,,0
10029,'1910',1919,,66855,25,,,0,28,,60815,25,,,0,100,,66856,25,,,0,100,,60842,25,,,0
10029,'1912',817,,60857,25,,,0,30,,66871,25,,,0,70,,60859,25,,,0,30,,66872,25,,,0,70,,60861,25,,,0,30,,71396,25,,,0,70,,71397,25,,,0,30,,71398,25,,,0,71,,71399,25,,,0,32,,71400,25,,,0,70,,71387,25,,,0,30,,71390,25,,,0,70,,71384,25,,,0,30,,71389,25,,,0,70,,71388,25,,,0,30,,71391,25,,,0,70,,71385,25,,,0,30,,71392,25,,,0,70,,66860,25,,,0,30,,71393,25,,,0,69,,71386,25,,,0,28,,71394,25,,,0,70,,66858,25,,,0,30,,71395,25,,,0
10029,'1924',817,,60881,25,,,0,30,,66892,25,,,0,70,,60883,25,,,0,30,,66893,25,,,0,70,,60885,25,,,0,703,,66881,25,,,0,197,,66879,25,,,0
10029,'1925',817,,60905,25,,,0,30,,66913,25,,,0,70,,60907,25,,,0,30,,66914,25,,,0,70,,60909,25,,,0,30,,71413,25,,,0,70,,71414,25,,,0,30,,71415,25,,,0,71,,71416,25,,,0,32,,71417,25,,,0,70,,71404,25,,,0,30,,71407,25,,,0,70,,71401,25,,,0,30,,71406,25,,,0,70,,71405,25,,,0,30,,71408,25,,,0,70,,71402,25,,,0,30,,71409,25,,,0,70,,66902,25,,,0,30,,71410,25,,,0,69,,71403,25,,,0,28,,71411,25,,,0,70,,66900,25,,,0,30,,71412,25,,,0
10029,'1949',1423,,66940,25,,,0
10029,'1955',717,,60816,25,,,0,30,,66833,25,,,0,70,,66834,25,,,0,30,,66835,25,,,0,70,,60820,25,,,0,30,,66836,25,,,0,71,,66837,25,,,0,32,,66838,25,,,0,70,,66839,25,,,0,30,,66840,25,,,0,70,,66841,25,,,0,30,,66842,25,,,0,70,,66843,25,,,0,30,,66844,25,,,0,70,,66845,25,,,0,30,,66846,25,,,0,70,,66847,25,,,0,30,,66848,25,,,0,70,,66849,25,,,0,30,,66850,25,,,0,70,,66851,25,,,0,30,,66852,25,,,0,70,,66853,25,,,0,30,,66854,25,,,0
10029,'1956',1047,,66894,25,,,0,70,,66895,25,,,0,30,,66896,25,,,0,71,,66897,25,,,0,32,,66898,25,,,0,70,,66883,25,,,0,30,,66886,25,,,0,70,,66878,25,,,0,30,,66885,25,,,0,70,,66884,25,,,0,30,,66887,25,,,0,70,,66880,25,,,0,30,,66888,25,,,0,100,,66889,25,,,0,69,,66882,25,,,0,28,,66890,25,,,0,100,,66891,25,,,0
10029,'1957',617,,71418,25,,,0,30,,71419,25,,,0,78,,71420,25,,,0,30,,71421,25,,,0,70,,71422,25,,,0,30,,71423,25,,,0,68,,71424,25,,,0,100,,71425,25,,,0,30,,71426,25,,,0,70,,71427,25,,,0,30,,71428,25,,,0,70,,71429,25,,,0,30,,71430,25,,,0,70,,71431,25,,,0,30,,71432,25,,,0,100,,71433,25,,,0,75,,71434,25,,,0,30,,71435,25,,,0,70,,71436,25,,,0,30,,71437,25,,,0,70,,71438,25,,,0,28,,71439,25,,,0,65,,71440,25,,,0,30,,71441,25,,,0,70,,71442,25,,,0,100,,71443,25,,,0,95,,71444,25,,,0
10029,'1958',717,,71445,25,,,0,30,,71446,25,,,0,70,,71447,25,,,0,30,,71448,25,,,0,70,,71449,25,,,0,30,,71450,25,,,0,71,,71451,25,,,0,32,,71452,25,,,0,70,,71453,25,,,0,30,,71454,25,,,0,70,,71455,25,,,0,30,,71456,25,,,0,70,,71457,25,,,0,30,,71458,25,,,0,70,,71459,25,,,0,30,,71460,25,,,0,70,,71461,25,,,0,30,,71462,25,,,0,70,,71463,25,,,0,30,,71464,25,,,0,70,,71465,25,,,0,30,,71466,25,,,0,70,,71467,25,,,0,30,,71468,25,,,0
10029,'1959',1047,,71481,25,,,0,70,,71482,25,,,0,30,,71483,25,,,0,71,,71484,25,,,0,32,,71485,25,,,0,70,,71472,25,,,0,30,,71475,25,,,0,70,,71469,25,,,0,30,,71474,25,,,0,70,,71473,25,,,0,30,,71476,25,,,0,70,,71470,25,,,0,30,,71477,25,,,0,100,,71478,25,,,0,69,,71471,25,,,0,28,,71479,25,,,0,100,,71480,25,,,0
