14019,'1912',638,,61463,3,,,0,100,,67238,3,,,0,100,,67227,3,,,0,100,,71631,3,,,0,100,,67229,3,,,0,100,,67230,3,,,0,100,,67231,3,,,0,100,,67232,3,,,0,100,,67233,3,,,0,100,,67234,3,,,0,100,,67235,3,,,0,100,,67236,3,,,0,100,,67237,3,,,0,100,,61451,3,,,0,105,,71630,3,,,0
14019,'1959',638,,61478,3,,,0,100,,67251,3,,,0,100,,67240,3,,,0,100,,71672,3,,,0,100,,67242,3,,,0,100,,67243,3,,,0,100,,67244,3,,,0,100,,67245,3,,,0,100,,67246,3,,,0,100,,67247,3,,,0,100,,67248,3,,,0,100,,67249,3,,,0,100,,67250,3,,,0,100,,61466,3,,,0,105,,71671,3,,,0
14019,'1967',638,,67210,3,,,0,100,,74438,3,,,0,100,,74439,3,,,0,100,,71664,3,,,0,100,,71665,3,,,0,100,,71666,3,,,0,100,,67216,3,,,0,100,,67217,3,,,0,100,,71667,3,,,0,100,,67219,3,,,0,100,,67220,3,,,0,100,,67221,3,,,0,100,,71668,3,,,0,100,,71669,3,,,0,100,,67224,3,,,0,100,,74440,3,,,0,100,,61449,3,,,0
14019,'1969',638,,61493,3,,,0,100,,67264,3,,,0,100,,67253,3,,,0,100,,71633,3,,,0,100,,67255,3,,,0,100,,67256,3,,,0,100,,67257,3,,,0,100,,67258,3,,,0,100,,67259,3,,,0,100,,67260,3,,,0,100,,67261,3,,,0,100,,67262,3,,,0,100,,67263,3,,,0,100,,61481,3,,,0,105,,71632,3,,,0
14019,'1976',513,,61431,3,,,0,100,,71660,3,,,0,40,,71634,3,,,0,70,,71647,3,,,0,28,,71635,3,,,0,62,,71648,3,,,0,30,,74432,3,,,0,70,,71649,3,,,0,30,,71637,3,,,0,70,,61417,3,,,0,30,,71638,3,,,0,70,,71650,3,,,0,30,,71639,3,,,0,70,,71651,3,,,0,30,,74433,3,,,0,70,,74435,3,,,0,30,,74434,3,,,0,70,,71653,3,,,0,30,,71642,3,,,0,70,,71654,3,,,0,40,,71643,3,,,0,70,,71655,3,,,0,30,,71644,3,,,0,70,,71656,3,,,0,30,,71645,3,,,0,60,,71657,3,,,0,30,,71646,3,,,0,70,,74436,3,,,0,30,,71661,3,,,0,70,,74437,3,,,0,92,,61428,3,,,0,100,,71659,3,,,0
14019,'1977',513,,75587,3,,,0,100,,75586,3,,,0,40,,75557,3,,,0,70,,75570,3,,,0,28,,75558,3,,,0,62,,75571,3,,,0,30,,75559,3,,,0,70,,75572,3,,,0,30,,75560,3,,,0,70,,75573,3,,,0,30,,75561,3,,,0,70,,75574,3,,,0,30,,75562,3,,,0,70,,75575,3,,,0,30,,75563,3,,,0,70,,75576,3,,,0,30,,75564,3,,,0,70,,75577,3,,,0,30,,75565,3,,,0,70,,75578,3,,,0,40,,75566,3,,,0,70,,75579,3,,,0,30,,75567,3,,,0,70,,75580,3,,,0,30,,75568,3,,,0,60,,75581,3,,,0,30,,75569,3,,,0,70,,75582,3,,,0,30,,75588,3,,,0,70,,75583,3,,,0,92,,75584,3,,,0,100,,75585,3,,,0
15019,'1912',708,,61566,3,,,0,100,,61564,3,,,0,100,,61567,3,,,0,100,,61565,3,,,0,100,,61562,3,,,0,100,,61560,3,,,0,100,,61563,3,,,0,100,,61561,3,,,0,100,,61558,3,,,0,100,,61559,3,,,0,100,,61556,3,,,0,100,,61557,3,,,0,100,,61555,3,,,0,100,,71673,3,,,0
15019,'1959',708,,61580,3,,,0,100,,61578,3,,,0,100,,61581,3,,,0,100,,61579,3,,,0,100,,61576,3,,,0,100,,61574,3,,,0,100,,61577,3,,,0,100,,61575,3,,,0,100,,61572,3,,,0,100,,61573,3,,,0,100,,61570,3,,,0,100,,61571,3,,,0,100,,61569,3,,,0,100,,71708,3,,,0
15019,'1967',708,,71700,3,,,0,100,,71701,3,,,0,100,,74448,3,,,0,100,,71702,3,,,0,100,,71703,3,,,0,100,,74449,3,,,0,100,,71704,3,,,0,100,,61547,3,,,0,100,,74450,3,,,0,100,,61549,3,,,0,100,,67300,3,,,0,100,,61551,3,,,0,100,,71705,3,,,0,100,,74451,3,,,0
15019,'1969',708,,61594,3,,,0,100,,61592,3,,,0,100,,61595,3,,,0,100,,61593,3,,,0,100,,61590,3,,,0,100,,61588,3,,,0,100,,61591,3,,,0,100,,61589,3,,,0,100,,61586,3,,,0,100,,61587,3,,,0,100,,61584,3,,,0,100,,61585,3,,,0,100,,61583,3,,,0,100,,71674,3,,,0
15019,'1976',633,,61509,3,,,0,70,,74441,3,,,0,30,,67326,3,,,0,70,,71676,3,,,0,30,,71677,3,,,0,70,,71678,3,,,0,30,,74442,3,,,0,70,,74443,3,,,0,30,,74444,3,,,0,70,,71682,3,,,0,30,,74445,3,,,0,70,,74446,3,,,0,30,,71685,3,,,0,70,,71686,3,,,0,30,,71687,3,,,0,70,,71688,3,,,0,30,,71689,3,,,0,70,,61526,3,,,0,30,,71690,3,,,0,70,,74447,3,,,0,30,,71692,3,,,0,70,,71693,3,,,0,30,,71694,3,,,0,70,,61532,3,,,0,30,,71695,3,,,0,70,,71699,3,,,0,30,,71696,3,,,0,100,,71697,3,,,0,100,,71698,3,,,0,100,,67335,3,0,5 2 6 7,0
15019,'1977',633,,75589,3,,,0,70,,75590,3,,,0,30,,75591,3,,,0,70,,75592,3,,,0,30,,75593,3,,,0,70,,75594,3,,,0,30,,75595,3,,,0,70,,75596,3,,,0,30,,75597,3,,,0,70,,75598,3,,,0,30,,75599,3,,,0,70,,75600,3,,,0,30,,75601,3,,,0,70,,75602,3,,,0,30,,75603,3,,,0,70,,75604,3,,,0,30,,75605,3,,,0,70,,75606,3,,,0,30,,75607,3,,,0,70,,75608,3,,,0,30,,75609,3,,,0,70,,75610,3,,,0,30,,75611,3,,,0,70,,75612,3,,,0,30,,75613,3,,,0,70,,75619,3,,,0,30,,75614,3,,,0,100,,75615,3,,,0,100,,75618,3,,,0,100,,75616,3,0,5 2 6 7,0
19019,'1912',610,,71862,3,0,38,0,112,,62043,3,0,38,0,100,,71855,3,0,38,0,30,,62047,3,0,38,0,70,,71858,3,0,38,0,30,,71852,3,0,38,0,71,,71851,3,0,38,0,30,,67524,3,0,38,0,70,,71867,3,0,38,0,30,,71865,3,0,38,0,70,,71863,3,0,38,0,30,,71859,3,0,38,0,70,,71872,3,0,38,0,30,,71857,3,0,38,0,70,,71856,3,0,38,0,30,,71854,3,0,38,0,70,,71853,3,0,38,0,30,,71850,3,0,38,0,70,,71868,3,0,38,0,30,,71866,3,0,38,0,70,,71864,3,0,38,0,30,,71861,3,0,38,0,70,,71860,3,0,38,0,30,,71870,3,0,38,0,70,,71869,3,0,38,0,30,,71871,3,0,38,0,85,,62063,3,0,38,0,100,,62061,3,0,38,0,100,,62062,3,0,38,0,85,,71873,3,0,38,0
19019,'1959',610,,71946,3,0,38,0,112,,62073,3,0,38,0,100,,71939,3,0,38,0,30,,62077,3,0,38,0,70,,71942,3,0,38,0,30,,71936,3,0,38,0,71,,71935,3,0,38,0,30,,67549,3,0,38,0,70,,71951,3,0,38,0,30,,71949,3,0,38,0,70,,71947,3,0,38,0,30,,71943,3,0,38,0,70,,71956,3,0,38,0,30,,71941,3,0,38,0,70,,71940,3,0,38,0,30,,71938,3,0,38,0,70,,71937,3,0,38,0,30,,71934,3,0,38,0,70,,71952,3,0,38,0,30,,71950,3,0,38,0,70,,71948,3,0,38,0,30,,71945,3,0,38,0,70,,71944,3,0,38,0,30,,71954,3,0,38,0,70,,71953,3,0,38,0,30,,71955,3,0,38,0,85,,62093,3,0,38,0,100,,62091,3,0,38,0,100,,62092,3,0,38,0,85,,71957,3,0,38,0
19019,'1967',623,,71920,3,0,38,0,30,,71925,3,0,38,0,70,,74512,3,0,38,0,30,,74516,3,0,38,0,70,,71931,3,0,38,0,30,,74513,3,0,38,0,70,,74511,3,0,38,0,30,,74517,3,0,38,0,70,,67497,3,0,38,0,30,,67512,3,0,38,0,70,,67501,3,0,38,0,30,,67515,3,0,38,0,70,,67494,3,0,38,0,30,,71926,3,0,38,0,70,,67496,3,0,38,0,30,,67513,3,0,38,0,70,,67498,3,0,38,0,30,,67520,3,0,38,0,70,,67507,3,0,38,0,30,,67509,3,0,38,0,70,,67493,3,0,38,0,30,,71927,3,0,38,0,70,,67519,3,0,38,0,30,,67506,3,0,38,0,70,,67500,3,0,38,0,30,,71929,3,0,38,0,70,,74515,3,0,38,0,30,,67522,3,0,38,0,80,,74518,3,0,38,0,75,,67505,3,0,38,0,100,,62033,3,0,38,0,95,,74514,3,0,38,0,20,,74519,3,0,38,0
19019,'1969',610,,71886,3,0,38,0,112,,62103,3,0,38,0,100,,71879,3,0,38,0,30,,62107,3,0,38,0,70,,71882,3,0,38,0,30,,71876,3,0,38,0,71,,71875,3,0,38,0,30,,67574,3,0,38,0,70,,71891,3,0,38,0,30,,71889,3,0,38,0,70,,71887,3,0,38,0,30,,71883,3,0,38,0,70,,71896,3,0,38,0,30,,71881,3,0,38,0,70,,71880,3,0,38,0,30,,71878,3,0,38,0,70,,71877,3,0,38,0,30,,71874,3,0,38,0,70,,71892,3,0,38,0,30,,71890,3,0,38,0,70,,71888,3,0,38,0,30,,71885,3,0,38,0,70,,71884,3,0,38,0,30,,71894,3,0,38,0,70,,71893,3,0,38,0,30,,71895,3,0,38,0,85,,62123,3,0,38,0,100,,62121,3,0,38,0,100,,62122,3,0,38,0,85,,71897,3,0,38,0
19019,'1976',823,,74509,3,0,38,0,30,,74500,3,0,38,0,70,,74501,3,0,38,0,30,,74498,3,0,38,0,70,,71917,3,0,38,0,30,,74499,3,0,38,0,70,,74506,3,0,38,0,30,,74497,3,0,38,0,70,,74508,3,0,38,0,30,,74502,3,0,38,0,70,,74503,3,0,38,0,30,,74505,3,0,38,0,70,,74504,3,0,38,0,31,,71899,3,0,38,0,70,,74510,3,0,38,0,299,,61998,3,0,38,0,30,,71909,3,0,38,0,70,,71910,3,0,38,0,100,,74507,3,0,38,0,100,,71913,3,0,38,0,100,,71911,3,0,38,0,100,,71912,3,0,38,0
19019,'1977',823,,75738,3,0,38,0,30,,75723,3,0,38,0,70,,75724,3,0,38,0,30,,75721,3,0,38,0,70,,75739,3,0,38,0,30,,75722,3,0,38,0,70,,75729,3,0,38,0,30,,75719,3,0,38,0,70,,75737,3,0,38,0,30,,75725,3,0,38,0,70,,75726,3,0,38,0,30,,75728,3,0,38,0,70,,75727,3,0,38,0,31,,75720,3,0,38,0,70,,75740,3,0,38,0,299,,75736,3,0,38,0,30,,75730,3,0,38,0,70,,75731,3,0,38,0,100,,75735,3,0,38,0,100,,75734,3,0,38,0,100,,75732,3,0,38,0,100,,75733,3,0,38,0
10019029,'1976',613,,75052,4,,,0,30,,73571,4,,,0,70,,65786,4,,,0,30,,75053,4,,,0,801,,73576,4,,,0,70,,73574,4,,,0,30,,73573,4,,,0,70,,73577,4,,,0,29,,70189,4,,,0,210,,73575,4,,,0
10019029,'1977',613,,76509,4,,,0,30,,76512,4,,,0,70,,76511,4,,,0,30,,76513,4,,,0,801,,76518,4,,,0,70,,76516,4,,,0,30,,76514,4,,,0,70,,76519,4,,,0,29,,76515,4,,,0,210,,76517,4,,,0
14000001019,'1912',2353,,65844,1,,,0,70,,70196,1,,,0,30,,75054,1,,,0,70,,65845,1,,,0,30,,70197,1,,,0
14000001019,'1959',2353,,65849,1,,,0,70,,70198,1,,,0,30,,75057,1,,,0,70,,65850,1,,,0,30,,70199,1,,,0
14000001019,'1967',2353,,65840,1,,,0,70,,73583,1,,,0,30,,75056,1,,,0,70,,65838,1,,,0,30,,73585,1,,,0
14000001019,'1969',2353,,65854,1,,,0,70,,70200,1,,,0,30,,75058,1,,,0,70,,65855,1,,,0,30,,70201,1,,,0
14000001019,'1976',2353,,65835,1,,,0,70,,73580,1,,,0,30,,75055,1,,,0,70,,65834,1,,,0,30,,73582,1,,,0
14000001019,'1977',2353,,76523,1,,,0,70,,76520,1,,,0,30,,76521,1,,,0,70,,76522,1,,,0,30,,76524,1,,,0
14000001029,'1912',2423,,70205,49,4,,0,29,,75060,49,4,,0,70,,65884,49,4,,0,30,,70206,49,4,,0,70,,75059,49,4,,0,30,,65880,49,4,,0
14000001029,'1959',2423,,70208,49,4,,0,29,,75067,49,4,,0,70,,65891,49,4,,0,30,,70209,49,4,,0,70,,75066,49,4,,0,30,,65887,49,4,,0
14000001029,'1967',2423,,73602,49,4,,0,29,,75063,49,4,,0,70,,65872,49,4,,0,30,,73599,49,4,,0,70,,75065,49,4,,0,30,,65875,49,4,,0
14000001029,'1969',2423,,70211,49,4,,0,29,,75069,49,4,,0,70,,65898,49,4,,0,30,,70212,49,4,,0,70,,75068,49,4,,0,30,,65894,49,4,,0
14000001029,'1976',2423,,73595,49,4,,0,29,,75061,49,4,,0,70,,65871,49,4,,0,30,,73594,49,4,,0,70,,75062,49,4,,0,30,,65870,49,4,,0
14000001029,'1977',2423,,76528,49,4,,0,29,,76529,49,4,,0,70,,76532,49,4,,0,30,,76527,49,4,,0,70,,76530,49,4,,0,30,,76531,49,4,,0
