2019,'1912',708,,73883,35,,,0,30,,73860,35,,,0,70,,73864,35,,,0,30,,73876,35,,,0,72,,73871,35,,,0,30,,73861,35,,,0,70,,73865,35,,,0,30,,73877,35,,,0,70,,73872,35,,,0,30,,73862,35,,,0,70,,73866,35,,,0,30,,73878,35,,,0,70,,73873,35,,,0,30,,73863,35,,,0,70,,73867,35,,,0,30,,73879,35,,,0,70,,73874,35,,,0,30,,73858,35,,,0,70,,73868,35,,,0,30,,73880,35,,,0,70,,73875,35,,,0,30,,73856,35,,,0,70,,73869,35,,,0,30,,73881,35,,,0,100,,73857,35,,,0,99,,73882,35,,,0,100,,73859,35,,,0,100,,73870,35,,,0,99,,73884,35,,,0
2019,'1966',638,,70404,26,,,0,70,,70411,35,,,0,30,,70420,35,,,0,70,,70427,35,,,0,30,,70405,35,,,0,70,,70412,35,,,0,30,,70421,35,,,0,71,,70428,35,,,0,31,,70406,35,,,0,70,,70413,35,,,0,30,,70422,35,,,0,70,,70429,35,,,0,30,,70407,35,,,0,70,,70414,35,,,0,30,,70423,35,,,0,70,,70430,35,,,0,30,,70408,35,,,0,70,,70415,35,,,0,30,,70424,35,,,0,70,,70431,35,,,0,30,,70409,35,,,0,70,,70416,35,,,0,30,,70425,35,,,0,70,,70432,35,,,0,30,,70410,35,,,0,70,,70417,35,,,0,30,,70426,35,,,0,99,,70418,35,,,0,100,,70433,35,,,0,100,,70419,35,,,0,100,,70434,35,,,0
2019,'1968',708,,70370,35,,,0,30,,70347,35,,,0,70,,70351,35,,,0,30,,70363,35,,,0,72,,70358,35,,,0,30,,70348,35,,,0,70,,70352,35,,,0,30,,70364,35,,,0,70,,70359,35,,,0,30,,70349,35,,,0,70,,70353,35,,,0,30,,70365,35,,,0,70,,70360,35,,,0,30,,70350,35,,,0,70,,70354,35,,,0,30,,70366,35,,,0,70,,70361,35,,,0,30,,70345,35,,,0,70,,70355,35,,,0,30,,70367,35,,,0,70,,70362,35,,,0,30,,70343,35,,,0,70,,70356,35,,,0,30,,70368,35,,,0,100,,70344,35,,,0,99,,70369,35,,,0,100,,70346,35,,,0,100,,70357,35,,,0,99,,70371,35,,,0
2019,'1970',503,,73916,26,0,5 2 13 14,0,136,,73885,35,,,0,70,,73886,35,,,0,30,,73887,35,,,0,70,,73888,35,,,0,31,,73889,35,,,0,71,,73890,35,,,0,31,,73907,35,,,0,70,,73908,35,,,0,30,,73909,35,,,0,70,,73910,35,,,0,30,,73911,35,,,0,70,,73912,35,,,0,30,,73913,35,,,0,70,,73914,35,,,0,30,,73915,35,,,0,70,,73905,35,,,0,32,,73906,35,,,0,71,,73891,35,,,0,30,,73892,35,,,0,70,,73893,35,,,0,30,,73894,35,,,0,70,,73895,35,,,0,29,,73896,35,,,0,69,,73897,35,,,0,30,,73898,35,,,0,70,,73904,35,,,0,30,,73899,35,,,0,97,,73900,35,,,0,100,,73901,35,,,0,100,,73902,35,,,0,100,,73903,35,,,0
2019,'1971',638,,73917,26,,,0,70,,73924,35,,,0,30,,73933,35,,,0,70,,73940,35,,,0,30,,73918,35,,,0,70,,73925,35,,,0,30,,73934,35,,,0,71,,73941,35,,,0,31,,73919,35,,,0,70,,73926,35,,,0,30,,73935,35,,,0,70,,73942,35,,,0,30,,73920,35,,,0,70,,73927,35,,,0,30,,73936,35,,,0,70,,73943,35,,,0,30,,73921,35,,,0,70,,73928,35,,,0,30,,73937,35,,,0,70,,73944,35,,,0,30,,73922,35,,,0,70,,73929,35,,,0,30,,73938,35,,,0,70,,73945,35,,,0,30,,73923,35,,,0,70,,73930,35,,,0,30,,73939,35,,,0,99,,73931,35,,,0,100,,73946,35,,,0,100,,73932,35,,,0,100,,73947,35,,,0
2019,'1972',708,,73975,35,,,0,30,,73952,35,,,0,70,,73956,35,,,0,30,,73968,35,,,0,72,,73963,35,,,0,30,,73953,35,,,0,70,,73957,35,,,0,30,,73969,35,,,0,70,,73964,35,,,0,30,,73954,35,,,0,70,,73958,35,,,0,30,,73970,35,,,0,70,,73965,35,,,0,30,,73955,35,,,0,70,,73959,35,,,0,30,,73971,35,,,0,70,,73966,35,,,0,30,,73950,35,,,0,70,,73960,35,,,0,30,,73972,35,,,0,70,,73967,35,,,0,30,,73948,35,,,0,70,,73961,35,,,0,30,,73973,35,,,0,100,,73949,35,,,0,99,,73974,35,,,0,100,,73951,35,,,0,100,,73962,35,,,0,99,,73976,35,,,0
2019,'1973',708,,74004,35,,,0,30,,73981,35,,,0,70,,73985,35,,,0,30,,73997,35,,,0,72,,73992,35,,,0,30,,73982,35,,,0,70,,73986,35,,,0,30,,73998,35,,,0,70,,73993,35,,,0,30,,73983,35,,,0,70,,73987,35,,,0,30,,73999,35,,,0,70,,73994,35,,,0,30,,73984,35,,,0,70,,73988,35,,,0,30,,74000,35,,,0,70,,73995,35,,,0,30,,73979,35,,,0,70,,73989,35,,,0,30,,74001,35,,,0,70,,73996,35,,,0,30,,73977,35,,,0,70,,73990,35,,,0,30,,74002,35,,,0,100,,73978,35,,,0,99,,74003,35,,,0,100,,73980,35,,,0,100,,73991,35,,,0,99,,74005,35,,,0
702019,'1912',652,,73221,5,,,0,70,,73211,5,,,0,30,,73229,5,,,0,70,,73217,5,,,0,30,,73210,5,,,0,70,,73228,5,,,0,31,,73220,5,,,0,70,,73209,5,,,0,30,,69375,5,,,0,70,,73216,5,,,0,30,,69356,5,,,0,70,,73222,5,,,0,30,,69360,5,,,0,70,,73208,5,,,0,30,,73227,5,,,0,70,,73215,5,,,0,30,,73207,5,,,0,70,,73225,5,,,0,30,,73219,5,,,0,70,,73206,5,,,0,30,,73224,5,,,0,70,,73214,5,,,0,30,,73205,5,,,0,69,,73223,5,,,0,30,,73213,5,,,0,70,,73204,5,,,0,30,,73226,5,,,0,70,,73212,5,,,0,30,,73203,5,,,0,70,,69377,5,,,0,30,,73218,5,,,0,70,,73202,5,,,0,30,,69372,5,,,0,65,,73230,5,,,0,25,,73231,5,,,0
702019,'1959',652,,73310,5,,,0,70,,73300,5,,,0,30,,73318,5,,,0,70,,73306,5,,,0,30,,73299,5,,,0,70,,73317,5,,,0,31,,73309,5,,,0,70,,73298,5,,,0,30,,69410,5,,,0,70,,73305,5,,,0,30,,69391,5,,,0,70,,73311,5,,,0,30,,69395,5,,,0,70,,73297,5,,,0,30,,73316,5,,,0,70,,73304,5,,,0,30,,73296,5,,,0,70,,73314,5,,,0,30,,73308,5,,,0,70,,73295,5,,,0,30,,73313,5,,,0,70,,73303,5,,,0,30,,73294,5,,,0,69,,73312,5,,,0,30,,73302,5,,,0,70,,73293,5,,,0,30,,73315,5,,,0,70,,73301,5,,,0,30,,73292,5,,,0,70,,69412,5,,,0,30,,73307,5,,,0,70,,73291,5,,,0,30,,69407,5,,,0,65,,73319,5,,,0,25,,73320,5,,,0
702019,'1965',636,,73262,5,,,0,65,,73263,5,,,0,24,,69507,5,,,0,22,,69477,5,,,0,55,,73264,5,,,0,23,,64880,5,,,0,17,,73285,5,,,0,12,,69506,5,,,0,72,,69479,5,,,0,90,,73266,5,,,0,30,,73288,5,,,0,100,,69483,5,,,0,70,,73268,5,,,0,130,,73270,5,,,0,70,,73271,5,,,0,101,,73286,5,,,0,22,,73273,5,,,0,20,,73274,5,,,0,60,,73275,5,,,0,20,,73276,5,,,0,20,,73287,5,,,0,60,,73277,5,,,0,18,,73278,5,,,0,85,,69495,5,,,0,30,,69496,5,,,0,70,,73280,5,,,0,30,,69498,5,,,0,70,,73281,5,,,0,30,,73282,5,,,0,70,,69501,5,,,0,30,,73283,5,,,0,69,,69503,5,,,0,30,,69504,5,,,0,65,,73284,5,,,0,25,,69511,5,,,0
702019,'1967',651,,69324,5,,,0,70,,69326,5,,,0,30,,69328,5,,,0,70,,69323,5,,,0,30,,69325,5,,,0,71,,69327,5,,,0,30,,69329,5,,,0,71,,69340,5,,,0,30,,69338,5,,,0,70,,69344,5,,,0,30,,69335,5,,,0,70,,69348,5,,,0,30,,69337,5,,,0,70,,69346,5,,,0,30,,69343,5,,,0,70,,69342,5,,,0,30,,69339,5,,,0,70,,69332,5,,,0,30,,73290,5,,,0,70,,69331,5,,,0,30,,69341,5,,,0,70,,69334,5,,,0,30,,73289,5,,,0,70,,69345,5,,,0,30,,69336,5,,,0,70,,69318,5,,,0,30,,69321,5,,,0,70,,69314,5,,,0,29,,69316,5,,,0,70,,69319,5,,,0,30,,69322,5,,,0,70,,69315,5,,,0,30,,69317,5,,,0,65,,69320,5,,,0,25,,69330,5,,,0
702019,'1969',652,,73251,5,,,0,70,,73241,5,,,0,30,,73259,5,,,0,70,,73247,5,,,0,30,,73240,5,,,0,70,,73258,5,,,0,31,,73250,5,,,0,70,,73239,5,,,0,30,,69445,5,,,0,70,,73246,5,,,0,30,,69426,5,,,0,70,,73252,5,,,0,30,,69430,5,,,0,70,,73238,5,,,0,30,,73257,5,,,0,70,,73245,5,,,0,30,,73237,5,,,0,70,,73255,5,,,0,30,,73249,5,,,0,70,,73236,5,,,0,30,,73254,5,,,0,70,,73244,5,,,0,30,,73235,5,,,0,69,,73253,5,,,0,30,,73243,5,,,0,70,,73234,5,,,0,30,,73256,5,,,0,70,,73242,5,,,0,30,,73233,5,,,0,70,,69447,5,,,0,30,,73248,5,,,0,70,,73232,5,,,0,30,,69442,5,,,0,65,,73260,5,,,0,25,,73261,5,,,0
702019,'1970',946,,74990,5,,,0,170,,74991,5,,,0,130,,74992,5,,,0,70,,74993,5,,,0,131,,74994,5,,,0,310,,74995,5,,,0
14000001019,'1912',2429,,65844,42,,,0,30,,70196,42,,,0,70,,75054,42,,,0,30,,65845,42,,,0,70,,70197,42,,,0
14000001019,'1959',2429,,65849,42,,,0,30,,70198,42,,,0,100,,65850,42,,,0,70,,70199,42,,,0
14000001019,'1965',2429,,65835,42,,,0,30,,73580,42,,,0,100,,65834,42,,,0,70,,73582,42,,,0
14000001019,'1966',2529,,73584,42,,,0
14000001019,'1967',2429,,65840,42,,,0,30,,73583,42,,,0,100,,65838,42,,,0,70,,73585,42,,,0
14000001019,'1968',2529,,73579,42,,,0
14000001019,'1969',2429,,65854,42,,,0,30,,70200,42,,,0,100,,65855,42,,,0,70,,70201,42,,,0
14000001019,'1970',2529,,75055,42,,,0
14000001019,'1971',2529,,75056,42,,,0
14000001019,'1972',2529,,75057,42,,,0
14000001019,'1973',2529,,75058,42,,,0
