15019,'1909',704,,61509,51,,,0,836,,61526,51,,,0,296,,61532,51,,,0
15019,'1910',938,,61542,51,,,0,302,,61545,51,,,0,204,,61547,51,,,0,100,,61548,51,,,0,100,,61549,51,,,0,100,,67300,51,,,0,97,,61551,51,,,0
15019,'1912',737,,61566,51,,,0,100,,61564,51,,,0,100,,61567,51,,,0,102,,61565,51,,,0,100,,61562,51,,,0,100,,61560,51,,,0,103,,61563,51,,,0,100,,61561,51,,,0,100,,61558,51,,,0,99,,61559,51,,,0,100,,61556,51,,,0,100,,61557,51,,,0,100,,61555,51,,,0,97,,71673,51,,,0
15019,'1924',737,,61580,51,,,0,100,,61578,51,,,0,100,,61581,51,,,0,102,,61579,51,,,0,100,,61576,51,,,0,100,,61574,51,,,0,103,,61577,51,,,0,100,,61575,51,,,0,100,,61572,51,,,0,99,,61573,51,,,0,100,,61570,51,,,0,100,,61571,51,,,0,100,,61569,51,,,0
15019,'1925',737,,61594,51,,,0,100,,61592,51,,,0,100,,61595,51,,,0,102,,61593,51,,,0,100,,61590,51,,,0,100,,61588,51,,,0,103,,61591,51,,,0,100,,61589,51,,,0,100,,61586,51,,,0,99,,61587,51,,,0,100,,61584,51,,,0,100,,61585,51,,,0,100,,61583,51,,,0,97,,71674,51,,,0
15019,'1949',611,,67336,17,0,5 2 6 7,0,198,,67326,51,,,0,1495,,67335,51,0,5 2 6 7,0
15019,'1955',613,,67303,17,0,5 2 6 7,0,125,,67295,51,,,0,100,,67296,51,,,0,202,,67297,51,,,0,100,,67298,51,,,0,204,,67299,51,,,0,597,,67301,51,,,0,96,,67302,51,,,0
15019,'1956',2038,,67305,51,,,0
15019,'1957',734,,71675,51,,,0,105,,71676,51,,,0,68,,71677,51,,,0,30,,71678,51,,,0,70,,71679,51,,,0,30,,71680,51,,,0,70,,71681,51,,,0,30,,71682,51,,,0,70,,71683,51,,,0,30,,71684,51,,,0,70,,71685,51,,,0,30,,71686,51,,,0,70,,71687,51,,,0,30,,71688,51,,,0,73,,71689,51,,,0,100,,71690,51,,,0,29,,71691,51,,,0,68,,71692,51,,,0,30,,71693,51,,,0,69,,71694,51,,,0,100,,71695,51,,,0,30,,71699,51,,,0,70,,71696,51,,,0,98,,71697,51,,,0,100,,71698,51,,,0
15019,'1958',613,,71707,17,0,5 2 6 7,0,125,,71700,51,,,0,100,,71701,51,,,0,202,,71702,51,,,0,100,,71703,51,,,0,204,,71704,51,,,0,597,,71705,51,,,0,96,,71706,51,,,0
15019,'1959',2038,,71708,51,,,0
