1019,'1909',811,,59087,41,,,0,101,,59076,41,,,0,132,,59067,41,,,0,100,,59072,41,,,0,170,,59075,41,,,0,100,,59099,41,,,0,132,,59096,41,,,0,70,,59089,41,,,0,195,,59084,41,,,0,30,,59083,41,,,0,95,,59100,41,,,0,168,,59093,41,,,0,130,,59090,41,,,0,70,,59088,41,,,0
1019,'1912',632,,59139,41,,,0,100,,59140,41,,,0,101,,59141,41,,,0,100,,59142,41,,,0,100,,59143,41,,,0,102,,59144,41,,,0,100,,59145,41,,,0,100,,59146,41,,,0,100,,59147,41,,,0,100,,59148,41,,,0,100,,59149,41,,,0,100,,59150,41,,,0,100,,59151,41,,,0,98,,59152,41,,,0,100,,59153,41,,,0,100,,59154,41,,,0,102,,59155,41,,,0,95,,59156,41,,,0
1019,'1924',632,,59157,41,,,0,100,,59158,41,,,0,101,,59159,41,,,0,100,,59160,41,,,0,100,,59161,41,,,0,102,,59162,41,,,0,100,,59163,41,,,0,100,,59164,41,,,0,100,,59165,41,,,0,100,,59166,41,,,0,100,,59167,41,,,0,100,,59168,41,,,0,100,,59169,41,,,0,98,,59170,41,,,0,100,,59171,41,,,0,100,,59172,41,,,0,102,,59173,41,,,0,95,,59174,41,,,0
1019,'1925',632,,59175,41,,,0,100,,59176,41,,,0,101,,59177,41,,,0,100,,59178,41,,,0,100,,59179,41,,,0,102,,59180,41,,,0,100,,59181,41,,,0,100,,59182,41,,,0,100,,59183,41,,,0,100,,59184,41,,,0,100,,59185,41,,,0,100,,59186,41,,,0,100,,59187,41,,,0,98,,59188,41,,,0,100,,59189,41,,,0,100,,59190,41,,,0,102,,59191,41,,,0,95,,59192,41,,,0
1019,'1949',741,,65941,41,,,0,100,,65942,41,,,0,173,,65943,41,,,0,100,,65945,41,,,0,130,,65946,41,,,0,100,,65940,41,,,0,172,,65944,41,,,0
1019,'1955',603,,65933,41,,,0,30,,65923,41,,,0,70,,65909,41,,,0,30,,65927,41,,,0,70,,65918,41,,,0,30,,65903,41,,,0,70,,65924,41,,,0,30,,65925,41,,,0,70,,65908,41,,,0,32,,65928,41,,,0,70,,65917,41,,,0,30,,65902,41,,,0,70,,65912,41,,,0,30,,65922,41,,,0,70,,65907,41,,,0,30,,65929,41,,,0,70,,65916,41,,,0,30,,65901,41,,,0,70,,65911,41,,,0,30,,65921,41,,,0,70,,65906,41,,,0,30,,65930,41,,,0,70,,65915,41,,,0,30,,65900,41,,,0,70,,65910,41,,,0,30,,65920,41,,,0,70,,65904,41,,,0,28,,65931,41,,,0,70,,65913,41,,,0,30,,59103,41,,,0,70,,65905,41,,,0,30,,65919,41,,,0,74,,65914,41,,,0,30,,65932,41,,,0,70,,65926,41,,,0,25,,59129,41,,,0
1019,'1957',602,,70230,41,,,0,35,,70228,41,,,0,71,,70217,41,,,0,236,,70229,41,,,0,270,,70218,41,,,0,232,,70216,41,,,0,200,,70221,41,,,0,70,,70219,41,,,0,27,,70222,41,,,0,168,,70220,41,,,0,95,,70226,41,,,0,28,,70227,41,,,0,100,,70225,41,,,0,70,,70224,41,,,0,130,,70223,41,,,0
1019,'1958',603,,70266,41,,,0,30,,70255,41,,,0,70,,70241,41,,,0,30,,70260,41,,,0,70,,70250,41,,,0,30,,70235,41,,,0,70,,70256,41,,,0,30,,70258,41,,,0,70,,70240,41,,,0,32,,70261,41,,,0,70,,70249,41,,,0,30,,70234,41,,,0,70,,70244,41,,,0,30,,70254,41,,,0,70,,70239,41,,,0,30,,70262,41,,,0,70,,70248,41,,,0,30,,70233,41,,,0,70,,70243,41,,,0,30,,70253,41,,,0,70,,70238,41,,,0,30,,70263,41,,,0,70,,70247,41,,,0,30,,70232,41,,,0,70,,70242,41,,,0,30,,70252,41,,,0,70,,70236,41,,,0,28,,70264,41,,,0,70,,70245,41,,,0,30,,70231,41,,,0,70,,70237,41,,,0,30,,70251,41,,,0,74,,70246,41,,,0,30,,70265,41,,,0,70,,70259,41,,,0,25,,70257,41,,,0
7029,'1909',519,,60618,21,,,0,101,,60588,21,,,0,1303,,60608,21,,,0,100,,60610,21,,,0,199,,60612,21,,,0
7029,'1910',822,,60635,21,,,0,230,,66633,21,,,0,70,,60638,21,,,0,200,,60640,21,,,0,30,,66636,21,,,0,70,,60641,21,,,0,100,,60642,21,,,0,100,,66647,21,,,0,100,,60644,21,,,0,230,,66642,21,,,0,70,,60647,21,,,0,100,,60648,21,,,0,200,,60650,21,,,0
7029,'1912',721,,60657,21,,,0,100,,60658,21,,,0,100,,60659,21,,,0,100,,60660,21,,,0,100,,60661,21,,,0,100,,60662,21,,,0,100,,60663,21,,,0,101,,60664,21,,,0,100,,60665,21,,,0,99,,60666,21,,,0,100,,60667,21,,,0,100,,60668,21,,,0,100,,60669,21,,,0,101,,60670,21,,,0,100,,60656,21,,,0
7029,'1924',721,,60691,21,,,0,100,,60692,21,,,0,100,,60693,21,,,0,100,,60694,21,,,0,100,,60695,21,,,0,100,,60696,21,,,0,100,,60697,21,,,0,101,,60698,21,,,0,100,,60699,21,,,0,99,,60700,21,,,0,100,,60701,21,,,0,100,,60702,21,,,0,100,,60703,21,,,0,101,,60704,21,,,0,100,,60690,21,,,0
7029,'1925',721,,60725,21,,,0,100,,60726,21,,,0,100,,60727,21,,,0,100,,60728,21,,,0,100,,60729,21,,,0,100,,60730,21,,,0,100,,60731,21,,,0,101,,60732,21,,,0,100,,60733,21,,,0,99,,60734,21,,,0,100,,60735,21,,,0,100,,60736,21,,,0,100,,60737,21,,,0,101,,60738,21,,,0,100,,60724,21,,,0
7029,'1949',1853,,66719,21,,,0
7029,'1955',623,,66651,10,,,0,29,,66629,21,,,0,70,,66643,21,,,0,30,,66630,21,,,0,100,,66631,21,,,0,70,,66644,21,,,0,30,,66632,21,,,0,70,,66645,21,,,0,130,,66634,21,,,0,70,,66646,21,,,0,30,,66635,21,,,0,200,,66637,21,,,0,100,,66638,21,,,0,100,,66639,21,,,0,100,,66640,21,,,0,70,,66648,21,,,0,30,,66641,21,,,0,70,,66649,21,,,0,300,,66650,21,,,0
7029,'1957',651,,71227,21,,,0,72,,71228,21,,,0,30,,71229,21,,,0,70,,71230,21,,,0,30,,71231,21,,,0,70,,71232,21,,,0,30,,71233,21,,,0,70,,71234,21,,,0,30,,71235,21,,,0,70,,71236,21,,,0,30,,71237,21,,,0,70,,71223,21,,,0,30,,71224,21,,,0,70,,71225,21,,,0,31,,71222,21,,,0,70,,71221,21,,,0,32,,71226,21,,,0,69,,71238,21,,,0,30,,71239,21,,,0,70,,71240,21,,,0,28,,71241,21,,,0,70,,71242,21,,,0,30,,71243,21,,,0,70,,71244,21,,,0,130,,71245,21,,,0,170,,71246,21,,,0,199,,71250,21,,,0
7029,'1958',623,,71269,10,,,0,29,,71251,21,,,0,70,,71262,21,,,0,30,,71252,21,,,0,100,,71253,21,,,0,70,,71263,21,,,0,30,,71254,21,,,0,70,,71264,21,,,0,130,,71255,21,,,0,70,,71265,21,,,0,30,,71256,21,,,0,200,,71257,21,,,0,100,,71258,21,,,0,100,,71259,21,,,0,100,,71260,21,,,0,70,,71266,21,,,0,30,,71261,21,,,0,70,,71267,21,,,0,300,,71268,21,,,0
