1029,'1912',622,,73732,41,,,0,100,,73733,41,,,0,100,,73734,41,,,0,100,,73735,41,,,0,101,,73736,41,,,0,100,,73737,41,,,0,100,,73738,41,,,0,100,,73739,41,,,0,100,,73740,41,,,0,100,,73741,41,,,0,100,,73742,41,,,0,100,,73743,41,,,0,100,,73744,41,,,0,100,,73745,41,,,0,100,,73746,41,,,0,100,,73747,41,,,0,101,,73748,41,,,0,94,,73749,41,,,0
1029,'1959',622,,73820,41,,,0,100,,73821,41,,,0,100,,73822,41,,,0,100,,73823,41,,,0,101,,73824,41,,,0,100,,73825,41,,,0,100,,73826,41,,,0,100,,73827,41,,,0,100,,73828,41,,,0,100,,73829,41,,,0,100,,73830,41,,,0,100,,73831,41,,,0,100,,73832,41,,,0,100,,73833,41,,,0,100,,73834,41,,,0,100,,73835,41,,,0,101,,73836,41,,,0,94,,73837,41,,,0
1029,'1967',622,,73790,41,,,0,30,,73802,41,,,0,70,,73809,41,,,0,30,,73797,41,,,0,70,,73818,41,,,0,30,,73806,41,,,0,72,,73789,41,,,0,29,,73801,41,,,0,70,,73812,41,,,0,30,,73796,41,,,0,70,,73819,41,,,0,30,,73805,41,,,0,70,,73788,41,,,0,30,,73800,41,,,0,70,,73811,41,,,0,30,,73795,41,,,0,70,,73791,41,,,0,30,,73804,41,,,0,70,,73787,41,,,0,30,,73799,41,,,0,70,,73807,41,,,0,30,,73794,41,,,0,70,,73816,41,,,0,30,,73803,41,,,0,69,,73786,41,,,0,31,,73798,41,,,0,70,,73810,41,,,0,30,,73792,41,,,0,70,,73814,41,,,0,30,,73813,41,,,0,70,,73785,41,,,0,30,,73793,41,,,0,70,,73808,41,,,0,30,,73817,41,,,0,67,,73815,41,,,0
1029,'1969',622,,73838,41,,,0,100,,73839,41,,,0,100,,73840,41,,,0,100,,73841,41,,,0,101,,73842,41,,,0,100,,73843,41,,,0,100,,73844,41,,,0,100,,73845,41,,,0,100,,73846,41,,,0,100,,73847,41,,,0,100,,73848,41,,,0,100,,73849,41,,,0,100,,73850,41,,,0,100,,73851,41,,,0,100,,73852,41,,,0,100,,73853,41,,,0,101,,73854,41,,,0,94,,73855,41,,,0
1029,'1976',622,,73759,41,,,0,35,,73760,41,,,0,72,,73780,41,,,0,30,,73756,41,,,0,70,,73751,41,,,0,30,,73784,41,,,0,70,,73754,41,,,0,30,,73761,41,,,0,70,,73779,41,,,0,30,,73758,41,,,0,70,,73750,41,,,0,30,,73783,41,,,0,70,,73755,41,,,0,30,,73762,41,,,0,70,,73778,41,,,0,30,,73757,41,,,0,70,,73752,41,,,0,71,,73781,41,,,0,32,,73753,41,,,0,70,,73763,41,,,0,30,,73777,41,,,0,70,,73766,41,,,0,30,,73765,41,,,0,27,,73764,41,,,0,65,,73770,41,,,0,30,,73769,41,,,0,70,,73768,41,,,0,30,,73767,41,,,0,69,,73782,41,,,0,30,,73776,41,,,0,70,,73775,41,,,0,30,,73774,41,,,0,70,,73773,41,,,0,30,,73772,41,,,0,65,,73771,41,,,0
1029,'1977',622,,75115,41,,,0,35,,75116,41,,,0,72,,75136,41,,,0,30,,75112,41,,,0,70,,75107,41,,,0,30,,75140,41,,,0,70,,75110,41,,,0,30,,75117,41,,,0,70,,75135,41,,,0,30,,75114,41,,,0,70,,75106,41,,,0,30,,75139,41,,,0,70,,75111,41,,,0,30,,75118,41,,,0,70,,75134,41,,,0,30,,75113,41,,,0,70,,75108,41,,,0,71,,75137,41,,,0,32,,75109,41,,,0,70,,75119,41,,,0,30,,75133,41,,,0,70,,75122,41,,,0,30,,75121,41,,,0,27,,75120,41,,,0,65,,75126,41,,,0,30,,75125,41,,,0,70,,75124,41,,,0,30,,75123,41,,,0,69,,75138,41,,,0,30,,75132,41,,,0,70,,75131,41,,,0,30,,75130,41,,,0,70,,75129,41,,,0,30,,75128,41,,,0,65,,75127,41,,,0
2029,'1912',637,,74007,36,0,39 40,0,70,,74015,36,0,39 40,0,31,,74026,36,0,39 40,0,70,,74021,36,0,39 40,0,30,,74008,36,0,39 40,0,70,,74016,36,0,39 40,0,30,,74027,36,0,39 40,0,70,,74022,36,0,39 40,0,30,,74009,36,0,39 40,0,70,,74017,36,0,39 40,0,30,,74028,36,0,39 40,0,70,,74023,36,0,39 40,0,30,,74010,36,0,39 40,0,70,,74018,36,0,39 40,0,30,,74029,36,0,39 40,0,70,,74024,36,0,39 40,0,30,,74011,36,0,39 40,0,70,,74019,36,0,39 40,0,30,,74030,36,0,39 40,0,70,,74025,36,0,39 40,0,30,,74012,36,0,39 40,0,70,,74020,36,0,39 40,0,30,,74031,36,0,39 40,0,100,,74013,36,0,39 40,0,99,,74032,36,0,39 40,0,100,,74014,36,0,39 40,0,101,,74033,36,0,39 40,0,100,,74006,36,0,39 40,0
2029,'1959',637,,74108,36,0,39 40,0,70,,74116,36,0,39 40,0,31,,74127,36,0,39 40,0,70,,74122,36,0,39 40,0,30,,74109,36,0,39 40,0,70,,74117,36,0,39 40,0,30,,74128,36,0,39 40,0,70,,74123,36,0,39 40,0,30,,74110,36,0,39 40,0,70,,74118,36,0,39 40,0,30,,74129,36,0,39 40,0,70,,74124,36,0,39 40,0,30,,74111,36,0,39 40,0,70,,74119,36,0,39 40,0,30,,74130,36,0,39 40,0,70,,74125,36,0,39 40,0,30,,74112,36,0,39 40,0,70,,74120,36,0,39 40,0,30,,74131,36,0,39 40,0,70,,74126,36,0,39 40,0,30,,74113,36,0,39 40,0,70,,74121,36,0,39 40,0,30,,74132,36,0,39 40,0,100,,74114,36,0,39 40,0,99,,74133,36,0,39 40,0,100,,74115,36,0,39 40,0,101,,74134,36,0,39 40,0,100,,74107,36,0,39 40,0
2029,'1967',607,,74104,36,0,5 2 15 16 17,0,30,,74087,36,0,39 40,0,69,,74094,36,0,39 40,0,31,,74073,36,0,39 40,0,70,,74079,36,0,39 40,0,30,,74088,36,0,39 40,0,71,,74095,36,0,39 40,0,30,,74074,36,0,39 40,0,70,,74080,36,0,39 40,0,30,,74089,36,0,39 40,0,70,,74096,36,0,39 40,0,30,,74075,36,0,39 40,0,70,,74081,36,0,39 40,0,30,,74090,36,0,39 40,0,70,,74097,36,0,39 40,0,30,,74076,36,0,39 40,0,70,,74082,36,0,39 40,0,30,,74091,36,0,39 40,0,70,,74098,36,0,39 40,0,30,,74077,36,0,39 40,0,70,,74083,36,0,39 40,0,30,,74092,36,0,39 40,0,70,,74099,36,0,39 40,0,30,,74078,36,0,39 40,0,70,,74084,36,0,39 40,0,30,,74093,36,0,39 40,0,70,,74100,36,0,39 40,0,30,,74085,36,0,39 40,0,100,,74101,36,0,39 40,0,100,,74086,36,0,39 40,0,100,,74102,36,0,39 40,0
2029,'1969',637,,74140,36,0,39 40,0,70,,74148,36,0,39 40,0,31,,74159,36,0,39 40,0,70,,74154,36,0,39 40,0,30,,74141,36,0,39 40,0,70,,74149,36,0,39 40,0,30,,74160,36,0,39 40,0,70,,74155,36,0,39 40,0,30,,74142,36,0,39 40,0,70,,74150,36,0,39 40,0,30,,74161,36,0,39 40,0,70,,74156,36,0,39 40,0,30,,74143,36,0,39 40,0,70,,74151,36,0,39 40,0,30,,74162,36,0,39 40,0,70,,74157,36,0,39 40,0,30,,74144,36,0,39 40,0,70,,74152,36,0,39 40,0,30,,74163,36,0,39 40,0,70,,74158,36,0,39 40,0,30,,74145,36,0,39 40,0,70,,74153,36,0,39 40,0,30,,74164,36,0,39 40,0,100,,74146,36,0,39 40,0,99,,74165,36,0,39 40,0,100,,74147,36,0,39 40,0,101,,74166,36,0,39 40,0,100,,74139,36,0,39 40,0
2029,'1976',542,,74055,24,0,39 40,0,65,,74038,36,0,39 40,0,30,,74039,36,0,39 40,0,72,,74040,36,0,39 40,0,30,,74041,36,0,39 40,0,70,,74042,36,0,39 40,0,30,,74043,36,0,39 40,0,70,,74044,36,0,39 40,0,30,,74045,36,0,39 40,0,70,,74046,36,0,39 40,0,30,,74069,36,0,39 40,0,70,,74065,36,0,39 40,0,30,,74071,36,0,39 40,0,70,,74067,36,0,39 40,0,30,,74068,36,0,39 40,0,70,,74064,36,0,39 40,0,30,,74070,36,0,39 40,0,70,,74066,36,0,39 40,0,31,,74072,36,0,39 40,0,71,,74047,36,0,39 40,0,34,,74048,36,0,39 40,0,70,,74049,36,0,39 40,0,30,,74050,36,0,39 40,0,70,,74051,36,0,39 40,0,29,,74052,36,0,39 40,0,65,,74053,36,0,39 40,0,29,,74054,36,0,39 40,0,70,,74058,36,0,39 40,0,30,,74059,36,0,39 40,0,100,,74060,36,0,39 40,0,100,,74061,36,0,39 40,0,100,,74057,36,0,39 40,0
2029,'1977',542,,75190,24,0,39 40,0,65,,75173,36,0,39 40,0,30,,75174,36,0,39 40,0,72,,75175,36,0,39 40,0,30,,75176,36,0,39 40,0,70,,75177,36,0,39 40,0,30,,75178,36,0,39 40,0,70,,75179,36,0,39 40,0,30,,75180,36,0,39 40,0,70,,75181,36,0,39 40,0,30,,75204,36,0,39 40,0,70,,75200,36,0,39 40,0,30,,75206,36,0,39 40,0,70,,75202,36,0,39 40,0,30,,75203,36,0,39 40,0,70,,75199,36,0,39 40,0,30,,75205,36,0,39 40,0,70,,75201,36,0,39 40,0,31,,75207,36,0,39 40,0,71,,75182,36,0,39 40,0,34,,75183,36,0,39 40,0,70,,75184,36,0,39 40,0,30,,75185,36,0,39 40,0,70,,75186,36,0,39 40,0,29,,75187,36,0,39 40,0,65,,75188,36,0,39 40,0,29,,75189,36,0,39 40,0,70,,75193,36,0,39 40,0,30,,75194,36,0,39 40,0,100,,75195,36,0,39 40,0,100,,75196,36,0,39 40,0,100,,75192,36,0,39 40,0
12029,'1976',647,,74418,18,,,0,71,,61282,18,,,0,30,,61275,18,,,0,69,,74416,18,,,0,31,,74410,18,,,0,71,,61262,9,,,0,30,,61263,9,,,0,70,,61264,9,,,0,30,,74404,9,,,0,70,,74405,9,,,0,30,,61267,9,,,0,70,,61268,9,,,0,30,,61269,9,,,0,70,,74406,9,,,0,30,,74407,9,,,0,70,,61272,9,,,0,30,,74412,18,,,0,71,,74415,18,,,0,30,,74408,18,,,0,70,,74414,18,,,0,30,,74409,18,,,0,70,,74417,18,,,0,29,,74411,18,,,0,70,,74413,18,,,0
12029,'1977',648,,75523,9,,,0,71,,75522,9,,,0,30,,75521,9,,,0,71,,75524,9,,,0,630,,75531,9,,,0,71,,75528,9,,,0,29,,75529,9,,,0,71,,75527,9,,,0,29,,75526,9,,,0,71,,75525,9,,,0,28,,75530,9,,,0,71,,75532,9,,,0
14000001029,'1912',548,,73589,23,0,18 7,0,1811,,70205,23,,,0,69,,75060,23,,,0,30,,65884,23,,,0,70,,70206,23,,,0,30,,75059,23,,,0,70,,65880,23,,,0
14000001029,'1959',548,,73605,23,0,18 7,0,1811,,70208,23,,,0,69,,75067,23,,,0,30,,65891,23,,,0,70,,70209,23,,,0,30,,75066,23,,,0,70,,65887,23,,,0
14000001029,'1967',548,,75064,23,0,18 7,0,1811,,73602,23,,,0,69,,75063,23,,,0,30,,65872,23,,,0,70,,73599,23,,,0,30,,75065,23,,,0,70,,65875,23,,,0
14000001029,'1969',548,,73592,23,0,18 7,0,1811,,70211,23,,,0,69,,75069,23,,,0,30,,65898,23,,,0,70,,70212,23,,,0,30,,75068,23,,,0,70,,65894,23,,,0
14000001029,'1976',446,,65864,23,0,18 7,0,102,,73593,23,0,18 7,0,1811,,73595,23,,,0,69,,75061,23,,,0,30,,65871,23,,,0,70,,73594,23,,,0,30,,75062,23,,,0,70,,65870,23,,,0
14000001029,'1977',446,,76525,23,0,18 7,0,102,,76526,23,0,18 7,0,1811,,76528,23,,,0,69,,76529,23,,,0,30,,76532,23,,,0,70,,76527,23,,,0,30,,76530,23,,,0,70,,76531,23,,,0
