7019,'1909',549,,60398,25,,,0,74,,60370,6,,,0,29,,60397,25,,,0,1299,,60375,25,,,0,100,,60374,25,,,0,198,,60373,25,,,0
7019,'1910',621,,66558,6,,,0,230,,60423,25,,,0,271,,66542,25,,,0,30,,60426,25,,,0,200,,60428,25,,,0,70,,66551,25,,,0,30,,60429,25,,,0,100,,60430,25,,,0,100,,66550,25,,,0,100,,60432,25,,,0,267,,66556,25,,,0,30,,60411,25,,,0,70,,66559,6,,,0,30,,60412,25,,,0,70,,60442,10,,,0
7019,'1912',551,,71129,6,,,0,70,,60458,6,,,0,30,,60459,6,,,0,68,,66560,6,,,0,30,,60448,25,,,0,71,,66571,10,,,0,30,,60449,25,,,0,73,,71124,10,,,0,27,,60457,25,,,0,74,,71128,10,,,0,28,,60450,25,,,0,72,,71123,10,,,0,28,,60451,25,,,0,72,,71127,10,,,0,28,,60452,25,,,0,73,,71122,10,,,0,27,,60453,25,,,0,73,,71126,10,,,0,28,,60454,25,,,0,73,,71121,10,,,0,27,,60455,25,,,0,73,,71125,10,,,0,26,,60456,25,,,0,73,,71120,10,,,0,27,,60444,25,,,0,72,,66566,10,,,0,27,,60445,25,,,0,71,,60466,10,,,0,27,,60443,25,,,0,72,,60467,10,,,0,28,,60447,25,,,0,72,,60474,10,,,0,28,,60446,25,,,0,70,,60477,6,,,0,30,,60476,6,,,0
7019,'1924',621,,60493,6,,,0,30,,60494,6,,,0,68,,66573,6,,,0,30,,60483,25,,,0,71,,66584,10,,,0,30,,60484,25,,,0,100,,60492,25,,,0,102,,60485,25,,,0,100,,60486,25,,,0,100,,60487,25,,,0,100,,60488,25,,,0,101,,60489,25,,,0,100,,60490,25,,,0,99,,60491,25,,,0,100,,60479,25,,,0,72,,66579,10,,,0,27,,60480,25,,,0,71,,60501,10,,,0,27,,60478,25,,,0,72,,60502,10,,,0,28,,60482,25,,,0,72,,60509,10,,,0,28,,60481,25,,,0,70,,60512,6,,,0,30,,60511,6,,,0
7019,'1925',551,,71139,6,,,0,70,,60528,6,,,0,30,,60529,6,,,0,68,,66586,6,,,0,30,,60518,25,,,0,71,,66597,10,,,0,30,,60519,25,,,0,73,,71134,10,,,0,27,,60527,25,,,0,74,,71138,10,,,0,28,,60520,25,,,0,72,,71133,10,,,0,28,,60521,25,,,0,72,,71137,10,,,0,28,,60522,25,,,0,73,,71132,10,,,0,27,,60523,25,,,0,73,,71136,10,,,0,28,,60524,25,,,0,73,,71131,10,,,0,27,,60525,25,,,0,73,,71135,10,,,0,26,,60526,25,,,0,73,,71130,10,,,0,27,,60514,25,,,0,72,,66592,10,,,0,27,,60515,25,,,0,71,,60536,10,,,0,27,,60513,25,,,0,72,,60537,10,,,0,28,,60517,25,,,0,72,,60544,10,,,0,28,,60516,25,,,0,70,,60547,6,,,0,30,,60546,6,,,0
7019,'1949',1924,,66622,25,,,0
7019,'1955',649,,66545,25,,,0,70,,66538,25,,,0,30,,66546,25,,,0,70,,66539,25,,,0,102,,66540,25,,,0,30,,66547,25,,,0,71,,66541,25,,,0,30,,66548,25,,,0,170,,66543,25,,,0,30,,66549,25,,,0,70,,66544,25,,,0,200,,66553,25,,,0,100,,66552,25,,,0,100,,66554,25,,,0,100,,66557,25,,,0,29,,66535,25,,,0,69,,66555,25,,,0,30,,66536,25,,,0,299,,66537,25,,,0
7019,'1956',551,,66585,6,,,0,372,,66578,10,,,0,101,,66583,10,,,0,100,,66577,10,,,0,100,,66582,10,,,0,101,,66576,10,,,0,100,,66581,10,,,0,101,,66575,10,,,0,100,,66580,10,,,0,99,,66574,10,,,0
7019,'1957',513,,71167,6,,,0,211,,71162,25,,,0,32,,71161,25,,,0,72,,71160,25,,,0,27,,71159,25,,,0,70,,71155,25,,,0,30,,71157,25,,,0,70,,71158,25,,,0,30,,71156,25,,,0,70,,71154,25,,,0,30,,71166,25,,,0,70,,71165,25,,,0,30,,71164,25,,,0,70,,71163,25,,,0,30,,71147,25,,,0,71,,71153,25,,,0,74,,71146,25,,,0,11,,71169,10,,,0,22,,71145,25,,,0,13,,71168,6,,,0,13,,71152,25,,,0,70,,71151,25,,,0,30,,71150,25,,,0,68,,71144,25,,,0,28,,71143,25,,,0,70,,71142,25,,,0,30,,71149,25,,,0,166,,71148,25,,,0,100,,71140,6,,,0,29,,71141,25,,,0,70,,71170,10,,,0,129,,71171,25,,,0
7019,'1958',649,,71181,25,,,0,70,,71175,25,,,0,30,,71182,25,,,0,70,,71176,25,,,0,102,,71177,25,,,0,30,,71183,25,,,0,71,,71178,25,,,0,30,,71184,25,,,0,170,,71179,25,,,0,30,,71185,25,,,0,70,,71180,25,,,0,200,,71187,25,,,0,100,,71186,25,,,0,100,,71188,25,,,0,100,,71190,25,,,0,29,,71172,25,,,0,69,,71189,25,,,0,30,,71173,25,,,0,299,,71174,25,,,0
7019,'1959',551,,71200,6,,,0,372,,71195,10,,,0,101,,71199,10,,,0,100,,71194,10,,,0,100,,71198,10,,,0,101,,71193,10,,,0,100,,71197,10,,,0,101,,71192,10,,,0,100,,71196,10,,,0,99,,71191,10,,,0
