10029,'1909',952,,60789,24,,,0,998,,60809,24,,,0,95,,60811,24,,,0,100,,60813,24,,,0,100,,60814,24,,,0
10029,'1910',1918,,66855,24,,,0,28,,60815,24,,,0,100,,66856,24,,,0,100,,60842,24,,,0
10029,'1912',816,,60857,24,,,0,30,,66871,24,,,0,70,,60859,24,,,0,30,,66872,24,,,0,70,,60861,24,,,0,30,,71396,24,,,0,70,,71397,24,,,0,30,,71398,24,,,0,71,,71399,24,,,0,32,,71400,24,,,0,70,,71387,24,,,0,30,,71390,24,,,0,70,,71384,24,,,0,30,,71389,24,,,0,70,,71388,24,,,0,30,,71391,24,,,0,70,,71385,24,,,0,30,,71392,24,,,0,70,,66860,24,,,0,30,,71393,24,,,0,69,,71386,24,,,0,28,,71394,24,,,0,70,,66858,24,,,0,30,,71395,24,,,0
10029,'1924',816,,60881,24,,,0,30,,66892,24,,,0,70,,60883,24,,,0,30,,66893,24,,,0,70,,60885,24,,,0,703,,66881,24,,,0,197,,66879,24,,,0
10029,'1925',816,,60905,24,,,0,30,,66913,24,,,0,70,,60907,24,,,0,30,,66914,24,,,0,70,,60909,24,,,0,30,,71413,24,,,0,70,,71414,24,,,0,30,,71415,24,,,0,71,,71416,24,,,0,32,,71417,24,,,0,70,,71404,24,,,0,30,,71407,24,,,0,70,,71401,24,,,0,30,,71406,24,,,0,70,,71405,24,,,0,30,,71408,24,,,0,70,,71402,24,,,0,30,,71409,24,,,0,70,,66902,24,,,0,30,,71410,24,,,0,69,,71403,24,,,0,28,,71411,24,,,0,70,,66900,24,,,0,30,,71412,24,,,0
10029,'1949',1422,,66940,24,,,0
10029,'1955',716,,60816,24,,,0,30,,66833,24,,,0,70,,66834,24,,,0,30,,66835,24,,,0,70,,60820,24,,,0,30,,66836,24,,,0,71,,66837,24,,,0,32,,66838,24,,,0,70,,66839,24,,,0,30,,66840,24,,,0,70,,66841,24,,,0,30,,66842,24,,,0,70,,66843,24,,,0,30,,66844,24,,,0,70,,66845,24,,,0,30,,66846,24,,,0,70,,66847,24,,,0,30,,66848,24,,,0,70,,66849,24,,,0,30,,66850,24,,,0,70,,66851,24,,,0,30,,66852,24,,,0,70,,66853,24,,,0,30,,66854,24,,,0
10029,'1956',1046,,66894,24,,,0,70,,66895,24,,,0,30,,66896,24,,,0,71,,66897,24,,,0,32,,66898,24,,,0,70,,66883,24,,,0,30,,66886,24,,,0,70,,66878,24,,,0,30,,66885,24,,,0,70,,66884,24,,,0,30,,66887,24,,,0,70,,66880,24,,,0,30,,66888,24,,,0,100,,66889,24,,,0,69,,66882,24,,,0,28,,66890,24,,,0,100,,66891,24,,,0
10029,'1957',616,,71418,24,,,0,30,,71419,24,,,0,78,,71420,24,,,0,30,,71421,24,,,0,70,,71422,24,,,0,30,,71423,24,,,0,68,,71424,24,,,0,100,,71425,24,,,0,30,,71426,24,,,0,70,,71427,24,,,0,30,,71428,24,,,0,70,,71429,24,,,0,30,,71430,24,,,0,70,,71431,24,,,0,30,,71432,24,,,0,100,,71433,24,,,0,75,,71434,24,,,0,30,,71435,24,,,0,70,,71436,24,,,0,30,,71437,24,,,0,70,,71438,24,,,0,28,,71439,24,,,0,65,,71440,24,,,0,30,,71441,24,,,0,70,,71442,24,,,0,100,,71443,24,,,0,95,,71444,24,,,0
10029,'1958',716,,71445,24,,,0,30,,71446,24,,,0,70,,71447,24,,,0,30,,71448,24,,,0,70,,71449,24,,,0,30,,71450,24,,,0,71,,71451,24,,,0,32,,71452,24,,,0,70,,71453,24,,,0,30,,71454,24,,,0,70,,71455,24,,,0,30,,71456,24,,,0,70,,71457,24,,,0,30,,71458,24,,,0,70,,71459,24,,,0,30,,71460,24,,,0,70,,71461,24,,,0,30,,71462,24,,,0,70,,71463,24,,,0,30,,71464,24,,,0,70,,71465,24,,,0,30,,71466,24,,,0,70,,71467,24,,,0,30,,71468,24,,,0
10029,'1959',1046,,71481,24,,,0,70,,71482,24,,,0,30,,71483,24,,,0,71,,71484,24,,,0,32,,71485,24,,,0,70,,71472,24,,,0,30,,71475,24,,,0,70,,71469,24,,,0,30,,71474,24,,,0,70,,71473,24,,,0,30,,71476,24,,,0,70,,71470,24,,,0,30,,71477,24,,,0,100,,71478,24,,,0,69,,71471,24,,,0,28,,71479,24,,,0,100,,71480,24,,,0
