2029,'1912',628,,74007,27,0,39 40,0,30,,74015,27,0,39 40,0,68,,74026,27,0,39 40,0,30,,74021,27,0,39 40,0,70,,74008,27,0,39 40,0,30,,74016,27,0,39 40,0,72,,74027,27,0,39 40,0,30,,74022,27,0,39 40,0,55,,66011,15,0,12,0,15,,74009,27,0,39 40,0,30,,74017,27,0,39 40,0,70,,74028,27,0,39 40,0,30,,74023,27,0,39 40,0,70,,74010,27,0,39 40,0,30,,74018,27,0,39 40,0,70,,74029,27,0,39 40,0,30,,74024,27,0,39 40,0,70,,74011,27,0,39 40,0,30,,74019,27,0,39 40,0,70,,74030,27,0,39 40,0,30,,74025,27,0,39 40,0,70,,74012,27,0,39 40,0,30,,74020,27,0,39 40,0,70,,74031,27,0,39 40,0,100,,74013,27,0,39 40,0,96,,74032,27,0,39 40,0,100,,74014,27,0,39 40,0,101,,74033,27,0,39 40,0,100,,74006,27,0,39 40,0
2029,'1959',628,,74108,27,0,39 40,0,30,,74116,27,0,39 40,0,68,,74127,27,0,39 40,0,30,,74122,27,0,39 40,0,70,,74109,27,0,39 40,0,30,,74117,27,0,39 40,0,72,,74128,27,0,39 40,0,30,,74123,27,0,39 40,0,55,,66012,15,0,12,0,15,,74110,27,0,39 40,0,30,,74118,27,0,39 40,0,70,,74129,27,0,39 40,0,30,,74124,27,0,39 40,0,70,,74111,27,0,39 40,0,30,,74119,27,0,39 40,0,70,,74130,27,0,39 40,0,30,,74125,27,0,39 40,0,70,,74112,27,0,39 40,0,30,,74120,27,0,39 40,0,70,,74131,27,0,39 40,0,30,,74126,27,0,39 40,0,70,,74113,27,0,39 40,0,30,,74121,27,0,39 40,0,70,,74132,27,0,39 40,0,100,,74114,27,0,39 40,0,96,,74133,27,0,39 40,0,100,,74115,27,0,39 40,0,101,,74134,27,0,39 40,0,100,,74107,27,0,39 40,0
2029,'1967',558,,74104,27,0,5 2 15 16 17,0,70,,74087,27,0,39 40,0,30,,74094,27,0,39 40,0,68,,74073,27,0,39 40,0,30,,74079,27,0,39 40,0,70,,74088,27,0,39 40,0,30,,74095,27,0,39 40,0,72,,74074,27,0,39 40,0,30,,74080,27,0,39 40,0,70,,74089,27,0,39 40,0,30,,74096,27,0,39 40,0,70,,74075,27,0,39 40,0,30,,74081,27,0,39 40,0,70,,74090,27,0,39 40,0,30,,74097,27,0,39 40,0,70,,74076,27,0,39 40,0,30,,74082,27,0,39 40,0,70,,74091,27,0,39 40,0,30,,74098,27,0,39 40,0,70,,74077,27,0,39 40,0,30,,74083,27,0,39 40,0,70,,74092,27,0,39 40,0,30,,74099,27,0,39 40,0,70,,74078,27,0,39 40,0,30,,74084,27,0,39 40,0,70,,74093,27,0,39 40,0,30,,74100,27,0,39 40,0,68,,74085,27,0,39 40,0,100,,74101,27,0,39 40,0,100,,74086,27,0,39 40,0,100,,74102,27,0,39 40,0
2029,'1969',628,,74140,27,0,39 40,0,30,,74148,27,0,39 40,0,68,,74159,27,0,39 40,0,30,,74154,27,0,39 40,0,70,,74141,27,0,39 40,0,30,,74149,27,0,39 40,0,72,,74160,27,0,39 40,0,30,,74155,27,0,39 40,0,55,,66013,15,0,12,0,15,,74142,27,0,39 40,0,30,,74150,27,0,39 40,0,70,,74161,27,0,39 40,0,30,,74156,27,0,39 40,0,70,,74143,27,0,39 40,0,30,,74151,27,0,39 40,0,70,,74162,27,0,39 40,0,30,,74157,27,0,39 40,0,70,,74144,27,0,39 40,0,30,,74152,27,0,39 40,0,70,,74163,27,0,39 40,0,30,,74158,27,0,39 40,0,70,,74145,27,0,39 40,0,30,,74153,27,0,39 40,0,70,,74164,27,0,39 40,0,100,,74146,27,0,39 40,0,96,,74165,27,0,39 40,0,100,,74147,27,0,39 40,0,101,,74166,27,0,39 40,0,100,,74139,27,0,39 40,0
2029,'1976',532,,74055,15,0,39 40,0,25,,74038,27,0,39 40,0,70,,74039,27,0,39 40,0,29,,74040,27,0,39 40,0,71,,74041,27,0,39 40,0,29,,74042,27,0,39 40,0,70,,74043,27,0,39 40,0,30,,74044,27,0,39 40,0,70,,74045,27,0,39 40,0,30,,74046,27,0,39 40,0,70,,74069,27,0,39 40,0,30,,74065,27,0,39 40,0,70,,74071,27,0,39 40,0,30,,74067,27,0,39 40,0,70,,74068,27,0,39 40,0,30,,74064,27,0,39 40,0,70,,74070,27,0,39 40,0,30,,74066,27,0,39 40,0,70,,74072,27,0,39 40,0,33,,74047,27,0,39 40,0,74,,74048,27,0,39 40,0,70,,74049,27,0,39 40,0,30,,74050,27,0,39 40,0,70,,74051,27,0,39 40,0,29,,74052,27,0,39 40,0,68,,74053,27,0,39 40,0,27,,74054,27,0,39 40,0,30,,74058,27,0,39 40,0,70,,74059,27,0,39 40,0,99,,74060,27,0,39 40,0,100,,74061,27,0,39 40,0,100,,74057,27,0,39 40,0
2029,'1977',532,,75190,15,0,39 40,0,25,,75173,27,0,39 40,0,70,,75174,27,0,39 40,0,29,,75175,27,0,39 40,0,71,,75176,27,0,39 40,0,29,,75177,27,0,39 40,0,70,,75178,27,0,39 40,0,30,,75179,27,0,39 40,0,70,,75180,27,0,39 40,0,30,,75181,27,0,39 40,0,70,,75204,27,0,39 40,0,30,,75200,27,0,39 40,0,70,,75206,27,0,39 40,0,30,,75202,27,0,39 40,0,70,,75203,27,0,39 40,0,30,,75199,27,0,39 40,0,70,,75205,27,0,39 40,0,30,,75201,27,0,39 40,0,70,,75207,27,0,39 40,0,33,,75182,27,0,39 40,0,74,,75183,27,0,39 40,0,70,,75184,27,0,39 40,0,30,,75185,27,0,39 40,0,70,,75186,27,0,39 40,0,29,,75187,27,0,39 40,0,68,,75188,27,0,39 40,0,27,,75189,27,0,39 40,0,30,,75193,27,0,39 40,0,70,,75194,27,0,39 40,0,99,,75195,27,0,39 40,0,100,,75196,27,0,39 40,0,100,,75192,27,0,39 40,0
4029,'1912',739,,70787,17,,,0,70,,60008,17,,,0,30,,70786,17,,,0,70,,70788,17,,,0,32,,60005,17,,,0,70,,70779,17,,,0,29,,70782,17,,,0,70,,70767,17,,,0,30,,70772,17,,,0,70,,70775,17,,,0,30,,70778,17,,,0,70,,70780,17,,,0,30,,70768,17,,,0,70,,70771,17,,,0,30,,70774,17,,,0,70,,70777,17,,,0,30,,70781,17,,,0,70,,70769,17,,,0,30,,70770,17,,,0,70,,70773,17,,,0,30,,70776,17,,,0,70,,66240,17,,,0,30,,70791,17,,,0,71,,70792,17,,,0,30,,70790,17,,,0,70,,70785,17,,,0,30,,70789,17,,,0,70,,70783,17,,,0,100,,70784,17,,,0
4029,'1959',739,,70894,17,,,0,70,,60037,17,,,0,30,,70893,17,,,0,70,,70895,17,,,0,32,,60034,17,,,0,70,,70886,17,,,0,29,,70889,17,,,0,70,,70874,17,,,0,30,,70879,17,,,0,70,,70882,17,,,0,30,,70885,17,,,0,70,,70887,17,,,0,30,,70875,17,,,0,70,,70878,17,,,0,30,,70881,17,,,0,70,,70884,17,,,0,30,,70888,17,,,0,70,,70876,17,,,0,30,,70877,17,,,0,70,,70880,17,,,0,30,,70883,17,,,0,70,,66267,17,,,0,30,,70898,17,,,0,71,,70899,17,,,0,30,,70897,17,,,0,70,,70892,17,,,0,30,,70896,17,,,0,70,,70890,17,,,0,100,,70891,17,,,0
4029,'1967',641,,74215,17,,,0,68,,70867,17,,,0,30,,70868,17,,,0,70,,74216,17,,,0,30,,74217,17,,,0,72,,70871,17,,,0,30,,74218,17,,,0,72,,74209,17,,,0,29,,74203,17,,,0,70,,74198,17,,,0,30,,74207,17,,,0,70,,74213,17,,,0,30,,74208,17,,,0,70,,74197,17,,,0,30,,74200,17,,,0,70,,74211,17,,,0,30,,74196,17,,,0,70,,74210,17,,,0,30,,74205,17,,,0,70,,74199,17,,,0,30,,74194,17,,,0,70,,74212,17,,,0,30,,74214,17,,,0,70,,74206,17,,,0,30,,74201,17,,,0,69,,74219,17,,,0,31,,70849,17,,,0,70,,74195,17,,,0,29,,70850,17,,,0,70,,74204,17,,,0,30,,70865,17,,,0,70,,74202,17,,,0
4029,'1969',739,,70813,17,,,0,70,,60066,17,,,0,30,,70812,17,,,0,70,,70814,17,,,0,32,,60063,17,,,0,70,,70805,17,,,0,29,,70808,17,,,0,70,,70793,17,,,0,30,,70798,17,,,0,70,,70801,17,,,0,30,,70804,17,,,0,70,,70806,17,,,0,30,,70794,17,,,0,70,,70797,17,,,0,30,,70800,17,,,0,70,,70803,17,,,0,30,,70807,17,,,0,70,,70795,17,,,0,30,,70796,17,,,0,70,,70799,17,,,0,30,,70802,17,,,0,70,,66294,17,,,0,30,,70817,17,,,0,71,,70818,17,,,0,30,,70816,17,,,0,70,,70811,17,,,0,30,,70815,17,,,0,70,,70809,17,,,0,100,,70810,17,,,0
4029,'1976',640,,70819,17,,,0,70,,74183,17,,,0,35,,70821,17,,,0,66,,74184,17,,,0,36,,70823,17,,,0,64,,59926,17,,,0,31,,74185,17,,,0,70,,74186,17,,,0,30,,74187,17,,,0,70,,66313,17,,,0,30,,70827,17,,,0,71,,70828,17,,,0,30,,70829,17,,,0,70,,70830,17,,,0,30,,66314,17,,,0,70,,74188,17,,,0,30,,70832,17,,,0,75,,74189,17,,,0,25,,70834,17,,,0,76,,66317,17,,,0,24,,66318,17,,,0,76,,70835,17,,,0,24,,59943,17,,,0,74,,59944,17,,,0,27,,70836,17,,,0,69,,74190,17,,,0,30,,74191,17,,,0,70,,74192,17,,,0,29,,70840,17,,,0,70,,74193,17,,,0,30,,66322,17,,,0,70,,70842,17,,,0
4029,'1977',640,,75241,17,,,0,70,,75242,17,,,0,35,,75243,17,,,0,66,,75244,17,,,0,36,,75245,17,,,0,64,,75246,17,,,0,31,,75247,17,,,0,70,,75248,17,,,0,30,,75249,17,,,0,70,,75250,17,,,0,30,,75251,17,,,0,71,,75252,17,,,0,30,,75253,17,,,0,70,,75254,17,,,0,30,,75255,17,,,0,70,,75256,17,,,0,30,,75257,17,,,0,75,,75258,17,,,0,25,,75259,17,,,0,76,,75260,17,,,0,24,,75261,17,,,0,76,,75262,17,,,0,24,,75263,17,,,0,74,,75264,17,,,0,27,,75265,17,,,0,69,,75266,17,,,0,30,,75267,17,,,0,70,,75268,17,,,0,29,,75269,17,,,0,70,,75270,17,,,0,30,,75271,17,,,0,70,,75272,17,,,0
