1019,'1912',613,,73606,15,,,0,100,,73607,15,,,0,100,,73608,15,,,0,100,,73609,15,,,0,100,,73610,15,,,0,100,,73611,15,,,0,100,,73612,15,,,0,100,,73613,15,,,0,100,,73614,15,,,0,100,,73615,15,,,0,100,,73616,15,,,0,100,,73617,15,,,0,100,,73618,15,,,0,100,,73619,15,,,0,100,,73620,15,,,0,100,,73621,15,,,0,100,,73622,15,,,0,100,,73623,15,,,0
1019,'1959',613,,73696,15,,,0,100,,73697,15,,,0,100,,73698,15,,,0,100,,73699,15,,,0,100,,73700,15,,,0,100,,73701,15,,,0,100,,73702,15,,,0,100,,73703,15,,,0,100,,73704,15,,,0,100,,73705,15,,,0,100,,73706,15,,,0,100,,73707,15,,,0,100,,73708,15,,,0,100,,73709,15,,,0,100,,73710,15,,,0,100,,73711,15,,,0,100,,73712,15,,,0,100,,73713,15,,,0
1019,'1967',541,,73695,15,,,0,70,,73684,15,,,0,30,,73670,15,,,0,70,,73689,15,,,0,30,,73679,15,,,0,70,,73664,15,,,0,30,,73685,15,,,0,70,,73687,15,,,0,30,,73669,15,,,0,73,,73690,15,,,0,30,,73678,15,,,0,70,,73663,15,,,0,30,,73673,15,,,0,70,,73683,15,,,0,30,,73668,15,,,0,70,,73691,15,,,0,30,,73677,15,,,0,70,,73662,15,,,0,30,,73672,15,,,0,70,,73682,15,,,0,30,,73667,15,,,0,70,,73692,15,,,0,30,,73676,15,,,0,70,,73661,15,,,0,30,,73671,15,,,0,70,,73681,15,,,0,30,,73665,15,,,0,69,,73693,15,,,0,30,,73674,15,,,0,70,,73660,15,,,0,30,,73666,15,,,0,70,,73680,15,,,0,30,,73675,15,,,0,70,,73694,15,,,0,30,,73688,15,,,0,70,,73686,15,,,0
1019,'1969',613,,73714,15,,,0,100,,73715,15,,,0,100,,73716,15,,,0,100,,73717,15,,,0,100,,73718,15,,,0,100,,73719,15,,,0,100,,73720,15,,,0,100,,73721,15,,,0,100,,73722,15,,,0,100,,73723,15,,,0,100,,73724,15,,,0,100,,73725,15,,,0,100,,73726,15,,,0,100,,73727,15,,,0,100,,73728,15,,,0,100,,73729,15,,,0,100,,73730,15,,,0,100,,73731,15,,,0
1019,'1976',542,,73659,15,,,0,75,,73655,15,,,0,30,,73631,15,,,0,72,,73626,15,,,0,30,,73644,15,,,0,70,,73628,15,,,0,30,,73633,15,,,0,71,,73658,15,,,0,30,,73630,15,,,0,70,,73624,15,,,0,30,,73643,15,,,0,70,,73629,15,,,0,30,,73634,15,,,0,70,,73654,15,,,0,30,,73632,15,,,0,70,,73625,15,,,0,30,,73656,15,,,0,70,,73627,15,,,0,30,,73635,15,,,0,70,,73653,15,,,0,30,,73646,15,,,0,70,,73638,15,,,0,30,,73636,15,,,0,70,,73639,15,,,0,29,,73641,15,,,0,70,,73640,15,,,0,30,,73637,15,,,0,65,,73657,15,,,0,30,,73651,15,,,0,68,,73652,15,,,0,30,,73650,15,,,0,70,,73649,15,,,0,30,,73648,15,,,0,70,,73647,15,,,0,30,,73645,15,,,0,70,,73642,15,,,0
1019,'1977',542,,75105,15,,,0,75,,75101,15,,,0,30,,75077,15,,,0,72,,75072,15,,,0,30,,75090,15,,,0,70,,75074,15,,,0,30,,75079,15,,,0,71,,75104,15,,,0,30,,75076,15,,,0,70,,75070,15,,,0,30,,75089,15,,,0,70,,75075,15,,,0,30,,75080,15,,,0,70,,75100,15,,,0,30,,75078,15,,,0,70,,75071,15,,,0,30,,75102,15,,,0,70,,75073,15,,,0,30,,75081,15,,,0,70,,75099,15,,,0,30,,75092,15,,,0,70,,75084,15,,,0,30,,75082,15,,,0,70,,75085,15,,,0,29,,75087,15,,,0,70,,75086,15,,,0,30,,75083,15,,,0,65,,75103,15,,,0,30,,75097,15,,,0,68,,75098,15,,,0,30,,75096,15,,,0,70,,75095,15,,,0,30,,75094,15,,,0,70,,75093,15,,,0,30,,75091,15,,,0,70,,75088,15,,,0
2019,'1912',658,,73883,24,,,0,70,,73860,24,,,0,30,,73864,24,,,0,70,,73876,24,,,0,30,,73871,24,,,0,70,,73861,24,,,0,30,,73865,24,,,0,70,,73877,24,,,0,30,,73872,24,,,0,70,,73862,24,,,0,30,,73866,24,,,0,70,,73878,24,,,0,30,,73873,24,,,0,70,,73863,24,,,0,30,,73867,24,,,0,70,,73879,24,,,0,30,,73874,24,,,0,70,,73858,24,,,0,30,,73868,24,,,0,70,,73880,24,,,0,30,,73875,24,,,0,70,,73856,24,,,0,30,,73869,24,,,0,70,,73881,24,,,0,100,,73857,24,,,0,100,,73882,24,,,0,100,,73859,24,,,0,100,,73870,24,,,0,99,,73884,24,,,0
2019,'1959',658,,73975,24,,,0,70,,73952,24,,,0,30,,73956,24,,,0,70,,73968,24,,,0,30,,73963,24,,,0,70,,73953,24,,,0,30,,73957,24,,,0,70,,73969,24,,,0,30,,73964,24,,,0,70,,73954,24,,,0,30,,73958,24,,,0,70,,73970,24,,,0,30,,73965,24,,,0,70,,73955,24,,,0,30,,73959,24,,,0,70,,73971,24,,,0,30,,73966,24,,,0,70,,73950,24,,,0,30,,73960,24,,,0,70,,73972,24,,,0,30,,73967,24,,,0,70,,73948,24,,,0,30,,73961,24,,,0,70,,73973,24,,,0,100,,73949,24,,,0,100,,73974,24,,,0,100,,73951,24,,,0,100,,73962,24,,,0,99,,73976,24,,,0
2019,'1967',626,,73917,15,,,0,30,,73924,24,,,0,70,,73933,24,,,0,30,,73940,24,,,0,70,,73918,24,,,0,30,,73925,24,,,0,70,,73934,24,,,0,30,,73941,24,,,0,73,,73919,24,,,0,30,,73926,24,,,0,70,,73935,24,,,0,30,,73942,24,,,0,70,,73920,24,,,0,30,,73927,24,,,0,70,,73936,24,,,0,30,,73943,24,,,0,70,,73921,24,,,0,30,,73928,24,,,0,70,,73937,24,,,0,30,,73944,24,,,0,70,,73922,24,,,0,30,,73929,24,,,0,70,,73938,24,,,0,30,,73945,24,,,0,70,,73923,24,,,0,30,,73930,24,,,0,70,,73939,24,,,0,99,,73931,24,,,0,100,,73946,24,,,0,100,,73932,24,,,0,100,,73947,24,,,0
2019,'1969',658,,74004,24,,,0,70,,73981,24,,,0,30,,73985,24,,,0,70,,73997,24,,,0,30,,73992,24,,,0,70,,73982,24,,,0,30,,73986,24,,,0,70,,73998,24,,,0,30,,73993,24,,,0,70,,73983,24,,,0,30,,73987,24,,,0,70,,73999,24,,,0,30,,73994,24,,,0,70,,73984,24,,,0,30,,73988,24,,,0,70,,74000,24,,,0,30,,73995,24,,,0,70,,73979,24,,,0,30,,73989,24,,,0,70,,74001,24,,,0,30,,73996,24,,,0,70,,73977,24,,,0,30,,73990,24,,,0,70,,74002,24,,,0,100,,73978,24,,,0,100,,74003,24,,,0,100,,73980,24,,,0,100,,73991,24,,,0,99,,74005,24,,,0
2019,'1976',454,,73916,15,0,5 2 13 14,0,173,,73885,24,,,0,30,,73886,24,,,0,72,,73887,24,,,0,30,,73888,24,,,0,70,,73889,24,,,0,30,,73890,24,,,0,70,,73907,24,,,0,30,,73908,24,,,0,70,,73909,24,,,0,30,,73910,24,,,0,70,,73911,24,,,0,30,,73912,24,,,0,70,,73913,24,,,0,30,,73914,24,,,0,70,,73915,24,,,0,30,,73905,24,,,0,70,,73906,24,,,0,71,,73891,24,,,0,30,,73892,24,,,0,70,,73893,24,,,0,30,,73894,24,,,0,70,,73895,24,,,0,29,,73896,24,,,0,30,,73897,24,,,0,70,,73898,24,,,0,30,,73904,24,,,0,70,,73899,24,,,0,98,,73900,24,,,0,100,,73901,24,,,0,100,,73902,24,,,0,100,,73903,24,,,0
2019,'1977',454,,75172,15,0,5 2 13 14,0,173,,75141,24,,,0,30,,75142,24,,,0,72,,75143,24,,,0,30,,75144,24,,,0,70,,75145,24,,,0,30,,75146,24,,,0,70,,75163,24,,,0,30,,75164,24,,,0,70,,75165,24,,,0,30,,75166,24,,,0,70,,75167,24,,,0,30,,75168,24,,,0,70,,75169,24,,,0,30,,75170,24,,,0,70,,75171,24,,,0,30,,75161,24,,,0,70,,75162,24,,,0,71,,75147,24,,,0,30,,75148,24,,,0,70,,75149,24,,,0,30,,75150,24,,,0,70,,75151,24,,,0,29,,75152,24,,,0,30,,75153,24,,,0,70,,75154,24,,,0,30,,75160,24,,,0,70,,75155,24,,,0,98,,75156,24,,,0,100,,75157,24,,,0,100,,75158,24,,,0,100,,75159,24,,,0
12019,'1976',637,,61256,15,,,0,71,,61259,15,,,0,31,,74399,15,,,0,70,,74403,15,,,0,30,,61261,15,,,0,70,,61258,15,0,5 2 12,0,30,,74394,15,0,5 2 12,0,70,,74395,15,0,5 2 12,0,30,,61238,15,0,5 2 12,0,70,,61239,15,0,5 2 12,0,30,,61240,15,0,5 2 12,0,70,,74391,15,0,5 2 12,0,30,,74392,15,0,5 2 12,0,70,,61243,15,0,5 2 12,0,30,,61244,15,0,5 2 12,0,70,,61245,15,0,5 2 12,0,30,,74393,15,,,0,69,,74402,15,,,0,30,,74398,15,,,0,70,,74400,15,,,0,30,,74397,15,,,0,70,,74401,15,,,0,30,,74396,15,,,0,70,,71547,15,,,0
12019,'1977',638,,75512,15,0,5 2 12,0,70,,75508,15,0,5 2 12,0,30,,75510,15,0,5 2 12,0,71,,75509,15,0,5 2 12,0,29,,75511,15,0,5 2 12,0,600,,75520,15,0,5 2 12,0,71,,75518,15,0,5 2 12,0,29,,75516,15,0,5 2 12,0,71,,75517,15,0,5 2 12,0,29,,75515,15,0,5 2 12,0,71,,75513,15,0,5 2 12,0,29,,75514,15,0,5 2 12,0,71,,75519,15,0,5 2 12,0
14000001019,'1912',2421,,65844,31,,,0,30,,70196,31,,,0,70,,75054,31,,,0,30,,65845,31,,,0,70,,70197,31,,,0
14000001019,'1959',2421,,65849,31,,,0,30,,70198,31,,,0,70,,75057,31,,,0,30,,65850,31,,,0,70,,70199,31,,,0
14000001019,'1967',2421,,65840,31,,,0,30,,73583,31,,,0,70,,75056,31,,,0,30,,65838,31,,,0,70,,73585,31,,,0
14000001019,'1969',2421,,65854,31,,,0,30,,70200,31,,,0,70,,75058,31,,,0,30,,65855,31,,,0,70,,70201,31,,,0
14000001019,'1976',2421,,65835,31,,,0,30,,73580,31,,,0,70,,75055,31,,,0,30,,65834,31,,,0,70,,73582,31,,,0
14000001019,'1977',2421,,76523,31,,,0,30,,76520,31,,,0,70,,76521,31,,,0,30,,76522,31,,,0,70,,76524,31,,,0
