6029,'1897',629,,49009,20,,,0,30,,49010,20,,,0,73,,49011,20,,,0,70,,49012,20,,,0,30,,49013,20,,,0,70,,49014,20,,,0,28,,49015,20,,,0,70,,49016,20,,,0,30,,49017,20,,,0,70,,49018,20,,,0,30,,49019,20,,,0,70,,49020,20,,,0,30,,49021,20,,,0,70,,49022,20,,,0,30,,49023,20,,,0,70,,49024,20,,,0,30,,49025,20,,,0,73,,49026,20,,,0,30,,49027,20,,,0,70,,49028,20,,,0,30,,49029,20,,,0,70,,49030,20,,,0,30,,49031,20,,,0,67,,49032,20,,,0,30,,49033,20,,,0,70,,49034,20,,,0,50,,49006,20,,,0,98,,49008,20,,,0,100,,49005,20,,,0,100,,49007,20,,,0
6029,'1898',626,,49036,20,,,0,30,,49038,20,,,0,65,,49054,20,,,0,30,,49062,20,,,0,70,,49037,20,,,0,30,,49048,20,,,0,70,,49055,20,,,0,30,,49063,20,,,0,71,,49047,20,,,0,30,,49060,20,,,0,70,,49046,20,,,0,30,,49052,20,,,0,70,,49045,20,,,0,30,,49059,20,,,0,70,,49044,20,,,0,30,,49051,20,,,0,70,,49043,20,,,0,30,,49058,20,,,0,70,,49042,20,,,0,30,,49050,20,,,0,70,,49041,20,,,0,30,,49057,20,,,0,70,,49040,20,,,0,30,,49049,20,,,0,70,,49039,20,,,0,30,,49056,20,,,0
15019,'1838',758,,52031,70,4,,0,100,,52029,70,4,,0,100,,52032,70,4,,0,101,,52030,70,4,,0,100,,52027,70,4,,0,100,,52025,70,4,,0,142,,52028,70,4,,0,100,,52026,70,4,,0,100,,52023,70,4,,0,99,,52024,70,4,,0,59,,52021,70,4,,0,100,,52022,70,4,,0,100,,52020,70,4,,0,99,,52033,70,4,,0
15019,'1897',724,,49638,70,4,,0,31,,49639,70,4,,0,76,,49640,70,4,,0,70,,49641,70,4,,0,25,,49642,70,4,,0,30,,49643,70,4,,0,70,,49644,70,4,,0,30,,49645,70,4,,0,70,,49646,70,4,,0,30,,49647,70,4,,0,70,,49648,70,4,,0,30,,49649,70,4,,0,70,,49650,70,4,,0,30,,49651,70,4,,0,70,,49652,70,4,,0,75,,49653,70,4,,0,32,,49654,70,4,,0,70,,49655,70,4,,0,29,,49656,70,4,,0,27,,49657,70,4,,0,69,,49658,70,4,,0,29,,49659,70,4,,0,67,,49660,70,4,,0,30,,49661,70,4,,0,70,,49662,70,4,,0,30,,49663,70,4,,0,70,,49664,70,4,,0,100,,49665,70,4,,0,97,,49666,70,4,,0
15019,'1898',758,,49668,70,4,,0,100,,49669,70,4,,0,100,,49670,70,4,,0,101,,49671,70,4,,0,100,,49672,70,4,,0,100,,49673,70,4,,0,143,,49674,70,4,,0,100,,49675,70,4,,0,100,,49676,70,4,,0,98,,49677,70,4,,0,59,,49678,70,4,,0,100,,49679,70,4,,0,100,,49680,70,4,,0,99,,49681,70,4,,0
15019,'1899',758,,52045,70,4,,0,100,,52043,70,4,,0,100,,52046,70,4,,0,101,,52044,70,4,,0,100,,52041,70,4,,0,100,,52039,70,4,,0,142,,52042,70,4,,0,100,,52040,70,4,,0,100,,52037,70,4,,0,99,,52038,70,4,,0,59,,52035,70,4,,0,100,,52036,70,4,,0,100,,52034,70,4,,0,99,,52047,70,4,,0
15029,'1838',700,,52061,1,,,0,58,,52057,1,,,0,100,,52058,1,,,0,100,,52059,1,,,0,101,,52060,1,,,0,100,,52056,1,,,0,100,,52053,1,,,0,142,,52054,1,,,0,100,,52055,1,,,0,100,,52052,1,,,0,99,,52049,1,,,0,59,,52050,1,,,0,100,,52051,1,,,0,100,,52048,1,,,0
15029,'1897',625,,49694,1,,,0,29,,49695,1,,,0,70,,49696,1,,,0,31,,49697,1,,,0,76,,49698,1,,,0,70,,49699,1,,,0,25,,49700,1,,,0,30,,49701,1,,,0,70,,49702,1,,,0,30,,49703,1,,,0,70,,49704,1,,,0,30,,49705,1,,,0,70,,49706,1,,,0,30,,49707,1,,,0,70,,49708,1,,,0,30,,49709,1,,,0,70,,49710,1,,,0,75,,49711,1,,,0,32,,49712,1,,,0,70,,49713,1,,,0,29,,49714,1,,,0,27,,49715,1,,,0,69,,49716,1,,,0,29,,49717,1,,,0,67,,49718,1,,,0,30,,49719,1,,,0,70,,49720,1,,,0,30,,49721,1,,,0,70,,49722,1,,,0,100,,49724,1,,,0,97,,49723,1,,,0
15029,'1898',705,,49728,1,,,0,53,,49729,1,,,0,100,,49730,1,,,0,100,,49731,1,,,0,101,,49732,1,,,0,100,,49733,1,,,0,100,,49734,1,,,0,143,,49735,1,,,0,100,,49736,1,,,0,100,,49737,1,,,0,98,,49738,1,,,0,59,,49739,1,,,0,100,,49725,1,,,0,100,,49726,1,,,0
15029,'1899',700,,52075,1,,,0,58,,52071,1,,,0,100,,52072,1,,,0,100,,52073,1,,,0,101,,52074,1,,,0,100,,52070,1,,,0,100,,52067,1,,,0,142,,52068,1,,,0,100,,52069,1,,,0,100,,52066,1,,,0,99,,52063,1,,,0,59,,52064,1,,,0,100,,52065,1,,,0,100,,52062,1,,,0
502029,'1838',615,,52558,9,,,0,28,,52556,9,,,0,65,,52557,9,,,0,30,,52560,9,,,0,71,,39296,9,,,0,30,,52559,9,,,0,71,,39294,9,,,0,30,,46384,9,,,0,70,,39283,9,,,0,30,,46383,9,,,0,15,,52565,9,,,0,55,,39284,9,,,0,16,,52566,9,,,0,15,,46382,9,,,0,15,,52568,9,,,0,55,,46374,9,,,0,15,,46389,9,,,0,15,,46381,9,,,0,15,,52563,9,,,0,55,,39286,9,,,0,15,,46393,9,,,0,15,,46380,9,,,0,15,,52567,9,,,0,55,,39287,9,,,0,15,,46397,9,,,0,15,,46379,9,,,0,15,,52561,9,,,0,55,,39288,9,,,0,15,,46390,9,,,0,15,,46378,9,,,0,15,,52564,9,,,0,55,,39289,9,,,0,14,,46394,9,,,0,15,,46377,9,,,0,15,,52569,9,,,0,55,,39290,9,,,0,15,,46387,9,,,0,15,,46376,9,,,0,15,,52562,9,,,0,55,,39299,9,,,0,30,,46375,9,,,0,70,,43630,9,,,0,30,,39304,9,,,0,70,,39292,9,,,0,30,,39303,9,,,0,70,,39293,9,,,0,30,,39301,9,,,0,69,,39298,9,,,0,30,,39302,9,,,0,70,,39295,9,,,0
502029,'1897',539,,50592,9,,,0,15,,50593,9,,,0,55,,50594,9,,,0,17,,50595,9,,,0,7,,50596,9,,,0,8,,50597,9,,,0,15,,50598,9,,,0,53,,50599,9,,,0,12,,50600,9,,,0,13,,50601,9,,,0,6,,50602,9,,,0,6,,50603,9,,,0,12,,50604,9,,,0,46,,50605,9,,,0,6,,50606,9,,,0,12,,50607,9,,,0,12,,50608,9,,,0,12,,50609,9,,,0,11,,50610,9,,,0,54,,50611,9,,,0,15,,50612,9,,,0,15,,50613,9,,,0,15,,50614,9,,,0,55,,50615,9,,,0,15,,50616,9,,,0,15,,50617,9,,,0,15,,50618,9,,,0,55,,50619,9,,,0,16,,50620,9,,,0,15,,50621,9,,,0,15,,50622,9,,,0,55,,50623,9,,,0,15,,50624,9,,,0,15,,50625,9,,,0,15,,50626,9,,,0,55,,50627,9,,,0,15,,50628,9,,,0,15,,50629,9,,,0,15,,50630,9,,,0,55,,50631,9,,,0,15,,50632,9,,,0,16,,50633,9,,,0,15,,50634,9,,,0,55,,50635,9,,,0,15,,50636,9,,,0,12,,50637,9,,,0,12,,50638,9,,,0,52,,50639,9,,,0,12,,50640,9,,,0,11,,50641,9,,,0,12,,50642,9,,,0,12,,50643,9,,,0,52,,50644,9,,,0,12,,50645,9,,,0,11,,50646,9,,,0,12,,50647,9,,,0,12,,50648,9,,,0,52,,50649,9,,,0,12,,50650,9,,,0,12,,50651,9,,,0,15,,50652,9,,,0,15,,50662,9,,,0,54,,50653,9,,,0,29,,50654,9,,,0,70,,50655,9,,,0,30,,50656,9,,,0,70,,50657,9,,,0,30,,50658,9,,,0,70,,50659,9,,,0,30,,50660,9,,,0,70,,50661,9,,,0
502029,'1898',613,,50670,9,,,0,15,,50716,9,,,0,15,,50677,9,,,0,70,,50669,9,,,0,30,,50678,9,,,0,66,,50668,9,,,0,30,,50679,9,,,0,71,,50667,9,,,0,30,,50680,9,,,0,15,,50681,9,,,0,55,,50707,9,,,0,15,,50690,9,,,0,15,,50699,9,,,0,15,,50682,9,,,0,55,,50708,9,,,0,16,,50691,9,,,0,15,,50700,9,,,0,15,,50683,9,,,0,55,,50709,9,,,0,15,,50692,9,,,0,15,,50701,9,,,0,15,,50684,9,,,0,55,,50710,9,,,0,15,,50693,9,,,0,15,,50702,9,,,0,15,,50685,9,,,0,55,,50711,9,,,0,15,,50694,9,,,0,15,,50703,9,,,0,15,,50686,9,,,0,55,,50712,9,,,0,15,,50695,9,,,0,15,,50704,9,,,0,15,,50687,9,,,0,55,,50713,9,,,0,14,,50696,9,,,0,15,,50705,9,,,0,15,,50688,9,,,0,55,,50714,9,,,0,15,,50697,9,,,0,15,,50672,9,,,0,15,,50689,9,,,0,55,,50706,9,,,0,15,,50698,9,,,0,15,,50673,9,,,0,15,,50715,9,,,0,85,,50674,9,,,0,70,,50666,9,,,0,30,,50675,9,,,0,70,,50665,9,,,0,30,,50671,9,,,0,69,,50664,9,,,0,30,,50676,9,,,0,70,,50663,9,,,0
502029,'1899',615,,52588,9,,,0,28,,52570,9,,,0,65,,52579,9,,,0,30,,52604,9,,,0,71,,52584,9,,,0,30,,52603,9,,,0,71,,52582,9,,,0,30,,52602,9,,,0,70,,52571,9,,,0,30,,52601,9,,,0,15,,52613,9,,,0,55,,52572,9,,,0,16,,52615,9,,,0,15,,52600,9,,,0,15,,52618,9,,,0,55,,52573,9,,,0,15,,52607,9,,,0,15,,52599,9,,,0,15,,52610,9,,,0,55,,52574,9,,,0,15,,52612,9,,,0,15,,52598,9,,,0,15,,52616,9,,,0,55,,52575,9,,,0,15,,52617,9,,,0,15,,52597,9,,,0,15,,52606,9,,,0,55,,52576,9,,,0,15,,52609,9,,,0,15,,52596,9,,,0,15,,52611,9,,,0,55,,52577,9,,,0,14,,52614,9,,,0,15,,52595,9,,,0,15,,52619,9,,,0,55,,52578,9,,,0,15,,52605,9,,,0,15,,52594,9,,,0,15,,52608,9,,,0,55,,52587,9,,,0,30,,52593,9,,,0,70,,52585,9,,,0,30,,52592,9,,,0,70,,52580,9,,,0,30,,52591,9,,,0,70,,52581,9,,,0,30,,52589,9,,,0,69,,52586,9,,,0,30,,52590,9,,,0,70,,52583,9,,,0
