10029,'1909',956,,60789,28,,,0,997,,60809,28,,,0,95,,60811,28,,,0,100,,60813,28,,,0,100,,60814,28,,,0
10029,'1910',1922,,66855,28,,,0,28,,60815,28,,,0,100,,66856,28,,,0,100,,60842,28,,,0
10029,'1912',820,,60857,28,,,0,30,,66871,28,,,0,70,,60859,28,,,0,30,,66872,28,,,0,70,,60861,28,,,0,30,,71396,28,,,0,70,,71397,28,,,0,30,,71398,28,,,0,71,,71399,28,,,0,32,,71400,28,,,0,70,,71387,28,,,0,30,,71390,28,,,0,70,,71384,28,,,0,30,,71389,28,,,0,70,,71388,28,,,0,30,,71391,28,,,0,70,,71385,28,,,0,30,,71392,28,,,0,70,,66860,28,,,0,30,,71393,28,,,0,69,,71386,28,,,0,28,,71394,28,,,0,70,,66858,28,,,0,30,,71395,28,,,0
10029,'1924',820,,60881,28,,,0,30,,66892,28,,,0,70,,60883,28,,,0,30,,66893,28,,,0,70,,60885,28,,,0,703,,66881,28,,,0,197,,66879,28,,,0
10029,'1925',820,,60905,28,,,0,30,,66913,28,,,0,70,,60907,28,,,0,30,,66914,28,,,0,70,,60909,28,,,0,30,,71413,28,,,0,70,,71414,28,,,0,30,,71415,28,,,0,71,,71416,28,,,0,32,,71417,28,,,0,70,,71404,28,,,0,30,,71407,28,,,0,70,,71401,28,,,0,30,,71406,28,,,0,70,,71405,28,,,0,30,,71408,28,,,0,70,,71402,28,,,0,30,,71409,28,,,0,70,,66902,28,,,0,30,,71410,28,,,0,69,,71403,28,,,0,28,,71411,28,,,0,70,,66900,28,,,0,30,,71412,28,,,0
10029,'1949',1426,,66940,28,,,0
10029,'1955',720,,60816,28,,,0,30,,66833,28,,,0,70,,66834,28,,,0,30,,66835,28,,,0,70,,60820,28,,,0,30,,66836,28,,,0,71,,66837,28,,,0,32,,66838,28,,,0,70,,66839,28,,,0,30,,66840,28,,,0,70,,66841,28,,,0,30,,66842,28,,,0,70,,66843,28,,,0,30,,66844,28,,,0,70,,66845,28,,,0,30,,66846,28,,,0,70,,66847,28,,,0,30,,66848,28,,,0,70,,66849,28,,,0,30,,66850,28,,,0,70,,66851,28,,,0,30,,66852,28,,,0,70,,66853,28,,,0,30,,66854,28,,,0
10029,'1956',1050,,66894,28,,,0,70,,66895,28,,,0,30,,66896,28,,,0,71,,66897,28,,,0,32,,66898,28,,,0,70,,66883,28,,,0,30,,66886,28,,,0,70,,66878,28,,,0,30,,66885,28,,,0,70,,66884,28,,,0,30,,66887,28,,,0,70,,66880,28,,,0,30,,66888,28,,,0,100,,66889,28,,,0,69,,66882,28,,,0,28,,66890,28,,,0,100,,66891,28,,,0
10029,'1957',619,,71418,28,,,0,30,,71419,28,,,0,79,,71420,28,,,0,30,,71421,28,,,0,70,,71422,28,,,0,30,,71423,28,,,0,68,,71424,28,,,0,100,,71425,28,,,0,30,,71426,28,,,0,70,,71427,28,,,0,30,,71428,28,,,0,70,,71429,28,,,0,30,,71430,28,,,0,70,,71431,28,,,0,30,,71432,28,,,0,100,,71433,28,,,0,75,,71434,28,,,0,70,,71435,28,,,0,30,,71436,28,,,0,70,,71437,28,,,0,30,,71438,28,,,0,27,,71439,28,,,0,65,,71440,28,,,0,30,,71441,28,,,0,70,,71442,28,,,0,100,,71443,28,,,0,95,,71444,28,,,0
10029,'1958',720,,71445,28,,,0,30,,71446,28,,,0,70,,71447,28,,,0,30,,71448,28,,,0,70,,71449,28,,,0,30,,71450,28,,,0,71,,71451,28,,,0,32,,71452,28,,,0,70,,71453,28,,,0,30,,71454,28,,,0,70,,71455,28,,,0,30,,71456,28,,,0,70,,71457,28,,,0,30,,71458,28,,,0,70,,71459,28,,,0,30,,71460,28,,,0,70,,71461,28,,,0,30,,71462,28,,,0,70,,71463,28,,,0,30,,71464,28,,,0,70,,71465,28,,,0,30,,71466,28,,,0,70,,71467,28,,,0,30,,71468,28,,,0
10029,'1959',1050,,71481,28,,,0,70,,71482,28,,,0,30,,71483,28,,,0,71,,71484,28,,,0,32,,71485,28,,,0,70,,71472,28,,,0,30,,71475,28,,,0,70,,71469,28,,,0,30,,71474,28,,,0,70,,71473,28,,,0,30,,71476,28,,,0,70,,71470,28,,,0,30,,71477,28,,,0,100,,71478,28,,,0,69,,71471,28,,,0,28,,71479,28,,,0,100,,71480,28,,,0
