10029,'1909',955,,60789,27,,,0,997,,60809,27,,,0,95,,60811,27,,,0,100,,60813,27,,,0,100,,60814,27,,,0
10029,'1910',1921,,66855,27,,,0,28,,60815,27,,,0,100,,66856,27,,,0,100,,60842,27,,,0
10029,'1912',819,,60857,27,,,0,30,,66871,27,,,0,70,,60859,27,,,0,30,,66872,27,,,0,70,,60861,27,,,0,30,,71396,27,,,0,70,,71397,27,,,0,30,,71398,27,,,0,71,,71399,27,,,0,32,,71400,27,,,0,70,,71387,27,,,0,30,,71390,27,,,0,70,,71384,27,,,0,30,,71389,27,,,0,70,,71388,27,,,0,30,,71391,27,,,0,70,,71385,27,,,0,30,,71392,27,,,0,70,,66860,27,,,0,30,,71393,27,,,0,69,,71386,27,,,0,28,,71394,27,,,0,70,,66858,27,,,0,30,,71395,27,,,0
10029,'1924',819,,60881,27,,,0,30,,66892,27,,,0,70,,60883,27,,,0,30,,66893,27,,,0,70,,60885,27,,,0,703,,66881,27,,,0,197,,66879,27,,,0
10029,'1925',819,,60905,27,,,0,30,,66913,27,,,0,70,,60907,27,,,0,30,,66914,27,,,0,70,,60909,27,,,0,30,,71413,27,,,0,70,,71414,27,,,0,30,,71415,27,,,0,71,,71416,27,,,0,32,,71417,27,,,0,70,,71404,27,,,0,30,,71407,27,,,0,70,,71401,27,,,0,30,,71406,27,,,0,70,,71405,27,,,0,30,,71408,27,,,0,70,,71402,27,,,0,30,,71409,27,,,0,70,,66902,27,,,0,30,,71410,27,,,0,69,,71403,27,,,0,28,,71411,27,,,0,70,,66900,27,,,0,30,,71412,27,,,0
10029,'1949',1425,,66940,27,,,0
10029,'1955',719,,60816,27,,,0,30,,66833,27,,,0,70,,66834,27,,,0,30,,66835,27,,,0,70,,60820,27,,,0,30,,66836,27,,,0,71,,66837,27,,,0,32,,66838,27,,,0,70,,66839,27,,,0,30,,66840,27,,,0,70,,66841,27,,,0,30,,66842,27,,,0,70,,66843,27,,,0,30,,66844,27,,,0,70,,66845,27,,,0,30,,66846,27,,,0,70,,66847,27,,,0,30,,66848,27,,,0,70,,66849,27,,,0,30,,66850,27,,,0,70,,66851,27,,,0,30,,66852,27,,,0,70,,66853,27,,,0,30,,66854,27,,,0
10029,'1956',1049,,66894,27,,,0,70,,66895,27,,,0,30,,66896,27,,,0,71,,66897,27,,,0,32,,66898,27,,,0,70,,66883,27,,,0,30,,66886,27,,,0,70,,66878,27,,,0,30,,66885,27,,,0,70,,66884,27,,,0,30,,66887,27,,,0,70,,66880,27,,,0,30,,66888,27,,,0,100,,66889,27,,,0,69,,66882,27,,,0,28,,66890,27,,,0,100,,66891,27,,,0
10029,'1957',618,,71418,27,,,0,30,,71419,27,,,0,79,,71420,27,,,0,30,,71421,27,,,0,70,,71422,27,,,0,30,,71423,27,,,0,68,,71424,27,,,0,100,,71425,27,,,0,30,,71426,27,,,0,70,,71427,27,,,0,30,,71428,27,,,0,70,,71429,27,,,0,30,,71430,27,,,0,70,,71431,27,,,0,30,,71432,27,,,0,100,,71433,27,,,0,75,,71434,27,,,0,70,,71435,27,,,0,30,,71436,27,,,0,70,,71437,27,,,0,30,,71438,27,,,0,27,,71439,27,,,0,65,,71440,27,,,0,30,,71441,27,,,0,70,,71442,27,,,0,100,,71443,27,,,0,95,,71444,27,,,0
10029,'1958',719,,71445,27,,,0,30,,71446,27,,,0,70,,71447,27,,,0,30,,71448,27,,,0,70,,71449,27,,,0,30,,71450,27,,,0,71,,71451,27,,,0,32,,71452,27,,,0,70,,71453,27,,,0,30,,71454,27,,,0,70,,71455,27,,,0,30,,71456,27,,,0,70,,71457,27,,,0,30,,71458,27,,,0,70,,71459,27,,,0,30,,71460,27,,,0,70,,71461,27,,,0,30,,71462,27,,,0,70,,71463,27,,,0,30,,71464,27,,,0,70,,71465,27,,,0,30,,71466,27,,,0,70,,71467,27,,,0,30,,71468,27,,,0
10029,'1959',1049,,71481,27,,,0,70,,71482,27,,,0,30,,71483,27,,,0,71,,71484,27,,,0,32,,71485,27,,,0,70,,71472,27,,,0,30,,71475,27,,,0,70,,71469,27,,,0,30,,71474,27,,,0,70,,71473,27,,,0,30,,71476,27,,,0,70,,71470,27,,,0,30,,71477,27,,,0,100,,71478,27,,,0,69,,71471,27,,,0,28,,71479,27,,,0,100,,71480,27,,,0
