4019,'1910',1004,,66037,10,,,0
4019,'1912',804,,70650,10,,,0,30,,59832,10,,,0,70,,70649,10,,,0,30,,70651,10,,,0,70,,59830,10,,,0,30,,66070,10,,,0,70,,70638,10,,,0,30,,70642,10,,,0,69,,70645,10,,,0,31,,70631,10,,,0,69,,70634,10,,,0,30,,70637,10,,,0,70,,70641,10,,,0,30,,70643,10,,,0,70,,70630,10,,,0,30,,70633,10,,,0,70,,70636,10,,,0,30,,70640,10,,,0,70,,70644,10,,,0,31,,70629,10,,,0,70,,70632,10,,,0,30,,70635,10,,,0,70,,70639,10,,,0,30,,70648,10,,,0,70,,70652,10,,,0,30,,70646,10,,,0,70,,70653,10,,,0,30,,70647,10,,,0
4019,'1924',834,,59860,10,,,0,170,,59858,10,,,0,30,,66096,10,,,0
4019,'1925',804,,70675,10,,,0,30,,59888,10,,,0,70,,70674,10,,,0,30,,70676,10,,,0,70,,59886,10,,,0,30,,66122,10,,,0,70,,70663,10,,,0,30,,70667,10,,,0,69,,70670,10,,,0,31,,70656,10,,,0,69,,70659,10,,,0,30,,70662,10,,,0,70,,70666,10,,,0,30,,70668,10,,,0,70,,70655,10,,,0,30,,70658,10,,,0,70,,70661,10,,,0,30,,70665,10,,,0,70,,70669,10,,,0,31,,70654,10,,,0,70,,70657,10,,,0,30,,70660,10,,,0,70,,70664,10,,,0,30,,70673,10,,,0,70,,70677,10,,,0,30,,70671,10,,,0,70,,70678,10,,,0,30,,70672,10,,,0
4019,'1949',2203,,66173,10,,,0
4019,'1955',703,,66063,10,,,0,30,,66039,10,,,0,71,,66033,10,,,0,30,,66043,10,,,0,70,,66054,10,,,0,30,,66049,10,,,0,100,,66059,10,,,0,71,,66036,10,,,0,30,,66056,10,,,0,69,,66051,10,,,0,31,,66044,10,,,0,70,,66057,10,,,0,30,,66060,10,,,0,70,,66035,10,,,0,30,,66046,10,,,0,70,,66034,10,,,0,30,,66040,10,,,0,70,,66058,10,,,0,30,,66055,10,,,0,69,,66052,10,,,0,30,,66041,10,,,0,70,,66061,10,,,0,30,,66062,10,,,0,69,,66032,10,,,0,30,,66047,10,,,0,70,,66045,10,,,0,30,,66053,10,,,0,70,,66038,10,,,0,30,,66048,10,,,0,70,,66042,10,,,0,30,,66050,10,,,0
4019,'1956',804,,66112,10,,,0,100,,66111,10,,,0,30,,66113,10,,,0,170,,66100,10,,,0,30,,66104,10,,,0,69,,66107,10,,,0,31,,66092,10,,,0,69,,66095,10,,,0,30,,66099,10,,,0,70,,66103,10,,,0,30,,66105,10,,,0,70,,66091,10,,,0,30,,66094,10,,,0,70,,66098,10,,,0,30,,66102,10,,,0,70,,66106,10,,,0,31,,66090,10,,,0,70,,66093,10,,,0,30,,66097,10,,,0,70,,66101,10,,,0,30,,66110,10,,,0,70,,66114,10,,,0,30,,66108,10,,,0,70,,66115,10,,,0,30,,66109,10,,,0
4019,'1957',633,,70684,10,,,0,71,,70710,10,,,0,30,,70685,10,,,0,67,,70686,10,,,0,36,,70687,10,,,0,64,,70688,10,,,0,36,,70689,10,,,0,67,,70690,10,,,0,29,,70691,10,,,0,70,,70692,10,,,0,30,,70693,10,,,0,72,,70694,10,,,0,30,,70695,10,,,0,70,,70696,10,,,0,30,,70697,10,,,0,71,,70698,10,,,0,30,,70699,10,,,0,73,,70700,10,,,0,30,,70701,10,,,0,71,,70702,10,,,0,24,,70703,10,,,0,76,,70704,10,,,0,22,,70705,10,,,0,76,,70706,10,,,0,21,,70707,10,,,0,75,,70708,10,,,0,29,,70709,10,,,0,70,,70679,10,,,0,30,,70680,10,,,0,70,,70681,10,,,0,30,,70682,10,,,0,100,,70683,10,,,0
4019,'1958',703,,70741,10,,,0,30,,70717,10,,,0,71,,70712,10,,,0,30,,70721,10,,,0,70,,70732,10,,,0,30,,70727,10,,,0,100,,70737,10,,,0,71,,70715,10,,,0,30,,70734,10,,,0,69,,70729,10,,,0,31,,70722,10,,,0,70,,70735,10,,,0,30,,70738,10,,,0,70,,70714,10,,,0,30,,70724,10,,,0,70,,70713,10,,,0,30,,70718,10,,,0,70,,70736,10,,,0,30,,70733,10,,,0,69,,70730,10,,,0,30,,70719,10,,,0,70,,70739,10,,,0,30,,70740,10,,,0,69,,70711,10,,,0,30,,70725,10,,,0,70,,70723,10,,,0,30,,70731,10,,,0,70,,70716,10,,,0,30,,70726,10,,,0,70,,70720,10,,,0,30,,70728,10,,,0
4019,'1959',804,,70763,10,,,0,100,,70762,10,,,0,30,,70764,10,,,0,170,,70751,10,,,0,30,,70755,10,,,0,69,,70758,10,,,0,31,,70744,10,,,0,69,,70747,10,,,0,30,,70750,10,,,0,70,,70754,10,,,0,30,,70756,10,,,0,70,,70743,10,,,0,30,,70746,10,,,0,70,,70749,10,,,0,30,,70753,10,,,0,70,,70757,10,,,0,31,,70742,10,,,0,70,,70745,10,,,0,30,,70748,10,,,0,70,,70752,10,,,0,30,,70761,10,,,0,70,,70765,10,,,0,30,,70759,10,,,0,70,,70766,10,,,0,30,,70760,10,,,0
14000001029,'1909',502,,65864,42,0,18 7,0,2012,,65871,42,,,0,130,,65870,42,,,0
14000001029,'1910',2514,,65872,42,,,0,130,,65875,42,,,0
14000001029,'1912',604,,73589,42,0,18 7,0,1811,,70205,42,,,0,29,,73588,42,,,0,70,,65884,42,,,0,30,,70206,42,,,0,70,,73587,42,,,0,30,,65880,42,,,0
14000001029,'1924',2415,,70208,42,,,0,99,,65891,42,,,0,30,,70209,42,,,0,100,,65887,42,,,0
14000001029,'1925',604,,73592,42,0,18 7,0,1811,,70211,42,,,0,29,,73591,42,,,0,70,,65898,42,,,0,30,,70212,42,,,0,70,,73590,42,,,0,30,,65894,42,,,0
14000001029,'1955',604,,70203,42,0,18 7,0,1811,,70204,42,,,0,29,,65873,42,,,0,100,,70202,42,,,0,70,,65877,42,,,0
14000001029,'1956',604,,70210,42,0,18 7,0,1840,,65890,42,,,0,170,,65889,42,,,0
14000001029,'1957',604,,73593,42,0,18 7,0,1811,,73595,42,,,0,29,,73596,42,,,0,100,,73594,42,,,0,70,,73597,42,,,0
14000001029,'1958',604,,73600,42,0,18 7,0,1811,,73602,42,,,0,29,,73598,42,,,0,100,,73599,42,,,0,70,,73601,42,,,0
14000001029,'1959',604,,73605,42,0,18 7,0,1840,,73604,42,,,0,170,,73603,42,,,0
