22019,'1912',656,,67626,9,0,19 2 32 26,0,100,,71967,9,0,19 2 32 26,0,100,,71964,11,,,0,93,,71965,11,,,0,100,,71959,11,,,0,100,,71963,11,,,0,100,,71960,11,,,0,100,,71961,11,,,0,100,,71958,11,,,0,100,,71962,11,,,0,100,,67620,11,,,0,100,,62212,9,0,19 2 32 26,0,100,,62213,9,0,19 2 32 26,0,100,,62214,9,0,19 2 32 26,0,107,,71966,9,0,19 2 32 26,0
22019,'1959',656,,67638,9,0,19 2 32 26,0,100,,72009,9,0,19 2 32 26,0,100,,72006,11,,,0,93,,72007,11,,,0,100,,72001,11,,,0,100,,72005,11,,,0,100,,72002,11,,,0,100,,72003,11,,,0,100,,72000,11,,,0,100,,72004,11,,,0,100,,67632,11,,,0,100,,62227,9,0,19 2 32 26,0,100,,62228,9,0,19 2 32 26,0,100,,62229,9,0,19 2 32 26,0,107,,72008,9,0,19 2 32 26,0
22019,'1967',628,,62202,9,0,19 2 32 26,0,23,,62195,9,0,19 2 32 26,0,70,,62191,9,0,19 2 32 26,0,30,,62196,9,0,19 2 32 26,0,70,,62192,9,0,19 2 32 26,0,31,,62172,11,,,0,72,,62173,11,,,0,30,,62174,11,,,0,70,,62175,11,,,0,30,,62176,11,,,0,70,,62177,11,,,0,30,,62178,11,,,0,70,,62179,11,,,0,31,,62180,11,,,0,70,,62181,11,,,0,30,,62182,11,,,0,70,,62183,11,,,0,31,,62184,11,,,0,70,,62185,11,,,0,30,,62186,11,,,0,70,,62187,11,,,0,29,,62188,11,,,0,70,,62189,11,,,0,29,,62197,9,0,19 2 32 26,0,70,,62193,9,0,19 2 32 26,0,30,,62198,9,0,19 2 32 26,0,68,,62190,9,0,19 2 32 26,0,30,,62199,9,0,19 2 32 26,0,69,,62194,9,0,19 2 32 26,0,30,,62200,9,0,19 2 32 26,0,70,,62201,9,0,19 2 32 26,0
22019,'1969',656,,67650,9,0,19 2 32 26,0,100,,71977,9,0,19 2 32 26,0,100,,71974,11,,,0,93,,71975,11,,,0,100,,71969,11,,,0,100,,71973,11,,,0,100,,71970,11,,,0,100,,71971,11,,,0,100,,71968,11,,,0,100,,71972,11,,,0,100,,67644,11,,,0,100,,62242,9,0,19 2 32 26,0,100,,62243,9,0,19 2 32 26,0,100,,62244,9,0,19 2 32 26,0,107,,71976,9,0,19 2 32 26,0
22019,'1976',602,,62171,9,0,19 2 32 26,0,52,,71978,9,0,19 2 32 26,0,70,,71979,9,0,19 2 32 26,0,35,,74520,11,,,0,70,,74521,11,,,0,72,,74522,11,,,0,29,,71983,11,,,0,70,,71984,11,,,0,30,,74523,11,,,0,70,,71986,11,,,0,30,,71987,11,,,0,70,,71988,11,,,0,30,,71989,11,,,0,70,,71990,11,,,0,30,,71991,11,,,0,70,,71992,11,,,0,30,,74524,11,,,0,73,,74525,11,,,0,29,,74526,11,,,0,69,,74535,11,,,0,30,,74527,11,,,0,28,,74528,11,,,0,68,,74529,11,,,0,29,,74530,11,,,0,69,,74531,11,,,0,30,,74532,11,,,0,70,,74533,11,,,0,30,,71997,11,,,0,69,,74534,11,,,0,30,,71998,11,,,0,68,,71999,9,0,19 2 32 26,0
22019,'1977',654,,75741,9,0,19 2 32 26,0,70,,75742,9,0,19 2 32 26,0,35,,75743,11,,,0,70,,75744,11,,,0,72,,75745,11,,,0,29,,75746,11,,,0,70,,75747,11,,,0,30,,75748,11,,,0,70,,75749,11,,,0,30,,75750,11,,,0,70,,75751,11,,,0,30,,75752,11,,,0,70,,75753,11,,,0,30,,75754,11,,,0,70,,75755,11,,,0,30,,75756,11,,,0,73,,75757,11,,,0,29,,75758,11,,,0,69,,75770,11,,,0,30,,75759,11,,,0,28,,75760,11,,,0,68,,75761,11,,,0,29,,75762,11,,,0,69,,75763,11,,,0,30,,75764,11,,,0,70,,75765,11,,,0,30,,75766,11,,,0,69,,75767,11,,,0,30,,75768,11,,,0,68,,75769,9,0,19 2 32 26,0
600029,'1977',737,,76190,11,,,0,91,,76191,11,,,0,600,,76192,11,,,0,27,,76193,11,,,0,67,,76194,11,,,0,100,,76195,11,,,0,91,,76196,11,,,0
602019,'1912',2233,,64193,14,,,0,70,,64194,14,,,0,30,,64195,14,,,0
602019,'1959',634,,64230,13,,,0,67,,64226,14,,,0,30,,64225,14,,,0,70,,64224,14,,,0,30,,64220,14,,,0,70,,64219,14,,,0,30,,64217,14,,,0,70,,64216,14,,,0,30,,64222,14,,,0,70,,64223,14,,,0,31,,64221,14,,,0,71,,64218,14,,,0,30,,64215,14,,,0,70,,64212,14,,,0,30,,64211,14,,,0,70,,64210,14,,,0,30,,64209,14,,,0,70,,64200,14,,,0,30,,64202,14,,,0,70,,64208,14,,,0,30,,64207,14,,,0,70,,64204,14,,,0,30,,64203,14,,,0,70,,64198,14,,,0,30,,64197,14,,,0,70,,64205,14,,,0,30,,64206,14,,,0,70,,64199,14,,,0,30,,64201,14,,,0,70,,64196,14,,,0,30,,64227,14,,,0,70,,64229,14,,,0,30,,64213,14,,,0,70,,64214,14,,,0,30,,64228,14,,,0
602019,'1967',636,,64192,13,,,0,67,,64190,14,,,0,30,,64191,14,,,0,70,,64181,14,,,0,30,,64182,14,,,0,70,,64180,14,,,0,31,,64179,14,,,0,70,,64178,14,,,0,30,,64177,14,,,0,70,,64188,14,,,0,30,,64187,14,,,0,70,,64186,14,,,0,30,,64185,14,,,0,70,,64184,14,,,0,30,,64183,14,,,0,70,,64175,14,,,0,30,,64176,14,,,0,70,,64189,14,,,0,30,,64174,14,,,0,70,,64173,14,,,0,30,,64172,14,,,0,70,,64171,14,,,0,30,,64170,14,,,0,70,,64168,14,,,0,30,,64169,14,,,0,70,,64167,14,,,0,30,,64160,14,,,0,70,,64161,14,,,0,29,,64159,14,,,0,70,,64162,14,,,0,30,,64165,14,,,0,70,,64166,14,,,0,30,,64164,14,,,0,70,,64163,14,,,0,28,,64158,14,,,0
602019,'1969',2133,,64233,14,,,0,70,,64235,14,,,0,30,,64231,14,,,0,70,,64232,14,,,0,30,,64234,14,,,0
602019,'1976',621,,64133,13,,,0,28,,64113,13,0,19 2 11 2 32 26,0,60,,64157,13,0,19 2 11 2 32 26,0,15,,64125,13,0,19 2 11 2 32 26,0,15,,64112,13,0,19 2 11 2 32 26,0,15,,64115,13,0,19 2 11 2 32 26,0,55,,64126,13,0,19 2 11 2 32 26,0,15,,64120,13,0,19 2 11 2 32 26,0,15,,64135,13,0,19 2 11 2 32 26,0,15,,64116,13,0,19 2 11 2 32 26,0,57,,64151,14,,,0,22,,64147,13,,,0,70,,74964,13,,,0,30,,74963,13,,,0,70,,64145,13,,,0,30,,64144,13,,,0,70,,64143,13,,,0,30,,74965,13,,,0,70,,74962,13,,,0,30,,64109,13,,,0,70,,64110,13,,,0,28,,64111,13,,,0,26,,64123,13,0,19 2 11 2 32 26,0,53,,64130,13,0,19 2 11 2 32 26,0,15,,64124,13,0,19 2 11 2 32 26,0,15,,64129,13,0,19 2 11 2 32 26,0,15,,64117,13,0,19 2 11 2 32 26,0,55,,64128,13,0,19 2 11 2 32 26,0,15,,64122,13,0,19 2 11 2 32 26,0,15,,64132,13,0,19 2 11 2 32 26,0,14,,64121,13,0,19 2 11 2 32 26,0,54,,64127,13,0,19 2 11 2 32 26,0,14,,64118,13,0,19 2 11 2 32 26,0,15,,64131,13,0,19 2 11 2 32 26,0,15,,64114,13,0,19 2 11 2 32 26,0,55,,64134,13,0,19 2 11 2 32 26,0,15,,64119,13,0,19 2 11 2 32 26,0,18,,64150,14,,,0,17,,64141,14,,,0,70,,64136,14,,,0,12,,64154,14,,,0,18,,64140,14,,,0,70,,64139,14,,,0,30,,64137,14,,,0,70,,64138,14,,,0,30,,64152,14,,,0,70,,64156,14,,,0,30,,64153,14,,,0,76,,64155,14,,,0
602019,'1977',2127,,76206,14,,,0,30,,76207,14,,,0,70,,76210,14,,,0,30,,76208,14,,,0,76,,76209,14,,,0
