4019,'1838',808,,35397,13,,,0,30,,44019,13,,,0,70,,35395,13,,,0,30,,44020,13,,,0,72,,44018,13,,,0,30,,44005,13,,,0,70,,44008,13,,,0,30,,42187,13,,,0,69,,44014,13,,,0,32,,44001,13,,,0,69,,44004,13,,,0,30,,44007,13,,,0,69,,44011,13,,,0,30,,44012,13,,,0,70,,44000,13,,,0,30,,44003,13,,,0,70,,44006,13,,,0,30,,44010,13,,,0,69,,44013,13,,,0,31,,43999,13,,,0,70,,44002,13,,,0,29,,42183,13,,,0,70,,44009,13,,,0,30,,44017,13,,,0,70,,42191,13,,,0,30,,44015,13,,,0,70,,44021,13,,,0,30,,44016,13,,,0
4019,'1867',808,,35540,13,,,0,30,,44088,13,,,0,70,,35538,13,,,0,30,,44089,13,,,0,72,,44087,13,,,0,30,,44074,13,,,0,70,,44077,13,,,0,30,,42202,13,,,0,69,,44083,13,,,0,32,,44070,13,,,0,69,,44073,13,,,0,30,,44076,13,,,0,69,,44080,13,,,0,30,,44081,13,,,0,70,,44069,13,,,0,30,,44072,13,,,0,70,,44075,13,,,0,30,,44079,13,,,0,69,,44082,13,,,0,31,,44068,13,,,0,70,,44071,13,,,0,29,,42198,13,,,0,70,,44078,13,,,0,30,,44086,13,,,0,70,,42206,13,,,0,30,,44084,13,,,0,70,,44090,13,,,0,30,,44085,13,,,0
4019,'1892',638,,35458,13,,,0,71,,35484,13,,,0,30,,42192,13,,,0,67,,44023,13,,,0,36,,44024,13,,,0,64,,44025,13,,,0,36,,44026,13,,,0,67,,44027,13,,,0,29,,44028,13,,,0,70,,44029,13,,,0,31,,44030,13,,,0,72,,44031,13,,,0,30,,42194,13,,,0,100,,35471,13,,,0,176,,44033,13,,,0,30,,44034,13,,,0,71,,35476,13,,,0,98,,44036,13,,,0,22,,35479,13,,,0,75,,44037,13,,,0,21,,44038,13,,,0,75,,35482,13,,,0,29,,44039,13,,,0,70,,35452,13,,,0,30,,35453,13,,,0,70,,35454,13,,,0,30,,35455,13,,,0,70,,44022,13,,,0,30,,35457,13,,,0
4019,'1896',1311,,48802,13,,,0,101,,48803,13,,,0,30,,48804,13,,,0,200,,48805,13,,,0
4019,'1897',638,,48812,13,,,0,71,,48838,13,,,0,30,,48813,13,,,0,67,,48814,13,,,0,36,,48815,13,,,0,64,,48816,13,,,0,36,,48817,13,,,0,67,,48818,13,,,0,29,,48819,13,,,0,70,,48820,13,,,0,31,,48821,13,,,0,72,,48822,13,,,0,30,,48823,13,,,0,70,,48824,13,,,0,30,,48825,13,,,0,71,,48826,13,,,0,30,,48827,13,,,0,75,,48828,13,,,0,30,,48829,13,,,0,71,,48830,13,,,0,24,,48831,13,,,0,74,,48832,13,,,0,22,,48833,13,,,0,75,,48834,13,,,0,21,,48835,13,,,0,75,,48836,13,,,0,29,,48837,13,,,0,70,,48806,13,,,0,30,,48807,13,,,0,70,,48808,13,,,0,30,,48809,13,,,0,70,,48810,13,,,0,30,,48811,13,,,0
4019,'1898',708,,48870,13,,,0,30,,48846,13,,,0,71,,48840,13,,,0,30,,48850,13,,,0,70,,48861,13,,,0,30,,48856,13,,,0,71,,48844,13,,,0,30,,48866,13,,,0,70,,48843,13,,,0,30,,48863,13,,,0,69,,48858,13,,,0,32,,48851,13,,,0,69,,48864,13,,,0,30,,48867,13,,,0,70,,48842,13,,,0,30,,48853,13,,,0,70,,48841,13,,,0,30,,48847,13,,,0,70,,48865,13,,,0,30,,48862,13,,,0,69,,48859,13,,,0,30,,48848,13,,,0,70,,48868,13,,,0,29,,48869,13,,,0,70,,48839,13,,,0,30,,48854,13,,,0,70,,48852,13,,,0,30,,48860,13,,,0,70,,48845,13,,,0,30,,48855,13,,,0,70,,48849,13,,,0,30,,48857,13,,,0
7019,'1838',555,,35966,8,,,0,70,,44518,8,,,0,30,,44519,8,,,0,68,,44520,8,,,0,30,,35957,27,,,0,71,,44529,12,,,0,30,,35958,27,,,0,73,,44524,12,,,0,27,,44517,27,,,0,75,,42367,12,,,0,28,,35959,27,,,0,72,,44523,12,,,0,28,,35960,27,,,0,72,,44528,12,,,0,28,,44515,27,,,0,73,,44522,12,,,0,27,,35962,27,,,0,73,,44527,12,,,0,28,,35963,27,,,0,73,,44521,12,,,0,27,,44516,27,,,0,73,,44526,12,,,0,26,,35965,27,,,0,73,,42356,12,,,0,27,,35953,27,,,0,72,,44525,12,,,0,27,,44513,27,,,0,70,,42361,12,,,0,27,,35952,27,,,0,71,,42362,12,,,0,28,,35956,27,,,0,72,,42369,12,,,0,28,,44514,27,,,0,70,,42355,8,,,0,30,,42354,8,,,0
7019,'1867',555,,36122,8,,,0,70,,44569,8,,,0,30,,44570,8,,,0,68,,44571,8,,,0,30,,36113,27,,,0,71,,44580,12,,,0,30,,36114,27,,,0,73,,44575,12,,,0,27,,44568,27,,,0,75,,42392,12,,,0,28,,36115,27,,,0,72,,44574,12,,,0,28,,36116,27,,,0,72,,44579,12,,,0,28,,44566,27,,,0,73,,44573,12,,,0,27,,36118,27,,,0,73,,44578,12,,,0,28,,36119,27,,,0,73,,44572,12,,,0,27,,44567,27,,,0,73,,44577,12,,,0,26,,36121,27,,,0,73,,42381,12,,,0,27,,36109,27,,,0,72,,44576,12,,,0,27,,44564,27,,,0,70,,42386,12,,,0,27,,36108,27,,,0,71,,42387,12,,,0,28,,36112,27,,,0,72,,42394,12,,,0,28,,44565,27,,,0,70,,42380,8,,,0,30,,42379,8,,,0
7019,'1892',517,,44530,8,,,0,36,,44531,27,,,0,72,,36070,8,,,0,31,,44532,27,,,0,175,,36040,27,,,0,69,,36048,27,,,0,28,,44534,27,,,0,30,,42371,27,,,0,71,,42370,27,,,0,30,,42372,27,,,0,70,,36043,27,,,0,71,,36051,27,,,0,30,,36044,27,,,0,100,,44535,27,,,0,70,,42373,27,,,0,32,,44536,27,,,0,73,,44543,27,,,0,47,,44546,8,,,0,52,,36068,27,,,0,30,,44544,27,,,0,98,,44539,27,,,0,26,,42374,27,,,0,70,,44540,27,,,0,28,,36059,27,,,0,70,,36060,27,,,0,28,,44541,27,,,0,70,,44542,27,,,0,97,,44545,8,,,0,103,,42377,12,,,0,127,,42375,27,,,0
7019,'1896',727,,49064,27,,,0,32,,49065,27,,,0,541,,49066,27,,,0,238,,49071,27,,,0,166,,49067,27,,,0,350,,49068,27,,,0,98,,49069,27,,,0,99,,49070,27,,,0
7019,'1897',517,,49106,8,,,0,36,,49072,25,,,0,72,,49109,8,,,0,31,,49073,25,,,0,71,,49074,25,,,0,32,,49082,25,,,0,72,,49075,25,,,0,70,,49083,25,,,0,28,,49076,25,,,0,30,,49084,25,,,0,70,,49077,25,,,0,30,,49085,25,,,0,70,,49078,25,,,0,71,,49086,25,,,0,30,,49079,25,,,0,70,,49087,25,,,0,30,,49080,25,,,0,70,,49088,25,,,0,32,,49081,25,,,0,73,,49101,25,,,0,33,,49102,25,,,0,14,,49108,8,,,0,52,,49103,25,,,0,30,,49104,25,,,0,70,,49089,25,,,0,28,,49091,25,,,0,27,,49090,25,,,0,70,,49093,25,,,0,28,,49094,25,,,0,70,,49095,25,,,0,27,,49096,25,,,0,70,,49097,25,,,0,30,,49098,25,,,0,67,,49107,8,,,0,31,,49099,25,,,0,72,,49105,10,,,0,27,,49100,25,,,0,100,,49092,25,,,0
7019,'1898',626,,49142,8,,,0,28,,49122,25,,,0,70,,49115,25,,,0,30,,49123,25,,,0,70,,49116,25,,,0,31,,49124,25,,,0,70,,49117,25,,,0,30,,49125,25,,,0,72,,49118,25,,,0,30,,49126,25,,,0,70,,49119,25,,,0,30,,49127,25,,,0,70,,49120,25,,,0,30,,49128,25,,,0,70,,49121,25,,,0,30,,49129,25,,,0,70,,49134,25,,,0,31,,49130,25,,,0,70,,49136,25,,,0,30,,49131,25,,,0,70,,49135,25,,,0,29,,49132,25,,,0,70,,49137,25,,,0,30,,49133,25,,,0,70,,49140,25,,,0,29,,49110,25,,,0,68,,49138,25,,,0,30,,49111,25,,,0,68,,49139,25,,,0,30,,49112,25,,,0,70,,49143,8,,,0,30,,49113,25,,,0,72,,49141,10,,,0,27,,49114,25,,,0
14019,'1838',650,,36775,17,,,0,100,,44957,17,,,0,101,,44947,17,,,0,100,,44948,17,,,0,100,,44949,17,,,0,100,,44950,17,,,0,100,,44951,17,,,0,101,,44952,17,,,0,100,,44953,17,,,0,100,,44954,17,,,0,99,,44955,17,,,0,100,,36773,17,,,0,100,,44956,17,,,0,99,,42531,17,,,0,95,,36762,17,,,0
14019,'1867',650,,36872,17,,,0,100,,44990,17,,,0,101,,44980,17,,,0,100,,44981,17,,,0,100,,44982,17,,,0,100,,44983,17,,,0,100,,44984,17,,,0,101,,44985,17,,,0,100,,44986,17,,,0,100,,44987,17,,,0,99,,44988,17,,,0,100,,36870,17,,,0,100,,44989,17,,,0,99,,42546,17,,,0,95,,36859,17,,,0
14019,'1892',525,,36840,17,,,0,100,,36839,17,,,0,80,,36810,17,,,0,30,,36823,17,,,0,68,,36811,17,,,0,53,,36812,17,,,0,70,,36825,17,,,0,30,,44958,17,,,0,70,,42540,17,,,0,30,,42539,17,,,0,70,,42541,17,,,0,30,,36815,17,,,0,70,,36828,17,,,0,30,,36816,17,,,0,100,,44959,17,,,0,70,,42542,17,,,0,30,,44960,17,,,0,71,,42543,17,,,0,80,,44961,17,,,0,100,,44962,17,,,0,30,,44965,17,,,0,89,,42544,17,,,0,30,,44963,17,,,0,100,,44968,17,,,0,69,,44967,17,,,0
14019,'1896',826,,49573,17,,,0,500,,49574,17,,,0,311,,49575,17,,,0,170,,49572,17,,,0,119,,49576,17,,,0,191,,49577,17,,,0,100,,49578,17,,,0
14019,'1897',525,,49609,17,,,0,100,,49608,17,,,0,80,,49579,17,,,0,30,,49592,17,,,0,68,,49580,17,,,0,23,,49593,17,,,0,30,,49581,17,,,0,70,,49594,17,,,0,30,,49582,17,,,0,70,,49595,17,,,0,30,,49583,17,,,0,70,,49596,17,,,0,30,,49584,17,,,0,70,,49597,17,,,0,30,,49585,17,,,0,70,,49598,17,,,0,30,,49586,17,,,0,70,,49599,17,,,0,30,,49587,17,,,0,71,,49600,17,,,0,80,,49588,17,,,0,30,,49601,17,,,0,70,,49589,17,,,0,30,,49602,17,,,0,70,,49590,17,,,0,19,,49603,17,,,0,30,,49591,17,,,0,70,,49604,17,,,0,30,,49610,17,,,0,69,,49605,17,,,0,92,,49606,17,,,0,100,,49607,17,,,0
14019,'1898',650,,49611,17,,,0,100,,49612,17,,,0,101,,49613,17,,,0,100,,49614,17,,,0,100,,49615,17,,,0,100,,49616,17,,,0,100,,49617,17,,,0,101,,49618,17,,,0,100,,49619,17,,,0,100,,49620,17,,,0,99,,49621,17,,,0,100,,49622,17,,,0,100,,49623,17,,,0,99,,49624,17,,,0,100,,49625,17,,,0,95,,49626,17,,,0,100,,49627,17,,,0
502019,'1838',644,,39100,9,,,0,70,,46219,9,,,0,30,,39103,9,,,0,70,,46232,9,,,0,32,,39097,9,,,0,70,,46231,9,,,0,30,,39099,9,,,0,71,,46230,9,,,0,30,,39094,9,,,0,70,,46229,9,,,0,30,,39089,9,,,0,71,,46228,9,,,0,30,,46220,9,,,0,70,,46226,9,,,0,30,,39090,9,,,0,70,,46227,9,,,0,30,,39093,9,,,0,70,,46225,9,,,0,30,,39087,9,,,0,70,,46224,9,,,0,30,,39091,9,,,0,69,,46223,9,,,0,30,,39088,9,,,0,70,,46222,9,,,0,30,,39101,9,,,0,70,,46221,9,,,0,30,,43617,9,,,0,68,,39105,9,,,0,30,,39095,9,,,0,70,,39118,9,,,0,30,,39104,9,,,0,70,,39119,9,,,0,30,,39098,9,,,0,69,,39120,9,,,0,30,,39096,9,,,0
502019,'1867',644,,39238,9,,,0,70,,46289,9,,,0,30,,39241,9,,,0,70,,46302,9,,,0,32,,39235,9,,,0,70,,46301,9,,,0,30,,39237,9,,,0,71,,46300,9,,,0,30,,39232,9,,,0,70,,46299,9,,,0,30,,39227,9,,,0,71,,46298,9,,,0,30,,46290,9,,,0,70,,46296,9,,,0,30,,39228,9,,,0,70,,46297,9,,,0,30,,39231,9,,,0,70,,46295,9,,,0,30,,39225,9,,,0,70,,46294,9,,,0,30,,39229,9,,,0,69,,46293,9,,,0,30,,39226,9,,,0,70,,46292,9,,,0,30,,39239,9,,,0,70,,46291,9,,,0,30,,43623,9,,,0,68,,39243,9,,,0,30,,39233,9,,,0,70,,39256,9,,,0,30,,39242,9,,,0,70,,39257,9,,,0,30,,39236,9,,,0,69,,39258,9,,,0,30,,39234,9,,,0
502019,'1892',614,,46233,9,,,0,95,,46254,9,,,0,10,,46234,9,,,0,92,,46236,9,,,0,12,,46237,9,,,0,24,,43618,9,,,0,64,,39154,9,,,0,12,,43619,9,,,0,24,,46238,9,,,0,102,,46240,9,,,0,70,,46241,9,,,0,30,,46242,9,,,0,71,,46243,9,,,0,30,,46244,9,,,0,70,,46245,9,,,0,30,,43620,9,,,0,105,,39166,9,,,0,100,,46246,9,,,0,68,,39169,9,,,0,24,,43621,9,,,0,12,,46247,9,,,0,62,,39172,9,,,0,5,,46255,9,,,0,92,,46249,9,,,0,22,,39176,9,,,0,12,,46250,9,,,0,65,,46251,9,,,0,99,,46252,9,,,0,100,,46253,9,,,0,30,,39183,9,,,0,70,,39184,9,,,0,30,,39185,9,,,0,69,,39186,9,,,0,30,,39187,9,,,0
502019,'1896',644,,50493,9,,,0,103,,50494,9,,,0,272,,50495,9,,,0,401,,50496,9,,,0,105,,50497,9,,,0,217,,50498,9,,,0,12,,50499,9,,,0,193,,50500,9,,,0,99,,50501,9,,,0
502019,'1897',614,,50502,9,,,0,30,,50503,9,,,0,65,,50543,9,,,0,10,,50504,9,,,0,28,,50505,9,,,0,64,,50506,9,,,0,12,,50507,9,,,0,24,,50508,9,,,0,64,,50509,9,,,0,12,,50510,9,,,0,24,,50511,9,,,0,72,,50512,9,,,0,30,,50513,9,,,0,70,,50514,9,,,0,30,,50515,9,,,0,71,,50516,9,,,0,30,,50517,9,,,0,70,,50518,9,,,0,30,,50519,9,,,0,70,,50520,9,,,0,35,,50521,9,,,0,70,,50522,9,,,0,30,,50523,9,,,0,68,,50524,9,,,0,24,,50525,9,,,0,12,,50526,9,,,0,62,,50527,9,,,0,5,,50544,9,,,0,16,,50528,9,,,0,12,,50529,9,,,0,64,,50530,9,,,0,22,,50531,9,,,0,12,,50532,9,,,0,65,,50533,9,,,0,30,,50534,9,,,0,69,,50535,9,,,0,30,,50536,9,,,0,70,,50537,9,,,0,30,,50538,9,,,0,70,,50539,9,,,0,30,,50540,9,,,0,69,,50541,9,,,0,30,,50542,9,,,0
502019,'1898',644,,50552,9,,,0,70,,50559,9,,,0,30,,50551,9,,,0,70,,50560,9,,,0,32,,50550,9,,,0,70,,50561,9,,,0,30,,50549,9,,,0,71,,50562,9,,,0,30,,50570,9,,,0,70,,50563,9,,,0,30,,50571,9,,,0,71,,50564,9,,,0,30,,50572,9,,,0,70,,50565,9,,,0,30,,50573,9,,,0,71,,50566,9,,,0,30,,50574,9,,,0,70,,50567,9,,,0,30,,50575,9,,,0,69,,50568,9,,,0,30,,50576,9,,,0,69,,50569,9,,,0,30,,50577,9,,,0,70,,50553,9,,,0,30,,50578,9,,,0,70,,50555,9,,,0,98,,50554,9,,,0,30,,50548,9,,,0,70,,50556,9,,,0,30,,50547,9,,,0,70,,50557,9,,,0,30,,50546,9,,,0,70,,50558,9,,,0,30,,50545,9,,,0
14000001029,'1838',602,,48495,46,0,18 7,0,1816,,48491,46,,,0,30,,42005,46,,,0,70,,48494,46,,,0,30,,48493,46,,,0,70,,42004,46,,,0,30,,48492,46,,,0
14000001029,'1867',602,,48509,46,0,18 7,0,1816,,48505,46,,,0,30,,42035,46,,,0,70,,48508,46,,,0,30,,48507,46,,,0,70,,42034,46,,,0,30,,48506,46,,,0
14000001029,'1892',504,,42016,46,0,18 7,0,102,,48496,46,0,18 7,0,1842,,42020,46,,,0,70,,48500,46,,,0,100,,42021,46,,,0,30,,48499,46,,,0
14000001029,'1896',2418,,51513,46,,,0,130,,51512,46,,,0
14000001029,'1897',504,,51514,43,0,18 7,0,102,,51515,43,0,18 7,0,1812,,51519,43,,,0,30,,51521,43,,,0,70,,51518,44,,,0,30,,51517,44,,,0,70,,51516,44,,,0,30,,51520,44,,,0
14000001029,'1898',602,,51526,43,0,18 7,0,1816,,51524,43,,,0,30,,51528,43,,,0,70,,51527,44,,,0,30,,51525,44,,,0,70,,51522,44,,,0,30,,51523,44,,,0
