1,1019,'1912',73606,73607,73608,73609,73610,73611,73612,73613,73614,73615,73616,73617,73618,73619,73620,73621,73622,73623
1,1019,'1959',73696,73697,73698,73699,73700,73701,73702,73703,73704,73705,73706,73707,73708,73709,73710,73711,73712,73713
1,1019,'1967',73660,73661,73662,73663,73664,73665,73666,73667,73668,73669,73670,73671,73672,73673,73674,73675,73676,73677,73678,73679,73680,73681,73682,73683,73684,73685,73686,73687,73688,73689,73690,73691,73692,73693,73694,73695
1,1019,'1969',73714,73715,73716,73717,73718,73719,73720,73721,73722,73723,73724,73725,73726,73727,73728,73729,73730,73731
1,1019,'1976',73624,73625,73626,73627,73628,73629,73630,73631,73632,73633,73634,73635,73636,73637,73638,73639,73640,73641,73642,73643,73644,73645,73646,73647,73648,73649,73650,73651,73652,73653,73654,73655,73656,73657,73658,73659
1,1019,'1977',75070,75071,75072,75073,75074,75075,75076,75077,75078,75079,75080,75081,75082,75083,75084,75085,75086,75087,75088,75089,75090,75091,75092,75093,75094,75095,75096,75097,75098,75099,75100,75101,75102,75103,75104,75105
1,1029,'1912',73732,73733,73734,73735,73736,73737,73738,73739,73740,73741,73742,73743,73744,73745,73746,73747,73748,73749
1,1029,'1959',73820,73821,73822,73823,73824,73825,73826,73827,73828,73829,73830,73831,73832,73833,73834,73835,73836,73837
1,1029,'1967',73785,73786,73787,73788,73789,73790,73791,73792,73793,73794,73795,73796,73797,73798,73799,73800,73801,73802,73803,73804,73805,73806,73807,73808,73809,73810,73811,73812,73813,73814,73815,73816,73817,73818,73819
1,1029,'1969',73838,73839,73840,73841,73842,73843,73844,73845,73846,73847,73848,73849,73850,73851,73852,73853,73854,73855
1,1029,'1976',73750,73751,73752,73753,73754,73755,73756,73757,73758,73759,73760,73761,73762,73763,73764,73765,73766,73767,73768,73769,73770,73771,73772,73773,73774,73775,73776,73777,73778,73779,73780,73781,73782,73783,73784
1,1029,'1977',75106,75107,75108,75109,75110,75111,75112,75113,75114,75115,75116,75117,75118,75119,75120,75121,75122,75123,75124,75125,75126,75127,75128,75129,75130,75131,75132,75133,75134,75135,75136,75137,75138,75139,75140
2,2019,'1912',73856,73857,73858,73859,73860,73861,73862,73863,73864,73865,73866,73867,73868,73869,73870,73871,73872,73873,73874,73875,73876,73877,73878,73879,73880,73881,73882,73883,73884
2,2019,'1959',73948,73949,73950,73951,73952,73953,73954,73955,73956,73957,73958,73959,73960,73961,73962,73963,73964,73965,73966,73967,73968,73969,73970,73971,73972,73973,73974,73975,73976
2,2019,'1967',73917,73918,73919,73920,73921,73922,73923,73924,73925,73926,73927,73928,73929,73930,73931,73932,73933,73934,73935,73936,73937,73938,73939,73940,73941,73942,73943,73944,73945,73946,73947
2,2019,'1969',73977,73978,73979,73980,73981,73982,73983,73984,73985,73986,73987,73988,73989,73990,73991,73992,73993,73994,73995,73996,73997,73998,73999,74000,74001,74002,74003,74004,74005
2,2019,'1976',73885,73886,73887,73888,73889,73890,73891,73892,73893,73894,73895,73896,73897,73898,73899,73900,73901,73902,73903,73904,73905,73906,73907,73908,73909,73910,73911,73912,73913,73914,73915,73916
2,2019,'1977',75141,75142,75143,75144,75145,75146,75147,75148,75149,75150,75151,75152,75153,75154,75155,75156,75157,75158,75159,75160,75161,75162,75163,75164,75165,75166,75167,75168,75169,75170,75171,75172
2,2029,'1912',74006,74007,74008,74009,74010,74011,74012,74013,74014,74015,74016,74017,74018,74019,74020,74021,74022,74023,74024,74025,74026,74027,74028,74029,74030,74031,74032,74033,74034,74035,74036,74037,66011
2,2029,'1959',74107,74108,74109,74110,74111,74112,74113,74114,74115,74116,74117,74118,74119,74120,74121,74122,74123,74124,74125,74126,74127,74128,74129,74130,74131,74132,74133,74134,74135,74136,74137,74138,66012
2,2029,'1967',74073,74074,74075,74076,74077,74078,74079,74080,74081,74082,74083,74084,74085,74086,74087,74088,74089,74090,74091,74092,74093,74094,74095,74096,74097,74098,74099,74100,74101,74102,74103,74104,74105,74106
2,2029,'1969',74139,74140,74141,74142,74143,74144,74145,74146,74147,74148,74149,74150,74151,74152,74153,74154,74155,74156,74157,74158,74159,74160,74161,74162,74163,74164,74165,74166,74167,74168,74169,74170,66013
2,2029,'1976',74038,74039,74040,74041,74042,74043,74044,74045,74046,74047,74048,74049,74050,74051,74052,74053,74054,74055,74056,74057,74058,74059,74060,74061,74062,74063,74064,74065,74066,74067,74068,74069,74070,74071,74072
2,2029,'1977',75173,75174,75175,75176,75177,75178,75179,75180,75181,75182,75183,75184,75185,75186,75187,75188,75189,75190,75191,75192,75193,75194,75195,75196,75197,75198,75199,75200,75201,75202,75203,75204,75205,75206,75207
4,4019,'1912',70629,70630,70631,70632,70633,70634,66070,70635,70636,70637,70638,70639,70640,70641,70642,70643,70644,70645,70646,70647,70648,70649,59830,70650,59832,70651,70652,70653
4,4019,'1959',70742,70743,70744,70745,70746,70747,66096,70748,70749,70750,70751,70752,70753,70754,70755,70756,70757,70758,70759,70760,70761,70762,59858,70763,59860,70764,70765,70766
4,4019,'1967',70711,70712,70713,70714,70715,66037,70716,74176,70718,70719,70720,74177,70722,70723,70724,70725,74178,70727,74179,70729,70730,74180,74181,70733,70734,70735,70736,70737,70738,70739,70740,74182
4,4019,'1969',70654,70655,70656,70657,70658,70659,66122,70660,70661,70662,70663,70664,70665,70666,70667,70668,70669,70670,70671,70672,70673,70674,59886,70675,59888,70676,70677,70678
4,4019,'1976',74171,74172,70681,74173,66173,70683,74174,70685,70686,70687,70688,70689,70690,70691,70692,70693,70694,70695,74175,70697,70698,70699,70700,70701,70702,70703,70704,70705,70706,70707,70708,70709,70710
4,4019,'1977',75208,75209,75210,75211,75212,75213,75214,75215,75216,75217,75218,75219,75220,75221,75222,75223,75224,75225,75226,75227,75228,75229,75230,75231,75232,75233,75234,75235,75236,75237,75238,75239,75240
4,4029,'1912',70767,70768,70769,70770,70771,70772,70773,70774,70775,70776,70777,70778,70779,70780,70781,70782,70783,70784,70785,70786,60005,70787,70788,60008,70789,70790,70791,66240,70792
4,4029,'1959',70874,70875,70876,70877,70878,70879,70880,70881,70882,70883,70884,70885,70886,70887,70888,70889,70890,70891,70892,70893,60034,70894,70895,60037,70896,70897,70898,66267,70899
4,4029,'1967',74194,74195,74196,74197,74198,74199,70849,70850,74200,74201,74202,74203,74204,74205,74206,74207,74208,74209,74210,74211,74212,74213,70865,74214,74215,70867,70868,74216,74217,70871,74218,74219
4,4029,'1969',70793,70794,70795,70796,70797,70798,70799,70800,70801,70802,70803,70804,70805,70806,70807,70808,70809,70810,70811,70812,60063,70813,70814,60066,70815,70816,70817,66294,70818
4,4029,'1976',70819,74183,70821,74184,70823,59926,74185,74186,74187,66313,70827,70828,70829,70830,66314,74188,70832,74189,70834,66317,66318,70835,59943,59944,70836,74190,74191,74192,70840,74193,66322,70842
4,4029,'1977',75241,75242,75243,75244,75245,75246,75247,75248,75249,75250,75251,75252,75253,75254,75255,75256,75257,75258,75259,75260,75261,75262,75263,75264,75265,75266,75267,75268,75269,75270,75271,75272
6,609,'1912',70900,70901,70902,70903,70904,70905,70906,70907,70908,70909,70910,70911,70912,70913,70914,70915,70916,70917,70918,70919,70920,70921,70922,70923,70924,70925,70926,70927,70928,70929,70930,70931,70932,70933,70934,70935
6,609,'1959',71084,71085,71086,71087,71088,71089,71090,71091,71092,71093,71094,71095,71096,71097,71098,71099,71100,71101,71102,71103,71104,71105,71106,71107,71108,71109,71110,71111,71112,71113,71114,71115,71116,71117,71118,71119
6,609,'1967',74249,74250,74251,74252,74253,74254,74255,74256,74257,71034,71035,74258,74259,74260,74261,74262,74263,74264,74265,74266,74267,74268,71047,74269,74270,74271,74272,74273,71053,74274,74275,74276,74277,74278,71059,74279,74280,74281,74282,74283,74284,74285,74286,74287,74288,74289,74290,74291,74292,71074,74293,74294,74295,74296,74297,71080,74298,71082,71083
6,609,'1969',70936,70937,70938,70939,70940,70941,70942,70943,70944,70945,70946,70947,70948,70949,70950,70951,70952,70953,70954,70955,70956,70957,70958,70959,70960,70961,70962,70963,70964,70965,70966,70967,70968,70969,70970,70971
6,609,'1976',70972,70973,74220,74221,74222,74223,60114,70976,74224,70978,74225,74226,70981,70982,74227,74228,70984,70985,70986,70987,70988,74229,70990,70991,74230,74231,70994,70995,70996,70997,70998,70999,74232,71000,74233,71002,71003,74234,71005,74235,71007,74236,74237,71010,74238,74239,74240,74241,71015,74242,74243,71018,71019,74244,74245,74246,74247,74248,71023,71024
6,609,'1977',75273,75274,75275,75276,75277,75278,75279,75280,75281,75282,75283,75284,75285,75286,75287,75288,75289,75290,75291,75292,75293,75294,75295,75296,75297,75298,75299,75300,75301,75302,75303,75304,75305,75306,75307,75308,75309,75310,75311,75312,75313,75314,75315,75316,75317,75318,75319,75320,75321,75322,75323,75324,75325,75326,75327,75328,75329,75330,75331,75332
7,7019,'1912',60443,60444,60445,60446,60447,60448,60449,60450,60451,60452,60453,60454,60455,60456,60457,60458,60459,66560,71120,71121,71122,71123,71124,60466,60467,66566,71125,71126,71127,71128,66571,60474,71129,60476,60477
7,7019,'1959',60478,60479,60480,60481,60482,60483,60484,60485,60486,60487,60488,60489,60490,60491,60492,60493,60494,66573,71191,71192,71193,71194,71195,60501,60502,66579,71196,71197,71198,71199,66584,60509,71200,60511,60512
7,7019,'1967',71172,74313,60411,60412,74314,74315,71176,71177,71178,66542,71179,71180,71181,71182,74316,71183,71184,74317,71185,60428,74318,60430,66550,60432,66551,71186,71187,71188,71189,66556,71190,66558,66559,60442
7,7019,'1969',60513,60514,60515,60516,60517,60518,60519,60520,60521,60522,60523,60524,60525,60526,60527,60528,60529,66586,71130,71131,71132,71133,71134,60536,60537,66592,71135,71136,71137,71138,66597,60544,71139,60546,60547
7,7019,'1976',60370,71140,71141,60373,60374,60375,71142,71143,71144,71145,74299,71147,71148,74300,74301,74302,74303,71152,74304,71154,74305,71156,71157,71158,71159,74306,71161,60397,60398,74307,74308,74309,74310,71166,74311,71168,74312,71170,71171
7,7019,'1977',75333,75334,75335,75336,75337,75338,75339,75340,75341,75342,75343,75344,75345,75346,75347,75348,75349,75350,75351,75352,75353,75354,75355,75356,75357,75358,75359,75360,75361,75362,75363,75364,75365,75366,75367,75368,75369,75370,75371
7,7029,'1912',60656,60657,60658,60659,60660,60661,60662,60663,60664,60665,60666,60667,60668,60669,60670,66656,71201,71202,66659,71203,60676,71204,71205,60679,71206,60681,71207,71208,66666,71209,60686,60687,71210,60689
7,7029,'1959',60690,60691,60692,60693,60694,60695,60696,60697,60698,60699,60700,60701,60702,60703,60704,66669,71272,71273,66672,71274,60710,71275,71276,60713,71277,60715,71278,71279,66679,71280,60720,60721,71281,60723
7,7029,'1967',74332,71252,71253,71254,66633,71255,71256,66636,71257,71258,71259,71260,71261,66642,71262,74333,71263,71264,74334,71265,60640,74335,60642,66647,60644,71266,74336,60647,60648,74337,60650,71269,71270,71271,66654,66655
7,7029,'1969',60724,60725,60726,60727,60728,60729,60730,60731,60732,60733,60734,60735,60736,60737,60738,66682,71211,71212,66685,71213,60744,71214,71215,60747,71216,60749,71217,71218,66692,71219,60754,60755,71220,60757
7,7029,'1976',74319,74320,74321,74322,71225,71226,60588,74323,71228,74324,71230,74325,71232,71233,71234,71235,71236,74326,71238,74327,74328,71241,71242,71243,74329,74330,60608,71245,60610,71246,60612,71247,71248,71249,74331,60617,60618,71250
7,7029,'1977',75372,75373,75374,75375,75376,75377,75378,75379,75380,75381,75382,75383,75384,75385,75386,75387,75388,75389,75390,75391,75392,75393,75394,75395,75396,75397,75398,75399,75400,75401,75402,75403,75404,75405,75406,75407,75408,75409
10,10019,'1912',61000,66748,61002,66749,61004,71282,71283,71284,71285,71286,71287,71288,71289,71290,71291,71292,71293,71294,66763,71295,71296,71297,66767,71298
10,10019,'1959',61024,66769,61026,66770,61028,71367,71368,71369,71370,71371,71372,71373,71374,71375,71376,71377,71378,71379,66784,71380,71381,71382,66788,71383
10,10019,'1967',71343,71344,74352,74353,71347,71348,74354,71350,71351,71352,71353,71354,71355,71356,71357,71358,71359,71360,71361,71362,71363,71364,71365,74355,66746,60997,66747,60999
10,10019,'1969',61048,66790,61050,66791,61052,71299,71300,71301,71302,71303,71304,71305,71306,71307,71308,71309,71310,71311,66805,71312,71313,71314,66809,71315
10,10019,'1976',74338,71317,74339,71319,74340,71321,71322,60946,71323,71324,71325,74341,71327,71328,71329,71330,66831,74342,74343,74344,74345,74346,74347,74348,74349,74350,71340,74351,71341,60968,71342,60970,60971
10,10019,'1977',75410,75411,75412,75413,75414,75415,75416,75417,75418,75419,75420,75421,75422,75423,75424,75425,75426,75427,75428,75429,75430,75431,75432,75433,75434,75435,75436,75437,75438,75439,75440,75441,75442
10,10029,'1912',71384,66858,71385,66860,71386,71387,71388,71389,71390,71391,71392,71393,71394,71395,60857,66871,60859,66872,60861,71396,71397,71398,71399,71400
10,10029,'1959',71469,66879,71470,66881,71471,71472,71473,71474,71475,71476,71477,71478,71479,71480,60881,66892,60883,66893,60885,71481,71482,71483,71484,71485
10,10029,'1967',60815,71445,71446,74370,74371,71449,71450,74372,71452,71453,71454,71455,71456,71457,71458,71459,71460,71461,71462,71463,71464,71465,71466,71467,74373,66855,66856,60842
10,10029,'1969',71401,66900,71402,66902,71403,71404,71405,71406,71407,71408,71409,71410,71411,71412,60905,66913,60907,66914,60909,71413,71414,71415,71416,71417
10,10029,'1976',74356,71419,74357,71421,74358,71423,71424,60789,71425,71426,71427,74359,71429,71430,71431,71432,66940,74360,74361,74362,74363,74364,74365,74366,74367,74368,71442,74369,71443,60811,71444,60813,60814
10,10029,'1977',75443,75444,75445,75446,75447,75448,75449,75450,75451,75452,75453,75454,75455,75456,75457,75458,75459,75460,75461,75462,75463,75464,75465,75466,75467,75468,75469,75470,75471,75472,75473,75474,75475
11,11019,'1912',66957,66958,66959,66960,66961,66962,66963,66964,66965,66966,66967,61127,66968
11,11019,'1959',66969,66970,66971,66972,66973,66974,66975,66976,66977,66978,66979,61140,66980
11,11019,'1967',66942,66943,71500,66945,74382,71502,71503,71504,71505,71506,71507,71508,71509,66955,71510
11,11019,'1969',66981,66982,66983,66984,66985,66986,66987,66988,66989,66990,66991,61153,66992
11,11019,'1976',67009,74374,74375,71488,74376,71490,74377,71492,74378,71494,74379,74380,71496,74381,71498,71499
11,11019,'1977',75476,75477,75478,75479,75480,75481,75482,75483,75484,75485,75486,75487,75488,75489,75490,75491
11,11029,'1912',67039,67040,67041,67042,67043,67044,67045,67046,67047,67048,67049,67050,61211
11,11029,'1959',67051,67052,67053,67054,67055,67056,67057,67058,67059,67060,67061,67062,61224
11,11029,'1967',74390,71525,71526,71527,71528,71529,71530,71531,71532,67033,67034,67035,71533,67037,71534
11,11029,'1969',67063,67064,67065,67066,67067,67068,67069,67070,67071,67072,67073,67074,61237
11,11029,'1976',71511,74383,61170,71513,74384,71515,74385,71517,74386,71519,74387,74388,71521,74389,71523,67101
11,11029,'1977',75492,75493,75494,75495,75496,75497,75498,75499,75500,75501,75502,75503,75504,75505,75506,75507
12,12019,'1976',61238,61239,61240,74391,74392,61243,61244,61245,74393,74394,74395,74396,74397,74398,74399,74400,74401,74402,61256,71547,61258,61259,74403,61261
12,12019,'1977',75508,75509,75510,75511,75512,75513,75514,75515,75516,75517,75518,75519,75520
12,12029,'1976',61262,61263,61264,74404,74405,61267,61268,61269,74406,74407,61272,74408,74409,61275,74410,74411,74412,74413,74414,74415,61282,74416,74417,74418
12,12029,'1977',75521,75522,75523,75524,75525,75526,75527,75528,75529,75530,75531,75532
13,13019,'1912',61341,61342,71562,71563,71564,67142,67143,71565,71566,71567,71568,71569,71570,71571,71572
13,13019,'1959',61356,61357,71619,71620,71621,67155,67156,71622,71623,71624,71625,71626,71627,71628,71629
13,13019,'1967',71604,71605,71606,71607,71608,71609,67129,71610,71611,71612,71613,71614,71615,71616,74430,74431
13,13019,'1969',61371,61372,71573,71574,71575,67168,67169,71576,71577,71578,71579,71580,71581,71582,71583
13,13019,'1976',74419,74420,74421,71587,74422,74423,71590,74424,71592,74425,71594,71595,71596,74426,67203,67204,71598,61318,71599,74427,71600,71601,74428,74429
13,13019,'1977',75533,75534,75535,75536,75537,75538,75539,75540,75541,75542,75543,75544,75545,75546,75547,75548,75549,75550,75551,75552,75553,75554,75555,75556
14,14019,'1912',71630,61451,67227,71631,67229,67230,67231,67232,67233,67234,67235,67236,67237,61463,67238
14,14019,'1959',71671,61466,67240,71672,67242,67243,67244,67245,67246,67247,67248,67249,67250,61478,67251
14,14019,'1967',67210,74438,74439,71664,71665,71666,67216,67217,71667,67219,67220,67221,71668,71669,67224,74440,61449
14,14019,'1969',71632,61481,67253,71633,67255,67256,67257,67258,67259,67260,67261,67262,67263,61493,67264
14,14019,'1976',71634,71635,74432,71637,71638,71639,74433,74434,71642,71643,71644,71645,71646,71647,71648,71649,61417,71650,71651,74435,71653,71654,71655,71656,71657,74436,74437,61428,71659,71660,61431,71661
14,14019,'1977',75557,75558,75559,75560,75561,75562,75563,75564,75565,75566,75567,75568,75569,75570,75571,75572,75573,75574,75575,75576,75577,75578,75579,75580,75581,75582,75583,75584,75585,75586,75587,75588
15,15019,'1912',61555,61556,61557,61558,61559,61560,61561,61562,61563,61564,61565,61566,61567,71673
15,15019,'1959',61569,61570,61571,61572,61573,61574,61575,61576,61577,61578,61579,61580,61581,71708
15,15019,'1967',71700,71701,74448,71702,71703,74449,71704,61547,74450,61549,67300,61551,71705,74451,71707
15,15019,'1969',61583,61584,61585,61586,61587,61588,61589,61590,61591,61592,61593,61594,61595,71674
15,15019,'1976',61509,74441,67326,71676,71677,71678,74442,74443,74444,71682,74445,74446,71685,71686,71687,71688,71689,61526,71690,74447,71692,71693,71694,61532,71695,71696,71697,67335,67336,71698,71699
15,15019,'1977',75589,75590,75591,75592,75593,75594,75595,75596,75597,75598,75599,75600,75601,75602,75603,75604,75605,75606,75607,75608,75609,75610,75611,75612,75613,75614,75615,75616,75617,75618,75619
15,15029,'1912',61659,61660,61661,61662,61663,61664,61665,61666,61667,61668,61669,61670,61671,61672
15,15029,'1959',61673,61674,61675,61676,61677,61678,61679,61680,61681,61682,61683,61684,61685,61686
15,15029,'1967',61644,71737,74461,71738,71739,74462,71740,71741,74463,71742,61654,74464,61656,67344,67345
15,15029,'1969',61687,61688,61689,61690,61691,61692,61693,61694,61695,61696,61697,61698,61699,61700
15,15029,'1976',74452,67365,74453,71711,61615,74454,67366,71713,71714,71715,74455,74456,74457,71719,74458,74459,71722,71723,71724,71725,71726,61632,71727,74460,71729,71730,71731,61638,71732,71733,71734,71735,71736
15,15029,'1977',75620,75621,75622,75623,75624,75625,75626,75627,75628,75629,75630,75631,75632,75633,75634,75635,75636,75637,75638,75639,75640,75641,75642,75643,75644,75645,75646,75647,75648,75649,75650,75651,75652
16,16019,'1912',67376,71743,71744,71745,71746,61786,71747,61788,71748,71749,67384,61792,71750,71751,71752
16,16019,'1959',67388,71787,71788,71789,71790,61801,71791,61803,71792,71793,67396,61807,71794,71795,71796
16,16019,'1967',61749,61750,61751,61752,61753,61754,61755,61756,61757,61758,61759,61760,61761,61762,61763,61764,61765,61766,61767,61768,61769,61770,61771,61772,61773,61774,61775,61776,61777,61778,61779,61780
16,16019,'1969',67400,71753,71754,71755,71756,61816,71757,61818,71758,71759,67408,61822,71760,71761,71762
16,16019,'1976',74465,71763,71764,71765,71766,74466,74467,74468,71770,71771,74469,71773,71774,71775,71776,71777,71778,71779,74470,74471,74472,74473,74474,74475,74476,74477,74478,74479,74480,71784,74481,71785,71786
16,16019,'1977',75653,75654,75655,75656,75657,75658,75659,75660,75661,75662,75663,75664,75665,75666,75667,75668,75669,75670,75671,75672,75673,75674,75675,75676,75677,75678,75679,75680,75681,75682,75683,75684,75685
16,16029,'1912',71797,71798,71799,71800,67438,71801,61912,61913,71802,71803,71804,61917,71805,71806,67445
16,16029,'1959',71840,71841,71842,71843,67450,71844,61927,61928,71845,71846,71847,61932,71848,71849,67457
16,16029,'1967',61874,61875,61876,61877,61878,61879,61880,61881,61882,61883,61884,61885,61886,61887,61888,61889,61890,61891,61892,61893,61894,61895,61896,61897,61898,61899,61900,61901,61902,61903,61904,61905
16,16029,'1969',71807,71808,71809,71810,67462,71811,61942,61943,71812,71813,71814,61947,71815,71816,67469
16,16029,'1976',71817,71818,71819,71820,74482,74483,74484,71824,71825,74485,71827,71828,71829,71830,71831,71832,71833,74486,61859,74487,74488,74489,74490,74491,74492,74493,74494,71836,74495,71837,71838,74496,71839
16,16029,'1977',75686,75687,75688,75689,75690,75691,75692,75693,75694,75695,75696,75697,75698,75699,75700,75701,75702,75703,75704,75705,75706,75707,75708,75709,75710,75711,75712,75713,75714,75715,75716,75717,75718
19,19019,'1912',67524,71850,71851,71852,71853,71854,71855,62043,71856,71857,71858,62047,71859,71860,71861,71862,71863,71864,71865,71866,71867,71868,71869,71870,71871,62061,62062,62063,71872,71873
19,19019,'1959',67549,71934,71935,71936,71937,71938,71939,62073,71940,71941,71942,62077,71943,71944,71945,71946,71947,71948,71949,71950,71951,71952,71953,71954,71955,62091,62092,62093,71956,71957
19,19019,'1967',74511,67493,67494,71920,67496,67497,67498,74512,67500,67501,74513,74514,74515,67505,67506,67507,71925,67509,71926,71927,67512,67513,74516,67515,71929,74517,71931,67519,67520,74518,62033,67522,74519
19,19019,'1969',67574,71874,71875,71876,71877,71878,71879,62103,71880,71881,71882,62107,71883,71884,71885,71886,71887,71888,71889,71890,71891,71892,71893,71894,71895,62121,62122,62123,71896,71897
19,19019,'1976',74497,71899,74498,74499,74500,74501,74502,74503,74504,74505,74506,71909,71910,71911,71912,71913,74507,61998,74508,74509,71917,74510
19,19019,'1977',75719,75720,75721,75722,75723,75724,75725,75726,75727,75728,75729,75730,75731,75732,75733,75734,75735,75736,75737,75738,75739,75740
22,22019,'1912',71958,71959,71960,71961,71962,67620,71963,71964,71965,62212,62213,62214,71966,71967,67626
22,22019,'1959',72000,72001,72002,72003,72004,67632,72005,72006,72007,62227,62228,62229,72008,72009,67638
22,22019,'1967',62172,62173,62174,62175,62176,62177,62178,62179,62180,62181,62182,62183,62184,62185,62186,62187,62188,62189,62190,62191,62192,62193,62194,62195,62196,62197,62198,62199,62200,62201,62202
22,22019,'1969',71968,71969,71970,71971,71972,67644,71973,71974,71975,62242,62243,62244,71976,71977,67650
22,22019,'1976',71978,71979,74520,74521,74522,71983,71984,74523,71986,71987,71988,71989,71990,71991,71992,74524,74525,74526,74527,74528,74529,74530,74531,74532,74533,71997,74534,71998,71999,74535,62171
22,22019,'1977',75741,75742,75743,75744,75745,75746,75747,75748,75749,75750,75751,75752,75753,75754,75755,75756,75757,75758,75759,75760,75761,75762,75763,75764,75765,75766,75767,75768,75769,75770
22,22029,'1912',72010,72011,72012,72013,72014,72015,72016,72017,72018,67681,62338,62339,72019,62341,67683
22,22029,'1959',72052,72053,72054,72055,72056,72057,72058,72059,72060,67693,62353,62354,72061,62356,67695
22,22029,'1967',62296,62297,62298,62299,62300,62301,62302,62303,62304,62305,62306,62307,62308,62309,62310,62311,62312,62313,62314,62315,62316,62317,62318,62319,62320,62321,62322,62323,62324,62325,62326,62327
22,22029,'1969',72020,72021,72022,72023,72024,72025,72026,72027,72028,67705,62368,62369,72029,62371,67707
22,22029,'1976',72030,72031,72032,72033,74536,74537,74538,72037,74539,72039,72040,72041,72042,72043,72044,72045,74540,62280,74541,74542,74543,74544,74545,74546,74547,74548,74549,72049,74550,72050,72051,62294,62295
22,22029,'1977',75771,75772,75773,75774,75775,75776,75777,75778,75779,75780,75781,75782,75783,75784,75785,75786,75787,75788,75789,75790,75791,75792,75793,75794,75795,75796,75797,75798,75799,75800,75801,75802,75803
31,31019,'1912',74551,74552,74553,74554,74555,74556,74557,74558,74559,74560,74561,74562,74563,74564,74565,74566,74567,74568,74569
31,31019,'1959',74632,74633,74634,74635,74636,74637,74638,74639,74640,74641,74642,74643,74644,74645,74646,74647,74648,74649,74650
31,31019,'1967',74595,74596,74597,74598,74599,74600,74601,74602,74603,74604,74605,74606,74607,74608,74609,74610,74611,74612,74613,74614,74615,74616,74617,74618,74619,74620,74621,74622,74623,74624,74625,74626,74627,74628,74629,74630,74631
31,31019,'1969',74651,74652,74653,74654,74655,74656,74657,74658,74659,74660,74661,74662,74663,74664,74665,74666,74667,74668,74669
31,31019,'1976',74570,74571,62394,62395,62396,74572,62398,74573,74574,74575,74576,62403,74577,74578,74579,74580,62408,62409,74581,74582,74583,62413,74584,74585,72076,62417,74586,62419,62420,74587,74588,74589,74590,74591,74592,74593,74594
31,31019,'1977',75804,75805,75806,75807,75808,75809,75810,75811,75812,75813,75814,75815,75816,75817,75818,75819,75820,75821,75822,75823,75824,75825,75826,75827,75828,75829,75830,75831,75832,75833,75834,75835,75836,75837,75838,75839,75840
32,32019,'1912',74670,74671,74672,74673,74674,74675,74676,74677,74678,74679,74680,74681,74682,74683,74684,74685,74686,74687,74688
32,32019,'1959',74763,74764,74765,74766,74767,74768,74769,74770,74771,74772,74773,74774,74775,74776,74777,74778,74779,74780,74781
32,32019,'1967',74726,74727,74728,74729,74730,74731,74732,74733,74734,74735,74736,74737,74738,74739,74740,74741,74742,74743,74744,74745,74746,74747,74748,74749,74750,74751,74752,74753,74754,74755,74756,74757,74758,74759,74760,74761,74762
32,32019,'1969',74782,74783,74784,74785,74786,74787,74788,74789,74790,74791,74792,74793,74794,74795,74796,74797,74798,74799,74800
32,32019,'1976',74689,74690,74691,74692,74693,74694,74695,74696,74697,74698,74699,74700,74701,74702,74703,74704,74705,74706,74707,74708,74709,74710,74711,74712,74713,74714,74715,74716,74717,74718,74719,74720,74721,62575,74722,74723,74724,74725
32,32019,'1977',75841,75842,75843,75844,75845,75846,75847,75848,75849,75850,75851,75852,75853,75854,75855,75856,75857,75858,75859,75860,75861,75862,75863,75864,75865,75866,75867,75868,75869,75870,75871,75872,75873,75874,75875,75876,75877,75878
60,60019,'1912',62674,62675,62676,62677,62678,62679,62680,62681,62682,62683,62684,62685,62686,62687,62688,62689,62690,62691,62692,62693,62694,62695,62696,62697,62698,62699,62700,62701,62702,62703,62704,62705,62706
60,60019,'1969',62707,62708,62709,62710,62711,62712,62713,62714,62715,62716,62717,62718,62719,62720,62721,62722,62723,62724,62725,62726,62727,62728,62729,62730,62731,62732,62733,62734,62735,62736,62737
60,60019,'1977',75879,75880,75881,75882,75883,75884,75885,75886,75887,75888,75889,75890,75891,75892,75893,75894,75895,75896,75897,75898,75899,75900,75901,75902,75903,75904,75905,75906,75907,75908,75909,75910,75911,75912,75913,75914,75915,75916
60,60029,'1912',62738,62739,62740,62741,62742,62743,62744,62745,62746,62747,62748,62749,62750,62751,62752,62753,62754,62755,62756,62757,62758,62759,62760,62761,62762,62763,62764,62765,62766,62767,62768,62769
60,60029,'1969',62770,62771,62772,62773,62774,62775,62776,62777,62778,62779,62780,62781,62782,62783,62784,62785,62786,62787,62788,62789,62790,62791,62792,62793,62794,62795,62796,62797,62798,62799
60,60029,'1977',75917,75918,75919,75920,75921,75922,75923,75924,75925,75926,75927,75928,75929,75930,75931,75932,75933,75934,75935,75936,75937,75938,75939,75940,75941,75942,75943,75944,75945,75946,75947,75948,75949,75950,75951,75952
501,501019,'1912',67853,72169,72170,72171,72172,72173,72174,72175,72176,62921,62922,62923,72177,72178,62926,62927,72179,62929,72180,67866,67867,67868,67869,67870,67871,67872,67873,67874,72181,72182,72183,67878,67879,67880,67881
501,501019,'1959',67882,72253,72254,72255,72256,72257,72258,72259,72260,62956,62957,62958,72261,72262,62961,62962,72263,62964,72264,67895,67896,67897,67898,67899,67900,67901,67902,67903,72265,72266,72267,67907,67908,67909,67910
501,501019,'1967',62877,62878,62879,62880,62881,74808,74809,72228,72229,72230,72231,72232,74810,67831,67832,67833,74811,74812,74813,74814,74815,74816,74817,74818,74819,74820,74821,74822,74823,74824,74825,74826,74827,74828,74829
501,501019,'1969',67911,72184,72185,72186,72187,72188,72189,72190,72191,62991,62992,62993,72192,72193,62996,62997,72194,62999,72195,67924,67925,67926,67927,67928,67929,67930,67931,67932,72196,72197,72198,67936,67937,67938,67939
501,501019,'1976',62835,62836,72199,62838,72200,74801,72202,72203,74802,74803,67965,72206,72207,72208,72209,67966,74804,72211,72212,72213,67968,72214,72215,72216,72217,72218,72219,62862,74805,67974,72221,74806,67977,72222,74807,62870,72223,67980,72224,67982,72225,62876
501,501019,'1977',75953,75954,75955,75956,75957,75958,75959,75960,75961,75962,75963,75964,75965,75966,75967,75968,75969,75970,75971,75972,75973,75974,75975,75976,75977,75978,75979,75980,75981,75982,75983,75984,75985,75986,75987,75988,75989,75990,75991,75992,75993,75994
501,501029,'1912',63203,72268,72269,72270,72271,72272,72273,72274,72275,63212,63213,63214,72276,72277,72278,63218,63219,63220,72279,68049,68050,68051,68052,68053,68054,68055,68056,72280,72281,72282,72283,68061,68062,68063,68064,68065,68066,72284,72285,72286,72287,72288,72289,72290,72291,72292,72293,72294,72295,72296,72297,72298,72299,72300
501,501029,'1959',63257,72433,72434,72435,72436,72437,72438,72439,72440,63266,63267,63268,72441,72442,72443,63272,63273,63274,72444,68096,68097,68098,68099,68100,68101,68102,68103,72445,72446,72447,72448,68108,68109,68110,68111,68112,68113,72449,72450,72451,72452,72453,72454,72455,72456,72457,72458,72459,72460,72461,72462,72463,72464,72465
501,501029,'1967',74845,63145,63146,63147,63148,63149,74846,74847,72386,72387,72388,72389,74848,72391,67993,74849,72393,74850,67997,67998,74851,74852,74853,74854,74855,74856,74857,74858,74859,74860,74861,74862,74863,74864,74865,74866,74867,74868,74869,74870,74871,74872,74873,74874,74875,74876,74877,74878,74879,74880,72425,74881,74882,74883,74884,74885,74886,74887,74888
501,501029,'1969',63311,72301,72302,72303,72304,72305,72306,72307,72308,63320,63321,63322,72309,72310,72311,63326,63327,63328,72312,68143,68144,68145,68146,68147,68148,68149,68150,72313,72314,72315,72316,68155,68156,68157,68158,68159,68160,72317,72318,72319,72320,72321,72322,72323,72324,72325,72326,72327,72328,72329,72330,72331,72332,72333
501,501029,'1976',72334,72335,63073,63074,72336,72337,74830,63078,72339,72340,74831,74832,72343,72344,72345,63086,74833,74834,68221,74835,72349,74836,72351,68222,72352,72353,72354,72355,68223,72356,74837,72358,72359,68225,72360,74838,68226,72362,74839,72364,72365,72366,72367,68231,72368,68232,72369,63118,72370,74840,63121,68235,72372,63124,74841,72373,68239,74842,72375,74843,63131,72376,68242,72377,68244,72378,63137,68246,63139,74844,72380,72381,72382
501,501029,'1977',75995,75996,75997,75998,75999,76000,76001,76002,76003,76004,76005,76006,76007,76008,76009,76010,76011,76012,76013,76014,76015,76016,76017,76018,76019,76020,76021,76022,76023,76024,76025,76026,76027,76028,76029,76030,76031,76032,76033,76034,76035,76036,76037,76038,76039,76040,76041,76042,76043,76044,76045,76046,76047,76048,76049,76050,76051,76052,76053,76054,76055,76056,76057,76058,76059,76060,76061,76062,76063,76064,76065,76066,76067
502,502019,'1912',72466,72467,72468,72469,72470,72471,72472,72473,72474,72475,72476,72477,72478,72479,72480,72481,72482,72483,72484,72485,72486,72487,72488,72489,72490,72491,72492,72493,72494,72495,72496,72497,72498,72499,72500
502,502019,'1959',72614,72615,72616,72617,72618,72619,72620,72621,72622,72623,72624,72625,72626,72627,72628,72629,72630,72631,72632,72633,72634,72635,72636,72637,72638,72639,72640,72641,72642,72643,72644,72645,72646,72647,72648
502,502019,'1967',74895,74896,74897,74898,74899,74900,74901,72586,74902,72588,72589,72590,72591,72592,72593,72594,74903,74904,74905,74906,74907,74908,74909,74910,74911,74912,74913,74914,74915,74916,74917,74918,74919,74920,74921
502,502019,'1969',72501,72502,72503,72504,72505,72506,72507,72508,72509,72510,72511,72512,72513,72514,72515,72516,72517,72518,72519,72520,72521,72522,72523,72524,72525,72526,72527,72528,72529,72530,72531,72532,72533,72534,72535
502,502019,'1976',74889,72537,74890,72539,72540,74891,72542,72543,72544,72545,72546,72547,74892,72549,74893,72551,72552,72553,74894,72555,72556,72557,72558,72559,72560,72561,72562,72563,72564,72565,72566,72567,72568,72569,72570,72571,72572,72573,72574,72575,72576,72577,72578
502,502019,'1977',76068,76069,76070,76071,76072,76073,76074,76075,76076,76077,76078,76079,76080,76081,76082,76083,76084,76085,76086,76087,76088,76089,76090,76091,76092,76093,76094,76095,76096,76097,76098,76099,76100,76101,76102,76103,76104,76105,76106,76107,76108,76109,76110
502,502029,'1912',72649,72650,72651,72652,72653,72654,72655,72656,72657,72658,72659,72660,72661,72662,72663,72664,72665,72666,72667,72668,72669,72670,72671,72672,72673,72674,72675,72676,72677,72678,72679,72680,72681,72682,72683,72684,72685,72686,72687,72688,72689,72690,72691,72692,72693,72694,72695,72696,72697,72698
502,502029,'1959',72875,72876,72877,72878,72879,72880,72881,72882,72883,72884,72885,72886,72887,72888,72889,72890,72891,72892,72893,72894,72895,72896,72897,72898,72899,72900,72901,72902,72903,72904,72905,72906,72907,72908,72909,72910,72911,72912,72913,72914,72915,72916,72917,72918,72919,72920,72921,72922,72923,72924
502,502029,'1967',74930,74931,74932,74933,74934,74935,74936,72827,72828,74937,72830,72831,72832,72833,72834,72835,74938,74939,72838,72839,72840,72841,72842,72843,72844,72845,72846,72847,72848,72849,72850,72851,72852,72853,72854,72855,74940,74941,74942,74943,74944,74945,74946,74947,74948,74949,74950,74951,74952,74953,74954,74955,72872,74956,74957
502,502029,'1969',72699,72700,72701,72702,72703,72704,72705,72706,72707,72708,72709,72710,72711,72712,72713,72714,72715,72716,72717,72718,72719,72720,72721,72722,72723,72724,72725,72726,72727,72728,72729,72730,72731,72732,72733,72734,72735,72736,72737,72738,72739,72740,72741,72742,72743,72744,72745,72746,72747,72748
502,502029,'1976',74922,74923,72751,72752,72753,74924,72755,72756,72757,72758,72759,74925,72761,72762,72763,72764,72765,72766,72767,72768,72769,72770,72771,72772,72773,74926,72775,72776,72777,74927,72779,72780,74928,72782,72783,72784,72785,74929,72787,72788,72789,72790,72791,72792,72793,72794,72795,72796,72797,72798,72799,72800,72801,72802,72803,72804,72805,72806,72807,72808,72809,72810,72811,72812,72813,72814,72815,72816,72817,72818,72819
502,502029,'1977',76111,76112,76113,76114,76115,76116,76117,76118,76119,76120,76121,76122,76123,76124,76125,76126,76127,76128,76129,76130,76131,76132,76133,76134,76135,76136,76137,76138,76139,76140,76141,76142,76143,76144,76145,76146,76147,76148,76149,76150,76151,76152,76153,76154,76155,76156,76157,76158,76159,76160,76161,76162,76163,76164,76165,76166,76167,76168,76169,76170,76171,76172,76173,76174,76175,76176,76177,76178,76179,76180,76181
600,600019,'1977',76182,76183,76184,76185,76186,76187,76188,76189
600,600029,'1977',76190,76191,76192,76193,76194,76195,76196,76197,76198,76199,76200
601,601019,'1912',64031,64032,64033
601,601019,'1959',64034,64035,64036,64037,64038,64039,64040,64041,64042,64043,64044,64045,64046,64047,64048,64049,64050,64051,64052,64053,64054,64055,64056,64057,64058,64059,64060,64061,64062,64063,64064,64065,64066,64067,64068
601,601019,'1967',63996,63997,63998,63999,64000,64001,64002,64003,64004,64005,64006,64007,64008,64009,64010,64011,64012,64013,64014,64015,64016,64017,64018,64019,64020,64021,64022,64023,64024,64025,64026,64027,64028,64029,64030
601,601019,'1969',64069,64070,64071,64072,64073
601,601019,'1976',63944,63945,63946,63947,63948,63949,63950,63951,63952,63953,63954,63955,63956,63957,63958,63959,74958,74959,63962,63963,63964,74960,74961,63967,63968,63969,63970,63971,63972,63973,63974,63975,63976,63977,63978,63979,63980,63981,63982,63983,63984,63985,63986,63987,63988,63989,63990,63991,63992,63993,63994,63995
601,601019,'1977',76201,76202,76203,76204,76205
602,602019,'1912',64193,64194,64195
602,602019,'1959',64196,64197,64198,64199,64200,64201,64202,64203,64204,64205,64206,64207,64208,64209,64210,64211,64212,64213,64214,64215,64216,64217,64218,64219,64220,64221,64222,64223,64224,64225,64226,64227,64228,64229,64230
602,602019,'1967',64158,64159,64160,64161,64162,64163,64164,64165,64166,64167,64168,64169,64170,64171,64172,64173,64174,64175,64176,64177,64178,64179,64180,64181,64182,64183,64184,64185,64186,64187,64188,64189,64190,64191,64192
602,602019,'1969',64231,64232,64233,64234,64235
602,602019,'1976',64109,64110,64111,64112,64113,64114,64115,64116,64117,64118,64119,64120,64121,64122,64123,64124,64125,64126,64127,64128,64129,64130,64131,64132,64133,64134,64135,64136,64137,64138,64139,64140,64141,74962,64143,64144,64145,74963,64147,74964,74965,64150,64151,64152,64153,64154,64155,64156,64157
602,602019,'1977',76206,76207,76208,76209,76210
701,701019,'1912',72933,68854,68855,68856,68857,68858,72934,68860,68861,68862,68863,68864,68865,68866,68867,68868,68869,68870,68871,68872,68873,68874,68875,68876,68877,68878,72935,72936,72937,72938,72939,72940,72941,72942,72943,72944,72945,72946,72947,72948,68893,68894,72949,72950,72951,72952,72953,72954,72955,72956,72957,72958,68905,72959,72960,72961,68909,72962,72963,72964,72965,72966,68915,72967,72968,72969,68919,72970,72971,72972,72973,72974,68925,72975,72976,68928,72977,72978,72979,72980,72981,68934,72982,72983,68937,68938,72984,68940,72985,72986,68943,72987,72988,72989,72990,68948,72991,72992,68951
701,701019,'1959',73142,68953,68954,68955,68956,68957,73143,68959,68960,68961,68962,68963,68964,68965,68966,68967,68968,68969,68970,68971,68972,68973,68974,68975,68976,68977,73144,73145,73146,73147,73148,73149,73150,73151,73152,73153,73154,73155,73156,73157,68992,68993,73158,73159,73160,73161,73162,73163,73164,73165,73166,73167,69004,73168,73169,73170,69008,73171,73172,73173,73174,73175,69014,73176,73177,73178,69018,73179,73180,73181,73182,73183,69024,73184,73185,69027,73186,73187,73188,73189,73190,69033,73191,73192,69036,69037,73193,69039,73194,73195,69042,73196,73197,73198,73199,69047,73200,73201,69050
701,701019,'1967',68754,68755,68756,68757,68758,68759,68760,68761,68762,68763,68764,68765,68766,68767,68768,68769,68770,68771,68772,68773,68774,68775,68776,68777,68778,68779,68780,68781,68782,68783,68784,68785,68786,68787,74988,68789,73123,68791,73124,74989,68794,73126,68796,68797,68798,68799,68800,68801,73127,68803,68804,68805,68806,68807,68808,68809,73128,68811,68812,68813,68814,68815,68816,73129,68818,68819,68820,73130,68822,73131,73132,68825,68826,73133,73134,68829,68830,68831,68832,68833,68834,68835,68836,73135,68838,68839,68840,68841,68842,68843,73136,73137,73138,73139,73140,68849,68850,73141,68852
701,701019,'1969',72993,69052,69053,69054,69055,69056,72994,69058,69059,69060,69061,69062,69063,69064,69065,69066,69067,69068,69069,69070,69071,69072,69073,69074,69075,69076,72995,72996,72997,72998,72999,73000,73001,73002,73003,73004,73005,73006,73007,73008,69091,69092,73009,73010,73011,73012,73013,73014,73015,73016,73017,73018,69103,73019,73020,73021,69107,73022,73023,73024,73025,73026,69113,73027,73028,73029,69117,73030,73031,73032,73033,73034,69123,73035,73036,69126,73037,73038,73039,73040,73041,69132,73042,73043,69135,69136,73044,69138,73045,73046,69141,73047,73048,73049,73050,69146,73051,73052,69149
701,701019,'1976',73053,73054,69208,73055,73056,73057,69212,73058,69214,73059,69216,73060,73061,73062,74966,74967,69222,73065,73066,73067,74968,74969,74970,69229,73070,73071,73072,74971,74972,74973,69236,73075,73076,73077,74974,69241,73079,69243,73080,73081,69246,69247,73082,73083,74975,73085,74976,69253,69254,69255,74977,73087,74978,69259,69260,73089,69262,69263,73090,69265,69266,73091,69268,73092,74979,73094,73095,74980,69274,73097,74981,74982,73099,73100,69280,73101,73102,69283,69284,73103,69286,73104,69288,69289,73105,69291,69292,74983,73107,73108,73109,73110,73111,69299,69300,73112,69302,73113,73114,73115,73116,69307,74984,73118,73119,69310,73120,74985,74986,74987
701,701019,'1977',76211,76212,76213,76214,76215,76216,76217,76218,76219,76220,76221,76222,76223,76224,76225,76226,76227,76228,76229,76230,76231,76232,76233,76234,76235,76236,76237,76238,76239,76240,76241,76242,76243,76244,76245,76246,76247,76248,76249,76250,76251,76252,76253,76254,76255,76256,76257,76258,76259,76260,76261,76262,76263,76264,76265,76266,76267,76268,76269,76270,76271,76272,76273,76274,76275,76276,76277,76278,76279,76280,76281,76282,76283,76284,76285,76286,76287,76288,76289,76290,76291,76292,76293,76294,76295,76296,76297,76298,76299,76300,76301,76302,76303,76304,76305,76306,76307,76308,76309,76310,76311,76312,76313,76314,76315,76316,76317,76318,76319,76320
702,702019,'1912',73202,73203,73204,73205,73206,73207,73208,69356,73209,73210,73211,69360,73212,73213,73214,73215,73216,73217,73218,73219,73220,73221,73222,69372,73223,73224,69375,73225,69377,73226,73227,73228,73229,73230,73231
702,702019,'1959',73291,73292,73293,73294,73295,73296,73297,69391,73298,73299,73300,69395,73301,73302,73303,73304,73305,73306,73307,73308,73309,73310,73311,69407,73312,73313,69410,73314,69412,73315,73316,73317,73318,73319,73320
702,702019,'1967',69314,69315,69316,69317,69318,69319,69320,69321,69322,69323,69324,69325,69326,69327,69328,69329,69330,69331,69332,73289,69334,69335,69336,69337,69338,69339,69340,69341,69342,69343,69344,69345,69346,73290,69348
702,702019,'1969',73232,73233,73234,73235,73236,73237,73238,69426,73239,73240,73241,69430,73242,73243,73244,73245,73246,73247,73248,73249,73250,73251,73252,69442,73253,73254,69445,73255,69447,73256,73257,73258,73259,73260,73261
702,702019,'1976',73262,73263,69477,73264,64880,69479,74990,73266,74991,69483,73268,74992,74993,73270,73271,74994,73273,73274,73275,73276,73277,73278,74995,69495,69496,73280,69498,73281,73282,69501,73283,69503,69504,73284,69506,69507,73285,73286,73287,69511,73288
702,702019,'1977',76321,76322,76323,76324,76325,76326,76327,76328,76329,76330,76331,76332,76333,76334,76335,76336,76337,76338,76339,76340,76341,76342,76343,76344,76345,76346,76347,76348,76349,76350,76351,76352,76353,76354,76355,76356,76357,76358,76359,76360,76361
702,702029,'1912',73321,73322,73323,73324,73325,73326,73327,69582,73328,73329,73330,73331,73332,73333,73334,73335,73336,73337,69593,73338,73339,73340,73341,73342,73343,73344,73345,69602,73346,69604,73347,69606,73348,73349,73350,69610,69611,69612,69613,69614,69615,69616,69617,69618,69619,69620,69621,69622,69623,69624,69625,69626,69627,69628,69629,69630,69631,69632,69633,69634,69635,73351,69637
702,702029,'1959',73443,73444,73445,73446,73447,73448,73449,69645,73450,73451,73452,73453,73454,73455,73456,73457,73458,73459,69656,73460,73461,73462,73463,73464,73465,73466,73467,69665,73468,69667,73469,69669,73470,73471,73472,69673,69674,69675,69676,69677,69678,69679,69680,69681,69682,69683,69684,69685,69686,69687,69688,69689,69690,69691,69692,69693,69694,69695,69696,69697,69698,73473,69700
702,702029,'1967',69513,69514,69515,69516,69517,69518,69519,69520,69521,69522,69523,69524,69525,69526,69527,75013,73425,69530,73426,65204,73427,75014,73429,69535,69536,69537,69538,69539,69540,69541,73430,69543,69544,69545,69546,69547,73431,69549,69550,69551,69552,69553,73432,69555,73433,69557,69558,69559,73434,69561,73435,73436,73437,73438,73439,69567,73440,73441,73442,69571,69572,69573,69574
702,702029,'1969',73352,73353,73354,73355,73356,73357,73358,69708,73359,73360,73361,73362,73363,73364,73365,73366,73367,73368,69719,73369,73370,73371,73372,73373,73374,73375,73376,69728,73377,69730,73378,69732,73379,73380,73381,69736,69737,69738,69739,69740,69741,69742,69743,69744,69745,69746,69747,69748,69749,69750,69751,69752,69753,69754,69755,69756,69757,69758,69759,69760,69761,73382,69763
702,702029,'1976',73383,73384,69798,73385,65124,73386,74996,73388,74997,69804,73390,74998,74999,73392,73393,75000,73395,73396,73397,73398,73399,75001,69815,73401,69817,73402,73403,69820,73404,69822,69823,73405,69825,73406,75002,69828,73408,75003,75004,73410,73411,75005,69835,73413,75006,69838,69839,75007,73415,75008,75009,69844,75010,75011,73418,69848,69849,69850,69851,73419,73420,73421,75012,69856,73423
702,702029,'1977',76362,76363,76364,76365,76366,76367,76368,76369,76370,76371,76372,76373,76374,76375,76376,76377,76378,76379,76380,76381,76382,76383,76384,76385,76386,76387,76388,76389,76390,76391,76392,76393,76394,76395,76396,76397,76398,76399,76400,76401,76402,76403,76404,76405,76406,76407,76408,76409,76410,76411,76412,76413,76414,76415,76416,76417,76418,76419,76420,76421,76422,76423,76424,76425,76426
801,801019,'1912',69884,73474,69886,69887,69888,69889,69890,69891,69892,73475,69894,69895,69896,69897,69898,69899,69900,69901,69902,69903,69904,69905,69906,69907,69908,69909
801,801019,'1959',69910,73516,69912,69913,69914,69915,69916,69917,69918,73517,69920,69921,69922,69923,69924,69925,69926,69927,69928,69929,69930,69931,69932,69933,69934,69935
801,801019,'1967',69858,73500,75029,69861,73502,69863,73503,75030,69866,69867,69868,73505,69870,69871,69872,73506,69874,73507,73508,73509,73510,73511,73512,73513,73514,73515
801,801019,'1969',69936,73476,69938,69939,69940,69941,69942,69943,69944,73477,69946,69947,69948,69949,69950,69951,69952,69953,69954,69955,69956,69957,69958,69959,69960,69961
801,801019,'1976',73478,73479,75015,69984,73481,75016,75017,73483,73484,75018,69991,73486,69993,75019,69995,69996,75020,69998,75021,75022,70001,73490,73491,65486,65487,73492,73493,75023,75024,73496,75025,70008,75026,75027,75028
801,801019,'1977',76427,76428,76429,76430,76431,76432,76433,76434,76435,76436,76437,76438,76439,76440,76441,76442,76443,76444,76445,76446,76447,76448,76449,76450,76451,76452,76453,76454,76455,76456,76457,76458,76459,76460,76461
802,802019,'1912',70036,70037,70038,70039,70040,70041,70042,70043,70044,70045,70046,70047,70048,70049,70050,70051,70052,70053,70054,70055,73518,70057,70058,70059,70060,70061,70062
802,802019,'1959',70063,70064,70065,70066,70067,70068,70069,70070,70071,70072,70073,70074,70075,70076,70077,70078,70079,70080,70081,70082,73559,70084,70085,70086,70087,70088,70089
802,802019,'1967',73542,70011,70012,73543,70014,70015,70016,73544,73545,73546,73547,70021,73548,73549,73550,70025,70026,73551,73552,75048,73554,73555,65687,73556,75049,70034,73558
802,802019,'1969',70090,70091,70092,70093,70094,70095,70096,70097,70098,70099,70100,70101,70102,70103,70104,70105,70106,70107,70108,70109,73519,70111,70112,70113,70114,70115,70116
802,802019,'1976',73520,73521,75031,70138,73523,75032,75033,73525,73526,75034,70145,73528,75035,75036,70149,75037,70151,70152,75038,75039,75040,73533,75041,75042,70157,75043,75044,73536,73537,73538,70163,73539,75045,65662,75046,75047
802,802019,'1977',76462,76463,76464,76465,76466,76467,76468,76469,76470,76471,76472,76473,76474,76475,76476,76477,76478,76479,76480,76481,76482,76483,76484,76485,76486,76487,76488,76489,76490,76491,76492,76493,76494,76495,76496,76497
10019,10019019,'1976',73560,73561,70175,73562,73563,73564,73565,73566,65781,75050,75051
10019,10019019,'1977',76498,76499,76500,76501,76502,76503,76504,76505,76506,76507,76508
10019,10019029,'1976',75052,73570,65786,73571,75053,73573,70189,73574,73575,73576,73577
10019,10019029,'1977',76509,76510,76511,76512,76513,76514,76515,76516,76517,76518,76519
10090,10090019,'1964',65795,65796,65797,65798,65799,65800,65801,65802
10090,10090029,'1964',65803,65804,65805,65806,65807,65808,65809,65810
20090,20090019,'1964',65811,65812,65813,65814,65815,65816,65817,65818
20090,20090029,'1964',65819,65820,65821,65822,65823,65824,65825,65826
14000001,14000001019,'1912',75054,70196,65844,65845,70197
14000001,14000001019,'1959',75057,70198,65849,65850,70199
14000001,14000001019,'1967',73583,65838,75056,65840,73585
14000001,14000001019,'1969',75058,70200,65854,65855,70201
14000001,14000001019,'1976',73580,75055,65834,65835,73582
14000001,14000001019,'1977',76520,76521,76522,76523,76524
14000001,14000001029,'1912',70205,65880,70206,75059,75060,65884,73589
14000001,14000001029,'1959',70208,65887,70209,75066,75067,65891,73605
14000001,14000001029,'1967',65872,75063,73599,65875,75064,75065,73602
14000001,14000001029,'1969',70211,65894,70212,75068,75069,65898,73592
14000001,14000001029,'1976',65864,73593,73594,73595,75061,75062,65870,65871
14000001,14000001029,'1977',76525,76526,76527,76528,76529,76530,76531,76532
