1019,'1909',802,,59087,30,,,0,101,,59076,30,,,0,132,,59067,30,,,0,100,,59072,30,,,0,170,,59075,30,,,0,100,,59099,30,,,0,130,,59096,30,,,0,70,,59089,30,,,0,197,,59084,30,,,0,30,,59083,30,,,0,95,,59100,30,,,0,128,,59093,30,,,0,170,,59090,30,,,0,30,,59088,30,,,0
1019,'1912',624,,59139,30,,,0,100,,59140,30,,,0,101,,59141,30,,,0,100,,59142,30,,,0,100,,59143,30,,,0,101,,59144,30,,,0,100,,59145,30,,,0,100,,59146,30,,,0,100,,59147,30,,,0,100,,59148,30,,,0,100,,59149,30,,,0,100,,59150,30,,,0,100,,59151,30,,,0,99,,59152,30,,,0,100,,59153,30,,,0,100,,59154,30,,,0,103,,59155,30,,,0,95,,59156,30,,,0
1019,'1924',624,,59157,30,,,0,100,,59158,30,,,0,101,,59159,30,,,0,100,,59160,30,,,0,100,,59161,30,,,0,101,,59162,30,,,0,100,,59163,30,,,0,100,,59164,30,,,0,100,,59165,30,,,0,100,,59166,30,,,0,100,,59167,30,,,0,100,,59168,30,,,0,100,,59169,30,,,0,99,,59170,30,,,0,100,,59171,30,,,0,100,,59172,30,,,0,103,,59173,30,,,0,95,,59174,30,,,0
1019,'1925',624,,59175,30,,,0,100,,59176,30,,,0,101,,59177,30,,,0,100,,59178,30,,,0,100,,59179,30,,,0,101,,59180,30,,,0,100,,59181,30,,,0,100,,59182,30,,,0,100,,59183,30,,,0,100,,59184,30,,,0,100,,59185,30,,,0,100,,59186,30,,,0,100,,59187,30,,,0,99,,59188,30,,,0,100,,59189,30,,,0,100,,59190,30,,,0,103,,59191,30,,,0,95,,59192,30,,,0
1019,'1949',732,,65941,30,,,0,100,,65942,30,,,0,173,,65943,30,,,0,100,,65945,30,,,0,130,,65946,30,,,0,100,,65940,30,,,0,170,,65944,30,,,0
1019,'1955',555,,65933,30,,,0,70,,65923,30,,,0,30,,65909,30,,,0,70,,65927,30,,,0,30,,65918,30,,,0,70,,65903,30,,,0,30,,65924,30,,,0,70,,65925,30,,,0,30,,65908,30,,,0,71,,65928,30,,,0,30,,65917,30,,,0,70,,65902,30,,,0,30,,65912,30,,,0,70,,65922,30,,,0,30,,65907,30,,,0,70,,65929,30,,,0,30,,65916,30,,,0,70,,65901,30,,,0,30,,65911,30,,,0,70,,65921,30,,,0,30,,65906,30,,,0,70,,65930,30,,,0,30,,65915,30,,,0,70,,65900,30,,,0,30,,65910,30,,,0,70,,65920,30,,,0,30,,65904,30,,,0,69,,65931,30,,,0,30,,65913,30,,,0,70,,59103,30,,,0,30,,65905,30,,,0,70,,65919,30,,,0,34,,65914,30,,,0,70,,65932,30,,,0,30,,65926,30,,,0,65,,59129,30,,,0
1019,'1957',554,,70230,30,,,0,75,,70228,30,,,0,30,,70217,30,,,0,276,,70229,30,,,0,270,,70218,30,,,0,230,,70216,30,,,0,200,,70221,30,,,0,70,,70219,30,,,0,29,,70222,30,,,0,168,,70220,30,,,0,55,,70226,30,,,0,68,,70227,30,,,0,100,,70225,30,,,0,30,,70224,30,,,0,170,,70223,30,,,0
1019,'1958',555,,70266,30,,,0,70,,70255,30,,,0,30,,70241,30,,,0,70,,70260,30,,,0,30,,70250,30,,,0,70,,70235,30,,,0,30,,70256,30,,,0,70,,70258,30,,,0,30,,70240,30,,,0,71,,70261,30,,,0,30,,70249,30,,,0,70,,70234,30,,,0,30,,70244,30,,,0,70,,70254,30,,,0,30,,70239,30,,,0,70,,70262,30,,,0,30,,70248,30,,,0,70,,70233,30,,,0,30,,70243,30,,,0,70,,70253,30,,,0,30,,70238,30,,,0,70,,70263,30,,,0,30,,70247,30,,,0,70,,70232,30,,,0,30,,70242,30,,,0,70,,70252,30,,,0,30,,70236,30,,,0,69,,70264,30,,,0,30,,70245,30,,,0,70,,70231,30,,,0,30,,70237,30,,,0,70,,70251,30,,,0,34,,70246,30,,,0,70,,70265,30,,,0,30,,70259,30,,,0,65,,70257,30,,,0
802019,'1909',746,,65662,6,,,0,961,,65647,6,,,0
802019,'1910',936,,70034,6,,,0,201,,70011,6,,,0,100,,70025,6,,,0,200,,70021,6,,,0,100,,70015,6,,,0,100,,70012,6,,,0,100,,70016,6,,,0,100,,70014,6,,,0,69,,70026,6,,,0,130,,65687,6,,,0
802019,'1912',836,,70057,6,,,0,70,,70055,6,,,0,30,,73518,6,,,0,70,,70060,6,,,0,30,,70046,6,,,0,70,,70052,6,,,0,30,,70051,6,,,0,71,,70036,6,,,0,30,,70050,6,,,0,70,,70044,6,,,0,30,,70045,6,,,0,70,,70062,6,,,0,30,,70058,6,,,0,70,,70048,6,,,0,30,,70043,6,,,0,70,,70059,6,,,0,30,,70049,6,,,0,70,,70037,6,,,0,30,,70038,6,,,0,70,,70053,6,,,0,30,,70047,6,,,0,69,,70042,6,,,0,30,,70040,6,,,0,70,,70054,6,,,0,30,,70041,6,,,0,70,,70039,6,,,0,30,,70061,6,,,0
802019,'1924',836,,70084,6,,,0,70,,70082,6,,,0,100,,70087,6,,,0,30,,70073,6,,,0,70,,70079,6,,,0,30,,70078,6,,,0,71,,70063,6,,,0,30,,70077,6,,,0,70,,70071,6,,,0,30,,70072,6,,,0,70,,70089,6,,,0,30,,70085,6,,,0,70,,70075,6,,,0,30,,70070,6,,,0,70,,70086,6,,,0,30,,70076,6,,,0,70,,70064,6,,,0,30,,70065,6,,,0,70,,70080,6,,,0,30,,70074,6,,,0,69,,70069,6,,,0,30,,70067,6,,,0,70,,70081,6,,,0,30,,70068,6,,,0,70,,70066,6,,,0,30,,70088,6,,,0
802019,'1925',836,,70111,6,,,0,70,,70109,6,,,0,30,,73519,6,,,0,70,,70114,6,,,0,30,,70100,6,,,0,70,,70106,6,,,0,30,,70105,6,,,0,71,,70090,6,,,0,30,,70104,6,,,0,70,,70098,6,,,0,30,,70099,6,,,0,70,,70116,6,,,0,30,,70112,6,,,0,70,,70102,6,,,0,30,,70097,6,,,0,70,,70113,6,,,0,30,,70103,6,,,0,70,,70091,6,,,0,30,,70092,6,,,0,70,,70107,6,,,0,30,,70101,6,,,0,69,,70096,6,,,0,30,,70094,6,,,0,70,,70108,6,,,0,30,,70095,6,,,0,70,,70093,6,,,0,30,,70115,6,,,0
802019,'1949',611,,70165,6,,,0,393,,70138,6,,,0,100,,70140,6,,,0,230,,70145,6,,,0,103,,70147,6,,,0,90,,70149,6,,,0,80,,70163,6,,,0,20,,70151,6,,,0,20,,70152,6,,,0,259,,70155,6,,,0,100,,70157,6,,,0,25,,70158,6,,,0
802019,'1955',836,,70032,6,,,0,70,,70031,6,,,0,101,,70035,6,,,0,30,,70020,6,,,0,70,,70024,6,,,0,100,,70022,6,,,0,100,,70023,6,,,0,30,,70010,6,,,0,70,,70027,6,,,0,100,,70019,6,,,0,100,,70017,6,,,0,100,,70018,6,,,0,100,,70013,6,,,0,129,,70030,6,,,0,70,,70033,6,,,0,100,,70028,6,,,0,30,,70029,6,,,0
802019,'1956',936,,70083,6,,,0
802019,'1957',656,,73539,6,,,0,70,,73538,6,,,0,80,,73520,6,,,0,30,,73537,6,,,0,70,,73521,6,,,0,28,,73522,6,,,0,100,,73523,6,,,0,100,,73524,6,,,0,70,,73525,6,,,0,30,,73526,6,,,0,70,,73527,6,,,0,100,,73528,6,,,0,103,,73529,6,,,0,40,,73530,6,,,0,180,,73531,6,,,0,19,,73540,6,,,0,60,,73532,6,,,0,20,,73541,6,,,0,20,,73533,6,,,0,90,,73534,6,,,0,165,,73535,6,,,0,30,,73536,6,,,0
802019,'1958',836,,73556,6,,,0,70,,73555,6,,,0,101,,73558,6,,,0,30,,73547,6,,,0,70,,73550,6,,,0,100,,73548,6,,,0,100,,73549,6,,,0,30,,73542,6,,,0,70,,73551,6,,,0,100,,73546,6,,,0,100,,73544,6,,,0,100,,73545,6,,,0,100,,73543,6,,,0,129,,73554,6,,,0,70,,73557,6,,,0,100,,73552,6,,,0,30,,73553,6,,,0
802019,'1959',936,,73559,6,,,0
