2029,'1912',1741,,70493,16,4,,0,100,,70492,16,4,,0,465,,70494,16,4,,0
2029,'1925',1741,,70525,16,4,,0,100,,70524,16,4,,0,465,,70526,16,4,,0
2029,'1955',1941,,59615,16,4,,0,367,,59612,16,4,,0
2029,'1956',1741,,59678,16,4,,0,100,,59677,16,4,,0,465,,59679,16,4,,0
2029,'1957',1942,,70552,16,4,,0,367,,70546,16,4,,0
2029,'1958',1941,,70596,16,4,,0,367,,70593,16,4,,0
2029,'1959',1741,,70626,16,4,,0,100,,70625,16,4,,0,465,,70627,16,4,,0
7029,'1909',2042,,60616,12,4,,0
7029,'1910',2042,,66655,12,4,,0,100,,66654,12,4,,0
7029,'1912',943,,60681,12,4,,0,100,,60676,12,4,,0,100,,71209,12,4,,0,101,,71203,12,4,,0,100,,66666,12,4,,0,100,,66659,12,4,,0,100,,71206,12,4,,0,100,,71202,12,4,,0,100,,71207,12,4,,0,99,,71201,12,4,,0,100,,71208,12,4,,0,199,,71205,12,4,,0,170,,60686,12,4,,0
7029,'1924',943,,60715,12,4,,0,100,,60710,12,4,,0,301,,66679,12,4,,0,100,,66672,12,4,,0,868,,60720,12,4,,0
7029,'1925',943,,60749,12,4,,0,100,,60744,12,4,,0,100,,71219,12,4,,0,101,,71213,12,4,,0,100,,66692,12,4,,0,100,,66685,12,4,,0,100,,71216,12,4,,0,100,,71212,12,4,,0,100,,71217,12,4,,0,99,,71211,12,4,,0,100,,71218,12,4,,0,199,,71215,12,4,,0,170,,60754,12,4,,0
7029,'1955',2242,,66653,12,4,,0
7029,'1956',1143,,66680,12,4,,0,101,,66673,12,4,,0,300,,66676,12,4,,0,100,,66671,12,4,,0,100,,66677,12,4,,0,99,,66670,12,4,,0,100,,66678,12,4,,0,199,,66675,12,4,,0
7029,'1957',2142,,71247,12,4,,0,100,,71249,12,4,,0
7029,'1958',2242,,71271,12,4,,0
7029,'1959',1143,,71280,12,4,,0,101,,71274,12,4,,0,300,,71277,12,4,,0,100,,71273,12,4,,0,100,,71278,12,4,,0,99,,71272,12,4,,0,100,,71279,12,4,,0,199,,71276,12,4,,0
