1019,'1912',607,,73606,9,,,0,100,,73607,9,,,0,100,,73608,9,,,0,100,,73609,9,,,0,100,,73610,9,,,0,100,,73611,9,,,0,100,,73612,9,,,0,100,,73613,9,,,0,100,,73614,9,,,0,100,,73615,9,,,0,100,,73616,9,,,0,100,,73617,9,,,0,100,,73618,9,,,0,100,,73619,9,,,0,100,,73620,9,,,0,100,,73621,9,,,0,100,,73622,9,,,0,100,,73623,9,,,0
1019,'1966',536,,70266,9,,,0,70,,70255,9,,,0,30,,70241,9,,,0,70,,70260,9,,,0,30,,70250,9,,,0,70,,70235,9,,,0,30,,70256,9,,,0,70,,70258,9,,,0,30,,70240,9,,,0,72,,70261,9,,,0,30,,70249,9,,,0,70,,70234,9,,,0,30,,70244,9,,,0,70,,70254,9,,,0,30,,70239,9,,,0,70,,70262,9,,,0,30,,70248,9,,,0,70,,70233,9,,,0,30,,70243,9,,,0,70,,70253,9,,,0,30,,70238,9,,,0,70,,70263,9,,,0,30,,70247,9,,,0,70,,70232,9,,,0,30,,70242,9,,,0,70,,70252,9,,,0,30,,70236,9,,,0,69,,70264,9,,,0,30,,70245,9,,,0,70,,70231,9,,,0,30,,70237,9,,,0,70,,70251,9,,,0,30,,70246,9,,,0,70,,70265,9,,,0,30,,70259,9,,,0,70,,70257,9,,,0
1019,'1968',607,,59175,9,,,0,100,,59176,9,,,0,100,,59177,9,,,0,100,,59178,9,,,0,100,,59179,9,,,0,100,,59180,9,,,0,100,,59181,9,,,0,100,,59182,9,,,0,100,,59183,9,,,0,100,,59184,9,,,0,100,,59185,9,,,0,100,,59186,9,,,0,100,,59187,9,,,0,100,,59188,9,,,0,100,,59189,9,,,0,100,,59190,9,,,0,100,,59191,9,,,0,100,,59192,9,,,0
1019,'1970',536,,73659,9,,,0,75,,73655,9,,,0,30,,73631,9,,,0,72,,73626,9,,,0,30,,73644,9,,,0,70,,73628,9,,,0,30,,73633,9,,,0,70,,73658,9,,,0,30,,73630,9,,,0,70,,73624,9,,,0,30,,73643,9,,,0,70,,73629,9,,,0,30,,73634,9,,,0,70,,73654,9,,,0,30,,73632,9,,,0,70,,73625,9,,,0,30,,73656,9,,,0,70,,73627,9,,,0,30,,73635,9,,,0,70,,73653,9,,,0,30,,73646,9,,,0,70,,73638,9,,,0,30,,73636,9,,,0,70,,73639,9,,,0,30,,73641,9,,,0,70,,73640,9,,,0,30,,73637,9,,,0,65,,73657,9,,,0,30,,73651,9,,,0,68,,73652,9,,,0,30,,73650,9,,,0,70,,73649,9,,,0,30,,73648,9,,,0,70,,73647,9,,,0,30,,73645,9,,,0,70,,73642,9,,,0
1019,'1971',536,,73695,9,,,0,70,,73684,9,,,0,30,,73670,9,,,0,70,,73689,9,,,0,30,,73679,9,,,0,70,,73664,9,,,0,30,,73685,9,,,0,70,,73687,9,,,0,30,,73669,9,,,0,72,,73690,9,,,0,30,,73678,9,,,0,70,,73663,9,,,0,30,,73673,9,,,0,70,,73683,9,,,0,30,,73668,9,,,0,70,,73691,9,,,0,30,,73677,9,,,0,70,,73662,9,,,0,30,,73672,9,,,0,70,,73682,9,,,0,30,,73667,9,,,0,70,,73692,9,,,0,30,,73676,9,,,0,70,,73661,9,,,0,30,,73671,9,,,0,70,,73681,9,,,0,30,,73665,9,,,0,69,,73693,9,,,0,30,,73674,9,,,0,70,,73660,9,,,0,30,,73666,9,,,0,70,,73680,9,,,0,30,,73675,9,,,0,70,,73694,9,,,0,30,,73688,9,,,0,70,,73686,9,,,0
1019,'1972',607,,73696,9,,,0,100,,73697,9,,,0,100,,73698,9,,,0,100,,73699,9,,,0,100,,73700,9,,,0,100,,73701,9,,,0,100,,73702,9,,,0,100,,73703,9,,,0,100,,73704,9,,,0,100,,73705,9,,,0,100,,73706,9,,,0,100,,73707,9,,,0,100,,73708,9,,,0,100,,73709,9,,,0,100,,73710,9,,,0,100,,73711,9,,,0,100,,73712,9,,,0,100,,73713,9,,,0
1019,'1973',607,,73714,9,,,0,100,,73715,9,,,0,100,,73716,9,,,0,100,,73717,9,,,0,100,,73718,9,,,0,100,,73719,9,,,0,100,,73720,9,,,0,100,,73721,9,,,0,100,,73722,9,,,0,100,,73723,9,,,0,100,,73724,9,,,0,100,,73725,9,,,0,100,,73726,9,,,0,100,,73727,9,,,0,100,,73728,9,,,0,100,,73729,9,,,0,100,,73730,9,,,0,100,,73731,9,,,0
2019,'1912',652,,73883,18,,,0,70,,73860,18,,,0,30,,73864,18,,,0,70,,73876,18,,,0,30,,73871,18,,,0,70,,73861,18,,,0,30,,73865,18,,,0,70,,73877,18,,,0,30,,73872,18,,,0,70,,73862,18,,,0,30,,73866,18,,,0,70,,73878,18,,,0,30,,73873,18,,,0,70,,73863,18,,,0,30,,73867,18,,,0,70,,73879,18,,,0,30,,73874,18,,,0,70,,73858,18,,,0,30,,73868,18,,,0,70,,73880,18,,,0,30,,73875,18,,,0,70,,73856,18,,,0,30,,73869,18,,,0,70,,73881,18,,,0,100,,73857,18,,,0,100,,73882,18,,,0,100,,73859,18,,,0,100,,73870,18,,,0,99,,73884,18,,,0
2019,'1966',621,,70404,9,,,0,30,,70411,18,,,0,70,,70420,18,,,0,30,,70427,18,,,0,70,,70405,18,,,0,30,,70412,18,,,0,70,,70421,18,,,0,30,,70428,18,,,0,72,,70406,18,,,0,30,,70413,18,,,0,70,,70422,18,,,0,30,,70429,18,,,0,70,,70407,18,,,0,30,,70414,18,,,0,70,,70423,18,,,0,30,,70430,18,,,0,70,,70408,18,,,0,30,,70415,18,,,0,70,,70424,18,,,0,30,,70431,18,,,0,70,,70409,18,,,0,30,,70416,18,,,0,70,,70425,18,,,0,30,,70432,18,,,0,70,,70410,18,,,0,30,,70417,18,,,0,70,,70426,18,,,0,99,,70418,18,,,0,100,,70433,18,,,0,100,,70419,18,,,0,100,,70434,18,,,0
2019,'1968',652,,70370,18,,,0,70,,70347,18,,,0,30,,70351,18,,,0,70,,70363,18,,,0,30,,70358,18,,,0,70,,70348,18,,,0,30,,70352,18,,,0,70,,70364,18,,,0,30,,70359,18,,,0,70,,70349,18,,,0,30,,70353,18,,,0,70,,70365,18,,,0,30,,70360,18,,,0,70,,70350,18,,,0,30,,70354,18,,,0,70,,70366,18,,,0,30,,70361,18,,,0,70,,70345,18,,,0,30,,70355,18,,,0,70,,70367,18,,,0,30,,70362,18,,,0,70,,70343,18,,,0,30,,70356,18,,,0,70,,70368,18,,,0,100,,70344,18,,,0,100,,70369,18,,,0,100,,70346,18,,,0,100,,70357,18,,,0,99,,70371,18,,,0
2019,'1970',448,,73916,9,0,5 2 13 14,0,173,,73885,18,,,0,30,,73886,18,,,0,72,,73887,18,,,0,30,,73888,18,,,0,70,,73889,18,,,0,30,,73890,18,,,0,70,,73907,18,,,0,30,,73908,18,,,0,70,,73909,18,,,0,30,,73910,18,,,0,70,,73911,18,,,0,30,,73912,18,,,0,70,,73913,18,,,0,30,,73914,18,,,0,70,,73915,18,,,0,30,,73905,18,,,0,70,,73906,18,,,0,30,,73891,18,,,0,70,,73892,18,,,0,30,,73893,18,,,0,70,,73894,18,,,0,30,,73895,18,,,0,70,,73896,18,,,0,30,,73897,18,,,0,70,,73898,18,,,0,30,,73904,18,,,0,70,,73899,18,,,0,98,,73900,18,,,0,100,,73901,18,,,0,100,,73902,18,,,0,100,,73903,18,,,0
2019,'1971',621,,73917,9,,,0,30,,73924,18,,,0,70,,73933,18,,,0,30,,73940,18,,,0,70,,73918,18,,,0,30,,73925,18,,,0,70,,73934,18,,,0,30,,73941,18,,,0,72,,73919,18,,,0,30,,73926,18,,,0,70,,73935,18,,,0,30,,73942,18,,,0,70,,73920,18,,,0,30,,73927,18,,,0,70,,73936,18,,,0,30,,73943,18,,,0,70,,73921,18,,,0,30,,73928,18,,,0,70,,73937,18,,,0,30,,73944,18,,,0,70,,73922,18,,,0,30,,73929,18,,,0,70,,73938,18,,,0,30,,73945,18,,,0,70,,73923,18,,,0,30,,73930,18,,,0,70,,73939,18,,,0,99,,73931,18,,,0,100,,73946,18,,,0,100,,73932,18,,,0,100,,73947,18,,,0
2019,'1972',652,,73975,18,,,0,70,,73952,18,,,0,30,,73956,18,,,0,70,,73968,18,,,0,30,,73963,18,,,0,70,,73953,18,,,0,30,,73957,18,,,0,70,,73969,18,,,0,30,,73964,18,,,0,70,,73954,18,,,0,30,,73958,18,,,0,70,,73970,18,,,0,30,,73965,18,,,0,70,,73955,18,,,0,30,,73959,18,,,0,70,,73971,18,,,0,30,,73966,18,,,0,70,,73950,18,,,0,30,,73960,18,,,0,70,,73972,18,,,0,30,,73967,18,,,0,70,,73948,18,,,0,30,,73961,18,,,0,70,,73973,18,,,0,100,,73949,18,,,0,100,,73974,18,,,0,100,,73951,18,,,0,100,,73962,18,,,0,99,,73976,18,,,0
2019,'1973',652,,74004,18,,,0,70,,73981,18,,,0,30,,73985,18,,,0,70,,73997,18,,,0,30,,73992,18,,,0,70,,73982,18,,,0,30,,73986,18,,,0,70,,73998,18,,,0,30,,73993,18,,,0,70,,73983,18,,,0,30,,73987,18,,,0,70,,73999,18,,,0,30,,73994,18,,,0,70,,73984,18,,,0,30,,73988,18,,,0,70,,74000,18,,,0,30,,73995,18,,,0,70,,73979,18,,,0,30,,73989,18,,,0,70,,74001,18,,,0,30,,73996,18,,,0,70,,73977,18,,,0,30,,73990,18,,,0,70,,74002,18,,,0,100,,73978,18,,,0,100,,74003,18,,,0,100,,73980,18,,,0,100,,73991,18,,,0,99,,74005,18,,,0
12019,'1965',631,,61256,9,,,0,71,,61259,9,,,0,131,,61261,9,,,0,70,,61258,9,0,5 2 12,0,130,,61238,9,0,5 2 12,0,70,,61239,9,0,5 2 12,0,30,,61240,9,0,5 2 12,0,170,,61243,9,0,5 2 12,0,30,,61244,9,0,5 2 12,0,70,,61245,9,0,5 2 12,0,399,,71547,9,,,0
12019,'1970',733,,74399,9,,,0,70,,74403,9,,,0,130,,74394,9,0,5 2 12,0,70,,74395,9,0,5 2 12,0,200,,74391,9,0,5 2 12,0,30,,74392,9,0,5 2 12,0,200,,74393,9,,,0,69,,74402,9,,,0,30,,74398,9,,,0,70,,74400,9,,,0,30,,74397,9,,,0,70,,74401,9,,,0,30,,74396,9,,,0
14000001019,'1912',2415,,65844,25,,,0,30,,70196,25,,,0,70,,75054,25,,,0,30,,65845,25,,,0,70,,70197,25,,,0
14000001019,'1959',2415,,65849,25,,,0,30,,70198,25,,,0,100,,65850,25,,,0,70,,70199,25,,,0
14000001019,'1965',2415,,65835,25,,,0,30,,73580,25,,,0,100,,65834,25,,,0,70,,73582,25,,,0
14000001019,'1966',2515,,73584,25,,,0
14000001019,'1967',2415,,65840,25,,,0,30,,73583,25,,,0,100,,65838,25,,,0,70,,73585,25,,,0
14000001019,'1968',2515,,73579,25,,,0
14000001019,'1969',2415,,65854,25,,,0,30,,70200,25,,,0,100,,65855,25,,,0,70,,70201,25,,,0
14000001019,'1970',2515,,75055,25,,,0
14000001019,'1971',2515,,75056,25,,,0
14000001019,'1972',2515,,75057,25,,,0
14000001019,'1973',2515,,75058,25,,,0
