1029,'1909',857,,59245,39,,,0,100,,59222,39,,,0,170,,59211,39,,,0,100,,59216,39,,,0,130,,59218,39,,,0,100,,59242,39,,,0,172,,59238,39,,,0,30,,59227,39,,,0,98,,59225,39,,,0,95,,59230,39,,,0,70,,59229,39,,,0,99,,59243,39,,,0,130,,59235,39,,,0,165,,59232,39,,,0
1029,'1912',620,,59281,39,,,0,100,,59282,39,,,0,100,,59283,39,,,0,100,,59284,39,,,0,101,,59285,39,,,0,100,,59286,39,,,0,100,,59287,39,,,0,100,,59288,39,,,0,100,,59289,39,,,0,100,,59290,39,,,0,100,,59291,39,,,0,100,,59292,39,,,0,100,,59293,39,,,0,100,,59294,39,,,0,100,,59295,39,,,0,100,,59296,39,,,0,101,,59297,39,,,0,94,,59298,39,,,0
1029,'1924',620,,59299,39,,,0,100,,59300,39,,,0,100,,59301,39,,,0,100,,59302,39,,,0,101,,59303,39,,,0,100,,59304,39,,,0,100,,59305,39,,,0,100,,59306,39,,,0,100,,59307,39,,,0,100,,59308,39,,,0,100,,59309,39,,,0,100,,59310,39,,,0,100,,59311,39,,,0,100,,59312,39,,,0,100,,59313,39,,,0,100,,59314,39,,,0,101,,59315,39,,,0,94,,59316,39,,,0
1029,'1925',620,,59317,39,,,0,100,,59318,39,,,0,100,,59319,39,,,0,100,,59320,39,,,0,101,,59321,39,,,0,100,,59322,39,,,0,100,,59323,39,,,0,100,,59324,39,,,0,100,,59325,39,,,0,100,,59326,39,,,0,100,,59327,39,,,0,100,,59328,39,,,0,100,,59329,39,,,0,100,,59330,39,,,0,100,,59331,39,,,0,100,,59332,39,,,0,101,,59333,39,,,0,94,,59334,39,,,0
1029,'1949',655,,65993,39,,,0,172,,65987,39,,,0,100,,65990,39,,,0,130,,65991,39,,,0,100,,65996,39,,,0,170,,65995,39,,,0,100,,65988,39,,,0,102,,65989,39,,,0,30,,65994,39,,,0
1029,'1955',620,,65951,39,,,0,30,,65963,39,,,0,70,,65970,39,,,0,30,,65958,39,,,0,70,,65979,39,,,0,30,,65967,39,,,0,72,,65950,39,,,0,29,,65962,39,,,0,70,,65973,39,,,0,30,,65957,39,,,0,70,,65980,39,,,0,30,,65966,39,,,0,70,,65949,39,,,0,30,,65961,39,,,0,70,,65972,39,,,0,30,,65956,39,,,0,70,,65952,39,,,0,30,,65965,39,,,0,70,,65948,39,,,0,30,,65960,39,,,0,70,,65968,39,,,0,30,,65955,39,,,0,70,,65977,39,,,0,30,,65964,39,,,0,69,,65947,39,,,0,31,,65959,39,,,0,70,,65971,39,,,0,30,,65953,39,,,0,70,,65975,39,,,0,30,,65974,39,,,0,70,,59246,39,,,0,30,,65954,39,,,0,70,,65969,39,,,0,30,,65978,39,,,0,67,,65976,39,,,0
1029,'1957',620,,70268,39,,,0,107,,70278,39,,,0,30,,70267,39,,,0,270,,70277,39,,,0,230,,70269,39,,,0,472,,70270,39,,,0,93,,70272,39,,,0,130,,70271,39,,,0,99,,70276,39,,,0,70,,70275,39,,,0,100,,70274,39,,,0,30,,70273,39,,,0
1029,'1958',620,,70284,39,,,0,30,,70296,39,,,0,70,,70303,39,,,0,30,,70291,39,,,0,70,,70312,39,,,0,30,,70300,39,,,0,72,,70283,39,,,0,29,,70295,39,,,0,70,,70306,39,,,0,30,,70290,39,,,0,70,,70313,39,,,0,30,,70299,39,,,0,70,,70282,39,,,0,30,,70294,39,,,0,70,,70305,39,,,0,30,,70289,39,,,0,70,,70285,39,,,0,30,,70298,39,,,0,70,,70281,39,,,0,30,,70293,39,,,0,70,,70301,39,,,0,30,,70288,39,,,0,70,,70310,39,,,0,30,,70297,39,,,0,69,,70280,39,,,0,31,,70292,39,,,0,70,,70304,39,,,0,30,,70286,39,,,0,70,,70308,39,,,0,30,,70307,39,,,0,70,,70279,39,,,0,30,,70287,39,,,0,70,,70302,39,,,0,30,,70311,39,,,0,67,,70309,39,,,0
2029,'1912',635,,70465,32,,,0,70,,70473,32,,,0,31,,70484,32,,,0,70,,70479,32,,,0,30,,70466,32,,,0,70,,70474,32,,,0,30,,70485,32,,,0,70,,70480,32,,,0,30,,70467,32,,,0,70,,70475,32,,,0,30,,70486,32,,,0,70,,70481,32,,,0,30,,70468,32,,,0,70,,70476,32,,,0,30,,70487,32,,,0,70,,70482,32,,,0,30,,70469,32,,,0,70,,70477,32,,,0,30,,70488,32,,,0,70,,70483,32,,,0,30,,70470,32,,,0,70,,70478,32,,,0,30,,70489,32,,,0,100,,70471,32,,,0,99,,70490,32,,,0,100,,70472,32,,,0,101,,70491,32,,,0,100,,70464,32,,,0
2029,'1925',635,,70497,32,,,0,70,,70505,32,,,0,31,,70516,32,,,0,70,,70511,32,,,0,30,,70498,32,,,0,70,,70506,32,,,0,30,,70517,32,,,0,70,,70512,32,,,0,30,,70499,32,,,0,70,,70507,32,,,0,30,,70518,32,,,0,70,,70513,32,,,0,30,,70500,32,,,0,70,,70508,32,,,0,30,,70519,32,,,0,70,,70514,32,,,0,30,,70501,32,,,0,70,,70509,32,,,0,30,,70520,32,,,0,70,,70515,32,,,0,30,,70502,32,,,0,70,,70510,32,,,0,30,,70521,32,,,0,100,,70503,32,,,0,99,,70522,32,,,0,100,,70504,32,,,0,101,,70523,32,,,0,100,,70496,32,,,0
2029,'1955',605,,59613,36,0,5 2 15 16 17,0,30,,59596,36,,,0,69,,59603,36,,,0,31,,59582,36,,,0,70,,59588,36,,,0,30,,59597,36,,,0,71,,59604,36,,,0,30,,59583,36,,,0,70,,59589,36,,,0,30,,59598,36,,,0,70,,59605,36,,,0,30,,59584,36,,,0,70,,59590,36,,,0,30,,59599,36,,,0,70,,59606,36,,,0,30,,59585,36,,,0,70,,59591,36,,,0,30,,59600,36,,,0,70,,59607,36,,,0,30,,59586,36,,,0,70,,59592,36,,,0,30,,59601,36,,,0,70,,59608,36,,,0,30,,59587,36,,,0,70,,59593,36,,,0,30,,59602,36,,,0,70,,59609,36,,,0,30,,59594,36,,,0,100,,59610,36,,,0,100,,59595,36,,,0,100,,59611,36,,,0
2029,'1956',635,,59650,36,,,0,70,,59658,36,,,0,31,,59669,36,,,0,70,,59664,36,,,0,30,,59651,36,,,0,70,,59659,36,,,0,30,,59670,36,,,0,70,,59665,36,,,0,30,,59652,36,,,0,70,,59660,36,,,0,30,,59671,36,,,0,70,,59666,36,,,0,30,,59653,36,,,0,70,,59661,36,,,0,30,,59672,36,,,0,70,,59667,36,,,0,30,,59654,36,,,0,70,,59662,36,,,0,30,,59673,36,,,0,70,,59668,36,,,0,30,,59655,36,,,0,70,,59663,36,,,0,30,,59674,36,,,0,100,,59656,36,,,0,99,,59675,36,,,0,100,,59657,36,,,0,101,,59676,36,,,0,100,,59649,36,,,0
2029,'1957',540,,70545,21,,,0,65,,70528,32,,,0,30,,70529,32,,,0,72,,70530,32,,,0,29,,70531,32,,,0,71,,70532,32,,,0,30,,70533,32,,,0,70,,70534,32,,,0,30,,70535,32,,,0,70,,70536,32,,,0,30,,70559,32,,,0,70,,70555,32,,,0,30,,70561,32,,,0,70,,70557,32,,,0,30,,70558,32,,,0,70,,70554,32,,,0,30,,70560,32,,,0,70,,70556,32,,,0,30,,70562,32,,,0,71,,70537,32,,,0,34,,70538,32,,,0,70,,70539,32,,,0,30,,70540,32,,,0,70,,70541,32,,,0,30,,70542,32,,,0,65,,70543,32,,,0,29,,70544,32,,,0,70,,70548,32,,,0,30,,70549,32,,,0,100,,70550,32,,,0,100,,70551,32,,,0,100,,70547,32,,,0
2029,'1958',605,,70594,32,,,0,30,,70577,32,,,0,69,,70584,32,,,0,31,,70563,32,,,0,70,,70569,32,,,0,30,,70578,32,,,0,71,,70585,32,,,0,30,,70564,32,,,0,70,,70570,32,,,0,30,,70579,32,,,0,70,,70586,32,,,0,30,,70565,32,,,0,70,,70571,32,,,0,30,,70580,32,,,0,70,,70587,32,,,0,30,,70566,32,,,0,70,,70572,32,,,0,30,,70581,32,,,0,70,,70588,32,,,0,30,,70567,32,,,0,70,,70573,32,,,0,30,,70582,32,,,0,70,,70589,32,,,0,30,,70568,32,,,0,70,,70574,32,,,0,30,,70583,32,,,0,70,,70590,32,,,0,30,,70575,32,,,0,100,,70591,32,,,0,100,,70576,32,,,0,100,,70592,32,,,0
2029,'1959',635,,70598,32,,,0,70,,70606,32,,,0,31,,70617,32,,,0,70,,70612,32,,,0,30,,70599,32,,,0,70,,70607,32,,,0,30,,70618,32,,,0,70,,70613,32,,,0,30,,70600,32,,,0,70,,70608,32,,,0,30,,70619,32,,,0,70,,70614,32,,,0,30,,70601,32,,,0,70,,70609,32,,,0,30,,70620,32,,,0,70,,70615,32,,,0,30,,70602,32,,,0,70,,70610,32,,,0,30,,70621,32,,,0,70,,70616,32,,,0,30,,70603,32,,,0,70,,70611,32,,,0,30,,70622,32,,,0,100,,70604,32,,,0,99,,70623,32,,,0,100,,70605,32,,,0,101,,70624,32,,,0,100,,70597,32,,,0
12029,'1909',645,,61285,15,,,0,71,,61282,15,,,0,30,,61275,15,,,0,171,,61262,6,,,0,30,,61263,6,,,0,70,,61264,6,,,0,130,,61267,6,,,0,70,,61268,6,,,0,30,,61269,6,,,0,170,,61272,6,,,0,29,,61278,15,,,0
12029,'1957',815,,71560,15,,,0,31,,71555,15,,,0,201,,71549,6,,,0,70,,71550,6,,,0,200,,71551,6,,,0,30,,71552,6,,,0,170,,71559,15,,,0,30,,71553,15,,,0,70,,71558,15,,,0,30,,71554,15,,,0,70,,71561,15,,,0,30,,71556,15,,,0,70,,71557,15,,,0
14000001029,'1909',444,,65864,20,0,18 7,0,2012,,65871,20,,,0,170,,65870,20,,,0
14000001029,'1910',2456,,65872,20,,,0,170,,65875,20,,,0
14000001029,'1912',546,,73589,20,0,18 7,0,1811,,70205,20,,,0,69,,73588,20,,,0,30,,65884,20,,,0,70,,70206,20,,,0,30,,73587,20,,,0,70,,65880,20,,,0
14000001029,'1924',2357,,70208,20,,,0,99,,65891,20,,,0,70,,70209,20,,,0,100,,65887,20,,,0
14000001029,'1925',546,,73592,20,0,18 7,0,1811,,70211,20,,,0,69,,73591,20,,,0,30,,65898,20,,,0,70,,70212,20,,,0,30,,73590,20,,,0,70,,65894,20,,,0
14000001029,'1955',546,,70203,20,0,18 7,0,1811,,70204,20,,,0,69,,65873,20,,,0,100,,70202,20,,,0,30,,65877,20,,,0
14000001029,'1956',546,,70210,20,0,18 7,0,1880,,65890,20,,,0,130,,65889,20,,,0
14000001029,'1957',546,,73593,20,0,18 7,0,1811,,73595,20,,,0,69,,73596,20,,,0,100,,73594,20,,,0,30,,73597,20,,,0
14000001029,'1958',546,,73600,20,0,18 7,0,1811,,73602,20,,,0,69,,73598,20,,,0,100,,73599,20,,,0,30,,73601,20,,,0
14000001029,'1959',546,,73605,20,0,18 7,0,1880,,73604,20,,,0,130,,73603,20,,,0
