6029,'1892',630,,35869,23,,,0,71,,42302,23,,,0,33,,42303,23,,,0,70,,42304,23,,,0,30,,42305,23,,,0,70,,42306,23,,,0,98,,42308,23,,,0,30,,42309,23,,,0,70,,44429,23,,,0,30,,42311,23,,,0,70,,42312,23,,,0,30,,42313,23,,,0,70,,42314,23,,,0,30,,42315,23,,,0,70,,44430,23,,,0,30,,42317,23,,,0,73,,42318,23,,,0,30,,42319,23,,,0,70,,42320,23,,,0,30,,42321,23,,,0,70,,44431,23,,,0,29,,42323,23,,,0,97,,42325,23,,,0,70,,42326,23,,,0,50,,44426,23,,,0,98,,35868,23,,,0
6029,'1896',932,,49003,23,,,0,869,,49004,23,,,0,348,,49001,23,,,0,100,,49002,23,,,0
6029,'1897',630,,49009,23,,,0,71,,49010,23,,,0,33,,49011,23,,,0,70,,49012,23,,,0,30,,49013,23,,,0,70,,49014,23,,,0,28,,49015,23,,,0,70,,49016,23,,,0,30,,49017,23,,,0,70,,49018,23,,,0,30,,49019,23,,,0,70,,49020,23,,,0,30,,49021,23,,,0,70,,49022,23,,,0,30,,49023,23,,,0,70,,49024,23,,,0,30,,49025,23,,,0,73,,49026,23,,,0,30,,49027,23,,,0,70,,49028,23,,,0,30,,49029,23,,,0,70,,49030,23,,,0,29,,49031,23,,,0,67,,49032,23,,,0,30,,49033,23,,,0,70,,49034,23,,,0,50,,49006,23,,,0,98,,49008,23,,,0,100,,49005,23,,,0,100,,49007,23,,,0
6029,'1898',627,,49036,23,,,0,30,,49038,23,,,0,65,,49054,23,,,0,30,,49062,23,,,0,70,,49037,23,,,0,30,,49048,23,,,0,70,,49055,23,,,0,30,,49063,23,,,0,71,,49047,23,,,0,30,,49060,23,,,0,70,,49046,23,,,0,30,,49052,23,,,0,70,,49045,23,,,0,30,,49059,23,,,0,70,,49044,23,,,0,30,,49051,23,,,0,70,,49043,23,,,0,30,,49058,23,,,0,70,,49042,23,,,0,30,,49050,23,,,0,70,,49041,23,,,0,30,,49057,23,,,0,70,,49040,23,,,0,30,,49049,23,,,0,70,,49039,23,,,0,30,,49056,23,,,0
502029,'1838',617,,39300,10,,,0,28,,46373,10,,,0,65,,39291,10,,,0,30,,46386,10,,,0,70,,39296,10,,,0,30,,46385,10,,,0,72,,39294,10,,,0,30,,46384,10,,,0,70,,39283,10,,,0,30,,46383,10,,,0,15,,43635,10,,,0,55,,39284,10,,,0,15,,46395,10,,,0,15,,46382,10,,,0,15,,46398,10,,,0,55,,46374,10,,,0,15,,46389,10,,,0,15,,46381,10,,,0,15,,46391,10,,,0,55,,39286,10,,,0,15,,46393,10,,,0,15,,46380,10,,,0,15,,46396,10,,,0,56,,39287,10,,,0,15,,46397,10,,,0,15,,46379,10,,,0,15,,46388,10,,,0,55,,39288,10,,,0,15,,46390,10,,,0,15,,46378,10,,,0,15,,46392,10,,,0,54,,39289,10,,,0,15,,46394,10,,,0,15,,46377,10,,,0,15,,46399,10,,,0,55,,39290,10,,,0,15,,46387,10,,,0,15,,46376,10,,,0,15,,43632,10,,,0,55,,39299,10,,,0,30,,46375,10,,,0,70,,43630,10,,,0,30,,39304,10,,,0,70,,39292,10,,,0,30,,39303,10,,,0,70,,39293,10,,,0,30,,39301,10,,,0,68,,39298,10,,,0,30,,39302,10,,,0,70,,39295,10,,,0
502029,'1867',617,,39544,10,,,0,28,,46491,10,,,0,65,,39535,10,,,0,30,,46504,10,,,0,70,,39540,10,,,0,30,,46503,10,,,0,72,,39538,10,,,0,30,,46502,10,,,0,70,,39527,10,,,0,30,,46501,10,,,0,15,,43653,10,,,0,55,,39528,10,,,0,15,,46513,10,,,0,15,,46500,10,,,0,15,,46516,10,,,0,55,,46492,10,,,0,15,,46507,10,,,0,15,,46499,10,,,0,15,,46509,10,,,0,55,,39530,10,,,0,15,,46511,10,,,0,15,,46498,10,,,0,15,,46514,10,,,0,56,,39531,10,,,0,15,,46515,10,,,0,15,,46497,10,,,0,15,,46506,10,,,0,55,,39532,10,,,0,15,,46508,10,,,0,15,,46496,10,,,0,15,,46510,10,,,0,54,,39533,10,,,0,15,,46512,10,,,0,15,,46495,10,,,0,15,,46517,10,,,0,55,,39534,10,,,0,15,,46505,10,,,0,15,,46494,10,,,0,15,,43650,10,,,0,55,,39543,10,,,0,30,,46493,10,,,0,70,,43648,10,,,0,30,,39548,10,,,0,70,,39536,10,,,0,30,,39547,10,,,0,70,,39537,10,,,0,30,,39545,10,,,0,68,,39542,10,,,0,30,,39546,10,,,0,70,,39539,10,,,0
502029,'1892',541,,46400,10,,,0,15,,39402,10,,,0,71,,39404,10,,,0,7,,43639,10,,,0,8,,46401,10,,,0,16,,43640,10,,,0,65,,46403,10,,,0,13,,46404,10,,,0,6,,39411,10,,,0,6,,46405,10,,,0,52,,46406,10,,,0,6,,46407,10,,,0,6,,43641,10,,,0,12,,46408,10,,,0,12,,39417,10,,,0,12,,43642,10,,,0,11,,46409,10,,,0,54,,46410,10,,,0,14,,46411,10,,,0,30,,46413,10,,,0,55,,46414,10,,,0,15,,46415,10,,,0,16,,46416,10,,,0,15,,46417,10,,,0,55,,46418,10,,,0,16,,46419,10,,,0,15,,46420,10,,,0,15,,43644,10,,,0,55,,46421,10,,,0,30,,46422,10,,,0,15,,39435,10,,,0,55,,43645,10,,,0,100,,39440,10,,,0,15,,46424,10,,,0,71,,46425,10,,,0,15,,46426,10,,,0,15,,39445,10,,,0,12,,39446,10,,,0,64,,43646,10,,,0,12,,46428,10,,,0,11,,46429,10,,,0,12,,39451,10,,,0,12,,39452,10,,,0,75,,46431,10,,,0,12,,46432,10,,,0,12,,46433,10,,,0,51,,39458,10,,,0,12,,46434,10,,,0,12,,39460,10,,,0,15,,46435,10,,,0,15,,46438,10,,,0,84,,46436,10,,,0,100,,46437,10,,,0,70,,39466,10,,,0,30,,39467,10,,,0,70,,39468,10,,,0,30,,39469,10,,,0,70,,39470,10,,,0
502029,'1896',611,,50579,10,,,0,100,,50580,10,,,0,231,,50581,10,,,0,287,,50582,10,,,0,100,,50583,10,,,0,15,,50584,10,,,0,15,,50585,10,,,0,86,,50586,10,,,0,109,,50587,10,,,0,151,,50588,10,,,0,12,,50589,10,,,0,195,,50590,10,,,0,99,,50591,10,,,0
502029,'1897',541,,50592,10,,,0,15,,50593,10,,,0,55,,50594,10,,,0,16,,50595,10,,,0,7,,50596,10,,,0,8,,50597,10,,,0,16,,50598,10,,,0,53,,50599,10,,,0,12,,50600,10,,,0,13,,50601,10,,,0,6,,50602,10,,,0,6,,50603,10,,,0,52,,50604,10,,,0,6,,50605,10,,,0,6,,50606,10,,,0,12,,50607,10,,,0,12,,50608,10,,,0,12,,50609,10,,,0,11,,50610,10,,,0,54,,50611,10,,,0,14,,50612,10,,,0,15,,50613,10,,,0,15,,50614,10,,,0,55,,50615,10,,,0,15,,50616,10,,,0,16,,50617,10,,,0,15,,50618,10,,,0,55,,50619,10,,,0,16,,50620,10,,,0,15,,50621,10,,,0,15,,50622,10,,,0,55,,50623,10,,,0,15,,50624,10,,,0,15,,50625,10,,,0,15,,50626,10,,,0,55,,50627,10,,,0,15,,50628,10,,,0,15,,50629,10,,,0,15,,50630,10,,,0,55,,50631,10,,,0,15,,50632,10,,,0,16,,50633,10,,,0,55,,50634,10,,,0,15,,50635,10,,,0,15,,50636,10,,,0,12,,50637,10,,,0,12,,50638,10,,,0,52,,50639,10,,,0,12,,50640,10,,,0,11,,50641,10,,,0,12,,50642,10,,,0,12,,50643,10,,,0,52,,50644,10,,,0,12,,50645,10,,,0,11,,50646,10,,,0,12,,50647,10,,,0,12,,50648,10,,,0,51,,50649,10,,,0,12,,50650,10,,,0,12,,50651,10,,,0,15,,50652,10,,,0,15,,50662,10,,,0,55,,50653,10,,,0,29,,50654,10,,,0,70,,50655,10,,,0,30,,50656,10,,,0,70,,50657,10,,,0,30,,50658,10,,,0,70,,50659,10,,,0,30,,50660,10,,,0,70,,50661,10,,,0
502029,'1898',615,,50670,10,,,0,15,,50716,10,,,0,15,,50677,10,,,0,70,,50669,10,,,0,30,,50678,10,,,0,65,,50668,10,,,0,30,,50679,10,,,0,72,,50667,10,,,0,30,,50680,10,,,0,15,,50681,10,,,0,55,,50707,10,,,0,15,,50690,10,,,0,15,,50699,10,,,0,15,,50682,10,,,0,55,,50708,10,,,0,15,,50691,10,,,0,15,,50700,10,,,0,15,,50683,10,,,0,55,,50709,10,,,0,15,,50692,10,,,0,15,,50701,10,,,0,15,,50684,10,,,0,55,,50710,10,,,0,15,,50693,10,,,0,15,,50702,10,,,0,15,,50685,10,,,0,56,,50711,10,,,0,15,,50694,10,,,0,15,,50703,10,,,0,15,,50686,10,,,0,55,,50712,10,,,0,15,,50695,10,,,0,15,,50704,10,,,0,15,,50687,10,,,0,54,,50713,10,,,0,15,,50696,10,,,0,15,,50705,10,,,0,15,,50688,10,,,0,55,,50714,10,,,0,15,,50697,10,,,0,15,,50672,10,,,0,15,,50689,10,,,0,55,,50706,10,,,0,15,,50698,10,,,0,15,,50673,10,,,0,15,,50715,10,,,0,85,,50674,10,,,0,70,,50666,10,,,0,30,,50675,10,,,0,70,,50665,10,,,0,30,,50671,10,,,0,68,,50664,10,,,0,30,,50676,10,,,0,70,,50663,10,,,0
