7019,'1912',559,,71129,12,4,,0,70,,60458,12,4,,0,30,,60459,12,4,,0,68,,66560,12,4,,0,231,,60457,31,4,,0,1268,,60477,12,4,,0,30,,60476,12,4,,0
7019,'1959',559,,71200,12,4,,0,70,,60493,12,4,,0,30,,60494,12,4,,0,68,,66573,12,4,,0,231,,60492,31,4,,0,1268,,60512,12,4,,0,30,,60511,12,4,,0
7019,'1965',557,,60398,31,4,,0,143,,60397,31,4,,0,104,,71161,31,4,,0,100,,71159,31,4,,0,101,,71157,31,4,,0,30,,71158,31,4,,0,70,,71156,31,4,,0,30,,71154,31,4,,0,70,,71166,31,4,,0,200,,71147,31,4,,0,139,,71145,31,4,,0,13,,71168,12,4,,0,53,,71152,31,4,,0,126,,71144,31,4,,0,67,,71143,31,4,,0,30,,71142,31,4,,0,126,,60375,31,4,,0,70,,71148,31,4,,0,30,,60374,31,4,,0,97,,71141,31,4,,0,70,,71170,16,4,,0,29,,60373,31,4,,0,100,,71171,31,4,,0
7019,'1967',2126,,66559,12,4,,0,100,,60442,16,4,,0
7019,'1969',559,,71139,12,4,,0,70,,60528,12,4,,0,30,,60529,12,4,,0,68,,66586,12,4,,0,231,,60527,31,4,,0,1268,,60547,12,4,,0,30,,60546,12,4,,0
7019,'1970',521,,74311,12,4,,0,211,,74307,31,4,,0,105,,74306,31,4,,0,98,,74305,31,4,,0,300,,74310,31,4,,0,70,,74309,31,4,,0,30,,74308,31,4,,0,102,,74304,31,4,,0,74,,74299,31,4,,0,11,,74312,16,4,,0,118,,74303,31,4,,0,70,,74302,31,4,,0,193,,74301,31,4,,0,29,,74300,31,4,,0
7029,'1912',630,,60679,1,0,13 35,0,70,,60657,1,,,0,100,,60658,1,,,0,30,,71210,1,0,13 35,0,70,,60659,1,,,0,30,,60681,1,0,13 35,0,70,,60660,1,,,0,30,,60676,1,0,13 35,0,70,,60661,1,,,0,30,,71209,1,0,13 35,0,70,,60662,1,,,0,30,,71203,1,0,13 35,0,70,,60663,1,,,0,30,,66666,1,0,13 35,0,70,,60664,1,,,0,30,,66659,1,0,13 35,0,70,,60665,1,,,0,30,,71206,1,0,13 35,0,70,,60666,1,,,0,30,,71202,1,0,13 35,0,70,,60667,1,,,0,30,,71207,1,0,13 35,0,70,,60668,1,,,0,30,,71201,1,0,13 35,0,70,,60669,1,,,0,30,,71208,1,0,13 35,0,70,,60670,1,,,0,30,,71204,1,0,13 35,0,70,,60656,1,,,0,30,,71205,1,0,13 35,0,70,,60689,1,0,13 35,0,30,,60687,1,0,13 35,0,70,,60686,1,0,13 35,0,30,,66656,1,0,13 35,0
7029,'1959',630,,60713,1,0,13 35,0,70,,60691,1,,,0,100,,60692,1,,,0,30,,71281,1,0,13 35,0,70,,60693,1,,,0,30,,60715,1,0,13 35,0,70,,60694,1,,,0,30,,60710,1,0,13 35,0,70,,60695,1,,,0,30,,71280,1,0,13 35,0,70,,60696,1,,,0,30,,71274,1,0,13 35,0,70,,60697,1,,,0,30,,66679,1,0,13 35,0,70,,60698,1,,,0,30,,66672,1,0,13 35,0,70,,60699,1,,,0,30,,71277,1,0,13 35,0,70,,60700,1,,,0,30,,71273,1,0,13 35,0,70,,60701,1,,,0,30,,71278,1,0,13 35,0,70,,60702,1,,,0,30,,71272,1,0,13 35,0,70,,60703,1,,,0,30,,71279,1,0,13 35,0,70,,60704,1,,,0,30,,71275,1,0,13 35,0,70,,60690,1,,,0,30,,71276,1,0,13 35,0,70,,60723,1,0,13 35,0,30,,60721,1,0,13 35,0,70,,60720,1,0,13 35,0,30,,66669,1,0,13 35,0
7029,'1965',500,,60618,1,,,0,35,,60617,1,0,13 35,0,65,,60588,1,,,0,100,,71228,1,,,0,100,,71230,1,,,0,100,,71232,1,,,0,30,,71233,1,,,0,70,,71234,1,,,0,30,,71235,1,,,0,70,,71236,1,,,0,200,,71225,1,,,0,130,,71226,1,,,0,70,,71238,1,,,0,130,,71241,1,,,0,70,,71242,1,,,0,30,,71243,1,,,0,170,,60608,1,,,0,30,,71245,1,,,0,70,,60610,1,,,0,100,,71246,1,,,0,30,,71247,1,0,13 35,0,70,,60612,1,,,0,30,,71249,1,0,13 35,0,70,,71250,1,,,0,30,,71248,1,0,13 35,0
7029,'1966',631,,71251,1,,,0,169,,60635,1,,,0,300,,60638,1,,,0,300,,60641,1,,,0,500,,71267,1,,,0,300,,71268,1,,,0
7029,'1967',701,,71262,1,,,0,30,,71252,1,,,0,99,,71253,1,,,0,70,,71263,1,,,0,30,,71254,1,,,0,70,,71264,1,,,0,30,,66633,1,,,0,100,,71255,1,,,0,70,,71265,1,,,0,30,,71256,1,,,0,70,,60640,1,,,0,30,,66636,1,,,0,100,,71257,1,,,0,70,,60642,1,,,0,30,,71258,1,,,0,70,,66647,1,,,0,30,,71259,1,,,0,70,,60644,1,,,0,30,,71260,1,,,0,70,,71266,1,,,0,30,,71261,1,,,0,100,,66642,1,,,0,70,,60647,1,,,0,30,,66655,1,0,13 35,0,70,,60648,1,,,0,30,,66654,1,0,13 35,0,100,,71271,1,0,13 35,0,70,,60650,1,,,0,30,,71270,1,0,13 35,0
7029,'1969',630,,60747,1,0,13 35,0,70,,60725,1,,,0,100,,60726,1,,,0,30,,71220,1,0,13 35,0,70,,60727,1,,,0,30,,60749,1,0,13 35,0,70,,60728,1,,,0,30,,60744,1,0,13 35,0,70,,60729,1,,,0,30,,71219,1,0,13 35,0,70,,60730,1,,,0,30,,71213,1,0,13 35,0,70,,60731,1,,,0,30,,66692,1,0,13 35,0,70,,60732,1,,,0,30,,66685,1,0,13 35,0,70,,60733,1,,,0,30,,71216,1,0,13 35,0,70,,60734,1,,,0,30,,71212,1,0,13 35,0,70,,60735,1,,,0,30,,71217,1,0,13 35,0,70,,60736,1,,,0,30,,71211,1,0,13 35,0,70,,60737,1,,,0,30,,71218,1,0,13 35,0,70,,60738,1,,,0,30,,71214,1,0,13 35,0,70,,60724,1,,,0,30,,71215,1,0,13 35,0,70,,60757,1,0,13 35,0,30,,60755,1,0,13 35,0,70,,60754,1,0,13 35,0,30,,66682,1,0,13 35,0
7029,'1970',630,,74323,1,,,0,100,,74324,1,,,0,100,,74325,1,,,0,300,,74326,1,,,0,70,,74321,1,,,0,30,,74322,1,,,0,100,,74320,1,,,0,70,,74319,1,,,0,130,,74327,1,,,0,70,,74328,1,,,0,200,,74329,1,,,0,30,,74330,1,,,0,200,,74331,1,0,13 35,0
7029,'1971',631,,74332,1,,,0,169,,74333,1,,,0,300,,74334,1,,,0,300,,74335,1,,,0,500,,74336,1,,,0,300,,74337,1,,,0
11019,'1912',924,,66957,31,4,,0,100,,66958,31,4,,0,100,,66959,31,4,,0,103,,66960,31,4,,0,100,,66961,31,4,,0,100,,66962,31,4,,0,100,,66963,31,4,,0,99,,66964,31,4,,0,100,,66965,31,4,,0,100,,66966,31,4,,0,97,,66967,31,4,,0,100,,66968,31,4,,0
11019,'1959',924,,66969,31,4,,0,100,,66970,31,4,,0,100,,66971,31,4,,0,103,,66972,31,4,,0,100,,66973,31,4,,0,100,,66974,31,4,,0,100,,66975,31,4,,0,99,,66976,31,4,,0,100,,66977,31,4,,0,100,,66978,31,4,,0,97,,66979,31,4,,0,100,,66980,31,4,,0
11019,'1966',926,,71501,31,4,,0
11019,'1967',724,,71500,31,4,,0,100,,66945,31,4,,0,203,,71502,31,4,,0,100,,71503,31,4,,0,102,,71504,31,4,,0,100,,71505,31,4,,0,100,,71506,31,4,,0,100,,71507,31,4,,0,98,,71508,31,4,,0,100,,71509,31,4,,0,100,,66955,31,4,,0
11019,'1969',924,,66981,31,4,,0,100,,66982,31,4,,0,100,,66983,31,4,,0,103,,66984,31,4,,0,100,,66985,31,4,,0,100,,66986,31,4,,0,100,,66987,31,4,,0,99,,66988,31,4,,0,100,,66989,31,4,,0,100,,66990,31,4,,0,97,,66991,31,4,,0,100,,66992,31,4,,0
11019,'1971',926,,74382,31,4,,0
