22029,'1909',1520,,62280,11,,,0,102,,62282,11,,,0,127,,62285,11,,,0,70,,62286,11,,,0,98,,62288,11,,,0,124,,62291,11,,,0
22029,'1910',840,,62296,11,,,0,70,,62297,11,,,0,30,,62298,11,,,0,71,,62299,11,,,0,30,,62300,11,,,0,70,,62301,11,,,0,30,,62302,11,,,0,70,,62303,11,,,0,31,,62304,11,,,0,70,,62305,11,,,0,31,,62306,11,,,0,69,,62307,11,,,0,31,,62308,11,,,0,70,,62309,11,,,0,30,,62310,11,,,0,70,,62311,11,,,0,29,,62312,11,,,0,69,,62313,11,,,0
22029,'1912',811,,72010,11,,,0,100,,72011,11,,,0,100,,72012,11,,,0,100,,72013,11,,,0,100,,72014,11,,,0,100,,72015,11,,,0,100,,72016,11,,,0,100,,72017,11,,,0,100,,72018,11,,,0,100,,67681,11,,,0
22029,'1924',1711,,67693,11,,,0
22029,'1925',811,,72020,11,,,0,100,,72021,11,,,0,100,,72022,11,,,0,100,,72023,11,,,0,100,,72024,11,,,0,100,,72025,11,,,0,100,,72026,11,,,0,100,,72027,11,,,0,100,,72028,11,,,0,100,,67705,11,,,0
22029,'1949',1552,,67725,11,,,0,100,,67726,11,,,0,67,,67727,11,,,0
22029,'1956',811,,67684,11,,,0,100,,67685,11,,,0,100,,67686,11,,,0,100,,67687,11,,,0,100,,67688,11,,,0,100,,67689,11,,,0,100,,67690,11,,,0,100,,67691,11,,,0,100,,67692,11,,,0
22029,'1957',922,,72036,11,,,0,27,,72037,11,,,0,70,,72042,11,,,0,30,,72038,11,,,0,70,,72043,11,,,0,30,,72039,11,,,0,70,,72030,11,,,0,30,,72040,11,,,0,70,,72041,11,,,0,31,,72044,11,,,0,70,,72045,11,,,0,30,,72046,11,,,0,397,,72047,11,,,0,100,,72048,11,,,0,64,,72049,11,,,0,100,,72050,11,,,0
22029,'1959',811,,72052,11,,,0,100,,72053,11,,,0,100,,72054,11,,,0,100,,72055,11,,,0,100,,72056,11,,,0,100,,72057,11,,,0,100,,72058,11,,,0,100,,72059,11,,,0,100,,72060,11,,,0
802019,'1909',747,,65662,7,,,0,962,,65647,7,,,0
802019,'1910',938,,70034,7,,,0,201,,70011,7,,,0,100,,70025,7,,,0,200,,70021,7,,,0,100,,70015,7,,,0,100,,70012,7,,,0,100,,70016,7,,,0,100,,70014,7,,,0,69,,70026,7,,,0,130,,65687,7,,,0
802019,'1912',838,,70057,7,,,0,70,,70055,7,,,0,30,,73518,7,,,0,70,,70060,7,,,0,30,,70046,7,,,0,70,,70052,7,,,0,30,,70051,7,,,0,71,,70036,7,,,0,30,,70050,7,,,0,70,,70044,7,,,0,30,,70045,7,,,0,70,,70062,7,,,0,30,,70058,7,,,0,70,,70048,7,,,0,30,,70043,7,,,0,70,,70059,7,,,0,30,,70049,7,,,0,70,,70037,7,,,0,30,,70038,7,,,0,70,,70053,7,,,0,30,,70047,7,,,0,69,,70042,7,,,0,30,,70040,7,,,0,70,,70054,7,,,0,30,,70041,7,,,0,70,,70039,7,,,0,30,,70061,7,,,0
802019,'1924',838,,70084,7,,,0,70,,70082,7,,,0,100,,70087,7,,,0,30,,70073,7,,,0,70,,70079,7,,,0,30,,70078,7,,,0,71,,70063,7,,,0,30,,70077,7,,,0,70,,70071,7,,,0,30,,70072,7,,,0,70,,70089,7,,,0,30,,70085,7,,,0,70,,70075,7,,,0,30,,70070,7,,,0,70,,70086,7,,,0,30,,70076,7,,,0,70,,70064,7,,,0,30,,70065,7,,,0,70,,70080,7,,,0,30,,70074,7,,,0,69,,70069,7,,,0,30,,70067,7,,,0,70,,70081,7,,,0,30,,70068,7,,,0,70,,70066,7,,,0,30,,70088,7,,,0
802019,'1925',838,,70111,7,,,0,70,,70109,7,,,0,30,,73519,7,,,0,70,,70114,7,,,0,30,,70100,7,,,0,70,,70106,7,,,0,30,,70105,7,,,0,71,,70090,7,,,0,30,,70104,7,,,0,70,,70098,7,,,0,30,,70099,7,,,0,70,,70116,7,,,0,30,,70112,7,,,0,70,,70102,7,,,0,30,,70097,7,,,0,70,,70113,7,,,0,30,,70103,7,,,0,70,,70091,7,,,0,30,,70092,7,,,0,70,,70107,7,,,0,30,,70101,7,,,0,69,,70096,7,,,0,30,,70094,7,,,0,70,,70108,7,,,0,30,,70095,7,,,0,70,,70093,7,,,0,30,,70115,7,,,0
802019,'1949',612,,70165,7,,,0,394,,70138,7,,,0,100,,70140,7,,,0,230,,70145,7,,,0,103,,70147,7,,,0,90,,70149,7,,,0,80,,70163,7,,,0,20,,70151,7,,,0,20,,70152,7,,,0,259,,70155,7,,,0,99,,70157,7,,,0,25,,70158,7,,,0
802019,'1955',838,,70032,7,,,0,70,,70031,7,,,0,101,,70035,7,,,0,30,,70020,7,,,0,70,,70024,7,,,0,100,,70022,7,,,0,100,,70023,7,,,0,30,,70010,7,,,0,70,,70027,7,,,0,100,,70019,7,,,0,100,,70017,7,,,0,100,,70018,7,,,0,100,,70013,7,,,0,129,,70030,7,,,0,70,,70033,7,,,0,100,,70028,7,,,0,30,,70029,7,,,0
802019,'1956',938,,70083,7,,,0
802019,'1957',657,,73539,7,,,0,70,,73538,7,,,0,80,,73520,7,,,0,30,,73537,7,,,0,71,,73521,7,,,0,28,,73522,7,,,0,100,,73523,7,,,0,100,,73524,7,,,0,70,,73525,7,,,0,30,,73526,7,,,0,70,,73527,7,,,0,100,,73528,7,,,0,103,,73529,7,,,0,40,,73530,7,,,0,180,,73531,7,,,0,19,,73540,7,,,0,60,,73532,7,,,0,20,,73541,7,,,0,20,,73533,7,,,0,90,,73534,7,,,0,164,,73535,7,,,0,30,,73536,7,,,0
802019,'1958',838,,73556,7,,,0,70,,73555,7,,,0,101,,73558,7,,,0,30,,73547,7,,,0,70,,73550,7,,,0,100,,73548,7,,,0,100,,73549,7,,,0,30,,73542,7,,,0,70,,73551,7,,,0,100,,73546,7,,,0,100,,73544,7,,,0,100,,73545,7,,,0,100,,73543,7,,,0,129,,73554,7,,,0,70,,73557,7,,,0,100,,73552,7,,,0,30,,73553,7,,,0
802019,'1959',938,,73559,7,,,0
