1019,'1912',621,,73606,25,,,0,100,,73607,25,,,0,101,,73608,25,,,0,100,,73609,25,,,0,100,,73610,25,,,0,100,,73611,25,,,0,100,,73612,25,,,0,100,,73613,25,,,0,100,,73614,25,,,0,100,,73615,25,,,0,100,,73616,25,,,0,100,,73617,25,,,0,100,,73618,25,,,0,100,,73619,25,,,0,100,,73620,25,,,0,100,,73621,25,,,0,103,,73622,25,,,0,95,,73623,25,,,0
1019,'1966',552,,70266,25,,,0,70,,70255,25,,,0,30,,70241,25,,,0,70,,70260,25,,,0,30,,70250,25,,,0,70,,70235,25,,,0,30,,70256,25,,,0,70,,70258,25,,,0,30,,70240,25,,,0,70,,70261,25,,,0,30,,70249,25,,,0,70,,70234,25,,,0,30,,70244,25,,,0,70,,70254,25,,,0,30,,70239,25,,,0,70,,70262,25,,,0,30,,70248,25,,,0,70,,70233,25,,,0,30,,70243,25,,,0,70,,70253,25,,,0,30,,70238,25,,,0,70,,70263,25,,,0,30,,70247,25,,,0,70,,70232,25,,,0,30,,70242,25,,,0,70,,70252,25,,,0,30,,70236,25,,,0,70,,70264,25,,,0,30,,70245,25,,,0,70,,70231,25,,,0,30,,70237,25,,,0,70,,70251,25,,,0,34,,70246,25,,,0,70,,70265,25,,,0,30,,70259,25,,,0,65,,70257,25,,,0
1019,'1968',621,,59175,25,,,0,100,,59176,25,,,0,101,,59177,25,,,0,100,,59178,25,,,0,100,,59179,25,,,0,100,,59180,25,,,0,100,,59181,25,,,0,100,,59182,25,,,0,100,,59183,25,,,0,100,,59184,25,,,0,100,,59185,25,,,0,100,,59186,25,,,0,100,,59187,25,,,0,100,,59188,25,,,0,100,,59189,25,,,0,100,,59190,25,,,0,103,,59191,25,,,0,95,,59192,25,,,0
1019,'1970',551,,73659,25,,,0,75,,73655,25,,,0,30,,73631,25,,,0,73,,73626,25,,,0,30,,73644,25,,,0,70,,73628,25,,,0,30,,73633,25,,,0,72,,73658,25,,,0,70,,73630,25,,,0,30,,73624,25,,,0,70,,73643,25,,,0,30,,73629,25,,,0,70,,73634,25,,,0,30,,73654,25,,,0,70,,73632,25,,,0,30,,73625,25,,,0,70,,73656,25,,,0,30,,73627,25,,,0,70,,73635,25,,,0,30,,73653,25,,,0,70,,73646,25,,,0,30,,73638,25,,,0,70,,73636,25,,,0,30,,73639,25,,,0,28,,73641,25,,,0,70,,73640,25,,,0,30,,73637,25,,,0,65,,73657,25,,,0,30,,73651,25,,,0,68,,73652,25,,,0,30,,73650,25,,,0,70,,73649,25,,,0,30,,73648,25,,,0,70,,73647,25,,,0,30,,73645,25,,,0,70,,73642,25,,,0
1019,'1971',552,,73695,25,,,0,70,,73684,25,,,0,30,,73670,25,,,0,70,,73689,25,,,0,30,,73679,25,,,0,70,,73664,25,,,0,30,,73685,25,,,0,70,,73687,25,,,0,30,,73669,25,,,0,70,,73690,25,,,0,30,,73678,25,,,0,70,,73663,25,,,0,30,,73673,25,,,0,70,,73683,25,,,0,30,,73668,25,,,0,70,,73691,25,,,0,30,,73677,25,,,0,70,,73662,25,,,0,30,,73672,25,,,0,70,,73682,25,,,0,30,,73667,25,,,0,70,,73692,25,,,0,30,,73676,25,,,0,70,,73661,25,,,0,30,,73671,25,,,0,70,,73681,25,,,0,30,,73665,25,,,0,70,,73693,25,,,0,30,,73674,25,,,0,70,,73660,25,,,0,30,,73666,25,,,0,70,,73680,25,,,0,34,,73675,25,,,0,70,,73694,25,,,0,30,,73688,25,,,0,65,,73686,25,,,0
1019,'1972',621,,73696,25,,,0,100,,73697,25,,,0,101,,73698,25,,,0,100,,73699,25,,,0,100,,73700,25,,,0,100,,73701,25,,,0,100,,73702,25,,,0,100,,73703,25,,,0,100,,73704,25,,,0,100,,73705,25,,,0,100,,73706,25,,,0,100,,73707,25,,,0,100,,73708,25,,,0,100,,73709,25,,,0,100,,73710,25,,,0,100,,73711,25,,,0,103,,73712,25,,,0,95,,73713,25,,,0
1019,'1973',621,,73714,25,,,0,100,,73715,25,,,0,101,,73716,25,,,0,100,,73717,25,,,0,100,,73718,25,,,0,100,,73719,25,,,0,100,,73720,25,,,0,100,,73721,25,,,0,100,,73722,25,,,0,100,,73723,25,,,0,100,,73724,25,,,0,100,,73725,25,,,0,100,,73726,25,,,0,100,,73727,25,,,0,100,,73728,25,,,0,100,,73729,25,,,0,103,,73730,25,,,0,95,,73731,25,,,0
802019,'1912',834,,70057,4,,,0,70,,70055,4,,,0,30,,73518,4,,,0,70,,70060,4,,,0,30,,70046,4,,,0,70,,70052,4,,,0,30,,70051,4,,,0,70,,70036,4,,,0,30,,70050,4,,,0,70,,70044,4,,,0,30,,70045,4,,,0,70,,70062,4,,,0,30,,70058,4,,,0,70,,70048,4,,,0,30,,70043,4,,,0,70,,70059,4,,,0,30,,70049,4,,,0,70,,70037,4,,,0,30,,70038,4,,,0,70,,70053,4,,,0,30,,70047,4,,,0,70,,70042,4,,,0,30,,70040,4,,,0,70,,70054,4,,,0,30,,70041,4,,,0,70,,70039,4,,,0,30,,70061,4,,,0
802019,'1959',834,,70084,4,,,0,70,,70082,4,,,0,30,,73559,4,,,0,70,,70087,4,,,0,30,,70073,4,,,0,70,,70079,4,,,0,30,,70078,4,,,0,70,,70063,4,,,0,30,,70077,4,,,0,70,,70071,4,,,0,30,,70072,4,,,0,70,,70089,4,,,0,30,,70085,4,,,0,70,,70075,4,,,0,30,,70070,4,,,0,70,,70086,4,,,0,30,,70076,4,,,0,70,,70064,4,,,0,30,,70065,4,,,0,70,,70080,4,,,0,30,,70074,4,,,0,70,,70069,4,,,0,30,,70067,4,,,0,70,,70081,4,,,0,30,,70068,4,,,0,70,,70066,4,,,0,30,,70088,4,,,0
802019,'1965',653,,73539,4,,,0,70,,73538,4,,,0,20,,65662,4,,,0,60,,73520,4,,,0,30,,73537,4,,,0,71,,73521,4,,,0,98,,70138,4,,,0,30,,73523,4,,,0,170,,73525,4,,,0,30,,73526,4,,,0,100,,70145,4,,,0,70,,73528,4,,,0,122,,70149,4,,,0,80,,70163,4,,,0,20,,70151,4,,,0,20,,70152,4,,,0,200,,73533,4,,,0,159,,70157,4,,,0,125,,73536,4,,,0
802019,'1966',2004,,73557,4,,,0,130,,73553,4,,,0
802019,'1967',834,,73556,4,,,0,70,,73555,4,,,0,30,,70034,4,,,0,70,,73558,4,,,0,30,,73547,4,,,0,70,,73550,4,,,0,30,,70011,4,,,0,70,,73548,4,,,0,30,,70025,4,,,0,70,,73549,4,,,0,30,,73542,4,,,0,70,,73551,4,,,0,30,,70021,4,,,0,70,,73546,4,,,0,30,,70015,4,,,0,70,,73544,4,,,0,30,,70012,4,,,0,70,,73545,4,,,0,30,,70016,4,,,0,70,,73543,4,,,0,30,,70014,4,,,0,70,,70026,4,,,0,30,,73554,4,,,0,100,,65687,4,,,0,70,,73552,4,,,0
802019,'1969',834,,70111,4,,,0,70,,70109,4,,,0,30,,73519,4,,,0,70,,70114,4,,,0,30,,70100,4,,,0,70,,70106,4,,,0,30,,70105,4,,,0,70,,70090,4,,,0,30,,70104,4,,,0,70,,70098,4,,,0,30,,70099,4,,,0,70,,70116,4,,,0,30,,70112,4,,,0,70,,70102,4,,,0,30,,70097,4,,,0,70,,70113,4,,,0,30,,70103,4,,,0,70,,70091,4,,,0,30,,70092,4,,,0,70,,70107,4,,,0,30,,70101,4,,,0,70,,70096,4,,,0,30,,70094,4,,,0,70,,70108,4,,,0,30,,70095,4,,,0,70,,70093,4,,,0,30,,70115,4,,,0
802019,'1970',608,,75046,4,,,0,324,,75031,4,,,0,170,,75032,4,,,0,30,,75033,4,,,0,170,,75034,4,,,0,132,,75035,4,,,0,70,,75036,4,,,0,40,,75037,4,,,0,160,,75038,4,,,0,20,,75039,4,,,0,20,,75045,4,,,0,60,,75040,4,,,0,20,,75047,4,,,0,80,,75041,4,,,0,30,,75042,4,,,0,94,,75043,4,,,0,30,,75044,4,,,0
802019,'1971',2004,,75049,4,,,0,130,,75048,4,,,0
