2029,'1912',613,,74007,11,0,39 40,0,30,,74015,11,0,39 40,0,68,,74026,11,0,39 40,0,28,,74021,11,0,39 40,0,70,,74008,11,0,39 40,0,30,,74016,11,0,39 40,0,70,,74027,11,0,39 40,0,30,,74022,11,0,39 40,0,70,,74009,11,0,39 40,0,30,,74017,11,0,39 40,0,70,,74028,11,0,39 40,0,30,,74023,11,0,39 40,0,70,,74010,11,0,39 40,0,30,,74018,11,0,39 40,0,70,,74029,11,0,39 40,0,30,,74024,11,0,39 40,0,70,,74011,11,0,39 40,0,30,,74019,11,0,39 40,0,70,,74030,11,0,39 40,0,30,,74025,11,0,39 40,0,70,,74012,11,0,39 40,0,30,,74020,11,0,39 40,0,70,,74031,11,0,39 40,0,28,,74035,11,0,5 2 13 14,0,72,,74013,11,0,39 40,0,28,,74034,11,0,5 2 13 14,0,71,,74032,11,0,39 40,0,100,,74014,11,0,39 40,0,101,,74033,11,0,39 40,0,100,,74006,11,0,39 40,0,93,,74036,11,0,5 2 13 14,0,101,,74037,11,0,5 2 13 14,0
2029,'1966',543,,70594,10,0,39 40,0,70,,70577,10,0,39 40,0,30,,70584,10,0,39 40,0,65,,70563,10,0,39 40,0,30,,70569,10,0,39 40,0,70,,70578,10,0,39 40,0,30,,70585,10,0,39 40,0,70,,70564,10,0,39 40,0,30,,70570,10,0,39 40,0,70,,70579,10,0,39 40,0,30,,70586,10,0,39 40,0,70,,70565,10,0,39 40,0,30,,70571,10,0,39 40,0,70,,70580,10,0,39 40,0,30,,70587,10,0,39 40,0,70,,70566,10,0,39 40,0,30,,70572,10,0,39 40,0,70,,70581,10,0,39 40,0,30,,70588,10,0,39 40,0,70,,70567,10,0,39 40,0,30,,70573,10,0,39 40,0,70,,70582,10,0,39 40,0,30,,70589,10,0,39 40,0,70,,70568,10,0,39 40,0,30,,70574,10,0,39 40,0,70,,70583,10,0,39 40,0,30,,70590,10,0,39 40,0,70,,70575,10,0,39 40,0,30,,70596,14,0,5 2 13 14,0,70,,70591,10,0,39 40,0,100,,70576,10,0,39 40,0,100,,70592,10,0,39 40,0,96,,70593,14,0,5 2 13 14,0,98,,70595,10,0,5 2 13 14,0
2029,'1968',613,,70497,10,0,39 40,0,30,,70505,10,0,39 40,0,67,,70516,10,0,39 40,0,28,,70511,10,0,39 40,0,70,,70498,10,0,39 40,0,30,,70506,10,0,39 40,0,70,,70517,10,0,39 40,0,30,,70512,10,0,39 40,0,70,,70499,10,0,39 40,0,30,,70507,10,0,39 40,0,70,,70518,10,0,39 40,0,30,,70513,10,0,39 40,0,70,,70500,10,0,39 40,0,30,,70508,10,0,39 40,0,70,,70519,10,0,39 40,0,30,,70514,10,0,39 40,0,70,,70501,10,0,39 40,0,30,,70509,10,0,39 40,0,70,,70520,10,0,39 40,0,30,,70515,10,0,39 40,0,70,,70502,10,0,39 40,0,30,,70510,10,0,39 40,0,70,,70521,10,0,39 40,0,30,,70525,14,0,5 2 13 14,0,70,,70503,10,0,39 40,0,30,,70524,14,0,5 2 13 14,0,70,,70522,10,0,39 40,0,100,,70504,10,0,39 40,0,101,,70523,10,0,39 40,0,100,,70496,10,0,39 40,0,94,,70526,14,0,5 2 13 14,0,100,,70527,10,0,5 2 13 14,0
2029,'1970',540,,74038,11,0,39 40,0,70,,74039,11,0,39 40,0,26,,74040,11,0,39 40,0,70,,74041,11,0,39 40,0,29,,74042,11,0,39 40,0,70,,74043,11,0,39 40,0,30,,74044,11,0,39 40,0,73,,74045,11,0,39 40,0,31,,74046,11,0,39 40,0,71,,74069,11,0,39 40,0,30,,74065,11,0,39 40,0,70,,74071,11,0,39 40,0,30,,74067,11,0,39 40,0,70,,74068,11,0,39 40,0,30,,74064,11,0,39 40,0,70,,74070,11,0,39 40,0,30,,74066,11,0,39 40,0,70,,74072,11,0,39 40,0,30,,74047,11,0,39 40,0,74,,74048,11,0,39 40,0,30,,74049,11,0,39 40,0,70,,74050,11,0,39 40,0,30,,74051,11,0,39 40,0,70,,74052,11,0,39 40,0,28,,74053,11,0,39 40,0,67,,74054,11,0,39 40,0,30,,74058,11,0,39 40,0,70,,74059,11,0,39 40,0,29,,74062,11,0,5 2 13 14,0,71,,74060,11,0,39 40,0,97,,74061,11,0,39 40,0,100,,74057,11,0,39 40,0,99,,74056,11,0,5 2 13 14,0,98,,74063,11,0,5 2 13 14,0
2029,'1971',543,,74104,11,0,5 2 15 16 17,0,70,,74087,11,0,39 40,0,30,,74094,11,0,39 40,0,66,,74073,11,0,39 40,0,30,,74079,11,0,39 40,0,70,,74088,11,0,39 40,0,30,,74095,11,0,39 40,0,70,,74074,11,0,39 40,0,30,,74080,11,0,39 40,0,70,,74089,11,0,39 40,0,30,,74096,11,0,39 40,0,70,,74075,11,0,39 40,0,30,,74081,11,0,39 40,0,70,,74090,11,0,39 40,0,30,,74097,11,0,39 40,0,70,,74076,11,0,39 40,0,30,,74082,11,0,39 40,0,70,,74091,11,0,39 40,0,30,,74098,11,0,39 40,0,70,,74077,11,0,39 40,0,30,,74083,11,0,39 40,0,70,,74092,11,0,39 40,0,30,,74099,11,0,39 40,0,70,,74078,11,0,39 40,0,30,,74084,11,0,39 40,0,70,,74093,11,0,39 40,0,30,,74100,11,0,39 40,0,69,,74085,11,0,39 40,0,29,,74106,11,0,5 2 13 14,0,71,,74101,11,0,39 40,0,100,,74086,11,0,39 40,0,100,,74102,11,0,39 40,0,96,,74103,11,0,5 2 13 14,0,98,,74105,11,0,5 2 13 14,0
2029,'1972',613,,74108,11,0,39 40,0,30,,74116,11,0,39 40,0,68,,74127,11,0,39 40,0,28,,74122,11,0,39 40,0,70,,74109,11,0,39 40,0,30,,74117,11,0,39 40,0,70,,74128,11,0,39 40,0,30,,74123,11,0,39 40,0,70,,74110,11,0,39 40,0,30,,74118,11,0,39 40,0,70,,74129,11,0,39 40,0,30,,74124,11,0,39 40,0,70,,74111,11,0,39 40,0,30,,74119,11,0,39 40,0,70,,74130,11,0,39 40,0,30,,74125,11,0,39 40,0,70,,74112,11,0,39 40,0,30,,74120,11,0,39 40,0,70,,74131,11,0,39 40,0,30,,74126,11,0,39 40,0,70,,74113,11,0,39 40,0,30,,74121,11,0,39 40,0,70,,74132,11,0,39 40,0,28,,74136,11,0,5 2 13 14,0,72,,74114,11,0,39 40,0,28,,74135,11,0,5 2 13 14,0,71,,74133,11,0,39 40,0,100,,74115,11,0,39 40,0,101,,74134,11,0,39 40,0,100,,74107,11,0,39 40,0,93,,74137,11,0,5 2 13 14,0,101,,74138,11,0,5 2 13 14,0
2029,'1973',613,,74140,11,0,39 40,0,30,,74148,11,0,39 40,0,68,,74159,11,0,39 40,0,28,,74154,11,0,39 40,0,70,,74141,11,0,39 40,0,30,,74149,11,0,39 40,0,70,,74160,11,0,39 40,0,30,,74155,11,0,39 40,0,70,,74142,11,0,39 40,0,30,,74150,11,0,39 40,0,70,,74161,11,0,39 40,0,30,,74156,11,0,39 40,0,70,,74143,11,0,39 40,0,30,,74151,11,0,39 40,0,70,,74162,11,0,39 40,0,30,,74157,11,0,39 40,0,70,,74144,11,0,39 40,0,30,,74152,11,0,39 40,0,70,,74163,11,0,39 40,0,30,,74158,11,0,39 40,0,70,,74145,11,0,39 40,0,30,,74153,11,0,39 40,0,70,,74164,11,0,39 40,0,28,,74168,11,0,5 2 13 14,0,72,,74146,11,0,39 40,0,28,,74167,11,0,5 2 13 14,0,71,,74165,11,0,39 40,0,100,,74147,11,0,39 40,0,101,,74166,11,0,39 40,0,100,,74139,11,0,39 40,0,93,,74169,11,0,5 2 13 14,0,101,,74170,11,0,5 2 13 14,0
60019,'1912',606,,62696,2,,,0,30,,62682,2,,,0,70,,62693,2,,,0,30,,62681,2,,,0,71,,62692,2,,,0,29,,62688,2,,,0,70,,62697,2,,,0,30,,62680,2,,,0,70,,62695,2,,,0,30,,62679,2,,,0,70,,62690,2,,,0,30,,62684,2,,,0,70,,62675,2,,,0,30,,62683,2,,,0,70,,62699,2,,,0,30,,62689,2,,,0,70,,62691,2,,,0,30,,62704,2,,,0,70,,62677,2,,,0,30,,62700,2,,,0,70,,62687,2,,,0,30,,62703,2,,,0,70,,62698,2,,,0,30,,62702,2,,,0,70,,62685,2,,,0,30,,62705,2,,,0,70,,62676,2,,,0,30,,62701,2,,,0,70,,62678,2,,,0,30,,62686,2,,,0,70,,62694,2,,,0,30,,62706,2,,,0,70,,62674,2,,,0
60019,'1969',606,,62707,2,,,0,30,,62718,2,,,0,70,,62716,2,,,0,30,,62712,2,,,0,71,,62720,2,,,0,29,,62719,2,,,0,70,,62717,2,,,0,30,,62713,2,,,0,70,,62708,2,,,0,30,,62715,2,,,0,70,,62721,2,,,0,30,,62731,2,,,0,70,,62709,2,,,0,30,,62714,2,,,0,70,,62710,2,,,0,30,,62737,2,,,0,70,,62711,2,,,0,30,,62736,2,,,0,70,,62728,2,,,0,30,,62734,2,,,0,70,,62727,2,,,0,30,,62733,2,,,0,70,,62723,2,,,0,30,,62729,2,,,0,70,,62726,2,,,0,30,,62732,2,,,0,70,,62725,2,,,0,30,,62730,2,,,0,70,,62722,2,,,0,30,,62735,2,,,0,70,,62724,2,,,0
701019,'1912',605,,72956,2,,,0,28,,72982,2,,,0,68,,72974,2,,,0,30,,72953,2,,,0,70,,72975,2,,,0,30,,72957,2,,,0,70,,72952,2,,,0,30,,68928,2,,,0,70,,72960,2,,,0,30,,72949,2,,,0,70,,72978,2,,,0,30,,68905,2,,,0,70,,68894,2,,,0,30,,68925,2,,,0,70,,68909,2,,,0,30,,72948,2,,,0,70,,72977,2,,,0,30,,72961,2,,,0,70,,72946,2,,,0,30,,72976,2,,,0,70,,72958,2,,,0,30,,72944,2,,,0,70,,72979,2,,,0,30,,72966,2,,,0,70,,72941,2,,,0,30,,72987,2,,,0,70,,72968,2,,,0,30,,72939,2,,,0,70,,72984,2,,,0,30,,72970,2,,,0,70,,72936,2,,,0,30,,68934,2,,,0,70,,72969,2,,,0,30,,72938,2,,,0,70,,68938,2,,,0,25,,72992,2,,,0
701019,'1959',605,,73165,2,,,0,28,,73191,2,,,0,68,,73183,2,,,0,30,,73162,2,,,0,70,,73184,2,,,0,30,,73166,2,,,0,70,,73161,2,,,0,30,,69027,2,,,0,70,,73169,2,,,0,30,,73158,2,,,0,70,,73187,2,,,0,30,,69004,2,,,0,70,,68993,2,,,0,30,,69024,2,,,0,70,,69008,2,,,0,30,,73157,2,,,0,70,,73186,2,,,0,30,,73170,2,,,0,70,,73155,2,,,0,30,,73185,2,,,0,70,,73167,2,,,0,30,,73153,2,,,0,70,,73188,2,,,0,30,,73175,2,,,0,70,,73150,2,,,0,30,,73196,2,,,0,70,,73177,2,,,0,30,,73148,2,,,0,70,,73193,2,,,0,30,,73179,2,,,0,70,,73145,2,,,0,30,,69033,2,,,0,70,,73178,2,,,0,30,,73147,2,,,0,70,,69037,2,,,0,25,,73201,2,,,0
701019,'1965',546,,73109,2,,,0,70,,73110,2,,,0,18,,69307,2,,,0,14,,73111,2,,,0,69,,73116,2,,,0,15,,69299,2,,,0,25,,69300,2,,,0,53,,73112,2,,,0,20,,69302,2,,,0,29,,73092,2,,,0,170,,73094,2,,,0,30,,73095,2,,,0,100,,69274,2,,,0,70,,73097,2,,,0,130,,73099,2,,,0,71,,73100,2,,,0,14,,69310,2,0,5 2 11 2 12,0,67,,69280,2,,,0,20,,73114,2,,,0,19,,73119,2,0,5 2 11 2 12,0,61,,73101,2,,,0,20,,73102,2,,,0,21,,73120,2,0,5 2 11 2 12,0,60,,73113,2,,,0,19,,73108,2,,,0,25,,73107,2,,,0,75,,69283,2,,,0,70,,69284,2,,,0,30,,73103,2,,,0,70,,69286,2,,,0,30,,73104,2,,,0,70,,69288,2,,,0,30,,69289,2,,,0,70,,73105,2,,,0,30,,69291,2,,,0,70,,69292,2,,,0,25,,73118,2,,,0
701019,'1967',605,,68783,2,,,0,28,,68763,2,,,0,68,,68780,2,,,0,30,,68776,2,,,0,70,,68778,2,,,0,30,,68779,2,,,0,70,,68781,2,,,0,30,,68777,2,,,0,70,,68813,2,,,0,30,,68822,2,,,0,70,,68809,2,,,0,30,,68818,2,,,0,70,,68814,2,,,0,30,,68807,2,,,0,70,,68852,2,,,0,30,,68806,2,,,0,70,,68808,2,,,0,30,,68836,2,,,0,70,,68832,2,,,0,30,,68825,2,,,0,70,,73136,2,,,0,30,,68833,2,,,0,70,,68850,2,,,0,30,,68798,2,,,0,70,,73133,2,,,0,30,,68805,2,,,0,70,,68834,2,,,0,30,,68758,2,,,0,70,,68764,2,,,0,30,,68771,2,,,0,70,,68754,2,,,0,30,,68759,2,,,0,70,,68765,2,,,0,30,,68772,2,,,0,70,,68755,2,,,0,25,,68796,2,,,0
701019,'1969',605,,73016,2,,,0,28,,73042,2,,,0,68,,73034,2,,,0,30,,73013,2,,,0,70,,73035,2,,,0,30,,73017,2,,,0,70,,73012,2,,,0,30,,69126,2,,,0,70,,73020,2,,,0,30,,73009,2,,,0,70,,73038,2,,,0,30,,69103,2,,,0,70,,69092,2,,,0,30,,69123,2,,,0,70,,69107,2,,,0,30,,73008,2,,,0,70,,73037,2,,,0,30,,73021,2,,,0,70,,73006,2,,,0,30,,73036,2,,,0,70,,73018,2,,,0,30,,73004,2,,,0,70,,73039,2,,,0,30,,73026,2,,,0,70,,73001,2,,,0,30,,73047,2,,,0,70,,73028,2,,,0,30,,72999,2,,,0,70,,73044,2,,,0,30,,73030,2,,,0,70,,72996,2,,,0,30,,69132,2,,,0,70,,73029,2,,,0,30,,72998,2,,,0,70,,69136,2,,,0,25,,73052,2,,,0
701019,'1970',929,,74986,2,,,0,30,,74979,2,,,0,170,,74980,2,,,0,130,,74981,2,,,0,70,,74982,2,,,0,171,,74987,2,,,0,316,,74983,2,,,0
