10029,'1909',940,,60789,7,,,0,999,,60809,7,,,0,95,,60811,7,,,0,100,,60813,7,,,0,100,,60814,7,,,0
10029,'1910',1907,,66855,7,,,0,28,,60815,7,,,0,100,,66856,7,,,0,100,,60842,7,,,0
10029,'1912',805,,60857,7,,,0,30,,66871,7,,,0,70,,60859,7,,,0,30,,66872,7,,,0,70,,60861,7,,,0,30,,71396,7,,,0,70,,71397,7,,,0,30,,71398,7,,,0,70,,71399,7,,,0,32,,71400,7,,,0,70,,71387,7,,,0,30,,71390,7,,,0,70,,71384,7,,,0,30,,71389,7,,,0,70,,71388,7,,,0,30,,71391,7,,,0,70,,71385,7,,,0,30,,71392,7,,,0,70,,66860,7,,,0,30,,71393,7,,,0,70,,71386,7,,,0,28,,71394,7,,,0,70,,66858,7,,,0,30,,71395,7,,,0
10029,'1924',805,,60881,7,,,0,30,,66892,7,,,0,70,,60883,7,,,0,30,,66893,7,,,0,70,,60885,7,,,0,702,,66881,7,,,0,198,,66879,7,,,0
10029,'1925',805,,60905,7,,,0,30,,66913,7,,,0,70,,60907,7,,,0,30,,66914,7,,,0,70,,60909,7,,,0,30,,71413,7,,,0,70,,71414,7,,,0,30,,71415,7,,,0,70,,71416,7,,,0,32,,71417,7,,,0,70,,71404,7,,,0,30,,71407,7,,,0,70,,71401,7,,,0,30,,71406,7,,,0,70,,71405,7,,,0,30,,71408,7,,,0,70,,71402,7,,,0,30,,71409,7,,,0,70,,66902,7,,,0,30,,71410,7,,,0,70,,71403,7,,,0,28,,71411,7,,,0,70,,66900,7,,,0,30,,71412,7,,,0
10029,'1949',1410,,66940,7,,,0
10029,'1955',705,,60816,7,,,0,30,,66833,7,,,0,70,,66834,7,,,0,30,,66835,7,,,0,70,,60820,7,,,0,30,,66836,7,,,0,70,,66837,7,,,0,32,,66838,7,,,0,70,,66839,7,,,0,30,,66840,7,,,0,70,,66841,7,,,0,30,,66842,7,,,0,70,,66843,7,,,0,30,,66844,7,,,0,70,,66845,7,,,0,30,,66846,7,,,0,70,,66847,7,,,0,30,,66848,7,,,0,70,,66849,7,,,0,30,,66850,7,,,0,70,,66851,7,,,0,30,,66852,7,,,0,70,,66853,7,,,0,30,,66854,7,,,0
10029,'1956',1035,,66894,7,,,0,70,,66895,7,,,0,30,,66896,7,,,0,70,,66897,7,,,0,32,,66898,7,,,0,70,,66883,7,,,0,30,,66886,7,,,0,70,,66878,7,,,0,30,,66885,7,,,0,70,,66884,7,,,0,30,,66887,7,,,0,70,,66880,7,,,0,30,,66888,7,,,0,100,,66889,7,,,0,70,,66882,7,,,0,28,,66890,7,,,0,100,,66891,7,,,0
10029,'1957',605,,71418,7,,,0,30,,71419,7,,,0,76,,71420,7,,,0,30,,71421,7,,,0,70,,71422,7,,,0,30,,71423,7,,,0,69,,71424,7,,,0,100,,71425,7,,,0,30,,71426,7,,,0,70,,71427,7,,,0,30,,71428,7,,,0,70,,71429,7,,,0,30,,71430,7,,,0,70,,71431,7,,,0,30,,71432,7,,,0,100,,71433,7,,,0,75,,71434,7,,,0,30,,71435,7,,,0,70,,71436,7,,,0,30,,71437,7,,,0,70,,71438,7,,,0,29,,71439,7,,,0,65,,71440,7,,,0,30,,71441,7,,,0,70,,71442,7,,,0,100,,71443,7,,,0,95,,71444,7,,,0
10029,'1958',705,,71445,7,,,0,30,,71446,7,,,0,70,,71447,7,,,0,30,,71448,7,,,0,70,,71449,7,,,0,30,,71450,7,,,0,70,,71451,7,,,0,32,,71452,7,,,0,70,,71453,7,,,0,30,,71454,7,,,0,70,,71455,7,,,0,30,,71456,7,,,0,70,,71457,7,,,0,30,,71458,7,,,0,70,,71459,7,,,0,30,,71460,7,,,0,70,,71461,7,,,0,30,,71462,7,,,0,70,,71463,7,,,0,30,,71464,7,,,0,70,,71465,7,,,0,30,,71466,7,,,0,70,,71467,7,,,0,30,,71468,7,,,0
10029,'1959',1035,,71481,7,,,0,70,,71482,7,,,0,30,,71483,7,,,0,70,,71484,7,,,0,32,,71485,7,,,0,70,,71472,7,,,0,30,,71475,7,,,0,70,,71469,7,,,0,30,,71474,7,,,0,70,,71473,7,,,0,30,,71476,7,,,0,70,,71470,7,,,0,30,,71477,7,,,0,100,,71478,7,,,0,70,,71471,7,,,0,28,,71479,7,,,0,100,,71480,7,,,0
