10029,'1912',823,,60857,31,,,0,30,,66871,31,,,0,70,,60859,31,,,0,30,,66872,31,,,0,70,,60861,31,,,0,30,,71396,31,,,0,70,,71397,31,,,0,30,,71398,31,,,0,71,,71399,31,,,0,32,,71400,31,,,0,70,,71387,31,,,0,30,,71390,31,,,0,70,,71384,31,,,0,30,,71389,31,,,0,70,,71388,31,,,0,30,,71391,31,,,0,70,,71385,31,,,0,30,,71392,31,,,0,70,,66860,31,,,0,30,,71393,31,,,0,69,,71386,31,,,0,28,,71394,31,,,0,70,,66858,31,,,0,30,,71395,31,,,0
10029,'1959',823,,60881,31,,,0,30,,66892,31,,,0,70,,60883,31,,,0,30,,66893,31,,,0,70,,60885,31,,,0,30,,71481,31,,,0,70,,71482,31,,,0,30,,71483,31,,,0,71,,71484,31,,,0,32,,71485,31,,,0,70,,71472,31,,,0,30,,71475,31,,,0,70,,71469,31,,,0,30,,71474,31,,,0,70,,71473,31,,,0,30,,71476,31,,,0,70,,71470,31,,,0,30,,71477,31,,,0,70,,66881,31,,,0,30,,71478,31,,,0,69,,71471,31,,,0,28,,71479,31,,,0,70,,66879,31,,,0,30,,71480,31,,,0
10029,'1965',652,,71419,31,,,0,150,,71421,31,,,0,100,,71423,31,,,0,27,,71424,31,,,0,30,,60789,31,,,0,70,,71425,31,,,0,30,,71426,31,,,0,70,,71427,31,,,0,100,,71429,31,,,0,30,,71430,31,,,0,70,,71431,31,,,0,30,,71432,31,,,0,70,,66940,31,,,0,497,,71442,31,,,0,100,,71443,31,,,0,25,,60811,31,,,0,70,,71444,31,,,0,30,,60813,31,,,0,100,,60814,31,,,0
10029,'1966',823,,71447,31,,,0,30,,71448,31,,,0,171,,71451,31,,,0,832,,71468,31,,,0
10029,'1967',723,,71445,31,,,0,30,,71446,31,,,0,170,,71449,31,,,0,30,,71450,31,,,0,103,,71452,31,,,0,70,,71453,31,,,0,30,,71454,31,,,0,70,,71455,31,,,0,30,,71456,31,,,0,70,,71457,31,,,0,30,,71458,31,,,0,70,,71459,31,,,0,30,,71460,31,,,0,70,,71461,31,,,0,30,,71462,31,,,0,70,,71463,31,,,0,30,,71464,31,,,0,70,,71465,31,,,0,30,,71466,31,,,0,70,,71467,31,,,0,99,,66855,31,,,0,28,,60815,31,,,0,100,,66856,31,,,0,100,,60842,31,,,0
10029,'1969',823,,60905,31,,,0,30,,66913,31,,,0,70,,60907,31,,,0,30,,66914,31,,,0,70,,60909,31,,,0,30,,71413,31,,,0,70,,71414,31,,,0,30,,71415,31,,,0,71,,71416,31,,,0,32,,71417,31,,,0,70,,71404,31,,,0,30,,71407,31,,,0,70,,71401,31,,,0,30,,71406,31,,,0,70,,71405,31,,,0,30,,71408,31,,,0,70,,71402,31,,,0,30,,71409,31,,,0,70,,66902,31,,,0,30,,71410,31,,,0,69,,71403,31,,,0,28,,71411,31,,,0,70,,66900,31,,,0,30,,71412,31,,,0
10029,'1970',622,,74356,31,,,0,110,,74357,31,,,0,100,,74358,31,,,0,327,,74359,31,,,0,341,,74360,31,,,0,35,,74361,31,,,0,70,,74362,31,,,0,30,,74363,31,,,0,70,,74364,31,,,0,29,,74365,31,,,0,67,,74366,31,,,0,25,,74367,31,,,0,30,,74368,31,,,0,100,,74369,31,,,0
10029,'1971',823,,74370,31,,,0,30,,74371,31,,,0,171,,74372,31,,,0,832,,74373,31,,,0
15029,'1912',745,,61664,60,,,0,95,,61670,60,,,0,100,,61663,60,,,0,100,,61662,60,,,0,102,,61669,60,,,0,100,,61667,60,,,0,100,,61666,60,,,0,102,,61661,60,,,0,100,,61659,60,,,0,99,,61660,60,,,0,99,,61665,60,,,0,99,,61671,60,,,0,100,,61668,60,,,0,100,,61672,60,,,0
15029,'1959',745,,61678,60,,,0,95,,61684,60,,,0,100,,61677,60,,,0,100,,61676,60,,,0,102,,61683,60,,,0,100,,61681,60,,,0,100,,61680,60,,,0,102,,61675,60,,,0,100,,61673,60,,,0,99,,61674,60,,,0,99,,61679,60,,,0,99,,61685,60,,,0,100,,61682,60,,,0,100,,61686,60,,,0
15029,'1965',636,,67365,20,,,0,109,,71711,60,,,0,70,,61615,60,,,0,102,,67366,60,,,0,28,,71713,60,,,0,68,,71714,60,,,0,30,,71715,60,,,0,200,,71719,60,,,0,170,,71722,60,,,0,31,,71723,60,,,0,74,,71724,60,,,0,33,,71725,60,,,0,73,,71726,60,,,0,30,,61632,60,,,0,67,,71727,60,,,0,94,,71729,60,,,0,27,,71730,60,,,0,69,,71731,60,,,0,30,,61638,60,,,0,70,,71732,60,,,0,30,,71736,60,,,0,69,,71733,60,,,0,97,,71734,60,,,0,100,,71735,60,,,0
15029,'1966',749,,61646,60,,,0,294,,61649,60,,,0,301,,61652,60,,,0,303,,61655,60,,,0
15029,'1967',611,,67345,20,,,0,231,,71738,60,,,0,100,,71739,60,,,0,202,,71740,60,,,0,100,,71741,60,,,0,204,,71742,60,,,0,100,,61654,60,,,0,199,,61656,60,,,0,100,,67344,60,,,0,96,,61644,60,,,0,100,,71737,60,,,0
15029,'1969',745,,61692,60,,,0,95,,61698,60,,,0,100,,61691,60,,,0,100,,61690,60,,,0,102,,61697,60,,,0,100,,61695,60,,,0,100,,61694,60,,,0,102,,61689,60,,,0,100,,61687,60,,,0,99,,61688,60,,,0,99,,61693,60,,,0,99,,61699,60,,,0,100,,61696,60,,,0,100,,61700,60,,,0
15029,'1970',616,,74452,20,,,0,92,,74453,60,,,0,138,,74454,60,,,0,267,,74455,60,,,0,30,,74456,60,,,0,70,,74457,60,,,0,100,,74458,60,,,0,30,,74459,60,,,0,404,,74460,60,,,0
15029,'1971',749,,74461,60,,,0,294,,74462,60,,,0,301,,74463,60,,,0,303,,74464,60,,,0
