7029,'1909',511,,60618,11,,,0,35,,60617,11,0,13 35,0,65,,60588,11,,,0,1302,,60608,11,,,0,100,,60610,11,,,0,28,,60616,11,0,13 35,0,170,,60612,11,,,0
7029,'1910',812,,60635,11,,,0,232,,66633,11,,,0,70,,60638,11,,,0,200,,60640,11,,,0,30,,66636,11,,,0,70,,60641,11,,,0,100,,60642,11,,,0,99,,66647,11,,,0,100,,60644,11,,,0,228,,66642,11,,,0,70,,60647,11,,,0,30,,66655,11,0,13 35,0,70,,60648,11,,,0,30,,66654,11,0,13 35,0,170,,60650,11,,,0
7029,'1912',641,,60679,11,0,13 35,0,70,,60657,11,,,0,100,,60658,11,,,0,30,,71210,11,0,13 35,0,71,,60659,11,,,0,30,,60681,11,0,13 35,0,70,,60660,11,,,0,30,,60676,11,0,13 35,0,70,,60661,11,,,0,30,,71209,11,0,13 35,0,71,,60662,11,,,0,30,,71203,11,0,13 35,0,70,,60663,11,,,0,30,,66666,11,0,13 35,0,70,,60664,11,,,0,30,,66659,11,0,13 35,0,70,,60665,11,,,0,30,,71206,11,0,13 35,0,70,,60666,11,,,0,30,,71202,11,0,13 35,0,70,,60667,11,,,0,30,,71207,11,0,13 35,0,69,,60668,11,,,0,30,,71201,11,0,13 35,0,70,,60669,11,,,0,30,,71208,11,0,13 35,0,69,,60670,11,,,0,30,,71204,11,0,13 35,0,70,,60656,11,,,0,30,,71205,11,0,13 35,0,70,,60689,11,0,13 35,0,30,,60687,11,0,13 35,0,70,,60686,11,0,13 35,0,29,,66656,11,0,13 35,0
7029,'1924',641,,60713,11,0,13 35,0,70,,60691,11,,,0,100,,60692,11,,,0,101,,60693,11,,,0,30,,60715,11,0,13 35,0,70,,60694,11,,,0,30,,60710,11,0,13 35,0,70,,60695,11,,,0,101,,60696,11,,,0,100,,60697,11,,,0,30,,66679,11,0,13 35,0,70,,60698,11,,,0,30,,66672,11,0,13 35,0,70,,60699,11,,,0,100,,60700,11,,,0,100,,60701,11,,,0,99,,60702,11,,,0,100,,60703,11,,,0,99,,60704,11,,,0,100,,60690,11,,,0,100,,60723,11,0,13 35,0,30,,60721,11,0,13 35,0,70,,60720,11,0,13 35,0,29,,66669,11,0,13 35,0
7029,'1925',641,,60747,11,0,13 35,0,70,,60725,11,,,0,100,,60726,11,,,0,30,,71220,11,0,13 35,0,71,,60727,11,,,0,30,,60749,11,0,13 35,0,70,,60728,11,,,0,30,,60744,11,0,13 35,0,70,,60729,11,,,0,30,,71219,11,0,13 35,0,71,,60730,11,,,0,30,,71213,11,0,13 35,0,70,,60731,11,,,0,30,,66692,11,0,13 35,0,70,,60732,11,,,0,30,,66685,11,0,13 35,0,70,,60733,11,,,0,30,,71216,11,0,13 35,0,70,,60734,11,,,0,30,,71212,11,0,13 35,0,70,,60735,11,,,0,30,,71217,11,0,13 35,0,69,,60736,11,,,0,30,,71211,11,0,13 35,0,70,,60737,11,,,0,30,,71218,11,0,13 35,0,69,,60738,11,,,0,30,,71214,11,0,13 35,0,70,,60724,11,,,0,30,,71215,11,0,13 35,0,70,,60757,11,0,13 35,0,30,,60755,11,0,13 35,0,70,,60754,11,0,13 35,0,29,,66682,11,0,13 35,0
7029,'1949',1843,,66719,11,,,0
7029,'1955',643,,66629,11,,,0,70,,66643,11,,,0,30,,66630,11,,,0,99,,66631,11,,,0,70,,66644,11,,,0,30,,66632,11,,,0,72,,66645,11,,,0,130,,66634,11,,,0,70,,66646,11,,,0,30,,66635,11,,,0,200,,66637,11,,,0,100,,66638,11,,,0,99,,66639,11,,,0,100,,66640,11,,,0,70,,66648,11,,,0,30,,66641,11,,,0,68,,66649,11,,,0,300,,66650,11,,,0,30,,66653,11,0,13 35,0,99,,66652,11,0,13 35,0
7029,'1956',841,,66681,11,0,13 35,0,301,,66680,11,0,13 35,0,101,,66673,11,0,13 35,0,300,,66676,11,0,13 35,0,100,,66671,11,0,13 35,0,100,,66677,11,0,13 35,0,99,,66670,11,0,13 35,0,100,,66678,11,0,13 35,0,99,,66674,11,0,13 35,0,100,,66675,11,0,13 35,0
7029,'1957',642,,71227,11,,,0,72,,71228,11,,,0,30,,71229,11,,,0,70,,71230,11,,,0,30,,71231,11,,,0,70,,71232,11,,,0,30,,71233,11,,,0,70,,71234,11,,,0,30,,71235,11,,,0,70,,71236,11,,,0,30,,71237,11,,,0,70,,71223,11,,,0,30,,71224,11,,,0,70,,71225,11,,,0,31,,71222,11,,,0,70,,71221,11,,,0,30,,71226,11,,,0,70,,71238,11,,,0,30,,71239,11,,,0,70,,71240,11,,,0,29,,71241,11,,,0,70,,71242,11,,,0,29,,71243,11,,,0,70,,71244,11,,,0,130,,71245,11,,,0,168,,71246,11,,,0,30,,71247,11,0,13 35,0,100,,71249,11,0,13 35,0,70,,71250,11,,,0,29,,71248,11,0,13 35,0
7029,'1958',643,,71251,11,,,0,70,,71262,11,,,0,30,,71252,11,,,0,99,,71253,11,,,0,70,,71263,11,,,0,30,,71254,11,,,0,72,,71264,11,,,0,130,,71255,11,,,0,70,,71265,11,,,0,30,,71256,11,,,0,200,,71257,11,,,0,100,,71258,11,,,0,99,,71259,11,,,0,100,,71260,11,,,0,70,,71266,11,,,0,30,,71261,11,,,0,68,,71267,11,,,0,300,,71268,11,,,0,30,,71271,11,0,13 35,0,99,,71270,11,0,13 35,0
7029,'1959',841,,71281,11,0,13 35,0,301,,71280,11,0,13 35,0,101,,71274,11,0,13 35,0,300,,71277,11,0,13 35,0,100,,71273,11,0,13 35,0,100,,71278,11,0,13 35,0,99,,71272,11,0,13 35,0,100,,71279,11,0,13 35,0,99,,71275,11,0,13 35,0,100,,71276,11,0,13 35,0
