15019,'1909',645,,61509,22,,,0,873,,61526,22,,,0,299,,61532,22,,,0
15019,'1910',919,,61542,22,,,0,302,,61545,22,,,0,202,,61547,22,,,0,100,,61548,22,,,0,100,,61549,22,,,0,100,,67300,22,,,0,98,,61551,22,,,0
15019,'1912',719,,61566,22,,,0,100,,61564,22,,,0,100,,61567,22,,,0,101,,61565,22,,,0,100,,61562,22,,,0,100,,61560,22,,,0,102,,61563,22,,,0,100,,61561,22,,,0,100,,61558,22,,,0,100,,61559,22,,,0,100,,61556,22,,,0,100,,61557,22,,,0,100,,61555,22,,,0,97,,71673,22,,,0
15019,'1924',719,,61580,22,,,0,100,,61578,22,,,0,100,,61581,22,,,0,101,,61579,22,,,0,100,,61576,22,,,0,100,,61574,22,,,0,102,,61577,22,,,0,100,,61575,22,,,0,100,,61572,22,,,0,100,,61573,22,,,0,100,,61570,22,,,0,100,,61571,22,,,0,100,,61569,22,,,0
15019,'1925',719,,61594,22,,,0,100,,61592,22,,,0,100,,61595,22,,,0,101,,61593,22,,,0,100,,61590,22,,,0,100,,61588,22,,,0,102,,61591,22,,,0,100,,61589,22,,,0,100,,61586,22,,,0,100,,61587,22,,,0,100,,61584,22,,,0,100,,61585,22,,,0,100,,61583,22,,,0,97,,71674,22,,,0
15019,'1949',747,,67326,22,,,0,1498,,67335,22,0,5 2 6 7,0
15019,'1955',719,,67295,22,,,0,100,,67296,22,,,0,202,,67297,22,,,0,100,,67298,22,,,0,202,,67299,22,,,0,598,,67301,22,,,0,98,,67302,22,,,0
15019,'1956',2019,,67305,22,,,0
15019,'1957',715,,71675,22,,,0,102,,71676,22,,,0,30,,71677,22,,,0,70,,71678,22,,,0,30,,71679,22,,,0,70,,71680,22,,,0,30,,71681,22,,,0,70,,71682,22,,,0,30,,71683,22,,,0,70,,71684,22,,,0,30,,71685,22,,,0,70,,71686,22,,,0,30,,71687,22,,,0,70,,71688,22,,,0,31,,71689,22,,,0,100,,71690,22,,,0,70,,71691,22,,,0,29,,71692,22,,,0,70,,71693,22,,,0,30,,71694,22,,,0,100,,71695,22,,,0,70,,71699,22,,,0,30,,71696,22,,,0,98,,71697,22,,,0,100,,71698,22,,,0
15019,'1958',719,,71700,22,,,0,100,,71701,22,,,0,202,,71702,22,,,0,100,,71703,22,,,0,202,,71704,22,,,0,598,,71705,22,,,0,98,,71706,22,,,0
15019,'1959',2019,,71708,22,,,0
