4019,'1838',804,,35397,11,,,0,30,,51701,11,,,0,70,,35395,11,,,0,30,,44020,11,,,0,71,,51700,11,,,0,30,,51692,11,,,0,70,,51695,11,,,0,30,,51697,11,,,0,69,,51699,11,,,0,32,,51690,11,,,0,69,,44004,11,,,0,30,,51694,11,,,0,69,,44011,11,,,0,30,,51698,11,,,0,70,,44000,11,,,0,30,,51691,11,,,0,70,,44006,11,,,0,30,,51696,11,,,0,70,,44013,11,,,0,31,,51689,11,,,0,70,,44002,11,,,0,29,,51693,11,,,0,70,,44009,11,,,0,30,,44017,11,,,0,70,,51702,11,,,0,30,,44015,11,,,0,70,,44021,11,,,0,30,,44016,11,,,0
4019,'1897',634,,48812,11,,,0,71,,48838,11,,,0,30,,48813,11,,,0,67,,48814,11,,,0,36,,48815,11,,,0,64,,48816,11,,,0,36,,48817,11,,,0,67,,48818,11,,,0,29,,48819,11,,,0,70,,48820,11,,,0,30,,48821,11,,,0,72,,48822,11,,,0,30,,48823,11,,,0,70,,48824,11,,,0,30,,48825,11,,,0,71,,48826,11,,,0,30,,48827,11,,,0,74,,48828,11,,,0,30,,48829,11,,,0,71,,48830,11,,,0,24,,48831,11,,,0,75,,48832,11,,,0,22,,48833,11,,,0,76,,48834,11,,,0,21,,48835,11,,,0,75,,48836,11,,,0,29,,48837,11,,,0,70,,48806,11,,,0,30,,48807,11,,,0,70,,48808,11,,,0,30,,48809,11,,,0,70,,48810,11,,,0,30,,48811,11,,,0
4019,'1898',704,,48870,11,,,0,30,,48846,11,,,0,71,,48840,11,,,0,30,,48850,11,,,0,70,,48861,11,,,0,30,,48856,11,,,0,70,,48844,11,,,0,30,,48866,11,,,0,70,,48843,11,,,0,30,,48863,11,,,0,69,,48858,11,,,0,32,,48851,11,,,0,69,,48864,11,,,0,30,,48867,11,,,0,70,,48842,11,,,0,30,,48853,11,,,0,70,,48841,11,,,0,30,,48847,11,,,0,70,,48865,11,,,0,30,,48862,11,,,0,70,,48859,11,,,0,30,,48848,11,,,0,70,,48868,11,,,0,29,,48869,11,,,0,70,,48839,11,,,0,30,,48854,11,,,0,70,,48852,11,,,0,30,,48860,11,,,0,70,,48845,11,,,0,30,,48855,11,,,0,70,,48849,11,,,0,30,,48857,11,,,0
4019,'1899',804,,51726,11,,,0,30,,51727,11,,,0,70,,51724,11,,,0,30,,51728,11,,,0,71,,51725,11,,,0,30,,51709,11,,,0,70,,51713,11,,,0,30,,51717,11,,,0,69,,51720,11,,,0,32,,51705,11,,,0,69,,51708,11,,,0,30,,51712,11,,,0,69,,51716,11,,,0,30,,51718,11,,,0,70,,51704,11,,,0,30,,51707,11,,,0,70,,51711,11,,,0,30,,51715,11,,,0,70,,51719,11,,,0,31,,51703,11,,,0,70,,51706,11,,,0,29,,51710,11,,,0,70,,51714,11,,,0,30,,51723,11,,,0,70,,51729,11,,,0,30,,51721,11,,,0,70,,51730,11,,,0,30,,51722,11,,,0
502019,'1838',641,,52517,8,,,0,70,,52516,8,,,0,30,,52518,8,,,0,70,,52520,8,,,0,31,,39097,8,,,0,70,,52519,8,,,0,30,,39099,8,,,0,71,,46230,8,,,0,30,,39094,8,,,0,70,,46229,8,,,0,30,,39089,8,,,0,71,,46228,8,,,0,30,,46220,8,,,0,70,,46226,8,,,0,30,,39090,8,,,0,70,,46227,8,,,0,30,,39093,8,,,0,70,,46225,8,,,0,30,,39087,8,,,0,70,,46224,8,,,0,30,,39091,8,,,0,69,,46223,8,,,0,30,,39088,8,,,0,70,,46222,8,,,0,30,,39101,8,,,0,70,,46221,8,,,0,30,,43617,8,,,0,68,,39105,8,,,0,30,,39095,8,,,0,70,,39118,8,,,0,30,,39104,8,,,0,70,,39119,8,,,0,30,,39098,8,,,0,69,,39120,8,,,0,30,,39096,8,,,0
502019,'1897',611,,50502,8,,,0,30,,50503,8,,,0,65,,50543,8,,,0,10,,50504,8,,,0,27,,50505,8,,,0,64,,50506,8,,,0,12,,50507,8,,,0,24,,50508,8,,,0,64,,50509,8,,,0,12,,50510,8,,,0,24,,50511,8,,,0,71,,50512,8,,,0,30,,50513,8,,,0,70,,50514,8,,,0,30,,50515,8,,,0,71,,50516,8,,,0,30,,50517,8,,,0,70,,50518,8,,,0,30,,50519,8,,,0,70,,50520,8,,,0,35,,50521,8,,,0,70,,50522,8,,,0,30,,50523,8,,,0,68,,50524,8,,,0,24,,50525,8,,,0,12,,50526,8,,,0,62,,50527,8,,,0,5,,50544,8,,,0,17,,50528,8,,,0,12,,50529,8,,,0,64,,50530,8,,,0,22,,50531,8,,,0,12,,50532,8,,,0,65,,50533,8,,,0,30,,50534,8,,,0,69,,50535,8,,,0,30,,50536,8,,,0,70,,50537,8,,,0,30,,50538,8,,,0,70,,50539,8,,,0,30,,50540,8,,,0,69,,50541,8,,,0,30,,50542,8,,,0
502019,'1898',641,,50552,8,,,0,70,,50559,8,,,0,30,,50551,8,,,0,70,,50560,8,,,0,31,,50550,8,,,0,70,,50561,8,,,0,30,,50549,8,,,0,71,,50562,8,,,0,30,,50570,8,,,0,70,,50563,8,,,0,30,,50571,8,,,0,71,,50564,8,,,0,30,,50572,8,,,0,70,,50565,8,,,0,30,,50573,8,,,0,70,,50566,8,,,0,30,,50574,8,,,0,70,,50567,8,,,0,30,,50575,8,,,0,70,,50568,8,,,0,30,,50576,8,,,0,69,,50569,8,,,0,30,,50577,8,,,0,70,,50553,8,,,0,30,,50578,8,,,0,70,,50555,8,,,0,98,,50554,8,,,0,30,,50548,8,,,0,70,,50556,8,,,0,30,,50547,8,,,0,70,,50557,8,,,0,30,,50546,8,,,0,70,,50558,8,,,0,30,,50545,8,,,0
502019,'1899',641,,52535,8,,,0,70,,52521,8,,,0,30,,52538,8,,,0,70,,52552,8,,,0,31,,52532,8,,,0,70,,52551,8,,,0,30,,52534,8,,,0,71,,52550,8,,,0,30,,52529,8,,,0,70,,52549,8,,,0,30,,52524,8,,,0,71,,52548,8,,,0,30,,52527,8,,,0,70,,52546,8,,,0,30,,52525,8,,,0,70,,52547,8,,,0,30,,52528,8,,,0,70,,52545,8,,,0,30,,52522,8,,,0,70,,52544,8,,,0,30,,52526,8,,,0,69,,52543,8,,,0,30,,52523,8,,,0,70,,52542,8,,,0,30,,52536,8,,,0,70,,52541,8,,,0,30,,52537,8,,,0,68,,52540,8,,,0,30,,52530,8,,,0,70,,52553,8,,,0,30,,52539,8,,,0,70,,52554,8,,,0,30,,52533,8,,,0,69,,52555,8,,,0,30,,52531,8,,,0
14000001029,'1838',559,,52991,41,0,18 7,0,1856,,52986,41,,,0,30,,52988,41,,,0,70,,52989,42,,,0,30,,52987,42,,,0,70,,52992,42,,,0,30,,52990,42,,,0
14000001029,'1897',501,,51514,41,0,18 7,0,102,,51515,41,0,18 7,0,1812,,51519,41,,,0,30,,51521,41,,,0,70,,51518,42,,,0,30,,51517,42,,,0,70,,51516,42,,,0,30,,51520,42,,,0
14000001029,'1898',559,,51526,41,0,18 7,0,1856,,51524,41,,,0,30,,51528,41,,,0,70,,51527,42,,,0,30,,51525,42,,,0,70,,51522,42,,,0,30,,51523,42,,,0
14000001029,'1899',559,,52997,41,0,18 7,0,1856,,52993,41,,,0,30,,52999,41,,,0,70,,52995,42,,,0,30,,52994,42,,,0,70,,52998,42,,,0,30,,52996,42,,,0
