'1912',20261012,1
'1959',20261011,1,20261025,1,20261108,1,20261122,1,20261129,1,20261206,1,20261213,1,20261220,1
'1964',20261005,1,20261006,1,20261007,1,20261008,1,20261009,1,20261012,1
'1965',20261005,1,20261006,1,20261007,1,20261008,1,20261009,1,20261013,1,20261014,1,20261015,1,20261016,1,20261019,1,20261020,1,20261021,1,20261022,1,20261023,1,20261026,1,20261027,1,20261028,1,20261029,1,20261030,1,20261102,1,20261103,1,20261104,1,20261105,1,20261106,1,20261109,1,20261110,1,20261111,1,20261112,1,20261113,1,20261116,1,20261117,1,20261118,1,20261119,1,20261120,1,20261123,1,20261124,1,20261125,1,20261126,1,20261127,1,20261130,1,20261201,1,20261202,1,20261203,1,20261204,1,20261207,1,20261208,1,20261209,1,20261210,1,20261211,1,20261214,1,20261215,1,20261216,1,20261217,1,20261218,1
'1966',20261003,1
'1967',20261003,1,20261010,1,20261017,1,20261024,1,20261031,1,20261107,1,20261114,1,20261121,1,20261128,1,20261205,1,20261212,1,20261219,1
'1968',20261004,1
'1969',20261004,1,20261018,1,20261101,1,20261115,1
'1970',20261005,1,20261006,1,20261007,1,20261008,1,20261009,1,20261013,1,20261014,1,20261015,1,20261016,1,20261019,1,20261020,1,20261021,1,20261022,1,20261023,1,20261026,1,20261027,1,20261028,1,20261029,1,20261030,1,20261102,1,20261103,1,20261104,1,20261105,1,20261106,1,20261109,1,20261110,1,20261111,1,20261112,1,20261113,1,20261116,1,20261117,1,20261118,1,20261119,1,20261120,1,20261123,1,20261124,1,20261125,1,20261126,1,20261127,1,20261130,1,20261201,1,20261202,1,20261203,1,20261204,1,20261207,1,20261208,1,20261209,1,20261210,1,20261211,1,20261214,1,20261215,1,20261216,1,20261217,1,20261218,1
'1971',20261010,1,20261017,1,20261024,1,20261031,1,20261107,1,20261114,1,20261121,1,20261128,1,20261205,1,20261212,1,20261219,1
'1972',20261011,1,20261025,1,20261108,1,20261122,1,20261129,1,20261206,1,20261213,1,20261220,1
'1973',20261018,1,20261101,1,20261115,1
