4029,'1912',725,,70787,8,,,0,30,,60008,8,,,0,70,,70786,8,,,0,30,,70788,8,,,0,70,,60005,8,,,0,30,,70779,8,,,0,69,,70782,8,,,0,30,,70767,8,,,0,70,,70772,8,,,0,30,,70775,8,,,0,69,,70778,8,,,0,30,,70780,8,,,0,70,,70768,8,,,0,30,,70771,8,,,0,70,,70774,8,,,0,30,,70777,8,,,0,70,,70781,8,,,0,30,,70769,8,,,0,70,,70770,8,,,0,30,,70773,8,,,0,70,,70776,8,,,0,30,,66240,8,,,0,70,,70791,8,,,0,33,,70792,8,,,0,70,,70790,8,,,0,30,,70785,8,,,0,70,,70789,8,,,0,30,,70783,8,,,0,100,,70784,8,,,0
4029,'1959',725,,70894,8,,,0,30,,60037,8,,,0,70,,70893,8,,,0,30,,70895,8,,,0,70,,60034,8,,,0,30,,70886,8,,,0,69,,70889,8,,,0,30,,70874,8,,,0,70,,70879,8,,,0,30,,70882,8,,,0,69,,70885,8,,,0,30,,70887,8,,,0,70,,70875,8,,,0,30,,70878,8,,,0,70,,70881,8,,,0,30,,70884,8,,,0,70,,70888,8,,,0,30,,70876,8,,,0,70,,70877,8,,,0,30,,70880,8,,,0,70,,70883,8,,,0,30,,66267,8,,,0,70,,70898,8,,,0,33,,70899,8,,,0,70,,70897,8,,,0,30,,70892,8,,,0,70,,70896,8,,,0,30,,70890,8,,,0,100,,70891,8,,,0
4029,'1967',627,,74215,8,,,0,28,,70867,8,,,0,70,,70868,8,,,0,30,,74216,8,,,0,70,,74217,8,,,0,30,,70871,8,,,0,70,,74218,8,,,0,30,,74209,8,,,0,68,,74203,8,,,0,30,,74198,8,,,0,70,,74207,8,,,0,30,,74213,8,,,0,70,,74208,8,,,0,30,,74197,8,,,0,70,,74200,8,,,0,30,,74211,8,,,0,70,,74196,8,,,0,30,,74210,8,,,0,70,,74205,8,,,0,30,,74199,8,,,0,70,,74194,8,,,0,30,,74212,8,,,0,70,,74214,8,,,0,30,,74206,8,,,0,70,,74201,8,,,0,30,,74219,8,,,0,71,,70849,8,,,0,30,,74195,8,,,0,72,,70850,8,,,0,30,,74204,8,,,0,70,,70865,8,,,0,30,,74202,8,,,0
4029,'1969',725,,70813,8,,,0,30,,60066,8,,,0,70,,70812,8,,,0,30,,70814,8,,,0,70,,60063,8,,,0,30,,70805,8,,,0,69,,70808,8,,,0,30,,70793,8,,,0,70,,70798,8,,,0,30,,70801,8,,,0,69,,70804,8,,,0,30,,70806,8,,,0,70,,70794,8,,,0,30,,70797,8,,,0,70,,70800,8,,,0,30,,70803,8,,,0,70,,70807,8,,,0,30,,70795,8,,,0,70,,70796,8,,,0,30,,70799,8,,,0,70,,70802,8,,,0,30,,66294,8,,,0,70,,70817,8,,,0,33,,70818,8,,,0,70,,70816,8,,,0,30,,70811,8,,,0,70,,70815,8,,,0,30,,70809,8,,,0,100,,70810,8,,,0
4029,'1976',625,,70819,8,,,0,30,,74183,8,,,0,72,,70821,8,,,0,25,,74184,8,,,0,76,,70823,8,,,0,24,,59926,8,,,0,71,,74185,8,,,0,29,,74186,8,,,0,70,,74187,8,,,0,30,,66313,8,,,0,70,,70827,8,,,0,31,,70828,8,,,0,70,,70829,8,,,0,30,,70830,8,,,0,70,,66314,8,,,0,30,,74188,8,,,0,70,,70832,8,,,0,35,,74189,8,,,0,65,,70834,8,,,0,36,,66317,8,,,0,64,,66318,8,,,0,36,,70835,8,,,0,64,,59943,8,,,0,35,,59944,8,,,0,67,,70836,8,,,0,29,,74190,8,,,0,70,,74191,8,,,0,30,,74192,8,,,0,71,,70840,8,,,0,30,,74193,8,,,0,70,,66322,8,,,0,30,,70842,8,,,0
4029,'1977',625,,75241,8,,,0,30,,75242,8,,,0,72,,75243,8,,,0,25,,75244,8,,,0,76,,75245,8,,,0,24,,75246,8,,,0,71,,75247,8,,,0,29,,75248,8,,,0,70,,75249,8,,,0,30,,75250,8,,,0,70,,75251,8,,,0,31,,75252,8,,,0,70,,75253,8,,,0,30,,75254,8,,,0,70,,75255,8,,,0,30,,75256,8,,,0,70,,75257,8,,,0,35,,75258,8,,,0,65,,75259,8,,,0,36,,75260,8,,,0,64,,75261,8,,,0,36,,75262,8,,,0,64,,75263,8,,,0,35,,75264,8,,,0,67,,75265,8,,,0,29,,75266,8,,,0,70,,75267,8,,,0,30,,75268,8,,,0,71,,75269,8,,,0,30,,75270,8,,,0,70,,75271,8,,,0,30,,75272,8,,,0
14000001019,'1912',2401,,65844,10,,,0,30,,70196,10,,,0,70,,75054,10,,,0,30,,65845,10,,,0,70,,70197,10,,,0
14000001019,'1959',2401,,65849,10,,,0,30,,70198,10,,,0,70,,75057,10,,,0,30,,65850,10,,,0,70,,70199,10,,,0
14000001019,'1967',2401,,65840,10,,,0,30,,73583,10,,,0,70,,75056,10,,,0,30,,65838,10,,,0,70,,73585,10,,,0
14000001019,'1969',2401,,65854,10,,,0,30,,70200,10,,,0,70,,75058,10,,,0,30,,65855,10,,,0,70,,70201,10,,,0
14000001019,'1976',2401,,65835,10,,,0,30,,73580,10,,,0,70,,75055,10,,,0,30,,65834,10,,,0,70,,73582,10,,,0
14000001019,'1977',2401,,76523,10,,,0,30,,76520,10,,,0,70,,76521,10,,,0,30,,76522,10,,,0,70,,76524,10,,,0
