1019,'1909',755,,59087,19,,,0,100,,59076,19,,,0,172,,59067,19,,,0,100,,59072,19,,,0,130,,59075,19,,,0,100,,59099,19,,,0,170,,59096,19,,,0,30,,59089,19,,,0,198,,59084,19,,,0,70,,59083,19,,,0,95,,59100,19,,,0,128,,59093,19,,,0,170,,59090,19,,,0,30,,59088,19,,,0
1019,'1912',617,,59139,19,,,0,100,,59140,19,,,0,101,,59141,19,,,0,100,,59142,19,,,0,100,,59143,19,,,0,100,,59144,19,,,0,100,,59145,19,,,0,100,,59146,19,,,0,100,,59147,19,,,0,100,,59148,19,,,0,100,,59149,19,,,0,100,,59150,19,,,0,100,,59151,19,,,0,100,,59152,19,,,0,100,,59153,19,,,0,100,,59154,19,,,0,104,,59155,19,,,0,95,,59156,19,,,0
1019,'1924',617,,59157,19,,,0,100,,59158,19,,,0,101,,59159,19,,,0,100,,59160,19,,,0,100,,59161,19,,,0,100,,59162,19,,,0,100,,59163,19,,,0,100,,59164,19,,,0,100,,59165,19,,,0,100,,59166,19,,,0,100,,59167,19,,,0,100,,59168,19,,,0,100,,59169,19,,,0,100,,59170,19,,,0,100,,59171,19,,,0,100,,59172,19,,,0,104,,59173,19,,,0,95,,59174,19,,,0
1019,'1925',617,,59175,19,,,0,100,,59176,19,,,0,101,,59177,19,,,0,100,,59178,19,,,0,100,,59179,19,,,0,100,,59180,19,,,0,100,,59181,19,,,0,100,,59182,19,,,0,100,,59183,19,,,0,100,,59184,19,,,0,100,,59185,19,,,0,100,,59186,19,,,0,100,,59187,19,,,0,100,,59188,19,,,0,100,,59189,19,,,0,100,,59190,19,,,0,104,,59191,19,,,0,95,,59192,19,,,0
1019,'1949',725,,65941,19,,,0,100,,65942,19,,,0,132,,65943,19,,,0,100,,65945,19,,,0,170,,65946,19,,,0,100,,65940,19,,,0,130,,65944,19,,,0
1019,'1955',548,,65933,19,,,0,70,,65923,19,,,0,30,,65909,19,,,0,70,,65927,19,,,0,30,,65918,19,,,0,70,,65903,19,,,0,30,,65924,19,,,0,70,,65925,19,,,0,30,,65908,19,,,0,70,,65928,19,,,0,30,,65917,19,,,0,70,,65902,19,,,0,30,,65912,19,,,0,70,,65922,19,,,0,30,,65907,19,,,0,70,,65929,19,,,0,30,,65916,19,,,0,70,,65901,19,,,0,30,,65911,19,,,0,70,,65921,19,,,0,30,,65906,19,,,0,70,,65930,19,,,0,30,,65915,19,,,0,70,,65900,19,,,0,30,,65910,19,,,0,70,,65920,19,,,0,30,,65904,19,,,0,70,,65931,19,,,0,30,,65913,19,,,0,70,,59103,19,,,0,30,,65905,19,,,0,70,,65919,19,,,0,34,,65914,19,,,0,70,,65932,19,,,0,30,,65926,19,,,0,65,,59129,19,,,0
1019,'1957',547,,70230,19,,,0,75,,70228,19,,,0,30,,70217,19,,,0,275,,70229,19,,,0,230,,70218,19,,,0,270,,70216,19,,,0,200,,70221,19,,,0,30,,70219,19,,,0,70,,70222,19,,,0,128,,70220,19,,,0,95,,70226,19,,,0,68,,70227,19,,,0,100,,70225,19,,,0,30,,70224,19,,,0,170,,70223,19,,,0
1019,'1958',548,,70266,19,,,0,70,,70255,19,,,0,30,,70241,19,,,0,70,,70260,19,,,0,30,,70250,19,,,0,70,,70235,19,,,0,30,,70256,19,,,0,70,,70258,19,,,0,30,,70240,19,,,0,70,,70261,19,,,0,30,,70249,19,,,0,70,,70234,19,,,0,30,,70244,19,,,0,70,,70254,19,,,0,30,,70239,19,,,0,70,,70262,19,,,0,30,,70248,19,,,0,70,,70233,19,,,0,30,,70243,19,,,0,70,,70253,19,,,0,30,,70238,19,,,0,70,,70263,19,,,0,30,,70247,19,,,0,70,,70232,19,,,0,30,,70242,19,,,0,70,,70252,19,,,0,30,,70236,19,,,0,70,,70264,19,,,0,30,,70245,19,,,0,70,,70231,19,,,0,30,,70237,19,,,0,70,,70251,19,,,0,34,,70246,19,,,0,70,,70265,19,,,0,30,,70259,19,,,0,65,,70257,19,,,0
32019,'1909',700,,62566,19,,,0,102,,62561,19,,,0,129,,62553,19,,,0,100,,62543,19,,,0,170,,62557,19,,,0,100,,62564,19,,,0,128,,62569,19,,,0,29,,62556,19,,,0,70,,62549,19,,,0,30,,62563,19,,,0,70,,62542,19,,,0,30,,62560,19,,,0,72,,62568,19,,,0,400,,62548,19,,,0
32019,'1912',634,,62617,19,,,0,95,,62618,19,,,0,100,,62619,19,,,0,100,,62620,19,,,0,100,,62621,19,,,0,101,,62622,19,,,0,102,,62623,19,,,0,100,,62624,19,,,0,100,,62625,19,,,0,100,,62626,19,,,0,100,,62627,19,,,0,100,,62628,19,,,0,97,,62629,19,,,0,100,,62630,19,,,0,100,,62631,19,,,0,100,,62632,19,,,0,100,,62633,19,,,0,95,,62635,19,0,5 2 8 7,0
32019,'1924',634,,62636,19,,,0,95,,62637,19,,,0,100,,62638,19,,,0,100,,62639,19,,,0,100,,62640,19,,,0,101,,62641,19,,,0,102,,62642,19,,,0,100,,62643,19,,,0,100,,62644,19,,,0,100,,62645,19,,,0,100,,62646,19,,,0,100,,62647,19,,,0,97,,62648,19,,,0,100,,62649,19,,,0,100,,62650,19,,,0,100,,62651,19,,,0,100,,62652,19,,,0,95,,62654,19,0,5 2 8 7,0
32019,'1925',634,,62655,19,,,0,95,,62656,19,,,0,100,,62657,19,,,0,100,,62658,19,,,0,100,,62659,19,,,0,101,,62660,19,,,0,102,,62661,19,,,0,100,,62662,19,,,0,100,,62663,19,,,0,100,,62664,19,,,0,100,,62665,19,,,0,100,,62666,19,,,0,97,,62667,19,,,0,100,,62668,19,,,0,100,,62669,19,,,0,100,,62670,19,,,0,100,,62671,19,,,0,95,,62673,19,0,5 2 8 7,0
32019,'1949',634,,67817,19,,,0,97,,67816,19,,,0,171,,67819,19,,,0,99,,67821,19,,,0,130,,67822,19,,,0,100,,67818,19,,,0,170,,67820,19,,,0
32019,'1955',633,,67784,19,,,0,25,,67801,19,,,0,70,,67778,19,,,0,30,,67795,19,,,0,70,,67802,19,,,0,31,,67790,19,,,0,70,,67783,19,,,0,30,,67800,19,,,0,70,,67777,19,,,0,30,,67794,19,,,0,70,,67805,19,,,0,71,,67789,19,,,0,30,,67782,19,,,0,71,,67799,19,,,0,30,,67776,19,,,0,70,,67793,19,,,0,30,,67804,19,,,0,70,,67788,19,,,0,30,,67781,19,,,0,70,,67798,19,,,0,30,,67775,19,,,0,70,,67792,19,,,0,30,,67806,19,,,0,70,,67787,19,,,0,30,,67780,19,,,0,28,,67796,19,,,0,70,,62581,19,,,0,100,,67803,19,,,0,99,,67779,19,,,0,100,,62580,19,,,0,100,,67807,19,0,5 2 8 7,0
32019,'1957',832,,72126,19,,,0,269,,72123,19,,,0,230,,72119,19,,,0,471,,72122,19,,,0,29,,72121,19,,,0,70,,72124,19,,,0,30,,72120,19,,,0,99,,72125,19,,,0,200,,72118,19,,,0,95,,72128,19,0,5 2 8 7,0
32019,'1958',633,,72143,19,,,0,25,,72160,19,,,0,70,,72137,19,,,0,30,,72154,19,,,0,70,,72161,19,,,0,31,,72149,19,,,0,70,,72142,19,,,0,30,,72159,19,,,0,70,,72136,19,,,0,30,,72153,19,,,0,70,,72164,19,,,0,71,,72148,19,,,0,30,,72141,19,,,0,71,,72158,19,,,0,30,,72135,19,,,0,70,,72152,19,,,0,30,,72163,19,,,0,70,,72147,19,,,0,30,,72140,19,,,0,70,,72157,19,,,0,30,,72134,19,,,0,70,,72151,19,,,0,30,,72165,19,,,0,70,,72146,19,,,0,30,,72139,19,,,0,28,,72155,19,,,0,70,,72133,19,,,0,100,,72162,19,,,0,99,,72138,19,,,0,100,,72132,19,,,0,100,,72166,19,0,5 2 8 7,0
