1029,'1912',625,,73732,46,,,0,100,,73733,46,,,0,100,,73734,46,,,0,102,,73735,46,,,0,100,,73736,46,,,0,100,,73737,46,,,0,100,,73738,46,,,0,100,,73739,46,,,0,100,,73740,46,,,0,100,,73741,46,,,0,100,,73742,46,,,0,100,,73743,46,,,0,100,,73744,46,,,0,100,,73745,46,,,0,100,,73746,46,,,0,100,,73747,46,,,0,100,,73748,46,,,0,95,,73749,46,,,0
1029,'1959',625,,73820,46,,,0,100,,73821,46,,,0,100,,73822,46,,,0,102,,73823,46,,,0,100,,73824,46,,,0,100,,73825,46,,,0,100,,73826,46,,,0,100,,73827,46,,,0,100,,73828,46,,,0,100,,73829,46,,,0,100,,73830,46,,,0,100,,73831,46,,,0,100,,73832,46,,,0,100,,73833,46,,,0,100,,73834,46,,,0,100,,73835,46,,,0,100,,73836,46,,,0,95,,73837,46,,,0
1029,'1967',625,,73790,46,,,0,30,,73802,46,,,0,70,,73809,46,,,0,30,,73797,46,,,0,70,,73818,46,,,0,30,,73806,46,,,0,72,,73789,46,,,0,30,,73801,46,,,0,70,,73812,46,,,0,30,,73796,46,,,0,70,,73819,46,,,0,30,,73805,46,,,0,70,,73788,46,,,0,30,,73800,46,,,0,70,,73811,46,,,0,30,,73795,46,,,0,70,,73791,46,,,0,30,,73804,46,,,0,70,,73787,46,,,0,30,,73799,46,,,0,70,,73807,46,,,0,30,,73794,46,,,0,70,,73816,46,,,0,30,,73803,46,,,0,69,,73786,46,,,0,31,,73798,46,,,0,70,,73810,46,,,0,30,,73792,46,,,0,70,,73814,46,,,0,30,,73813,46,,,0,70,,73785,46,,,0,30,,73793,46,,,0,70,,73808,46,,,0,30,,73817,46,,,0,69,,73815,46,,,0
1029,'1969',625,,73838,46,,,0,100,,73839,46,,,0,100,,73840,46,,,0,102,,73841,46,,,0,100,,73842,46,,,0,100,,73843,46,,,0,100,,73844,46,,,0,100,,73845,46,,,0,100,,73846,46,,,0,100,,73847,46,,,0,100,,73848,46,,,0,100,,73849,46,,,0,100,,73850,46,,,0,100,,73851,46,,,0,100,,73852,46,,,0,100,,73853,46,,,0,100,,73854,46,,,0,95,,73855,46,,,0
1029,'1976',625,,73759,46,,,0,75,,73760,46,,,0,32,,73780,46,,,0,70,,73756,46,,,0,30,,73751,46,,,0,71,,73784,46,,,0,30,,73754,46,,,0,70,,73761,46,,,0,30,,73779,46,,,0,70,,73758,46,,,0,30,,73750,46,,,0,70,,73783,46,,,0,30,,73755,46,,,0,70,,73762,46,,,0,30,,73778,46,,,0,70,,73757,46,,,0,31,,73752,46,,,0,71,,73781,46,,,0,32,,73753,46,,,0,70,,73763,46,,,0,30,,73777,46,,,0,70,,73766,46,,,0,29,,73765,46,,,0,67,,73764,46,,,0,25,,73770,46,,,0,30,,73769,46,,,0,70,,73768,46,,,0,30,,73767,46,,,0,69,,73782,46,,,0,30,,73776,46,,,0,70,,73775,46,,,0,30,,73774,46,,,0,70,,73773,46,,,0,30,,73772,46,,,0,65,,73771,46,,,0
1029,'1977',625,,75115,46,,,0,75,,75116,46,,,0,32,,75136,46,,,0,70,,75112,46,,,0,30,,75107,46,,,0,71,,75140,46,,,0,30,,75110,46,,,0,70,,75117,46,,,0,30,,75135,46,,,0,70,,75114,46,,,0,30,,75106,46,,,0,70,,75139,46,,,0,30,,75111,46,,,0,70,,75118,46,,,0,30,,75134,46,,,0,70,,75113,46,,,0,31,,75108,46,,,0,71,,75137,46,,,0,32,,75109,46,,,0,70,,75119,46,,,0,30,,75133,46,,,0,70,,75122,46,,,0,29,,75121,46,,,0,67,,75120,46,,,0,25,,75126,46,,,0,30,,75125,46,,,0,70,,75124,46,,,0,30,,75123,46,,,0,69,,75138,46,,,0,30,,75132,46,,,0,70,,75131,46,,,0,30,,75130,46,,,0,70,,75129,46,,,0,30,,75128,46,,,0,65,,75127,46,,,0
2029,'1912',640,,74007,41,0,39 40,0,71,,74015,41,0,39 40,0,31,,74026,41,0,39 40,0,70,,74021,41,0,39 40,0,30,,74008,41,0,39 40,0,70,,74016,41,0,39 40,0,30,,74027,41,0,39 40,0,70,,74022,41,0,39 40,0,30,,74009,41,0,39 40,0,70,,74017,41,0,39 40,0,30,,74028,41,0,39 40,0,70,,74023,41,0,39 40,0,30,,74010,41,0,39 40,0,70,,74018,41,0,39 40,0,30,,74029,41,0,39 40,0,70,,74024,41,0,39 40,0,30,,74011,41,0,39 40,0,70,,74019,41,0,39 40,0,30,,74030,41,0,39 40,0,70,,74025,41,0,39 40,0,30,,74012,41,0,39 40,0,70,,74020,41,0,39 40,0,30,,74031,41,0,39 40,0,100,,74013,41,0,39 40,0,99,,74032,41,0,39 40,0,100,,74014,41,0,39 40,0,101,,74033,41,0,39 40,0,100,,74006,41,0,39 40,0
2029,'1959',640,,74108,41,0,39 40,0,71,,74116,41,0,39 40,0,31,,74127,41,0,39 40,0,70,,74122,41,0,39 40,0,30,,74109,41,0,39 40,0,70,,74117,41,0,39 40,0,30,,74128,41,0,39 40,0,70,,74123,41,0,39 40,0,30,,74110,41,0,39 40,0,70,,74118,41,0,39 40,0,30,,74129,41,0,39 40,0,70,,74124,41,0,39 40,0,30,,74111,41,0,39 40,0,70,,74119,41,0,39 40,0,30,,74130,41,0,39 40,0,70,,74125,41,0,39 40,0,30,,74112,41,0,39 40,0,70,,74120,41,0,39 40,0,30,,74131,41,0,39 40,0,70,,74126,41,0,39 40,0,30,,74113,41,0,39 40,0,70,,74121,41,0,39 40,0,30,,74132,41,0,39 40,0,100,,74114,41,0,39 40,0,99,,74133,41,0,39 40,0,100,,74115,41,0,39 40,0,101,,74134,41,0,39 40,0,100,,74107,41,0,39 40,0
2029,'1967',610,,74104,41,0,5 2 15 16 17,0,30,,74087,41,0,39 40,0,69,,74094,41,0,39 40,0,31,,74073,41,0,39 40,0,70,,74079,41,0,39 40,0,30,,74088,41,0,39 40,0,72,,74095,41,0,39 40,0,30,,74074,41,0,39 40,0,70,,74080,41,0,39 40,0,30,,74089,41,0,39 40,0,70,,74096,41,0,39 40,0,30,,74075,41,0,39 40,0,70,,74081,41,0,39 40,0,30,,74090,41,0,39 40,0,70,,74097,41,0,39 40,0,30,,74076,41,0,39 40,0,70,,74082,41,0,39 40,0,30,,74091,41,0,39 40,0,70,,74098,41,0,39 40,0,30,,74077,41,0,39 40,0,70,,74083,41,0,39 40,0,30,,74092,41,0,39 40,0,70,,74099,41,0,39 40,0,30,,74078,41,0,39 40,0,70,,74084,41,0,39 40,0,30,,74093,41,0,39 40,0,70,,74100,41,0,39 40,0,30,,74085,41,0,39 40,0,100,,74101,41,0,39 40,0,100,,74086,41,0,39 40,0,100,,74102,41,0,39 40,0
2029,'1969',640,,74140,41,0,39 40,0,71,,74148,41,0,39 40,0,31,,74159,41,0,39 40,0,70,,74154,41,0,39 40,0,30,,74141,41,0,39 40,0,70,,74149,41,0,39 40,0,30,,74160,41,0,39 40,0,70,,74155,41,0,39 40,0,30,,74142,41,0,39 40,0,70,,74150,41,0,39 40,0,30,,74161,41,0,39 40,0,70,,74156,41,0,39 40,0,30,,74143,41,0,39 40,0,70,,74151,41,0,39 40,0,30,,74162,41,0,39 40,0,70,,74157,41,0,39 40,0,30,,74144,41,0,39 40,0,70,,74152,41,0,39 40,0,30,,74163,41,0,39 40,0,70,,74158,41,0,39 40,0,30,,74145,41,0,39 40,0,70,,74153,41,0,39 40,0,30,,74164,41,0,39 40,0,100,,74146,41,0,39 40,0,99,,74165,41,0,39 40,0,100,,74147,41,0,39 40,0,101,,74166,41,0,39 40,0,100,,74139,41,0,39 40,0
2029,'1976',545,,74055,29,0,39 40,0,65,,74038,41,0,39 40,0,30,,74039,41,0,39 40,0,72,,74040,41,0,39 40,0,30,,74041,41,0,39 40,0,71,,74042,41,0,39 40,0,30,,74043,41,0,39 40,0,70,,74044,41,0,39 40,0,30,,74045,41,0,39 40,0,70,,74046,41,0,39 40,0,30,,74069,41,0,39 40,0,70,,74065,41,0,39 40,0,30,,74071,41,0,39 40,0,70,,74067,41,0,39 40,0,30,,74068,41,0,39 40,0,70,,74064,41,0,39 40,0,30,,74070,41,0,39 40,0,70,,74066,41,0,39 40,0,32,,74072,41,0,39 40,0,71,,74047,41,0,39 40,0,34,,74048,41,0,39 40,0,70,,74049,41,0,39 40,0,30,,74050,41,0,39 40,0,70,,74051,41,0,39 40,0,27,,74052,41,0,39 40,0,66,,74053,41,0,39 40,0,29,,74054,41,0,39 40,0,70,,74058,41,0,39 40,0,30,,74059,41,0,39 40,0,100,,74060,41,0,39 40,0,100,,74061,41,0,39 40,0,100,,74057,41,0,39 40,0
2029,'1977',545,,75190,29,0,39 40,0,65,,75173,41,0,39 40,0,30,,75174,41,0,39 40,0,72,,75175,41,0,39 40,0,30,,75176,41,0,39 40,0,71,,75177,41,0,39 40,0,30,,75178,41,0,39 40,0,70,,75179,41,0,39 40,0,30,,75180,41,0,39 40,0,70,,75181,41,0,39 40,0,30,,75204,41,0,39 40,0,70,,75200,41,0,39 40,0,30,,75206,41,0,39 40,0,70,,75202,41,0,39 40,0,30,,75203,41,0,39 40,0,70,,75199,41,0,39 40,0,30,,75205,41,0,39 40,0,70,,75201,41,0,39 40,0,32,,75207,41,0,39 40,0,71,,75182,41,0,39 40,0,34,,75183,41,0,39 40,0,70,,75184,41,0,39 40,0,30,,75185,41,0,39 40,0,70,,75186,41,0,39 40,0,27,,75187,41,0,39 40,0,66,,75188,41,0,39 40,0,29,,75189,41,0,39 40,0,70,,75193,41,0,39 40,0,30,,75194,41,0,39 40,0,100,,75195,41,0,39 40,0,100,,75196,41,0,39 40,0,100,,75192,41,0,39 40,0
12029,'1976',650,,74418,23,,,0,72,,61282,23,,,0,30,,61275,23,,,0,69,,74416,23,,,0,31,,74410,23,,,0,71,,61262,14,,,0,30,,61263,14,,,0,70,,61264,14,,,0,30,,74404,14,,,0,70,,74405,14,,,0,30,,61267,14,,,0,70,,61268,14,,,0,30,,61269,14,,,0,70,,74406,14,,,0,30,,74407,14,,,0,70,,61272,14,,,0,31,,74412,23,,,0,71,,74415,23,,,0,30,,74408,23,,,0,70,,74414,23,,,0,30,,74409,23,,,0,70,,74417,23,,,0,28,,74411,23,,,0,70,,74413,23,,,0
12029,'1977',651,,75523,14,,,0,72,,75522,14,,,0,30,,75521,14,,,0,71,,75524,14,,,0,629,,75531,14,,,0,71,,75528,14,,,0,29,,75529,14,,,0,71,,75527,14,,,0,29,,75526,14,,,0,71,,75525,14,,,0,29,,75530,14,,,0,70,,75532,14,,,0
14000001029,'1912',552,,73589,28,0,18 7,0,1851,,70205,28,,,0,29,,75060,28,,,0,70,,65884,28,,,0,30,,70206,28,,,0,70,,75059,28,,,0,30,,65880,28,,,0
14000001029,'1959',552,,73605,28,0,18 7,0,1851,,70208,28,,,0,29,,75067,28,,,0,70,,65891,28,,,0,30,,70209,28,,,0,70,,75066,28,,,0,30,,65887,28,,,0
14000001029,'1967',552,,75064,28,0,18 7,0,1851,,73602,28,,,0,29,,75063,28,,,0,70,,65872,28,,,0,30,,73599,28,,,0,70,,75065,28,,,0,30,,65875,28,,,0
14000001029,'1969',552,,73592,28,0,18 7,0,1851,,70211,28,,,0,29,,75069,28,,,0,70,,65898,28,,,0,30,,70212,28,,,0,70,,75068,28,,,0,30,,65894,28,,,0
14000001029,'1976',450,,65864,28,0,18 7,0,102,,73593,28,0,18 7,0,1851,,73595,28,,,0,29,,75061,28,,,0,70,,65871,28,,,0,30,,73594,28,,,0,70,,75062,28,,,0,30,,65870,28,,,0
14000001029,'1977',450,,76525,28,0,18 7,0,102,,76526,28,0,18 7,0,1851,,76528,28,,,0,29,,76529,28,,,0,70,,76532,28,,,0,30,,76527,28,,,0,70,,76530,28,,,0,30,,76531,28,,,0
