4019,'1912',813,,70650,17,4,,0,30,,59832,17,4,,0,70,,70649,17,4,,0,30,,70651,17,4,,0,72,,59830,17,4,,0,30,,66070,17,4,,0,70,,70638,17,4,,0,30,,70642,17,4,,0,70,,70645,17,4,,0,31,,70631,17,4,,0,69,,70634,17,4,,0,30,,70637,17,4,,0,69,,70641,17,4,,0,30,,70643,17,4,,0,70,,70630,17,4,,0,30,,70633,17,4,,0,70,,70636,17,4,,0,30,,70640,17,4,,0,69,,70644,17,4,,0,31,,70629,17,4,,0,70,,70632,17,4,,0,29,,70635,17,4,,0,70,,70639,17,4,,0,100,,70652,17,4,,0,100,,70653,17,4,,0
4019,'1959',813,,70763,17,4,,0,30,,59860,17,4,,0,70,,70762,17,4,,0,30,,70764,17,4,,0,72,,59858,17,4,,0,30,,66096,17,4,,0,70,,70751,17,4,,0,30,,70755,17,4,,0,70,,70758,17,4,,0,31,,70744,17,4,,0,69,,70747,17,4,,0,30,,70750,17,4,,0,69,,70754,17,4,,0,30,,70756,17,4,,0,70,,70743,17,4,,0,30,,70746,17,4,,0,70,,70749,17,4,,0,30,,70753,17,4,,0,69,,70757,17,4,,0,31,,70742,17,4,,0,70,,70745,17,4,,0,29,,70748,17,4,,0,70,,70752,17,4,,0,100,,70765,17,4,,0,100,,70766,17,4,,0
4019,'1967',713,,74182,17,4,,0,30,,74176,17,4,,0,71,,70712,17,4,,0,30,,74177,17,4,,0,70,,74181,17,4,,0,30,,70727,17,4,,0,72,,66037,17,4,,0,30,,70737,17,4,,0,71,,70715,17,4,,0,30,,70734,17,4,,0,70,,70729,17,4,,0,30,,70722,17,4,,0,70,,70735,17,4,,0,30,,70738,17,4,,0,70,,70714,17,4,,0,30,,70724,17,4,,0,70,,70713,17,4,,0,30,,70718,17,4,,0,70,,70736,17,4,,0,30,,70733,17,4,,0,69,,70730,17,4,,0,30,,70719,17,4,,0,70,,70739,17,4,,0,30,,70740,17,4,,0,67,,70711,17,4,,0,300,,70720,17,4,,0
4019,'1969',813,,70675,17,4,,0,30,,59888,17,4,,0,70,,70674,17,4,,0,30,,70676,17,4,,0,72,,59886,17,4,,0,30,,66122,17,4,,0,70,,70663,17,4,,0,30,,70667,17,4,,0,70,,70670,17,4,,0,31,,70656,17,4,,0,69,,70659,17,4,,0,30,,70662,17,4,,0,69,,70666,17,4,,0,30,,70668,17,4,,0,70,,70655,17,4,,0,30,,70658,17,4,,0,70,,70661,17,4,,0,30,,70665,17,4,,0,69,,70669,17,4,,0,31,,70654,17,4,,0,70,,70657,17,4,,0,29,,70660,17,4,,0,70,,70664,17,4,,0,100,,70677,17,4,,0,100,,70678,17,4,,0
4019,'1976',643,,74174,17,4,,0,71,,70710,17,4,,0,30,,70685,17,4,,0,67,,70686,17,4,,0,36,,70687,17,4,,0,64,,70688,17,4,,0,36,,70689,17,4,,0,68,,70690,17,4,,0,29,,70691,17,4,,0,70,,70692,17,4,,0,31,,70693,17,4,,0,72,,70694,17,4,,0,30,,70695,17,4,,0,70,,74175,17,4,,0,30,,70697,17,4,,0,71,,70698,17,4,,0,30,,70699,17,4,,0,76,,70700,17,4,,0,30,,70701,17,4,,0,71,,70702,17,4,,0,24,,70703,17,4,,0,73,,70704,17,4,,0,22,,70705,17,4,,0,75,,70706,17,4,,0,20,,70707,17,4,,0,75,,70708,17,4,,0,29,,70709,17,4,,0,70,,74171,17,4,,0,30,,74172,17,4,,0,69,,70681,17,4,,0,30,,74173,17,4,,0,70,,66173,17,4,,0,30,,70683,17,4,,0
4019,'1977',643,,75214,17,4,,0,71,,75240,17,4,,0,30,,75215,17,4,,0,67,,75216,17,4,,0,36,,75217,17,4,,0,64,,75218,17,4,,0,36,,75219,17,4,,0,68,,75220,17,4,,0,29,,75221,17,4,,0,70,,75222,17,4,,0,31,,75223,17,4,,0,72,,75224,17,4,,0,30,,75225,17,4,,0,70,,75226,17,4,,0,30,,75227,17,4,,0,71,,75228,17,4,,0,30,,75229,17,4,,0,76,,75230,17,4,,0,30,,75231,17,4,,0,71,,75232,17,4,,0,24,,75233,17,4,,0,73,,75234,17,4,,0,22,,75235,17,4,,0,75,,75236,17,4,,0,20,,75237,17,4,,0,75,,75238,17,4,,0,29,,75239,17,4,,0,70,,75208,17,4,,0,30,,75209,17,4,,0,69,,75210,17,4,,0,30,,75211,17,4,,0,70,,75212,17,4,,0,30,,75213,17,4,,0
7019,'1912',757,,60448,31,4,,0,71,,66571,16,4,,0,30,,60449,31,4,,0,73,,71124,16,4,,0,102,,71128,16,4,,0,68,,60450,31,4,,0,32,,71123,16,4,,0,68,,60451,31,4,,0,32,,71127,16,4,,0,68,,60452,31,4,,0,33,,71122,16,4,,0,67,,60453,31,4,,0,33,,71126,16,4,,0,68,,60454,31,4,,0,33,,71121,16,4,,0,67,,60455,31,4,,0,33,,71125,16,4,,0,66,,60456,31,4,,0,33,,71120,16,4,,0,67,,60444,31,4,,0,32,,66566,16,4,,0,67,,60445,31,4,,0,30,,60466,16,4,,0,27,,60443,31,4,,0,71,,60467,16,4,,0,28,,60447,31,4,,0,72,,60474,16,4,,0,28,,60446,31,4,,0
7019,'1959',757,,60483,31,4,,0,71,,66584,16,4,,0,30,,60484,31,4,,0,73,,71195,16,4,,0,102,,71199,16,4,,0,68,,60485,31,4,,0,32,,71194,16,4,,0,68,,60486,31,4,,0,32,,71198,16,4,,0,68,,60487,31,4,,0,33,,71193,16,4,,0,67,,60488,31,4,,0,33,,71197,16,4,,0,68,,60489,31,4,,0,33,,71192,16,4,,0,67,,60490,31,4,,0,33,,71196,16,4,,0,66,,60491,31,4,,0,33,,71191,16,4,,0,67,,60479,31,4,,0,32,,66579,16,4,,0,67,,60480,31,4,,0,30,,60501,16,4,,0,27,,60478,31,4,,0,71,,60502,16,4,,0,28,,60482,31,4,,0,72,,60509,16,4,,0,28,,60481,31,4,,0
7019,'1967',629,,66558,12,4,,0,28,,71181,31,4,,0,70,,74315,31,4,,0,30,,71182,31,4,,0,70,,71176,31,4,,0,32,,74316,31,4,,0,70,,71177,31,4,,0,30,,71183,31,4,,0,74,,71178,31,4,,0,70,,71184,31,4,,0,30,,66542,31,4,,0,70,,74317,31,4,,0,30,,71179,31,4,,0,70,,71185,31,4,,0,30,,71180,31,4,,0,70,,60428,31,4,,0,30,,66551,31,4,,0,70,,74318,31,4,,0,30,,71187,31,4,,0,70,,60430,31,4,,0,30,,71186,31,4,,0,68,,66550,31,4,,0,30,,71188,31,4,,0,70,,60432,31,4,,0,30,,71190,31,4,,0,69,,71172,31,4,,0,28,,71189,31,4,,0,30,,74313,31,4,,0,68,,66556,31,4,,0,30,,60411,31,4,,0,100,,60412,31,4,,0,100,,74314,31,4,,0
7019,'1969',757,,60518,31,4,,0,71,,66597,16,4,,0,30,,60519,31,4,,0,73,,71134,16,4,,0,102,,71138,16,4,,0,68,,60520,31,4,,0,32,,71133,16,4,,0,68,,60521,31,4,,0,32,,71137,16,4,,0,68,,60522,31,4,,0,33,,71132,16,4,,0,67,,60523,31,4,,0,33,,71136,16,4,,0,68,,60524,31,4,,0,33,,71131,16,4,,0,67,,60525,31,4,,0,33,,71135,16,4,,0,66,,60526,31,4,,0,33,,71130,16,4,,0,67,,60514,31,4,,0,32,,66592,16,4,,0,67,,60515,31,4,,0,30,,60536,16,4,,0,27,,60513,31,4,,0,71,,60537,16,4,,0,28,,60517,31,4,,0,72,,60544,16,4,,0,28,,60516,31,4,,0
14019,'1912',635,,61463,1,,,0,24,,61463,27,4,,0,76,,67238,1,,,0,24,,67238,27,4,,0,76,,67227,1,,,0,65,,67227,27,4,,0,35,,71631,1,,,0,65,,71631,27,4,,0,35,,67229,1,,,0,65,,67229,27,4,,0,35,,67230,1,,,0,68,,67230,27,4,,0,32,,67231,1,,,0,68,,67231,27,4,,0,32,,67232,1,,,0,69,,67232,27,4,,0,31,,67233,1,,,0,69,,67233,27,4,,0,31,,67234,1,,,0,69,,67234,27,4,,0,31,,67235,1,,,0,68,,67235,27,4,,0,32,,67236,1,,,0,68,,67236,27,4,,0,32,,67237,1,,,0,68,,67237,27,4,,0,32,,61451,1,,,0,67,,61451,27,4,,0,38,,71630,1,,,0,67,,71630,27,4,,0
14019,'1959',635,,61478,1,,,0,24,,61478,27,4,,0,76,,67251,1,,,0,24,,67251,27,4,,0,76,,67240,1,,,0,65,,67240,27,4,,0,35,,71672,1,,,0,65,,71672,27,4,,0,35,,67242,1,,,0,65,,67242,27,4,,0,35,,67243,1,,,0,68,,67243,27,4,,0,32,,67244,1,,,0,68,,67244,27,4,,0,32,,67245,1,,,0,69,,67245,27,4,,0,31,,67246,1,,,0,69,,67246,27,4,,0,31,,67247,1,,,0,69,,67247,27,4,,0,31,,67248,1,,,0,68,,67248,27,4,,0,32,,67249,1,,,0,68,,67249,27,4,,0,32,,67250,1,,,0,68,,67250,27,4,,0,32,,61466,1,,,0,67,,61466,27,4,,0,38,,71671,1,,,0,67,,71671,27,4,,0
14019,'1967',635,,67210,1,,,0,23,,67210,27,4,,0,77,,74438,1,,,0,23,,74438,27,4,,0,77,,74439,1,,,0,66,,74439,27,4,,0,34,,71664,1,,,0,66,,71664,27,4,,0,34,,71665,1,,,0,66,,71665,27,4,,0,34,,71666,1,,,0,70,,71666,27,4,,0,30,,67216,1,,,0,70,,67216,27,4,,0,30,,67217,1,,,0,70,,67217,27,4,,0,30,,71667,1,,,0,70,,71667,27,4,,0,30,,67219,1,,,0,70,,67219,27,4,,0,30,,67220,1,,,0,68,,67220,27,4,,0,32,,67221,1,,,0,68,,67221,27,4,,0,32,,71668,1,,,0,68,,71668,27,4,,0,32,,71669,1,,,0,65,,71669,27,4,,0,35,,67224,1,,,0,65,,67224,27,4,,0,35,,74440,1,,,0,65,,74440,27,4,,0,35,,61449,1,,,0,65,,61449,27,4,,0
14019,'1969',635,,61493,1,,,0,24,,61493,27,4,,0,76,,67264,1,,,0,24,,67264,27,4,,0,76,,67253,1,,,0,65,,67253,27,4,,0,35,,71633,1,,,0,65,,71633,27,4,,0,35,,67255,1,,,0,65,,67255,27,4,,0,35,,67256,1,,,0,68,,67256,27,4,,0,32,,67257,1,,,0,68,,67257,27,4,,0,32,,67258,1,,,0,69,,67258,27,4,,0,31,,67259,1,,,0,69,,67259,27,4,,0,31,,67260,1,,,0,69,,67260,27,4,,0,31,,67261,1,,,0,68,,67261,27,4,,0,32,,67262,1,,,0,68,,67262,27,4,,0,32,,67263,1,,,0,68,,67263,27,4,,0,32,,61481,1,,,0,67,,61481,27,4,,0,38,,71632,1,,,0,67,,71632,27,4,,0
14019,'1976',510,,61431,1,,,0,25,,61431,27,4,,0,75,,71660,1,,,0,25,,71660,27,4,,0,15,,71634,1,,,0,67,,71634,27,4,,0,3,,71647,1,,,0,27,,71647,27,4,,0,1,,71635,1,,,0,62,,71648,1,,,0,5,,71635,27,4,,0,22,,71648,27,4,,0,3,,74432,1,,,0,68,,74432,27,4,,0,2,,71649,1,,,0,27,,71649,27,4,,0,3,,71637,1,,,0,67,,71637,27,4,,0,3,,61417,1,,,0,27,,61417,27,4,,0,3,,71638,1,,,0,67,,71638,27,4,,0,3,,71650,1,,,0,27,,71650,27,4,,0,3,,71639,1,,,0,67,,71639,27,4,,0,3,,71651,1,,,0,27,,71651,27,4,,0,3,,74433,1,,,0,67,,74433,27,4,,0,3,,74435,1,,,0,27,,74435,27,4,,0,3,,74434,1,,,0,67,,74434,27,4,,0,3,,71653,1,,,0,28,,71653,27,4,,0,2,,71642,1,,,0,70,,71654,1,,,0,1,,71642,27,4,,0,30,,71654,27,4,,0,9,,71643,1,,,0,70,,71655,1,,,0,1,,71643,27,4,,0,29,,71644,1,,,0,1,,71655,27,4,,0,67,,71644,27,4,,0,2,,71656,1,,,0,28,,71656,27,4,,0,2,,71645,1,,,0,60,,71657,1,,,0,8,,71645,27,4,,0,19,,71657,27,4,,0,3,,71646,1,,,0,67,,71646,27,4,,0,3,,74436,1,,,0,27,,74436,27,4,,0,3,,71661,1,,,0,66,,71661,27,4,,0,4,,74437,1,,,0,25,,74437,27,4,,0,67,,61428,1,,,0,25,,61428,27,4,,0,75,,71659,1,,,0,25,,71659,27,4,,0
14019,'1977',510,,75587,1,,,0,25,,75587,27,4,,0,75,,75586,1,,,0,25,,75586,27,4,,0,15,,75557,1,,,0,67,,75557,27,4,,0,3,,75570,1,,,0,27,,75570,27,4,,0,1,,75558,1,,,0,62,,75571,1,,,0,5,,75558,27,4,,0,22,,75571,27,4,,0,3,,75559,1,,,0,68,,75559,27,4,,0,2,,75572,1,,,0,27,,75572,27,4,,0,3,,75560,1,,,0,67,,75560,27,4,,0,3,,75573,1,,,0,27,,75573,27,4,,0,3,,75561,1,,,0,67,,75561,27,4,,0,3,,75574,1,,,0,27,,75574,27,4,,0,3,,75562,1,,,0,67,,75562,27,4,,0,3,,75575,1,,,0,27,,75575,27,4,,0,3,,75563,1,,,0,67,,75563,27,4,,0,3,,75576,1,,,0,27,,75576,27,4,,0,3,,75564,1,,,0,67,,75564,27,4,,0,3,,75577,1,,,0,28,,75577,27,4,,0,2,,75565,1,,,0,70,,75578,1,,,0,1,,75565,27,4,,0,30,,75578,27,4,,0,9,,75566,1,,,0,70,,75579,1,,,0,1,,75566,27,4,,0,29,,75567,1,,,0,1,,75579,27,4,,0,67,,75567,27,4,,0,2,,75580,1,,,0,28,,75580,27,4,,0,2,,75568,1,,,0,60,,75581,1,,,0,8,,75568,27,4,,0,19,,75581,27,4,,0,3,,75569,1,,,0,67,,75569,27,4,,0,3,,75582,1,,,0,27,,75582,27,4,,0,3,,75588,1,,,0,66,,75588,27,4,,0,4,,75583,1,,,0,25,,75583,27,4,,0,67,,75584,1,,,0,25,,75584,27,4,,0,75,,75585,1,,,0,25,,75585,27,4,,0
15019,'1912',705,,61566,1,,,0,100,,61564,1,,,0,100,,61567,1,,,0,100,,61565,1,,,0,100,,61562,1,,,0,100,,61560,1,,,0,100,,61563,1,,,0,100,,61561,1,,,0,100,,61558,1,,,0,100,,61559,1,,,0,100,,61556,1,,,0,100,,61557,1,,,0,100,,61555,1,,,0,100,,71673,1,,,0
15019,'1959',705,,61580,1,,,0,100,,61578,1,,,0,100,,61581,1,,,0,100,,61579,1,,,0,100,,61576,1,,,0,100,,61574,1,,,0,100,,61577,1,,,0,100,,61575,1,,,0,100,,61572,1,,,0,100,,61573,1,,,0,100,,61570,1,,,0,100,,61571,1,,,0,100,,61569,1,,,0,100,,71708,1,,,0
15019,'1967',705,,71700,1,,,0,100,,71701,1,,,0,100,,74448,1,,,0,100,,71702,1,,,0,100,,71703,1,,,0,100,,74449,1,,,0,100,,71704,1,,,0,100,,61547,1,,,0,100,,74450,1,,,0,100,,61549,1,,,0,100,,67300,1,,,0,100,,61551,1,,,0,100,,71705,1,,,0,100,,74451,1,,,0
15019,'1969',705,,61594,1,,,0,100,,61592,1,,,0,100,,61595,1,,,0,100,,61593,1,,,0,100,,61590,1,,,0,100,,61588,1,,,0,100,,61591,1,,,0,100,,61589,1,,,0,100,,61586,1,,,0,100,,61587,1,,,0,100,,61584,1,,,0,100,,61585,1,,,0,100,,61583,1,,,0,100,,71674,1,,,0
15019,'1976',630,,61509,1,,,0,70,,74441,1,,,0,30,,67326,1,,,0,70,,71676,1,,,0,30,,71677,1,,,0,70,,71678,1,,,0,30,,74442,1,,,0,70,,74443,1,,,0,30,,74444,1,,,0,70,,71682,1,,,0,30,,74445,1,,,0,70,,74446,1,,,0,30,,71685,1,,,0,70,,71686,1,,,0,30,,71687,1,,,0,70,,71688,1,,,0,30,,71689,1,,,0,70,,61526,1,,,0,30,,71690,1,,,0,70,,74447,1,,,0,30,,71692,1,,,0,70,,71693,1,,,0,30,,71694,1,,,0,70,,61532,1,,,0,30,,71695,1,,,0,70,,71699,1,,,0,30,,71696,1,,,0,100,,71697,1,,,0,100,,71698,1,,,0,100,,67335,1,0,5 2 6 7,0
15019,'1977',630,,75589,1,,,0,70,,75590,1,,,0,30,,75591,1,,,0,70,,75592,1,,,0,30,,75593,1,,,0,70,,75594,1,,,0,30,,75595,1,,,0,70,,75596,1,,,0,30,,75597,1,,,0,70,,75598,1,,,0,30,,75599,1,,,0,70,,75600,1,,,0,30,,75601,1,,,0,70,,75602,1,,,0,30,,75603,1,,,0,70,,75604,1,,,0,30,,75605,1,,,0,70,,75606,1,,,0,30,,75607,1,,,0,70,,75608,1,,,0,30,,75609,1,,,0,70,,75610,1,,,0,30,,75611,1,,,0,70,,75612,1,,,0,30,,75613,1,,,0,70,,75619,1,,,0,30,,75614,1,,,0,100,,75615,1,,,0,100,,75618,1,,,0,100,,75616,1,0,5 2 6 7,0
15029,'1912',757,,61664,78,4,,0,95,,61670,78,4,,0,100,,61663,78,4,,0,100,,61662,78,4,,0,104,,61669,78,4,,0,100,,61667,78,4,,0,100,,61666,78,4,,0,102,,61661,78,4,,0,100,,61659,78,4,,0,97,,61660,78,4,,0,99,,61665,78,4,,0,99,,61671,78,4,,0,100,,61668,78,4,,0,100,,61672,78,4,,0
15029,'1959',757,,61678,78,4,,0,95,,61684,78,4,,0,100,,61677,78,4,,0,100,,61676,78,4,,0,104,,61683,78,4,,0,100,,61681,78,4,,0,100,,61680,78,4,,0,102,,61675,78,4,,0,100,,61673,78,4,,0,97,,61674,78,4,,0,99,,61679,78,4,,0,99,,61685,78,4,,0,100,,61682,78,4,,0,100,,61686,78,4,,0
15029,'1967',622,,67345,38,4,,0,178,,74461,78,4,,0,53,,71738,78,4,,0,100,,71739,78,4,,0,103,,74462,78,4,,0,101,,71740,78,4,,0,100,,71741,78,4,,0,100,,74463,78,4,,0,145,,71742,78,4,,0,100,,61654,78,4,,0,98,,74464,78,4,,0,100,,61656,78,4,,0,100,,67344,78,4,,0,54,,61644,78,4,,0,100,,71737,78,4,,0
15029,'1969',757,,61692,78,4,,0,95,,61698,78,4,,0,100,,61691,78,4,,0,100,,61690,78,4,,0,104,,61697,78,4,,0,100,,61695,78,4,,0,100,,61694,78,4,,0,102,,61689,78,4,,0,100,,61687,78,4,,0,97,,61688,78,4,,0,99,,61693,78,4,,0,99,,61699,78,4,,0,100,,61696,78,4,,0,100,,61700,78,4,,0
15029,'1976',628,,74452,38,4,,0,20,,67365,38,4,,0,72,,74453,78,4,,0,38,,71711,78,4,,0,70,,61615,78,4,,0,31,,74454,78,4,,0,71,,67366,78,4,,0,28,,71713,78,4,,0,68,,71714,78,4,,0,30,,71715,78,4,,0,70,,74455,78,4,,0,30,,74456,78,4,,0,70,,74457,78,4,,0,30,,71719,78,4,,0,70,,74458,78,4,,0,30,,74459,78,4,,0,70,,71722,78,4,,0,33,,71723,78,4,,0,74,,71724,78,4,,0,73,,71725,78,4,,0,33,,71726,78,4,,0,67,,61632,78,4,,0,26,,71727,78,4,,0,26,,74460,78,4,,0,68,,71729,78,4,,0,27,,71730,78,4,,0,69,,71731,78,4,,0,30,,61638,78,4,,0,70,,71732,78,4,,0,30,,71736,78,4,,0,69,,71733,78,4,,0,97,,71734,78,4,,0,100,,71735,78,4,,0
15029,'1977',628,,75620,38,4,,0,20,,75621,38,4,,0,72,,75622,78,4,,0,38,,75623,78,4,,0,70,,75624,78,4,,0,31,,75625,78,4,,0,71,,75626,78,4,,0,28,,75627,78,4,,0,68,,75628,78,4,,0,30,,75629,78,4,,0,70,,75630,78,4,,0,30,,75631,78,4,,0,70,,75632,78,4,,0,30,,75633,78,4,,0,70,,75634,78,4,,0,30,,75635,78,4,,0,70,,75636,78,4,,0,33,,75637,78,4,,0,74,,75638,78,4,,0,73,,75639,78,4,,0,33,,75640,78,4,,0,67,,75641,78,4,,0,26,,75642,78,4,,0,26,,75643,78,4,,0,68,,75644,78,4,,0,27,,75645,78,4,,0,69,,75646,78,4,,0,30,,75647,78,4,,0,70,,75648,78,4,,0,30,,75652,78,4,,0,69,,75649,78,4,,0,97,,75650,78,4,,0,100,,75651,78,4,,0
19019,'1912',608,,71862,1,0,38,0,19,,71862,21,4,,0,93,,62043,1,0,38,0,19,,62043,21,4,,0,81,,71855,1,0,38,0,19,,71855,21,4,,0,11,,62047,1,0,38,0,59,,62047,21,4,,0,11,,71858,1,0,38,0,19,,71858,21,4,,0,11,,71852,1,0,38,0,59,,71852,21,4,,0,11,,71851,1,0,38,0,20,,71851,21,4,,0,10,,67524,1,0,38,0,61,,67524,21,4,,0,9,,71867,1,0,38,0,22,,71867,21,4,,0,8,,71865,1,0,38,0,62,,71865,21,4,,0,8,,71863,1,0,38,0,22,,71863,21,4,,0,8,,71859,1,0,38,0,62,,71859,21,4,,0,8,,71872,1,0,38,0,22,,71872,21,4,,0,8,,71857,1,0,38,0,62,,71857,21,4,,0,8,,71856,1,0,38,0,23,,71856,21,4,,0,7,,71854,1,0,38,0,63,,71854,21,4,,0,7,,71853,1,0,38,0,23,,71853,21,4,,0,7,,71850,1,0,38,0,63,,71850,21,4,,0,7,,71868,1,0,38,0,23,,71868,21,4,,0,7,,71866,1,0,38,0,61,,71866,21,4,,0,9,,71864,1,0,38,0,20,,71864,21,4,,0,10,,71861,1,0,38,0,60,,71861,21,4,,0,10,,71860,1,0,38,0,20,,71860,21,4,,0,10,,71870,1,0,38,0,60,,71870,21,4,,0,10,,71869,1,0,38,0,20,,71869,21,4,,0,10,,71871,1,0,38,0,60,,71871,21,4,,0,25,,62063,1,0,38,0,20,,62063,21,4,,0,80,,62061,1,0,38,0,20,,62061,21,4,,0,80,,62062,1,0,38,0,20,,62062,21,4,,0,65,,71873,1,0,38,0,20,,71873,21,4,,0
19019,'1959',608,,71946,1,0,38,0,19,,71946,21,4,,0,93,,62073,1,0,38,0,19,,62073,21,4,,0,81,,71939,1,0,38,0,19,,71939,21,4,,0,11,,62077,1,0,38,0,59,,62077,21,4,,0,11,,71942,1,0,38,0,19,,71942,21,4,,0,11,,71936,1,0,38,0,59,,71936,21,4,,0,11,,71935,1,0,38,0,20,,71935,21,4,,0,10,,67549,1,0,38,0,61,,67549,21,4,,0,9,,71951,1,0,38,0,22,,71951,21,4,,0,8,,71949,1,0,38,0,62,,71949,21,4,,0,8,,71947,1,0,38,0,22,,71947,21,4,,0,8,,71943,1,0,38,0,62,,71943,21,4,,0,8,,71956,1,0,38,0,22,,71956,21,4,,0,8,,71941,1,0,38,0,62,,71941,21,4,,0,8,,71940,1,0,38,0,23,,71940,21,4,,0,7,,71938,1,0,38,0,63,,71938,21,4,,0,7,,71937,1,0,38,0,23,,71937,21,4,,0,7,,71934,1,0,38,0,63,,71934,21,4,,0,7,,71952,1,0,38,0,23,,71952,21,4,,0,7,,71950,1,0,38,0,61,,71950,21,4,,0,9,,71948,1,0,38,0,20,,71948,21,4,,0,10,,71945,1,0,38,0,60,,71945,21,4,,0,10,,71944,1,0,38,0,20,,71944,21,4,,0,10,,71954,1,0,38,0,60,,71954,21,4,,0,10,,71953,1,0,38,0,20,,71953,21,4,,0,10,,71955,1,0,38,0,60,,71955,21,4,,0,25,,62093,1,0,38,0,20,,62093,21,4,,0,80,,62091,1,0,38,0,20,,62091,21,4,,0,80,,62092,1,0,38,0,20,,62092,21,4,,0,65,,71957,1,0,38,0,20,,71957,21,4,,0
19019,'1967',620,,71920,1,0,38,0,20,,71920,21,4,,0,10,,71925,1,0,38,0,60,,71925,21,4,,0,10,,74512,1,0,38,0,20,,74512,21,4,,0,10,,74516,1,0,38,0,60,,74516,21,4,,0,10,,71931,1,0,38,0,20,,71931,21,4,,0,10,,74513,1,0,38,0,60,,74513,21,4,,0,10,,74511,1,0,38,0,20,,74511,21,4,,0,10,,74517,1,0,38,0,60,,74517,21,4,,0,10,,67497,1,0,38,0,23,,67497,21,4,,0,7,,67512,1,0,38,0,63,,67512,21,4,,0,7,,67501,1,0,38,0,23,,67501,21,4,,0,7,,67515,1,0,38,0,63,,67515,21,4,,0,7,,67494,1,0,38,0,23,,67494,21,4,,0,7,,71926,1,0,38,0,63,,71926,21,4,,0,7,,67496,1,0,38,0,23,,67496,21,4,,0,7,,67513,1,0,38,0,63,,67513,21,4,,0,7,,67498,1,0,38,0,23,,67498,21,4,,0,7,,67520,1,0,38,0,63,,67520,21,4,,0,7,,67507,1,0,38,0,23,,67507,21,4,,0,7,,67509,1,0,38,0,63,,67509,21,4,,0,7,,67493,1,0,38,0,23,,67493,21,4,,0,7,,71927,1,0,38,0,63,,71927,21,4,,0,7,,67519,1,0,38,0,23,,67519,21,4,,0,7,,67506,1,0,38,0,63,,67506,21,4,,0,7,,67500,1,0,38,0,23,,67500,21,4,,0,7,,71929,1,0,38,0,63,,71929,21,4,,0,7,,74515,1,0,38,0,20,,74515,21,4,,0,10,,67522,1,0,38,0,60,,67522,21,4,,0,20,,74518,1,0,38,0,20,,74518,21,4,,0,55,,67505,1,0,38,0,20,,67505,21,4,,0,80,,62033,1,0,38,0,20,,62033,21,4,,0,75,,74514,1,0,38,0,20,,74514,21,4,,0,20,,74519,21,4,,0
19019,'1969',608,,71886,1,0,38,0,19,,71886,21,4,,0,93,,62103,1,0,38,0,19,,62103,21,4,,0,81,,71879,1,0,38,0,19,,71879,21,4,,0,11,,62107,1,0,38,0,59,,62107,21,4,,0,11,,71882,1,0,38,0,19,,71882,21,4,,0,11,,71876,1,0,38,0,59,,71876,21,4,,0,11,,71875,1,0,38,0,20,,71875,21,4,,0,10,,67574,1,0,38,0,61,,67574,21,4,,0,9,,71891,1,0,38,0,22,,71891,21,4,,0,8,,71889,1,0,38,0,62,,71889,21,4,,0,8,,71887,1,0,38,0,22,,71887,21,4,,0,8,,71883,1,0,38,0,62,,71883,21,4,,0,8,,71896,1,0,38,0,22,,71896,21,4,,0,8,,71881,1,0,38,0,62,,71881,21,4,,0,8,,71880,1,0,38,0,23,,71880,21,4,,0,7,,71878,1,0,38,0,63,,71878,21,4,,0,7,,71877,1,0,38,0,23,,71877,21,4,,0,7,,71874,1,0,38,0,63,,71874,21,4,,0,7,,71892,1,0,38,0,23,,71892,21,4,,0,7,,71890,1,0,38,0,61,,71890,21,4,,0,9,,71888,1,0,38,0,20,,71888,21,4,,0,10,,71885,1,0,38,0,60,,71885,21,4,,0,10,,71884,1,0,38,0,20,,71884,21,4,,0,10,,71894,1,0,38,0,60,,71894,21,4,,0,10,,71893,1,0,38,0,20,,71893,21,4,,0,10,,71895,1,0,38,0,60,,71895,21,4,,0,25,,62123,1,0,38,0,20,,62123,21,4,,0,80,,62121,1,0,38,0,20,,62121,21,4,,0,80,,62122,1,0,38,0,20,,62122,21,4,,0,65,,71897,1,0,38,0,20,,71897,21,4,,0
19019,'1976',820,,74509,1,0,38,0,22,,74509,21,4,,0,8,,74500,1,0,38,0,62,,74500,21,4,,0,8,,74501,1,0,38,0,22,,74501,21,4,,0,8,,74498,1,0,38,0,62,,74498,21,4,,0,8,,71917,1,0,38,0,22,,71917,21,4,,0,8,,74499,1,0,38,0,62,,74499,21,4,,0,8,,74506,1,0,38,0,22,,74506,21,4,,0,8,,74497,1,0,38,0,62,,74497,21,4,,0,8,,74508,1,0,38,0,22,,74508,21,4,,0,8,,74502,1,0,38,0,62,,74502,21,4,,0,8,,74503,1,0,38,0,22,,74503,21,4,,0,8,,74505,1,0,38,0,62,,74505,21,4,,0,8,,74504,1,0,38,0,23,,74504,21,4,,0,7,,71899,1,0,38,0,65,,71899,21,4,,0,5,,74510,1,0,38,0,25,,74510,21,4,,0,275,,61998,1,0,38,0,22,,61998,21,4,,0,8,,71909,1,0,38,0,62,,71909,21,4,,0,8,,71910,1,0,38,0,22,,71910,21,4,,0,78,,74507,1,0,38,0,20,,74507,21,4,,0,80,,71913,1,0,38,0,20,,71913,21,4,,0,80,,71911,1,0,38,0,20,,71911,21,4,,0,80,,71912,1,0,38,0,20,,71912,21,4,,0
19019,'1977',820,,75738,1,0,38,0,22,,75738,21,4,,0,8,,75723,1,0,38,0,62,,75723,21,4,,0,8,,75724,1,0,38,0,22,,75724,21,4,,0,8,,75721,1,0,38,0,62,,75721,21,4,,0,8,,75739,1,0,38,0,22,,75739,21,4,,0,8,,75722,1,0,38,0,62,,75722,21,4,,0,8,,75729,1,0,38,0,22,,75729,21,4,,0,8,,75719,1,0,38,0,62,,75719,21,4,,0,8,,75737,1,0,38,0,22,,75737,21,4,,0,8,,75725,1,0,38,0,62,,75725,21,4,,0,8,,75726,1,0,38,0,22,,75726,21,4,,0,8,,75728,1,0,38,0,62,,75728,21,4,,0,8,,75727,1,0,38,0,23,,75727,21,4,,0,7,,75720,1,0,38,0,65,,75720,21,4,,0,5,,75740,1,0,38,0,25,,75740,21,4,,0,275,,75736,1,0,38,0,22,,75736,21,4,,0,8,,75730,1,0,38,0,62,,75730,21,4,,0,8,,75731,1,0,38,0,22,,75731,21,4,,0,78,,75735,1,0,38,0,20,,75735,21,4,,0,80,,75734,1,0,38,0,20,,75734,21,4,,0,80,,75732,1,0,38,0,20,,75732,21,4,,0,80,,75733,1,0,38,0,20,,75733,21,4,,0
10019019,'1976',616,,73560,14,4,,0,25,,75050,14,4,,0,70,,73566,14,4,,0,32,,65781,14,4,,0,70,,75051,14,4,,0,803,,73564,14,4,,0,30,,73562,14,4,,0,70,,73561,14,4,,0,28,,73565,14,4,,0,69,,70175,14,4,,0,209,,73563,14,4,,0
10019019,'1977',616,,76498,14,4,,0,25,,76507,14,4,,0,70,,76505,14,4,,0,32,,76506,14,4,,0,70,,76508,14,4,,0,803,,76503,14,4,,0,30,,76501,14,4,,0,70,,76499,14,4,,0,28,,76504,14,4,,0,69,,76500,14,4,,0,209,,76502,14,4,,0
10019029,'1976',610,,75052,1,,,0,30,,73571,1,,,0,70,,65786,1,,,0,30,,75053,1,,,0,800,,73576,1,,,0,70,,73574,1,,,0,30,,73573,1,,,0,70,,73577,1,,,0,30,,70189,1,,,0,210,,73575,1,,,0
10019029,'1977',610,,76509,1,,,0,30,,76512,1,,,0,70,,76511,1,,,0,30,,76513,1,,,0,800,,76518,1,,,0,70,,76516,1,,,0,30,,76514,1,,,0,70,,76519,1,,,0,30,,76515,1,,,0,210,,76517,1,,,0
