15019,'1909',648,,61509,29,,,0,874,,61526,29,,,0,298,,61532,29,,,0
15019,'1910',922,,61542,29,,,0,302,,61545,29,,,0,203,,61547,29,,,0,100,,61548,29,,,0,100,,61549,29,,,0,100,,67300,29,,,0,98,,61551,29,,,0
15019,'1912',722,,61566,29,,,0,100,,61564,29,,,0,100,,61567,29,,,0,101,,61565,29,,,0,100,,61562,29,,,0,100,,61560,29,,,0,102,,61563,29,,,0,100,,61561,29,,,0,100,,61558,29,,,0,100,,61559,29,,,0,100,,61556,29,,,0,100,,61557,29,,,0,100,,61555,29,,,0,97,,71673,29,,,0
15019,'1924',722,,61580,29,,,0,100,,61578,29,,,0,100,,61581,29,,,0,101,,61579,29,,,0,100,,61576,29,,,0,100,,61574,29,,,0,102,,61577,29,,,0,100,,61575,29,,,0,100,,61572,29,,,0,100,,61573,29,,,0,100,,61570,29,,,0,100,,61571,29,,,0,100,,61569,29,,,0
15019,'1925',722,,61594,29,,,0,100,,61592,29,,,0,100,,61595,29,,,0,101,,61593,29,,,0,100,,61590,29,,,0,100,,61588,29,,,0,102,,61591,29,,,0,100,,61589,29,,,0,100,,61586,29,,,0,100,,61587,29,,,0,100,,61584,29,,,0,100,,61585,29,,,0,100,,61583,29,,,0,97,,71674,29,,,0
15019,'1949',751,,67326,29,,,0,1497,,67335,29,0,5 2 6 7,0
15019,'1955',722,,67295,29,,,0,100,,67296,29,,,0,202,,67297,29,,,0,100,,67298,29,,,0,203,,67299,29,,,0,598,,67301,29,,,0,97,,67302,29,,,0
15019,'1956',2022,,67305,29,,,0
15019,'1957',718,,71675,29,,,0,103,,71676,29,,,0,29,,71677,29,,,0,70,,71678,29,,,0,30,,71679,29,,,0,70,,71680,29,,,0,30,,71681,29,,,0,70,,71682,29,,,0,30,,71683,29,,,0,70,,71684,29,,,0,30,,71685,29,,,0,70,,71686,29,,,0,30,,71687,29,,,0,70,,71688,29,,,0,32,,71689,29,,,0,100,,71690,29,,,0,70,,71691,29,,,0,29,,71692,29,,,0,70,,71693,29,,,0,29,,71694,29,,,0,100,,71695,29,,,0,70,,71699,29,,,0,30,,71696,29,,,0,98,,71697,29,,,0,100,,71698,29,,,0
15019,'1958',722,,71700,29,,,0,100,,71701,29,,,0,202,,71702,29,,,0,100,,71703,29,,,0,203,,71704,29,,,0,598,,71705,29,,,0,97,,71706,29,,,0
15019,'1959',2022,,71708,29,,,0
