2029,'1912',624,,74007,22,0,39 40,0,30,,74015,22,0,39 40,0,68,,74026,22,0,39 40,0,30,,74021,22,0,39 40,0,70,,74008,22,0,39 40,0,30,,74016,22,0,39 40,0,71,,74027,22,0,39 40,0,30,,74022,22,0,39 40,0,55,,66011,10,0,12,0,15,,74009,22,0,39 40,0,30,,74017,22,0,39 40,0,70,,74028,22,0,39 40,0,30,,74023,22,0,39 40,0,70,,74010,22,0,39 40,0,30,,74018,22,0,39 40,0,70,,74029,22,0,39 40,0,30,,74024,22,0,39 40,0,70,,74011,22,0,39 40,0,30,,74019,22,0,39 40,0,70,,74030,22,0,39 40,0,30,,74025,22,0,39 40,0,70,,74012,22,0,39 40,0,30,,74020,22,0,39 40,0,70,,74031,22,0,39 40,0,100,,74013,22,0,39 40,0,97,,74032,22,0,39 40,0,100,,74014,22,0,39 40,0,101,,74033,22,0,39 40,0,100,,74006,22,0,39 40,0
2029,'1959',624,,74108,22,0,39 40,0,30,,74116,22,0,39 40,0,68,,74127,22,0,39 40,0,30,,74122,22,0,39 40,0,70,,74109,22,0,39 40,0,30,,74117,22,0,39 40,0,71,,74128,22,0,39 40,0,30,,74123,22,0,39 40,0,55,,66012,10,0,12,0,15,,74110,22,0,39 40,0,30,,74118,22,0,39 40,0,70,,74129,22,0,39 40,0,30,,74124,22,0,39 40,0,70,,74111,22,0,39 40,0,30,,74119,22,0,39 40,0,70,,74130,22,0,39 40,0,30,,74125,22,0,39 40,0,70,,74112,22,0,39 40,0,30,,74120,22,0,39 40,0,70,,74131,22,0,39 40,0,30,,74126,22,0,39 40,0,70,,74113,22,0,39 40,0,30,,74121,22,0,39 40,0,70,,74132,22,0,39 40,0,100,,74114,22,0,39 40,0,97,,74133,22,0,39 40,0,100,,74115,22,0,39 40,0,101,,74134,22,0,39 40,0,100,,74107,22,0,39 40,0
2029,'1967',554,,74104,22,0,5 2 15 16 17,0,70,,74087,22,0,39 40,0,30,,74094,22,0,39 40,0,68,,74073,22,0,39 40,0,30,,74079,22,0,39 40,0,70,,74088,22,0,39 40,0,30,,74095,22,0,39 40,0,71,,74074,22,0,39 40,0,30,,74080,22,0,39 40,0,70,,74089,22,0,39 40,0,30,,74096,22,0,39 40,0,70,,74075,22,0,39 40,0,30,,74081,22,0,39 40,0,70,,74090,22,0,39 40,0,30,,74097,22,0,39 40,0,70,,74076,22,0,39 40,0,30,,74082,22,0,39 40,0,70,,74091,22,0,39 40,0,30,,74098,22,0,39 40,0,70,,74077,22,0,39 40,0,30,,74083,22,0,39 40,0,70,,74092,22,0,39 40,0,30,,74099,22,0,39 40,0,70,,74078,22,0,39 40,0,30,,74084,22,0,39 40,0,70,,74093,22,0,39 40,0,30,,74100,22,0,39 40,0,69,,74085,22,0,39 40,0,100,,74101,22,0,39 40,0,100,,74086,22,0,39 40,0,100,,74102,22,0,39 40,0
2029,'1969',624,,74140,22,0,39 40,0,30,,74148,22,0,39 40,0,68,,74159,22,0,39 40,0,30,,74154,22,0,39 40,0,70,,74141,22,0,39 40,0,30,,74149,22,0,39 40,0,71,,74160,22,0,39 40,0,30,,74155,22,0,39 40,0,55,,66013,10,0,12,0,15,,74142,22,0,39 40,0,30,,74150,22,0,39 40,0,70,,74161,22,0,39 40,0,30,,74156,22,0,39 40,0,70,,74143,22,0,39 40,0,30,,74151,22,0,39 40,0,70,,74162,22,0,39 40,0,30,,74157,22,0,39 40,0,70,,74144,22,0,39 40,0,30,,74152,22,0,39 40,0,70,,74163,22,0,39 40,0,30,,74158,22,0,39 40,0,70,,74145,22,0,39 40,0,30,,74153,22,0,39 40,0,70,,74164,22,0,39 40,0,100,,74146,22,0,39 40,0,97,,74165,22,0,39 40,0,100,,74147,22,0,39 40,0,101,,74166,22,0,39 40,0,100,,74139,22,0,39 40,0
2029,'1976',528,,74055,10,0,39 40,0,25,,74038,22,0,39 40,0,70,,74039,22,0,39 40,0,27,,74040,22,0,39 40,0,72,,74041,22,0,39 40,0,28,,74042,22,0,39 40,0,70,,74043,22,0,39 40,0,30,,74044,22,0,39 40,0,71,,74045,22,0,39 40,0,30,,74046,22,0,39 40,0,70,,74069,22,0,39 40,0,30,,74065,22,0,39 40,0,70,,74071,22,0,39 40,0,30,,74067,22,0,39 40,0,70,,74068,22,0,39 40,0,30,,74064,22,0,39 40,0,70,,74070,22,0,39 40,0,30,,74066,22,0,39 40,0,70,,74072,22,0,39 40,0,32,,74047,22,0,39 40,0,74,,74048,22,0,39 40,0,30,,74049,22,0,39 40,0,70,,74050,22,0,39 40,0,30,,74051,22,0,39 40,0,70,,74052,22,0,39 40,0,28,,74053,22,0,39 40,0,67,,74054,22,0,39 40,0,30,,74058,22,0,39 40,0,70,,74059,22,0,39 40,0,100,,74060,22,0,39 40,0,100,,74061,22,0,39 40,0,100,,74057,22,0,39 40,0
2029,'1977',528,,75190,10,0,39 40,0,25,,75173,22,0,39 40,0,70,,75174,22,0,39 40,0,27,,75175,22,0,39 40,0,72,,75176,22,0,39 40,0,28,,75177,22,0,39 40,0,70,,75178,22,0,39 40,0,30,,75179,22,0,39 40,0,71,,75180,22,0,39 40,0,30,,75181,22,0,39 40,0,70,,75204,22,0,39 40,0,30,,75200,22,0,39 40,0,70,,75206,22,0,39 40,0,30,,75202,22,0,39 40,0,70,,75203,22,0,39 40,0,30,,75199,22,0,39 40,0,70,,75205,22,0,39 40,0,30,,75201,22,0,39 40,0,70,,75207,22,0,39 40,0,32,,75182,22,0,39 40,0,74,,75183,22,0,39 40,0,30,,75184,22,0,39 40,0,70,,75185,22,0,39 40,0,30,,75186,22,0,39 40,0,70,,75187,22,0,39 40,0,28,,75188,22,0,39 40,0,67,,75189,22,0,39 40,0,30,,75193,22,0,39 40,0,70,,75194,22,0,39 40,0,100,,75195,22,0,39 40,0,100,,75196,22,0,39 40,0,100,,75192,22,0,39 40,0
14000001029,'1912',536,,73589,10,0,18 7,0,1811,,70205,10,,,0,69,,75060,10,,,0,30,,65884,10,,,0,70,,70206,10,,,0,30,,75059,10,,,0,70,,65880,10,,,0
14000001029,'1959',536,,73605,10,0,18 7,0,1811,,70208,10,,,0,69,,75067,10,,,0,30,,65891,10,,,0,70,,70209,10,,,0,30,,75066,10,,,0,70,,65887,10,,,0
14000001029,'1967',536,,75064,10,0,18 7,0,1811,,73602,10,,,0,69,,75063,10,,,0,30,,65872,10,,,0,70,,73599,10,,,0,30,,75065,10,,,0,70,,65875,10,,,0
14000001029,'1969',536,,73592,10,0,18 7,0,1811,,70211,10,,,0,69,,75069,10,,,0,30,,65898,10,,,0,70,,70212,10,,,0,30,,75068,10,,,0,70,,65894,10,,,0
14000001029,'1976',434,,65864,10,0,18 7,0,102,,73593,10,0,18 7,0,1811,,73595,10,,,0,69,,75061,10,,,0,30,,65871,10,,,0,70,,73594,10,,,0,30,,75062,10,,,0,70,,65870,10,,,0
14000001029,'1977',434,,76525,10,0,18 7,0,102,,76526,10,0,18 7,0,1811,,76528,10,,,0,69,,76529,10,,,0,30,,76532,10,,,0,70,,76527,10,,,0,30,,76530,10,,,0,70,,76531,10,,,0
