15019,'1909',639,,61509,13,,,0,872,,61526,13,,,0,299,,61532,13,,,0
15019,'1910',914,,61542,13,,,0,300,,61545,13,,,0,202,,61547,13,,,0,100,,61548,13,,,0,100,,61549,13,,,0,100,,67300,13,,,0,98,,61551,13,,,0
15019,'1912',714,,61566,13,,,0,100,,61564,13,,,0,100,,61567,13,,,0,100,,61565,13,,,0,100,,61562,13,,,0,100,,61560,13,,,0,101,,61563,13,,,0,100,,61561,13,,,0,100,,61558,13,,,0,100,,61559,13,,,0,100,,61556,13,,,0,100,,61557,13,,,0,100,,61555,13,,,0,99,,71673,13,,,0
15019,'1924',714,,61580,13,,,0,100,,61578,13,,,0,100,,61581,13,,,0,100,,61579,13,,,0,100,,61576,13,,,0,100,,61574,13,,,0,101,,61577,13,,,0,100,,61575,13,,,0,100,,61572,13,,,0,100,,61573,13,,,0,100,,61570,13,,,0,100,,61571,13,,,0,100,,61569,13,,,0
15019,'1925',714,,61594,13,,,0,100,,61592,13,,,0,100,,61595,13,,,0,100,,61593,13,,,0,100,,61590,13,,,0,100,,61588,13,,,0,101,,61591,13,,,0,100,,61589,13,,,0,100,,61586,13,,,0,100,,61587,13,,,0,100,,61584,13,,,0,100,,61585,13,,,0,100,,61583,13,,,0,99,,71674,13,,,0
15019,'1949',740,,67326,13,,,0,1499,,67335,13,0,5 2 6 7,0
15019,'1955',714,,67295,13,,,0,100,,67296,13,,,0,200,,67297,13,,,0,100,,67298,13,,,0,202,,67299,13,,,0,598,,67301,13,,,0,100,,67302,13,,,0
15019,'1956',2014,,67305,13,,,0
15019,'1957',709,,71675,13,,,0,101,,71676,13,,,0,30,,71677,13,,,0,70,,71678,13,,,0,30,,71679,13,,,0,70,,71680,13,,,0,30,,71681,13,,,0,70,,71682,13,,,0,30,,71683,13,,,0,70,,71684,13,,,0,30,,71685,13,,,0,70,,71686,13,,,0,30,,71687,13,,,0,70,,71688,13,,,0,31,,71689,13,,,0,100,,71690,13,,,0,70,,71691,13,,,0,29,,71692,13,,,0,70,,71693,13,,,0,30,,71694,13,,,0,100,,71695,13,,,0,70,,71699,13,,,0,30,,71696,13,,,0,99,,71697,13,,,0,100,,71698,13,,,0
15019,'1958',714,,71700,13,,,0,100,,71701,13,,,0,200,,71702,13,,,0,100,,71703,13,,,0,202,,71704,13,,,0,598,,71705,13,,,0,100,,71706,13,,,0
15019,'1959',2014,,71708,13,,,0
