11019,'1930',707,,55295,14,,,0,100,,55296,14,,,0,100,,55297,14,,,0,200,,55299,14,,,0,100,,55300,14,,,0,100,,55301,14,,,0,100,,55302,14,,,0,99,,55303,14,,,0,100,,55304,14,,,0,100,,55305,14,,,0,101,,55306,14,,,0,100,,55307,14,,,0,100,,55308,14,,,0
11019,'1933',707,,55313,14,,,0,100,,55314,14,,,0,100,,55315,14,,,0,100,,55316,14,,,0,100,,55317,14,,,0,103,,55318,14,,,0,100,,55319,14,,,0,100,,55320,14,,,0,100,,55321,14,,,0,100,,55322,14,,,0,100,,55323,14,,,0,97,,55324,14,,,0,100,,55311,14,,,0,100,,55312,14,,,0
11019,'1934',907,,55326,14,,,0,100,,55327,14,,,0,103,,55328,14,,,0,100,,55329,14,,,0,100,,55330,14,,,0,100,,55331,14,,,0,100,,55332,14,,,0,100,,55333,14,,,0,100,,55334,14,,,0,97,,55335,14,,,0,100,,55336,14,,,0,100,,58503,14,,,0
11019,'1937',1007,,55298,14,,,0,1098,,55309,14,,,0
11019,'1938',1007,,58504,14,,,0,1098,,58505,14,,,0
701019,'1930',607,,57153,10,,,0,31,,57154,10,,,0,18,,57155,10,,,0,56,,57156,10,,,0,16,,57157,10,,,0,15,,57158,10,,,0,15,,57159,10,,,0,70,,57161,10,,,0,30,,57163,10,,,0,55,,57164,10,,,0,15,,57165,10,,,0,15,,57166,10,,,0,15,,57261,10,,,0,55,,57167,10,,,0,16,,57168,10,,,0,15,,57169,10,,,0,15,,57170,10,,,0,55,,57171,10,,,0,15,,57172,10,,,0,15,,57173,10,,,0,15,,57174,10,,,0,55,,57175,10,,,0,15,,57176,10,,,0,15,,57177,10,,,0,15,,57178,10,,,0,55,,57179,10,,,0,15,,57180,10,,,0,15,,57181,10,,,0,70,,57183,10,,,0,15,,57184,10,,,0,16,,57185,10,,,0,56,,57186,10,,,0,15,,57252,10,,,0,15,,57187,10,,,0,15,,57188,10,,,0,55,,57189,10,,,0,15,,57190,10,,,0,15,,57255,10,,,0,70,,57192,10,,,0,14,,57193,10,,,0,14,,57194,10,,,0,15,,57195,10,,,0,15,,57196,10,,,0,54,,57197,10,,,0,15,,57198,10,,,0,15,,57199,10,,,0,14,,57200,10,,,0,70,,57202,10,,,0,15,,57203,10,,,0,15,,57204,10,,,0,55,,57205,10,,,0,15,,57206,10,,,0,30,,57208,10,,,0,70,,57209,10,,,0,30,,57210,10,,,0,69,,57211,10,,,0,30,,57212,10,,,0,70,,57213,10,,,0,25,,57214,10,,,0,65,,57215,10,,,0
701019,'1933',627,,57331,10,,,0,29,,57296,10,,,0,70,,57276,10,,,0,30,,57288,10,,,0,55,,57334,10,,,0,16,,57300,10,,,0,15,,57335,10,,,0,15,,57266,10,,,0,55,,57336,10,,,0,15,,57277,10,,,0,15,,57343,10,,,0,15,,57289,10,,,0,55,,57346,10,,,0,15,,57301,10,,,0,15,,57341,10,,,0,15,,57267,10,,,0,55,,57344,10,,,0,16,,57278,10,,,0,15,,57342,10,,,0,15,,57290,10,,,0,55,,57345,10,,,0,15,,57302,10,,,0,15,,57357,10,,,0,15,,57268,10,,,0,55,,57356,10,,,0,15,,57279,10,,,0,15,,57355,10,,,0,15,,57291,10,,,0,55,,57354,10,,,0,15,,57303,10,,,0,15,,57353,10,,,0,15,,57269,10,,,0,55,,57352,10,,,0,15,,57280,10,,,0,15,,57358,10,,,0,15,,57292,10,,,0,55,,57351,10,,,0,15,,57304,10,,,0,15,,57350,10,,,0,15,,57270,10,,,0,55,,57349,10,,,0,15,,57281,10,,,0,15,,57348,10,,,0,15,,57293,10,,,0,55,,57347,10,,,0,14,,57305,10,,,0,15,,57359,10,,,0,15,,57271,10,,,0,55,,57332,10,,,0,15,,57282,10,,,0,15,,57337,10,,,0,15,,57294,10,,,0,55,,57338,10,,,0,15,,57306,10,,,0,15,,57339,10,,,0,15,,57272,10,,,0,69,,57283,10,,,0,30,,57295,10,,,0,70,,57307,10,,,0,30,,57327,10,,,0,70,,57330,10,,,0,25,,57340,10,,,0,65,,57333,10,,,0
701019,'1934',627,,57409,10,,,0,29,,57450,10,,,0,70,,57431,10,,,0,30,,57408,10,,,0,55,,57385,10,,,0,16,,57453,10,,,0,15,,57367,10,,,0,15,,57418,10,,,0,55,,57369,10,,,0,15,,57405,10,,,0,15,,57386,10,,,0,15,,57448,10,,,0,55,,57361,10,,,0,15,,57429,10,,,0,15,,57370,10,,,0,15,,57404,10,,,0,55,,57365,10,,,0,16,,57444,10,,,0,15,,57373,10,,,0,15,,57427,10,,,0,55,,57368,10,,,0,15,,57401,10,,,0,15,,57380,10,,,0,15,,57445,10,,,0,55,,57371,10,,,0,15,,57423,10,,,0,15,,57376,10,,,0,15,,58969,10,,,0,55,,57379,10,,,0,15,,57454,10,,,0,15,,57366,10,,,0,15,,57424,10,,,0,55,,57378,10,,,0,15,,57397,10,,,0,15,,57382,10,,,0,15,,57449,10,,,0,55,,57363,10,,,0,15,,57430,10,,,0,15,,57364,10,,,0,15,,57395,10,,,0,55,,57381,10,,,0,15,,57441,10,,,0,15,,57362,10,,,0,15,,57420,10,,,0,55,,57377,10,,,0,14,,57394,10,,,0,15,,57383,10,,,0,15,,57440,10,,,0,55,,57374,10,,,0,15,,57421,10,,,0,15,,57375,10,,,0,15,,57392,10,,,0,55,,57384,10,,,0,15,,57455,10,,,0,15,,57372,10,,,0,15,,57419,10,,,0,69,,57389,10,,,0,30,,57451,10,,,0,70,,57414,10,,,0,30,,57387,10,,,0,70,,57456,10,,,0,25,,57458,10,,,0,65,,57457,10,,,0
701019,'1937',813,,57160,10,,,0,30,,57162,10,,,0,516,,57182,10,,,0,287,,57191,10,,,0,266,,57201,10,,,0,130,,57207,10,,,0
701019,'1938',813,,58971,10,,,0,30,,58972,10,,,0,516,,58973,10,,,0,287,,58974,10,,,0,266,,58975,10,,,0,130,,58976,10,,,0
