609,'1965',829,,70991,15,0,15 16 17,0,30,,71000,15,0,15 16 17,0,100,,70988,15,0,15 16 17,0,70,,70997,15,0,15 16 17,0,30,,70998,15,0,15 16 17,0,70,,70996,15,0,15 16 17,0,30,,71019,15,0,15 16 17,0,70,,71018,15,0,15 16 17,0,30,,71015,15,0,15 16 17,0,471,,71010,15,0,15 16 17,0,27,,71007,15,0,15 16 17,0,95,,71005,15,0,15 16 17,0,90,,71003,15,0,15 16 17,0,200,,71002,15,0,15 16 17,0,100,,71024,15,0,15 16 17,0
609,'1966',613,,71081,15,0,15 16 17,0,30,,71060,15,0,15 16 17,0,70,,71048,15,0,15 16 17,0,200,,71046,15,0,15 16 17,0,28,,71073,15,0,15 16 17,0,70,,71045,15,0,15 16 17,0,30,,71058,15,0,15 16 17,0,73,,71044,15,0,15 16 17,0,30,,71072,15,0,15 16 17,0,70,,71043,15,0,15 16 17,0,30,,71057,15,0,15 16 17,0,70,,71042,15,0,15 16 17,0,30,,71071,15,0,15 16 17,0,70,,71041,15,0,15 16 17,0,30,,71056,15,0,15 16 17,0,70,,71040,15,0,15 16 17,0,30,,71070,15,0,15 16 17,0,70,,71039,15,0,15 16 17,0,30,,71055,15,0,15 16 17,0,70,,71038,15,0,15 16 17,0,30,,71077,15,0,15 16 17,0,70,,71061,15,0,15 16 17,0,30,,71075,15,0,15 16 17,0
609,'1967',743,,71074,15,0,15 16 17,0,70,,71047,15,0,15 16 17,0,30,,71059,15,0,15 16 17,0
609,'1970',622,,74248,15,0,15 16 17,0,35,,74226,15,0,15 16 17,0,72,,74224,15,0,15 16 17,0,30,,74229,15,0,15 16 17,0,170,,74247,15,0,15 16 17,0,400,,74242,15,0,15 16 17,0,30,,74243,15,0,15 16 17,0,70,,74241,15,0,15 16 17,0,71,,74239,15,0,15 16 17,0,30,,74240,15,0,15 16 17,0,70,,74238,15,0,15 16 17,0,30,,74237,15,0,15 16 17,0,70,,74236,15,0,15 16 17,0,122,,74235,15,0,15 16 17,0,220,,74234,15,0,15 16 17,0
609,'1971',613,,74298,15,0,15 16 17,0,30,,74279,15,0,15 16 17,0,70,,74269,15,0,15 16 17,0,200,,74268,15,0,15 16 17,0,28,,74292,15,0,15 16 17,0,70,,74267,15,0,15 16 17,0,30,,74278,15,0,15 16 17,0,73,,74266,15,0,15 16 17,0,30,,74291,15,0,15 16 17,0,70,,74265,15,0,15 16 17,0,30,,74277,15,0,15 16 17,0,70,,74264,15,0,15 16 17,0,30,,74290,15,0,15 16 17,0,70,,74263,15,0,15 16 17,0,30,,74276,15,0,15 16 17,0,70,,74262,15,0,15 16 17,0,30,,74289,15,0,15 16 17,0,70,,74261,15,0,15 16 17,0,30,,74275,15,0,15 16 17,0,70,,74260,15,0,15 16 17,0,30,,74295,15,0,15 16 17,0,70,,74280,15,0,15 16 17,0,30,,74293,15,0,15 16 17,0
15019,'1912',743,,61566,54,,,0,100,,61564,54,,,0,100,,61567,54,,,0,101,,61565,54,,,0,100,,61562,54,,,0,100,,61560,54,,,0,102,,61563,54,,,0,100,,61561,54,,,0,100,,61558,54,,,0,99,,61559,54,,,0,99,,61556,54,,,0,100,,61557,54,,,0,100,,61555,54,,,0,99,,71673,54,,,0
15019,'1959',743,,61580,54,,,0,100,,61578,54,,,0,100,,61581,54,,,0,101,,61579,54,,,0,100,,61576,54,,,0,100,,61574,54,,,0,102,,61577,54,,,0,100,,61575,54,,,0,100,,61572,54,,,0,99,,61573,54,,,0,99,,61570,54,,,0,100,,61571,54,,,0,100,,61569,54,,,0,99,,71708,54,,,0
15019,'1965',708,,61509,54,,,0,106,,67326,54,,,0,29,,71676,54,,,0,68,,71677,54,,,0,30,,71678,54,,,0,200,,71682,54,,,0,170,,71685,54,,,0,30,,71686,54,,,0,70,,71687,54,,,0,31,,71688,54,,,0,73,,71689,54,,,0,30,,61526,54,,,0,70,,71690,54,,,0,98,,71692,54,,,0,27,,71693,54,,,0,69,,71694,54,,,0,30,,61532,54,,,0,70,,71695,54,,,0,30,,71699,54,,,0,70,,71696,54,,,0,98,,71697,54,,,0,100,,71698,54,,,0
15019,'1966',944,,61542,54,,,0,300,,61545,54,,,0,303,,61548,54,,,0,497,,71706,54,,,0
15019,'1967',744,,71700,54,,,0,100,,71701,54,,,0,200,,71702,54,,,0,100,,71703,54,,,0,203,,71704,54,,,0,100,,61547,54,,,0,200,,61549,54,,,0,100,,67300,54,,,0,98,,61551,54,,,0,100,,71705,54,,,0
15019,'1969',743,,61594,54,,,0,100,,61592,54,,,0,100,,61595,54,,,0,101,,61593,54,,,0,100,,61590,54,,,0,100,,61588,54,,,0,102,,61591,54,,,0,100,,61589,54,,,0,100,,61586,54,,,0,99,,61587,54,,,0,99,,61584,54,,,0,100,,61585,54,,,0,100,,61583,54,,,0,99,,71674,54,,,0
15019,'1970',739,,74441,54,,,0,272,,74442,54,,,0,30,,74443,54,,,0,70,,74444,54,,,0,100,,74445,54,,,0,30,,74446,54,,,0,404,,74447,54,,,0
15019,'1971',944,,74448,54,,,0,300,,74449,54,,,0,303,,74450,54,,,0,497,,74451,54,,,0
