7019,'1897',557,,49072,29,4,,0
10019,'1838',855,,49223,1,,,0,100,,49229,1,,,0,100,,49222,1,,,0,70,,49231,1,,,0,30,,49227,1,,,0,70,,49232,1,,,0,30,,49220,1,,,0,70,,49233,1,,,0,30,,49225,1,,,0,70,,49234,1,,,0,30,,49226,1,,,0,70,,49235,1,,,0,30,,49228,1,,,0,100,,49221,1,,,0,100,,49219,1,,,0,100,,49224,1,,,0,100,,49230,1,0,27 28 1 29,0
10019,'1897',525,,49280,1,,,0,30,,49270,1,,,0,70,,49281,1,,,0,30,,49271,1,,,0,70,,49282,1,,,0,30,,49269,1,,,0,100,,49272,1,,,0,100,,49268,1,,,0,100,,49267,1,,,0,100,,49266,1,,,0,100,,49264,1,,,0,100,,49262,1,,,0,100,,49265,1,,,0,100,,49263,1,,,0,70,,49283,1,,,0,30,,49261,1,,,0,70,,49284,1,,,0,30,,49273,1,,,0,70,,49285,1,,,0,30,,49274,1,,,0,70,,49286,1,,,0,30,,49275,1,,,0,100,,49276,1,,,0,100,,49277,1,,,0,100,,49279,1,0,27 28 1 29,0,100,,49278,1,0,27 28 1 29,0
10019,'1898',655,,49301,1,,,0,100,,49294,1,,,0,100,,49287,1,,,0,100,,49295,1,,,0,100,,49288,1,,,0,70,,49308,1,,,0,30,,49296,1,,,0,70,,49304,1,,,0,30,,49289,1,,,0,70,,49306,1,,,0,30,,49297,1,,,0,70,,49307,1,,,0,30,,49290,1,,,0,70,,49305,1,,,0,30,,49298,1,,,0,100,,49291,1,,,0,100,,49299,1,,,0,100,,49292,1,,,0,100,,49300,1,,,0,100,,49293,1,,,0,100,,49303,1,0,27 28 1 29,0,200,,49302,1,0,27 28 1 29,0
10019,'1899',855,,51895,1,,,0,100,,51901,1,,,0,100,,51894,1,,,0,70,,51907,1,,,0,30,,51899,1,,,0,70,,51903,1,,,0,30,,51892,1,,,0,70,,51905,1,,,0,30,,51897,1,,,0,70,,51906,1,,,0,30,,51898,1,,,0,70,,51904,1,,,0,30,,51900,1,,,0,100,,51893,1,,,0,100,,51891,1,,,0,100,,51896,1,,,0,100,,51902,1,0,27 28 1 29,0
10029,'1838',855,,49337,11,4,,0,100,,49334,37,4,,0,100,,49336,37,4,,0,100,,49327,37,4,,0,70,,49338,37,4,,0,30,,49329,37,4,,0,70,,49339,37,4,,0,30,,49331,37,4,,0,70,,49340,37,4,,0,30,,49333,37,4,,0,70,,49341,37,4,,0,30,,49335,37,4,,0,70,,49342,37,4,,0,30,,49326,37,4,,0,100,,49328,37,4,,0,100,,49330,37,4,,0,100,,49332,37,4,,0
10029,'1897',555,,49385,11,4,,0,70,,49386,37,4,,0,30,,49380,37,4,,0,70,,49387,37,4,,0,30,,49368,37,4,,0,70,,49388,37,4,,0,30,,49381,37,4,,0,100,,49382,37,4,,0,100,,49383,37,4,,0,100,,49379,37,4,,0,100,,49378,37,4,,0,100,,49377,37,4,,0,100,,49376,37,4,,0,100,,49375,37,4,,0,100,,49374,37,4,,0,70,,49389,37,4,,0,30,,49373,37,4,,0,70,,49390,37,4,,0,30,,49372,37,4,,0,70,,49391,37,4,,0,30,,49384,37,4,,0,70,,49392,37,4,,0,30,,49370,37,4,,0,100,,49371,37,4,,0,100,,49369,37,4,,0
10029,'1898',555,,49408,11,4,,0,100,,49409,11,4,,0,100,,49400,37,4,,0,100,,49393,37,4,,0,100,,49401,37,4,,0,100,,49394,37,4,,0,100,,49402,37,4,,0,70,,49414,37,4,,0,30,,49395,37,4,,0,70,,49411,37,4,,0,30,,49403,37,4,,0,70,,49412,37,4,,0,30,,49396,37,4,,0,70,,49413,37,4,,0,30,,49404,37,4,,0,70,,49410,37,4,,0,30,,49397,37,4,,0,100,,49405,37,4,,0,100,,49398,37,4,,0,100,,49406,37,4,,0,100,,49399,37,4,,0,100,,49407,37,4,,0
10029,'1899',855,,51919,11,4,,0,100,,51916,37,4,,0,100,,51918,37,4,,0,100,,51909,37,4,,0,70,,51924,37,4,,0,30,,51911,37,4,,0,70,,51921,37,4,,0,30,,51913,37,4,,0,70,,51922,37,4,,0,30,,51915,37,4,,0,70,,51923,37,4,,0,30,,51917,37,4,,0,70,,51920,37,4,,0,30,,51908,37,4,,0,100,,51910,37,4,,0,100,,51912,37,4,,0,100,,51914,37,4,,0
11029,'1838',805,,51950,1,,,0,100,,51951,1,,,0,100,,51952,1,,,0,100,,51953,1,,,0,100,,51954,1,,,0,100,,51955,1,,,0,100,,51956,1,,,0,100,,51957,1,,,0,100,,51958,1,,,0,100,,51959,1,,,0,100,,36554,1,,,0,100,,51960,1,,,0,100,,51961,1,,,0
11029,'1897',705,,49472,1,,,0,100,,49473,1,,,0,100,,49474,1,,,0,100,,49475,1,,,0,100,,49476,1,,,0,100,,49477,1,,,0,100,,49478,1,,,0,98,,49479,1,,,0,100,,49480,1,,,0,100,,49481,1,,,0,100,,49482,1,,,0,102,,49483,1,,,0,100,,49484,1,,,0,100,,49485,1,,,0,100,,49471,1,,,0
11029,'1898',705,,49501,1,,,0,100,,49488,1,,,0,100,,49489,1,,,0,100,,49490,1,,,0,100,,49491,1,,,0,100,,49492,1,,,0,100,,49493,1,,,0,100,,49494,1,,,0,100,,49495,1,,,0,100,,49496,1,,,0,100,,49497,1,,,0,100,,49498,1,,,0,100,,49499,1,,,0,100,,49500,1,,,0
11029,'1899',805,,51962,1,,,0,100,,51963,1,,,0,100,,51964,1,,,0,100,,51965,1,,,0,100,,51966,1,,,0,100,,51967,1,,,0,100,,51968,1,,,0,100,,51969,1,,,0,100,,51970,1,,,0,100,,51971,1,,,0,100,,51972,1,,,0,100,,51973,1,,,0,100,,51974,1,,,0
