60029,'1912',619,,62746,5,,,0,24,,62761,5,,,0,70,,62748,5,,,0,30,,62763,5,,,0,70,,62757,5,,,0,30,,62762,5,,,0,70,,62752,5,,,0,30,,62753,5,,,0,69,,62754,5,,,0,30,,62756,5,,,0,70,,62750,5,,,0,30,,62764,5,,,0,70,,62745,5,,,0,30,,62755,5,,,0,70,,62743,5,,,0,30,,62741,5,,,0,70,,62744,5,,,0,30,,62765,5,,,0,70,,62766,5,,,0,30,,62742,5,,,0,70,,62769,5,,,0,30,,62740,5,,,0,70,,62768,5,,,0,30,,62738,5,,,0,70,,62767,5,,,0,30,,62751,5,,,0,70,,62759,5,,,0,30,,62739,5,,,0,71,,62758,5,,,0,29,,62760,5,,,0,71,,62747,5,,,0,30,,62749,5,,,0
60029,'1969',619,,62775,5,,,0,24,,62772,5,,,0,70,,62781,5,,,0,30,,62780,5,,,0,70,,62776,5,,,0,30,,62771,5,,,0,70,,62779,5,,,0,30,,62782,5,,,0,69,,62796,5,,,0,30,,62773,5,,,0,70,,62777,5,,,0,30,,62790,5,,,0,70,,62783,5,,,0,30,,62785,5,,,0,70,,62786,5,,,0,30,,62794,5,,,0,70,,62795,5,,,0,30,,62770,5,,,0,70,,62784,5,,,0,30,,62793,5,,,0,70,,62778,5,,,0,30,,62792,5,,,0,70,,62774,5,,,0,30,,62791,5,,,0,70,,62799,5,,,0,30,,62789,5,,,0,70,,62798,5,,,0,30,,62788,5,,,0,71,,62797,5,,,0,30,,62787,5,,,0
60029,'1977',619,,75920,5,,,0,27,,75930,5,,,0,65,,75923,5,,,0,17,,75921,5,,,0,14,,75928,5,,,0,16,,75929,5,,,0,59,,75922,5,,,0,17,,75952,5,,,0,14,,75949,5,,,0,75,,75932,5,,,0,29,,75926,5,,,0,69,,75951,5,,,0,31,,75927,5,,,0,70,,75934,5,,,0,30,,75925,5,,,0,70,,75935,5,,,0,30,,75931,5,,,0,70,,75933,5,,,0,30,,75924,5,,,0,106,,75948,5,,,0,60,,75919,5,,,0,20,,75946,5,,,0,20,,75940,5,,,0,60,,75936,5,,,0,20,,75917,5,,,0,20,,75944,5,,,0,60,,75937,5,,,0,20,,75938,5,,,0,20,,75918,5,,,0,60,,75947,5,,,0,20,,75950,5,,,0,65,,75941,5,,,0,23,,75945,5,,,0,19,,75942,5,,,0,70,,75943,5,,,0,30,,75939,5,,,0
600029,'1977',730,,76190,5,,,0,89,,76191,5,,,0,599,,76192,5,,,0,28,,76193,5,,,0,66,,76194,5,,,0,100,,76195,5,,,0,93,,76196,5,,,0
602019,'1912',2227,,64193,8,,,0,30,,64194,8,,,0,70,,64195,8,,,0
602019,'1959',628,,64230,7,,,0,27,,64226,8,,,0,70,,64225,8,,,0,30,,64224,8,,,0,70,,64220,8,,,0,30,,64219,8,,,0,70,,64217,8,,,0,30,,64216,8,,,0,70,,64222,8,,,0,30,,64223,8,,,0,71,,64221,8,,,0,31,,64218,8,,,0,70,,64215,8,,,0,30,,64212,8,,,0,70,,64211,8,,,0,30,,64210,8,,,0,70,,64209,8,,,0,30,,64200,8,,,0,70,,64202,8,,,0,30,,64208,8,,,0,70,,64207,8,,,0,30,,64204,8,,,0,70,,64203,8,,,0,30,,64198,8,,,0,70,,64197,8,,,0,30,,64205,8,,,0,70,,64206,8,,,0,30,,64199,8,,,0,70,,64201,8,,,0,30,,64196,8,,,0,70,,64227,8,,,0,30,,64229,8,,,0,70,,64213,8,,,0,30,,64214,8,,,0,70,,64228,8,,,0
602019,'1967',630,,64192,7,,,0,27,,64190,8,,,0,70,,64191,8,,,0,30,,64181,8,,,0,70,,64182,8,,,0,30,,64180,8,,,0,71,,64179,8,,,0,30,,64178,8,,,0,70,,64177,8,,,0,30,,64188,8,,,0,70,,64187,8,,,0,30,,64186,8,,,0,70,,64185,8,,,0,30,,64184,8,,,0,70,,64183,8,,,0,30,,64175,8,,,0,70,,64176,8,,,0,30,,64189,8,,,0,70,,64174,8,,,0,30,,64173,8,,,0,70,,64172,8,,,0,30,,64171,8,,,0,70,,64170,8,,,0,30,,64168,8,,,0,70,,64169,8,,,0,30,,64167,8,,,0,70,,64160,8,,,0,30,,64161,8,,,0,69,,64159,8,,,0,30,,64162,8,,,0,70,,64165,8,,,0,30,,64166,8,,,0,70,,64164,8,,,0,30,,64163,8,,,0,68,,64158,8,,,0
602019,'1969',2127,,64233,8,,,0,30,,64235,8,,,0,70,,64231,8,,,0,30,,64232,8,,,0,70,,64234,8,,,0
602019,'1976',615,,64133,7,,,0,28,,64113,7,0,19 2 11 2 32 26,0,60,,64157,7,0,19 2 11 2 32 26,0,15,,64125,7,0,19 2 11 2 32 26,0,15,,64112,7,0,19 2 11 2 32 26,0,15,,64115,7,0,19 2 11 2 32 26,0,55,,64126,7,0,19 2 11 2 32 26,0,15,,64120,7,0,19 2 11 2 32 26,0,15,,64135,7,0,19 2 11 2 32 26,0,15,,64116,7,0,19 2 11 2 32 26,0,56,,64151,8,,,0,22,,64147,7,,,0,30,,74964,7,,,0,70,,74963,7,,,0,30,,64145,7,,,0,70,,64144,7,,,0,30,,64143,7,,,0,70,,74965,7,,,0,30,,74962,7,,,0,70,,64109,7,,,0,30,,64110,7,,,0,68,,64111,7,,,0,26,,64123,7,0,19 2 11 2 32 26,0,53,,64130,7,0,19 2 11 2 32 26,0,15,,64124,7,0,19 2 11 2 32 26,0,15,,64129,7,0,19 2 11 2 32 26,0,15,,64117,7,0,19 2 11 2 32 26,0,55,,64128,7,0,19 2 11 2 32 26,0,15,,64122,7,0,19 2 11 2 32 26,0,15,,64132,7,0,19 2 11 2 32 26,0,14,,64121,7,0,19 2 11 2 32 26,0,55,,64127,7,0,19 2 11 2 32 26,0,14,,64118,7,0,19 2 11 2 32 26,0,15,,64131,7,0,19 2 11 2 32 26,0,15,,64114,7,0,19 2 11 2 32 26,0,55,,64134,7,0,19 2 11 2 32 26,0,15,,64119,7,0,19 2 11 2 32 26,0,18,,64150,8,,,0,17,,64141,8,,,0,70,,64136,8,,,0,12,,64154,8,,,0,18,,64140,8,,,0,70,,64139,8,,,0,30,,64137,8,,,0,70,,64138,8,,,0,30,,64152,8,,,0,70,,64156,8,,,0,30,,64153,8,,,0,76,,64155,8,,,0
602019,'1977',2121,,76206,8,,,0,30,,76207,8,,,0,70,,76210,8,,,0,30,,76208,8,,,0,76,,76209,8,,,0
