1029,'1912',606,,73732,20,,,0,98,,73733,20,,,0,100,,73734,20,,,0,101,,73735,20,,,0,101,,73736,20,,,0,100,,73737,20,,,0,100,,73738,20,,,0,100,,73739,20,,,0,100,,73740,20,,,0,100,,73741,20,,,0,99,,73742,20,,,0,100,,73743,20,,,0,100,,73744,20,,,0,100,,73745,20,,,0,100,,73746,20,,,0,100,,73747,20,,,0,99,,73748,20,,,0,99,,73749,20,,,0
1029,'1966',606,,70284,21,,,0,28,,70296,21,,,0,70,,70303,21,,,0,30,,70291,21,,,0,70,,70312,21,,,0,30,,70300,21,,,0,71,,70283,21,,,0,29,,70295,21,,,0,70,,70306,21,,,0,30,,70290,21,,,0,70,,70313,21,,,0,30,,70299,21,,,0,70,,70282,21,,,0,30,,70294,21,,,0,70,,70305,21,,,0,30,,70289,21,,,0,70,,70285,21,,,0,30,,70298,21,,,0,70,,70281,21,,,0,30,,70293,21,,,0,70,,70301,21,,,0,30,,70288,21,,,0,70,,70310,21,,,0,30,,70297,21,,,0,69,,70280,21,,,0,31,,70292,21,,,0,70,,70304,21,,,0,30,,70286,21,,,0,70,,70308,21,,,0,30,,70307,21,,,0,70,,70279,21,,,0,30,,70287,21,,,0,70,,70302,21,,,0,30,,70311,21,,,0,70,,70309,21,,,0
1029,'1968',606,,59317,21,,,0,98,,59318,21,,,0,100,,59319,21,,,0,101,,59320,21,,,0,101,,59321,21,,,0,100,,59322,21,,,0,100,,59323,21,,,0,100,,59324,21,,,0,100,,59325,21,,,0,100,,59326,21,,,0,99,,59327,21,,,0,100,,59328,21,,,0,100,,59329,21,,,0,100,,59330,21,,,0,100,,59331,21,,,0,100,,59332,21,,,0,99,,59333,21,,,0,99,,59334,21,,,0
1029,'1970',604,,73759,20,,,0,35,,73760,20,,,0,66,,73780,20,,,0,30,,73756,20,,,0,70,,73751,20,,,0,30,,73784,20,,,0,73,,73754,20,,,0,30,,73761,20,,,0,70,,73779,20,,,0,30,,73758,20,,,0,70,,73750,20,,,0,30,,73783,20,,,0,70,,73755,20,,,0,30,,73762,20,,,0,70,,73778,20,,,0,30,,73757,20,,,0,70,,73752,20,,,0,30,,73781,20,,,0,71,,73753,20,,,0,30,,73763,20,,,0,70,,73777,20,,,0,30,,73766,20,,,0,70,,73765,20,,,0,29,,73764,20,,,0,67,,73770,20,,,0,30,,73769,20,,,0,70,,73768,20,,,0,30,,73767,20,,,0,70,,73782,20,,,0,29,,73776,20,,,0,70,,73775,20,,,0,30,,73774,20,,,0,70,,73773,20,,,0,30,,73772,20,,,0,25,,73771,20,,,0
1029,'1971',606,,73790,20,,,0,28,,73802,20,,,0,70,,73809,20,,,0,30,,73797,20,,,0,70,,73818,20,,,0,30,,73806,20,,,0,71,,73789,20,,,0,29,,73801,20,,,0,70,,73812,20,,,0,30,,73796,20,,,0,70,,73819,20,,,0,30,,73805,20,,,0,70,,73788,20,,,0,30,,73800,20,,,0,70,,73811,20,,,0,30,,73795,20,,,0,70,,73791,20,,,0,30,,73804,20,,,0,70,,73787,20,,,0,30,,73799,20,,,0,70,,73807,20,,,0,30,,73794,20,,,0,70,,73816,20,,,0,30,,73803,20,,,0,69,,73786,20,,,0,31,,73798,20,,,0,70,,73810,20,,,0,30,,73792,20,,,0,70,,73814,20,,,0,30,,73813,20,,,0,70,,73785,20,,,0,30,,73793,20,,,0,70,,73808,20,,,0,30,,73817,20,,,0,70,,73815,20,,,0
1029,'1972',606,,73820,20,,,0,98,,73821,20,,,0,100,,73822,20,,,0,101,,73823,20,,,0,101,,73824,20,,,0,100,,73825,20,,,0,100,,73826,20,,,0,100,,73827,20,,,0,100,,73828,20,,,0,100,,73829,20,,,0,99,,73830,20,,,0,100,,73831,20,,,0,100,,73832,20,,,0,100,,73833,20,,,0,100,,73834,20,,,0,100,,73835,20,,,0,99,,73836,20,,,0,99,,73837,20,,,0
1029,'1973',606,,73838,20,,,0,98,,73839,20,,,0,100,,73840,20,,,0,101,,73841,20,,,0,101,,73842,20,,,0,100,,73843,20,,,0,100,,73844,20,,,0,100,,73845,20,,,0,100,,73846,20,,,0,100,,73847,20,,,0,99,,73848,20,,,0,100,,73849,20,,,0,100,,73850,20,,,0,100,,73851,20,,,0,100,,73852,20,,,0,100,,73853,20,,,0,99,,73854,20,,,0,99,,73855,20,,,0
801019,'1912',750,,69897,5,0,12,0,70,,73475,5,0,12,0,30,,69901,5,0,12,0,70,,69890,5,0,12,0,30,,73474,5,0,12,0,70,,69895,5,0,12,0,30,,69908,5,0,12,0,70,,69899,5,0,12,0,30,,69896,5,0,12,0,70,,69905,5,0,12,0,30,,69891,5,0,12,0,70,,69902,5,0,12,0,30,,69904,5,0,12,0,70,,69900,5,0,12,0,30,,69887,5,0,12,0,70,,69906,5,0,12,0,30,,69892,5,0,12,0,70,,69888,5,0,12,0,30,,69903,5,0,12,0,70,,69886,5,0,12,0,30,,69889,5,0,12,0,70,,69907,5,0,12,0,30,,69884,5,0,12,0,71,,69894,5,0,12,0,30,,69909,5,0,12,0,70,,69898,5,0,12,0
801019,'1959',750,,69923,5,0,12,0,70,,73517,5,0,12,0,30,,69927,5,0,12,0,70,,69916,5,0,12,0,30,,73516,5,0,12,0,70,,69921,5,0,12,0,30,,69934,5,0,12,0,70,,69925,5,0,12,0,30,,69922,5,0,12,0,70,,69931,5,0,12,0,30,,69917,5,0,12,0,70,,69928,5,0,12,0,30,,69930,5,0,12,0,70,,69926,5,0,12,0,30,,69913,5,0,12,0,70,,69932,5,0,12,0,30,,69918,5,0,12,0,70,,69914,5,0,12,0,30,,69929,5,0,12,0,70,,69912,5,0,12,0,30,,69915,5,0,12,0,70,,69933,5,0,12,0,30,,69910,5,0,12,0,71,,69920,5,0,12,0,30,,69935,5,0,12,0,70,,69924,5,0,12,0
801019,'1965',646,,73492,5,0,12,0,65,,73491,5,0,12,0,16,,65487,5,0,12,0,18,,73490,5,0,12,0,60,,65486,5,0,12,0,20,,73496,5,0,12,0,25,,73478,5,0,12,0,70,,73479,5,0,12,0,100,,69984,5,0,12,0,30,,73481,5,0,12,0,169,,73483,5,0,12,0,31,,73484,5,0,12,0,100,,69991,5,0,12,0,70,,73486,5,0,12,0,31,,73493,5,0,12,0,95,,69993,5,0,12,0,80,,70008,5,0,12,0,20,,69995,5,0,12,0,60,,69996,5,0,12,0,145,,69998,5,0,12,0,170,,70001,5,0,12,0
801019,'1966',751,,73501,5,0,12,0,1270,,73504,5,0,12,0
801019,'1967',821,,69861,5,0,12,0,30,,73502,5,0,12,0,70,,73500,5,0,12,0,30,,69858,5,0,12,0,70,,73509,5,0,12,0,30,,73510,5,0,12,0,70,,73513,5,0,12,0,30,,69867,5,0,12,0,70,,73508,5,0,12,0,30,,69874,5,0,12,0,70,,73512,5,0,12,0,30,,73505,5,0,12,0,70,,73514,5,0,12,0,30,,69872,5,0,12,0,70,,73506,5,0,12,0,30,,69868,5,0,12,0,70,,73515,5,0,12,0,30,,69866,5,0,12,0,70,,73507,5,0,12,0,30,,69871,5,0,12,0,70,,73511,5,0,12,0,30,,69870,5,0,12,0,70,,69863,5,0,12,0,30,,73503,5,0,12,0
801019,'1969',750,,69949,5,0,12,0,70,,73477,5,0,12,0,30,,69953,5,0,12,0,70,,69942,5,0,12,0,30,,73476,5,0,12,0,70,,69947,5,0,12,0,30,,69960,5,0,12,0,70,,69951,5,0,12,0,30,,69948,5,0,12,0,70,,69957,5,0,12,0,30,,69943,5,0,12,0,70,,69954,5,0,12,0,30,,69956,5,0,12,0,70,,69952,5,0,12,0,30,,69939,5,0,12,0,70,,69958,5,0,12,0,30,,69944,5,0,12,0,70,,69940,5,0,12,0,30,,69955,5,0,12,0,70,,69938,5,0,12,0,30,,69941,5,0,12,0,70,,69959,5,0,12,0,30,,69936,5,0,12,0,71,,69946,5,0,12,0,30,,69961,5,0,12,0,70,,69950,5,0,12,0
801019,'1970',556,,75027,5,0,12,0,70,,75024,5,0,12,0,324,,75015,5,0,12,0,170,,75016,5,0,12,0,30,,75017,5,0,12,0,170,,75018,5,0,12,0,201,,75025,5,0,12,0,85,,75019,5,0,12,0,122,,75026,5,0,12,0,18,,75020,5,0,12,0,60,,75028,5,0,12,0,15,,75023,5,0,12,0,100,,75021,5,0,12,0,30,,75022,5,0,12,0
801019,'1971',751,,75029,5,0,12,0,1270,,75030,5,0,12,0
