4019,'1912',810,,70650,14,,,0,30,,59832,14,,,0,70,,70649,14,,,0,30,,70651,14,,,0,70,,59830,14,,,0,30,,66070,14,,,0,70,,70638,14,,,0,30,,70642,14,,,0,70,,70645,14,,,0,31,,70631,14,,,0,69,,70634,14,,,0,30,,70637,14,,,0,69,,70641,14,,,0,30,,70643,14,,,0,70,,70630,14,,,0,30,,70633,14,,,0,70,,70636,14,,,0,30,,70640,14,,,0,70,,70644,14,,,0,31,,70629,14,,,0,70,,70632,14,,,0,30,,70635,14,,,0,70,,70639,14,,,0,30,,70648,14,,,0,70,,70652,14,,,0,30,,70646,14,,,0,70,,70653,14,,,0,30,,70647,14,,,0
4019,'1959',810,,70763,14,,,0,30,,59860,14,,,0,70,,70762,14,,,0,30,,70764,14,,,0,70,,59858,14,,,0,30,,66096,14,,,0,70,,70751,14,,,0,30,,70755,14,,,0,70,,70758,14,,,0,31,,70744,14,,,0,69,,70747,14,,,0,30,,70750,14,,,0,69,,70754,14,,,0,30,,70756,14,,,0,70,,70743,14,,,0,30,,70746,14,,,0,70,,70749,14,,,0,30,,70753,14,,,0,70,,70757,14,,,0,31,,70742,14,,,0,70,,70745,14,,,0,30,,70748,14,,,0,70,,70752,14,,,0,30,,70761,14,,,0,70,,70765,14,,,0,30,,70759,14,,,0,70,,70766,14,,,0,30,,70760,14,,,0
4019,'1967',709,,74182,14,,,0,30,,74176,14,,,0,71,,70712,14,,,0,30,,74177,14,,,0,70,,74181,14,,,0,30,,70727,14,,,0,71,,66037,14,,,0,30,,70737,14,,,0,71,,70715,14,,,0,30,,70734,14,,,0,70,,70729,14,,,0,30,,70722,14,,,0,70,,70735,14,,,0,30,,70738,14,,,0,70,,70714,14,,,0,30,,70724,14,,,0,70,,70713,14,,,0,30,,70718,14,,,0,70,,70736,14,,,0,30,,70733,14,,,0,69,,70730,14,,,0,30,,70719,14,,,0,70,,70739,14,,,0,30,,70740,14,,,0,68,,70711,14,,,0,30,,70725,14,,,0,70,,70723,14,,,0,30,,74180,14,,,0,70,,70716,14,,,0,30,,74178,14,,,0,70,,70720,14,,,0,30,,74179,14,,,0
4019,'1969',810,,70675,14,,,0,30,,59888,14,,,0,70,,70674,14,,,0,30,,70676,14,,,0,70,,59886,14,,,0,30,,66122,14,,,0,70,,70663,14,,,0,30,,70667,14,,,0,70,,70670,14,,,0,31,,70656,14,,,0,69,,70659,14,,,0,30,,70662,14,,,0,69,,70666,14,,,0,30,,70668,14,,,0,70,,70655,14,,,0,30,,70658,14,,,0,70,,70661,14,,,0,30,,70665,14,,,0,70,,70669,14,,,0,31,,70654,14,,,0,70,,70657,14,,,0,30,,70660,14,,,0,70,,70664,14,,,0,30,,70673,14,,,0,70,,70677,14,,,0,30,,70671,14,,,0,70,,70678,14,,,0,30,,70672,14,,,0
4019,'1976',639,,74174,14,,,0,71,,70710,14,,,0,30,,70685,14,,,0,67,,70686,14,,,0,36,,70687,14,,,0,64,,70688,14,,,0,36,,70689,14,,,0,67,,70690,14,,,0,29,,70691,14,,,0,70,,70692,14,,,0,31,,70693,14,,,0,72,,70694,14,,,0,30,,70695,14,,,0,70,,74175,14,,,0,30,,70697,14,,,0,71,,70698,14,,,0,30,,70699,14,,,0,76,,70700,14,,,0,30,,70701,14,,,0,71,,70702,14,,,0,24,,70703,14,,,0,73,,70704,14,,,0,22,,70705,14,,,0,76,,70706,14,,,0,20,,70707,14,,,0,75,,70708,14,,,0,29,,70709,14,,,0,70,,74171,14,,,0,30,,74172,14,,,0,70,,70681,14,,,0,30,,74173,14,,,0,70,,66173,14,,,0,30,,70683,14,,,0
4019,'1977',639,,75214,14,,,0,71,,75240,14,,,0,30,,75215,14,,,0,67,,75216,14,,,0,36,,75217,14,,,0,64,,75218,14,,,0,36,,75219,14,,,0,67,,75220,14,,,0,29,,75221,14,,,0,70,,75222,14,,,0,31,,75223,14,,,0,72,,75224,14,,,0,30,,75225,14,,,0,70,,75226,14,,,0,30,,75227,14,,,0,71,,75228,14,,,0,30,,75229,14,,,0,76,,75230,14,,,0,30,,75231,14,,,0,71,,75232,14,,,0,24,,75233,14,,,0,73,,75234,14,,,0,22,,75235,14,,,0,76,,75236,14,,,0,20,,75237,14,,,0,75,,75238,14,,,0,29,,75239,14,,,0,70,,75208,14,,,0,30,,75209,14,,,0,70,,75210,14,,,0,30,,75211,14,,,0,70,,75212,14,,,0,30,,75213,14,,,0
7019,'1912',555,,71129,9,,,0,70,,60458,9,,,0,30,,60459,9,,,0,68,,66560,9,,,0,30,,60448,28,,,0,71,,66571,13,,,0,30,,60449,28,,,0,73,,71124,13,,,0,27,,60457,28,,,0,74,,71128,13,,,0,28,,60450,28,,,0,72,,71123,13,,,0,28,,60451,28,,,0,72,,71127,13,,,0,28,,60452,28,,,0,73,,71122,13,,,0,27,,60453,28,,,0,73,,71126,13,,,0,28,,60454,28,,,0,73,,71121,13,,,0,27,,60455,28,,,0,73,,71125,13,,,0,26,,60456,28,,,0,73,,71120,13,,,0,27,,60444,28,,,0,72,,66566,13,,,0,27,,60445,28,,,0,71,,60466,13,,,0,27,,60443,28,,,0,71,,60467,13,,,0,28,,60447,28,,,0,72,,60474,13,,,0,28,,60446,28,,,0,70,,60477,9,,,0,30,,60476,9,,,0
7019,'1959',555,,71200,9,,,0,70,,60493,9,,,0,30,,60494,9,,,0,68,,66573,9,,,0,30,,60483,28,,,0,71,,66584,13,,,0,30,,60484,28,,,0,73,,71195,13,,,0,27,,60492,28,,,0,74,,71199,13,,,0,28,,60485,28,,,0,72,,71194,13,,,0,28,,60486,28,,,0,72,,71198,13,,,0,28,,60487,28,,,0,73,,71193,13,,,0,27,,60488,28,,,0,73,,71197,13,,,0,28,,60489,28,,,0,73,,71192,13,,,0,27,,60490,28,,,0,73,,71196,13,,,0,26,,60491,28,,,0,73,,71191,13,,,0,27,,60479,28,,,0,72,,66579,13,,,0,27,,60480,28,,,0,71,,60501,13,,,0,27,,60478,28,,,0,71,,60502,13,,,0,28,,60482,28,,,0,72,,60509,13,,,0,28,,60481,28,,,0,70,,60512,9,,,0,30,,60511,9,,,0
7019,'1967',625,,66558,9,,,0,28,,71181,28,,,0,70,,74315,28,,,0,30,,71182,28,,,0,70,,71176,28,,,0,32,,74316,28,,,0,70,,71177,28,,,0,30,,71183,28,,,0,72,,71178,28,,,0,30,,71184,28,,,0,70,,66542,28,,,0,30,,74317,28,,,0,70,,71179,28,,,0,30,,71185,28,,,0,70,,71180,28,,,0,30,,60428,28,,,0,70,,66551,28,,,0,30,,74318,28,,,0,70,,71187,28,,,0,30,,60430,28,,,0,70,,71186,28,,,0,29,,66550,28,,,0,70,,71188,28,,,0,30,,60432,28,,,0,70,,71190,28,,,0,29,,71172,28,,,0,69,,71189,28,,,0,30,,74313,28,,,0,68,,66556,28,,,0,30,,60411,28,,,0,70,,66559,9,,,0,30,,60412,28,,,0,70,,60442,13,,,0,30,,74314,28,,,0
7019,'1969',555,,71139,9,,,0,70,,60528,9,,,0,30,,60529,9,,,0,68,,66586,9,,,0,30,,60518,28,,,0,71,,66597,13,,,0,30,,60519,28,,,0,73,,71134,13,,,0,27,,60527,28,,,0,74,,71138,13,,,0,28,,60520,28,,,0,72,,71133,13,,,0,28,,60521,28,,,0,72,,71137,13,,,0,28,,60522,28,,,0,73,,71132,13,,,0,27,,60523,28,,,0,73,,71136,13,,,0,28,,60524,28,,,0,73,,71131,13,,,0,27,,60525,28,,,0,73,,71135,13,,,0,26,,60526,28,,,0,73,,71130,13,,,0,27,,60514,28,,,0,72,,66592,13,,,0,27,,60515,28,,,0,71,,60536,13,,,0,27,,60513,28,,,0,71,,60537,13,,,0,28,,60517,28,,,0,72,,60544,13,,,0,28,,60516,28,,,0,70,,60547,9,,,0,30,,60546,9,,,0
7019,'1976',517,,74311,9,,,0,36,,60398,28,,,0,73,,60370,9,,,0,30,,60397,28,,,0,72,,74307,28,,,0,72,,71161,28,,,0,32,,74306,28,,,0,27,,71159,28,,,0,71,,74305,28,,,0,70,,71157,28,,,0,30,,71158,28,,,0,70,,71156,28,,,0,30,,71154,28,,,0,70,,71166,28,,,0,30,,74310,28,,,0,70,,74309,28,,,0,30,,74308,28,,,0,70,,71147,28,,,0,31,,74304,28,,,0,74,,74299,28,,,0,11,,74312,13,,,0,22,,71145,28,,,0,13,,71168,9,,,0,53,,71152,28,,,0,30,,74303,28,,,0,70,,74302,28,,,0,27,,71144,28,,,0,28,,71143,28,,,0,70,,71142,28,,,0,30,,74301,28,,,0,69,,74300,28,,,0,27,,60375,28,,,0,70,,71148,28,,,0,30,,60374,28,,,0,68,,71140,9,,,0,29,,71141,28,,,0,70,,71170,13,,,0,29,,60373,28,,,0,100,,71171,28,,,0
7019,'1977',517,,75367,9,,,0,36,,75361,28,,,0,73,,75333,9,,,0,30,,75360,28,,,0,72,,75362,28,,,0,72,,75359,28,,,0,32,,75358,28,,,0,27,,75357,28,,,0,71,,75353,28,,,0,70,,75355,28,,,0,30,,75356,28,,,0,70,,75354,28,,,0,30,,75352,28,,,0,70,,75366,28,,,0,30,,75365,28,,,0,70,,75364,28,,,0,30,,75363,28,,,0,70,,75344,28,,,0,31,,75351,28,,,0,74,,75343,28,,,0,11,,75369,13,,,0,22,,75342,28,,,0,13,,75368,9,,,0,53,,75350,28,,,0,30,,75349,28,,,0,70,,75348,28,,,0,27,,75341,28,,,0,28,,75340,28,,,0,70,,75339,28,,,0,30,,75347,28,,,0,69,,75346,28,,,0,27,,75338,28,,,0,70,,75345,28,,,0,30,,75337,28,,,0,68,,75334,9,,,0,29,,75335,28,,,0,70,,75370,13,,,0,29,,75336,28,,,0,100,,75371,28,,,0
14019,'1912',651,,61463,18,,,0,100,,67238,18,,,0,100,,67227,18,,,0,100,,71631,18,,,0,100,,67229,18,,,0,102,,67230,18,,,0,100,,67231,18,,,0,100,,67232,18,,,0,100,,67233,18,,,0,100,,67234,18,,,0,100,,67235,18,,,0,100,,67236,18,,,0,100,,67237,18,,,0,100,,61451,18,,,0,105,,71630,18,,,0
14019,'1959',651,,61478,18,,,0,100,,67251,18,,,0,100,,67240,18,,,0,100,,71672,18,,,0,100,,67242,18,,,0,102,,67243,18,,,0,100,,67244,18,,,0,100,,67245,18,,,0,100,,67246,18,,,0,100,,67247,18,,,0,100,,67248,18,,,0,100,,67249,18,,,0,100,,67250,18,,,0,100,,61466,18,,,0,105,,71671,18,,,0
14019,'1967',650,,67210,18,,,0,100,,74438,18,,,0,102,,74439,18,,,0,100,,71664,18,,,0,100,,71665,18,,,0,102,,71666,18,,,0,100,,67216,18,,,0,100,,67217,18,,,0,100,,71667,18,,,0,100,,67219,18,,,0,99,,67220,18,,,0,100,,67221,18,,,0,100,,71668,18,,,0,98,,71669,18,,,0,100,,67224,18,,,0,100,,74440,18,,,0,100,,61449,18,,,0
14019,'1969',651,,61493,18,,,0,100,,67264,18,,,0,100,,67253,18,,,0,100,,71633,18,,,0,100,,67255,18,,,0,102,,67256,18,,,0,100,,67257,18,,,0,100,,67258,18,,,0,100,,67259,18,,,0,100,,67260,18,,,0,100,,67261,18,,,0,100,,67262,18,,,0,100,,67263,18,,,0,100,,61481,18,,,0,105,,71632,18,,,0
14019,'1976',527,,61431,18,,,0,100,,71660,18,,,0,81,,71634,18,,,0,30,,71647,18,,,0,68,,71635,18,,,0,22,,71648,18,,,0,30,,74432,18,,,0,69,,71649,18,,,0,30,,71637,18,,,0,70,,61417,18,,,0,30,,71638,18,,,0,70,,71650,18,,,0,30,,71639,18,,,0,70,,71651,18,,,0,30,,74433,18,,,0,70,,74435,18,,,0,30,,74434,18,,,0,70,,71653,18,,,0,32,,71642,18,,,0,70,,71654,18,,,0,80,,71643,18,,,0,30,,71655,18,,,0,69,,71644,18,,,0,30,,71656,18,,,0,70,,71645,18,,,0,19,,71657,18,,,0,30,,71646,18,,,0,70,,74436,18,,,0,30,,71661,18,,,0,70,,74437,18,,,0,92,,61428,18,,,0,100,,71659,18,,,0
14019,'1977',527,,75587,18,,,0,100,,75586,18,,,0,81,,75557,18,,,0,30,,75570,18,,,0,68,,75558,18,,,0,22,,75571,18,,,0,30,,75559,18,,,0,69,,75572,18,,,0,30,,75560,18,,,0,70,,75573,18,,,0,30,,75561,18,,,0,70,,75574,18,,,0,30,,75562,18,,,0,70,,75575,18,,,0,30,,75563,18,,,0,70,,75576,18,,,0,30,,75564,18,,,0,70,,75577,18,,,0,32,,75565,18,,,0,70,,75578,18,,,0,80,,75566,18,,,0,30,,75579,18,,,0,69,,75567,18,,,0,30,,75580,18,,,0,70,,75568,18,,,0,19,,75581,18,,,0,30,,75569,18,,,0,70,,75582,18,,,0,30,,75588,18,,,0,70,,75583,18,,,0,92,,75584,18,,,0,100,,75585,18,,,0
502019,'1912',646,,72480,10,,,0,70,,72466,10,,,0,30,,72483,10,,,0,70,,72497,10,,,0,30,,72477,10,,,0,70,,72496,10,,,0,30,,72479,10,,,0,71,,72495,10,,,0,30,,72474,10,,,0,70,,72494,10,,,0,30,,72469,10,,,0,72,,72493,10,,,0,30,,72472,10,,,0,70,,72491,10,,,0,30,,72470,10,,,0,70,,72492,10,,,0,30,,72473,10,,,0,70,,72490,10,,,0,30,,72467,10,,,0,70,,72489,10,,,0,30,,72471,10,,,0,69,,72488,10,,,0,30,,72468,10,,,0,69,,72487,10,,,0,30,,72481,10,,,0,70,,72486,10,,,0,30,,72482,10,,,0,69,,72485,10,,,0,30,,72475,10,,,0,70,,72498,10,,,0,30,,72484,10,,,0,70,,72499,10,,,0,30,,72478,10,,,0,70,,72500,10,,,0,30,,72476,10,,,0
502019,'1959',646,,72628,10,,,0,70,,72614,10,,,0,30,,72631,10,,,0,70,,72645,10,,,0,30,,72625,10,,,0,70,,72644,10,,,0,30,,72627,10,,,0,71,,72643,10,,,0,30,,72622,10,,,0,70,,72642,10,,,0,30,,72617,10,,,0,72,,72641,10,,,0,30,,72620,10,,,0,70,,72639,10,,,0,30,,72618,10,,,0,70,,72640,10,,,0,30,,72621,10,,,0,70,,72638,10,,,0,30,,72615,10,,,0,70,,72637,10,,,0,30,,72619,10,,,0,69,,72636,10,,,0,30,,72616,10,,,0,69,,72635,10,,,0,30,,72629,10,,,0,70,,72634,10,,,0,30,,72630,10,,,0,69,,72633,10,,,0,30,,72623,10,,,0,70,,72646,10,,,0,30,,72632,10,,,0,70,,72647,10,,,0,30,,72626,10,,,0,70,,72648,10,,,0,30,,72624,10,,,0
502019,'1967',647,,72586,10,,,0,70,,72593,10,,,0,30,,74901,10,,,0,70,,72594,10,,,0,30,,74900,10,,,0,70,,74903,10,,,0,30,,74899,10,,,0,73,,74904,10,,,0,30,,74912,10,,,0,70,,74905,10,,,0,30,,74913,10,,,0,70,,74906,10,,,0,30,,74914,10,,,0,70,,74907,10,,,0,30,,74915,10,,,0,70,,74908,10,,,0,30,,74916,10,,,0,70,,74909,10,,,0,30,,74917,10,,,0,70,,74910,10,,,0,30,,74918,10,,,0,70,,74911,10,,,0,30,,74919,10,,,0,70,,74902,10,,,0,30,,74920,10,,,0,67,,72589,10,,,0,30,,74921,10,,,0,70,,72588,10,,,0,30,,74898,10,,,0,69,,72590,10,,,0,30,,74897,10,,,0,70,,72591,10,,,0,30,,74896,10,,,0,70,,72592,10,,,0,30,,74895,10,,,0
502019,'1969',646,,72515,10,,,0,70,,72501,10,,,0,30,,72518,10,,,0,70,,72532,10,,,0,30,,72512,10,,,0,70,,72531,10,,,0,30,,72514,10,,,0,71,,72530,10,,,0,30,,72509,10,,,0,70,,72529,10,,,0,30,,72504,10,,,0,72,,72528,10,,,0,30,,72507,10,,,0,70,,72526,10,,,0,30,,72505,10,,,0,70,,72527,10,,,0,30,,72508,10,,,0,70,,72525,10,,,0,30,,72502,10,,,0,70,,72524,10,,,0,30,,72506,10,,,0,69,,72523,10,,,0,30,,72503,10,,,0,69,,72522,10,,,0,30,,72516,10,,,0,70,,72521,10,,,0,30,,72517,10,,,0,69,,72520,10,,,0,30,,72510,10,,,0,70,,72533,10,,,0,30,,72519,10,,,0,70,,72534,10,,,0,30,,72513,10,,,0,70,,72535,10,,,0,30,,72511,10,,,0
502019,'1976',616,,74889,10,,,0,30,,72537,10,,,0,65,,72577,10,,,0,10,,74890,10,,,0,27,,72539,10,,,0,64,,72540,10,,,0,12,,74891,10,,,0,24,,72542,10,,,0,64,,72543,10,,,0,12,,72544,10,,,0,24,,72545,10,,,0,72,,72546,10,,,0,30,,72547,10,,,0,70,,74892,10,,,0,30,,72549,10,,,0,70,,74893,10,,,0,30,,72551,10,,,0,70,,72552,10,,,0,30,,72553,10,,,0,70,,74894,10,,,0,37,,72555,10,,,0,70,,72556,10,,,0,30,,72557,10,,,0,68,,72558,10,,,0,24,,72559,10,,,0,52,,72560,10,,,0,22,,72561,10,,,0,4,,72578,10,,,0,16,,72562,10,,,0,12,,72563,10,,,0,64,,72564,10,,,0,22,,72565,10,,,0,12,,72566,10,,,0,65,,72567,10,,,0,30,,72568,10,,,0,69,,72569,10,,,0,30,,72570,10,,,0,70,,72571,10,,,0,30,,72572,10,,,0,70,,72573,10,,,0,30,,72574,10,,,0,69,,72575,10,,,0,30,,72576,10,,,0
502019,'1977',616,,76068,10,,,0,30,,76069,10,,,0,65,,76109,10,,,0,10,,76070,10,,,0,27,,76071,10,,,0,64,,76072,10,,,0,12,,76073,10,,,0,24,,76074,10,,,0,64,,76075,10,,,0,12,,76076,10,,,0,24,,76077,10,,,0,72,,76078,10,,,0,30,,76079,10,,,0,70,,76080,10,,,0,30,,76081,10,,,0,70,,76082,10,,,0,30,,76083,10,,,0,70,,76084,10,,,0,30,,76085,10,,,0,70,,76086,10,,,0,37,,76087,10,,,0,70,,76088,10,,,0,30,,76089,10,,,0,68,,76090,10,,,0,24,,76091,10,,,0,52,,76092,10,,,0,22,,76093,10,,,0,4,,76110,10,,,0,16,,76094,10,,,0,12,,76095,10,,,0,64,,76096,10,,,0,22,,76097,10,,,0,12,,76098,10,,,0,65,,76099,10,,,0,30,,76100,10,,,0,69,,76101,10,,,0,30,,76102,10,,,0,70,,76103,10,,,0,30,,76104,10,,,0,70,,76105,10,,,0,30,,76106,10,,,0,69,,76107,10,,,0,30,,76108,10,,,0
14000001029,'1912',608,,73589,46,0,18 7,0,1811,,70205,46,,,0,29,,75060,46,,,0,70,,65884,46,,,0,30,,70206,46,,,0,70,,75059,46,,,0,30,,65880,46,,,0
14000001029,'1959',608,,73605,46,0,18 7,0,1811,,70208,46,,,0,29,,75067,46,,,0,70,,65891,46,,,0,30,,70209,46,,,0,70,,75066,46,,,0,30,,65887,46,,,0
14000001029,'1967',608,,75064,46,0,18 7,0,1811,,73602,46,,,0,29,,75063,46,,,0,70,,65872,46,,,0,30,,73599,46,,,0,70,,75065,46,,,0,30,,65875,46,,,0
14000001029,'1969',608,,73592,46,0,18 7,0,1811,,70211,46,,,0,29,,75069,46,,,0,70,,65898,46,,,0,30,,70212,46,,,0,70,,75068,46,,,0,30,,65894,46,,,0
14000001029,'1976',506,,65864,46,0,18 7,0,102,,73593,46,0,18 7,0,1811,,73595,46,,,0,29,,75061,46,,,0,70,,65871,46,,,0,30,,73594,46,,,0,70,,75062,46,,,0,30,,65870,46,,,0
14000001029,'1977',506,,76525,46,0,18 7,0,102,,76526,46,0,18 7,0,1811,,76528,46,,,0,29,,76529,46,,,0,70,,76532,46,,,0,30,,76527,46,,,0,70,,76530,46,,,0,30,,76531,46,,,0
