14019,'1909',529,,61431,20,,,0,501,,61417,20,,,0,999,,61427,20,,,0,92,,61428,20,,,0
14019,'1910',652,,67210,20,,,0,605,,67216,20,,,0,100,,67217,20,,,0,200,,67219,20,,,0,99,,67220,20,,,0,100,,67221,20,,,0,297,,67224,20,,,0,200,,61449,20,,,0
14019,'1912',653,,61463,20,,,0,100,,67238,20,,,0,100,,67227,20,,,0,100,,71631,20,,,0,100,,67229,20,,,0,103,,67230,20,,,0,100,,67231,20,,,0,100,,67232,20,,,0,100,,67233,20,,,0,100,,67234,20,,,0,100,,67235,20,,,0,100,,67236,20,,,0,100,,67237,20,,,0,99,,61451,20,,,0,145,,71630,20,,,0
14019,'1924',653,,61478,20,,,0,100,,67251,20,,,0,100,,67240,20,,,0,200,,67242,20,,,0,103,,67243,20,,,0,100,,67244,20,,,0,100,,67245,20,,,0,100,,67246,20,,,0,100,,67247,20,,,0,100,,67248,20,,,0,100,,67249,20,,,0,100,,67250,20,,,0,99,,61466,20,,,0
14019,'1925',653,,61493,20,,,0,100,,67264,20,,,0,100,,67253,20,,,0,100,,71633,20,,,0,100,,67255,20,,,0,103,,67256,20,,,0,100,,67257,20,,,0,100,,67258,20,,,0,100,,67259,20,,,0,100,,67260,20,,,0,100,,67261,20,,,0,100,,67262,20,,,0,100,,67263,20,,,0,99,,61481,20,,,0,145,,71632,20,,,0
14019,'1955',752,,67211,20,,,0,102,,67212,20,,,0,100,,67213,20,,,0,100,,67214,20,,,0,103,,67215,20,,,0,300,,67218,20,,,0,399,,67222,20,,,0,97,,67223,20,,,0,200,,67225,20,,,0
14019,'1956',953,,67241,20,,,0,1147,,67239,20,,,0
14019,'1957',629,,71660,20,,,0,81,,71634,20,,,0,30,,71647,20,,,0,68,,71635,20,,,0,22,,71648,20,,,0,71,,71636,20,,,0,29,,71649,20,,,0,70,,71637,20,,,0,100,,71638,20,,,0,30,,71650,20,,,0,70,,71639,20,,,0,30,,71651,20,,,0,70,,71640,20,,,0,30,,71652,20,,,0,70,,71641,20,,,0,30,,71653,20,,,0,72,,71642,20,,,0,30,,71654,20,,,0,80,,71643,20,,,0,30,,71655,20,,,0,69,,71644,20,,,0,30,,71656,20,,,0,70,,71645,20,,,0,19,,71657,20,,,0,70,,71646,20,,,0,30,,71658,20,,,0,29,,71661,20,,,0,262,,71659,20,,,0
14019,'1958',752,,71662,20,,,0,102,,71663,20,,,0,100,,71664,20,,,0,100,,71665,20,,,0,103,,71666,20,,,0,300,,71667,20,,,0,399,,71668,20,,,0,97,,71669,20,,,0,200,,71670,20,,,0
14019,'1959',953,,71672,20,,,0,1147,,71671,20,,,0
