4019,'1912',807,,70650,12,,,0,30,,59832,12,,,0,70,,70649,12,,,0,30,,70651,12,,,0,70,,59830,12,,,0,30,,66070,12,,,0,70,,70638,12,,,0,30,,70642,12,,,0,70,,70645,12,,,0,31,,70631,12,,,0,69,,70634,12,,,0,30,,70637,12,,,0,69,,70641,12,,,0,30,,70643,12,,,0,70,,70630,12,,,0,30,,70633,12,,,0,70,,70636,12,,,0,30,,70640,12,,,0,70,,70644,12,,,0,31,,70629,12,,,0,70,,70632,12,,,0,30,,70635,12,,,0,70,,70639,12,,,0,30,,70648,12,,,0,70,,70652,12,,,0,30,,70646,12,,,0,70,,70653,12,,,0,30,,70647,12,,,0
4019,'1959',807,,70763,12,,,0,30,,59860,12,,,0,70,,70762,12,,,0,30,,70764,12,,,0,70,,59858,12,,,0,30,,66096,12,,,0,70,,70751,12,,,0,30,,70755,12,,,0,70,,70758,12,,,0,31,,70744,12,,,0,69,,70747,12,,,0,30,,70750,12,,,0,69,,70754,12,,,0,30,,70756,12,,,0,70,,70743,12,,,0,30,,70746,12,,,0,70,,70749,12,,,0,30,,70753,12,,,0,70,,70757,12,,,0,31,,70742,12,,,0,70,,70745,12,,,0,30,,70748,12,,,0,70,,70752,12,,,0,30,,70761,12,,,0,70,,70765,12,,,0,30,,70759,12,,,0,70,,70766,12,,,0,30,,70760,12,,,0
4019,'1967',707,,74182,12,,,0,30,,74176,12,,,0,70,,70712,12,,,0,30,,74177,12,,,0,70,,74181,12,,,0,30,,70727,12,,,0,71,,66037,12,,,0,30,,70737,12,,,0,71,,70715,12,,,0,30,,70734,12,,,0,70,,70729,12,,,0,30,,70722,12,,,0,70,,70735,12,,,0,30,,70738,12,,,0,70,,70714,12,,,0,30,,70724,12,,,0,70,,70713,12,,,0,30,,70718,12,,,0,70,,70736,12,,,0,30,,70733,12,,,0,69,,70730,12,,,0,30,,70719,12,,,0,70,,70739,12,,,0,30,,70740,12,,,0,69,,70711,12,,,0,30,,70725,12,,,0,70,,70723,12,,,0,30,,74180,12,,,0,70,,70716,12,,,0,30,,74178,12,,,0,70,,70720,12,,,0,30,,74179,12,,,0
4019,'1969',807,,70675,12,,,0,30,,59888,12,,,0,70,,70674,12,,,0,30,,70676,12,,,0,70,,59886,12,,,0,30,,66122,12,,,0,70,,70663,12,,,0,30,,70667,12,,,0,70,,70670,12,,,0,31,,70656,12,,,0,69,,70659,12,,,0,30,,70662,12,,,0,69,,70666,12,,,0,30,,70668,12,,,0,70,,70655,12,,,0,30,,70658,12,,,0,70,,70661,12,,,0,30,,70665,12,,,0,70,,70669,12,,,0,31,,70654,12,,,0,70,,70657,12,,,0,30,,70660,12,,,0,70,,70664,12,,,0,30,,70673,12,,,0,70,,70677,12,,,0,30,,70671,12,,,0,70,,70678,12,,,0,30,,70672,12,,,0
4019,'1976',637,,74174,12,,,0,70,,70710,12,,,0,30,,70685,12,,,0,67,,70686,12,,,0,36,,70687,12,,,0,64,,70688,12,,,0,36,,70689,12,,,0,67,,70690,12,,,0,29,,70691,12,,,0,70,,70692,12,,,0,31,,70693,12,,,0,72,,70694,12,,,0,30,,70695,12,,,0,70,,74175,12,,,0,30,,70697,12,,,0,71,,70698,12,,,0,30,,70699,12,,,0,75,,70700,12,,,0,30,,70701,12,,,0,71,,70702,12,,,0,24,,70703,12,,,0,74,,70704,12,,,0,22,,70705,12,,,0,76,,70706,12,,,0,20,,70707,12,,,0,75,,70708,12,,,0,30,,70709,12,,,0,70,,74171,12,,,0,30,,74172,12,,,0,70,,70681,12,,,0,30,,74173,12,,,0,70,,66173,12,,,0,30,,70683,12,,,0
4019,'1977',637,,75214,12,,,0,70,,75240,12,,,0,30,,75215,12,,,0,67,,75216,12,,,0,36,,75217,12,,,0,64,,75218,12,,,0,36,,75219,12,,,0,67,,75220,12,,,0,29,,75221,12,,,0,70,,75222,12,,,0,31,,75223,12,,,0,72,,75224,12,,,0,30,,75225,12,,,0,70,,75226,12,,,0,30,,75227,12,,,0,71,,75228,12,,,0,30,,75229,12,,,0,75,,75230,12,,,0,30,,75231,12,,,0,71,,75232,12,,,0,24,,75233,12,,,0,74,,75234,12,,,0,22,,75235,12,,,0,76,,75236,12,,,0,20,,75237,12,,,0,75,,75238,12,,,0,30,,75239,12,,,0,70,,75208,12,,,0,30,,75209,12,,,0,70,,75210,12,,,0,30,,75211,12,,,0,70,,75212,12,,,0,30,,75213,12,,,0
7019,'1912',552,,71129,7,,,0,70,,60458,7,,,0,30,,60459,7,,,0,68,,66560,7,,,0,30,,60448,26,,,0,71,,66571,11,,,0,30,,60449,26,,,0,73,,71124,11,,,0,27,,60457,26,,,0,74,,71128,11,,,0,28,,60450,26,,,0,72,,71123,11,,,0,28,,60451,26,,,0,72,,71127,11,,,0,28,,60452,26,,,0,73,,71122,11,,,0,27,,60453,26,,,0,73,,71126,11,,,0,28,,60454,26,,,0,73,,71121,11,,,0,27,,60455,26,,,0,73,,71125,11,,,0,26,,60456,26,,,0,73,,71120,11,,,0,27,,60444,26,,,0,72,,66566,11,,,0,27,,60445,26,,,0,71,,60466,11,,,0,27,,60443,26,,,0,72,,60467,11,,,0,28,,60447,26,,,0,72,,60474,11,,,0,28,,60446,26,,,0,70,,60477,7,,,0,30,,60476,7,,,0
7019,'1959',552,,71200,7,,,0,70,,60493,7,,,0,30,,60494,7,,,0,68,,66573,7,,,0,30,,60483,26,,,0,71,,66584,11,,,0,30,,60484,26,,,0,73,,71195,11,,,0,27,,60492,26,,,0,74,,71199,11,,,0,28,,60485,26,,,0,72,,71194,11,,,0,28,,60486,26,,,0,72,,71198,11,,,0,28,,60487,26,,,0,73,,71193,11,,,0,27,,60488,26,,,0,73,,71197,11,,,0,28,,60489,26,,,0,73,,71192,11,,,0,27,,60490,26,,,0,73,,71196,11,,,0,26,,60491,26,,,0,73,,71191,11,,,0,27,,60479,26,,,0,72,,66579,11,,,0,27,,60480,26,,,0,71,,60501,11,,,0,27,,60478,26,,,0,72,,60502,11,,,0,28,,60482,26,,,0,72,,60509,11,,,0,28,,60481,26,,,0,70,,60512,7,,,0,30,,60511,7,,,0
7019,'1967',622,,66558,7,,,0,28,,71181,26,,,0,70,,74315,26,,,0,30,,71182,26,,,0,70,,71176,26,,,0,32,,74316,26,,,0,70,,71177,26,,,0,30,,71183,26,,,0,71,,71178,26,,,0,30,,71184,26,,,0,70,,66542,26,,,0,30,,74317,26,,,0,70,,71179,26,,,0,30,,71185,26,,,0,70,,71180,26,,,0,30,,60428,26,,,0,70,,66551,26,,,0,30,,74318,26,,,0,70,,71187,26,,,0,30,,60430,26,,,0,70,,71186,26,,,0,30,,66550,26,,,0,70,,71188,26,,,0,30,,60432,26,,,0,70,,71190,26,,,0,29,,71172,26,,,0,69,,71189,26,,,0,30,,74313,26,,,0,68,,66556,26,,,0,30,,60411,26,,,0,70,,66559,7,,,0,30,,60412,26,,,0,70,,60442,11,,,0,30,,74314,26,,,0
7019,'1969',552,,71139,7,,,0,70,,60528,7,,,0,30,,60529,7,,,0,68,,66586,7,,,0,30,,60518,26,,,0,71,,66597,11,,,0,30,,60519,26,,,0,73,,71134,11,,,0,27,,60527,26,,,0,74,,71138,11,,,0,28,,60520,26,,,0,72,,71133,11,,,0,28,,60521,26,,,0,72,,71137,11,,,0,28,,60522,26,,,0,73,,71132,11,,,0,27,,60523,26,,,0,73,,71136,11,,,0,28,,60524,26,,,0,73,,71131,11,,,0,27,,60525,26,,,0,73,,71135,11,,,0,26,,60526,26,,,0,73,,71130,11,,,0,27,,60514,26,,,0,72,,66592,11,,,0,27,,60515,26,,,0,71,,60536,11,,,0,27,,60513,26,,,0,72,,60537,11,,,0,28,,60517,26,,,0,72,,60544,11,,,0,28,,60516,26,,,0,70,,60547,7,,,0,30,,60546,7,,,0
7019,'1976',514,,74311,7,,,0,36,,60398,26,,,0,73,,60370,7,,,0,30,,60397,26,,,0,72,,74307,26,,,0,32,,71161,26,,,0,72,,74306,26,,,0,27,,71159,26,,,0,70,,74305,26,,,0,30,,71157,26,,,0,70,,71158,26,,,0,30,,71156,26,,,0,70,,71154,26,,,0,30,,71166,26,,,0,70,,74310,26,,,0,30,,74309,26,,,0,70,,74308,26,,,0,30,,71147,26,,,0,71,,74304,26,,,0,74,,74299,26,,,0,11,,74312,11,,,0,22,,71145,26,,,0,13,,71168,7,,,0,53,,71152,26,,,0,30,,74303,26,,,0,70,,74302,26,,,0,28,,71144,26,,,0,28,,71143,26,,,0,70,,71142,26,,,0,30,,74301,26,,,0,69,,74300,26,,,0,27,,60375,26,,,0,70,,71148,26,,,0,30,,60374,26,,,0,69,,71140,7,,,0,29,,71141,26,,,0,70,,71170,11,,,0,29,,60373,26,,,0,100,,71171,26,,,0
7019,'1977',514,,75367,7,,,0,36,,75361,26,,,0,73,,75333,7,,,0,30,,75360,26,,,0,72,,75362,26,,,0,32,,75359,26,,,0,72,,75358,26,,,0,27,,75357,26,,,0,70,,75353,26,,,0,30,,75355,26,,,0,70,,75356,26,,,0,30,,75354,26,,,0,70,,75352,26,,,0,30,,75366,26,,,0,70,,75365,26,,,0,30,,75364,26,,,0,70,,75363,26,,,0,30,,75344,26,,,0,71,,75351,26,,,0,74,,75343,26,,,0,11,,75369,11,,,0,22,,75342,26,,,0,13,,75368,7,,,0,53,,75350,26,,,0,30,,75349,26,,,0,70,,75348,26,,,0,28,,75341,26,,,0,28,,75340,26,,,0,70,,75339,26,,,0,30,,75347,26,,,0,69,,75346,26,,,0,27,,75338,26,,,0,70,,75345,26,,,0,30,,75337,26,,,0,69,,75334,7,,,0,29,,75335,26,,,0,70,,75370,11,,,0,29,,75336,26,,,0,100,,75371,26,,,0
14000001029,'1912',607,,73589,44,0,18 7,0,1811,,70205,44,,,0,29,,75060,44,,,0,70,,65884,44,,,0,30,,70206,44,,,0,70,,75059,44,,,0,30,,65880,44,,,0
14000001029,'1959',607,,73605,44,0,18 7,0,1811,,70208,44,,,0,29,,75067,44,,,0,70,,65891,44,,,0,30,,70209,44,,,0,70,,75066,44,,,0,30,,65887,44,,,0
14000001029,'1967',607,,75064,44,0,18 7,0,1811,,73602,44,,,0,29,,75063,44,,,0,70,,65872,44,,,0,30,,73599,44,,,0,70,,75065,44,,,0,30,,65875,44,,,0
14000001029,'1969',607,,73592,44,0,18 7,0,1811,,70211,44,,,0,29,,75069,44,,,0,70,,65898,44,,,0,30,,70212,44,,,0,70,,75068,44,,,0,30,,65894,44,,,0
14000001029,'1976',505,,65864,44,0,18 7,0,102,,73593,44,0,18 7,0,1811,,73595,44,,,0,29,,75061,44,,,0,70,,65871,44,,,0,30,,73594,44,,,0,70,,75062,44,,,0,30,,65870,44,,,0
14000001029,'1977',505,,76525,44,0,18 7,0,102,,76526,44,0,18 7,0,1811,,76528,44,,,0,29,,76529,44,,,0,70,,76532,44,,,0,30,,76527,44,,,0,70,,76530,44,,,0,30,,76531,44,,,0
