10019,'1909',918,,60946,20,,,0,999,,60966,20,,,0,98,,60968,20,,,0,100,,60970,20,,,0,100,,60971,20,,,0
10019,'1910',1847,,66746,20,,,0,69,,60997,20,,,0,100,,66747,20,,,0,100,,60999,20,,,0
10019,'1912',746,,61000,20,,,0,70,,66748,20,,,0,30,,61002,20,,,0,70,,66749,20,,,0,30,,61004,20,,,0,70,,71282,20,,,0,30,,71283,20,,,0,70,,71284,20,,,0,30,,71285,20,,,0,71,,71286,20,,,0,30,,71287,20,,,0,70,,71288,20,,,0,30,,71289,20,,,0,70,,71290,20,,,0,30,,71291,20,,,0,70,,71292,20,,,0,30,,71293,20,,,0,70,,71294,20,,,0,30,,66763,20,,,0,70,,71295,20,,,0,30,,71296,20,,,0,69,,71297,20,,,0,30,,66767,20,,,0,70,,71298,20,,,0
10019,'1924',746,,61024,20,,,0,70,,66769,20,,,0,30,,61026,20,,,0,70,,66770,20,,,0,30,,61028,20,,,0,701,,66784,20,,,0,199,,66788,20,,,0
10019,'1925',746,,61048,20,,,0,70,,66790,20,,,0,30,,61050,20,,,0,70,,66791,20,,,0,30,,61052,20,,,0,70,,71299,20,,,0,30,,71300,20,,,0,70,,71301,20,,,0,30,,71302,20,,,0,71,,71303,20,,,0,30,,71304,20,,,0,70,,71305,20,,,0,30,,71306,20,,,0,70,,71307,20,,,0,30,,71308,20,,,0,70,,71309,20,,,0,30,,71310,20,,,0,70,,71311,20,,,0,30,,66805,20,,,0,70,,71312,20,,,0,30,,71313,20,,,0,69,,71314,20,,,0,30,,66809,20,,,0,70,,71315,20,,,0
10019,'1949',1348,,66831,20,,,0
10019,'1955',646,,60972,20,,,0,70,,66724,20,,,0,30,,66725,20,,,0,70,,66726,20,,,0,30,,60976,20,,,0,70,,66727,20,,,0,30,,66728,20,,,0,71,,66729,20,,,0,30,,66730,20,,,0,70,,66731,20,,,0,30,,66732,20,,,0,70,,66733,20,,,0,30,,66734,20,,,0,70,,66735,20,,,0,30,,66736,20,,,0,70,,66737,20,,,0,30,,66738,20,,,0,70,,66739,20,,,0,30,,66740,20,,,0,70,,66741,20,,,0,30,,66742,20,,,0,70,,66743,20,,,0,30,,66744,20,,,0,70,,66745,20,,,0
10019,'1956',1016,,66771,20,,,0,30,,66772,20,,,0,70,,66773,20,,,0,30,,66774,20,,,0,71,,66775,20,,,0,30,,66776,20,,,0,70,,66777,20,,,0,30,,66778,20,,,0,70,,66779,20,,,0,30,,66780,20,,,0,70,,66781,20,,,0,30,,66782,20,,,0,70,,66783,20,,,0,100,,66785,20,,,0,30,,66786,20,,,0,69,,66787,20,,,0,100,,66789,20,,,0
10019,'1957',546,,71316,20,,,0,70,,71317,20,,,0,30,,71318,20,,,0,71,,71319,20,,,0,30,,71320,20,,,0,70,,71321,20,,,0,30,,71322,20,,,0,101,,71323,20,,,0,70,,71324,20,,,0,30,,71325,20,,,0,70,,71326,20,,,0,30,,71327,20,,,0,70,,71328,20,,,0,30,,71329,20,,,0,70,,71330,20,,,0,100,,71331,20,,,0,33,,71332,20,,,0,70,,71333,20,,,0,30,,71334,20,,,0,70,,71335,20,,,0,30,,71336,20,,,0,70,,71337,20,,,0,26,,71338,20,,,0,70,,71339,20,,,0,30,,71340,20,,,0,100,,71341,20,,,0,98,,71342,20,,,0
10019,'1958',646,,71343,20,,,0,70,,71344,20,,,0,30,,71345,20,,,0,70,,71346,20,,,0,30,,71347,20,,,0,70,,71348,20,,,0,30,,71349,20,,,0,71,,71350,20,,,0,30,,71351,20,,,0,70,,71352,20,,,0,30,,71353,20,,,0,70,,71354,20,,,0,30,,71355,20,,,0,70,,71356,20,,,0,30,,71357,20,,,0,70,,71358,20,,,0,30,,71359,20,,,0,70,,71360,20,,,0,30,,71361,20,,,0,70,,71362,20,,,0,30,,71363,20,,,0,70,,71364,20,,,0,30,,71365,20,,,0,70,,71366,20,,,0
10019,'1959',1016,,71367,20,,,0,30,,71368,20,,,0,70,,71369,20,,,0,30,,71370,20,,,0,71,,71371,20,,,0,30,,71372,20,,,0,70,,71373,20,,,0,30,,71374,20,,,0,70,,71375,20,,,0,30,,71376,20,,,0,70,,71377,20,,,0,30,,71378,20,,,0,70,,71379,20,,,0,100,,71380,20,,,0,30,,71381,20,,,0,69,,71382,20,,,0,100,,71383,20,,,0
