10029,'1909',937,,60789,4,,,0,1000,,60809,4,,,0,95,,60811,4,,,0,100,,60813,4,,,0,100,,60814,4,,,0
10029,'1910',1904,,66855,4,,,0,28,,60815,4,,,0,100,,66856,4,,,0,100,,60842,4,,,0
10029,'1912',802,,60857,4,,,0,30,,66871,4,,,0,70,,60859,4,,,0,30,,66872,4,,,0,70,,60861,4,,,0,30,,71396,4,,,0,70,,71397,4,,,0,30,,71398,4,,,0,70,,71399,4,,,0,32,,71400,4,,,0,70,,71387,4,,,0,30,,71390,4,,,0,70,,71384,4,,,0,30,,71389,4,,,0,70,,71388,4,,,0,30,,71391,4,,,0,70,,71385,4,,,0,30,,71392,4,,,0,70,,66860,4,,,0,30,,71393,4,,,0,70,,71386,4,,,0,28,,71394,4,,,0,70,,66858,4,,,0,30,,71395,4,,,0
10029,'1924',802,,60881,4,,,0,30,,66892,4,,,0,70,,60883,4,,,0,30,,66893,4,,,0,70,,60885,4,,,0,702,,66881,4,,,0,198,,66879,4,,,0
10029,'1925',802,,60905,4,,,0,30,,66913,4,,,0,70,,60907,4,,,0,30,,66914,4,,,0,70,,60909,4,,,0,30,,71413,4,,,0,70,,71414,4,,,0,30,,71415,4,,,0,70,,71416,4,,,0,32,,71417,4,,,0,70,,71404,4,,,0,30,,71407,4,,,0,70,,71401,4,,,0,30,,71406,4,,,0,70,,71405,4,,,0,30,,71408,4,,,0,70,,71402,4,,,0,30,,71409,4,,,0,70,,66902,4,,,0,30,,71410,4,,,0,70,,71403,4,,,0,28,,71411,4,,,0,70,,66900,4,,,0,30,,71412,4,,,0
10029,'1949',1407,,66940,4,,,0
10029,'1955',702,,60816,4,,,0,30,,66833,4,,,0,70,,66834,4,,,0,30,,66835,4,,,0,70,,60820,4,,,0,30,,66836,4,,,0,70,,66837,4,,,0,32,,66838,4,,,0,70,,66839,4,,,0,30,,66840,4,,,0,70,,66841,4,,,0,30,,66842,4,,,0,70,,66843,4,,,0,30,,66844,4,,,0,70,,66845,4,,,0,30,,66846,4,,,0,70,,66847,4,,,0,30,,66848,4,,,0,70,,66849,4,,,0,30,,66850,4,,,0,70,,66851,4,,,0,30,,66852,4,,,0,70,,66853,4,,,0,30,,66854,4,,,0
10029,'1956',1032,,66894,4,,,0,70,,66895,4,,,0,30,,66896,4,,,0,70,,66897,4,,,0,32,,66898,4,,,0,70,,66883,4,,,0,30,,66886,4,,,0,70,,66878,4,,,0,30,,66885,4,,,0,70,,66884,4,,,0,30,,66887,4,,,0,70,,66880,4,,,0,30,,66888,4,,,0,100,,66889,4,,,0,70,,66882,4,,,0,28,,66890,4,,,0,100,,66891,4,,,0
10029,'1957',602,,71418,4,,,0,30,,71419,4,,,0,76,,71420,4,,,0,30,,71421,4,,,0,70,,71422,4,,,0,30,,71423,4,,,0,69,,71424,4,,,0,100,,71425,4,,,0,30,,71426,4,,,0,70,,71427,4,,,0,30,,71428,4,,,0,70,,71429,4,,,0,30,,71430,4,,,0,70,,71431,4,,,0,30,,71432,4,,,0,100,,71433,4,,,0,75,,71434,4,,,0,30,,71435,4,,,0,70,,71436,4,,,0,30,,71437,4,,,0,70,,71438,4,,,0,30,,71439,4,,,0,65,,71440,4,,,0,30,,71441,4,,,0,70,,71442,4,,,0,100,,71443,4,,,0,95,,71444,4,,,0
10029,'1958',702,,71445,4,,,0,30,,71446,4,,,0,70,,71447,4,,,0,30,,71448,4,,,0,70,,71449,4,,,0,30,,71450,4,,,0,70,,71451,4,,,0,32,,71452,4,,,0,70,,71453,4,,,0,30,,71454,4,,,0,70,,71455,4,,,0,30,,71456,4,,,0,70,,71457,4,,,0,30,,71458,4,,,0,70,,71459,4,,,0,30,,71460,4,,,0,70,,71461,4,,,0,30,,71462,4,,,0,70,,71463,4,,,0,30,,71464,4,,,0,70,,71465,4,,,0,30,,71466,4,,,0,70,,71467,4,,,0,30,,71468,4,,,0
10029,'1959',1032,,71481,4,,,0,70,,71482,4,,,0,30,,71483,4,,,0,70,,71484,4,,,0,32,,71485,4,,,0,70,,71472,4,,,0,30,,71475,4,,,0,70,,71469,4,,,0,30,,71474,4,,,0,70,,71473,4,,,0,30,,71476,4,,,0,70,,71470,4,,,0,30,,71477,4,,,0,100,,71478,4,,,0,70,,71471,4,,,0,28,,71479,4,,,0,100,,71480,4,,,0
