15019,'1909',701,,61509,47,,,0,836,,61526,47,,,0,296,,61532,47,,,0
15019,'1910',935,,61542,47,,,0,302,,61545,47,,,0,204,,61547,47,,,0,100,,61548,47,,,0,100,,61549,47,,,0,100,,67300,47,,,0,97,,61551,47,,,0
15019,'1912',735,,61566,47,,,0,100,,61564,47,,,0,100,,61567,47,,,0,101,,61565,47,,,0,100,,61562,47,,,0,100,,61560,47,,,0,103,,61563,47,,,0,100,,61561,47,,,0,100,,61558,47,,,0,99,,61559,47,,,0,100,,61556,47,,,0,100,,61557,47,,,0,100,,61555,47,,,0,97,,71673,47,,,0
15019,'1924',735,,61580,47,,,0,100,,61578,47,,,0,100,,61581,47,,,0,101,,61579,47,,,0,100,,61576,47,,,0,100,,61574,47,,,0,103,,61577,47,,,0,100,,61575,47,,,0,100,,61572,47,,,0,99,,61573,47,,,0,100,,61570,47,,,0,100,,61571,47,,,0,100,,61569,47,,,0
15019,'1925',735,,61594,47,,,0,100,,61592,47,,,0,100,,61595,47,,,0,101,,61593,47,,,0,100,,61590,47,,,0,100,,61588,47,,,0,103,,61591,47,,,0,100,,61589,47,,,0,100,,61586,47,,,0,99,,61587,47,,,0,100,,61584,47,,,0,100,,61585,47,,,0,100,,61583,47,,,0,97,,71674,47,,,0
15019,'1949',608,,67336,13,0,5 2 6 7,0,198,,67326,47,,,0,1495,,67335,47,0,5 2 6 7,0
15019,'1955',610,,67303,13,0,5 2 6 7,0,125,,67295,47,,,0,100,,67296,47,,,0,202,,67297,47,,,0,100,,67298,47,,,0,204,,67299,47,,,0,597,,67301,47,,,0,97,,67302,47,,,0
15019,'1956',2035,,67305,47,,,0
15019,'1957',731,,71675,47,,,0,105,,71676,47,,,0,68,,71677,47,,,0,30,,71678,47,,,0,70,,71679,47,,,0,30,,71680,47,,,0,70,,71681,47,,,0,30,,71682,47,,,0,70,,71683,47,,,0,30,,71684,47,,,0,70,,71685,47,,,0,30,,71686,47,,,0,70,,71687,47,,,0,30,,71688,47,,,0,73,,71689,47,,,0,100,,71690,47,,,0,29,,71691,47,,,0,68,,71692,47,,,0,30,,71693,47,,,0,69,,71694,47,,,0,100,,71695,47,,,0,30,,71699,47,,,0,70,,71696,47,,,0,98,,71697,47,,,0,100,,71698,47,,,0
15019,'1958',610,,71707,13,0,5 2 6 7,0,125,,71700,47,,,0,100,,71701,47,,,0,202,,71702,47,,,0,100,,71703,47,,,0,204,,71704,47,,,0,597,,71705,47,,,0,97,,71706,47,,,0
15019,'1959',2035,,71708,47,,,0
