22019,'1909',606,,62171,13,0,19 2 32 26,0,999,,62170,15,,,0,126,,62161,15,,,0,69,,62162,15,,,0,59,,62164,15,,,0,168,,62167,15,,,0
22019,'1910',632,,62202,13,0,19 2 32 26,0,23,,62195,13,0,19 2 32 26,0,70,,62191,13,0,19 2 32 26,0,30,,62196,13,0,19 2 32 26,0,70,,62192,13,0,19 2 32 26,0,31,,62172,15,,,0,72,,62173,15,,,0,30,,62174,15,,,0,70,,62175,15,,,0,30,,62176,15,,,0,70,,62177,15,,,0,30,,62178,15,,,0,70,,62179,15,,,0,31,,62180,15,,,0,70,,62181,15,,,0,30,,62182,15,,,0,70,,62183,15,,,0,71,,62184,15,,,0,30,,62185,15,,,0,70,,62186,15,,,0,30,,62187,15,,,0,29,,62188,15,,,0,70,,62189,15,,,0,29,,62197,13,0,19 2 32 26,0,70,,62193,13,0,19 2 32 26,0,30,,62198,13,0,19 2 32 26,0,67,,62190,13,0,19 2 32 26,0,30,,62199,13,0,19 2 32 26,0,69,,62194,13,0,19 2 32 26,0,30,,62200,13,0,19 2 32 26,0,70,,62201,13,0,19 2 32 26,0
22019,'1912',700,,67626,13,0,19 2 32 26,0,59,,71967,13,0,19 2 32 26,0,100,,71964,15,,,0,94,,71965,15,,,0,100,,71959,15,,,0,100,,71963,15,,,0,100,,71960,15,,,0,100,,71961,15,,,0,100,,71958,15,,,0,100,,71962,15,,,0,99,,67620,15,,,0,101,,62212,13,0,19 2 32 26,0,99,,62213,13,0,19 2 32 26,0,100,,62214,13,0,19 2 32 26,0,107,,71966,13,0,19 2 32 26,0
22019,'1924',700,,67638,13,0,19 2 32 26,0,952,,67632,15,,,0,101,,62227,13,0,19 2 32 26,0,99,,62228,13,0,19 2 32 26,0,100,,62229,13,0,19 2 32 26,0
22019,'1925',700,,67650,13,0,19 2 32 26,0,59,,71977,13,0,19 2 32 26,0,100,,71974,15,,,0,94,,71975,15,,,0,100,,71969,15,,,0,100,,71973,15,,,0,100,,71970,15,,,0,100,,71971,15,,,0,100,,71968,15,,,0,100,,71972,15,,,0,99,,67644,15,,,0,101,,62242,13,0,19 2 32 26,0,99,,62243,13,0,19 2 32 26,0,100,,62244,13,0,19 2 32 26,0,107,,71976,13,0,19 2 32 26,0
22019,'1949',1536,,67668,15,,,0,99,,67669,15,,,0,68,,67670,15,,,0
22019,'1956',759,,67637,13,0,19 2 32 26,0,100,,67634,15,,,0,94,,67635,15,,,0,100,,67628,15,,,0,100,,67633,15,,,0,100,,67629,15,,,0,100,,67630,15,,,0,100,,67627,15,,,0,100,,67631,15,,,0,506,,67636,13,0,19 2 32 26,0
22019,'1957',658,,71978,13,0,19 2 32 26,0,70,,71979,13,0,19 2 32 26,0,75,,71980,15,,,0,30,,71981,15,,,0,72,,71982,15,,,0,29,,71983,15,,,0,70,,71984,15,,,0,30,,71985,15,,,0,70,,71986,15,,,0,30,,71987,15,,,0,70,,71988,15,,,0,30,,71989,15,,,0,70,,71990,15,,,0,30,,71991,15,,,0,70,,71992,15,,,0,30,,71993,15,,,0,73,,71994,15,,,0,322,,71995,15,,,0,100,,71996,15,,,0,29,,71997,15,,,0,99,,71998,15,,,0,68,,71999,13,0,19 2 32 26,0
22019,'1959',759,,72009,13,0,19 2 32 26,0,100,,72006,15,,,0,94,,72007,15,,,0,100,,72001,15,,,0,100,,72005,15,,,0,100,,72002,15,,,0,100,,72003,15,,,0,100,,72000,15,,,0,100,,72004,15,,,0,506,,72008,13,0,19 2 32 26,0
601019,'1909',641,,63982,3,,,0,65,,63994,3,,,0,715,,63956,3,,,0,30,,63993,3,,,0
601019,'1910',609,,64013,3,,,0
601019,'1924',609,,64051,3,,,0
602019,'1909',625,,64133,17,,,0,29,,64113,17,0,19 2 11 2 32 26,0,60,,64157,17,0,19 2 11 2 32 26,0,15,,64125,17,0,19 2 11 2 32 26,0,15,,64112,17,0,19 2 11 2 32 26,0,15,,64115,17,0,19 2 11 2 32 26,0,55,,64126,17,0,19 2 11 2 32 26,0,15,,64120,17,0,19 2 11 2 32 26,0,15,,64135,17,0,19 2 11 2 32 26,0,15,,64116,17,0,19 2 11 2 32 26,0,56,,64151,18,,,0,22,,64147,17,,,0,170,,64145,17,,,0,30,,64144,17,,,0,70,,64143,17,,,0,130,,64109,17,,,0,70,,64110,17,,,0,28,,64111,17,,,0,67,,64123,17,0,19 2 11 2 32 26,0,13,,64130,17,0,19 2 11 2 32 26,0,15,,64124,17,0,19 2 11 2 32 26,0,15,,64129,17,0,19 2 11 2 32 26,0,55,,64117,17,0,19 2 11 2 32 26,0,15,,64128,17,0,19 2 11 2 32 26,0,15,,64122,17,0,19 2 11 2 32 26,0,15,,64132,17,0,19 2 11 2 32 26,0,14,,64121,17,0,19 2 11 2 32 26,0,54,,64127,17,0,19 2 11 2 32 26,0,14,,64118,17,0,19 2 11 2 32 26,0,15,,64131,17,0,19 2 11 2 32 26,0,15,,64114,17,0,19 2 11 2 32 26,0,55,,64134,17,0,19 2 11 2 32 26,0,15,,64119,17,0,19 2 11 2 32 26,0,18,,64150,18,,,0,57,,64141,18,,,0,30,,64136,18,,,0,12,,64154,18,,,0,58,,64140,18,,,0,30,,64139,18,,,0,70,,64137,18,,,0,29,,64138,18,,,0,70,,64152,18,,,0,30,,64156,18,,,0,70,,64153,18,,,0,36,,64155,18,,,0
602019,'1910',639,,64192,17,,,0,67,,64190,18,,,0,30,,64191,18,,,0,70,,64181,18,,,0,30,,64182,18,,,0,72,,64180,18,,,0,31,,64179,18,,,0,70,,64178,18,,,0,30,,64177,18,,,0,70,,64188,18,,,0,30,,64187,18,,,0,70,,64186,18,,,0,30,,64185,18,,,0,70,,64184,18,,,0,30,,64183,18,,,0,70,,64175,18,,,0,30,,64176,18,,,0,70,,64189,18,,,0,30,,64174,18,,,0,70,,64173,18,,,0,30,,64172,18,,,0,70,,64171,18,,,0,30,,64170,18,,,0,70,,64168,18,,,0,30,,64169,18,,,0,70,,64167,18,,,0,30,,64160,18,,,0,69,,64161,18,,,0,29,,64159,18,,,0,70,,64162,18,,,0,30,,64165,18,,,0,70,,64166,18,,,0,30,,64164,18,,,0,70,,64163,18,,,0,28,,64158,18,,,0
602019,'1912',2236,,64193,18,,,0,70,,64194,18,,,0,30,,64195,18,,,0
602019,'1924',637,,64230,17,,,0,67,,64226,18,,,0,30,,64225,18,,,0,70,,64224,18,,,0,30,,64220,18,,,0,70,,64219,18,,,0,30,,64217,18,,,0,70,,64216,18,,,0,30,,64222,18,,,0,70,,64223,18,,,0,32,,64221,18,,,0,71,,64218,18,,,0,30,,64215,18,,,0,70,,64212,18,,,0,30,,64211,18,,,0,70,,64210,18,,,0,30,,64209,18,,,0,70,,64200,18,,,0,30,,64202,18,,,0,70,,64208,18,,,0,30,,64207,18,,,0,70,,64204,18,,,0,30,,64203,18,,,0,70,,64198,18,,,0,30,,64197,18,,,0,70,,64205,18,,,0,29,,64206,18,,,0,70,,64199,18,,,0,30,,64201,18,,,0,70,,64196,18,,,0,30,,64227,18,,,0,70,,64229,18,,,0,30,,64213,18,,,0,70,,64214,18,,,0,30,,64228,18,,,0
602019,'1925',2136,,64233,18,,,0,70,,64235,18,,,0,30,,64231,18,,,0,70,,64232,18,,,0,30,,64234,18,,,0
602019,'1957',1007,,72931,17,,,0,30,,72930,17,,,0,200,,72932,17,,,0,70,,72929,17,,,0
