10019,'1909',920,,60946,23,,,0,999,,60966,23,,,0,98,,60968,23,,,0,100,,60970,23,,,0,100,,60971,23,,,0
10019,'1910',1849,,66746,23,,,0,68,,60997,23,,,0,100,,66747,23,,,0,100,,60999,23,,,0
10019,'1912',747,,61000,23,,,0,70,,66748,23,,,0,30,,61002,23,,,0,70,,66749,23,,,0,30,,61004,23,,,0,70,,71282,23,,,0,30,,71283,23,,,0,70,,71284,23,,,0,30,,71285,23,,,0,72,,71286,23,,,0,30,,71287,23,,,0,70,,71288,23,,,0,30,,71289,23,,,0,70,,71290,23,,,0,30,,71291,23,,,0,70,,71292,23,,,0,30,,71293,23,,,0,70,,71294,23,,,0,30,,66763,23,,,0,70,,71295,23,,,0,30,,71296,23,,,0,68,,71297,23,,,0,30,,66767,23,,,0,70,,71298,23,,,0
10019,'1924',747,,61024,23,,,0,70,,66769,23,,,0,30,,61026,23,,,0,70,,66770,23,,,0,30,,61028,23,,,0,702,,66784,23,,,0,198,,66788,23,,,0
10019,'1925',747,,61048,23,,,0,70,,66790,23,,,0,30,,61050,23,,,0,70,,66791,23,,,0,30,,61052,23,,,0,70,,71299,23,,,0,30,,71300,23,,,0,70,,71301,23,,,0,30,,71302,23,,,0,72,,71303,23,,,0,30,,71304,23,,,0,70,,71305,23,,,0,30,,71306,23,,,0,70,,71307,23,,,0,30,,71308,23,,,0,70,,71309,23,,,0,30,,71310,23,,,0,70,,71311,23,,,0,30,,66805,23,,,0,70,,71312,23,,,0,30,,71313,23,,,0,68,,71314,23,,,0,30,,66809,23,,,0,70,,71315,23,,,0
10019,'1949',1350,,66831,23,,,0
10019,'1955',647,,60972,23,,,0,70,,66724,23,,,0,30,,66725,23,,,0,70,,66726,23,,,0,30,,60976,23,,,0,70,,66727,23,,,0,30,,66728,23,,,0,72,,66729,23,,,0,30,,66730,23,,,0,70,,66731,23,,,0,30,,66732,23,,,0,70,,66733,23,,,0,30,,66734,23,,,0,70,,66735,23,,,0,30,,66736,23,,,0,70,,66737,23,,,0,30,,66738,23,,,0,70,,66739,23,,,0,30,,66740,23,,,0,70,,66741,23,,,0,30,,66742,23,,,0,70,,66743,23,,,0,30,,66744,23,,,0,70,,66745,23,,,0
10019,'1956',1017,,66771,23,,,0,30,,66772,23,,,0,70,,66773,23,,,0,30,,66774,23,,,0,72,,66775,23,,,0,30,,66776,23,,,0,70,,66777,23,,,0,30,,66778,23,,,0,70,,66779,23,,,0,30,,66780,23,,,0,70,,66781,23,,,0,30,,66782,23,,,0,70,,66783,23,,,0,100,,66785,23,,,0,30,,66786,23,,,0,68,,66787,23,,,0,100,,66789,23,,,0
10019,'1957',548,,71316,23,,,0,70,,71317,23,,,0,30,,71318,23,,,0,71,,71319,23,,,0,30,,71320,23,,,0,70,,71321,23,,,0,30,,71322,23,,,0,101,,71323,23,,,0,70,,71324,23,,,0,30,,71325,23,,,0,70,,71326,23,,,0,30,,71327,23,,,0,70,,71328,23,,,0,30,,71329,23,,,0,70,,71330,23,,,0,100,,71331,23,,,0,33,,71332,23,,,0,70,,71333,23,,,0,30,,71334,23,,,0,70,,71335,23,,,0,30,,71336,23,,,0,70,,71337,23,,,0,26,,71338,23,,,0,70,,71339,23,,,0,30,,71340,23,,,0,100,,71341,23,,,0,98,,71342,23,,,0
10019,'1958',647,,71343,23,,,0,70,,71344,23,,,0,30,,71345,23,,,0,70,,71346,23,,,0,30,,71347,23,,,0,70,,71348,23,,,0,30,,71349,23,,,0,72,,71350,23,,,0,30,,71351,23,,,0,70,,71352,23,,,0,30,,71353,23,,,0,70,,71354,23,,,0,30,,71355,23,,,0,70,,71356,23,,,0,30,,71357,23,,,0,70,,71358,23,,,0,30,,71359,23,,,0,70,,71360,23,,,0,30,,71361,23,,,0,70,,71362,23,,,0,30,,71363,23,,,0,70,,71364,23,,,0,30,,71365,23,,,0,70,,71366,23,,,0
10019,'1959',1017,,71367,23,,,0,30,,71368,23,,,0,70,,71369,23,,,0,30,,71370,23,,,0,72,,71371,23,,,0,30,,71372,23,,,0,70,,71373,23,,,0,30,,71374,23,,,0,70,,71375,23,,,0,30,,71376,23,,,0,70,,71377,23,,,0,30,,71378,23,,,0,70,,71379,23,,,0,100,,71380,23,,,0,30,,71381,23,,,0,68,,71382,23,,,0,100,,71383,23,,,0
