609,'1909',1607,,60114,7,0,18 7,0,100,,60123,7,0,18 7,0,130,,60112,7,0,18 7,0,71,,60161,7,0,18 7,0
609,'1949',1637,,66534,7,0,18 7,0,100,,66515,7,0,18 7,0,70,,66526,7,0,18 7,0
609,'1955',636,,66352,7,0,18 7,0,70,,66334,7,0,18 7,0,30,,66365,7,0,18 7,0,70,,60178,7,0,18 7,0,30,,66351,7,0,18 7,0,70,,66333,7,0,18 7,0,30,,66364,7,0,18 7,0,70,,66332,7,0,18 7,0,30,,66350,7,0,18 7,0,70,,66331,7,0,18 7,0,30,,66363,7,0,18 7,0,70,,66330,7,0,18 7,0,30,,66349,7,0,18 7,0,70,,66328,7,0,18 7,0,30,,66348,7,0,18 7,0,70,,66324,7,0,18 7,0,30,,66375,7,0,18 7,0,70,,66347,7,0,18 7,0,30,,66326,7,0,18 7,0,70,,66359,7,0,18 7,0,30,,66325,7,0,18 7,0,70,,66360,7,0,18 7,0,30,,66327,7,0,18 7,0,70,,66361,7,0,18 7,0,30,,66329,7,0,18 7,0,70,,66362,7,0,18 7,0
609,'1957',637,,70993,7,0,18 7,0,70,,70979,7,0,18 7,0,30,,70984,7,0,18 7,0,70,,70999,7,0,18 7,0,30,,70972,7,0,18 7,0,70,,71001,7,0,18 7,0,30,,70974,7,0,18 7,0,70,,70975,7,0,18 7,0,30,,70994,7,0,18 7,0,70,,70995,7,0,18 7,0,30,,70992,7,0,18 7,0,70,,70986,7,0,18 7,0,30,,70990,7,0,18 7,0,70,,70982,7,0,18 7,0,30,,70987,7,0,18 7,0,70,,70981,7,0,18 7,0,30,,70976,7,0,18 7,0,70,,70973,7,0,18 7,0,30,,70983,7,0,18 7,0,469,,70985,7,0,18 7,0,100,,71020,7,0,18 7,0,100,,70978,7,0,18 7,0,100,,71023,7,0,18 7,0
609,'1958',636,,71054,7,0,18 7,0,70,,71036,7,0,18 7,0,30,,71068,7,0,18 7,0,70,,71035,7,0,18 7,0,30,,71053,7,0,18 7,0,70,,71034,7,0,18 7,0,30,,71067,7,0,18 7,0,70,,71033,7,0,18 7,0,30,,71052,7,0,18 7,0,70,,71032,7,0,18 7,0,30,,71066,7,0,18 7,0,70,,71031,7,0,18 7,0,30,,71051,7,0,18 7,0,70,,71029,7,0,18 7,0,30,,71050,7,0,18 7,0,70,,71025,7,0,18 7,0,30,,71079,7,0,18 7,0,70,,71049,7,0,18 7,0,30,,71027,7,0,18 7,0,70,,71062,7,0,18 7,0,30,,71026,7,0,18 7,0,70,,71063,7,0,18 7,0,30,,71028,7,0,18 7,0,70,,71064,7,0,18 7,0,30,,71030,7,0,18 7,0,70,,71065,7,0,18 7,0
501029,'1909',544,,63073,8,,,0,96,,63074,8,,,0,105,,63078,8,,,0,87,,63139,8,,,0,98,,63086,8,,,0,795,,63118,8,,,0,75,,63121,8,,,0,36,,63124,8,,,0,179,,63130,8,,,0,30,,63131,8,,,0,292,,63137,8,,,0
501029,'1910',914,,67993,8,,,0,1031,,63149,8,,,0,94,,63148,8,,,0,100,,63147,8,,,0,70,,67998,8,,,0,29,,63146,8,,,0,70,,67997,8,,,0,27,,63145,8,,,0
501029,'1912',639,,63220,8,,,0,70,,72281,8,,,0,30,,63219,8,,,0,70,,72280,8,,,0,30,,63218,8,,,0,70,,72283,8,,,0,30,,72279,8,,,0,75,,68056,8,,,0,15,,72293,8,,,0,15,,72274,8,,,0,15,,72297,8,,,0,56,,68049,8,,,0,15,,72299,8,,,0,15,,72275,8,,,0,55,,72286,8,,,0,15,,68050,8,,,0,15,,72289,8,,,0,15,,72269,8,,,0,55,,72292,8,,,0,15,,68055,8,,,0,15,,72295,8,,,0,15,,72270,8,,,0,55,,72300,8,,,0,15,,68054,8,,,0,15,,72285,8,,,0,15,,72272,8,,,0,55,,72288,8,,,0,15,,68052,8,,,0,15,,72291,8,,,0,15,,72268,8,,,0,55,,72296,8,,,0,15,,68051,8,,,0,15,,72298,8,,,0,15,,72273,8,,,0,55,,72284,8,,,0,15,,68053,8,,,0,15,,72287,8,,,0,15,,72271,8,,,0,55,,72290,8,,,0,15,,68063,8,,,0,30,,72278,8,,,0,71,,68066,8,,,0,15,,72294,8,,,0,10,,72277,8,,,0,69,,68062,8,,,0,29,,72276,8,,,0,70,,68064,8,,,0,30,,63214,8,,,0,70,,68065,8,,,0,30,,63213,8,,,0,70,,68061,8,,,0,26,,63212,8,,,0
501029,'1924',639,,63274,8,,,0,100,,63273,8,,,0,100,,63272,8,,,0,175,,68103,8,,,0,101,,68096,8,,,0,100,,68097,8,,,0,100,,68102,8,,,0,100,,68101,8,,,0,100,,68099,8,,,0,100,,68098,8,,,0,100,,68100,8,,,0,100,,68110,8,,,0,101,,68113,8,,,0,94,,68109,8,,,0,99,,68111,8,,,0,30,,63268,8,,,0,70,,68112,8,,,0,30,,63267,8,,,0,70,,68108,8,,,0,26,,63266,8,,,0
501029,'1925',639,,63328,8,,,0,70,,72314,8,,,0,30,,63327,8,,,0,70,,72313,8,,,0,30,,63326,8,,,0,70,,72316,8,,,0,30,,72312,8,,,0,75,,68150,8,,,0,15,,72326,8,,,0,15,,72307,8,,,0,15,,72330,8,,,0,56,,68143,8,,,0,15,,72332,8,,,0,15,,72308,8,,,0,55,,72319,8,,,0,15,,68144,8,,,0,15,,72322,8,,,0,15,,72302,8,,,0,55,,72325,8,,,0,15,,68149,8,,,0,15,,72328,8,,,0,15,,72303,8,,,0,55,,72333,8,,,0,15,,68148,8,,,0,15,,72318,8,,,0,15,,72305,8,,,0,55,,72321,8,,,0,15,,68146,8,,,0,15,,72324,8,,,0,15,,72301,8,,,0,55,,72329,8,,,0,15,,68145,8,,,0,15,,72331,8,,,0,15,,72306,8,,,0,55,,72317,8,,,0,15,,68147,8,,,0,15,,72320,8,,,0,15,,72304,8,,,0,55,,72323,8,,,0,15,,68157,8,,,0,30,,72311,8,,,0,71,,68160,8,,,0,15,,72327,8,,,0,10,,72310,8,,,0,69,,68156,8,,,0,29,,72309,8,,,0,70,,68158,8,,,0,30,,63322,8,,,0,70,,68159,8,,,0,30,,63321,8,,,0,70,,68155,8,,,0,26,,63320,8,,,0
501029,'1949',1015,,68221,8,,,0,116,,68222,8,,,0,115,,68223,8,,,0,155,,68225,8,,,0,115,,68226,8,,,0,6,,68246,8,,,0,118,,68231,8,,,0,61,,68232,8,,,0,111,,68235,8,,,0,36,,68237,8,,,0,67,,68239,8,,,0,225,,68242,8,,,0,100,,68244,8,,,0
501029,'1955',639,,67989,8,,,0,75,,67994,8,,,0,15,,68029,8,,,0,15,,67988,8,,,0,70,,67995,8,,,0,30,,67987,8,,,0,100,,67986,8,,,0,15,,67984,8,,,0,55,,67992,8,,,0,15,,67991,8,,,0,16,,68004,8,,,0,55,,68013,8,,,0,15,,68030,8,,,0,15,,68022,8,,,0,15,,68005,8,,,0,55,,68014,8,,,0,16,,68031,8,,,0,15,,68023,8,,,0,15,,68006,8,,,0,55,,68015,8,,,0,15,,68032,8,,,0,15,,68024,8,,,0,15,,68007,8,,,0,55,,68016,8,,,0,15,,68033,8,,,0,15,,68025,8,,,0,15,,68008,8,,,0,55,,68017,8,,,0,15,,68034,8,,,0,15,,68026,8,,,0,15,,68009,8,,,0,55,,68018,8,,,0,15,,68035,8,,,0,15,,68027,8,,,0,15,,68010,8,,,0,55,,68019,8,,,0,15,,68012,8,,,0,15,,68028,8,,,0,15,,68011,8,,,0,55,,68020,8,,,0,15,,68001,8,,,0,15,,68003,8,,,0,15,,67985,8,,,0,55,,68021,8,,,0,14,,68002,8,,,0,15,,68036,8,,,0,84,,67999,8,,,0,95,,68000,8,,,0
501029,'1956',709,,68105,8,,,0,100,,68104,8,,,0,100,,68107,8,,,0,30,,68095,8,,,0,90,,68123,8,,,0,15,,68090,8,,,0,15,,68127,8,,,0,71,,68129,8,,,0,15,,68091,8,,,0,55,,68116,8,,,0,30,,68119,8,,,0,15,,68085,8,,,0,55,,68122,8,,,0,30,,68125,8,,,0,15,,68086,8,,,0,55,,68130,8,,,0,30,,68115,8,,,0,15,,68088,8,,,0,55,,68118,8,,,0,30,,68121,8,,,0,15,,68084,8,,,0,55,,68126,8,,,0,30,,68128,8,,,0,15,,68089,8,,,0,55,,68114,8,,,0,30,,68117,8,,,0,15,,68087,8,,,0,55,,68120,8,,,0,45,,68094,8,,,0,86,,68124,8,,,0,10,,68093,8,,,0,98,,68092,8,,,0
501029,'1957',650,,72379,8,,,0,50,,72336,8,,,0,10,,72337,8,,,0,20,,72338,8,,,0,72,,72339,8,,,0,12,,72340,8,,,0,13,,72341,8,,,0,10,,72342,8,,,0,11,,72343,8,,,0,55,,72344,8,,,0,12,,72345,8,,,0,30,,72346,8,,,0,55,,72347,8,,,0,30,,72348,8,,,0,15,,72349,8,,,0,55,,72350,8,,,0,16,,72351,8,,,0,30,,72352,8,,,0,55,,72353,8,,,0,15,,72354,8,,,0,15,,72355,8,,,0,70,,72356,8,,,0,15,,72357,8,,,0,15,,72358,8,,,0,15,,72359,8,,,0,71,,72360,8,,,0,15,,72361,8,,,0,17,,72334,8,,,0,55,,72335,8,,,0,24,,72362,8,,,0,12,,72363,8,,,0,12,,72364,8,,,0,52,,72365,8,,,0,12,,72366,8,,,0,6,,72380,8,,,0,6,,72367,8,,,0,24,,72368,8,,,0,61,,72369,8,,,0,23,,72370,8,,,0,12,,72371,8,,,0,76,,72372,8,,,0,76,,72373,8,,,0,30,,72374,8,,,0,15,,72375,8,,,0,170,,72376,8,,,0,95,,72377,8,,,0,100,,72378,8,,,0
501029,'1958',639,,72388,8,,,0,75,,72392,8,,,0,15,,72425,8,,,0,15,,72387,8,,,0,70,,72393,8,,,0,30,,72386,8,,,0,100,,72385,8,,,0,15,,72383,8,,,0,55,,72391,8,,,0,15,,72390,8,,,0,16,,72400,8,,,0,55,,72409,8,,,0,15,,72426,8,,,0,15,,72418,8,,,0,15,,72401,8,,,0,55,,72410,8,,,0,16,,72427,8,,,0,15,,72419,8,,,0,15,,72402,8,,,0,55,,72411,8,,,0,15,,72428,8,,,0,15,,72420,8,,,0,15,,72403,8,,,0,55,,72412,8,,,0,15,,72429,8,,,0,15,,72421,8,,,0,15,,72404,8,,,0,55,,72413,8,,,0,15,,72430,8,,,0,15,,72422,8,,,0,15,,72405,8,,,0,55,,72414,8,,,0,15,,72431,8,,,0,15,,72423,8,,,0,15,,72406,8,,,0,55,,72415,8,,,0,15,,72408,8,,,0,15,,72424,8,,,0,15,,72407,8,,,0,55,,72416,8,,,0,15,,72397,8,,,0,15,,72399,8,,,0,15,,72384,8,,,0,55,,72417,8,,,0,14,,72398,8,,,0,15,,72432,8,,,0,84,,72395,8,,,0,95,,72396,8,,,0
501029,'1959',709,,72446,8,,,0,100,,72445,8,,,0,100,,72448,8,,,0,30,,72444,8,,,0,90,,72458,8,,,0,15,,72439,8,,,0,15,,72462,8,,,0,71,,72464,8,,,0,15,,72440,8,,,0,55,,72451,8,,,0,30,,72454,8,,,0,15,,72434,8,,,0,55,,72457,8,,,0,30,,72460,8,,,0,15,,72435,8,,,0,55,,72465,8,,,0,30,,72450,8,,,0,15,,72437,8,,,0,55,,72453,8,,,0,30,,72456,8,,,0,15,,72433,8,,,0,55,,72461,8,,,0,30,,72463,8,,,0,15,,72438,8,,,0,55,,72449,8,,,0,30,,72452,8,,,0,15,,72436,8,,,0,55,,72455,8,,,0,45,,72443,8,,,0,86,,72459,8,,,0,10,,72442,8,,,0,98,,72441,8,,,0
