10019,'1909',922,,60946,26,,,0,999,,60966,26,,,0,98,,60968,26,,,0,100,,60970,26,,,0,100,,60971,26,,,0
10019,'1910',1851,,66746,26,,,0,69,,60997,26,,,0,100,,66747,26,,,0,100,,60999,26,,,0
10019,'1912',750,,61000,26,,,0,70,,66748,26,,,0,30,,61002,26,,,0,70,,66749,26,,,0,30,,61004,26,,,0,70,,71282,26,,,0,30,,71283,26,,,0,70,,71284,26,,,0,30,,71285,26,,,0,71,,71286,26,,,0,30,,71287,26,,,0,70,,71288,26,,,0,30,,71289,26,,,0,70,,71290,26,,,0,30,,71291,26,,,0,70,,71292,26,,,0,30,,71293,26,,,0,70,,71294,26,,,0,30,,66763,26,,,0,70,,71295,26,,,0,30,,71296,26,,,0,69,,71297,26,,,0,30,,66767,26,,,0,70,,71298,26,,,0
10019,'1924',750,,61024,26,,,0,70,,66769,26,,,0,30,,61026,26,,,0,70,,66770,26,,,0,30,,61028,26,,,0,701,,66784,26,,,0,199,,66788,26,,,0
10019,'1925',750,,61048,26,,,0,70,,66790,26,,,0,30,,61050,26,,,0,70,,66791,26,,,0,30,,61052,26,,,0,70,,71299,26,,,0,30,,71300,26,,,0,70,,71301,26,,,0,30,,71302,26,,,0,71,,71303,26,,,0,30,,71304,26,,,0,70,,71305,26,,,0,30,,71306,26,,,0,70,,71307,26,,,0,30,,71308,26,,,0,70,,71309,26,,,0,30,,71310,26,,,0,70,,71311,26,,,0,30,,66805,26,,,0,70,,71312,26,,,0,30,,71313,26,,,0,69,,71314,26,,,0,30,,66809,26,,,0,70,,71315,26,,,0
10019,'1949',1352,,66831,26,,,0
10019,'1955',650,,60972,26,,,0,70,,66724,26,,,0,30,,66725,26,,,0,70,,66726,26,,,0,30,,60976,26,,,0,70,,66727,26,,,0,30,,66728,26,,,0,71,,66729,26,,,0,30,,66730,26,,,0,70,,66731,26,,,0,30,,66732,26,,,0,70,,66733,26,,,0,30,,66734,26,,,0,70,,66735,26,,,0,30,,66736,26,,,0,70,,66737,26,,,0,30,,66738,26,,,0,70,,66739,26,,,0,30,,66740,26,,,0,70,,66741,26,,,0,30,,66742,26,,,0,70,,66743,26,,,0,30,,66744,26,,,0,70,,66745,26,,,0
10019,'1956',1020,,66771,26,,,0,30,,66772,26,,,0,70,,66773,26,,,0,30,,66774,26,,,0,71,,66775,26,,,0,30,,66776,26,,,0,70,,66777,26,,,0,30,,66778,26,,,0,70,,66779,26,,,0,30,,66780,26,,,0,70,,66781,26,,,0,30,,66782,26,,,0,70,,66783,26,,,0,100,,66785,26,,,0,30,,66786,26,,,0,69,,66787,26,,,0,100,,66789,26,,,0
10019,'1957',550,,71316,26,,,0,70,,71317,26,,,0,30,,71318,26,,,0,71,,71319,26,,,0,30,,71320,26,,,0,70,,71321,26,,,0,30,,71322,26,,,0,101,,71323,26,,,0,70,,71324,26,,,0,30,,71325,26,,,0,70,,71326,26,,,0,30,,71327,26,,,0,70,,71328,26,,,0,30,,71329,26,,,0,70,,71330,26,,,0,100,,71331,26,,,0,34,,71332,26,,,0,70,,71333,26,,,0,30,,71334,26,,,0,70,,71335,26,,,0,30,,71336,26,,,0,70,,71337,26,,,0,25,,71338,26,,,0,70,,71339,26,,,0,30,,71340,26,,,0,100,,71341,26,,,0,98,,71342,26,,,0
10019,'1958',650,,71343,26,,,0,70,,71344,26,,,0,30,,71345,26,,,0,70,,71346,26,,,0,30,,71347,26,,,0,70,,71348,26,,,0,30,,71349,26,,,0,71,,71350,26,,,0,30,,71351,26,,,0,70,,71352,26,,,0,30,,71353,26,,,0,70,,71354,26,,,0,30,,71355,26,,,0,70,,71356,26,,,0,30,,71357,26,,,0,70,,71358,26,,,0,30,,71359,26,,,0,70,,71360,26,,,0,30,,71361,26,,,0,70,,71362,26,,,0,30,,71363,26,,,0,70,,71364,26,,,0,30,,71365,26,,,0,70,,71366,26,,,0
10019,'1959',1020,,71367,26,,,0,30,,71368,26,,,0,70,,71369,26,,,0,30,,71370,26,,,0,71,,71371,26,,,0,30,,71372,26,,,0,70,,71373,26,,,0,30,,71374,26,,,0,70,,71375,26,,,0,30,,71376,26,,,0,70,,71377,26,,,0,30,,71378,26,,,0,70,,71379,26,,,0,100,,71380,26,,,0,30,,71381,26,,,0,69,,71382,26,,,0,100,,71383,26,,,0
