1019,'1909',809,,59087,37,,,0,101,,59076,37,,,0,132,,59067,37,,,0,100,,59072,37,,,0,170,,59075,37,,,0,100,,59099,37,,,0,131,,59096,37,,,0,70,,59089,37,,,0,196,,59084,37,,,0,30,,59083,37,,,0,95,,59100,37,,,0,168,,59093,37,,,0,130,,59090,37,,,0,70,,59088,37,,,0
1019,'1912',630,,59139,37,,,0,100,,59140,37,,,0,101,,59141,37,,,0,100,,59142,37,,,0,100,,59143,37,,,0,102,,59144,37,,,0,100,,59145,37,,,0,100,,59146,37,,,0,100,,59147,37,,,0,100,,59148,37,,,0,100,,59149,37,,,0,100,,59150,37,,,0,100,,59151,37,,,0,98,,59152,37,,,0,100,,59153,37,,,0,100,,59154,37,,,0,102,,59155,37,,,0,95,,59156,37,,,0
1019,'1924',630,,59157,37,,,0,100,,59158,37,,,0,101,,59159,37,,,0,100,,59160,37,,,0,100,,59161,37,,,0,102,,59162,37,,,0,100,,59163,37,,,0,100,,59164,37,,,0,100,,59165,37,,,0,100,,59166,37,,,0,100,,59167,37,,,0,100,,59168,37,,,0,100,,59169,37,,,0,98,,59170,37,,,0,100,,59171,37,,,0,100,,59172,37,,,0,102,,59173,37,,,0,95,,59174,37,,,0
1019,'1925',630,,59175,37,,,0,100,,59176,37,,,0,101,,59177,37,,,0,100,,59178,37,,,0,100,,59179,37,,,0,102,,59180,37,,,0,100,,59181,37,,,0,100,,59182,37,,,0,100,,59183,37,,,0,100,,59184,37,,,0,100,,59185,37,,,0,100,,59186,37,,,0,100,,59187,37,,,0,98,,59188,37,,,0,100,,59189,37,,,0,100,,59190,37,,,0,102,,59191,37,,,0,95,,59192,37,,,0
1019,'1949',739,,65941,37,,,0,100,,65942,37,,,0,173,,65943,37,,,0,100,,65945,37,,,0,130,,65946,37,,,0,100,,65940,37,,,0,171,,65944,37,,,0
1019,'1955',601,,65933,37,,,0,30,,65923,37,,,0,70,,65909,37,,,0,30,,65927,37,,,0,70,,65918,37,,,0,30,,65903,37,,,0,70,,65924,37,,,0,30,,65925,37,,,0,70,,65908,37,,,0,32,,65928,37,,,0,70,,65917,37,,,0,30,,65902,37,,,0,70,,65912,37,,,0,30,,65922,37,,,0,70,,65907,37,,,0,30,,65929,37,,,0,70,,65916,37,,,0,30,,65901,37,,,0,70,,65911,37,,,0,30,,65921,37,,,0,70,,65906,37,,,0,30,,65930,37,,,0,70,,65915,37,,,0,30,,65900,37,,,0,70,,65910,37,,,0,30,,65920,37,,,0,70,,65904,37,,,0,28,,65931,37,,,0,70,,65913,37,,,0,30,,59103,37,,,0,70,,65905,37,,,0,30,,65919,37,,,0,74,,65914,37,,,0,30,,65932,37,,,0,70,,65926,37,,,0,25,,59129,37,,,0
1019,'1957',600,,70230,37,,,0,35,,70228,37,,,0,71,,70217,37,,,0,236,,70229,37,,,0,270,,70218,37,,,0,231,,70216,37,,,0,200,,70221,37,,,0,70,,70219,37,,,0,28,,70222,37,,,0,168,,70220,37,,,0,95,,70226,37,,,0,28,,70227,37,,,0,100,,70225,37,,,0,70,,70224,37,,,0,130,,70223,37,,,0
1019,'1958',601,,70266,37,,,0,30,,70255,37,,,0,70,,70241,37,,,0,30,,70260,37,,,0,70,,70250,37,,,0,30,,70235,37,,,0,70,,70256,37,,,0,30,,70258,37,,,0,70,,70240,37,,,0,32,,70261,37,,,0,70,,70249,37,,,0,30,,70234,37,,,0,70,,70244,37,,,0,30,,70254,37,,,0,70,,70239,37,,,0,30,,70262,37,,,0,70,,70248,37,,,0,30,,70233,37,,,0,70,,70243,37,,,0,30,,70253,37,,,0,70,,70238,37,,,0,30,,70263,37,,,0,70,,70247,37,,,0,30,,70232,37,,,0,70,,70242,37,,,0,30,,70252,37,,,0,70,,70236,37,,,0,28,,70264,37,,,0,70,,70245,37,,,0,30,,70231,37,,,0,70,,70237,37,,,0,30,,70251,37,,,0,74,,70246,37,,,0,30,,70265,37,,,0,70,,70259,37,,,0,25,,70257,37,,,0
1029,'1909',829,,59245,15,,,0,103,,59222,15,,,0,170,,59211,15,,,0,100,,59216,15,,,0,130,,59218,15,,,0,100,,59242,15,,,0,171,,59238,15,,,0,30,,59227,15,,,0,100,,59225,15,,,0,97,,59230,15,,,0,70,,59229,15,,,0,100,,59243,15,,,0,129,,59235,15,,,0,125,,59232,15,,,0
1029,'1912',601,,59281,15,,,0,58,,59282,15,,,0,100,,59283,15,,,0,100,,59284,15,,,0,141,,59285,15,,,0,100,,59286,15,,,0,100,,59287,15,,,0,100,,59288,15,,,0,100,,59289,15,,,0,100,,59290,15,,,0,100,,59291,15,,,0,100,,59292,15,,,0,100,,59293,15,,,0,100,,59294,15,,,0,100,,59295,15,,,0,100,,59296,15,,,0,100,,59297,15,,,0,59,,59298,15,,,0
1029,'1924',601,,59299,15,,,0,58,,59300,15,,,0,100,,59301,15,,,0,100,,59302,15,,,0,141,,59303,15,,,0,100,,59304,15,,,0,100,,59305,15,,,0,100,,59306,15,,,0,100,,59307,15,,,0,100,,59308,15,,,0,100,,59309,15,,,0,100,,59310,15,,,0,100,,59311,15,,,0,100,,59312,15,,,0,100,,59313,15,,,0,100,,59314,15,,,0,100,,59315,15,,,0,59,,59316,15,,,0
1029,'1925',601,,59317,15,,,0,58,,59318,15,,,0,100,,59319,15,,,0,100,,59320,15,,,0,141,,59321,15,,,0,100,,59322,15,,,0,100,,59323,15,,,0,100,,59324,15,,,0,100,,59325,15,,,0,100,,59326,15,,,0,100,,59327,15,,,0,100,,59328,15,,,0,100,,59329,15,,,0,100,,59330,15,,,0,100,,59331,15,,,0,100,,59332,15,,,0,100,,59333,15,,,0,59,,59334,15,,,0
1029,'1949',634,,65993,15,,,0,125,,65987,15,,,0,143,,65990,15,,,0,130,,65991,15,,,0,100,,65996,15,,,0,170,,65995,15,,,0,100,,65988,15,,,0,101,,65989,15,,,0,30,,65994,15,,,0
1029,'1955',601,,65951,15,,,0,28,,65963,15,,,0,30,,65970,15,,,0,70,,65958,15,,,0,30,,65979,15,,,0,70,,65967,15,,,0,30,,65950,15,,,0,69,,65962,15,,,0,30,,65973,15,,,0,70,,65957,15,,,0,30,,65980,15,,,0,70,,65966,15,,,0,30,,65949,15,,,0,70,,65961,15,,,0,30,,65972,15,,,0,70,,65956,15,,,0,30,,65952,15,,,0,70,,65965,15,,,0,30,,65948,15,,,0,70,,65960,15,,,0,30,,65968,15,,,0,70,,65955,15,,,0,30,,65977,15,,,0,70,,65964,15,,,0,30,,65947,15,,,0,71,,65959,15,,,0,30,,65971,15,,,0,70,,65953,15,,,0,30,,65975,15,,,0,70,,65974,15,,,0,30,,59246,15,,,0,70,,65954,15,,,0,30,,65969,15,,,0,70,,65978,15,,,0,30,,65976,15,,,0
1029,'1957',559,,70268,15,,,0,100,,70278,15,,,0,70,,70267,15,,,0,273,,70277,15,,,0,230,,70269,15,,,0,471,,70270,15,,,0,97,,70272,15,,,0,130,,70271,15,,,0,99,,70276,15,,,0,30,,70275,15,,,0,100,,70274,15,,,0,70,,70273,15,,,0
1029,'1958',601,,70284,15,,,0,28,,70296,15,,,0,30,,70303,15,,,0,70,,70291,15,,,0,30,,70312,15,,,0,70,,70300,15,,,0,30,,70283,15,,,0,69,,70295,15,,,0,30,,70306,15,,,0,70,,70290,15,,,0,30,,70313,15,,,0,70,,70299,15,,,0,30,,70282,15,,,0,70,,70294,15,,,0,30,,70305,15,,,0,70,,70289,15,,,0,30,,70285,15,,,0,70,,70298,15,,,0,30,,70281,15,,,0,70,,70293,15,,,0,30,,70301,15,,,0,70,,70288,15,,,0,30,,70310,15,,,0,70,,70297,15,,,0,30,,70280,15,,,0,71,,70292,15,,,0,30,,70304,15,,,0,70,,70286,15,,,0,30,,70308,15,,,0,70,,70307,15,,,0,30,,70279,15,,,0,70,,70287,15,,,0,30,,70302,15,,,0,70,,70311,15,,,0,30,,70309,15,,,0
7029,'1909',517,,60618,17,,,0,35,,60617,17,4,,0,65,,60588,17,,,0,1304,,60608,17,,,0,100,,60610,17,,,0,199,,60612,17,,,0
7029,'1910',820,,60635,17,,,0,230,,66633,17,,,0,70,,60638,17,,,0,200,,60640,17,,,0,30,,66636,17,,,0,70,,60641,17,,,0,100,,60642,17,,,0,100,,66647,17,,,0,100,,60644,17,,,0,230,,66642,17,,,0,70,,60647,17,,,0,100,,60648,17,,,0,200,,60650,17,,,0
7029,'1912',719,,60657,17,,,0,100,,60658,17,,,0,100,,60659,17,,,0,100,,60660,17,,,0,100,,60661,17,,,0,100,,60662,17,,,0,100,,60663,17,,,0,101,,60664,17,,,0,100,,60665,17,,,0,99,,60666,17,,,0,100,,60667,17,,,0,100,,60668,17,,,0,100,,60669,17,,,0,101,,60670,17,,,0,26,,71204,17,4,,0,74,,60656,17,,,0
7029,'1924',719,,60691,17,,,0,100,,60692,17,,,0,100,,60693,17,,,0,100,,60694,17,,,0,100,,60695,17,,,0,100,,60696,17,,,0,100,,60697,17,,,0,101,,60698,17,,,0,100,,60699,17,,,0,99,,60700,17,,,0,100,,60701,17,,,0,100,,60702,17,,,0,100,,60703,17,,,0,101,,60704,17,,,0,100,,60690,17,,,0
7029,'1925',719,,60725,17,,,0,100,,60726,17,,,0,100,,60727,17,,,0,100,,60728,17,,,0,100,,60729,17,,,0,100,,60730,17,,,0,100,,60731,17,,,0,101,,60732,17,,,0,100,,60733,17,,,0,99,,60734,17,,,0,100,,60735,17,,,0,100,,60736,17,,,0,100,,60737,17,,,0,101,,60738,17,,,0,26,,71214,17,4,,0,74,,60724,17,,,0
7029,'1949',1851,,66719,17,,,0
7029,'1955',621,,66651,6,,,0,29,,66629,17,,,0,70,,66643,17,,,0,30,,66630,17,,,0,100,,66631,17,,,0,70,,66644,17,,,0,30,,66632,17,,,0,70,,66645,17,,,0,130,,66634,17,,,0,70,,66646,17,,,0,30,,66635,17,,,0,200,,66637,17,,,0,100,,66638,17,,,0,100,,66639,17,,,0,100,,66640,17,,,0,70,,66648,17,,,0,30,,66641,17,,,0,70,,66649,17,,,0,300,,66650,17,,,0
7029,'1956',2046,,66674,17,4,,0
7029,'1957',649,,71227,17,,,0,72,,71228,17,,,0,30,,71229,17,,,0,70,,71230,17,,,0,30,,71231,17,,,0,70,,71232,17,,,0,30,,71233,17,,,0,70,,71234,17,,,0,30,,71235,17,,,0,70,,71236,17,,,0,30,,71237,17,,,0,70,,71223,17,,,0,30,,71224,17,,,0,70,,71225,17,,,0,31,,71222,17,,,0,70,,71221,17,,,0,31,,71226,17,,,0,69,,71238,17,,,0,30,,71239,17,,,0,70,,71240,17,,,0,29,,71241,17,,,0,70,,71242,17,,,0,30,,71243,17,,,0,70,,71244,17,,,0,130,,71245,17,,,0,170,,71246,17,,,0,199,,71250,17,,,0
7029,'1958',621,,71269,6,,,0,29,,71251,17,,,0,70,,71262,17,,,0,30,,71252,17,,,0,100,,71253,17,,,0,70,,71263,17,,,0,30,,71254,17,,,0,70,,71264,17,,,0,130,,71255,17,,,0,70,,71265,17,,,0,30,,71256,17,,,0,200,,71257,17,,,0,100,,71258,17,,,0,100,,71259,17,,,0,100,,71260,17,,,0,70,,71266,17,,,0,30,,71261,17,,,0,70,,71267,17,,,0,300,,71268,17,,,0
7029,'1959',2046,,71275,17,4,,0
16019,'1909',1547,,61737,24,4,,0,168,,61740,24,4,,0,30,,61741,24,4,,0,99,,61743,24,4,,0,169,,61746,24,4,,0
16019,'1910',641,,61772,24,4,,0,70,,61768,24,4,,0,30,,61776,24,4,,0,70,,61760,24,4,,0,30,,61774,24,4,,0,72,,61755,24,4,,0,30,,61753,24,4,,0,70,,61750,24,4,,0,30,,61761,24,4,,0,70,,61771,24,4,,0,30,,61765,24,4,,0,70,,61773,24,4,,0,31,,61757,24,4,,0,70,,61775,24,4,,0,30,,61752,24,4,,0,70,,61763,24,4,,0,31,,61762,24,4,,0,70,,61766,24,4,,0,30,,61767,24,4,,0,70,,61751,24,4,,0,29,,61759,24,4,,0,70,,61769,24,4,,0,29,,61754,24,4,,0,70,,61758,24,4,,0,30,,61764,24,4,,0,69,,61778,24,4,,0,30,,61770,24,4,,0,69,,61777,24,4,,0,30,,61756,24,4,,0,70,,61780,24,4,,0
16019,'1949',1518,,67430,24,4,,0,99,,67431,24,4,,0,30,,67432,24,4,,0
16019,'1957',644,,71765,24,4,,0,70,,71766,24,4,,0,32,,71767,24,4,,0,70,,71768,24,4,,0,32,,71769,24,4,,0,70,,71770,24,4,,0,30,,71771,24,4,,0,70,,71772,24,4,,0,30,,71773,24,4,,0,70,,71774,24,4,,0,30,,71775,24,4,,0,70,,71776,24,4,,0,30,,71777,24,4,,0,70,,71778,24,4,,0,30,,71779,24,4,,0,70,,71780,24,4,,0,31,,71781,24,4,,0,365,,71782,24,4,,0,100,,71783,24,4,,0,30,,71784,24,4,,0,99,,71785,24,4,,0,70,,71786,24,4,,0
22019,'1909',552,,62171,1,0,19 2 32 26,0,995,,62170,1,,,0,168,,62161,1,,,0,30,,62162,1,,,0,99,,62164,1,,,0,169,,62167,1,,,0
22019,'1910',618,,62202,1,0,19 2 32 26,0,23,,62195,1,0,19 2 32 26,0,70,,62191,1,0,19 2 32 26,0,30,,62196,1,0,19 2 32 26,0,70,,62192,1,0,19 2 32 26,0,30,,62172,1,,,0,72,,62173,1,,,0,30,,62174,1,,,0,70,,62175,1,,,0,30,,62176,1,,,0,70,,62177,1,,,0,30,,62178,1,,,0,70,,62179,1,,,0,31,,62180,1,,,0,70,,62181,1,,,0,30,,62182,1,,,0,70,,62183,1,,,0,31,,62184,1,,,0,70,,62185,1,,,0,30,,62186,1,,,0,70,,62187,1,,,0,29,,62188,1,,,0,70,,62189,1,,,0,29,,62197,1,0,19 2 32 26,0,70,,62193,1,0,19 2 32 26,0,30,,62198,1,0,19 2 32 26,0,69,,62190,1,0,19 2 32 26,0,30,,62199,1,0,19 2 32 26,0,69,,62194,1,0,19 2 32 26,0,30,,62200,1,0,19 2 32 26,0,70,,62201,1,0,19 2 32 26,0
22019,'1912',646,,67626,1,0,19 2 32 26,0,100,,71967,1,0,19 2 32 26,0,100,,71964,1,,,0,92,,71965,1,,,0,100,,71959,1,,,0,100,,71963,1,,,0,100,,71960,1,,,0,100,,71961,1,,,0,100,,71958,1,,,0,100,,71962,1,,,0,100,,67620,1,,,0,100,,62212,1,0,19 2 32 26,0,100,,62213,1,0,19 2 32 26,0,100,,62214,1,0,19 2 32 26,0,108,,71966,1,0,19 2 32 26,0
22019,'1924',646,,67638,1,0,19 2 32 26,0,992,,67632,1,,,0,100,,62227,1,0,19 2 32 26,0,100,,62228,1,0,19 2 32 26,0,100,,62229,1,0,19 2 32 26,0
22019,'1925',646,,67650,1,0,19 2 32 26,0,100,,71977,1,0,19 2 32 26,0,100,,71974,1,,,0,92,,71975,1,,,0,100,,71969,1,,,0,100,,71973,1,,,0,100,,71970,1,,,0,100,,71971,1,,,0,100,,71968,1,,,0,100,,71972,1,,,0,100,,67644,1,,,0,100,,62242,1,0,19 2 32 26,0,100,,62243,1,0,19 2 32 26,0,100,,62244,1,0,19 2 32 26,0,108,,71976,1,0,19 2 32 26,0
22019,'1949',1518,,67668,1,,,0,99,,67669,1,,,0,30,,67670,1,,,0
22019,'1956',746,,67637,1,0,19 2 32 26,0,100,,67634,1,,,0,92,,67635,1,,,0,100,,67628,1,,,0,100,,67633,1,,,0,100,,67629,1,,,0,100,,67630,1,,,0,100,,67627,1,,,0,100,,67631,1,,,0,508,,67636,1,0,19 2 32 26,0
22019,'1957',644,,71978,1,0,19 2 32 26,0,70,,71979,1,0,19 2 32 26,0,32,,71980,1,,,0,70,,71981,1,,,0,32,,71982,1,,,0,70,,71983,1,,,0,30,,71984,1,,,0,70,,71985,1,,,0,30,,71986,1,,,0,70,,71987,1,,,0,30,,71988,1,,,0,70,,71989,1,,,0,30,,71990,1,,,0,70,,71991,1,,,0,30,,71992,1,,,0,70,,71993,1,,,0,31,,71994,1,,,0,365,,71995,1,,,0,100,,71996,1,,,0,30,,71997,1,,,0,99,,71998,1,,,0,70,,71999,1,0,19 2 32 26,0
22019,'1959',746,,72009,1,0,19 2 32 26,0,100,,72006,1,,,0,92,,72007,1,,,0,100,,72001,1,,,0,100,,72005,1,,,0,100,,72002,1,,,0,100,,72003,1,,,0,100,,72000,1,,,0,100,,72004,1,,,0,508,,72008,1,0,19 2 32 26,0
