15019,'1909',654,,61509,36,,,0,875,,61526,36,,,0,297,,61532,36,,,0
15019,'1910',928,,61542,36,,,0,302,,61545,36,,,0,203,,61547,36,,,0,100,,61548,36,,,0,100,,61549,36,,,0,100,,67300,36,,,0,98,,61551,36,,,0
15019,'1912',728,,61566,36,,,0,100,,61564,36,,,0,100,,61567,36,,,0,101,,61565,36,,,0,100,,61562,36,,,0,100,,61560,36,,,0,102,,61563,36,,,0,100,,61561,36,,,0,100,,61558,36,,,0,100,,61559,36,,,0,100,,61556,36,,,0,100,,61557,36,,,0,100,,61555,36,,,0,97,,71673,36,,,0
15019,'1924',728,,61580,36,,,0,100,,61578,36,,,0,100,,61581,36,,,0,101,,61579,36,,,0,100,,61576,36,,,0,100,,61574,36,,,0,102,,61577,36,,,0,100,,61575,36,,,0,100,,61572,36,,,0,100,,61573,36,,,0,100,,61570,36,,,0,100,,61571,36,,,0,100,,61569,36,,,0
15019,'1925',728,,61594,36,,,0,100,,61592,36,,,0,100,,61595,36,,,0,101,,61593,36,,,0,100,,61590,36,,,0,100,,61588,36,,,0,102,,61591,36,,,0,100,,61589,36,,,0,100,,61586,36,,,0,100,,61587,36,,,0,100,,61584,36,,,0,100,,61585,36,,,0,100,,61583,36,,,0,97,,71674,36,,,0
15019,'1949',601,,67336,2,0,5 2 6 7,0,157,,67326,36,,,0,1496,,67335,36,0,5 2 6 7,0
15019,'1955',603,,67303,2,0,5 2 6 7,0,125,,67295,36,,,0,100,,67296,36,,,0,202,,67297,36,,,0,100,,67298,36,,,0,203,,67299,36,,,0,598,,67301,36,,,0,97,,67302,36,,,0
15019,'1956',2028,,67305,36,,,0
15019,'1957',724,,71675,36,,,0,104,,71676,36,,,0,28,,71677,36,,,0,70,,71678,36,,,0,30,,71679,36,,,0,70,,71680,36,,,0,30,,71681,36,,,0,70,,71682,36,,,0,30,,71683,36,,,0,70,,71684,36,,,0,30,,71685,36,,,0,70,,71686,36,,,0,30,,71687,36,,,0,70,,71688,36,,,0,33,,71689,36,,,0,100,,71690,36,,,0,70,,71691,36,,,0,28,,71692,36,,,0,70,,71693,36,,,0,29,,71694,36,,,0,100,,71695,36,,,0,70,,71699,36,,,0,30,,71696,36,,,0,98,,71697,36,,,0,100,,71698,36,,,0
15019,'1958',603,,71707,2,0,5 2 6 7,0,125,,71700,36,,,0,100,,71701,36,,,0,202,,71702,36,,,0,100,,71703,36,,,0,203,,71704,36,,,0,598,,71705,36,,,0,97,,71706,36,,,0
15019,'1959',2028,,71708,36,,,0
