4019,'1910',945,,66037,1,,,0
4019,'1912',745,,70650,1,,,0,70,,59832,1,,,0,30,,70649,1,,,0,70,,70651,1,,,0,30,,59830,1,,,0,70,,66070,1,,,0,30,,70638,1,,,0,70,,70642,1,,,0,30,,70645,1,,,0,70,,70631,1,,,0,30,,70634,1,,,0,70,,70637,1,,,0,30,,70641,1,,,0,70,,70643,1,,,0,30,,70630,1,,,0,70,,70633,1,,,0,30,,70636,1,,,0,70,,70640,1,,,0,30,,70644,1,,,0,70,,70629,1,,,0,30,,70632,1,,,0,70,,70635,1,,,0,30,,70639,1,,,0,70,,70648,1,,,0,30,,70652,1,,,0,70,,70646,1,,,0,30,,70653,1,,,0,70,,70647,1,,,0
4019,'1924',815,,59860,1,,,0,130,,59858,1,,,0,70,,66096,1,,,0
4019,'1925',745,,70675,1,,,0,70,,59888,1,,,0,30,,70674,1,,,0,70,,70676,1,,,0,30,,59886,1,,,0,70,,66122,1,,,0,30,,70663,1,,,0,70,,70667,1,,,0,30,,70670,1,,,0,70,,70656,1,,,0,30,,70659,1,,,0,70,,70662,1,,,0,30,,70666,1,,,0,70,,70668,1,,,0,30,,70655,1,,,0,70,,70658,1,,,0,30,,70661,1,,,0,70,,70665,1,,,0,30,,70669,1,,,0,70,,70654,1,,,0,30,,70657,1,,,0,70,,70660,1,,,0,30,,70664,1,,,0,70,,70673,1,,,0,30,,70677,1,,,0,70,,70671,1,,,0,30,,70678,1,,,0,70,,70672,1,,,0
4019,'1949',2145,,66173,1,,,0
4019,'1955',645,,66063,1,,,0,70,,66039,1,,,0,30,,66033,1,,,0,70,,66043,1,,,0,30,,66054,1,,,0,70,,66049,1,,,0,100,,66059,1,,,0,30,,66036,1,,,0,70,,66056,1,,,0,30,,66051,1,,,0,70,,66044,1,,,0,30,,66057,1,,,0,70,,66060,1,,,0,30,,66035,1,,,0,70,,66046,1,,,0,30,,66034,1,,,0,70,,66040,1,,,0,30,,66058,1,,,0,70,,66055,1,,,0,30,,66052,1,,,0,70,,66041,1,,,0,30,,66061,1,,,0,70,,66062,1,,,0,30,,66032,1,,,0,70,,66047,1,,,0,30,,66045,1,,,0,70,,66053,1,,,0,30,,66038,1,,,0,70,,66048,1,,,0,30,,66042,1,,,0,70,,66050,1,,,0
4019,'1956',745,,66112,1,,,0,100,,66111,1,,,0,70,,66113,1,,,0,130,,66100,1,,,0,70,,66104,1,,,0,30,,66107,1,,,0,70,,66092,1,,,0,30,,66095,1,,,0,70,,66099,1,,,0,30,,66103,1,,,0,70,,66105,1,,,0,30,,66091,1,,,0,70,,66094,1,,,0,30,,66098,1,,,0,70,,66102,1,,,0,30,,66106,1,,,0,70,,66090,1,,,0,30,,66093,1,,,0,70,,66097,1,,,0,30,,66101,1,,,0,70,,66110,1,,,0,30,,66114,1,,,0,70,,66108,1,,,0,30,,66115,1,,,0,70,,66109,1,,,0
4019,'1957',615,,70684,1,,,0,30,,70710,1,,,0,70,,70685,1,,,0,27,,70686,1,,,0,76,,70687,1,,,0,24,,70688,1,,,0,76,,70689,1,,,0,27,,70690,1,,,0,70,,70691,1,,,0,30,,70692,1,,,0,70,,70693,1,,,0,30,,70694,1,,,0,70,,70695,1,,,0,30,,70696,1,,,0,70,,70697,1,,,0,30,,70698,1,,,0,70,,70699,1,,,0,32,,70700,1,,,0,70,,70701,1,,,0,31,,70702,1,,,0,64,,70703,1,,,0,36,,70704,1,,,0,64,,70705,1,,,0,36,,70706,1,,,0,62,,70707,1,,,0,35,,70708,1,,,0,70,,70709,1,,,0,30,,70679,1,,,0,70,,70680,1,,,0,30,,70681,1,,,0,70,,70682,1,,,0,100,,70683,1,,,0
4019,'1958',645,,70741,1,,,0,70,,70717,1,,,0,30,,70712,1,,,0,70,,70721,1,,,0,30,,70732,1,,,0,70,,70727,1,,,0,100,,70737,1,,,0,30,,70715,1,,,0,70,,70734,1,,,0,30,,70729,1,,,0,70,,70722,1,,,0,30,,70735,1,,,0,70,,70738,1,,,0,30,,70714,1,,,0,70,,70724,1,,,0,30,,70713,1,,,0,70,,70718,1,,,0,30,,70736,1,,,0,70,,70733,1,,,0,30,,70730,1,,,0,70,,70719,1,,,0,30,,70739,1,,,0,70,,70740,1,,,0,30,,70711,1,,,0,70,,70725,1,,,0,30,,70723,1,,,0,70,,70731,1,,,0,30,,70716,1,,,0,70,,70726,1,,,0,30,,70720,1,,,0,70,,70728,1,,,0
4019,'1959',745,,70763,1,,,0,100,,70762,1,,,0,70,,70764,1,,,0,130,,70751,1,,,0,70,,70755,1,,,0,30,,70758,1,,,0,70,,70744,1,,,0,30,,70747,1,,,0,70,,70750,1,,,0,30,,70754,1,,,0,70,,70756,1,,,0,30,,70743,1,,,0,70,,70746,1,,,0,30,,70749,1,,,0,70,,70753,1,,,0,30,,70757,1,,,0,70,,70742,1,,,0,30,,70745,1,,,0,70,,70748,1,,,0,30,,70752,1,,,0,70,,70761,1,,,0,30,,70765,1,,,0,70,,70759,1,,,0,30,,70766,1,,,0,70,,70760,1,,,0
4029,'1912',740,,70787,18,4,,0,70,,60008,18,4,,0,30,,70786,18,4,,0,71,,70788,18,4,,0,32,,60005,18,4,,0,869,,66240,18,4,,0,30,,70791,18,4,,0,71,,70792,18,4,,0,30,,70790,18,4,,0,70,,70785,18,4,,0,30,,70789,18,4,,0,70,,70783,18,4,,0,100,,70784,18,4,,0
4029,'1924',810,,60037,18,4,,0,133,,60034,18,4,,0,869,,66267,18,4,,0
4029,'1925',740,,70813,18,4,,0,70,,60066,18,4,,0,30,,70812,18,4,,0,71,,70814,18,4,,0,32,,60063,18,4,,0,869,,66294,18,4,,0,30,,70817,18,4,,0,71,,70818,18,4,,0,30,,70816,18,4,,0,70,,70811,18,4,,0,30,,70815,18,4,,0,70,,70809,18,4,,0,100,,70810,18,4,,0
4029,'1949',2144,,66322,18,4,,0
4029,'1955',1944,,66190,18,4,,0,70,,66185,18,4,,0,29,,66191,18,4,,0,70,,66196,18,4,,0,30,,66206,18,4,,0,70,,66194,18,4,,0
4029,'1956',740,,66262,18,4,,0,100,,66261,18,4,,0,71,,66263,18,4,,0,931,,66266,18,4,,0,71,,66268,18,4,,0,30,,66265,18,4,,0,70,,66260,18,4,,0,30,,66264,18,4,,0,70,,66258,18,4,,0,100,,66259,18,4,,0
4029,'1957',1945,,70838,18,4,,0,70,,70839,18,4,,0,29,,70840,18,4,,0,70,,70841,18,4,,0,100,,70842,18,4,,0
4029,'1958',1944,,70849,18,4,,0,70,,70844,18,4,,0,29,,70850,18,4,,0,70,,70855,18,4,,0,30,,70865,18,4,,0,70,,70853,18,4,,0
4029,'1959',740,,70894,18,4,,0,100,,70893,18,4,,0,71,,70895,18,4,,0,931,,70898,18,4,,0,71,,70899,18,4,,0,30,,70897,18,4,,0,70,,70892,18,4,,0,30,,70896,18,4,,0,70,,70890,18,4,,0,100,,70891,18,4,,0
502019,'1912',630,,72480,1,,,0,70,,72466,1,,,0,30,,72483,1,,,0,70,,72497,1,,,0,30,,72477,1,,,0,70,,72496,1,,,0,30,,72479,1,,,0,70,,72495,1,,,0,30,,72474,1,,,0,70,,72494,1,,,0,30,,72469,1,,,0,70,,72493,1,,,0,30,,72472,1,,,0,70,,72491,1,,,0,30,,72470,1,,,0,70,,72492,1,,,0,30,,72473,1,,,0,70,,72490,1,,,0,30,,72467,1,,,0,70,,72489,1,,,0,30,,72471,1,,,0,70,,72488,1,,,0,30,,72468,1,,,0,70,,72487,1,,,0,30,,72481,1,,,0,70,,72486,1,,,0,30,,72482,1,,,0,70,,72485,1,,,0,30,,72475,1,,,0,70,,72498,1,,,0,30,,72484,1,,,0,70,,72499,1,,,0,30,,72478,1,,,0,70,,72500,1,,,0,30,,72476,1,,,0
502019,'1925',630,,72515,1,,,0,70,,72501,1,,,0,30,,72518,1,,,0,70,,72532,1,,,0,30,,72512,1,,,0,70,,72531,1,,,0,30,,72514,1,,,0,70,,72530,1,,,0,30,,72509,1,,,0,70,,72529,1,,,0,30,,72504,1,,,0,70,,72528,1,,,0,30,,72507,1,,,0,70,,72526,1,,,0,30,,72505,1,,,0,70,,72527,1,,,0,30,,72508,1,,,0,70,,72525,1,,,0,30,,72502,1,,,0,70,,72524,1,,,0,30,,72506,1,,,0,70,,72523,1,,,0,30,,72503,1,,,0,70,,72522,1,,,0,30,,72516,1,,,0,70,,72521,1,,,0,30,,72517,1,,,0,70,,72520,1,,,0,30,,72510,1,,,0,70,,72533,1,,,0,30,,72519,1,,,0,70,,72534,1,,,0,30,,72513,1,,,0,70,,72535,1,,,0,30,,72511,1,,,0
502019,'1955',630,,68255,1,,,0,70,,68262,1,,,0,30,,68254,1,,,0,70,,68263,1,,,0,30,,68253,1,,,0,70,,68264,1,,,0,30,,68252,1,,,0,70,,68265,1,,,0,30,,68273,1,,,0,70,,68266,1,,,0,30,,68274,1,,,0,70,,68267,1,,,0,30,,68275,1,,,0,70,,68268,1,,,0,30,,68276,1,,,0,70,,68269,1,,,0,30,,68277,1,,,0,70,,68270,1,,,0,30,,68278,1,,,0,70,,68271,1,,,0,30,,68279,1,,,0,70,,68272,1,,,0,30,,68280,1,,,0,70,,68256,1,,,0,30,,68281,1,,,0,70,,68258,1,,,0,30,,68282,1,,,0,70,,68257,1,,,0,30,,68251,1,,,0,70,,68259,1,,,0,30,,68250,1,,,0,70,,68260,1,,,0,30,,68249,1,,,0,70,,68261,1,,,0,30,,68248,1,,,0
502019,'1956',630,,68332,1,,,0,70,,68318,1,,,0,30,,68335,1,,,0,70,,68349,1,,,0,30,,68329,1,,,0,70,,68348,1,,,0,30,,68331,1,,,0,70,,68347,1,,,0,30,,68326,1,,,0,70,,68346,1,,,0,30,,68321,1,,,0,70,,68345,1,,,0,30,,68324,1,,,0,70,,68343,1,,,0,30,,68322,1,,,0,70,,68344,1,,,0,30,,68325,1,,,0,70,,68342,1,,,0,30,,68319,1,,,0,70,,68341,1,,,0,30,,68323,1,,,0,70,,68340,1,,,0,30,,68320,1,,,0,70,,68339,1,,,0,30,,68333,1,,,0,70,,68338,1,,,0,30,,68334,1,,,0,70,,68337,1,,,0,30,,68327,1,,,0,70,,68350,1,,,0,30,,68336,1,,,0,70,,68351,1,,,0,30,,68330,1,,,0,70,,68352,1,,,0,30,,68328,1,,,0
502019,'1957',600,,72536,1,,,0,30,,72537,1,,,0,25,,72577,1,,,0,50,,72538,1,,,0,25,,72539,1,,,0,24,,72540,1,,,0,52,,72541,1,,,0,24,,72542,1,,,0,24,,72543,1,,,0,52,,72544,1,,,0,24,,72545,1,,,0,70,,72546,1,,,0,30,,72547,1,,,0,70,,72548,1,,,0,30,,72549,1,,,0,70,,72550,1,,,0,30,,72551,1,,,0,70,,72552,1,,,0,30,,72553,1,,,0,70,,72554,1,,,0,32,,72555,1,,,0,70,,72556,1,,,0,30,,72557,1,,,0,68,,72558,1,,,0,24,,72559,1,,,0,12,,72560,1,,,0,64,,72561,1,,,0,6,,72578,1,,,0,18,,72562,1,,,0,12,,72563,1,,,0,64,,72564,1,,,0,22,,72565,1,,,0,12,,72566,1,,,0,66,,72567,1,,,0,30,,72568,1,,,0,70,,72569,1,,,0,30,,72570,1,,,0,70,,72571,1,,,0,30,,72572,1,,,0,70,,72573,1,,,0,30,,72574,1,,,0,70,,72575,1,,,0,30,,72576,1,,,0
502019,'1958',630,,72586,1,,,0,70,,72593,1,,,0,30,,72585,1,,,0,70,,72594,1,,,0,30,,72584,1,,,0,70,,72595,1,,,0,30,,72583,1,,,0,70,,72596,1,,,0,30,,72604,1,,,0,70,,72597,1,,,0,30,,72605,1,,,0,70,,72598,1,,,0,30,,72606,1,,,0,70,,72599,1,,,0,30,,72607,1,,,0,70,,72600,1,,,0,30,,72608,1,,,0,70,,72601,1,,,0,30,,72609,1,,,0,70,,72602,1,,,0,30,,72610,1,,,0,70,,72603,1,,,0,30,,72611,1,,,0,70,,72587,1,,,0,30,,72612,1,,,0,70,,72589,1,,,0,30,,72613,1,,,0,70,,72588,1,,,0,30,,72582,1,,,0,70,,72590,1,,,0,30,,72581,1,,,0,70,,72591,1,,,0,30,,72580,1,,,0,70,,72592,1,,,0,30,,72579,1,,,0
502019,'1959',630,,72628,1,,,0,70,,72614,1,,,0,30,,72631,1,,,0,70,,72645,1,,,0,30,,72625,1,,,0,70,,72644,1,,,0,30,,72627,1,,,0,70,,72643,1,,,0,30,,72622,1,,,0,70,,72642,1,,,0,30,,72617,1,,,0,70,,72641,1,,,0,30,,72620,1,,,0,70,,72639,1,,,0,30,,72618,1,,,0,70,,72640,1,,,0,30,,72621,1,,,0,70,,72638,1,,,0,30,,72615,1,,,0,70,,72637,1,,,0,30,,72619,1,,,0,70,,72636,1,,,0,30,,72616,1,,,0,70,,72635,1,,,0,30,,72629,1,,,0,70,,72634,1,,,0,30,,72630,1,,,0,70,,72633,1,,,0,30,,72623,1,,,0,70,,72646,1,,,0,30,,72632,1,,,0,70,,72647,1,,,0,30,,72626,1,,,0,70,,72648,1,,,0,30,,72624,1,,,0
502029,'1912',630,,72667,16,4,,0,28,,72649,16,4,,0,65,,72658,16,4,,0,30,,72683,16,4,,0,71,,72663,16,4,,0,30,,72682,16,4,,0,71,,72661,16,4,,0,30,,72681,16,4,,0,70,,72650,16,4,,0,30,,72680,16,4,,0,55,,72692,16,4,,0,15,,72651,16,4,,0,15,,72694,16,4,,0,15,,72679,16,4,,0,56,,72697,16,4,,0,17,,72652,16,4,,0,15,,72686,16,4,,0,15,,72678,16,4,,0,55,,72689,16,4,,0,15,,72653,16,4,,0,15,,72691,16,4,,0,15,,72677,16,4,,0,55,,72695,16,4,,0,15,,72654,16,4,,0,15,,72696,16,4,,0,15,,72676,16,4,,0,55,,72685,16,4,,0,15,,72655,16,4,,0,15,,72688,16,4,,0,15,,72675,16,4,,0,55,,72690,16,4,,0,15,,72656,16,4,,0,14,,72693,16,4,,0,15,,72674,16,4,,0,55,,72698,16,4,,0,15,,72657,16,4,,0,15,,72684,16,4,,0,15,,72673,16,4,,0,54,,72687,16,4,,0,15,,72666,16,4,,0,29,,72672,16,4,,0,70,,72664,16,4,,0,30,,72671,16,4,,0,70,,72659,16,4,,0,30,,72670,16,4,,0,70,,72660,16,4,,0,30,,72668,16,4,,0,68,,72665,16,4,,0,30,,72669,16,4,,0,70,,72662,16,4,,0
502029,'1925',630,,72717,16,4,,0,28,,72699,16,4,,0,65,,72708,16,4,,0,30,,72733,16,4,,0,71,,72713,16,4,,0,30,,72732,16,4,,0,71,,72711,16,4,,0,30,,72731,16,4,,0,70,,72700,16,4,,0,30,,72730,16,4,,0,55,,72742,16,4,,0,15,,72701,16,4,,0,15,,72744,16,4,,0,15,,72729,16,4,,0,56,,72747,16,4,,0,17,,72702,16,4,,0,15,,72736,16,4,,0,15,,72728,16,4,,0,55,,72739,16,4,,0,15,,72703,16,4,,0,15,,72741,16,4,,0,15,,72727,16,4,,0,55,,72745,16,4,,0,15,,72704,16,4,,0,15,,72746,16,4,,0,15,,72726,16,4,,0,55,,72735,16,4,,0,15,,72705,16,4,,0,15,,72738,16,4,,0,15,,72725,16,4,,0,55,,72740,16,4,,0,15,,72706,16,4,,0,14,,72743,16,4,,0,15,,72724,16,4,,0,55,,72748,16,4,,0,15,,72707,16,4,,0,15,,72734,16,4,,0,15,,72723,16,4,,0,54,,72737,16,4,,0,15,,72716,16,4,,0,29,,72722,16,4,,0,70,,72714,16,4,,0,30,,72721,16,4,,0,70,,72709,16,4,,0,30,,72720,16,4,,0,70,,72710,16,4,,0,30,,72718,16,4,,0,68,,72715,16,4,,0,30,,72719,16,4,,0,70,,72712,16,4,,0
502029,'1955',628,,68453,16,4,,0,15,,68499,16,4,,0,15,,68460,16,4,,0,70,,68452,16,4,,0,30,,68461,16,4,,0,65,,68451,16,4,,0,30,,68462,16,4,,0,72,,68450,16,4,,0,30,,68463,16,4,,0,56,,68464,16,4,,0,17,,68490,16,4,,0,15,,68473,16,4,,0,15,,68482,16,4,,0,55,,68465,16,4,,0,15,,68491,16,4,,0,15,,68474,16,4,,0,15,,68483,16,4,,0,55,,68466,16,4,,0,15,,68492,16,4,,0,15,,68475,16,4,,0,15,,68484,16,4,,0,55,,68467,16,4,,0,15,,68493,16,4,,0,15,,68476,16,4,,0,15,,68485,16,4,,0,55,,68468,16,4,,0,15,,68494,16,4,,0,15,,68477,16,4,,0,15,,68486,16,4,,0,55,,68469,16,4,,0,15,,68495,16,4,,0,15,,68478,16,4,,0,15,,68487,16,4,,0,55,,68470,16,4,,0,15,,68496,16,4,,0,15,,68479,16,4,,0,15,,68488,16,4,,0,55,,68471,16,4,,0,15,,68497,16,4,,0,15,,68480,16,4,,0,15,,68455,16,4,,0,55,,68472,16,4,,0,15,,68489,16,4,,0,15,,68481,16,4,,0,15,,68456,16,4,,0,55,,68498,16,4,,0,14,,68500,16,4,,0,30,,68457,16,4,,0,68,,68449,16,4,,0,30,,68458,16,4,,0,70,,68448,16,4,,0,30,,68454,16,4,,0,68,,68447,16,4,,0,30,,68459,16,4,,0,70,,68446,16,4,,0
502029,'1956',630,,68569,16,4,,0,28,,68551,16,4,,0,65,,68560,16,4,,0,30,,68585,16,4,,0,71,,68565,16,4,,0,30,,68584,16,4,,0,71,,68563,16,4,,0,30,,68583,16,4,,0,70,,68552,16,4,,0,30,,68582,16,4,,0,55,,68594,16,4,,0,15,,68553,16,4,,0,15,,68596,16,4,,0,15,,68581,16,4,,0,56,,68599,16,4,,0,17,,68554,16,4,,0,15,,68588,16,4,,0,15,,68580,16,4,,0,55,,68591,16,4,,0,15,,68555,16,4,,0,15,,68593,16,4,,0,15,,68579,16,4,,0,55,,68597,16,4,,0,15,,68556,16,4,,0,15,,68598,16,4,,0,15,,68578,16,4,,0,55,,68587,16,4,,0,15,,68557,16,4,,0,15,,68590,16,4,,0,15,,68577,16,4,,0,55,,68592,16,4,,0,15,,68558,16,4,,0,14,,68595,16,4,,0,15,,68576,16,4,,0,55,,68600,16,4,,0,15,,68559,16,4,,0,15,,68586,16,4,,0,15,,68575,16,4,,0,54,,68589,16,4,,0,15,,68568,16,4,,0,29,,68574,16,4,,0,70,,68566,16,4,,0,30,,68573,16,4,,0,70,,68561,16,4,,0,30,,68572,16,4,,0,70,,68562,16,4,,0,30,,68570,16,4,,0,68,,68567,16,4,,0,30,,68571,16,4,,0,70,,68564,16,4,,0
502029,'1957',557,,72749,16,4,,0,55,,72750,16,4,,0,15,,72751,16,4,,0,16,,72752,16,4,,0,7,,72753,16,4,,0,8,,72754,16,4,,0,57,,72755,16,4,,0,13,,72756,16,4,,0,13,,72757,16,4,,0,12,,72758,16,4,,0,6,,72759,16,4,,0,46,,72760,16,4,,0,12,,72761,16,4,,0,6,,72762,16,4,,0,6,,72763,16,4,,0,12,,72764,16,4,,0,12,,72765,16,4,,0,52,,72766,16,4,,0,10,,72767,16,4,,0,14,,72768,16,4,,0,14,,72769,16,4,,0,15,,72770,16,4,,0,55,,72771,16,4,,0,15,,72772,16,4,,0,15,,72773,16,4,,0,15,,72774,16,4,,0,55,,72775,16,4,,0,16,,72776,16,4,,0,15,,72777,16,4,,0,15,,72778,16,4,,0,55,,72779,16,4,,0,15,,72780,16,4,,0,15,,72781,16,4,,0,15,,72782,16,4,,0,55,,72783,16,4,,0,15,,72784,16,4,,0,15,,72785,16,4,,0,15,,72786,16,4,,0,55,,72787,16,4,,0,15,,72788,16,4,,0,15,,72789,16,4,,0,15,,72790,16,4,,0,57,,72791,16,4,,0,15,,72792,16,4,,0,15,,72793,16,4,,0,12,,72794,16,4,,0,52,,72795,16,4,,0,12,,72796,16,4,,0,11,,72797,16,4,,0,12,,72798,16,4,,0,12,,72799,16,4,,0,52,,72800,16,4,,0,12,,72801,16,4,,0,12,,72802,16,4,,0,11,,72803,16,4,,0,11,,72804,16,4,,0,52,,72805,16,4,,0,11,,72806,16,4,,0,12,,72807,16,4,,0,12,,72808,16,4,,0,15,,72809,16,4,,0,55,,72819,16,4,,0,14,,72810,16,4,,0,30,,72811,16,4,,0,70,,72812,16,4,,0,30,,72813,16,4,,0,70,,72814,16,4,,0,30,,72815,16,4,,0,70,,72816,16,4,,0,30,,72817,16,4,,0,70,,72818,16,4,,0
502029,'1958',628,,72827,16,4,,0,15,,72873,16,4,,0,15,,72834,16,4,,0,70,,72826,16,4,,0,30,,72835,16,4,,0,65,,72825,16,4,,0,30,,72836,16,4,,0,72,,72824,16,4,,0,30,,72837,16,4,,0,56,,72838,16,4,,0,17,,72864,16,4,,0,15,,72847,16,4,,0,15,,72856,16,4,,0,55,,72839,16,4,,0,15,,72865,16,4,,0,15,,72848,16,4,,0,15,,72857,16,4,,0,55,,72840,16,4,,0,15,,72866,16,4,,0,15,,72849,16,4,,0,15,,72858,16,4,,0,55,,72841,16,4,,0,15,,72867,16,4,,0,15,,72850,16,4,,0,15,,72859,16,4,,0,55,,72842,16,4,,0,15,,72868,16,4,,0,15,,72851,16,4,,0,15,,72860,16,4,,0,55,,72843,16,4,,0,15,,72869,16,4,,0,15,,72852,16,4,,0,15,,72861,16,4,,0,55,,72844,16,4,,0,15,,72870,16,4,,0,15,,72853,16,4,,0,15,,72862,16,4,,0,55,,72845,16,4,,0,15,,72871,16,4,,0,15,,72854,16,4,,0,15,,72829,16,4,,0,55,,72846,16,4,,0,15,,72863,16,4,,0,15,,72855,16,4,,0,15,,72830,16,4,,0,55,,72872,16,4,,0,14,,72874,16,4,,0,30,,72831,16,4,,0,68,,72823,16,4,,0,30,,72832,16,4,,0,70,,72822,16,4,,0,30,,72828,16,4,,0,68,,72821,16,4,,0,30,,72833,16,4,,0,70,,72820,16,4,,0
502029,'1959',630,,72893,16,4,,0,28,,72875,16,4,,0,65,,72884,16,4,,0,30,,72909,16,4,,0,71,,72889,16,4,,0,30,,72908,16,4,,0,71,,72887,16,4,,0,30,,72907,16,4,,0,70,,72876,16,4,,0,30,,72906,16,4,,0,55,,72918,16,4,,0,15,,72877,16,4,,0,15,,72920,16,4,,0,15,,72905,16,4,,0,56,,72923,16,4,,0,17,,72878,16,4,,0,15,,72912,16,4,,0,15,,72904,16,4,,0,55,,72915,16,4,,0,15,,72879,16,4,,0,15,,72917,16,4,,0,15,,72903,16,4,,0,55,,72921,16,4,,0,15,,72880,16,4,,0,15,,72922,16,4,,0,15,,72902,16,4,,0,55,,72911,16,4,,0,15,,72881,16,4,,0,15,,72914,16,4,,0,15,,72901,16,4,,0,55,,72916,16,4,,0,15,,72882,16,4,,0,14,,72919,16,4,,0,15,,72900,16,4,,0,55,,72924,16,4,,0,15,,72883,16,4,,0,15,,72910,16,4,,0,15,,72899,16,4,,0,54,,72913,16,4,,0,15,,72892,16,4,,0,29,,72898,16,4,,0,70,,72890,16,4,,0,30,,72897,16,4,,0,70,,72885,16,4,,0,30,,72896,16,4,,0,70,,72886,16,4,,0,30,,72894,16,4,,0,68,,72891,16,4,,0,30,,72895,16,4,,0,70,,72888,16,4,,0
701019,'1957',1705,,73120,9,4,,0
14000001019,'1909',2423,,65835,33,,,0,130,,65834,33,,,0
14000001019,'1910',2423,,65840,33,,,0,130,,65838,33,,,0
14000001019,'1912',2423,,65844,33,,,0,30,,70196,33,,,0,70,,73578,33,,,0,30,,65845,33,,,0,70,,70197,33,,,0
14000001019,'1924',2423,,65849,33,,,0,30,,70198,33,,,0,100,,65850,33,,,0,70,,70199,33,,,0
14000001019,'1925',2423,,65854,33,,,0,30,,70200,33,,,0,70,,73579,33,,,0,30,,65855,33,,,0,70,,70201,33,,,0
14000001019,'1955',2453,,70194,33,,,0,70,,65839,33,,,0,100,,70195,33,,,0
14000001019,'1956',2523,,65847,33,,,0
14000001019,'1957',2453,,73580,33,,,0,70,,73581,33,,,0,100,,73582,33,,,0
14000001019,'1958',2453,,73583,33,,,0,70,,73584,33,,,0,100,,73585,33,,,0
14000001019,'1959',2523,,73586,33,,,0
