14019,'1912',637,,61463,2,,,0,100,,67238,2,,,0,100,,67227,2,,,0,100,,71631,2,,,0,100,,67229,2,,,0,100,,67230,2,,,0,100,,67231,2,,,0,100,,67232,2,,,0,100,,67233,2,,,0,100,,67234,2,,,0,100,,67235,2,,,0,100,,67236,2,,,0,100,,67237,2,,,0,100,,61451,2,,,0,105,,71630,2,,,0
14019,'1959',637,,61478,2,,,0,100,,67251,2,,,0,100,,67240,2,,,0,100,,71672,2,,,0,100,,67242,2,,,0,100,,67243,2,,,0,100,,67244,2,,,0,100,,67245,2,,,0,100,,67246,2,,,0,100,,67247,2,,,0,100,,67248,2,,,0,100,,67249,2,,,0,100,,67250,2,,,0,100,,61466,2,,,0,105,,71671,2,,,0
14019,'1965',512,,61431,2,,,0,100,,71660,2,,,0,40,,71634,2,,,0,70,,71647,2,,,0,28,,71635,2,,,0,62,,71648,2,,,0,100,,71649,2,,,0,30,,71637,2,,,0,70,,61417,2,,,0,30,,71638,2,,,0,70,,71650,2,,,0,30,,71639,2,,,0,70,,71651,2,,,0,200,,71653,2,,,0,30,,71642,2,,,0,70,,71654,2,,,0,40,,71643,2,,,0,70,,71655,2,,,0,30,,71644,2,,,0,70,,71656,2,,,0,30,,71645,2,,,0,60,,71657,2,,,0,30,,71646,2,,,0,100,,71661,2,,,0,162,,61428,2,,,0,100,,71659,2,,,0
14019,'1966',737,,71662,2,,,0,100,,71663,2,,,0,1300,,71670,2,,,0
14019,'1967',637,,67210,2,,,0,300,,71664,2,,,0,100,,71665,2,,,0,100,,71666,2,,,0,100,,67216,2,,,0,100,,67217,2,,,0,100,,71667,2,,,0,100,,67219,2,,,0,100,,67220,2,,,0,100,,67221,2,,,0,100,,71668,2,,,0,100,,71669,2,,,0,100,,67224,2,,,0,200,,61449,2,,,0
14019,'1969',637,,61493,2,,,0,100,,67264,2,,,0,100,,67253,2,,,0,100,,71633,2,,,0,100,,67255,2,,,0,100,,67256,2,,,0,100,,67257,2,,,0,100,,67258,2,,,0,100,,67259,2,,,0,100,,67260,2,,,0,100,,67261,2,,,0,100,,67262,2,,,0,100,,67263,2,,,0,100,,61481,2,,,0,105,,71632,2,,,0
14019,'1970',842,,74432,2,,,0,400,,74433,2,,,0,70,,74435,2,,,0,30,,74434,2,,,0,570,,74436,2,,,0,100,,74437,2,,,0
14019,'1971',737,,74438,2,,,0,100,,74439,2,,,0,1300,,74440,2,,,0
15019,'1912',707,,61566,2,,,0,100,,61564,2,,,0,100,,61567,2,,,0,100,,61565,2,,,0,100,,61562,2,,,0,100,,61560,2,,,0,100,,61563,2,,,0,100,,61561,2,,,0,100,,61558,2,,,0,100,,61559,2,,,0,100,,61556,2,,,0,100,,61557,2,,,0,100,,61555,2,,,0,100,,71673,2,,,0
15019,'1959',707,,61580,2,,,0,100,,61578,2,,,0,100,,61581,2,,,0,100,,61579,2,,,0,100,,61576,2,,,0,100,,61574,2,,,0,100,,61577,2,,,0,100,,61575,2,,,0,100,,61572,2,,,0,100,,61573,2,,,0,100,,61570,2,,,0,100,,61571,2,,,0,100,,61569,2,,,0,100,,71708,2,,,0
15019,'1965',632,,61509,2,,,0,100,,67326,2,,,0,70,,71676,2,,,0,30,,71677,2,,,0,70,,71678,2,,,0,200,,71682,2,,,0,130,,71685,2,,,0,70,,71686,2,,,0,30,,71687,2,,,0,70,,71688,2,,,0,30,,71689,2,,,0,70,,61526,2,,,0,30,,71690,2,,,0,100,,71692,2,,,0,70,,71693,2,,,0,30,,71694,2,,,0,70,,61532,2,,,0,30,,71695,2,,,0,70,,71699,2,,,0,30,,71696,2,,,0,100,,71697,2,,,0,100,,71698,2,,,0,100,,67335,2,0,5 2 6 7,0
15019,'1966',907,,61542,2,,,0,300,,61545,2,,,0,300,,61548,2,,,0,500,,71706,2,,,0
15019,'1967',707,,71700,2,,,0,100,,71701,2,,,0,200,,71702,2,,,0,100,,71703,2,,,0,200,,71704,2,,,0,100,,61547,2,,,0,200,,61549,2,,,0,100,,67300,2,,,0,100,,61551,2,,,0,100,,71705,2,,,0
15019,'1969',707,,61594,2,,,0,100,,61592,2,,,0,100,,61595,2,,,0,100,,61593,2,,,0,100,,61590,2,,,0,100,,61588,2,,,0,100,,61591,2,,,0,100,,61589,2,,,0,100,,61586,2,,,0,100,,61587,2,,,0,100,,61584,2,,,0,100,,61585,2,,,0,100,,61583,2,,,0,100,,71674,2,,,0
15019,'1970',702,,74441,2,,,0,230,,74442,2,,,0,70,,74443,2,,,0,30,,74444,2,,,0,100,,74445,2,,,0,70,,74446,2,,,0,400,,74447,2,,,0
15019,'1971',907,,74448,2,,,0,300,,74449,2,,,0,300,,74450,2,,,0,500,,74451,2,,,0
19019,'1912',609,,71862,2,0,38,0,112,,62043,2,0,38,0,100,,71855,2,0,38,0,30,,62047,2,0,38,0,70,,71858,2,0,38,0,30,,71852,2,0,38,0,71,,71851,2,0,38,0,30,,67524,2,0,38,0,70,,71867,2,0,38,0,30,,71865,2,0,38,0,70,,71863,2,0,38,0,30,,71859,2,0,38,0,70,,71872,2,0,38,0,30,,71857,2,0,38,0,70,,71856,2,0,38,0,30,,71854,2,0,38,0,70,,71853,2,0,38,0,30,,71850,2,0,38,0,70,,71868,2,0,38,0,30,,71866,2,0,38,0,70,,71864,2,0,38,0,30,,71861,2,0,38,0,70,,71860,2,0,38,0,30,,71870,2,0,38,0,70,,71869,2,0,38,0,30,,71871,2,0,38,0,85,,62063,2,0,38,0,100,,62061,2,0,38,0,100,,62062,2,0,38,0,85,,71873,2,0,38,0
19019,'1959',609,,71946,2,0,38,0,112,,62073,2,0,38,0,100,,71939,2,0,38,0,30,,62077,2,0,38,0,70,,71942,2,0,38,0,30,,71936,2,0,38,0,71,,71935,2,0,38,0,30,,67549,2,0,38,0,70,,71951,2,0,38,0,30,,71949,2,0,38,0,70,,71947,2,0,38,0,30,,71943,2,0,38,0,70,,71956,2,0,38,0,30,,71941,2,0,38,0,70,,71940,2,0,38,0,30,,71938,2,0,38,0,70,,71937,2,0,38,0,30,,71934,2,0,38,0,70,,71952,2,0,38,0,30,,71950,2,0,38,0,70,,71948,2,0,38,0,30,,71945,2,0,38,0,70,,71944,2,0,38,0,30,,71954,2,0,38,0,70,,71953,2,0,38,0,30,,71955,2,0,38,0,85,,62093,2,0,38,0,100,,62091,2,0,38,0,100,,62092,2,0,38,0,85,,71957,2,0,38,0
19019,'1965',1022,,71917,2,0,38,0,430,,71899,2,0,38,0,370,,61998,2,0,38,0,30,,71909,2,0,38,0,70,,71910,2,0,38,0,200,,71913,2,0,38,0,100,,71911,2,0,38,0,100,,71912,2,0,38,0
19019,'1966',722,,71921,2,0,38,0,30,,71928,2,0,38,0,100,,71922,2,0,38,0,70,,71919,2,0,38,0,30,,71930,2,0,38,0,970,,71924,2,0,38,0,110,,71932,2,0,38,0,270,,71923,2,0,38,0,20,,71933,2,0,38,0
19019,'1967',622,,71920,2,0,38,0,30,,71925,2,0,38,0,170,,71931,2,0,38,0,200,,67497,2,0,38,0,30,,67512,2,0,38,0,70,,67501,2,0,38,0,30,,67515,2,0,38,0,70,,67494,2,0,38,0,30,,71926,2,0,38,0,70,,67496,2,0,38,0,30,,67513,2,0,38,0,70,,67498,2,0,38,0,30,,67520,2,0,38,0,70,,67507,2,0,38,0,30,,67509,2,0,38,0,70,,67493,2,0,38,0,30,,71927,2,0,38,0,70,,67519,2,0,38,0,30,,67506,2,0,38,0,70,,67500,2,0,38,0,30,,71929,2,0,38,0,100,,67522,2,0,38,0,155,,67505,2,0,38,0,100,,62033,2,0,38,0
19019,'1969',609,,71886,2,0,38,0,112,,62103,2,0,38,0,100,,71879,2,0,38,0,30,,62107,2,0,38,0,70,,71882,2,0,38,0,30,,71876,2,0,38,0,71,,71875,2,0,38,0,30,,67574,2,0,38,0,70,,71891,2,0,38,0,30,,71889,2,0,38,0,70,,71887,2,0,38,0,30,,71883,2,0,38,0,70,,71896,2,0,38,0,30,,71881,2,0,38,0,70,,71880,2,0,38,0,30,,71878,2,0,38,0,70,,71877,2,0,38,0,30,,71874,2,0,38,0,70,,71892,2,0,38,0,30,,71890,2,0,38,0,70,,71888,2,0,38,0,30,,71885,2,0,38,0,70,,71884,2,0,38,0,30,,71894,2,0,38,0,70,,71893,2,0,38,0,30,,71895,2,0,38,0,85,,62123,2,0,38,0,100,,62121,2,0,38,0,100,,62122,2,0,38,0,85,,71897,2,0,38,0
19019,'1970',822,,74509,2,0,38,0,30,,74500,2,0,38,0,70,,74501,2,0,38,0,30,,74498,2,0,38,0,100,,74499,2,0,38,0,70,,74506,2,0,38,0,30,,74497,2,0,38,0,70,,74508,2,0,38,0,30,,74502,2,0,38,0,70,,74503,2,0,38,0,30,,74505,2,0,38,0,70,,74504,2,0,38,0,100,,74510,2,0,38,0,500,,74507,2,0,38,0
19019,'1971',722,,74512,2,0,38,0,30,,74516,2,0,38,0,100,,74513,2,0,38,0,70,,74511,2,0,38,0,30,,74517,2,0,38,0,970,,74515,2,0,38,0,110,,74518,2,0,38,0,270,,74514,2,0,38,0,20,,74519,2,0,38,0
10019029,'1965',642,,73571,3,,,0,70,,65786,3,,,0,830,,73576,3,,,0,70,,73574,3,,,0,30,,73573,3,,,0,70,,73577,3,,,0,30,,70189,3,,,0,210,,73575,3,,,0
10019029,'1970',612,,75052,3,,,0,130,,75053,3,,,0
14000001029,'1912',2422,,70205,48,,,0,29,,75060,48,,,0,70,,65884,48,,,0,30,,70206,48,,,0,70,,75059,48,,,0,30,,65880,48,,,0
14000001029,'1959',2422,,70208,48,,,0,99,,65891,48,,,0,30,,70209,48,,,0,100,,65887,48,,,0
14000001029,'1965',2422,,73595,48,,,0,99,,65871,48,,,0,30,,73594,48,,,0,100,,65870,48,,,0
14000001029,'1966',2451,,73598,48,,,0,170,,73601,48,,,0
14000001029,'1967',2422,,73602,48,,,0,99,,65872,48,,,0,30,,73599,48,,,0,100,,65875,48,,,0
14000001029,'1968',2451,,73591,48,,,0,170,,73590,48,,,0
14000001029,'1969',2422,,70211,48,,,0,99,,65898,48,,,0,30,,70212,48,,,0,100,,65894,48,,,0
14000001029,'1970',2451,,75061,48,,,0,170,,75062,48,,,0
14000001029,'1971',2451,,75063,48,,,0,170,,75065,48,,,0
14000001029,'1972',2451,,75067,48,,,0,170,,75066,48,,,0
14000001029,'1973',2451,,75069,48,,,0,170,,75068,48,,,0
