1019,'1912',604,,73606,6,,,0,100,,73607,6,,,0,100,,73608,6,,,0,100,,73609,6,,,0,100,,73610,6,,,0,100,,73611,6,,,0,100,,73612,6,,,0,100,,73613,6,,,0,100,,73614,6,,,0,100,,73615,6,,,0,100,,73616,6,,,0,100,,73617,6,,,0,100,,73618,6,,,0,100,,73619,6,,,0,100,,73620,6,,,0,100,,73621,6,,,0,100,,73622,6,,,0,100,,73623,6,,,0
1019,'1959',604,,73696,6,,,0,100,,73697,6,,,0,100,,73698,6,,,0,100,,73699,6,,,0,100,,73700,6,,,0,100,,73701,6,,,0,100,,73702,6,,,0,100,,73703,6,,,0,100,,73704,6,,,0,100,,73705,6,,,0,100,,73706,6,,,0,100,,73707,6,,,0,100,,73708,6,,,0,100,,73709,6,,,0,100,,73710,6,,,0,100,,73711,6,,,0,100,,73712,6,,,0,100,,73713,6,,,0
1019,'1967',533,,73695,6,,,0,70,,73684,6,,,0,30,,73670,6,,,0,70,,73689,6,,,0,30,,73679,6,,,0,70,,73664,6,,,0,30,,73685,6,,,0,70,,73687,6,,,0,30,,73669,6,,,0,71,,73690,6,,,0,30,,73678,6,,,0,70,,73663,6,,,0,30,,73673,6,,,0,70,,73683,6,,,0,30,,73668,6,,,0,70,,73691,6,,,0,30,,73677,6,,,0,70,,73662,6,,,0,30,,73672,6,,,0,70,,73682,6,,,0,30,,73667,6,,,0,70,,73692,6,,,0,30,,73676,6,,,0,70,,73661,6,,,0,30,,73671,6,,,0,70,,73681,6,,,0,30,,73665,6,,,0,70,,73693,6,,,0,30,,73674,6,,,0,70,,73660,6,,,0,30,,73666,6,,,0,70,,73680,6,,,0,30,,73675,6,,,0,70,,73694,6,,,0,30,,73688,6,,,0,70,,73686,6,,,0
1019,'1969',604,,73714,6,,,0,100,,73715,6,,,0,100,,73716,6,,,0,100,,73717,6,,,0,100,,73718,6,,,0,100,,73719,6,,,0,100,,73720,6,,,0,100,,73721,6,,,0,100,,73722,6,,,0,100,,73723,6,,,0,100,,73724,6,,,0,100,,73725,6,,,0,100,,73726,6,,,0,100,,73727,6,,,0,100,,73728,6,,,0,100,,73729,6,,,0,100,,73730,6,,,0,100,,73731,6,,,0
1019,'1976',533,,73659,6,,,0,75,,73655,6,,,0,30,,73631,6,,,0,71,,73626,6,,,0,30,,73644,6,,,0,70,,73628,6,,,0,30,,73633,6,,,0,70,,73658,6,,,0,30,,73630,6,,,0,70,,73624,6,,,0,30,,73643,6,,,0,70,,73629,6,,,0,30,,73634,6,,,0,70,,73654,6,,,0,30,,73632,6,,,0,70,,73625,6,,,0,30,,73656,6,,,0,70,,73627,6,,,0,30,,73635,6,,,0,70,,73653,6,,,0,30,,73646,6,,,0,70,,73638,6,,,0,30,,73636,6,,,0,70,,73639,6,,,0,30,,73641,6,,,0,70,,73640,6,,,0,30,,73637,6,,,0,65,,73657,6,,,0,30,,73651,6,,,0,69,,73652,6,,,0,30,,73650,6,,,0,70,,73649,6,,,0,30,,73648,6,,,0,70,,73647,6,,,0,30,,73645,6,,,0,70,,73642,6,,,0
1019,'1977',533,,75105,6,,,0,75,,75101,6,,,0,30,,75077,6,,,0,71,,75072,6,,,0,30,,75090,6,,,0,70,,75074,6,,,0,30,,75079,6,,,0,70,,75104,6,,,0,30,,75076,6,,,0,70,,75070,6,,,0,30,,75089,6,,,0,70,,75075,6,,,0,30,,75080,6,,,0,70,,75100,6,,,0,30,,75078,6,,,0,70,,75071,6,,,0,30,,75102,6,,,0,70,,75073,6,,,0,30,,75081,6,,,0,70,,75099,6,,,0,30,,75092,6,,,0,70,,75084,6,,,0,30,,75082,6,,,0,70,,75085,6,,,0,30,,75087,6,,,0,70,,75086,6,,,0,30,,75083,6,,,0,65,,75103,6,,,0,30,,75097,6,,,0,69,,75098,6,,,0,30,,75096,6,,,0,70,,75095,6,,,0,30,,75094,6,,,0,70,,75093,6,,,0,30,,75091,6,,,0,70,,75088,6,,,0
2019,'1912',649,,73883,15,,,0,70,,73860,15,,,0,30,,73864,15,,,0,70,,73876,15,,,0,30,,73871,15,,,0,70,,73861,15,,,0,30,,73865,15,,,0,70,,73877,15,,,0,30,,73872,15,,,0,70,,73862,15,,,0,30,,73866,15,,,0,70,,73878,15,,,0,30,,73873,15,,,0,70,,73863,15,,,0,30,,73867,15,,,0,70,,73879,15,,,0,30,,73874,15,,,0,70,,73858,15,,,0,30,,73868,15,,,0,70,,73880,15,,,0,30,,73875,15,,,0,70,,73856,15,,,0,30,,73869,15,,,0,70,,73881,15,,,0,100,,73857,15,,,0,100,,73882,15,,,0,100,,73859,15,,,0,100,,73870,15,,,0,99,,73884,15,,,0
2019,'1959',649,,73975,15,,,0,70,,73952,15,,,0,30,,73956,15,,,0,70,,73968,15,,,0,30,,73963,15,,,0,70,,73953,15,,,0,30,,73957,15,,,0,70,,73969,15,,,0,30,,73964,15,,,0,70,,73954,15,,,0,30,,73958,15,,,0,70,,73970,15,,,0,30,,73965,15,,,0,70,,73955,15,,,0,30,,73959,15,,,0,70,,73971,15,,,0,30,,73966,15,,,0,70,,73950,15,,,0,30,,73960,15,,,0,70,,73972,15,,,0,30,,73967,15,,,0,70,,73948,15,,,0,30,,73961,15,,,0,70,,73973,15,,,0,100,,73949,15,,,0,100,,73974,15,,,0,100,,73951,15,,,0,100,,73962,15,,,0,99,,73976,15,,,0
2019,'1967',618,,73917,6,,,0,30,,73924,15,,,0,70,,73933,15,,,0,30,,73940,15,,,0,70,,73918,15,,,0,30,,73925,15,,,0,70,,73934,15,,,0,30,,73941,15,,,0,71,,73919,15,,,0,30,,73926,15,,,0,70,,73935,15,,,0,30,,73942,15,,,0,70,,73920,15,,,0,30,,73927,15,,,0,70,,73936,15,,,0,30,,73943,15,,,0,70,,73921,15,,,0,30,,73928,15,,,0,70,,73937,15,,,0,30,,73944,15,,,0,70,,73922,15,,,0,30,,73929,15,,,0,70,,73938,15,,,0,30,,73945,15,,,0,70,,73923,15,,,0,30,,73930,15,,,0,70,,73939,15,,,0,100,,73931,15,,,0,100,,73946,15,,,0,100,,73932,15,,,0,100,,73947,15,,,0
2019,'1969',649,,74004,15,,,0,70,,73981,15,,,0,30,,73985,15,,,0,70,,73997,15,,,0,30,,73992,15,,,0,70,,73982,15,,,0,30,,73986,15,,,0,70,,73998,15,,,0,30,,73993,15,,,0,70,,73983,15,,,0,30,,73987,15,,,0,70,,73999,15,,,0,30,,73994,15,,,0,70,,73984,15,,,0,30,,73988,15,,,0,70,,74000,15,,,0,30,,73995,15,,,0,70,,73979,15,,,0,30,,73989,15,,,0,70,,74001,15,,,0,30,,73996,15,,,0,70,,73977,15,,,0,30,,73990,15,,,0,70,,74002,15,,,0,100,,73978,15,,,0,100,,74003,15,,,0,100,,73980,15,,,0,100,,73991,15,,,0,99,,74005,15,,,0
2019,'1976',445,,73916,6,0,5 2 13 14,0,173,,73885,15,,,0,30,,73886,15,,,0,71,,73887,15,,,0,30,,73888,15,,,0,70,,73889,15,,,0,30,,73890,15,,,0,70,,73907,15,,,0,30,,73908,15,,,0,70,,73909,15,,,0,30,,73910,15,,,0,70,,73911,15,,,0,30,,73912,15,,,0,70,,73913,15,,,0,30,,73914,15,,,0,70,,73915,15,,,0,30,,73905,15,,,0,70,,73906,15,,,0,30,,73891,15,,,0,70,,73892,15,,,0,30,,73893,15,,,0,70,,73894,15,,,0,30,,73895,15,,,0,70,,73896,15,,,0,30,,73897,15,,,0,70,,73898,15,,,0,30,,73904,15,,,0,70,,73899,15,,,0,99,,73900,15,,,0,100,,73901,15,,,0,100,,73902,15,,,0,100,,73903,15,,,0
2019,'1977',445,,75172,6,0,5 2 13 14,0,173,,75141,15,,,0,30,,75142,15,,,0,71,,75143,15,,,0,30,,75144,15,,,0,70,,75145,15,,,0,30,,75146,15,,,0,70,,75163,15,,,0,30,,75164,15,,,0,70,,75165,15,,,0,30,,75166,15,,,0,70,,75167,15,,,0,30,,75168,15,,,0,70,,75169,15,,,0,30,,75170,15,,,0,70,,75171,15,,,0,30,,75161,15,,,0,70,,75162,15,,,0,30,,75147,15,,,0,70,,75148,15,,,0,30,,75149,15,,,0,70,,75150,15,,,0,30,,75151,15,,,0,70,,75152,15,,,0,30,,75153,15,,,0,70,,75154,15,,,0,30,,75160,15,,,0,70,,75155,15,,,0,99,,75156,15,,,0,100,,75157,15,,,0,100,,75158,15,,,0,100,,75159,15,,,0
12019,'1976',628,,61256,6,,,0,31,,61259,6,,,0,70,,74399,6,,,0,30,,74403,6,,,0,70,,61261,6,,,0,30,,61258,6,0,5 2 12,0,70,,74394,6,0,5 2 12,0,30,,74395,6,0,5 2 12,0,70,,61238,6,0,5 2 12,0,30,,61239,6,0,5 2 12,0,70,,61240,6,0,5 2 12,0,30,,74391,6,0,5 2 12,0,70,,74392,6,0,5 2 12,0,30,,61243,6,0,5 2 12,0,70,,61244,6,0,5 2 12,0,30,,61245,6,0,5 2 12,0,70,,74393,6,,,0,30,,74402,6,,,0,70,,74398,6,,,0,30,,74400,6,,,0,70,,74397,6,,,0,30,,74401,6,,,0,70,,74396,6,,,0,30,,71547,6,,,0
12019,'1977',629,,75512,6,0,5 2 12,0,30,,75508,6,0,5 2 12,0,70,,75510,6,0,5 2 12,0,71,,75509,6,0,5 2 12,0,29,,75511,6,0,5 2 12,0,600,,75520,6,0,5 2 12,0,71,,75518,6,0,5 2 12,0,29,,75516,6,0,5 2 12,0,71,,75517,6,0,5 2 12,0,29,,75515,6,0,5 2 12,0,71,,75513,6,0,5 2 12,0,29,,75514,6,0,5 2 12,0,71,,75519,6,0,5 2 12,0
14000001019,'1912',2413,,65844,22,,,0,30,,70196,22,,,0,70,,75054,22,,,0,30,,65845,22,,,0,70,,70197,22,,,0
14000001019,'1959',2413,,65849,22,,,0,30,,70198,22,,,0,70,,75057,22,,,0,30,,65850,22,,,0,70,,70199,22,,,0
14000001019,'1967',2413,,65840,22,,,0,30,,73583,22,,,0,70,,75056,22,,,0,30,,65838,22,,,0,70,,73585,22,,,0
14000001019,'1969',2413,,65854,22,,,0,30,,70200,22,,,0,70,,75058,22,,,0,30,,65855,22,,,0,70,,70201,22,,,0
14000001019,'1976',2413,,65835,22,,,0,30,,73580,22,,,0,70,,75055,22,,,0,30,,65834,22,,,0,70,,73582,22,,,0
14000001019,'1977',2413,,76523,22,,,0,30,,76520,22,,,0,70,,76521,22,,,0,30,,76522,22,,,0,70,,76524,22,,,0
