1019,'1912',600,,73606,1,,,0,100,,73607,1,,,0,100,,73608,1,,,0,100,,73609,1,,,0,100,,73610,1,,,0,100,,73611,1,,,0,100,,73612,1,,,0,100,,73613,1,,,0,100,,73614,1,,,0,100,,73615,1,,,0,100,,73616,1,,,0,100,,73617,1,,,0,100,,73618,1,,,0,100,,73619,1,,,0,100,,73620,1,,,0,100,,73621,1,,,0,100,,73622,1,,,0,100,,73623,1,,,0
1019,'1966',530,,70266,1,,,0,70,,70255,1,,,0,30,,70241,1,,,0,70,,70260,1,,,0,30,,70250,1,,,0,70,,70235,1,,,0,30,,70256,1,,,0,70,,70258,1,,,0,30,,70240,1,,,0,70,,70261,1,,,0,30,,70249,1,,,0,70,,70234,1,,,0,30,,70244,1,,,0,70,,70254,1,,,0,30,,70239,1,,,0,70,,70262,1,,,0,30,,70248,1,,,0,70,,70233,1,,,0,30,,70243,1,,,0,70,,70253,1,,,0,30,,70238,1,,,0,70,,70263,1,,,0,30,,70247,1,,,0,70,,70232,1,,,0,30,,70242,1,,,0,70,,70252,1,,,0,30,,70236,1,,,0,70,,70264,1,,,0,30,,70245,1,,,0,70,,70231,1,,,0,30,,70237,1,,,0,70,,70251,1,,,0,30,,70246,1,,,0,70,,70265,1,,,0,30,,70259,1,,,0,70,,70257,1,,,0
1019,'1968',600,,59175,1,,,0,100,,59176,1,,,0,100,,59177,1,,,0,100,,59178,1,,,0,100,,59179,1,,,0,100,,59180,1,,,0,100,,59181,1,,,0,100,,59182,1,,,0,100,,59183,1,,,0,100,,59184,1,,,0,100,,59185,1,,,0,100,,59186,1,,,0,100,,59187,1,,,0,100,,59188,1,,,0,100,,59189,1,,,0,100,,59190,1,,,0,100,,59191,1,,,0,100,,59192,1,,,0
1019,'1970',530,,73659,1,,,0,75,,73655,1,,,0,30,,73631,1,,,0,70,,73626,1,,,0,30,,73644,1,,,0,70,,73628,1,,,0,30,,73633,1,,,0,70,,73658,1,,,0,30,,73630,1,,,0,70,,73624,1,,,0,30,,73643,1,,,0,70,,73629,1,,,0,30,,73634,1,,,0,70,,73654,1,,,0,30,,73632,1,,,0,70,,73625,1,,,0,30,,73656,1,,,0,70,,73627,1,,,0,30,,73635,1,,,0,70,,73653,1,,,0,30,,73646,1,,,0,70,,73638,1,,,0,30,,73636,1,,,0,70,,73639,1,,,0,30,,73641,1,,,0,70,,73640,1,,,0,30,,73637,1,,,0,65,,73657,1,,,0,30,,73651,1,,,0,70,,73652,1,,,0,30,,73650,1,,,0,70,,73649,1,,,0,30,,73648,1,,,0,70,,73647,1,,,0,30,,73645,1,,,0,70,,73642,1,,,0
1019,'1971',530,,73695,1,,,0,70,,73684,1,,,0,30,,73670,1,,,0,70,,73689,1,,,0,30,,73679,1,,,0,70,,73664,1,,,0,30,,73685,1,,,0,70,,73687,1,,,0,30,,73669,1,,,0,70,,73690,1,,,0,30,,73678,1,,,0,70,,73663,1,,,0,30,,73673,1,,,0,70,,73683,1,,,0,30,,73668,1,,,0,70,,73691,1,,,0,30,,73677,1,,,0,70,,73662,1,,,0,30,,73672,1,,,0,70,,73682,1,,,0,30,,73667,1,,,0,70,,73692,1,,,0,30,,73676,1,,,0,70,,73661,1,,,0,30,,73671,1,,,0,70,,73681,1,,,0,30,,73665,1,,,0,70,,73693,1,,,0,30,,73674,1,,,0,70,,73660,1,,,0,30,,73666,1,,,0,70,,73680,1,,,0,30,,73675,1,,,0,70,,73694,1,,,0,30,,73688,1,,,0,70,,73686,1,,,0
1019,'1972',600,,73696,1,,,0,100,,73697,1,,,0,100,,73698,1,,,0,100,,73699,1,,,0,100,,73700,1,,,0,100,,73701,1,,,0,100,,73702,1,,,0,100,,73703,1,,,0,100,,73704,1,,,0,100,,73705,1,,,0,100,,73706,1,,,0,100,,73707,1,,,0,100,,73708,1,,,0,100,,73709,1,,,0,100,,73710,1,,,0,100,,73711,1,,,0,100,,73712,1,,,0,100,,73713,1,,,0
1019,'1973',600,,73714,1,,,0,100,,73715,1,,,0,100,,73716,1,,,0,100,,73717,1,,,0,100,,73718,1,,,0,100,,73719,1,,,0,100,,73720,1,,,0,100,,73721,1,,,0,100,,73722,1,,,0,100,,73723,1,,,0,100,,73724,1,,,0,100,,73725,1,,,0,100,,73726,1,,,0,100,,73727,1,,,0,100,,73728,1,,,0,100,,73729,1,,,0,100,,73730,1,,,0,100,,73731,1,,,0
1029,'1912',628,,73732,51,4,,0,100,,73733,51,4,,0,100,,73734,51,4,,0,102,,73735,51,4,,0,100,,73736,51,4,,0,100,,73737,51,4,,0,100,,73738,51,4,,0,100,,73739,51,4,,0,100,,73740,51,4,,0,100,,73741,51,4,,0,100,,73742,51,4,,0,100,,73743,51,4,,0,100,,73744,51,4,,0,100,,73745,51,4,,0,100,,73746,51,4,,0,100,,73747,51,4,,0,100,,73748,51,4,,0,95,,73749,51,4,,0
1029,'1966',628,,70284,52,4,,0,30,,70296,52,4,,0,70,,70303,52,4,,0,30,,70291,52,4,,0,70,,70312,52,4,,0,30,,70300,52,4,,0,72,,70283,52,4,,0,70,,70295,52,4,,0,30,,70306,52,4,,0,70,,70290,52,4,,0,30,,70313,52,4,,0,70,,70299,52,4,,0,30,,70282,52,4,,0,70,,70294,52,4,,0,30,,70305,52,4,,0,70,,70289,52,4,,0,30,,70285,52,4,,0,70,,70298,52,4,,0,30,,70281,52,4,,0,70,,70293,52,4,,0,30,,70301,52,4,,0,70,,70288,52,4,,0,30,,70310,52,4,,0,70,,70297,52,4,,0,29,,70280,52,4,,0,71,,70292,52,4,,0,30,,70304,52,4,,0,70,,70286,52,4,,0,30,,70308,52,4,,0,70,,70307,52,4,,0,30,,70279,52,4,,0,70,,70287,52,4,,0,30,,70302,52,4,,0,70,,70311,52,4,,0,30,,70309,52,4,,0
1029,'1968',628,,59317,52,4,,0,100,,59318,52,4,,0,100,,59319,52,4,,0,102,,59320,52,4,,0,100,,59321,52,4,,0,100,,59322,52,4,,0,100,,59323,52,4,,0,100,,59324,52,4,,0,100,,59325,52,4,,0,100,,59326,52,4,,0,100,,59327,52,4,,0,100,,59328,52,4,,0,100,,59329,52,4,,0,100,,59330,52,4,,0,100,,59331,52,4,,0,100,,59332,52,4,,0,100,,59333,52,4,,0,95,,59334,52,4,,0
1029,'1970',628,,73759,51,4,,0,75,,73760,51,4,,0,32,,73780,51,4,,0,70,,73756,51,4,,0,30,,73751,51,4,,0,71,,73784,51,4,,0,30,,73754,51,4,,0,70,,73761,51,4,,0,30,,73779,51,4,,0,70,,73758,51,4,,0,30,,73750,51,4,,0,70,,73783,51,4,,0,30,,73755,51,4,,0,70,,73762,51,4,,0,30,,73778,51,4,,0,70,,73757,51,4,,0,31,,73752,51,4,,0,71,,73781,51,4,,0,32,,73753,51,4,,0,70,,73763,51,4,,0,30,,73777,51,4,,0,70,,73766,51,4,,0,29,,73765,51,4,,0,67,,73764,51,4,,0,25,,73770,51,4,,0,70,,73769,51,4,,0,30,,73768,51,4,,0,70,,73767,51,4,,0,29,,73782,51,4,,0,70,,73776,51,4,,0,30,,73775,51,4,,0,70,,73774,51,4,,0,30,,73773,51,4,,0,70,,73772,51,4,,0,25,,73771,51,4,,0
1029,'1971',628,,73790,51,4,,0,30,,73802,51,4,,0,70,,73809,51,4,,0,30,,73797,51,4,,0,70,,73818,51,4,,0,30,,73806,51,4,,0,72,,73789,51,4,,0,70,,73801,51,4,,0,30,,73812,51,4,,0,70,,73796,51,4,,0,30,,73819,51,4,,0,70,,73805,51,4,,0,30,,73788,51,4,,0,70,,73800,51,4,,0,30,,73811,51,4,,0,70,,73795,51,4,,0,30,,73791,51,4,,0,70,,73804,51,4,,0,30,,73787,51,4,,0,70,,73799,51,4,,0,30,,73807,51,4,,0,70,,73794,51,4,,0,30,,73816,51,4,,0,70,,73803,51,4,,0,29,,73786,51,4,,0,71,,73798,51,4,,0,30,,73810,51,4,,0,70,,73792,51,4,,0,30,,73814,51,4,,0,70,,73813,51,4,,0,30,,73785,51,4,,0,70,,73793,51,4,,0,30,,73808,51,4,,0,70,,73817,51,4,,0,30,,73815,51,4,,0
1029,'1972',628,,73820,51,4,,0,100,,73821,51,4,,0,100,,73822,51,4,,0,102,,73823,51,4,,0,100,,73824,51,4,,0,100,,73825,51,4,,0,100,,73826,51,4,,0,100,,73827,51,4,,0,100,,73828,51,4,,0,100,,73829,51,4,,0,100,,73830,51,4,,0,100,,73831,51,4,,0,100,,73832,51,4,,0,100,,73833,51,4,,0,100,,73834,51,4,,0,100,,73835,51,4,,0,100,,73836,51,4,,0,95,,73837,51,4,,0
1029,'1973',628,,73838,51,4,,0,100,,73839,51,4,,0,100,,73840,51,4,,0,102,,73841,51,4,,0,100,,73842,51,4,,0,100,,73843,51,4,,0,100,,73844,51,4,,0,100,,73845,51,4,,0,100,,73846,51,4,,0,100,,73847,51,4,,0,100,,73848,51,4,,0,100,,73849,51,4,,0,100,,73850,51,4,,0,100,,73851,51,4,,0,100,,73852,51,4,,0,100,,73853,51,4,,0,100,,73854,51,4,,0,95,,73855,51,4,,0
2019,'1912',645,,73883,10,,,0,70,,73860,10,,,0,30,,73864,10,,,0,70,,73876,10,,,0,30,,73871,10,,,0,70,,73861,10,,,0,30,,73865,10,,,0,70,,73877,10,,,0,30,,73872,10,,,0,70,,73862,10,,,0,30,,73866,10,,,0,70,,73878,10,,,0,30,,73873,10,,,0,70,,73863,10,,,0,30,,73867,10,,,0,70,,73879,10,,,0,30,,73874,10,,,0,70,,73858,10,,,0,30,,73868,10,,,0,70,,73880,10,,,0,30,,73875,10,,,0,70,,73856,10,,,0,30,,73869,10,,,0,70,,73881,10,,,0,100,,73857,10,,,0,100,,73882,10,,,0,100,,73859,10,,,0,100,,73870,10,,,0,99,,73884,10,,,0
2019,'1966',615,,70404,1,,,0,30,2,70411,10,,,0,70,2,70420,10,,,0,30,2,70427,10,,,0,70,2,70405,10,,,0,30,2,70412,10,,,0,70,2,70421,10,,,0,30,2,70428,10,,,0,70,,70406,10,,,0,30,,70413,10,,,0,70,,70422,10,,,0,30,,70429,10,,,0,70,,70407,10,,,0,30,,70414,10,,,0,70,,70423,10,,,0,30,,70430,10,,,0,70,,70408,10,,,0,30,,70415,10,,,0,70,,70424,10,,,0,30,,70431,10,,,0,70,,70409,10,,,0,30,,70416,10,,,0,70,,70425,10,,,0,30,,70432,10,,,0,70,,70410,10,,,0,30,,70417,10,,,0,70,,70426,10,,,0,100,,70418,10,,,0,100,,70433,10,,,0,100,,70419,10,,,0,100,,70434,10,,,0
2019,'1968',645,,70370,10,,,0,70,,70347,10,,,0,30,,70351,10,,,0,70,,70363,10,,,0,30,,70358,10,,,0,70,,70348,10,,,0,30,,70352,10,,,0,70,,70364,10,,,0,30,,70359,10,,,0,70,,70349,10,,,0,30,,70353,10,,,0,70,,70365,10,,,0,30,,70360,10,,,0,70,,70350,10,,,0,30,,70354,10,,,0,70,,70366,10,,,0,30,,70361,10,,,0,70,,70345,10,,,0,30,,70355,10,,,0,70,,70367,10,,,0,30,,70362,10,,,0,70,,70343,10,,,0,30,,70356,10,,,0,70,,70368,10,,,0,100,,70344,10,,,0,100,,70369,10,,,0,100,,70346,10,,,0,100,,70357,10,,,0,99,,70371,10,,,0
2019,'1970',442,,73916,1,0,5 2 13 14,0,173,,73885,10,,,0,30,2,73886,10,,,0,70,,73887,10,,,0,30,,73888,10,,,0,70,,73889,10,,,0,30,,73890,10,,,0,70,2,73907,10,,,0,30,2,73908,10,,,0,70,2,73909,10,,,0,30,2,73910,10,,,0,70,2,73911,10,,,0,30,2,73912,10,,,0,70,2,73913,10,,,0,30,2,73914,10,,,0,70,2,73915,10,,,0,30,2,73905,10,,,0,70,2,73906,10,,,0,30,2,73891,10,,,0,70,2,73892,10,,,0,30,2,73893,10,,,0,70,2,73894,10,,,0,30,2,73895,10,,,0,70,2,73896,10,,,0,30,3,73897,10,,,0,70,3,73898,10,,,0,30,3,73904,10,,,0,70,3,73899,10,,,0,100,3,73900,10,,,0,100,3,73901,10,,,0,100,3,73902,10,,,0,100,3,73903,10,,,0
2019,'1971',615,,73917,1,,,0,30,2,73924,10,,,0,70,2,73933,10,,,0,30,2,73940,10,,,0,70,2,73918,10,,,0,30,2,73925,10,,,0,70,2,73934,10,,,0,30,2,73941,10,,,0,70,,73919,10,,,0,30,,73926,10,,,0,70,,73935,10,,,0,30,,73942,10,,,0,70,,73920,10,,,0,30,,73927,10,,,0,70,,73936,10,,,0,30,,73943,10,,,0,70,,73921,10,,,0,30,,73928,10,,,0,70,,73937,10,,,0,30,,73944,10,,,0,70,,73922,10,,,0,30,,73929,10,,,0,70,,73938,10,,,0,30,,73945,10,,,0,70,,73923,10,,,0,30,,73930,10,,,0,70,,73939,10,,,0,100,,73931,10,,,0,100,,73946,10,,,0,100,,73932,10,,,0,100,,73947,10,,,0
2019,'1972',645,,73975,10,,,0,70,,73952,10,,,0,30,,73956,10,,,0,70,,73968,10,,,0,30,,73963,10,,,0,70,,73953,10,,,0,30,,73957,10,,,0,70,,73969,10,,,0,30,,73964,10,,,0,70,,73954,10,,,0,30,,73958,10,,,0,70,,73970,10,,,0,30,,73965,10,,,0,70,,73955,10,,,0,30,,73959,10,,,0,70,,73971,10,,,0,30,,73966,10,,,0,70,,73950,10,,,0,30,,73960,10,,,0,70,,73972,10,,,0,30,,73967,10,,,0,70,,73948,10,,,0,30,,73961,10,,,0,70,,73973,10,,,0,100,,73949,10,,,0,100,,73974,10,,,0,100,,73951,10,,,0,100,,73962,10,,,0,99,,73976,10,,,0
2019,'1973',645,,74004,10,,,0,70,,73981,10,,,0,30,,73985,10,,,0,70,,73997,10,,,0,30,,73992,10,,,0,70,,73982,10,,,0,30,,73986,10,,,0,70,,73998,10,,,0,30,,73993,10,,,0,70,,73983,10,,,0,30,,73987,10,,,0,70,,73999,10,,,0,30,,73994,10,,,0,70,,73984,10,,,0,30,,73988,10,,,0,70,,74000,10,,,0,30,,73995,10,,,0,70,,73979,10,,,0,30,,73989,10,,,0,70,,74001,10,,,0,30,,73996,10,,,0,70,,73977,10,,,0,30,,73990,10,,,0,70,,74002,10,,,0,100,,73978,10,,,0,100,,74003,10,,,0,100,,73980,10,,,0,100,,73991,10,,,0,99,,74005,10,,,0
2029,'1912',646,3,74007,46,0,39 40,0,69,,74015,46,0,39 40,0,31,,74026,46,0,39 40,0,70,,74021,46,0,39 40,0,30,,74008,46,0,39 40,0,70,,74016,46,0,39 40,0,30,,74027,46,0,39 40,0,70,,74022,46,0,39 40,0,30,,74009,46,0,39 40,0,70,,74017,46,0,39 40,0,30,,74028,46,0,39 40,0,70,,74023,46,0,39 40,0,30,,74010,46,0,39 40,0,70,,74018,46,0,39 40,0,30,,74029,46,0,39 40,0,70,,74024,46,0,39 40,0,30,,74011,46,0,39 40,0,70,,74019,46,0,39 40,0,30,,74030,46,0,39 40,0,70,,74025,46,0,39 40,0,30,,74012,46,0,39 40,0,70,,74020,46,0,39 40,0,30,,74031,46,0,39 40,0,100,,74013,46,0,39 40,0,99,,74032,46,0,39 40,0,100,,74014,46,0,39 40,0,101,,74033,46,0,39 40,0,100,,74006,46,0,39 40,0
2029,'1966',613,,70594,45,4,,0,33,3,70577,45,0,39 40,0,69,3,70584,45,0,39 40,0,31,3,70563,45,0,39 40,0,70,3,70569,45,0,39 40,0,30,3,70578,45,0,39 40,0,70,,70585,45,0,39 40,0,30,,70564,45,0,39 40,0,70,,70570,45,0,39 40,0,30,,70579,45,0,39 40,0,70,,70586,45,0,39 40,0,30,,70565,45,0,39 40,0,70,,70571,45,0,39 40,0,30,,70580,45,0,39 40,0,70,,70587,45,0,39 40,0,30,,70566,45,0,39 40,0,70,,70572,45,0,39 40,0,30,,70581,45,0,39 40,0,70,,70588,45,0,39 40,0,30,,70567,45,0,39 40,0,70,,70573,45,0,39 40,0,30,,70582,45,0,39 40,0,70,,70589,45,0,39 40,0,30,,70568,45,0,39 40,0,70,,70574,45,0,39 40,0,30,,70583,45,0,39 40,0,70,,70590,45,0,39 40,0,30,,70575,45,0,39 40,0,100,,70591,45,0,39 40,0,100,,70576,45,0,39 40,0,99,,70592,45,0,39 40,0
2029,'1968',646,3,70497,45,0,39 40,0,69,,70505,45,0,39 40,0,31,,70516,45,0,39 40,0,70,,70511,45,0,39 40,0,30,,70498,45,0,39 40,0,70,,70506,45,0,39 40,0,30,,70517,45,0,39 40,0,70,,70512,45,0,39 40,0,30,,70499,45,0,39 40,0,70,,70507,45,0,39 40,0,30,,70518,45,0,39 40,0,70,,70513,45,0,39 40,0,30,,70500,45,0,39 40,0,70,,70508,45,0,39 40,0,30,,70519,45,0,39 40,0,70,,70514,45,0,39 40,0,30,,70501,45,0,39 40,0,70,,70509,45,0,39 40,0,30,,70520,45,0,39 40,0,70,,70515,45,0,39 40,0,30,,70502,45,0,39 40,0,70,,70510,45,0,39 40,0,30,,70521,45,0,39 40,0,100,,70503,45,0,39 40,0,99,,70522,45,0,39 40,0,100,,70504,45,0,39 40,0,101,,70523,45,0,39 40,0,100,,70496,45,0,39 40,0
2029,'1970',548,,74055,34,0,39 40,0,67,2,74038,46,0,39 40,0,30,2,74039,46,0,39 40,0,72,2,74040,46,0,39 40,0,30,2,74041,46,0,39 40,0,70,,74042,46,0,39 40,0,30,,74043,46,0,39 40,0,71,2,74044,46,0,39 40,0,30,2,74045,46,0,39 40,0,70,2,74046,46,0,39 40,0,30,2,74069,46,0,39 40,0,70,2,74065,46,0,39 40,0,30,2,74071,46,0,39 40,0,70,2,74067,46,0,39 40,0,30,2,74068,46,0,39 40,0,70,2,74064,46,0,39 40,0,30,2,74070,46,0,39 40,0,70,2,74066,46,0,39 40,0,32,2,74072,46,0,39 40,0,71,2,74047,46,0,39 40,0,34,2,74048,46,0,39 40,0,70,2,74049,46,0,39 40,0,30,2,74050,46,0,39 40,0,70,2,74051,46,0,39 40,0,27,2,74052,46,0,39 40,0,66,2,74053,46,0,39 40,0,29,2,74054,46,0,39 40,0,70,2,74058,46,0,39 40,0,30,2,74059,46,0,39 40,0,99,,74060,46,0,39 40,0,100,,74061,46,0,39 40,0,100,,74057,46,0,39 40,0
2029,'1971',613,,74104,46,4,,0,33,3,74087,46,0,39 40,0,69,3,74094,46,0,39 40,0,31,3,74073,46,0,39 40,0,70,3,74079,46,0,39 40,0,30,3,74088,46,0,39 40,0,70,,74095,46,0,39 40,0,30,,74074,46,0,39 40,0,70,,74080,46,0,39 40,0,30,,74089,46,0,39 40,0,70,,74096,46,0,39 40,0,30,,74075,46,0,39 40,0,70,,74081,46,0,39 40,0,30,,74090,46,0,39 40,0,70,,74097,46,0,39 40,0,30,,74076,46,0,39 40,0,70,,74082,46,0,39 40,0,30,,74091,46,0,39 40,0,70,,74098,46,0,39 40,0,30,,74077,46,0,39 40,0,70,,74083,46,0,39 40,0,30,,74092,46,0,39 40,0,70,,74099,46,0,39 40,0,30,,74078,46,0,39 40,0,70,,74084,46,0,39 40,0,30,,74093,46,0,39 40,0,70,,74100,46,0,39 40,0,30,,74085,46,0,39 40,0,100,,74101,46,0,39 40,0,100,,74086,46,0,39 40,0,99,,74102,46,0,39 40,0
2029,'1972',646,3,74108,46,0,39 40,0,69,,74116,46,0,39 40,0,31,,74127,46,0,39 40,0,70,,74122,46,0,39 40,0,30,,74109,46,0,39 40,0,70,,74117,46,0,39 40,0,30,,74128,46,0,39 40,0,70,,74123,46,0,39 40,0,30,,74110,46,0,39 40,0,70,,74118,46,0,39 40,0,30,,74129,46,0,39 40,0,70,,74124,46,0,39 40,0,30,,74111,46,0,39 40,0,70,,74119,46,0,39 40,0,30,,74130,46,0,39 40,0,70,,74125,46,0,39 40,0,30,,74112,46,0,39 40,0,70,,74120,46,0,39 40,0,30,,74131,46,0,39 40,0,70,,74126,46,0,39 40,0,30,,74113,46,0,39 40,0,70,,74121,46,0,39 40,0,30,,74132,46,0,39 40,0,100,,74114,46,0,39 40,0,99,,74133,46,0,39 40,0,100,,74115,46,0,39 40,0,101,,74134,46,0,39 40,0,100,,74107,46,0,39 40,0
2029,'1973',646,3,74140,46,0,39 40,0,69,,74148,46,0,39 40,0,31,,74159,46,0,39 40,0,70,,74154,46,0,39 40,0,30,,74141,46,0,39 40,0,70,,74149,46,0,39 40,0,30,,74160,46,0,39 40,0,70,,74155,46,0,39 40,0,30,,74142,46,0,39 40,0,70,,74150,46,0,39 40,0,30,,74161,46,0,39 40,0,70,,74156,46,0,39 40,0,30,,74143,46,0,39 40,0,70,,74151,46,0,39 40,0,30,,74162,46,0,39 40,0,70,,74157,46,0,39 40,0,30,,74144,46,0,39 40,0,70,,74152,46,0,39 40,0,30,,74163,46,0,39 40,0,70,,74158,46,0,39 40,0,30,,74145,46,0,39 40,0,70,,74153,46,0,39 40,0,30,,74164,46,0,39 40,0,100,,74146,46,0,39 40,0,99,,74165,46,0,39 40,0,100,,74147,46,0,39 40,0,101,,74166,46,0,39 40,0,100,,74139,46,0,39 40,0
609,'1965',730,,70984,1,0,18 7,0,70,,70999,1,0,18 7,0,30,,70972,1,0,18 7,0,13,,70991,28,4,,0,70,,71000,28,4,,0,100,,70988,28,4,,0,17,,70994,1,0,18 7,0,13,,70997,28,4,,0,57,,70995,1,0,18 7,0,13,,70998,28,4,,0,30,,70996,28,4,,0,57,,70986,1,0,18 7,0,13,,71019,28,4,,0,17,,70990,1,0,18 7,0,13,,71018,28,4,,0,57,,70982,1,0,18 7,0,13,,71015,28,4,,0,17,,70987,1,0,18 7,0,70,,70981,1,0,18 7,0,30,,70976,1,0,18 7,0,70,,70973,1,0,18 7,0,100,,60114,1,0,18 7,0,143,,71010,28,4,,0,67,,71007,28,4,,0,95,,71005,28,4,,0,50,,71003,28,4,,0,45,,70985,1,0,18 7,0,154,,71002,28,4,,0,46,,70978,1,0,18 7,0,54,,71024,28,4,,0,46,,71023,1,0,18 7,0
609,'1966',626,,71081,28,4,,0,4,,71054,1,0,18 7,0,26,,71060,28,4,,0,44,,71036,1,0,18 7,0,26,,71048,28,4,,0,4,,71068,1,0,18 7,0,196,,71046,28,4,,0,4,,71067,1,0,18 7,0,24,,71073,28,4,,0,46,,71033,1,0,18 7,0,24,,71045,28,4,,0,6,,71052,1,0,18 7,0,24,,71058,28,4,,0,46,,71032,1,0,18 7,0,27,,71044,28,4,,0,3,,71066,1,0,18 7,0,27,,71072,28,4,,0,43,,71031,1,0,18 7,0,27,,71043,28,4,,0,3,,71051,1,0,18 7,0,27,,71057,28,4,,0,43,,71029,1,0,18 7,0,27,,71042,28,4,,0,3,,71050,1,0,18 7,0,27,,71071,28,4,,0,43,,71025,1,0,18 7,0,27,,71041,28,4,,0,3,,71079,1,0,18 7,0,27,,71056,28,4,,0,43,,71049,1,0,18 7,0,27,,71040,28,4,,0,3,,71027,1,0,18 7,0,27,,71070,28,4,,0,43,,71062,1,0,18 7,0,27,,71039,28,4,,0,3,,71026,1,0,18 7,0,27,,71055,28,4,,0,43,,71063,1,0,18 7,0,27,,71038,28,4,,0,3,,71028,1,0,18 7,0,27,,71077,28,4,,0,43,,71064,1,0,18 7,0,27,,71061,28,4,,0,3,,71030,1,0,18 7,0,27,,71075,28,4,,0,43,,71065,1,0,18 7,0
609,'1967',756,,71074,28,4,,0,44,,71035,1,0,18 7,0,26,,71047,28,4,,0,4,,71053,1,0,18 7,0,26,,71059,28,4,,0,44,,71034,1,0,18 7,0
609,'1970',630,,74231,1,0,18 7,0,5,,74248,28,4,,0,65,,74225,1,0,18 7,0,11,,74226,28,4,,0,32,,74224,28,4,,0,70,,74229,28,4,,0,87,,74233,1,0,18 7,0,30,,74220,1,0,18 7,0,13,,74247,28,4,,0,57,,74223,1,0,18 7,0,130,,74230,1,0,18 7,0,213,,74242,28,4,,0,70,,74243,28,4,,0,31,,74241,28,4,,0,71,,74239,28,4,,0,15,,74227,1,0,18 7,0,15,,74240,28,4,,0,70,,74238,28,4,,0,15,,74246,1,0,18 7,0,15,,74237,28,4,,0,55,,74228,1,0,18 7,0,15,,74236,28,4,,0,15,,74221,1,0,18 7,0,70,,74232,1,0,18 7,0,30,,74222,1,0,18 7,0,5,,74235,28,4,,0,66,,74244,1,0,18 7,0,153,,74234,28,4,,0,46,,74245,1,0,18 7,0
609,'1971',626,,74298,28,4,,0,4,,74274,1,0,18 7,0,26,,74279,28,4,,0,44,,74258,1,0,18 7,0,26,,74269,28,4,,0,4,,74287,1,0,18 7,0,196,,74268,28,4,,0,4,,74286,1,0,18 7,0,24,,74292,28,4,,0,46,,74257,1,0,18 7,0,24,,74267,28,4,,0,6,,74273,1,0,18 7,0,24,,74278,28,4,,0,46,,74256,1,0,18 7,0,27,,74266,28,4,,0,3,,74285,1,0,18 7,0,27,,74291,28,4,,0,43,,74255,1,0,18 7,0,27,,74265,28,4,,0,3,,74272,1,0,18 7,0,27,,74277,28,4,,0,43,,74253,1,0,18 7,0,27,,74264,28,4,,0,3,,74271,1,0,18 7,0,27,,74290,28,4,,0,43,,74249,1,0,18 7,0,27,,74263,28,4,,0,3,,74297,1,0,18 7,0,27,,74276,28,4,,0,43,,74270,1,0,18 7,0,27,,74262,28,4,,0,3,,74251,1,0,18 7,0,27,,74289,28,4,,0,43,,74281,1,0,18 7,0,27,,74261,28,4,,0,3,,74250,1,0,18 7,0,27,,74275,28,4,,0,43,,74282,1,0,18 7,0,27,,74260,28,4,,0,3,,74252,1,0,18 7,0,27,,74295,28,4,,0,43,,74283,1,0,18 7,0,27,,74280,28,4,,0,3,,74254,1,0,18 7,0,27,,74293,28,4,,0,43,,74284,1,0,18 7,0
12019,'1965',625,,61256,1,,,0,30,,61259,1,,,0,170,,61261,1,,,0,30,,61258,1,0,5 2 12,0,170,,61238,1,0,5 2 12,0,30,,61239,1,0,5 2 12,0,70,,61240,1,0,5 2 12,0,130,,61243,1,0,5 2 12,0,70,,61244,1,0,5 2 12,0,30,,61245,1,0,5 2 12,0,400,,71547,1,,,0
12019,'1970',725,,74399,1,,,0,30,,74403,1,,,0,170,,74394,1,0,5 2 12,0,30,,74395,1,0,5 2 12,0,200,,74391,1,0,5 2 12,0,70,,74392,1,0,5 2 12,0,200,,74393,1,,,0,30,,74402,1,,,0,70,,74398,1,,,0,30,,74400,1,,,0,70,,74397,1,,,0,30,,74401,1,,,0,70,,74396,1,,,0
12029,'1965',725,,61282,28,4,,0,30,,61275,28,4,,0,171,,61262,19,4,,0,30,,61263,19,4,,0,70,,61264,19,4,,0,130,,61267,19,4,,0,70,,61268,19,4,,0,30,,61269,19,4,,0,170,,61272,19,4,,0
12029,'1970',653,,74418,28,4,,0,171,,74416,28,4,,0,31,,74410,28,4,,0,201,,74404,19,4,,0,70,,74405,19,4,,0,200,,74406,19,4,,0,30,,74407,19,4,,0,101,,74412,28,4,,0,71,,74415,28,4,,0,30,,74408,28,4,,0,70,,74414,28,4,,0,30,,74409,28,4,,0,70,,74417,28,4,,0,28,,74411,28,4,,0,70,,74413,28,4,,0
16019,'1912',745,,67376,1,,,0,100,,71745,1,,,0,100,,71751,1,,,0,100,,71750,1,,,0,100,,71743,1,,,0,100,,71746,1,,,0,100,,71747,1,,,0,100,,71749,1,,,0,100,,71748,1,,,0,100,,71744,1,,,0,100,,67384,1,,,0,100,,61792,1,,,0,100,,61788,1,,,0,100,,61786,1,,,0,100,,71752,1,,,0
16019,'1959',745,,67388,1,,,0,100,,71789,1,,,0,100,,71795,1,,,0,100,,71794,1,,,0,100,,71787,1,,,0,100,,71790,1,,,0,100,,71791,1,,,0,100,,71793,1,,,0,100,,71792,1,,,0,100,,71788,1,,,0,100,,67396,1,,,0,100,,61807,1,,,0,100,,61803,1,,,0,100,,61801,1,,,0,100,,71796,1,,,0
16019,'1965',615,,71765,1,,,0,30,,71766,1,,,0,202,,71770,1,,,0,70,,71771,1,,,0,100,,71773,1,,,0,30,,71774,1,,,0,70,,71775,1,,,0,30,,71776,1,,,0,70,,71777,1,,,0,30,,71778,1,,,0,70,,71779,1,,,0,598,,71784,1,,,0,100,,71785,1,,,0,30,,71786,1,,,0,100,,71763,1,,,0,70,,71764,1,,,0
16019,'1967',615,,61772,1,,,0,30,,61768,1,,,0,70,,61776,1,,,0,30,,61760,1,,,0,70,,61774,1,,,0,30,,61755,1,,,0,70,,61753,1,,,0,30,,61750,1,,,0,70,,61761,1,,,0,30,,61771,1,,,0,70,,61765,1,,,0,30,,61773,1,,,0,70,,61757,1,,,0,30,,61775,1,,,0,70,,61752,1,,,0,30,,61763,1,,,0,70,,61762,1,,,0,30,,61766,1,,,0,70,,61767,1,,,0,30,,61751,1,,,0,70,,61759,1,,,0,30,,61769,1,,,0,70,,61754,1,,,0,30,,61758,1,,,0,70,,61764,1,,,0,30,,61778,1,,,0,70,,61770,1,,,0,30,,61777,1,,,0,70,,61756,1,,,0,30,,61780,1,,,0,100,,61779,1,,,0,70,,61749,1,,,0
16019,'1969',745,,67400,1,,,0,100,,71755,1,,,0,100,,71761,1,,,0,100,,71760,1,,,0,100,,71753,1,,,0,100,,71756,1,,,0,100,,71757,1,,,0,100,,71759,1,,,0,100,,71758,1,,,0,100,,71754,1,,,0,100,,67408,1,,,0,100,,61822,1,,,0,100,,61818,1,,,0,100,,61816,1,,,0,100,,71762,1,,,0
16019,'1970',715,,74466,1,,,0,30,,74467,1,,,0,72,,74468,1,,,0,130,,74469,1,,,0,400,,74470,1,,,0,70,,74471,1,,,0,28,,74472,1,,,0,70,,74473,1,,,0,30,,74474,1,,,0,70,,74475,1,,,0,30,,74476,1,,,0,70,,74477,1,,,0,30,,74478,1,,,0,70,,74479,1,,,0,30,,74480,1,,,0,100,,74481,1,,,0,170,,74465,1,,,0
16029,'1912',740,,67445,23,4,,0,103,,71800,23,4,,0,95,,71798,23,4,,0,106,,71803,23,4,,0,98,,71805,23,4,,0,100,,71802,23,4,,0,101,,71804,23,4,,0,100,,71797,23,4,,0,100,,71799,23,4,,0,99,,71801,23,4,,0,99,,67438,23,4,,0,100,,61917,23,4,,0,100,,61912,23,4,,0,103,,61913,23,4,,0,98,,71806,23,4,,0
16029,'1959',740,,67457,23,4,,0,103,,71843,23,4,,0,95,,71841,23,4,,0,106,,71846,23,4,,0,98,,71848,23,4,,0,100,,71845,23,4,,0,101,,71847,23,4,,0,100,,71840,23,4,,0,100,,71842,23,4,,0,99,,71844,23,4,,0,99,,67450,23,4,,0,100,,61932,23,4,,0,100,,61927,23,4,,0,103,,61928,23,4,,0,98,,71849,23,4,,0
16029,'1965',614,,71839,23,4,,0,30,,71817,23,4,,0,73,,71818,23,4,,0,38,,71819,23,4,,0,69,,71820,23,4,,0,199,,71824,23,4,,0,30,,71825,23,4,,0,100,,71827,23,4,,0,70,,71828,23,4,,0,30,,71829,23,4,,0,70,,71830,23,4,,0,30,,71831,23,4,,0,71,,71832,23,4,,0,32,,71833,23,4,,0,100,,61859,23,4,,0,488,,71836,23,4,,0,100,,71837,23,4,,0,69,,71838,23,4,,0
16029,'1967',614,,61905,23,4,,0,27,,61904,23,4,,0,70,,61888,23,4,,0,30,,61874,23,4,,0,70,,61881,23,4,,0,30,,61895,23,4,,0,70,,61889,23,4,,0,32,,61875,23,4,,0,70,,61882,23,4,,0,30,,61896,23,4,,0,70,,61890,23,4,,0,30,,61876,23,4,,0,70,,61883,23,4,,0,30,,61897,23,4,,0,72,,61891,23,4,,0,30,,61877,23,4,,0,70,,61884,23,4,,0,30,,61898,23,4,,0,70,,61892,23,4,,0,30,,61878,23,4,,0,70,,61885,23,4,,0,30,,61899,23,4,,0,69,,61893,23,4,,0,30,,61879,23,4,,0,70,,61886,23,4,,0,30,,61900,23,4,,0,69,,61894,23,4,,0,30,,61880,23,4,,0,69,,61887,23,4,,0,30,,61901,23,4,,0,100,,61902,23,4,,0,70,,61903,23,4,,0
16029,'1969',740,,67469,23,4,,0,103,,71810,23,4,,0,95,,71808,23,4,,0,106,,71813,23,4,,0,98,,71815,23,4,,0,100,,71812,23,4,,0,101,,71814,23,4,,0,100,,71807,23,4,,0,100,,71809,23,4,,0,99,,71811,23,4,,0,99,,67462,23,4,,0,100,,61947,23,4,,0,100,,61942,23,4,,0,103,,61943,23,4,,0,98,,71816,23,4,,0
16029,'1970',857,,74482,23,4,,0,70,,74483,23,4,,0,29,,74484,23,4,,0,167,,74485,23,4,,0,404,,74486,23,4,,0,101,,74487,23,4,,0,30,,74488,23,4,,0,69,,74489,23,4,,0,28,,74490,23,4,,0,69,,74491,23,4,,0,30,,74496,23,4,,0,67,,74492,23,4,,0,30,,74493,23,4,,0,70,,74494,23,4,,0,93,,74495,23,4,,0
31019,'1912',630,,74551,1,,,0,100,,74552,1,,,0,100,,74553,1,,,0,100,,74554,1,,,0,100,,74555,1,,,0,100,,74556,1,,,0,100,,74557,1,,,0,100,,74558,1,,,0,100,,74559,1,,,0,100,,74560,1,,,0,100,,74561,1,,,0,100,,74562,1,,,0,100,,74563,1,,,0,100,,74564,1,,,0,100,,74565,1,,,0,100,,74566,1,,,0,100,,74567,1,,,0,95,,74569,1,0,5 2 8 7,0
31019,'1965',730,,62420,1,,,0,70,,62403,1,,,0,130,,62395,1,,,0,70,,62408,1,,,0,30,,62419,1,,,0,170,,62413,1,,,0,30,,62394,1,,,0,70,,62409,1,,,0,130,,62398,1,,,0,100,,62396,1,,,0,100,,62417,1,,,0,300,,72076,1,,,0
31019,'1966',630,,72086,1,,,0,70,,72102,1,,,0,30,,72115,1,,,0,70,,72098,1,,,0,30,,72092,1,,,0,70,,72108,1,,,0,30,,72085,1,,,0,70,,72101,1,,,0,30,,72110,1,,,0,70,,72097,1,,,0,30,,72091,1,,,0,70,,72107,1,,,0,30,,72084,1,,,0,70,,72100,1,,,0,30,,72113,1,,,0,70,,72096,1,,,0,30,,72090,1,,,0,70,,72106,1,,,0,30,,72083,1,,,0,70,,72099,1,,,0,30,,72112,1,,,0,70,,72095,1,,,0,30,,72089,1,,,0,70,,72105,1,,,0,30,,72082,1,,,0,70,,72117,1,,,0,30,,72111,1,,,0,70,,72094,1,0,5 2 8 7,0,30,,72088,1,,,0,70,,72104,1,0,5 2 8 7,0,30,,72081,1,,,0,70,,72093,1,0,5 2 8 7,0,30,,72114,1,,,0,70,,72103,1,0,5 2 8 7,0,30,,72087,1,0,5 2 8 7,0
31019,'1968',630,,62504,1,,,0,100,,62505,1,,,0,100,,62506,1,,,0,100,,62507,1,,,0,100,,62508,1,,,0,100,,62509,1,,,0,100,,62510,1,,,0,100,,62511,1,,,0,100,,62512,1,,,0,100,,62513,1,,,0,100,,62514,1,,,0,100,,62515,1,,,0,100,,62516,1,,,0,100,,62517,1,,,0,100,,62518,1,,,0,100,,62519,1,,,0,100,,62520,1,,,0,95,,62522,1,0,5 2 8 7,0
31019,'1970',630,,74570,1,,,0,70,,74580,1,,,0,130,,74574,1,,,0,70,,74584,1,,,0,200,,74579,1,,,0,30,,74575,1,,,0,200,,74586,1,,,0,70,,74577,1,,,0,100,,74583,1,,,0,100,,74581,1,,,0,100,,74578,1,,,0,30,,74573,1,,,0,70,,74582,1,,,0,30,,74571,1,,,0,70,,74594,1,,,0,100,,74589,1,0,5 2 8 7,0,30,,74576,1,,,0,70,,74590,1,0,5 2 8 7,0,30,,74572,1,,,0,70,,74592,1,0,5 2 8 7,0,30,,74585,1,,,0,70,,74591,1,0,5 2 8 7,0,25,,74587,1,0,5 2 8 7,0
31019,'1971',630,,74600,1,,,0,70,,74616,1,,,0,30,,74629,1,,,0,70,,74612,1,,,0,30,,74606,1,,,0,70,,74622,1,,,0,30,,74599,1,,,0,70,,74615,1,,,0,30,,74624,1,,,0,70,,74611,1,,,0,30,,74605,1,,,0,70,,74621,1,,,0,30,,74598,1,,,0,70,,74614,1,,,0,30,,74627,1,,,0,70,,74610,1,,,0,30,,74604,1,,,0,70,,74620,1,,,0,30,,74597,1,,,0,70,,74613,1,,,0,30,,74626,1,,,0,70,,74609,1,,,0,30,,74603,1,,,0,70,,74619,1,,,0,30,,74596,1,,,0,70,,74631,1,,,0,30,,74625,1,,,0,70,,74608,1,0,5 2 8 7,0,30,,74602,1,,,0,70,,74618,1,0,5 2 8 7,0,30,,74595,1,,,0,70,,74607,1,0,5 2 8 7,0,30,,74628,1,,,0,70,,74617,1,0,5 2 8 7,0,30,,74601,1,0,5 2 8 7,0
31019,'1972',630,,74632,1,,,0,100,,74633,1,,,0,100,,74634,1,,,0,100,,74635,1,,,0,100,,74636,1,,,0,100,,74637,1,,,0,100,,74638,1,,,0,100,,74639,1,,,0,100,,74640,1,,,0,100,,74641,1,,,0,100,,74642,1,,,0,100,,74643,1,,,0,100,,74644,1,,,0,100,,74645,1,,,0,100,,74646,1,,,0,100,,74647,1,,,0,100,,74648,1,,,0,95,,74650,1,0,5 2 8 7,0
31019,'1973',630,,74651,1,,,0,100,,74652,1,,,0,100,,74653,1,,,0,100,,74654,1,,,0,100,,74655,1,,,0,100,,74656,1,,,0,100,,74657,1,,,0,100,,74658,1,,,0,100,,74659,1,,,0,100,,74660,1,,,0,100,,74661,1,,,0,100,,74662,1,,,0,100,,74663,1,,,0,100,,74664,1,,,0,100,,74665,1,,,0,100,,74666,1,,,0,100,,74667,1,,,0,95,,74669,1,0,5 2 8 7,0
32019,'1912',559,,74687,12,4,,0,96,,74670,42,4,,0,100,,74671,42,4,,0,100,,74672,42,4,,0,100,,74673,42,4,,0,100,,74674,42,4,,0,102,,74675,42,4,,0,100,,74676,42,4,,0,100,,74677,42,4,,0,100,,74678,42,4,,0,100,,74679,42,4,,0,100,,74680,42,4,,0,100,,74681,42,4,,0,99,,74682,42,4,,0,100,,74683,42,4,,0,100,,74684,42,4,,0,99,,74685,42,4,,0,100,,74686,42,4,,0
32019,'1965',625,,62575,12,4,,0
32019,'1966',529,,72168,12,4,,0,30,,72167,12,4,,0,70,,72150,12,4,,0,26,,72143,42,4,,0,70,,72160,42,4,,0,30,,72137,42,4,,0,70,,72154,42,4,,0,30,,72161,42,4,,0,70,,72149,42,4,,0,30,,72142,42,4,,0,72,,72159,42,4,,0,30,,72136,42,4,,0,70,,72153,42,4,,0,30,,72164,42,4,,0,70,,72148,42,4,,0,30,,72141,42,4,,0,70,,72158,42,4,,0,30,,72135,42,4,,0,70,,72152,42,4,,0,30,,72163,42,4,,0,70,,72147,42,4,,0,30,,72140,42,4,,0,70,,72157,42,4,,0,30,,72134,42,4,,0,70,,72151,42,4,,0,30,,72165,42,4,,0,70,,72146,42,4,,0,29,,72139,42,4,,0,70,,72155,42,4,,0,30,,72133,42,4,,0,70,,72145,12,4,,0,30,,72162,42,4,,0,70,,72156,12,4,,0,30,,72138,42,4,,0,70,,72144,12,4,,0,30,,72132,42,4,,0
32019,'1968',559,,62672,12,4,,0,96,,62655,42,4,,0,100,,62656,42,4,,0,100,,62657,42,4,,0,100,,62658,42,4,,0,100,,62659,42,4,,0,102,,62660,42,4,,0,100,,62661,42,4,,0,100,,62662,42,4,,0,100,,62663,42,4,,0,100,,62664,42,4,,0,100,,62665,42,4,,0,100,,62666,42,4,,0,99,,62667,42,4,,0,100,,62668,42,4,,0,100,,62669,42,4,,0,99,,62670,42,4,,0,100,,62671,42,4,,0
32019,'1970',439,,74724,12,4,,0,88,,74725,12,4,,0,30,,74723,12,4,,0,100,,74697,42,4,,0,72,,74713,42,4,,0,30,,74692,42,4,,0,69,,74708,42,4,,0,30,,74718,42,4,,0,70,,74702,42,4,,0,29,,74700,42,4,,0,70,,74712,42,4,,0,30,,74690,42,4,,0,70,,74706,42,4,,0,30,,74717,42,4,,0,70,,74704,42,4,,0,30,,74699,42,4,,0,70,,74711,42,4,,0,30,,74693,42,4,,0,70,,74705,42,4,,0,32,,74716,42,4,,0,70,,74703,42,4,,0,30,,74696,42,4,,0,70,,74710,42,4,,0,30,,74689,42,4,,0,70,,74707,42,4,,0,27,,74715,42,4,,0,71,,74701,42,4,,0,30,,74698,42,4,,0,70,,74709,42,4,,0,30,,74694,42,4,,0,69,,74719,12,4,,0,30,,74714,42,4,,0,70,,74721,12,4,,0,30,,74695,42,4,,0,70,,74720,12,4,,0,30,,74691,42,4,,0
32019,'1971',529,,74762,12,4,,0,30,,74761,12,4,,0,70,,74744,12,4,,0,26,,74737,42,4,,0,70,,74754,42,4,,0,30,,74731,42,4,,0,70,,74748,42,4,,0,30,,74755,42,4,,0,70,,74743,42,4,,0,30,,74736,42,4,,0,72,,74753,42,4,,0,30,,74730,42,4,,0,70,,74747,42,4,,0,30,,74758,42,4,,0,70,,74742,42,4,,0,30,,74735,42,4,,0,70,,74752,42,4,,0,30,,74729,42,4,,0,70,,74746,42,4,,0,30,,74757,42,4,,0,70,,74741,42,4,,0,30,,74734,42,4,,0,70,,74751,42,4,,0,30,,74728,42,4,,0,70,,74745,42,4,,0,30,,74759,42,4,,0,70,,74740,42,4,,0,29,,74733,42,4,,0,70,,74749,42,4,,0,30,,74727,42,4,,0,70,,74739,12,4,,0,30,,74756,42,4,,0,70,,74750,12,4,,0,30,,74732,42,4,,0,70,,74738,12,4,,0,30,,74726,42,4,,0
32019,'1972',559,,74780,12,4,,0,96,,74763,42,4,,0,100,,74764,42,4,,0,100,,74765,42,4,,0,100,,74766,42,4,,0,100,,74767,42,4,,0,102,,74768,42,4,,0,100,,74769,42,4,,0,100,,74770,42,4,,0,100,,74771,42,4,,0,100,,74772,42,4,,0,100,,74773,42,4,,0,100,,74774,42,4,,0,99,,74775,42,4,,0,100,,74776,42,4,,0,100,,74777,42,4,,0,99,,74778,42,4,,0,100,,74779,42,4,,0
32019,'1973',559,,74799,12,4,,0,96,,74782,42,4,,0,100,,74783,42,4,,0,100,,74784,42,4,,0,100,,74785,42,4,,0,100,,74786,42,4,,0,102,,74787,42,4,,0,100,,74788,42,4,,0,100,,74789,42,4,,0,100,,74790,42,4,,0,100,,74791,42,4,,0,100,,74792,42,4,,0,100,,74793,42,4,,0,99,,74794,42,4,,0,100,,74795,42,4,,0,100,,74796,42,4,,0,99,,74797,42,4,,0,100,,74798,42,4,,0
14000001019,'1912',2410,,65844,17,,,0,30,,70196,17,,,0,70,,75054,17,,,0,30,,65845,17,,,0,70,,70197,17,,,0
14000001019,'1959',2410,,65849,17,,,0,30,,70198,17,,,0,100,,65850,17,,,0,70,,70199,17,,,0
14000001019,'1965',2410,,65835,17,,,0,30,,73580,17,,,0,100,,65834,17,,,0,70,,73582,17,,,0
14000001019,'1966',2510,,73584,17,,,0
14000001019,'1967',2410,,65840,17,,,0,30,,73583,17,,,0,100,,65838,17,,,0,70,,73585,17,,,0
14000001019,'1968',2510,,73579,17,,,0
14000001019,'1969',2410,,65854,17,,,0,30,,70200,17,,,0,100,,65855,17,,,0,70,,70201,17,,,0
14000001019,'1970',2510,,75055,17,,,0
14000001019,'1971',2510,,75056,17,,,0
14000001019,'1972',2510,,75057,17,,,0
14000001019,'1973',2510,,75058,17,,,0
14000001029,'1912',555,,73589,33,0,18 7,0,1851,,70205,33,,,0,29,,75060,33,,,0,70,,65884,33,,,0,30,,70206,33,,,0,70,,75059,33,,,0,30,,65880,33,,,0
14000001029,'1959',555,,73605,33,0,18 7,0,1851,,70208,33,,,0,99,,65891,33,,,0,30,,70209,33,,,0,100,,65887,33,,,0
14000001029,'1965',453,,65864,33,0,18 7,0,102,,73593,33,0,18 7,0,1851,,73595,33,,,0,99,,65871,33,,,0,30,,73594,33,,,0,100,,65870,33,,,0
14000001029,'1966',555,,73600,33,0,18 7,0,1880,,73598,33,,,0,170,,73601,33,,,0
14000001029,'1967',2406,,73602,33,,,0,99,,65872,33,,,0,30,,73599,33,,,0,100,,65875,33,,,0
14000001029,'1968',2435,,73591,33,,,0,170,,73590,33,,,0
14000001029,'1969',555,,73592,33,0,18 7,0,1851,,70211,33,,,0,99,,65898,33,,,0,30,,70212,33,,,0,100,,65894,33,,,0
14000001029,'1970',2435,,75061,33,,,0,170,,75062,33,,,0
14000001029,'1971',555,,75064,33,0,18 7,0,1880,,75063,33,,,0,170,,75065,33,,,0
14000001029,'1972',2435,,75067,33,,,0,170,,75066,33,,,0
14000001029,'1973',2435,,75069,33,,,0,170,,75068,33,,,0
