12019,'1909',646,,61256,20,,,0,71,,61259,20,,,0,131,,61261,20,,,0
12019,'1957',748,,71543,20,,,0,70,,71548,20,,,0,632,,71537,20,,,0,69,,71546,20,,,0,29,,71542,20,,,0,70,,71544,20,,,0,30,,71541,20,,,0,70,,71545,20,,,0,29,,71540,20,,,0,70,,71547,20,,,0
60029,'1912',614,,62746,2,,,0,24,,62761,2,,,0,70,,62748,2,,,0,30,,62763,2,,,0,70,,62757,2,,,0,30,,62762,2,,,0,70,,62752,2,,,0,30,,62753,2,,,0,69,,62754,2,,,0,30,,62756,2,,,0,70,,62750,2,,,0,30,,62764,2,,,0,70,,62745,2,,,0,30,,62755,2,,,0,70,,62743,2,,,0,30,,62741,2,,,0,70,,62744,2,,,0,30,,62765,2,,,0,70,,62766,2,,,0,30,,62742,2,,,0,70,,62769,2,,,0,30,,62740,2,,,0,70,,62768,2,,,0,30,,62738,2,,,0,70,,62767,2,,,0,30,,62751,2,,,0,70,,62759,2,,,0,30,,62739,2,,,0,71,,62758,2,,,0,29,,62760,2,,,0,71,,62747,2,,,0,30,,62749,2,,,0
60029,'1925',614,,62775,2,,,0,24,,62772,2,,,0,70,,62781,2,,,0,30,,62780,2,,,0,70,,62776,2,,,0,30,,62771,2,,,0,70,,62779,2,,,0,30,,62782,2,,,0,69,,62796,2,,,0,30,,62773,2,,,0,70,,62777,2,,,0,30,,62790,2,,,0,70,,62783,2,,,0,30,,62785,2,,,0,70,,62786,2,,,0,30,,62794,2,,,0,70,,62795,2,,,0,30,,62770,2,,,0,70,,62784,2,,,0,30,,62793,2,,,0,70,,62778,2,,,0,30,,62792,2,,,0,70,,62774,2,,,0,30,,62791,2,,,0,70,,62799,2,,,0,30,,62789,2,,,0,70,,62798,2,,,0,30,,62788,2,,,0,71,,62797,2,,,0,30,,62787,2,,,0
602019,'1909',611,,64133,4,,,0,289,,64151,5,,,0,21,,64147,4,,,0,130,,64145,4,,,0,70,,64144,4,,,0,30,,64143,4,,,0,170,,64109,4,,,0,30,,64110,4,,,0,68,,64111,4,,,0,411,,64150,5,,,0,17,,64141,5,,,0,70,,64136,5,,,0,12,,64154,5,,,0,18,,64140,5,,,0,70,,64139,5,,,0,30,,64137,5,,,0,70,,64138,5,,,0,30,,64152,5,,,0,70,,64156,5,,,0,30,,64153,5,,,0,76,,64155,5,,,0
602019,'1910',626,,64192,4,,,0,27,,64190,5,,,0,70,,64191,5,,,0,30,,64181,5,,,0,70,,64182,5,,,0,30,,64180,5,,,0,70,,64179,5,,,0,30,,64178,5,,,0,70,,64177,5,,,0,30,,64188,5,,,0,70,,64187,5,,,0,30,,64186,5,,,0,70,,64185,5,,,0,30,,64184,5,,,0,70,,64183,5,,,0,30,,64175,5,,,0,70,,64176,5,,,0,30,,64189,5,,,0,70,,64174,5,,,0,30,,64173,5,,,0,70,,64172,5,,,0,30,,64171,5,,,0,70,,64170,5,,,0,30,,64168,5,,,0,70,,64169,5,,,0,30,,64167,5,,,0,70,,64160,5,,,0,30,,64161,5,,,0,70,,64159,5,,,0,30,,64162,5,,,0,70,,64165,5,,,0,30,,64166,5,,,0,70,,64164,5,,,0,30,,64163,5,,,0,68,,64158,5,,,0
602019,'1912',2223,,64193,5,,,0,30,,64194,5,,,0,70,,64195,5,,,0
602019,'1924',625,,64230,4,,,0,27,,64226,5,,,0,70,,64225,5,,,0,30,,64224,5,,,0,70,,64220,5,,,0,30,,64219,5,,,0,70,,64217,5,,,0,30,,64216,5,,,0,70,,64222,5,,,0,30,,64223,5,,,0,70,,64221,5,,,0,31,,64218,5,,,0,70,,64215,5,,,0,30,,64212,5,,,0,70,,64211,5,,,0,30,,64210,5,,,0,70,,64209,5,,,0,30,,64200,5,,,0,70,,64202,5,,,0,30,,64208,5,,,0,70,,64207,5,,,0,30,,64204,5,,,0,70,,64203,5,,,0,30,,64198,5,,,0,70,,64197,5,,,0,30,,64205,5,,,0,70,,64206,5,,,0,30,,64199,5,,,0,70,,64201,5,,,0,30,,64196,5,,,0,70,,64227,5,,,0,30,,64229,5,,,0,70,,64213,5,,,0,30,,64214,5,,,0,70,,64228,5,,,0
602019,'1925',2123,,64233,5,,,0,30,,64235,5,,,0,70,,64231,5,,,0,30,,64232,5,,,0,70,,64234,5,,,0
602019,'1957',951,,72931,4,,,0,70,,72930,4,,,0,200,,72932,4,,,0,30,,72929,4,,,0
