1029,'1912',623,,73732,43,,,0,100,,73733,43,,,0,100,,73734,43,,,0,101,,73735,43,,,0,101,,73736,43,,,0,100,,73737,43,,,0,100,,73738,43,,,0,100,,73739,43,,,0,100,,73740,43,,,0,100,,73741,43,,,0,100,,73742,43,,,0,100,,73743,43,,,0,100,,73744,43,,,0,100,,73745,43,,,0,100,,73746,43,,,0,100,,73747,43,,,0,100,,73748,43,,,0,95,,73749,43,,,0
1029,'1959',623,,73820,43,,,0,100,,73821,43,,,0,100,,73822,43,,,0,101,,73823,43,,,0,101,,73824,43,,,0,100,,73825,43,,,0,100,,73826,43,,,0,100,,73827,43,,,0,100,,73828,43,,,0,100,,73829,43,,,0,100,,73830,43,,,0,100,,73831,43,,,0,100,,73832,43,,,0,100,,73833,43,,,0,100,,73834,43,,,0,100,,73835,43,,,0,100,,73836,43,,,0,95,,73837,43,,,0
1029,'1967',623,,73790,43,,,0,30,,73802,43,,,0,70,,73809,43,,,0,30,,73797,43,,,0,70,,73818,43,,,0,30,,73806,43,,,0,72,,73789,43,,,0,30,,73801,43,,,0,70,,73812,43,,,0,30,,73796,43,,,0,70,,73819,43,,,0,30,,73805,43,,,0,70,,73788,43,,,0,30,,73800,43,,,0,70,,73811,43,,,0,30,,73795,43,,,0,70,,73791,43,,,0,30,,73804,43,,,0,70,,73787,43,,,0,30,,73799,43,,,0,70,,73807,43,,,0,30,,73794,43,,,0,70,,73816,43,,,0,30,,73803,43,,,0,69,,73786,43,,,0,31,,73798,43,,,0,70,,73810,43,,,0,30,,73792,43,,,0,70,,73814,43,,,0,30,,73813,43,,,0,70,,73785,43,,,0,30,,73793,43,,,0,70,,73808,43,,,0,30,,73817,43,,,0,68,,73815,43,,,0
1029,'1969',623,,73838,43,,,0,100,,73839,43,,,0,100,,73840,43,,,0,101,,73841,43,,,0,101,,73842,43,,,0,100,,73843,43,,,0,100,,73844,43,,,0,100,,73845,43,,,0,100,,73846,43,,,0,100,,73847,43,,,0,100,,73848,43,,,0,100,,73849,43,,,0,100,,73850,43,,,0,100,,73851,43,,,0,100,,73852,43,,,0,100,,73853,43,,,0,100,,73854,43,,,0,95,,73855,43,,,0
1029,'1976',623,,73759,43,,,0,35,,73760,43,,,0,72,,73780,43,,,0,70,,73756,43,,,0,30,,73751,43,,,0,71,,73784,43,,,0,30,,73754,43,,,0,70,,73761,43,,,0,30,,73779,43,,,0,70,,73758,43,,,0,30,,73750,43,,,0,70,,73783,43,,,0,30,,73755,43,,,0,70,,73762,43,,,0,30,,73778,43,,,0,70,,73757,43,,,0,30,,73752,43,,,0,71,,73781,43,,,0,32,,73753,43,,,0,70,,73763,43,,,0,30,,73777,43,,,0,70,,73766,43,,,0,30,,73765,43,,,0,67,,73764,43,,,0,25,,73770,43,,,0,30,,73769,43,,,0,70,,73768,43,,,0,30,,73767,43,,,0,69,,73782,43,,,0,30,,73776,43,,,0,70,,73775,43,,,0,30,,73774,43,,,0,70,,73773,43,,,0,30,,73772,43,,,0,65,,73771,43,,,0
1029,'1977',623,,75115,43,,,0,35,,75116,43,,,0,72,,75136,43,,,0,70,,75112,43,,,0,30,,75107,43,,,0,71,,75140,43,,,0,30,,75110,43,,,0,70,,75117,43,,,0,30,,75135,43,,,0,70,,75114,43,,,0,30,,75106,43,,,0,70,,75139,43,,,0,30,,75111,43,,,0,70,,75118,43,,,0,30,,75134,43,,,0,70,,75113,43,,,0,30,,75108,43,,,0,71,,75137,43,,,0,32,,75109,43,,,0,70,,75119,43,,,0,30,,75133,43,,,0,70,,75122,43,,,0,30,,75121,43,,,0,67,,75120,43,,,0,25,,75126,43,,,0,30,,75125,43,,,0,70,,75124,43,,,0,30,,75123,43,,,0,69,,75138,43,,,0,30,,75132,43,,,0,70,,75131,43,,,0,30,,75130,43,,,0,70,,75129,43,,,0,30,,75128,43,,,0,65,,75127,43,,,0
2029,'1912',638,,74007,38,0,39 40,0,71,,74015,38,0,39 40,0,31,,74026,38,0,39 40,0,70,,74021,38,0,39 40,0,30,,74008,38,0,39 40,0,70,,74016,38,0,39 40,0,30,,74027,38,0,39 40,0,70,,74022,38,0,39 40,0,30,,74009,38,0,39 40,0,70,,74017,38,0,39 40,0,30,,74028,38,0,39 40,0,70,,74023,38,0,39 40,0,30,,74010,38,0,39 40,0,70,,74018,38,0,39 40,0,30,,74029,38,0,39 40,0,70,,74024,38,0,39 40,0,30,,74011,38,0,39 40,0,70,,74019,38,0,39 40,0,30,,74030,38,0,39 40,0,70,,74025,38,0,39 40,0,30,,74012,38,0,39 40,0,70,,74020,38,0,39 40,0,30,,74031,38,0,39 40,0,100,,74013,38,0,39 40,0,99,,74032,38,0,39 40,0,100,,74014,38,0,39 40,0,101,,74033,38,0,39 40,0,100,,74006,38,0,39 40,0
2029,'1959',638,,74108,38,0,39 40,0,71,,74116,38,0,39 40,0,31,,74127,38,0,39 40,0,70,,74122,38,0,39 40,0,30,,74109,38,0,39 40,0,70,,74117,38,0,39 40,0,30,,74128,38,0,39 40,0,70,,74123,38,0,39 40,0,30,,74110,38,0,39 40,0,70,,74118,38,0,39 40,0,30,,74129,38,0,39 40,0,70,,74124,38,0,39 40,0,30,,74111,38,0,39 40,0,70,,74119,38,0,39 40,0,30,,74130,38,0,39 40,0,70,,74125,38,0,39 40,0,30,,74112,38,0,39 40,0,70,,74120,38,0,39 40,0,30,,74131,38,0,39 40,0,70,,74126,38,0,39 40,0,30,,74113,38,0,39 40,0,70,,74121,38,0,39 40,0,30,,74132,38,0,39 40,0,100,,74114,38,0,39 40,0,99,,74133,38,0,39 40,0,100,,74115,38,0,39 40,0,101,,74134,38,0,39 40,0,100,,74107,38,0,39 40,0
2029,'1967',608,,74104,38,0,5 2 15 16 17,0,30,,74087,38,0,39 40,0,69,,74094,38,0,39 40,0,31,,74073,38,0,39 40,0,70,,74079,38,0,39 40,0,30,,74088,38,0,39 40,0,72,,74095,38,0,39 40,0,30,,74074,38,0,39 40,0,70,,74080,38,0,39 40,0,30,,74089,38,0,39 40,0,70,,74096,38,0,39 40,0,30,,74075,38,0,39 40,0,70,,74081,38,0,39 40,0,30,,74090,38,0,39 40,0,70,,74097,38,0,39 40,0,30,,74076,38,0,39 40,0,70,,74082,38,0,39 40,0,30,,74091,38,0,39 40,0,70,,74098,38,0,39 40,0,30,,74077,38,0,39 40,0,70,,74083,38,0,39 40,0,30,,74092,38,0,39 40,0,70,,74099,38,0,39 40,0,30,,74078,38,0,39 40,0,70,,74084,38,0,39 40,0,30,,74093,38,0,39 40,0,70,,74100,38,0,39 40,0,30,,74085,38,0,39 40,0,100,,74101,38,0,39 40,0,100,,74086,38,0,39 40,0,100,,74102,38,0,39 40,0
2029,'1969',638,,74140,38,0,39 40,0,71,,74148,38,0,39 40,0,31,,74159,38,0,39 40,0,70,,74154,38,0,39 40,0,30,,74141,38,0,39 40,0,70,,74149,38,0,39 40,0,30,,74160,38,0,39 40,0,70,,74155,38,0,39 40,0,30,,74142,38,0,39 40,0,70,,74150,38,0,39 40,0,30,,74161,38,0,39 40,0,70,,74156,38,0,39 40,0,30,,74143,38,0,39 40,0,70,,74151,38,0,39 40,0,30,,74162,38,0,39 40,0,70,,74157,38,0,39 40,0,30,,74144,38,0,39 40,0,70,,74152,38,0,39 40,0,30,,74163,38,0,39 40,0,70,,74158,38,0,39 40,0,30,,74145,38,0,39 40,0,70,,74153,38,0,39 40,0,30,,74164,38,0,39 40,0,100,,74146,38,0,39 40,0,99,,74165,38,0,39 40,0,100,,74147,38,0,39 40,0,101,,74166,38,0,39 40,0,100,,74139,38,0,39 40,0
2029,'1976',543,,74055,26,0,39 40,0,65,,74038,38,0,39 40,0,30,,74039,38,0,39 40,0,72,,74040,38,0,39 40,0,30,,74041,38,0,39 40,0,71,,74042,38,0,39 40,0,30,,74043,38,0,39 40,0,70,,74044,38,0,39 40,0,30,,74045,38,0,39 40,0,70,,74046,38,0,39 40,0,30,,74069,38,0,39 40,0,70,,74065,38,0,39 40,0,30,,74071,38,0,39 40,0,70,,74067,38,0,39 40,0,30,,74068,38,0,39 40,0,70,,74064,38,0,39 40,0,30,,74070,38,0,39 40,0,70,,74066,38,0,39 40,0,31,,74072,38,0,39 40,0,71,,74047,38,0,39 40,0,34,,74048,38,0,39 40,0,70,,74049,38,0,39 40,0,30,,74050,38,0,39 40,0,70,,74051,38,0,39 40,0,28,,74052,38,0,39 40,0,66,,74053,38,0,39 40,0,29,,74054,38,0,39 40,0,70,,74058,38,0,39 40,0,30,,74059,38,0,39 40,0,100,,74060,38,0,39 40,0,100,,74061,38,0,39 40,0,100,,74057,38,0,39 40,0
2029,'1977',543,,75190,26,0,39 40,0,65,,75173,38,0,39 40,0,30,,75174,38,0,39 40,0,72,,75175,38,0,39 40,0,30,,75176,38,0,39 40,0,71,,75177,38,0,39 40,0,30,,75178,38,0,39 40,0,70,,75179,38,0,39 40,0,30,,75180,38,0,39 40,0,70,,75181,38,0,39 40,0,30,,75204,38,0,39 40,0,70,,75200,38,0,39 40,0,30,,75206,38,0,39 40,0,70,,75202,38,0,39 40,0,30,,75203,38,0,39 40,0,70,,75199,38,0,39 40,0,30,,75205,38,0,39 40,0,70,,75201,38,0,39 40,0,31,,75207,38,0,39 40,0,71,,75182,38,0,39 40,0,34,,75183,38,0,39 40,0,70,,75184,38,0,39 40,0,30,,75185,38,0,39 40,0,70,,75186,38,0,39 40,0,28,,75187,38,0,39 40,0,66,,75188,38,0,39 40,0,29,,75189,38,0,39 40,0,70,,75193,38,0,39 40,0,30,,75194,38,0,39 40,0,100,,75195,38,0,39 40,0,100,,75196,38,0,39 40,0,100,,75192,38,0,39 40,0
12029,'1976',648,,74418,20,,,0,72,,61282,20,,,0,30,,61275,20,,,0,69,,74416,20,,,0,31,,74410,20,,,0,71,,61262,11,,,0,30,,61263,11,,,0,70,,61264,11,,,0,30,,74404,11,,,0,70,,74405,11,,,0,30,,61267,11,,,0,70,,61268,11,,,0,30,,61269,11,,,0,70,,74406,11,,,0,30,,74407,11,,,0,70,,61272,11,,,0,30,,74412,20,,,0,71,,74415,20,,,0,30,,74408,20,,,0,70,,74414,20,,,0,30,,74409,20,,,0,70,,74417,20,,,0,29,,74411,20,,,0,70,,74413,20,,,0
12029,'1977',649,,75523,11,,,0,72,,75522,11,,,0,30,,75521,11,,,0,71,,75524,11,,,0,629,,75531,11,,,0,71,,75528,11,,,0,29,,75529,11,,,0,71,,75527,11,,,0,29,,75526,11,,,0,71,,75525,11,,,0,29,,75530,11,,,0,70,,75532,11,,,0
14000001029,'1912',550,,73589,25,0,18 7,0,1851,,70205,25,,,0,29,,75060,25,,,0,70,,65884,25,,,0,30,,70206,25,,,0,70,,75059,25,,,0,30,,65880,25,,,0
14000001029,'1959',550,,73605,25,0,18 7,0,1851,,70208,25,,,0,29,,75067,25,,,0,70,,65891,25,,,0,30,,70209,25,,,0,70,,75066,25,,,0,30,,65887,25,,,0
14000001029,'1967',550,,75064,25,0,18 7,0,1851,,73602,25,,,0,29,,75063,25,,,0,70,,65872,25,,,0,30,,73599,25,,,0,70,,75065,25,,,0,30,,65875,25,,,0
14000001029,'1969',550,,73592,25,0,18 7,0,1851,,70211,25,,,0,29,,75069,25,,,0,70,,65898,25,,,0,30,,70212,25,,,0,70,,75068,25,,,0,30,,65894,25,,,0
14000001029,'1976',448,,65864,25,0,18 7,0,102,,73593,25,0,18 7,0,1851,,73595,25,,,0,29,,75061,25,,,0,70,,65871,25,,,0,30,,73594,25,,,0,70,,75062,25,,,0,30,,65870,25,,,0
14000001029,'1977',448,,76525,25,0,18 7,0,102,,76526,25,0,18 7,0,1851,,76528,25,,,0,29,,76529,25,,,0,70,,76532,25,,,0,30,,76527,25,,,0,70,,76530,25,,,0,30,,76531,25,,,0
