16019,'1838',758,,45134,11,,,0,101,,45136,11,,,0,100,,42594,11,,,0,100,,45142,11,,,0,100,,45135,11,,,0,100,,45137,11,,,0,100,,45138,11,,,0,141,41,45140,11,,,0,100,41,45139,11,,,0,100,41,42583,11,,,0,59,,45141,11,,,0,100,,42592,11,,,0,99,,42588,11,,,0,100,,42586,11,,,0,100,,42595,11,,,0
16019,'1867',758,,45149,11,,,0,101,,45151,11,,,0,100,,42674,11,,,0,100,,45157,11,,,0,100,,45150,11,,,0,100,,45152,11,,,0,100,,45153,11,,,0,141,41,45155,11,,,0,100,41,45154,11,,,0,100,41,42663,11,,,0,59,,45156,11,,,0,100,,42672,11,,,0,99,,42668,11,,,0,100,,42666,11,,,0,100,,42675,11,,,0
16019,'1892',630,,42599,11,,,0,70,41,42600,11,,,0,30,,42601,11,,,0,70,41,42602,11,,,0,30,,42603,11,,,0,70,41,42604,11,,,0,30,,42605,11,,,0,100,,42607,11,,,0,70,41,42608,11,,,0,30,,45145,11,,,0,70,41,42610,11,,,0,30,,42611,11,,,0,70,41,42612,11,,,0,30,,42613,11,,,0,70,41,42614,11,,,0,30,,45146,11,,,0,70,41,42616,11,,,0,30,,42617,11,,,0,70,41,42618,11,,,0,30,,42619,11,,,0,70,41,42620,11,,,0,30,,45147,11,,,0,70,41,42622,11,,,0,100,41,42624,11,,,0,30,,42625,11,,,0,70,41,45148,11,,,0,30,,42627,11,,,0,70,41,42628,11,,,0,30,,45143,11,,,0,70,41,42597,11,,,0,30,,42598,11,,,0
16019,'1896',1000,41,49740,11,,,0,830,,49741,11,,,0
16019,'1897',630,,49745,11,,,0,70,41,49746,11,,,0,30,,49747,11,,,0,70,41,49748,11,,,0,30,,49749,11,,,0,70,41,49750,11,,,0,30,,49751,11,,,0,70,41,49752,11,,,0,30,,49753,11,,,0,70,41,49754,11,,,0,30,,49755,11,,,0,70,41,49756,11,,,0,30,,49757,11,,,0,70,41,49758,11,,,0,30,,49759,11,,,0,70,41,49760,11,,,0,30,,49761,11,,,0,70,41,49762,11,,,0,30,,49763,11,,,0,70,41,49764,11,,,0,30,,49765,11,,,0,70,41,49766,11,,,0,30,,49767,11,,,0,70,41,49768,11,,,0,30,,49769,11,,,0,70,41,49770,11,,,0,30,,49771,11,,,0,70,41,49772,11,,,0,30,,49773,11,,,0,70,41,49774,11,,,0,30,,49742,11,,,0,70,41,49743,11,,,0,30,,49744,11,,,0
16019,'1898',628,,49798,11,,,0,30,,49794,11,,,0,70,,49802,11,,,0,30,,49786,11,,,0,71,,49800,11,,,0,30,,49781,11,,,0,70,,49779,11,,,0,30,,49776,11,,,0,70,,49787,11,,,0,30,,49797,11,,,0,70,,49791,11,,,0,30,,49799,11,,,0,70,,49783,11,,,0,30,,49801,11,,,0,70,,49778,11,,,0,30,,49789,11,,,0,71,,49788,11,,,0,70,41,49792,11,,,0,30,,49793,11,,,0,70,41,49777,11,,,0,30,,49785,11,,,0,70,41,49795,11,,,0,29,,49780,11,,,0,30,,49784,11,,,0,70,,49790,11,,,0,30,,49804,11,,,0,70,,49796,11,,,0,29,,49803,11,,,0,70,,49782,11,,,0,30,,49806,11,,,0,100,,49805,11,,,0,70,,49775,11,,,0
32019,'1838',549,,38360,1,,,0,96,2,38343,31,,,0,100,7,38344,31,,,0,100,7,38345,31,,,0,99,6,38346,31,,,0,101,5,38347,31,,,0,100,4,38348,31,,,0,100,4,38349,31,,,0,100,4,38350,31,,,0,100,4,38351,31,,,0,100,4,38352,31,,,0,100,4,38353,31,,,0,100,4,38354,31,,,0,100,5,38355,31,,,0,100,5,38356,31,,,0,100,5,38357,31,,,0,100,6,38358,31,,,0,100,6,38359,31,,,0,89,,38361,31,4,,0
32019,'1867',549,,38491,1,,,0,96,2,38474,31,,,0,100,7,38475,31,,,0,100,7,38476,31,,,0,99,6,38477,31,,,0,101,5,38478,31,,,0,100,4,38479,31,,,0,100,4,38480,31,,,0,100,4,38481,31,,,0,100,4,38482,31,,,0,100,4,38483,31,,,0,100,4,38484,31,,,0,100,4,38485,31,,,0,100,5,38486,31,,,0,100,5,38487,31,,,0,100,5,38488,31,,,0,100,6,38489,31,,,0,100,6,38490,31,,,0,89,,38492,31,4,,0
32019,'1892',429,,45610,1,,,0,88,,43478,1,,,0,30,,43479,1,,,0,70,,43476,1,,,0,98,4,43467,31,,,0,30,,43446,31,,,0,70,,45609,31,,,0,30,,43472,31,,,0,70,2,43456,31,,,0,30,3,43454,31,,,0,70,3,43466,31,,,0,30,3,43444,31,,,0,70,3,45607,31,,,0,30,3,43471,31,,,0,70,3,43458,31,,,0,100,3,43465,31,,,0,30,3,43447,31,,,0,70,3,45606,31,,,0,30,,43470,31,,,0,70,,43457,31,,,0,31,,43450,31,,,0,72,3,43464,31,,,0,28,,43443,31,,,0,70,,45608,31,,,0,29,,43469,31,,,0,70,2,43455,31,,,0,30,3,43452,31,,,0,70,3,43463,31,,,0,30,5,43448,31,,,0,70,,43473,1,,,0,30,5,43468,31,,,0,70,,43475,1,,,0,30,6,43449,31,,,0,70,,43474,1,,,0,30,6,43445,31,,,0,89,,43477,31,4,,0
32019,'1896',647,2,50192,31,,,0,598,3,50193,31,,,0
32019,'1897',429,,50228,1,,,0,88,,50230,1,,,0,30,,50231,1,,,0,70,,50227,1,,,0,30,2,50202,31,,,0,68,4,50218,31,,,0,30,,50197,31,,,0,70,,50213,31,,,0,30,,50223,31,,,0,70,2,50207,31,,,0,30,3,50205,31,,,0,70,3,50217,31,,,0,30,3,50195,31,,,0,70,3,50211,31,,,0,30,3,50222,31,,,0,70,3,50209,31,,,0,30,3,50204,31,,,0,70,3,50216,31,,,0,30,3,50198,31,,,0,70,3,50210,31,,,0,30,,50221,31,,,0,70,,50208,31,,,0,31,,50201,31,,,0,72,3,50215,31,,,0,28,,50194,31,,,0,70,,50212,31,,,0,29,,50220,31,,,0,70,2,50206,31,,,0,30,3,50203,31,,,0,70,3,50214,31,,,0,30,5,50199,31,,,0,70,,50224,1,,,0,30,5,50219,31,,,0,70,,50226,1,,,0,30,6,50200,31,,,0,70,,50225,1,,,0,30,6,50196,31,,,0,89,,50229,31,4,,0
32019,'1898',519,,50267,1,,,0,30,,50268,1,,,0,70,,50250,1,,,0,26,2,50243,31,,,0,70,7,50260,31,,,0,30,7,50237,31,,,0,70,7,50254,31,,,0,30,7,50261,31,,,0,70,7,50249,31,,,0,29,6,50242,31,,,0,70,5,50259,31,,,0,31,5,50236,31,,,0,70,5,50253,31,,,0,30,4,50264,31,,,0,70,4,50248,31,,,0,30,4,50241,31,,,0,70,4,50258,31,,,0,30,4,50235,31,,,0,70,4,50252,31,,,0,30,4,50263,31,,,0,70,4,50247,31,,,0,30,4,50240,31,,,0,70,4,50257,31,,,0,30,4,50234,31,,,0,70,4,50251,31,,,0,30,4,50265,31,,,0,70,5,50246,31,,,0,30,5,50239,31,,,0,70,5,50255,31,,,0,30,5,50233,31,,,0,70,,50245,1,,,0,30,5,50262,31,,,0,70,,50256,1,,,0,30,6,50238,31,,,0,70,,50244,1,,,0,30,6,50232,31,,,0,94,,50266,31,4,,0
