14000001029,'1912',558,,73589,37,0,18 7,0,1851,,70205,37,,,0,29,,75060,37,,,0,70,,65884,37,,,0,30,,70206,37,,,0,70,,75059,37,,,0,30,,65880,37,,,0
14000001029,'1959',558,,73605,37,0,18 7,0,1851,,70208,37,,,0,99,,65891,37,,,0,30,,70209,37,,,0,100,,65887,37,,,0
14000001029,'1965',456,,65864,37,0,18 7,0,102,,73593,37,0,18 7,0,1851,,73595,37,,,0,99,,65871,37,,,0,30,,73594,37,,,0,100,,65870,37,,,0
14000001029,'1966',558,,73600,37,0,18 7,0,1880,,73598,37,,,0,170,,73601,37,,,0
14000001029,'1967',2409,,73602,37,,,0,99,,65872,37,,,0,30,,73599,37,,,0,100,,65875,37,,,0
14000001029,'1968',2438,,73591,37,,,0,170,,73590,37,,,0
14000001029,'1969',558,,73592,37,0,18 7,0,1851,,70211,37,,,0,99,,65898,37,,,0,30,,70212,37,,,0,100,,65894,37,,,0
14000001029,'1970',2438,,75061,37,,,0,170,,75062,37,,,0
14000001029,'1971',558,,75064,37,0,18 7,0,1880,,75063,37,,,0,170,,75065,37,,,0
14000001029,'1972',2438,,75067,37,,,0,170,,75066,37,,,0
14000001029,'1973',2438,,75069,37,,,0,170,,75068,37,,,0
